420 12 742 903 6 -24 0 55 51
421 12 742 903 6 -24 1 55 51
422 8 500 0 -6 -12851 1 60 0
423 8 609 0 6 -12851 1 55 0
424 8 903 0 6 -12851 0 60 0
425 8 500 0 -6 -12851 1 60 0
426 8 903 0 -24 -12851 1 55 0
427 12 609 742 -6 24 0 51 55
428 8 742 0 24 -12851 1 55 0
429 8 1100 0 -24 -12851 1 60 0
430 12 742 500 6 -24 1 55 55
431 12 903 742 -6 24 0 55 51
432 8 742 0 24 -12851 0 55 0
433 8 903 0 -6 -12851 0 60 0
434 12 742 609 -6 24 1 51 55
435 8 1100 0 -6 -12851 0 55 0
436 8 1100 0 -24 -12851 1 60 0
437 8 500 0 -6 -12851 0 60 0
438 8 609 0 6 -12851 1 60 0
439 12 500 742 -6 24 0 51 51
440 12 609 742 -6 24 1 55 55
441 8 609 0 24 -12851 1 55 0
442 12 903 742 6 -24 0 51 51
443 8 1100 0 6 -12851 1 60 0
444 8 1100 0 -6 -12851 1 55 0
445 8 742 0 -24 -12851 1 55 0
446 12 903 742 6 -24 0 55 55
447 8 1100 0 6 -12851 1 55 0
448 8 500 0 -24 -12851 1 55 0
449 12 1100 742 -6 24 0 55 55
450 8 1100 0 -24 -12851 1 55 0
451 12 609 742 -6 24 0 51 55
452 12 742 903 -6 24 0 51 55
453 12 742 500 6 -24 0 51 55
454 8 609 0 24 -12851 1 60 0
455 12 742 500 6 -24 0 51 55
456 8 500 0 -6 -12851 0 60 0
457 8 742 0 24 -12851 1 55 0
458 8 609 0 24 -12851 1 60 0
459 8 500 0 24 -12851 1 60 0
460 12 500 742 -6 24 1 55 51
461 8 742 0 24 -12851 1 60 0
462 8 903 0 6 -12851 1 55 0
463 8 609 0 -6 -12851 1 55 0
464 8 903 0 -24 -12851 1 55 0
465 12 500 742 -6 24 1 51 51
466 8 903 0 -6 -12851 1 60 0
467 8 1100 0 -24 -12851 1 55 0
468 8 1100 0 6 -12851 1 60 0
469 8 609 0 -6 -12851 1 60 0
470 12 500 742 6 -24 0 51 51
471 8 500 0 24 -12851 0 55 0
472 8 609 0 -6 -12851 0 60 0
473 12 1100 742 -6 24 0 51 55
474 8 609 0 -24 -12851 1 60 0
475 8 1100 0 6 -12851 1 60 0
476 8 903 0 24 -12851 1 60 0
477 8 500 0 24 -12851 1 55 0
478 8 500 0 -6 -12851 0 55 0
479 8 1100 0 -24 -12851 1 60 0
480 8 742 0 -24 -12851 1 60 0
481 12 1100 742 6 -24 1 55 55
482 8 742 0 -6 -12851 1 60 0
483 8 742 0 -6 -12851 1 60 0
484 12 903 742 -6 24 0 51 55
485 8 903 0 -24 -12851 1 60 0
486 12 1100 742 -6 24 1 51 55
487 12 500 742 -6 24 1 55 51
488 8 903 0 -24 -12851 1 55 0
489 8 742 0 24 -12851 1 55 0
490 8 742 0 -6 -12851 0 55 0
491 12 742 903 6 -24 0 51 51
492 8 903 0 6 -12851 0 60 0
493 8 500 0 6 -12851 1 60 0
494 12 500 742 6 -24 0 51 51
495 8 500 0 -6 -12851 1 55 0
496 12 742 1100 -6 24 0 51 55
497 8 1100 0 6 -12851 1 55 0
498 8 1100 0 24 -12851 1 60 0
499 12 903 742 6 -24 1 55 51
500 12 1100 742 -6 24 1 51 55
501 8 742 0 -24 -12851 0 55 0
502 8 500 0 6 -12851 1 55 0
503 8 1100 0 6 -12851 1 60 0
504 12 742 1100 6 -24 1 55 55
505 12 742 609 6 -24 0 51 51
506 8 609 0 -24 -12851 1 55 0
507 12 742 903 6 -24 1 55 51
508 12 742 609 -6 24 1 51 55
509 8 903 0 -24 -12851 1 60 0
510 8 742 0 -6 -12851 1 55 0
511 12 742 903 -6 24 1 51 55
512 8 609 0 -6 -12851 1 55 0
513 8 903 0 6 -12851 1 60 0
514 12 903 742 6 -24 0 55 55
515 8 609 0 6 -12851 0 60 0
516 8 1100 0 6 -12851 1 55 0
517 12 500 742 6 -24 1 55 51
518 8 1100 0 -24 -12851 1 60 0
519 8 500 0 -6 -12851 1 55 0
520 12 903 742 6 -24 1 51 51
521 8 500 0 24 -12851 0 60 0
522 12 742 500 6 -24 0 55 55
523 8 500 0 24 -12851 1 60 0
524 12 1100 742 -6 24 1 51 51
525 12 903 742 6 -24 1 51 55
526 8 742 0 -6 -12851 1 60 0
527 8 1100 0 24 -12851 1 60 0
528 8 742 0 6 -12851 1 55 0
529 8 903 0 24 -12851 1 60 0
530 8 903 0 -6 -12851 0 55 0
531 8 903 0 -24 -12851 1 60 0
532 8 1100 0 6 -12851 0 60 0
533 12 500 742 -6 24 1 55 55
534 12 903 742 -6 24 1 55 55
535 12 742 903 -6 24 1 51 55
536 8 609 0 -24 -12851 1 55 0
537 8 742 0 -6 -12851 1 55 0
538 8 609 0 24 -12851 1 55 0
539 12 742 903 6 -24 1 51 55
540 8 609 0 6 -12851 1 60 0
541 8 903 0 -6 -12851 1 60 0
542 8 903 0 -6 -12851 1 60 0
543 12 1100 742 -6 24 0 51 51
544 12 742 500 6 -24 0 51 51
545 12 609 742 6 -24 0 51 55
546 8 742 0 6 -12851 1 60 0
547 12 1100 742 6 -24 0 55 55
548 12 609 742 6 -24 1 55 55
549 8 500 0 24 -12851 1 55 0
550 8 903 0 -24 -12851 1 55 0
551 8 1100 0 -6 -12851 0 60 0
552 8 500 0 -6 -12851 1 55 0
553 12 1100 742 -6 24 0 55 51
554 12 742 903 6 -24 0 55 51
555 8 609 0 6 -12851 1 60 0
556 12 1100 742 -6 24 0 55 51
557 12 903 742 6 -24 1 55 55
558 12 500 742 6 -24 0 55 51
559 12 742 609 -6 24 0 55 51
560 12 609 742 -6 24 1 55 55
561 8 742 0 -24 -12851 0 60 0
562 8 1100 0 -24 -12851 1 60 0
563 12 609 742 -6 24 0 55 51
564 12 742 1100 -6 24 1 55 55
565 12 500 742 -6 24 1 55 55
566 12 742 500 -6 24 1 51 55
567 8 1100 0 -24 -12851 0 55 0
568 8 742 0 -24 -12851 1 55 0
569 8 500 0 6 -12851 1 55 0
570 12 903 742 6 -24 1 55 51
571 8 609 0 24 -12851 0 60 0
572 8 903 0 -6 -12851 1 60 0
573 8 609 0 6 -12851 0 55 0
574 12 903 742 6 -24 0 51 51
575 12 742 609 -6 24 0 55 55
576 8 1100 0 24 -12851 1 55 0
577 8 1100 0 -6 -12851 0 55 0
578 8 1100 0 6 -12851 1 60 0
579 12 742 609 6 -24 0 51 51
580 8 500 0 24 -12851 1 55 0
581 8 742 0 6 -12851 1 55 0
582 8 903 0 6 -12851 0 60 0
583 12 742 609 6 -24 1 55 51
584 12 742 1100 6 -24 1 51 55
585 8 742 0 -6 -12851 1 55 0
586 12 742 903 6 -24 1 51 55
587 12 742 500 -6 24 0 55 55
588 12 500 742 -6 24 1 55 51
589 12 742 609 -6 24 0 55 55
590 12 742 1100 -6 24 0 51 55
591 12 500 742 6 -24 0 55 55
592 8 742 0 -24 -12851 0 55 0
593 8 903 0 24 -12851 0 55 0
594 8 1100 0 6 -12851 1 60 0
595 8 500 0 6 -12851 1 60 0
596 12 742 609 -6 24 0 55 51
597 8 609 0 -24 -12851 0 60 0
598 12 500 742 -6 24 0 55 51
599 8 903 0 -6 -12851 0 60 0
600 12 742 500 6 -24 0 55 55
601 8 500 0 6 -12851 1 60 0
602 12 742 500 -6 24 1 55 51
603 8 609 0 -6 -12851 0 60 0
604 12 500 742 -6 24 0 55 51
605 12 742 500 -6 24 0 55 51
606 8 609 0 24 -12851 1 55 0
607 8 742 0 -24 -12851 0 60 0
608 12 742 1100 6 -24 0 55 55
609 8 742 0 6 -12851 1 55 0
610 12 742 903 -6 24 0 55 55
611 8 609 0 -6 -12851 1 55 0
612 12 1100 742 -6 24 1 51 51
613 12 500 742 6 -24 1 55 55
614 8 1100 0 -24 -12851 1 55 0
615 8 903 0 24 -12851 1 55 0
616 8 1100 0 6 -12851 1 55 0
617 8 903 0 24 -12851 1 55 0
618 8 903 0 6 -12851 1 60 0
619 12 742 609 -6 24 1 55 51
620 12 742 500 -6 24 0 51 51
621 12 742 903 6 -24 1 55 55
622 8 1100 0 -6 -12851 1 55 0
623 12 500 742 -6 24 0 55 55
624 8 500 0 -6 -12851 1 55 0
625 12 903 742 6 -24 1 51 51
626 8 500 0 -24 -12851 1 55 0
627 8 742 0 24 -12851 1 55 0
628 8 609 0 6 -12851 1 60 0
629 8 500 0 24 -12851 1 55 0
630 8 609 0 6 -12851 1 60 0
631 8 742 0 6 -12851 1 60 0
632 12 500 742 6 -24 1 51 55
633 8 500 0 6 -12851 0 55 0
634 8 500 0 -24 -12851 1 55 0
635 8 500 0 24 -12851 1 60 0
636 8 609 0 6 -12851 1 55 0
637 8 500 0 24 -12851 1 60 0
638 8 1100 0 24 -12851 1 55 0
639 12 903 742 6 -24 1 55 55
640 12 903 742 -6 24 0 55 51
641 8 1100 0 -6 -12851 1 60 0
642 8 742 0 6 -12851 1 55 0
643 8 1100 0 -24 -12851 1 60 0
644 12 742 1100 -6 24 0 55 55
645 8 742 0 -24 -12851 1 55 0
646 12 1100 742 -6 24 1 51 51
647 12 742 1100 -6 24 0 51 51
648 12 609 742 6 -24 0 55 51
649 8 609 0 24 -12851 0 60 0
650 12 742 903 -6 24 1 51 51
651 8 609 0 -24 -12851 1 55 0
652 8 742 0 24 -12851 1 55 0
653 8 903 0 24 -12851 1 55 0
654 8 903 0 -24 -12851 1 55 0
655 8 903 0 24 -12851 1 60 0
656 12 903 742 6 -24 1 51 51
657 12 742 1100 -6 24 1 55 55
658 8 903 0 6 -12851 0 55 0
659 12 1100 742 6 -24 0 51 55
660 8 903 0 -6 -12851 0 60 0
661 12 609 742 -6 24 0 51 55
662 8 500 0 24 -12851 1 60 0
663 8 1100 0 -24 -12851 1 55 0
664 8 742 0 -6 -12851 1 60 0
665 8 500 0 -6 -12851 1 55 0
666 8 500 0 -24 -12851 1 55 0
667 8 609 0 -6 -12851 1 60 0
668 12 742 903 6 -24 1 51 51
669 8 903 0 6 -12851 1 55 0
670 8 903 0 -24 -12851 1 55 0
671 8 1100 0 24 -12851 1 60 0
672 12 1100 742 6 -24 1 51 55
673 8 609 0 24 -12851 1 55 0
674 12 742 609 -6 24 1 55 55
675 8 609 0 6 -12851 1 60 0
676 12 742 903 6 -24 1 55 51
677 8 742 0 -6 -12851 1 55 0
678 8 1100 0 -6 -12851 0 55 0
679 12 742 609 6 -24 0 51 55
680 8 742 0 -6 -12851 0 60 0
681 12 903 742 -6 24 1 55 51
682 8 903 0 24 -12851 1 55 0
683 12 742 500 -6 24 1 51 55
684 8 903 0 -6 -12851 1 60 0
685 12 903 742 -6 24 0 55 51
686 8 903 0 -6 -12851 1 60 0
687 12 742 1100 6 -24 0 55 51
688 8 609 0 -6 -12851 0 55 0
689 12 500 742 -6 24 1 55 51
690 8 1100 0 6 -12851 1 60 0
691 12 903 742 -6 24 0 51 51
692 12 500 742 -6 24 1 55 55
693 8 742 0 -6 -12851 0 55 0
694 12 742 500 6 -24 0 55 55
695 8 742 0 -6 -12851 1 55 0
696 8 742 0 24 -12851 1 55 0
697 8 500 0 6 -12851 0 60 0
698 8 903 0 6 -12851 1 55 0
699 12 742 1100 6 -24 1 51 51
700 12 742 500 6 -24 0 55 51
701 12 742 903 6 -24 1 51 51
702 8 609 0 -6 -12851 1 60 0
703 12 742 1100 6 -24 0 51 55
704 12 609 742 6 -24 0 55 55
705 12 742 903 6 -24 0 51 55
706 8 500 0 -6 -12851 0 55 0
707 8 1100 0 6 -12851 0 55 0
708 12 500 742 -6 24 0 51 51
709 8 609 0 -6 -12851 1 55 0
710 8 1100 0 6 -12851 0 55 0
711 8 500 0 -24 -12851 0 60 0
712 8 903 0 6 -12851 1 60 0
713 8 903 0 -24 -12851 1 60 0
714 12 742 609 -6 24 1 51 51
715 8 1100 0 -24 -12851 1 60 0
716 8 609 0 24 -12851 1 60 0
717 8 903 0 -24 -12851 0 55 0
718 12 609 742 -6 24 1 55 51
719 8 500 0 6 -12851 1 60 0
720 8 1100 0 -6 -12851 1 60 0
721 12 1100 742 6 -24 1 51 51
722 12 742 609 6 -24 0 55 51
723 8 1100 0 -24 -12851 1 55 0
724 8 742 0 -24 -12851 1 60 0
725 8 500 0 -6 -12851 1 55 0
726 12 1100 742 -6 24 0 51 55
727 12 903 742 -6 24 0 55 55
728 12 742 1100 -6 24 1 51 51
729 8 903 0 -24 -12851 1 55 0
730 8 742 0 -6 -12851 1 60 0
731 8 742 0 6 -12851 1 55 0
732 12 742 609 6 -24 1 55 51
733 8 500 0 6 -12851 1 60 0
734 8 609 0 -6 -12851 1 55 0
735 12 903 742 6 -24 1 55 55
736 12 742 903 -6 24 0 51 55
737 12 742 500 -6 24 1 55 51
738 8 609 0 -6 -12851 1 60 0
739 8 500 0 6 -12851 1 60 0
740 8 500 0 -24 -12851 1 60 0
741 8 1100 0 24 -12851 1 55 0
742 8 609 0 6 -12851 1 60 0
743 8 1100 0 -24 -12851 1 55 0
744 8 903 0 -24 -12851 1 60 0
745 8 742 0 -6 -12851 0 60 0
746 12 742 1100 6 -24 0 55 51
747 12 742 903 6 -24 0 55 55
748 8 1100 0 -6 -12851 0 60 0
749 12 1100 742 6 -24 0 55 55
750 12 903 742 -6 24 0 51 55
751 12 742 609 -6 24 1 51 55
752 8 609 0 24 -12851 1 55 0
753 12 742 1100 6 -24 0 51 51
754 8 742 0 6 -12851 0 60 0
755 8 742 0 24 -12851 0 60 0
756 8 500 0 -6 -12851 0 55 0
757 8 609 0 -24 -12851 0 60 0
758 8 903 0 24 -12851 0 55 0
759 8 500 0 6 -12851 0 60 0
760 8 903 0 -24 -12851 0 60 0
761 8 742 0 24 -12851 0 55 0
762 8 742 0 6 -12851 0 60 0
763 12 742 609 -6 24 0 51 51
764 12 1100 742 -6 24 0 55 55
765 8 903 0 24 -12851 0 60 0
766 8 1100 0 6 -12851 0 55 0
767 8 742 0 6 -12851 0 55 0
768 8 742 0 24 -12851 0 60 0
769 8 609 0 -6 -12851 0 55 0
770 8 1100 0 24 -12851 0 60 0
771 12 742 1100 6 -24 0 55 51
772 12 609 742 -6 24 0 55 55
773 12 742 903 6 -24 0 51 51
774 8 903 0 -6 -12851 0 55 0
775 8 1100 0 -6 -12851 0 60 0
776 12 903 742 6 -24 0 51 55
777 12 1100 742 -6 24 0 51 51
778 8 500 0 -6 -12851 0 60 0
779 8 903 0 6 -12851 0 60 0
780 12 903 742 -6 24 0 55 51
781 8 500 0 -24 -12851 0 60 0
782 12 609 742 6 -24 0 51 51
783 12 903 742 -6 24 0 51 55
784 8 500 0 24 -12851 0 60 0
785 8 609 0 -24 -12851 0 60 0
786 12 742 903 6 -24 0 55 51
787 8 609 0 -24 -12851 0 60 0
788 8 742 0 6 -12851 0 60 0
789 8 742 0 -6 -12851 0 55 0
790 8 500 0 6 -12851 0 60 0
791 12 609 742 6 -24 0 51 55
792 8 742 0 6 -12851 0 60 0
793 8 1100 0 6 -12851 0 55 0
794 8 903 0 -24 -12851 0 55 0
795 8 1100 0 -6 -12851 0 55 0
796 12 903 742 6 -24 0 55 55
797 8 609 0 -24 -12851 0 60 0
798 12 742 903 -6 24 0 51 51
799 8 903 0 -24 -12851 0 60 0
800 8 609 0 24 -12851 0 55 0
801 8 609 0 -6 -12851 0 55 0
802 8 1100 0 -24 -12851 0 60 0
803 8 903 0 -6 -12851 0 55 0
804 12 742 1100 -6 24 0 55 55
805 8 742 0 6 -12851 0 60 0
806 8 500 0 -24 -12851 0 55 0
807 8 500 0 24 -12851 0 60 0
808 8 500 0 -6 -12851 0 55 0
809 8 500 0 24 -12851 0 60 0
810 8 903 0 6 -12851 0 55 0
811 12 903 742 -6 24 0 55 55
812 8 609 0 -24 -12851 0 55 0
813 12 742 500 6 -24 0 55 55
814 12 903 742 -6 24 0 55 51
815 8 500 0 6 -12851 0 55 0
816 8 903 0 -6 -12851 0 60 0
817 12 742 903 -6 24 0 55 55
818 12 903 742 6 -24 0 51 55
819 8 500 0 -24 -12851 0 55 0
820 12 609 742 6 -24 0 51 55
821 8 742 0 24 -12851 0 60 0
822 12 1100 742 -6 24 0 51 55
823 8 903 0 -6 -12851 0 55 0
824 8 609 0 -6 -12851 0 55 0
825 8 609 0 -24 -12851 0 60 0
826 8 1100 0 -6 -12851 0 60 0
827 8 1100 0 -6 -12851 0 60 0
828 8 1100 0 -6 -12851 0 60 0
829 8 742 0 24 -12851 0 60 0
830 12 742 500 -6 24 0 51 55
831 12 742 903 -6 24 0 51 55
832 12 742 903 -6 24 0 51 51
833 8 742 0 -24 -12851 0 60 0
834 12 742 609 -6 24 0 55 51
835 8 500 0 24 -12851 0 60 0
836 8 500 0 -24 -12851 0 60 0
837 8 609 0 24 -12851 0 60 0
838 8 1100 0 6 -12851 0 60 0
839 8 1100 0 24 -12851 0 60 0
840 12 903 742 -6 24 0 51 51
841 12 1100 742 6 -24 0 55 55
842 12 742 1100 -6 24 0 55 55
843 8 500 0 24 -12851 0 55 0
844 8 742 0 -6 -12851 0 55 0
845 12 742 903 -6 24 0 51 51
846 8 742 0 -24 -12851 0 55 0
847 12 500 742 6 -24 0 55 51
848 8 1100 0 24 -12851 0 55 0
849 8 500 0 24 -12851 0 60 0
850 8 742 0 -24 -12851 0 60 0
851 8 903 0 6 -12851 0 55 0
852 8 609 0 -6 -12851 0 55 0
853 8 609 0 -24 -12851 0 60 0
854 8 903 0 -24 -12851 0 60 0
855 8 903 0 -24 -12851 0 60 0
856 8 742 0 6 -12851 0 55 0
857 8 742 0 -6 -12851 0 55 0
858 8 742 0 24 -12851 0 55 0
859 8 742 0 6 -12851 0 55 0
860 8 500 0 -24 -12851 0 55 0
861 8 500 0 6 -12851 0 60 0
862 12 903 742 -6 24 0 55 55
863 8 500 0 -24 -12851 0 60 0
864 12 903 742 6 -24 0 55 51
865 12 742 1100 -6 24 0 51 51
866 12 903 742 -6 24 0 51 55
867 8 1100 0 -6 -12851 0 60 0
868 8 903 0 24 -12851 0 60 0
869 12 742 609 -6 24 0 51 51
870 12 500 742 6 -24 0 51 55
871 8 1100 0 6 -12851 0 55 0
872 8 903 0 24 -12851 0 60 0
873 8 903 0 -6 -12851 0 60 0
874 12 742 903 6 -24 0 55 51
875 8 1100 0 6 -12851 0 60 0
876 8 609 0 6 -12851 0 60 0
877 8 609 0 24 -12851 0 55 0
878 12 903 742 -6 24 0 51 51
879 12 742 903 -6 24 0 55 51
880 8 609 0 -6 -12851 0 60 0
881 8 609 0 24 -12851 0 60 0
882 8 609 0 24 -12851 0 55 0
883 8 742 0 6 -12851 0 55 0
884 12 903 742 -6 24 0 51 55
885 12 742 609 -6 24 0 55 55
886 8 742 0 -24 -12851 0 60 0
887 12 1100 742 6 -24 0 55 55
888 8 609 0 6 -12851 0 55 0
889 8 609 0 -24 -12851 0 55 0
890 12 742 609 6 -24 0 55 51
891 8 742 0 -24 -12851 0 60 0
892 12 742 500 6 -24 0 55 55
893 12 500 742 6 -24 0 51 51
894 8 903 0 24 -12851 0 55 0
895 12 609 742 -6 24 0 51 51
896 8 903 0 -24 -12851 0 60 0
897 12 742 1100 -6 24 0 55 51
898 8 500 0 -6 -12851 0 55 0
899 8 903 0 -6 -12851 0 60 0
900 8 1100 0 24 -12851 0 55 0
901 8 1100 0 24 -12851 0 55 0
902 8 500 0 -6 -12851 0 55 0
903 8 1100 0 -24 -12851 0 55 0
904 12 609 742 6 -24 0 51 55
905 12 609 742 6 -24 0 55 51
906 8 500 0 24 -12851 0 55 0
907 12 500 742 6 -24 0 55 51
908 8 1100 0 24 -12851 0 55 0
909 12 903 742 6 -24 0 51 55
910 12 742 609 6 -24 0 55 51
911 8 1100 0 -6 -12851 0 60 0
912 12 903 742 -6 24 0 51 51
913 8 1100 0 6 -12851 0 60 0
914 8 500 0 -6 -12851 0 55 0
915 8 742 0 6 -12851 0 55 0
916 8 903 0 -24 -12851 0 55 0
917 8 742 0 24 -12851 0 55 0
918 8 742 0 -6 -12851 0 60 0
919 8 903 0 -24 -12851 0 60 0
920 12 903 742 6 -24 0 55 55
921 8 1100 0 6 -12851 0 55 0
922 12 742 903 6 -24 0 55 51
923 8 500 0 24 -12851 0 60 0
924 8 609 0 24 -12851 0 55 0
925 12 742 1100 6 -24 0 51 55
926 12 500 742 -6 24 0 51 55
927 8 903 0 -24 -12851 0 55 0
928 8 500 0 24 -12851 0 60 0
929 8 609 0 6 -12851 0 60 0
930 12 609 742 6 -24 0 51 51
931 8 609 0 6 -12851 0 55 0
932 8 742 0 -24 -12851 0 55 0
933 8 742 0 -24 -12851 0 60 0
934 8 609 0 24 -12851 0 55 0
935 8 1100 0 6 -12851 0 60 0
936 12 609 742 6 -24 0 51 55
937 12 742 500 6 -24 0 55 55
938 12 742 609 6 -24 0 55 55
939 8 903 0 24 -12851 0 55 0
940 12 742 609 6 -24 0 55 51
941 8 1100 0 24 -12851 0 60 0
942 12 742 609 6 -24 0 55 51
943 8 903 0 24 -12851 0 55 0
944 12 609 742 -6 24 0 51 55
945 12 742 500 -6 24 0 55 55
946 8 903 0 6 -12851 0 60 0
947 12 500 742 -6 24 0 51 51
948 8 1100 0 6 -12851 0 55 0
949 8 500 0 -6 -12851 0 60 0
950 8 500 0 -6 -12851 0 60 0
951 12 742 1100 -6 24 0 55 55
952 12 609 742 6 -24 0 51 51
953 8 742 0 -24 -12851 0 60 0
954 8 609 0 6 -12851 0 55 0
955 8 500 0 24 -12851 0 60 0
956 8 609 0 6 -12851 0 60 0
957 8 742 0 24 -12851 0 60 0
958 8 1100 0 24 -12851 0 60 0
959 12 500 742 -6 24 0 55 51
960 8 1100 0 -6 -12851 0 60 0
961 8 609 0 -6 -12851 0 55 0
962 12 1100 742 -6 24 0 55 51
963 8 742 0 -6 -12851 0 55 0
964 8 500 0 6 -12851 0 60 0
965 12 742 609 6 -24 0 51 51
966 8 742 0 -24 -12851 0 55 0
967 12 742 1100 6 -24 0 51 51
968 12 742 903 6 -24 0 55 55
969 12 903 742 6 -24 0 51 51
970 8 609 0 6 -12851 0 55 0
971 8 500 0 -6 -12851 0 55 0
972 8 500 0 24 -12851 0 60 0
973 12 742 1100 6 -24 0 55 55
974 8 742 0 -6 -12851 0 55 0
975 8 609 0 -24 -12851 0 60 0
976 8 903 0 -6 -12851 0 60 0
977 8 903 0 -24 -12851 0 60 0
978 8 1100 0 6 -12851 0 55 0
979 8 1100 0 -24 -12851 0 60 0
980 8 903 0 24 -12851 0 60 0
981 8 500 0 24 -12851 0 60 0
982 12 742 903 6 -24 0 55 55
983 8 500 0 6 -12851 0 60 0
984 8 742 0 6 -12851 0 60 0
985 8 500 0 6 -12851 0 55 0
986 12 742 500 -6 24 0 51 55
987 8 609 0 6 -12851 0 60 0
988 8 742 0 6 -12851 0 60 0
989 12 742 500 6 -24 0 51 51
990 8 500 0 -24 -12851 0 55 0
991 12 742 500 -6 24 0 51 51
992 8 742 0 24 -12851 0 55 0
993 8 903 0 -6 -12851 0 55 0
994 8 903 0 -24 -12851 0 55 0
995 12 609 742 6 -24 0 55 51
996 8 903 0 6 -12851 0 55 0
997 8 609 0 -6 -12851 0 60 0
998 8 609 0 24 -12851 0 55 0
999 8 1100 0 6 -12851 0 55 0
1000 8 1100 0 -24 -12851 0 55 0
1001 12 609 742 6 -24 0 55 55
1002 8 1100 0 -24 -12851 0 55 0
1003 12 609 742 6 -24 0 55 55
1004 8 1100 0 24 -12851 0 55 0
1005 12 742 903 -6 24 0 51 51
1006 8 1100 0 24 -12851 0 60 0
1007 8 500 0 24 -12851 0 55 0
1008 8 1100 0 -6 -12851 0 60 0
1009 8 609 0 24 -12851 0 60 0
1010 12 1100 742 -6 24 0 51 51
1011 12 500 742 -6 24 0 51 51
1012 12 500 742 -6 24 0 55 55
1013 8 609 0 6 -12851 0 55 0
1014 8 500 0 -6 -12851 0 55 0
1015 8 1100 0 24 -12851 0 55 0
1016 8 609 0 -24 -12851 0 60 0
1017 8 903 0 6 -12851 0 55 0
1018 8 500 0 6 -12851 0 60 0
1019 8 903 0 24 -12851 0 55 0
1020 8 903 0 -24 -12851 0 55 0
1021 12 742 903 -6 24 0 51 55
1022 8 742 0 -6 -12851 0 60 0
1023 8 742 0 -24 -12851 0 55 0
1024 12 903 742 -6 24 0 51 55
1025 8 742 0 24 -12851 0 55 0
1026 12 500 742 -6 24 0 55 55
1027 12 742 500 -6 24 0 55 55
1028 8 742 0 -24 -12851 0 55 0
1029 12 742 609 6 -24 0 55 55
1030 8 742 0 6 -12851 0 60 0
1031 12 742 1100 -6 24 0 51 55
1032 8 609 0 -6 -12851 0 60 0
1033 8 903 0 -6 -12851 0 55 0
1034 12 1100 742 6 -24 0 51 55
1035 12 1100 742 6 -24 0 51 51
1036 8 742 0 -24 -12851 0 60 0
1037 12 500 742 6 -24 0 51 51
1038 12 1100 742 -6 24 0 55 51
1039 8 903 0 6 -12851 0 55 0
1040 12 903 742 6 -24 0 51 51
1041 8 742 0 -24 -12851 0 55 0
1042 12 742 903 -6 24 0 55 55
1043 8 1100 0 24 -12851 0 55 0
1044 12 1100 742 6 -24 0 51 55
1045 8 500 0 -6 -12851 0 55 0
1046 12 742 1100 -6 24 0 51 51
1047 8 500 0 -6 -12851 0 55 0
1048 8 609 0 -6 -12851 0 55 0
1049 8 1100 0 24 -12851 0 55 0
1050 8 1100 0 6 -12851 0 55 0
1051 12 742 609 -6 24 0 55 55
1052 8 609 0 -24 -12851 0 55 0
1053 8 500 0 -24 -12851 0 60 0
1054 8 903 0 -24 -12851 0 60 0
1055 8 1100 0 -6 -12851 0 55 0
1056 8 1100 0 -6 -12851 0 60 0
1057 8 1100 0 24 -12851 0 60 0
1058 8 500 0 -6 -12851 0 55 0
1059 12 1100 742 6 -24 0 55 55
1060 8 500 0 6 -12851 0 55 0
1061 12 742 500 6 -24 0 55 55
1062 12 1100 742 6 -24 0 51 51
1063 8 903 0 -6 -12851 0 55 0
1064 8 742 0 6 -12851 0 60 0
1065 12 742 500 -6 24 0 51 51
1066 8 903 0 6 -12851 0 60 0
1067 12 742 500 -6 24 0 55 55
1068 8 742 0 6 -12851 0 55 0
1069 12 500 742 6 -24 0 55 55
1070 12 742 1100 6 -24 0 55 51
1071 12 742 500 -6 24 0 51 51
1072 8 1100 0 24 -12851 0 55 0
1073 8 742 0 6 -12851 0 55 0
1074 12 500 742 -6 24 0 51 55
1075 8 903 0 24 -12851 0 55 0
1076 8 500 0 -24 -12851 0 60 0
1077 8 609 0 6 -12851 0 60 0
1078 12 742 1100 6 -24 0 55 55
1079 8 609 0 -24 -12851 0 55 0
1080 8 609 0 24 -12851 0 60 0
1081 8 500 0 -24 -12851 0 60 0
1082 12 609 742 6 -24 0 55 55
1083 12 1100 742 6 -24 0 51 51
1084 8 500 0 -24 -12851 0 55 0
1085 12 500 742 6 -24 0 51 55
1086 12 742 609 6 -24 0 51 55
1087 8 500 0 24 -12851 0 60 0
1088 12 742 903 6 -24 0 55 51
1089 8 742 0 -24 -12851 0 55 0
1090 8 903 0 24 -12851 0 60 0
1091 8 500 0 -24 -12851 0 55 0
1092 8 1100 0 24 -12851 0 55 0
1093 8 609 0 6 -12851 0 55 0
1094 8 742 0 -6 -12851 0 60 0
1095 8 609 0 6 -12851 0 60 0
1096 12 742 1100 6 -24 0 51 55
1097 8 609 0 6 -12851 0 55 0
1098 8 1100 0 -24 -12851 0 60 0
1099 8 742 0 -6 -12851 0 60 0
1100 8 903 0 24 -12851 0 55 0
1101 12 742 1100 -6 24 0 51 55
1102 8 1100 0 24 -12851 0 55 0
1103 8 903 0 24 -12851 0 55 0
1104 12 742 1100 -6 24 0 55 55
1105 12 500 742 6 -24 0 51 55
1106 12 1100 742 6 -24 0 51 55
1107 8 609 0 -24 -12851 0 60 0
1108 8 609 0 6 -12851 0 55 0
1109 8 1100 0 -6 -12851 0 60 0
1110 12 1100 742 -6 24 0 51 51
1111 8 742 0 -24 -12851 0 55 0
1112 8 903 0 -24 -12851 0 55 0
1113 12 1100 742 6 -24 0 51 55
1114 8 742 0 6 -12851 0 55 0
1115 12 903 742 -6 24 0 55 55
1116 8 903 0 24 -12851 0 55 0
1117 8 903 0 24 -12851 0 60 0
1118 12 742 903 6 -24 0 55 51
1119 8 1100 0 -24 -12851 0 55 0
1120 8 609 0 24 -12851 0 55 0
1121 8 500 0 6 -12851 0 55 0
1122 8 1100 0 -6 -12851 0 55 0
1123 8 500 0 6 -12851 0 55 0
1124 8 742 0 -24 -12851 0 55 0
1125 12 500 742 -6 24 0 55 55
1126 8 500 0 -6 -12851 0 55 0
1127 12 903 742 -6 24 0 51 51
1128 8 609 0 -6 -12851 0 60 0
1129 12 742 903 6 -24 0 55 55
1130 8 1100 0 24 -12851 0 55 0
1131 12 903 742 -6 24 0 55 51
1132 8 1100 0 -6 -12851 0 60 0
1133 12 903 742 6 -24 0 51 55
1134 8 1100 0 -24 -12851 0 55 0
1135 8 500 0 24 -12851 0 60 0
1136 12 609 742 -6 24 0 55 55
1137 8 500 0 6 -12851 0 60 0
1138 12 609 742 6 -24 0 55 51
1139 12 609 742 6 -24 0 55 51
1140 8 903 0 -6 -12851 0 55 0
1141 12 742 500 6 -24 0 51 55
1142 8 742 0 24 -12851 0 60 0
1143 8 903 0 24 -12851 0 60 0
1144 12 742 903 6 -24 0 55 55
1145 8 742 0 -24 -12851 0 55 0
1146 12 1100 742 -6 24 0 51 55
1147 8 1100 0 6 -12851 0 55 0
1148 8 742 0 6 -12851 0 55 0
1149 8 903 0 24 -12851 0 60 0
1150 8 500 0 -24 -12851 0 55 0
1151 12 742 1100 6 -24 0 51 51
1152 8 609 0 24 -12851 0 60 0
1153 8 609 0 24 -12851 0 60 0
1154 8 609 0 -6 -12851 0 60 0
1155 8 903 0 6 -12851 0 60 0
1156 8 903 0 6 -12851 0 55 0
1157 8 742 0 6 -12851 0 60 0
1158 8 500 0 -24 -12851 0 60 0
1159 12 500 742 6 -24 0 55 51
1160 8 903 0 6 -12851 0 60 0
1161 12 903 742 -6 24 0 55 51
1162 12 903 742 6 -24 0 55 51
1163 12 903 742 6 -24 0 51 51
1164 12 903 742 6 -24 0 55 51
1165 8 1100 0 -6 -12851 0 60 0
1166 12 609 742 -6 24 0 55 51
1167 12 742 500 -6 24 0 55 51
1168 8 500 0 6 -12851 0 60 0
1169 12 903 742 -6 24 0 55 55
1170 8 609 0 -6 -12851 0 60 0
1171 8 742 0 -6 -12851 0 55 0
1172 8 1100 0 24 -12851 0 60 0
1173 8 1100 0 6 -12851 0 60 0
1174 8 742 0 24 -12851 0 55 0
1175 8 500 0 6 -12851 0 55 0
1176 12 1100 742 6 -24 0 51 51
1177 8 609 0 -6 -12851 0 55 0
1178 8 903 0 -6 -12851 0 60 0
1179 12 609 742 -6 24 0 55 51
1180 8 609 0 6 -12851 0 55 0
1181 8 903 0 -24 -12851 0 60 0
1182 8 903 0 -6 -12851 0 60 0
1183 8 1100 0 6 -12851 0 60 0
1184 12 742 609 6 -24 0 51 55
1185 8 903 0 -24 -12851 0 60 0
1186 8 903 0 -6 -12851 0 55 0
1187 8 609 0 6 -12851 0 60 0
1188 8 1100 0 -6 -12851 0 55 0
1189 12 500 742 6 -24 0 51 55
1190 8 609 0 -24 -12851 0 55 0
1191 12 903 742 6 -24 0 51 55
1192 12 742 500 6 -24 0 51 51
1193 12 903 742 6 -24 0 51 55
1194 12 742 903 6 -24 0 51 51
1195 12 742 1100 -6 24 0 51 55
1196 12 742 500 6 -24 0 55 51
1197 8 1100 0 -24 -12851 0 60 0
1198 12 609 742 6 -24 0 55 51
1199 8 609 0 -24 -12851 0 60 0
1200 12 742 609 -6 24 0 55 51
1201 8 500 0 -24 -12851 0 55 0
1202 8 742 0 -6 -12851 0 55 0
1203 12 609 742 -6 24 0 55 51
1204 12 742 609 -6 24 0 55 55
1205 12 742 500 -6 24 0 55 55
1206 8 742 0 6 -12851 0 55 0
1207 8 742 0 24 -12851 0 55 0
1208 8 500 0 -24 -12851 0 55 0
1209 8 500 0 24 -12851 0 60 0
1210 8 742 0 -6 -12851 0 55 0
1211 8 742 0 -6 -12851 0 55 0
1212 8 903 0 24 -12851 0 55 0
1213 8 500 0 -6 -12851 0 55 0
1214 12 903 742 -6 24 0 51 55
1215 12 500 742 6 -24 0 55 55
1216 8 500 0 24 -12851 0 55 0
1217 8 500 0 24 -12851 0 60 0
1218 12 500 742 -6 24 0 51 55
1219 8 1100 0 -24 -12851 0 60 0
1220 8 609 0 -6 -12851 0 55 0
1221 8 903 0 24 -12851 0 55 0
1222 12 742 609 6 -24 0 51 51
1223 12 742 903 6 -24 0 55 51
1224 12 609 742 6 -24 0 51 51
1225 8 742 0 -24 -12851 0 60 0
1226 8 1100 0 6 -12851 0 60 0
1227 8 903 0 -6 -12851 0 60 0
1228 8 609 0 6 -12851 0 60 0
1229 8 742 0 -24 -12851 0 60 0
1230 8 609 0 24 -12851 0 60 0
1231 12 742 609 6 -24 0 51 51
1232 8 1100 0 -6 -12851 0 60 0
1233 12 742 1100 6 -24 0 55 55
1234 8 1100 0 -6 -12851 0 60 0
1235 12 609 742 -6 24 0 51 55
1236 8 1100 0 -6 -12851 0 55 0
1237 12 1100 742 -6 24 0 51 55
1238 12 609 742 6 -24 0 55 55
1239 12 742 903 6 -24 0 55 55
1240 12 742 903 6 -24 0 55 55
1241 12 742 903 6 -24 0 51 51
1242 8 742 0 24 -12851 0 60 0
1243 8 500 0 -6 -12851 0 55 0
1244 8 500 0 6 -12851 0 60 0
1245 8 742 0 24 -12851 0 60 0
1246 12 609 742 -6 24 0 51 55
1247 8 742 0 6 -12851 0 60 0
1248 8 609 0 -6 -12851 0 55 0
1249 12 500 742 -6 24 0 55 55
1250 8 500 0 -6 -12851 0 55 0
1251 12 742 1100 -6 24 0 51 51
1252 8 609 0 6 -12851 0 55 0
1253 8 1100 0 6 -12851 0 55 0
1254 8 609 0 -6 -12851 0 60 0
1255 8 1100 0 6 -12851 0 55 0
1256 8 903 0 24 -12851 0 55 0
1257 8 903 0 -24 -12851 0 55 0
1258 8 903 0 -6 -12851 0 60 0
1259 8 500 0 6 -12851 0 55 0
1260 12 500 742 -6 24 0 51 51
1261 8 500 0 -24 -12851 0 55 0
1262 12 742 1100 -6 24 0 55 55
1263 12 742 1100 -6 24 0 51 51
1264 8 500 0 24 -12851 0 60 0
1265 8 609 0 24 -12851 0 55 0
1266 12 609 742 6 -24 0 51 51
1267 8 1100 0 24 -12851 0 55 0
1268 12 903 742 -6 24 0 51 51
1269 8 903 0 24 -12851 0 55 0
1270 8 609 0 24 -12851 0 60 0
1271 12 742 500 -6 24 0 51 51
1272 8 1100 0 6 -12851 0 60 0
1273 8 500 0 -24 -12851 0 55 0
1274 8 1100 0 24 -12851 0 55 0
1275 8 903 0 6 -12851 0 60 0
1276 8 903 0 24 -12851 0 60 0
1277 8 742 0 24 -12851 0 55 0
1278 8 609 0 -24 -12851 0 60 0
1279 8 742 0 6 -12851 0 55 0
1280 8 742 0 6 -12851 0 55 0
1281 12 742 1100 -6 24 0 55 51
1282 12 742 1100 -6 24 0 55 55
1283 12 742 500 6 -24 0 51 51
1284 8 500 0 24 -12851 0 55 0
1285 8 500 0 -24 -12851 0 55 0
1286 8 609 0 -24 -12851 0 55 0
1287 8 609 0 6 -12851 0 60 0
1288 8 742 0 24 -12851 0 60 0
1289 8 609 0 -24 -12851 0 60 0
1290 8 903 0 24 -12851 0 60 0
1291 8 500 0 6 -12851 0 55 0
1292 12 1100 742 -6 24 0 55 51
1293 12 742 1100 6 -24 0 51 55
1294 8 1100 0 -24 -12851 0 55 0
1295 12 903 742 6 -24 0 55 51
1296 8 742 0 -6 -12851 0 55 0
1297 8 903 0 -24 -12851 0 60 0
1298 8 1100 0 24 -12851 0 55 0
1299 8 903 0 24 -12851 0 60 0
1300 12 500 742 -6 24 0 55 51
1301 12 742 609 6 -24 0 55 51
1302 8 742 0 -6 -12851 0 55 0
1303 8 500 0 6 -12851 0 60 0
1304 8 1100 0 -24 -12851 0 55 0
1305 8 500 0 -6 -12851 0 60 0
1306 12 903 742 6 -24 0 55 51
1307 8 500 0 -24 -12851 0 60 0
1308 8 742 0 -24 -12851 0 60 0
1309 12 609 742 6 -24 0 55 51
1310 8 500 0 -24 -12851 0 60 0
1311 8 609 0 -6 -12851 0 55 0
1312 8 742 0 -24 -12851 0 55 0
1313 8 500 0 -24 -12851 0 55 0
1314 12 742 1100 6 -24 0 51 55
1315 8 742 0 -24 -12851 0 60 0
1316 8 903 0 -24 -12851 0 55 0
1317 12 1100 742 -6 24 0 51 55
1318 12 609 742 6 -24 0 51 55
1319 12 500 742 6 -24 0 55 55
1320 8 903 0 -24 -12851 0 60 0
1321 8 903 0 24 -12851 0 55 0
1322 12 1100 742 6 -24 0 51 51
1323 8 609 0 6 -12851 0 60 0
1324 8 609 0 -6 -12851 0 60 0
1325 8 1100 0 -24 -12851 0 55 0
1326 12 1100 742 6 -24 0 55 55
1327 8 1100 0 -24 -12851 0 60 0
1328 8 1100 0 24 -12851 0 55 0
1329 8 903 0 6 -12851 0 60 0
1330 12 742 1100 6 -24 0 51 51
1331 8 903 0 -24 -12851 0 55 0
1332 8 742 0 24 -12851 0 60 0
1333 8 1100 0 6 -12851 0 55 0
1334 8 609 0 24 -12851 0 60 0
1335 12 500 742 6 -24 0 55 51
1336 12 500 742 -6 24 0 51 55
1337 8 903 0 6 -12851 0 60 0
1338 8 1100 0 -6 -12851 0 60 0
1339 12 742 1100 6 -24 0 55 51
1340 8 609 0 -24 -12851 0 60 0
1341 8 1100 0 -6 -12851 0 60 0
1342 8 903 0 6 -12851 0 55 0
1343 12 742 1100 -6 24 0 55 55
1344 8 500 0 -24 -12851 0 60 0
1345 12 742 500 6 -24 0 55 51
1346 12 742 609 6 -24 0 51 51
1347 12 742 500 -6 24 0 51 55
1348 8 500 0 -24 -12851 0 60 0
1349 8 500 0 24 -12851 0 60 0
1350 8 609 0 -24 -12851 0 60 0
1351 8 742 0 24 -12851 0 60 0
1352 12 500 742 -6 24 0 51 51
1353 12 742 903 -6 24 0 51 51
1354 8 742 0 -6 -12851 0 60 0
1355 8 903 0 6 -12851 0 60 0
1356 8 903 0 24 -12851 0 55 0
1357 12 742 500 -6 24 0 55 55
1358 12 903 742 -6 24 0 55 51
1359 12 500 742 -6 24 0 55 55
1360 8 903 0 -6 -12851 0 60 0
1361 8 609 0 -6 -12851 0 55 0
1362 12 742 1100 -6 24 0 51 55
1363 8 1100 0 -6 -12851 0 60 0
1364 12 742 903 -6 24 0 51 55
1365 8 742 0 -24 -12851 0 55 0
1366 8 742 0 -6 -12851 0 55 0
1367 8 742 0 24 -12851 0 60 0
1368 12 609 742 6 -24 0 51 51
1369 12 742 1100 -6 24 0 55 55
1370 8 500 0 -6 -12851 0 60 0
1371 12 609 742 -6 24 0 55 55
1372 12 903 742 6 -24 0 55 55
1373 8 903 0 -24 -12851 0 55 0
1374 8 609 0 -24 -12851 0 60 0
1375 12 500 742 -6 24 0 55 55
1376 12 742 609 -6 24 0 55 55
1377 8 500 0 6 -12851 0 60 0
1378 12 742 1100 6 -24 0 55 51
1379 8 1100 0 -24 -12851 0 60 0
1380 8 609 0 24 -12851 0 55 0
1381 8 1100 0 24 -12851 0 55 0
1382 8 500 0 -24 -12851 0 60 0
1383 8 500 0 -6 -12851 0 55 0
1384 12 742 609 6 -24 0 51 51
1385 8 500 0 6 -12851 0 60 0
1386 8 903 0 -24 -12851 0 60 0
1387 12 742 500 6 -24 0 51 55
1388 8 609 0 -6 -12851 0 60 0
1389 8 500 0 -24 -12851 0 60 0
1390 8 903 0 -24 -12851 0 55 0
1391 8 500 0 24 -12851 0 55 0
1392 12 1100 742 6 -24 0 51 55
1393 8 742 0 6 -12851 0 60 0
1394 12 500 742 6 -24 0 55 55
1395 8 903 0 6 -12851 0 55 0
1396 8 609 0 -6 -12851 0 60 0
1397 8 609 0 6 -12851 0 55 0
1398 12 903 742 6 -24 0 55 51
1399 12 903 742 -6 24 0 55 51
1400 8 1100 0 -6 -12851 0 60 0
1401 12 1100 742 -6 24 0 55 55
1402 8 1100 0 6 -12851 0 55 0
1403 8 1100 0 -6 -12851 0 55 0
1404 8 742 0 6 -12851 0 55 0
1405 8 742 0 24 -12851 0 55 0
1406 8 500 0 -6 -12851 0 55 0
1407 12 742 609 6 -24 0 51 55
1408 8 500 0 -24 -12851 0 60 0
1409 8 500 0 6 -12851 0 60 0
1410 12 742 500 -6 24 0 51 55
1411 12 742 1100 -6 24 0 51 51
1412 8 742 0 -24 -12851 0 60 0
1413 8 903 0 6 -12851 0 55 0
1414 8 500 0 24 -12851 0 60 0
1415 12 609 742 6 -24 0 55 55
1416 12 609 742 -6 24 0 55 51
1417 12 500 742 6 -24 0 51 51
1418 12 1100 742 6 -24 0 55 51
1419 12 742 903 6 -24 0 51 55
1420 8 1100 0 24 -12851 0 60 0
1421 8 609 0 24 -12851 0 55 0
1422 12 742 500 -6 24 0 55 51
1423 12 500 742 6 -24 0 51 55
1424 8 742 0 6 -12851 0 55 0
1425 12 742 500 6 -24 0 51 55
1426 12 1100 742 6 -24 0 51 51
1427 12 903 742 -6 24 0 51 51
1428 8 609 0 -24 -12851 0 60 0
1429 8 609 0 -6 -12851 0 60 0
1430 12 903 742 -6 24 0 51 51
1431 8 1100 0 -6 -12851 0 60 0
1432 8 742 0 24 -12851 0 55 0
1433 12 1100 742 -6 24 0 55 55
1434 12 1100 742 6 -24 0 51 51
1435 8 903 0 6 -12851 0 60 0
1436 8 1100 0 6 -12851 0 55 0
1437 12 742 903 6 -24 0 51 55
1438 8 903 0 24 -12851 0 60 0
1439 12 742 500 6 -24 0 55 55
1440 12 742 1100 6 -24 0 55 51
1441 8 903 0 -6 -12851 0 55 0
1442 12 742 903 -6 24 0 51 55
1443 12 903 742 6 -24 0 51 55
1444 12 609 742 -6 24 0 51 51
1445 12 742 500 -6 24 0 55 51
1446 12 742 500 6 -24 0 55 51
1447 12 1100 742 6 -24 0 51 55
1448 8 903 0 24 -12851 0 60 0
1449 12 742 1100 6 -24 0 55 55
1450 8 742 0 -6 -12851 0 60 0
1451 8 1100 0 -24 -12851 0 55 0
1452 12 1100 742 -6 24 0 51 51
1453 12 903 742 -6 24 0 55 51
1454 12 500 742 -6 24 0 51 51
1455 12 1100 742 6 -24 0 55 55
1456 12 500 742 -6 24 0 51 55
1457 12 742 609 6 -24 0 51 55
1458 12 903 742 -6 24 0 51 51
1459 12 742 609 6 -24 0 55 55
1460 12 609 742 6 -24 0 55 51
1461 8 609 0 -24 -12851 0 60 0
1462 8 903 0 -6 -12851 0 60 0
1463 12 609 742 6 -24 0 51 51
1464 8 1100 0 6 -12851 0 55 0
1465 8 609 0 24 -12851 0 60 0
1466 8 1100 0 -24 -12851 0 60 0
1467 8 903 0 6 -12851 0 60 0
1468 8 500 0 -24 -12851 0 60 0
1469 12 1100 742 6 -24 0 55 55
1470 8 500 0 -6 -12851 0 60 0
1471 8 500 0 -6 -12851 0 55 0
1472 8 609 0 24 -12851 0 55 0
1473 12 903 742 -6 24 0 55 55
1474 8 742 0 24 -12851 0 55 0
1475 12 609 742 6 -24 0 51 51
1476 8 742 0 -6 -12851 0 60 0
1477 12 1100 742 -6 24 0 51 55
1478 8 500 0 6 -12851 0 55 0
1479 12 742 500 6 -24 0 55 55
1480 8 500 0 -24 -12851 0 55 0
1481 12 742 500 6 -24 0 55 55
1482 8 500 0 24 -12851 0 60 0
1483 8 742 0 -6 -12851 0 55 0
1484 8 903 0 -24 -12851 0 60 0
1485 8 500 0 -24 -12851 0 55 0
1486 8 1100 0 24 -12851 0 60 0
1487 12 742 903 -6 24 0 51 51
1488 12 500 742 -6 24 0 51 51
1489 8 609 0 6 -12851 0 60 0
1490 12 609 742 -6 24 0 55 51
1491 8 742 0 24 -12851 0 55 0
1492 8 609 0 6 -12851 0 55 0
1493 8 609 0 -24 -12851 0 60 0
1494 8 1100 0 24 -12851 0 55 0
1495 8 742 0 -6 -12851 0 55 0
1496 8 903 0 24 -12851 0 60 0
1497 12 742 500 -6 24 0 55 55
1498 8 1100 0 -6 -12851 0 60 0
1499 8 903 0 -24 -12851 0 60 0
1500 8 903 0 -24 -12851 0 60 0
1501 8 903 0 -6 -12851 0 55 0
1502 12 1100 742 6 -24 0 51 55
1503 8 500 0 -24 -12851 0 60 0
1504 12 500 742 6 -24 0 51 55
1505 12 500 742 -6 24 0 55 55
1506 8 1100 0 -6 -12851 0 55 0
1507 12 742 903 -6 24 0 55 55
1508 12 903 742 -6 24 0 55 51
1509 8 742 0 6 -12851 0 60 0
1510 8 500 0 -24 -12851 0 60 0
1511 12 742 500 6 -24 0 51 55
1512 8 500 0 -6 -12851 0 55 0
1513 8 609 0 24 -12851 0 60 0
1514 12 742 500 -6 24 0 51 55
1515 8 903 0 6 -12851 0 55 0
1516 8 903 0 -24 -12851 0 55 0
1517 8 1100 0 24 -12851 0 60 0
1518 8 609 0 -6 -12851 0 55 0
1519 8 609 0 24 -12851 0 60 0
1520 8 742 0 -6 -12851 0 60 0
1521 8 1100 0 24 -12851 0 60 0
1522 8 742 0 -6 -12851 0 55 0
1523 12 903 742 6 -24 0 55 51
1524 8 609 0 -6 -12851 0 60 0
1525 8 609 0 -24 -12851 0 55 0
1526 8 1100 0 24 -12851 0 60 0
1527 12 903 742 -6 24 0 55 51
1528 12 742 609 6 -24 0 55 51
1529 8 742 0 -24 -12851 0 60 0
1530 12 742 903 -6 24 0 55 51
1531 12 903 742 6 -24 0 51 51
1532 8 609 0 6 -12851 0 55 0
1533 12 903 742 -6 24 0 55 55
1534 8 609 0 6 -12851 0 60 0
1535 8 1100 0 -6 -12851 0 60 0
1536 8 500 0 -24 -12851 0 60 0
1537 8 500 0 24 -12851 0 60 0
1538 8 742 0 6 -12851 0 55 0
1539 12 1100 742 -6 24 0 51 55
1540 12 903 742 6 -24 0 55 55
1541 8 903 0 -24 -12851 0 60 0
1542 8 903 0 -24 -12851 0 55 0
1543 8 903 0 6 -12851 0 55 0
1544 8 500 0 -6 -12851 0 60 0
1545 8 742 0 24 -12851 0 55 0
1546 12 742 500 6 -24 0 55 55
1547 8 1100 0 -6 -12851 0 55 0
1548 8 903 0 24 -12851 0 55 0
1549 8 903 0 6 -12851 0 60 0
1550 8 903 0 24 -12851 0 60 0
1551 12 742 1100 6 -24 0 55 55
1552 12 742 903 -6 24 0 51 55
1553 12 609 742 -6 24 0 51 51
1554 12 903 742 6 -24 0 51 51
1555 12 742 903 -6 24 0 51 55
1556 12 1100 742 -6 24 0 55 55
1557 8 1100 0 -24 -12851 0 55 0
1558 12 609 742 -6 24 0 55 51
1559 12 903 742 6 -24 0 55 55
1560 12 742 500 6 -24 0 51 55
1561 8 609 0 24 -12851 0 55 0
1562 12 742 609 -6 24 0 55 51
1563 8 903 0 -24 -12851 0 55 0
1564 8 1100 0 6 -12851 0 55 0
1565 12 742 500 6 -24 0 51 51
1566 12 742 609 6 -24 0 55 55
1567 8 1100 0 24 -12851 0 55 0
1568 8 742 0 -6 -12851 0 55 0
1569 12 742 1100 -6 24 0 55 51
1570 8 500 0 -24 -12851 0 60 0
1571 12 903 742 -6 24 0 55 55
1572 8 742 0 -24 -12851 0 60 0
1573 8 609 0 -24 -12851 0 60 0
1574 12 742 609 -6 24 0 51 55
1575 12 1100 742 -6 24 0 51 55
1576 8 742 0 -24 -12851 0 55 0
1577 12 609 742 -6 24 0 51 55
1578 12 609 742 -6 24 0 55 55
1579 12 742 500 -6 24 0 55 55
1580 12 609 742 -6 24 0 51 51
1581 8 500 0 24 -12851 0 60 0
1582 8 609 0 6 -12851 0 60 0
1583 12 500 742 -6 24 0 51 51
1584 8 500 0 -24 -12851 0 55 0
1585 8 1100 0 -6 -12851 0 55 0
1586 8 1100 0 24 -12851 0 55 0
1587 8 1100 0 -24 -12851 0 55 0
1588 8 500 0 24 -12851 0 55 0
1589 8 500 0 24 -12851 0 60 0
1590 8 903 0 24 -12851 0 55 0
1591 8 742 0 -24 -12851 0 60 0
1592 8 903 0 -24 -12851 0 60 0
1593 8 742 0 -6 -12851 0 55 0
1594 8 1100 0 24 -12851 0 55 0
1595 8 742 0 -24 -12851 0 60 0
1596 8 903 0 -6 -12851 0 55 0
1597 12 742 609 6 -24 0 55 55
1598 12 609 742 6 -24 0 55 51
1599 8 500 0 -24 -12851 0 60 0
1600 12 742 903 -6 24 0 55 51
1601 12 742 903 -6 24 0 51 55
1602 12 742 609 6 -24 0 55 51
1603 12 742 903 6 -24 0 51 55
1604 12 500 742 -6 24 0 51 55
1605 8 609 0 24 -12851 0 60 0
1606 12 742 903 6 -24 0 55 51
1607 8 609 0 -24 -12851 0 55 0
1608 8 609 0 -24 -12851 0 55 0
1609 12 742 609 6 -24 0 51 51
1610 8 500 0 -6 -12851 0 55 0
1611 8 500 0 -6 -12851 0 60 0
1612 8 609 0 24 -12851 0 60 0
1613 8 1100 0 -6 -12851 0 60 0
1614 12 742 903 -6 24 0 51 51
1615 8 1100 0 -6 -12851 0 55 0
1616 8 500 0 6 -12851 0 55 0
1617 12 500 742 6 -24 0 51 55
1618 12 1100 742 6 -24 0 51 51
1619 12 500 742 -6 24 0 55 51
1620 8 742 0 24 -12851 0 60 0
1621 12 903 742 6 -24 0 51 55
1622 12 500 742 -6 24 0 55 51
1623 12 742 500 -6 24 0 55 55
1624 12 742 903 -6 24 0 55 51
1625 8 742 0 -6 -12851 0 60 0
1626 12 500 742 6 -24 0 55 51
1627 8 1100 0 6 -12851 0 60 0
1628 8 500 0 24 -12851 0 55 0
1629 8 742 0 6 -12851 0 55 0
1630 8 903 0 -24 -12851 0 55 0
1631 12 742 609 6 -24 0 51 55
1632 8 609 0 6 -12851 0 60 0
1633 8 609 0 -24 -12851 0 60 0
1634 8 903 0 24 -12851 0 55 0
1635 8 903 0 -6 -12851 0 60 0
1636 8 742 0 -24 -12851 0 60 0
1637 12 742 903 -6 24 0 55 51
1638 8 742 0 6 -12851 0 60 0
1639 12 500 742 6 -24 0 51 51
1640 12 609 742 -6 24 0 51 51
1641 8 609 0 6 -12851 0 60 0
1642 8 903 0 -24 -12851 0 55 0
1643 8 742 0 6 -12851 0 55 0
1644 12 742 609 6 -24 0 51 51
1645 12 903 742 -6 24 0 51 55
1646 12 742 609 -6 24 0 55 51
1647 8 903 0 -6 -12851 0 55 0
1648 8 742 0 24 -12851 0 55 0
1649 8 1100 0 6 -12851 0 55 0
1650 8 500 0 -6 -12851 0 60 0
1651 8 500 0 6 -12851 0 60 0
1652 8 609 0 -24 -12851 0 60 0
1653 12 742 500 -6 24 0 51 55
1654 8 1100 0 -6 -12851 0 55 0
1655 12 1100 742 6 -24 0 51 51
1656 8 1100 0 6 -12851 0 55 0
1657 12 742 903 6 -24 0 51 55
1658 12 609 742 6 -24 0 51 55
1659 8 609 0 24 -12851 0 60 0
1660 8 500 0 6 -12851 0 55 0
1661 8 903 0 24 -12851 0 60 0
1662 8 742 0 -6 -12851 0 60 0
1663 12 609 742 -6 24 0 55 55
1664 12 742 609 6 -24 0 51 51
1665 12 742 609 6 -24 0 51 51
1666 8 742 0 6 -12851 0 60 0
1667 12 742 1100 -6 24 0 55 55
1668 8 500 0 6 -12851 0 55 0
1669 12 903 742 -6 24 0 51 55
1670 12 609 742 6 -24 0 51 51
1671 8 500 0 -24 -12851 0 55 0
1672 8 500 0 24 -12851 0 60 0
