487 8 500 0 -6 -12851 1 60 0
488 8 1100 0 24 -12851 1 60 0
489 12 609 742 -6 24 0 55 51
490 8 1100 0 -24 -12851 1 60 0
491 12 742 1100 -6 24 0 51 51
492 8 903 0 24 -12851 1 55 0
493 12 742 500 -6 24 0 51 55
494 8 1100 0 24 -12851 1 55 0
495 8 742 0 6 -12851 1 60 0
496 8 609 0 24 -12851 1 55 0
497 8 609 0 -24 -12851 1 55 0
498 12 500 742 6 -24 1 51 51
499 12 742 609 6 -24 0 55 55
500 12 742 1100 6 -24 0 51 55
501 12 742 500 6 -24 0 55 55
502 12 903 742 -6 24 1 55 55
503 12 742 903 6 -24 0 51 55
504 12 742 903 -6 24 0 55 55
505 8 609 0 -6 -12851 1 60 0
506 12 609 742 6 -24 0 51 55
507 12 742 500 -6 24 1 55 55
508 12 742 609 -6 24 0 55 51
509 12 742 500 -6 24 1 51 51
510 8 903 0 24 -12851 1 55 0
511 12 742 1100 6 -24 1 55 51
512 12 609 742 -6 24 1 51 51
513 8 742 0 -6 -12851 0 55 0
514 8 742 0 -24 -12851 1 55 0
515 8 500 0 6 -12851 1 55 0
516 8 500 0 -24 -12851 1 55 0
517 8 903 0 6 -12851 1 55 0
518 8 903 0 24 -12851 1 60 0
519 12 1100 742 -6 24 1 51 51
520 12 742 903 6 -24 1 51 55
521 8 903 0 6 -12851 1 60 0
522 8 500 0 6 -12851 1 60 0
523 8 500 0 6 -12851 1 55 0
524 12 742 500 6 -24 1 51 55
525 12 742 1100 6 -24 0 51 51
526 8 609 0 -6 -12851 0 60 0
527 8 500 0 -24 -12851 1 60 0
528 12 609 742 6 -24 1 51 51
529 12 742 903 6 -24 1 55 51
530 12 742 500 -6 24 1 51 51
531 8 609 0 24 -12851 1 60 0
532 12 742 903 6 -24 1 55 51
533 12 742 500 6 -24 1 51 51
534 8 1100 0 -6 -12851 1 60 0
535 8 609 0 24 -12851 1 60 0
536 12 500 742 -6 24 0 55 51
537 8 742 0 -6 -12851 1 55 0
538 12 1100 742 -6 24 0 55 55
539 8 1100 0 24 -12851 1 60 0
540 8 903 0 24 -12851 0 55 0
541 12 742 609 -6 24 0 55 51
542 12 742 1100 6 -24 1 55 55
543 8 742 0 24 -12851 1 60 0
544 12 742 1100 6 -24 1 55 55
545 12 742 500 6 -24 1 51 51
546 8 1100 0 -6 -12851 1 60 0
547 8 742 0 6 -12851 1 55 0
548 8 903 0 24 -12851 1 55 0
549 8 903 0 6 -12851 1 60 0
550 12 500 742 -6 24 0 55 51
551 12 1100 742 6 -24 1 51 51
552 8 609 0 -6 -12851 0 60 0
553 8 1100 0 -24 -12851 1 60 0
554 8 903 0 24 -12851 1 60 0
555 8 1100 0 6 -12851 1 60 0
556 8 500 0 -6 -12851 1 60 0
557 12 609 742 6 -24 0 51 55
558 12 500 742 6 -24 1 55 55
559 8 609 0 24 -12851 1 55 0
560 12 1100 742 -6 24 0 51 51
561 12 742 500 6 -24 1 51 51
562 12 742 1100 -6 24 0 51 51
563 12 742 903 -6 24 1 55 55
564 12 1100 742 6 -24 1 51 51
565 8 500 0 24 -12851 1 55 0
566 8 903 0 6 -12851 1 60 0
567 12 903 742 6 -24 0 55 55
568 8 609 0 24 -12851 1 55 0
569 8 500 0 -6 -12851 1 60 0
570 8 742 0 -24 -12851 1 60 0
571 12 742 1100 -6 24 0 51 51
572 8 742 0 -24 -12851 0 55 0
573 8 742 0 -6 -12851 1 55 0
574 12 1100 742 -6 24 1 55 55
575 8 1100 0 -6 -12851 1 60 0
576 12 903 742 6 -24 0 51 55
577 8 903 0 6 -12851 1 55 0
578 12 609 742 6 -24 1 55 55
579 12 742 1100 6 -24 1 51 55
580 8 903 0 -24 -12851 0 60 0
581 8 1100 0 -6 -12851 0 60 0
582 12 500 742 6 -24 0 55 51
583 8 742 0 6 -12851 0 60 0
584 8 903 0 -24 -12851 1 55 0
585 12 742 903 -6 24 0 51 51
586 12 742 903 -6 24 1 51 55
587 8 609 0 -24 -12851 1 60 0
588 12 742 903 -6 24 0 55 55
589 8 1100 0 -6 -12851 1 55 0
590 12 742 609 6 -24 1 51 51
591 8 742 0 6 -12851 1 60 0
592 12 1100 742 -6 24 0 55 55
593 12 742 609 6 -24 1 51 51
594 12 742 1100 -6 24 1 51 55
595 12 742 500 -6 24 0 55 55
596 8 500 0 24 -12851 1 60 0
597 8 500 0 -24 -12851 1 55 0
598 8 742 0 6 -12851 1 55 0
599 8 1100 0 -24 -12851 1 60 0
600 12 742 903 6 -24 0 51 51
601 12 742 903 6 -24 0 55 51
602 8 500 0 -6 -12851 0 55 0
603 8 609 0 -24 -12851 0 55 0
604 8 609 0 6 -12851 1 60 0
605 12 609 742 6 -24 1 55 55
606 12 609 742 -6 24 0 51 51
607 12 609 742 6 -24 1 55 51
608 8 903 0 -24 -12851 1 55 0
609 12 1100 742 6 -24 0 51 51
610 8 903 0 6 -12851 0 60 0
611 8 903 0 6 -12851 0 55 0
612 8 500 0 24 -12851 0 60 0
613 8 609 0 6 -12851 0 55 0
614 8 742 0 -24 -12851 0 60 0
615 12 742 609 6 -24 0 51 51
616 12 500 742 6 -24 1 51 55
617 8 609 0 24 -12851 1 60 0
618 8 609 0 -6 -12851 0 60 0
619 12 1100 742 -6 24 1 55 55
620 8 903 0 24 -12851 0 60 0
621 8 1100 0 -6 -12851 0 55 0
622 12 609 742 -6 24 0 51 51
623 12 500 742 6 -24 0 55 55
624 8 903 0 24 -12851 0 55 0
625 8 742 0 6 -12851 0 60 0
626 12 742 903 6 -24 0 55 55
627 8 1100 0 24 -12851 1 55 0
628 12 1100 742 6 -24 1 51 51
629 8 500 0 24 -12851 1 60 0
630 12 742 500 -6 24 0 55 55
631 8 742 0 6 -12851 1 55 0
632 12 742 1100 -6 24 1 51 51
633 8 500 0 6 -12851 0 60 0
634 8 1100 0 24 -12851 1 60 0
635 8 903 0 24 -12851 1 60 0
636 12 903 742 6 -24 1 55 51
637 12 609 742 -6 24 1 51 55
638 12 742 903 -6 24 1 55 55
639 12 1100 742 6 -24 0 51 55
640 12 742 903 6 -24 1 51 55
641 8 903 0 24 -12851 0 55 0
642 12 742 1100 -6 24 0 55 51
643 8 903 0 6 -12851 1 55 0
644 8 742 0 6 -12851 1 55 0
645 12 742 500 -6 24 0 55 55
646 8 903 0 -24 -12851 1 60 0
647 12 1100 742 6 -24 0 55 55
648 12 742 1100 -6 24 1 55 55
649 8 500 0 24 -12851 1 55 0
650 12 742 1100 6 -24 0 51 51
651 8 742 0 -24 -12851 1 55 0
652 8 609 0 -6 -12851 1 60 0
653 8 609 0 24 -12851 0 55 0
654 8 500 0 -24 -12851 1 55 0
655 12 742 609 -6 24 0 51 55
656 12 903 742 -6 24 0 55 51
657 8 609 0 6 -12851 1 55 0
658 8 742 0 6 -12851 1 60 0
659 8 500 0 -24 -12851 1 55 0
660 8 1100 0 -24 -12851 1 55 0
661 8 1100 0 -24 -12851 0 60 0
662 12 742 500 6 -24 1 51 55
663 8 1100 0 6 -12851 0 60 0
664 8 500 0 24 -12851 0 55 0
665 8 500 0 -6 -12851 0 60 0
666 8 500 0 6 -12851 0 60 0
667 8 609 0 6 -12851 0 55 0
668 8 903 0 6 -12851 0 55 0
669 8 609 0 -24 -12851 0 55 0
670 12 903 742 6 -24 1 51 55
671 8 903 0 -6 -12851 0 60 0
672 12 742 609 6 -24 1 55 51
673 8 742 0 6 -12851 1 60 0
674 8 903 0 -24 -12851 0 60 0
675 8 609 0 -6 -12851 0 55 0
676 12 903 742 6 -24 0 55 55
677 12 609 742 6 -24 0 55 55
678 8 1100 0 6 -12851 0 55 0
679 12 500 742 -6 24 0 51 55
680 8 1100 0 24 -12851 0 60 0
681 8 1100 0 -6 -12851 0 60 0
682 8 500 0 6 -12851 0 55 0
683 12 742 1100 -6 24 0 51 55
684 8 742 0 24 -12851 1 55 0
685 8 742 0 6 -12851 1 55 0
686 8 903 0 24 -12851 1 55 0
687 8 903 0 -24 -12851 1 60 0
688 8 609 0 6 -12851 1 60 0
689 8 1100 0 24 -12851 1 60 0
690 8 903 0 -6 -12851 0 55 0
691 12 742 1100 -6 24 1 51 51
692 12 742 1100 6 -24 0 51 51
693 8 1100 0 -6 -12851 0 55 0
694 8 500 0 -6 -12851 1 60 0
695 8 609 0 -6 -12851 0 55 0
696 8 500 0 6 -12851 0 60 0
697 12 742 609 -6 24 1 51 55
698 12 609 742 6 -24 0 55 55
699 12 742 1100 6 -24 0 51 51
700 12 742 1100 6 -24 0 51 51
701 8 903 0 6 -12851 1 55 0
702 12 1100 742 -6 24 1 55 55
703 8 609 0 24 -12851 1 55 0
704 8 500 0 -24 -12851 1 60 0
705 12 1100 742 -6 24 0 55 55
706 8 742 0 24 -12851 1 60 0
707 8 742 0 6 -12851 0 60 0
708 12 742 500 6 -24 0 51 55
709 8 742 0 24 -12851 1 60 0
710 8 1100 0 -24 -12851 1 55 0
711 8 500 0 -6 -12851 1 55 0
712 8 500 0 24 -12851 0 60 0
713 8 1100 0 24 -12851 0 55 0
714 8 500 0 6 -12851 0 55 0
715 12 500 742 6 -24 0 51 55
716 8 903 0 24 -12851 0 55 0
717 12 742 609 6 -24 0 55 51
718 8 609 0 24 -12851 0 55 0
719 8 903 0 6 -12851 0 60 0
720 8 742 0 -6 -12851 0 55 0
721 12 742 1100 -6 24 0 51 51
722 8 1100 0 -6 -12851 1 60 0
723 8 1100 0 -24 -12851 1 60 0
724 8 903 0 6 -12851 1 55 0
725 12 903 742 6 -24 1 55 55
726 8 742 0 -6 -12851 0 60 0
727 12 742 609 6 -24 0 51 51
728 8 500 0 24 -12851 0 60 0
729 12 742 1100 6 -24 1 51 51
730 8 609 0 6 -12851 0 60 0
731 12 742 903 -6 24 0 55 51
732 8 609 0 -6 -12851 0 60 0
733 8 742 0 24 -12851 0 55 0
734 12 742 500 -6 24 0 51 55
735 8 742 0 24 -12851 0 60 0
736 12 500 742 -6 24 0 51 51
737 12 1100 742 6 -24 1 55 55
738 8 742 0 24 -12851 0 60 0
739 12 500 742 -6 24 0 55 51
740 12 742 609 6 -24 0 51 51
741 8 742 0 -24 -12851 0 60 0
742 8 903 0 -24 -12851 1 55 0
743 12 742 500 6 -24 0 55 51
744 8 609 0 6 -12851 1 55 0
745 8 609 0 -24 -12851 1 55 0
746 12 742 609 6 -24 0 51 55
747 8 609 0 6 -12851 1 60 0
748 8 903 0 -24 -12851 1 60 0
749 12 742 500 -6 24 0 51 51
750 12 1100 742 6 -24 1 51 55
751 8 903 0 6 -12851 1 60 0
752 12 609 742 -6 24 1 51 55
753 12 742 1100 6 -24 0 51 51
754 8 500 0 24 -12851 1 60 0
755 8 1100 0 24 -12851 1 60 0
756 8 500 0 24 -12851 0 55 0
757 12 1100 742 6 -24 0 51 55
758 8 500 0 6 -12851 1 60 0
759 12 742 500 6 -24 0 51 51
760 8 742 0 -24 -12851 0 55 0
761 8 1100 0 24 -12851 0 55 0
762 8 1100 0 24 -12851 0 55 0
763 12 1100 742 -6 24 0 51 51
764 8 500 0 -24 -12851 0 55 0
765 12 742 500 -6 24 0 55 51
766 12 742 609 6 -24 0 51 51
767 8 500 0 -24 -12851 0 55 0
768 8 500 0 6 -12851 1 60 0
769 8 1100 0 6 -12851 1 60 0
770 8 609 0 -6 -12851 0 55 0
771 8 609 0 -24 -12851 0 60 0
772 12 742 609 6 -24 0 51 51
773 12 903 742 6 -24 0 55 55
774 8 609 0 -6 -12851 0 60 0
775 8 1100 0 6 -12851 0 60 0
776 8 742 0 -6 -12851 0 60 0
777 12 903 742 6 -24 0 51 55
778 8 742 0 6 -12851 0 55 0
779 8 1100 0 -24 -12851 0 60 0
780 12 742 500 -6 24 0 51 51
781 8 742 0 6 -12851 1 55 0
782 12 742 1100 6 -24 0 51 55
783 12 609 742 -6 24 0 55 51
784 8 500 0 24 -12851 1 55 0
785 8 903 0 -6 -12851 1 55 0
786 8 903 0 -24 -12851 1 60 0
787 8 903 0 -24 -12851 1 60 0
788 8 903 0 -24 -12851 0 55 0
789 12 742 609 6 -24 0 51 55
790 12 742 903 6 -24 1 55 51
791 12 903 742 -6 24 0 51 55
792 12 742 1100 6 -24 0 55 55
793 12 742 903 -6 24 0 55 51
794 12 1100 742 -6 24 0 55 55
795 12 742 903 -6 24 0 51 51
796 8 903 0 -24 -12851 0 55 0
797 8 609 0 24 -12851 0 55 0
798 8 742 0 -24 -12851 0 60 0
799 12 903 742 -6 24 0 51 51
800 8 742 0 -24 -12851 0 55 0
801 12 742 903 6 -24 0 51 51
802 12 903 742 -6 24 0 55 55
803 12 1100 742 6 -24 0 55 55
804 8 742 0 6 -12851 0 60 0
805 8 500 0 -24 -12851 0 55 0
806 12 609 742 6 -24 0 55 55
807 8 903 0 6 -12851 0 55 0
808 8 609 0 24 -12851 0 60 0
809 12 742 903 6 -24 0 55 55
810 8 1100 0 24 -12851 0 60 0
811 12 500 742 6 -24 0 51 55
812 8 903 0 -24 -12851 0 60 0
813 8 500 0 -24 -12851 0 60 0
814 8 1100 0 -24 -12851 0 60 0
815 8 609 0 -24 -12851 0 55 0
816 12 742 609 -6 24 0 51 51
817 12 500 742 6 -24 0 51 51
818 8 1100 0 -6 -12851 0 55 0
819 8 500 0 6 -12851 0 55 0
820 12 500 742 6 -24 0 51 51
821 12 742 500 6 -24 0 51 51
822 12 742 1100 -6 24 0 55 51
823 12 742 609 -6 24 0 55 55
824 8 903 0 -24 -12851 0 60 0
825 8 903 0 6 -12851 0 55 0
826 12 742 903 6 -24 0 51 51
827 8 609 0 -24 -12851 0 55 0
828 8 500 0 -6 -12851 0 55 0
829 8 903 0 -6 -12851 0 55 0
830 12 742 1100 -6 24 0 51 55
831 12 903 742 6 -24 0 51 51
832 12 1100 742 -6 24 0 55 51
833 8 742 0 -6 -12851 0 60 0
834 8 742 0 6 -12851 0 55 0
835 12 609 742 -6 24 0 55 51
836 12 500 742 -6 24 0 55 51
837 12 742 609 6 -24 0 51 55
838 8 903 0 -24 -12851 0 60 0
839 8 1100 0 -6 -12851 0 55 0
840 8 1100 0 6 -12851 0 55 0
841 8 742 0 24 -12851 1 60 0
842 8 1100 0 -24 -12851 1 55 0
843 12 903 742 6 -24 1 55 55
844 8 609 0 -24 -12851 0 60 0
845 12 742 500 6 -24 0 55 55
846 12 903 742 6 -24 0 51 55
847 8 609 0 24 -12851 1 55 0
848 8 500 0 6 -12851 0 55 0
849 12 500 742 -6 24 0 51 51
850 8 500 0 -24 -12851 0 55 0
851 8 742 0 -6 -12851 0 60 0
852 12 742 609 -6 24 0 51 51
853 8 742 0 24 -12851 0 55 0
854 12 500 742 6 -24 0 51 51
855 8 609 0 -24 -12851 0 55 0
856 8 1100 0 -24 -12851 0 55 0
857 8 500 0 24 -12851 0 55 0
858 12 742 609 -6 24 0 55 55
859 8 1100 0 -24 -12851 0 55 0
860 8 903 0 -24 -12851 0 60 0
861 8 1100 0 24 -12851 0 55 0
862 8 742 0 24 -12851 0 60 0
863 12 742 500 6 -24 0 51 55
864 12 742 609 -6 24 0 51 55
865 8 742 0 -24 -12851 0 55 0
866 8 500 0 6 -12851 0 60 0
867 8 609 0 -6 -12851 0 55 0
868 12 742 1100 -6 24 0 51 51
869 8 609 0 24 -12851 0 60 0
870 8 500 0 6 -12851 0 55 0
871 12 903 742 6 -24 0 51 51
872 12 1100 742 -6 24 0 51 51
873 12 742 500 6 -24 0 55 55
874 8 903 0 -24 -12851 0 60 0
875 8 903 0 6 -12851 0 55 0
876 8 903 0 -6 -12851 0 60 0
877 12 1100 742 -6 24 0 55 51
878 8 903 0 -6 -12851 0 60 0
879 8 609 0 6 -12851 0 60 0
880 8 1100 0 -24 -12851 0 60 0
881 8 903 0 -24 -12851 0 55 0
882 12 742 609 6 -24 0 55 55
883 8 1100 0 24 -12851 0 60 0
884 8 500 0 -24 -12851 0 55 0
885 8 609 0 -6 -12851 0 55 0
886 8 500 0 -24 -12851 0 60 0
887 12 1100 742 6 -24 0 51 51
888 8 903 0 24 -12851 0 60 0
889 8 609 0 24 -12851 0 55 0
890 12 742 609 -6 24 0 55 55
891 8 500 0 6 -12851 0 60 0
892 12 742 500 -6 24 0 51 51
893 12 1100 742 -6 24 0 51 55
894 8 742 0 -6 -12851 0 55 0
895 12 1100 742 -6 24 0 51 55
896 8 742 0 -24 -12851 0 55 0
897 8 742 0 -6 -12851 0 60 0
898 8 1100 0 6 -12851 0 55 0
899 12 742 903 6 -24 0 55 55
900 12 742 1100 -6 24 0 55 55
901 12 1100 742 6 -24 0 51 55
902 12 500 742 -6 24 0 55 55
903 8 500 0 -24 -12851 0 55 0
904 12 1100 742 6 -24 0 55 55
905 12 1100 742 -6 24 0 55 51
906 8 500 0 -6 -12851 0 55 0
907 12 1100 742 6 -24 0 51 51
908 12 742 500 -6 24 0 55 55
909 12 1100 742 -6 24 0 51 51
910 8 903 0 -6 -12851 0 60 0
911 8 500 0 24 -12851 0 60 0
912 8 500 0 24 -12851 0 55 0
913 8 609 0 -24 -12851 0 60 0
914 12 742 1100 -6 24 0 55 51
915 8 1100 0 24 -12851 0 60 0
916 12 742 903 -6 24 0 51 51
917 12 500 742 -6 24 0 51 51
918 8 742 0 24 -12851 0 55 0
919 8 1100 0 24 -12851 0 60 0
920 8 903 0 24 -12851 0 55 0
921 12 903 742 6 -24 0 55 55
922 8 609 0 -6 -12851 0 55 0
923 12 742 500 6 -24 0 51 51
924 12 1100 742 -6 24 0 51 51
925 12 742 903 -6 24 0 55 55
926 8 609 0 -6 -12851 0 55 0
927 8 742 0 24 -12851 0 55 0
928 12 500 742 6 -24 0 55 51
929 12 742 903 -6 24 0 51 51
930 8 1100 0 24 -12851 0 55 0
931 8 903 0 6 -12851 0 60 0
932 8 742 0 -24 -12851 0 55 0
933 12 742 609 6 -24 0 55 51
934 12 903 742 6 -24 0 55 55
935 8 903 0 -6 -12851 0 55 0
936 8 903 0 -24 -12851 0 60 0
937 8 903 0 6 -12851 0 60 0
938 12 742 609 6 -24 0 55 55
939 8 1100 0 -24 -12851 0 60 0
940 12 742 609 6 -24 0 51 55
941 12 742 1100 -6 24 0 51 55
942 8 742 0 -24 -12851 0 55 0
943 12 609 742 6 -24 0 51 51
944 12 742 500 -6 24 0 51 51
945 8 1100 0 6 -12851 0 60 0
946 12 742 500 -6 24 0 51 55
947 8 742 0 -6 -12851 0 60 0
948 8 1100 0 6 -12851 0 55 0
949 12 742 1100 -6 24 0 51 51
950 12 500 742 -6 24 0 51 55
951 8 903 0 -6 -12851 0 60 0
952 12 742 609 -6 24 0 55 51
953 8 500 0 6 -12851 0 60 0
954 8 500 0 -6 -12851 0 60 0
955 12 500 742 6 -24 0 51 55
956 8 742 0 24 -12851 0 55 0
957 12 903 742 -6 24 0 51 55
958 8 609 0 6 -12851 0 55 0
959 12 742 609 6 -24 0 51 51
960 8 609 0 6 -12851 0 60 0
961 8 609 0 -24 -12851 0 60 0
962 12 742 1100 6 -24 0 55 51
963 8 500 0 24 -12851 0 55 0
964 8 903 0 24 -12851 0 60 0
965 12 609 742 -6 24 0 51 55
966 12 742 903 6 -24 0 55 51
967 8 903 0 24 -12851 0 60 0
968 12 903 742 -6 24 0 55 55
969 8 609 0 6 -12851 0 55 0
970 8 1100 0 -6 -12851 0 55 0
971 12 609 742 -6 24 0 55 51
972 12 742 1100 -6 24 0 55 55
973 12 609 742 6 -24 0 51 51
974 8 903 0 24 -12851 0 60 0
975 8 1100 0 6 -12851 0 55 0
976 8 500 0 -24 -12851 0 55 0
977 8 609 0 -6 -12851 0 60 0
978 12 742 500 -6 24 0 55 55
979 8 500 0 24 -12851 0 55 0
980 8 903 0 6 -12851 0 60 0
981 8 609 0 24 -12851 0 60 0
982 8 500 0 -24 -12851 0 55 0
983 12 742 609 6 -24 0 51 51
984 12 1100 742 6 -24 0 55 55
985 12 609 742 6 -24 0 51 55
986 12 742 903 -6 24 0 55 55
987 12 1100 742 -6 24 0 51 51
988 12 742 500 6 -24 0 55 55
989 12 609 742 -6 24 0 51 51
990 12 742 903 -6 24 0 51 55
991 8 742 0 24 -12851 0 55 0
992 12 500 742 6 -24 0 51 55
993 12 742 903 -6 24 0 55 51
994 12 1100 742 -6 24 0 55 55
995 8 742 0 24 -12851 0 60 0
996 8 742 0 24 -12851 0 60 0
997 8 1100 0 6 -12851 0 55 0
998 8 609 0 24 -12851 0 60 0
999 12 500 742 6 -24 0 51 55
1000 12 742 1100 -6 24 0 55 51
1001 8 609 0 6 -12851 0 55 0
1002 8 903 0 -6 -12851 0 60 0
1003 12 742 500 -6 24 0 51 55
1004 12 1100 742 -6 24 0 51 51
1005 12 500 742 6 -24 0 51 51
1006 12 500 742 6 -24 0 55 51
1007 8 609 0 6 -12851 0 55 0
1008 8 1100 0 -24 -12851 0 60 0
1009 12 742 500 6 -24 0 55 51
1010 8 609 0 24 -12851 0 60 0
1011 12 500 742 -6 24 0 55 55
1012 12 903 742 -6 24 0 51 55
1013 8 742 0 24 -12851 0 60 0
1014 8 742 0 24 -12851 0 60 0
1015 12 742 500 -6 24 0 55 55
1016 8 742 0 -24 -12851 0 60 0
1017 12 1100 742 -6 24 0 55 51
1018 8 500 0 -6 -12851 0 55 0
1019 12 1100 742 -6 24 0 55 55
1020 8 500 0 -24 -12851 0 60 0
1021 8 500 0 -6 -12851 0 60 0
1022 8 903 0 24 -12851 0 55 0
1023 8 1100 0 -24 -12851 0 55 0
1024 8 1100 0 24 -12851 0 55 0
1025 8 903 0 -6 -12851 0 60 0
1026 12 609 742 -6 24 0 51 55
1027 8 903 0 -24 -12851 0 55 0
1028 12 500 742 -6 24 0 51 55
1029 8 903 0 -24 -12851 0 55 0
1030 8 500 0 24 -12851 0 55 0
1031 8 1100 0 6 -12851 0 55 0
1032 12 742 609 -6 24 0 51 51
1033 12 742 500 -6 24 0 51 55
1034 8 1100 0 6 -12851 0 60 0
1035 12 903 742 -6 24 0 51 51
1036 8 903 0 24 -12851 0 55 0
1037 8 1100 0 6 -12851 0 60 0
1038 12 742 1100 -6 24 0 55 55
1039 8 742 0 -24 -12851 0 55 0
1040 8 609 0 -6 -12851 0 55 0
1041 8 609 0 24 -12851 0 60 0
1042 8 609 0 -24 -12851 0 55 0
1043 12 903 742 6 -24 0 51 51
1044 12 742 903 6 -24 0 51 51
1045 12 1100 742 6 -24 0 55 55
1046 12 742 500 6 -24 0 55 55
1047 8 903 0 6 -12851 0 60 0
1048 8 742 0 24 -12851 0 60 0
1049 8 742 0 -24 -12851 0 60 0
1050 8 500 0 -6 -12851 0 55 0
1051 12 1100 742 -6 24 0 55 55
1052 8 500 0 6 -12851 0 55 0
1053 12 742 500 6 -24 0 51 55
1054 12 742 609 -6 24 0 55 51
1055 12 742 903 6 -24 0 51 51
1056 8 500 0 -6 -12851 0 55 0
1057 12 742 1100 -6 24 0 55 51
1058 8 500 0 24 -12851 0 55 0
1059 12 742 1100 6 -24 0 55 51
1060 8 609 0 -24 -12851 0 60 0
1061 8 609 0 -24 -12851 0 60 0
1062 8 1100 0 6 -12851 0 55 0
1063 8 500 0 24 -12851 0 55 0
1064 12 903 742 -6 24 0 51 51
1065 12 500 742 -6 24 0 55 55
1066 12 609 742 6 -24 0 51 55
1067 12 609 742 6 -24 0 51 55
1068 12 742 609 -6 24 0 51 51
1069 8 1100 0 6 -12851 0 55 0
1070 12 742 1100 6 -24 0 51 55
1071 12 1100 742 6 -24 0 51 51
1072 12 742 903 6 -24 0 55 51
1073 8 903 0 24 -12851 0 55 0
1074 12 742 1100 6 -24 0 55 51
1075 8 1100 0 24 -12851 0 55 0
1076 12 742 903 6 -24 0 51 51
1077 8 609 0 24 -12851 0 55 0
1078 12 500 742 6 -24 0 51 51
1079 12 903 742 -6 24 0 51 51
1080 12 742 903 6 -24 0 55 55
1081 12 742 1100 6 -24 0 51 51
1082 8 742 0 6 -12851 0 55 0
1083 8 742 0 -24 -12851 0 55 0
1084 8 500 0 6 -12851 0 55 0
1085 8 742 0 24 -12851 0 55 0
1086 8 903 0 6 -12851 0 60 0
1087 12 742 1100 6 -24 0 55 55
1088 12 500 742 -6 24 0 51 55
1089 8 903 0 -6 -12851 0 55 0
1090 8 1100 0 -6 -12851 0 60 0
1091 12 742 500 6 -24 0 55 55
1092 8 1100 0 24 -12851 0 55 0
1093 12 742 1100 -6 24 0 55 55
1094 8 903 0 -6 -12851 0 55 0
1095 8 903 0 -24 -12851 0 55 0
1096 12 609 742 -6 24 0 55 55
1097 12 609 742 6 -24 0 51 51
1098 8 1100 0 -24 -12851 0 60 0
1099 8 1100 0 -6 -12851 0 55 0
1100 8 903 0 6 -12851 0 55 0
1101 12 742 903 6 -24 0 51 55
1102 8 500 0 6 -12851 0 55 0
1103 12 500 742 6 -24 0 51 51
1104 8 742 0 6 -12851 0 60 0
1105 12 742 1100 -6 24 0 55 55
1106 8 500 0 -24 -12851 0 60 0
1107 12 742 609 -6 24 0 51 55
1108 8 609 0 24 -12851 0 55 0
1109 8 500 0 -6 -12851 0 60 0
1110 8 742 0 -24 -12851 0 55 0
1111 12 903 742 6 -24 0 51 55
1112 12 1100 742 6 -24 0 51 51
1113 8 742 0 -6 -12851 0 60 0
1114 8 609 0 -6 -12851 0 60 0
1115 8 609 0 24 -12851 0 60 0
1116 8 1100 0 6 -12851 0 60 0
1117 8 1100 0 6 -12851 0 55 0
1118 8 742 0 6 -12851 0 60 0
1119 8 1100 0 -6 -12851 0 55 0
1120 12 1100 742 -6 24 0 55 51
1121 8 903 0 24 -12851 0 60 0
1122 8 742 0 24 -12851 0 55 0
1123 12 500 742 -6 24 0 51 55
1124 8 609 0 -6 -12851 0 55 0
1125 8 500 0 6 -12851 0 55 0
1126 12 742 609 6 -24 0 51 51
1127 12 903 742 6 -24 0 51 55
1128 8 500 0 -24 -12851 0 55 0
1129 8 500 0 -6 -12851 0 55 0
1130 12 609 742 6 -24 0 55 55
1131 8 903 0 6 -12851 0 60 0
1132 12 1100 742 6 -24 0 51 51
1133 12 1100 742 -6 24 0 55 51
1134 8 1100 0 24 -12851 0 60 0
1135 12 903 742 6 -24 0 51 55
1136 8 609 0 -6 -12851 0 55 0
1137 12 609 742 6 -24 0 55 51
1138 8 903 0 -6 -12851 0 60 0
1139 8 609 0 -24 -12851 0 55 0
1140 8 742 0 -6 -12851 0 55 0
1141 12 609 742 -6 24 0 51 55
1142 8 903 0 6 -12851 0 55 0
1143 8 903 0 -24 -12851 0 55 0
1144 8 903 0 6 -12851 0 55 0
1145 8 500 0 -6 -12851 0 55 0
1146 12 742 609 -6 24 0 51 51
1147 8 609 0 -6 -12851 0 55 0
1148 12 742 1100 -6 24 0 55 51
1149 8 500 0 -24 -12851 0 60 0
1150 12 742 500 6 -24 0 51 51
1151 8 742 0 24 -12851 0 60 0
1152 8 609 0 24 -12851 0 55 0
1153 8 742 0 24 -12851 0 55 0
1154 8 742 0 6 -12851 0 60 0
1155 12 903 742 6 -24 0 51 51
1156 12 742 500 6 -24 0 55 55
1157 12 903 742 -6 24 0 51 55
1158 8 609 0 -24 -12851 0 55 0
1159 8 1100 0 6 -12851 0 60 0
1160 8 500 0 24 -12851 0 60 0
1161 12 742 609 6 -24 0 51 55
1162 8 903 0 -24 -12851 0 55 0
1163 8 1100 0 24 -12851 0 55 0
1164 8 1100 0 6 -12851 0 55 0
1165 8 1100 0 -6 -12851 0 60 0
1166 8 1100 0 6 -12851 0 60 0
1167 8 609 0 6 -12851 0 55 0
1168 12 1100 742 6 -24 0 51 55
1169 8 903 0 -24 -12851 0 55 0
1170 12 1100 742 6 -24 0 55 51
1171 12 1100 742 6 -24 0 51 55
1172 12 609 742 -6 24 0 51 55
1173 12 742 500 6 -24 0 51 51
1174 8 609 0 -6 -12851 0 55 0
1175 8 742 0 6 -12851 0 60 0
1176 12 903 742 6 -24 0 55 51
1177 8 742 0 -6 -12851 0 60 0
1178 8 903 0 -6 -12851 0 55 0
1179 8 742 0 -24 -12851 0 55 0
1180 12 1100 742 -6 24 0 51 51
1181 12 500 742 6 -24 0 51 51
1182 8 1100 0 -6 -12851 0 60 0
1183 12 742 609 6 -24 0 51 55
1184 8 1100 0 6 -12851 0 60 0
1185 12 742 500 6 -24 0 55 55
1186 8 903 0 -6 -12851 0 60 0
1187 12 742 903 6 -24 0 51 51
1188 12 1100 742 -6 24 0 51 55
1189 8 500 0 -6 -12851 0 55 0
1190 12 500 742 -6 24 0 51 55
1191 12 742 903 -6 24 0 51 51
1192 8 609 0 -6 -12851 0 60 0
1193 8 500 0 24 -12851 0 55 0
1194 8 500 0 -24 -12851 0 55 0
1195 8 903 0 24 -12851 0 55 0
1196 8 903 0 6 -12851 0 55 0
1197 8 500 0 6 -12851 0 60 0
1198 12 742 1100 -6 24 0 51 51
1199 12 742 609 -6 24 0 55 55
1200 12 500 742 6 -24 0 55 55
1201 8 1100 0 6 -12851 0 55 0
1202 8 1100 0 24 -12851 0 55 0
1203 12 1100 742 6 -24 0 55 55
1204 8 903 0 -6 -12851 0 55 0
1205 8 1100 0 24 -12851 0 55 0
1206 8 742 0 24 -12851 0 60 0
1207 12 742 903 6 -24 0 55 51
1208 12 500 742 -6 24 0 55 51
1209 8 609 0 6 -12851 0 55 0
1210 8 609 0 24 -12851 0 60 0
1211 8 609 0 6 -12851 0 55 0
1212 12 742 1100 -6 24 0 55 55
1213 8 903 0 6 -12851 0 55 0
1214 8 742 0 -24 -12851 0 60 0
1215 8 742 0 -6 -12851 0 60 0
1216 8 500 0 6 -12851 0 60 0
1217 12 742 500 6 -24 0 55 55
1218 8 500 0 24 -12851 0 55 0
1219 8 609 0 24 -12851 0 60 0
1220 12 742 609 -6 24 0 51 55
1221 12 742 903 6 -24 0 51 55
1222 12 742 609 -6 24 0 51 51
1223 8 609 0 24 -12851 0 55 0
1224 8 500 0 24 -12851 0 55 0
1225 8 500 0 6 -12851 0 55 0
1226 8 742 0 24 -12851 0 60 0
1227 8 500 0 -6 -12851 0 60 0
1228 8 1100 0 24 -12851 0 60 0
1229 12 903 742 -6 24 0 55 55
1230 8 903 0 6 -12851 0 55 0
1231 12 903 742 -6 24 0 55 51
1232 8 903 0 -24 -12851 0 55 0
1233 12 742 500 -6 24 0 55 55
1234 12 500 742 6 -24 0 51 51
1235 12 609 742 -6 24 0 51 55
1236 8 609 0 -6 -12851 0 55 0
1237 8 1100 0 -6 -12851 0 60 0
1238 12 903 742 6 -24 0 55 55
1239 8 609 0 -24 -12851 0 55 0
1240 12 742 609 6 -24 0 55 51
1241 8 742 0 -24 -12851 0 60 0
1242 8 903 0 -24 -12851 0 55 0
1243 12 742 609 6 -24 0 51 51
1244 12 1100 742 -6 24 0 51 55
1245 12 903 742 -6 24 0 55 51
1246 12 742 903 6 -24 0 55 55
1247 8 1100 0 -6 -12851 0 55 0
1248 8 742 0 24 -12851 0 55 0
1249 12 1100 742 6 -24 0 51 51
1250 8 609 0 -6 -12851 0 60 0
1251 12 903 742 6 -24 0 55 51
1252 8 609 0 24 -12851 0 55 0
1253 8 609 0 -24 -12851 0 60 0
1254 12 609 742 -6 24 0 55 55
1255 12 742 1100 6 -24 0 51 51
1256 12 1100 742 -6 24 0 51 51
1257 8 609 0 -24 -12851 0 55 0
1258 12 609 742 -6 24 0 55 51
1259 12 500 742 6 -24 0 55 51
1260 12 742 609 6 -24 0 55 51
1261 8 742 0 -24 -12851 0 60 0
1262 12 609 742 6 -24 0 55 51
1263 8 742 0 -24 -12851 0 55 0
1264 8 500 0 24 -12851 0 55 0
1265 8 742 0 24 -12851 0 60 0
1266 12 742 500 6 -24 0 55 51
1267 8 903 0 24 -12851 0 60 0
1268 8 500 0 24 -12851 0 55 0
1269 8 1100 0 24 -12851 0 60 0
1270 8 903 0 -24 -12851 0 55 0
1271 8 500 0 -6 -12851 0 60 0
1272 12 903 742 -6 24 0 51 55
1273 12 1100 742 6 -24 0 55 51
1274 8 903 0 24 -12851 0 55 0
1275 8 1100 0 -6 -12851 0 60 0
1276 12 903 742 -6 24 0 55 51
1277 12 500 742 -6 24 0 55 55
1278 8 1100 0 6 -12851 0 55 0
1279 8 742 0 6 -12851 0 55 0
1280 12 609 742 -6 24 0 55 51
1281 12 1100 742 -6 24 0 51 51
1282 12 742 500 -6 24 0 51 51
1283 8 742 0 6 -12851 0 55 0
1284 8 500 0 6 -12851 0 55 0
1285 12 742 1100 6 -24 0 51 55
1286 12 742 903 6 -24 0 55 51
1287 12 742 500 6 -24 0 51 55
1288 8 742 0 -6 -12851 0 55 0
1289 8 742 0 24 -12851 0 55 0
1290 12 903 742 6 -24 0 51 55
1291 8 903 0 24 -12851 0 55 0
1292 12 742 609 6 -24 0 51 55
1293 12 500 742 -6 24 0 55 55
1294 12 742 903 6 -24 0 55 55
1295 8 500 0 24 -12851 0 55 0
1296 8 500 0 6 -12851 0 55 0
1297 12 903 742 6 -24 0 55 55
1298 8 903 0 24 -12851 0 55 0
1299 8 1100 0 6 -12851 0 60 0
1300 12 500 742 -6 24 0 51 51
1301 8 903 0 -24 -12851 0 55 0
1302 8 609 0 -24 -12851 0 55 0
1303 12 609 742 -6 24 0 51 51
1304 8 609 0 6 -12851 0 55 0
1305 12 742 1100 -6 24 0 51 55
1306 8 609 0 -24 -12851 0 60 0
1307 8 1100 0 -24 -12851 0 55 0
1308 8 1100 0 6 -12851 0 60 0
1309 8 903 0 -24 -12851 0 55 0
1310 8 903 0 24 -12851 0 60 0
1311 8 609 0 -24 -12851 0 55 0
1312 8 500 0 -6 -12851 0 55 0
1313 12 609 742 6 -24 0 51 51
1314 12 742 500 -6 24 0 51 51
1315 8 903 0 -6 -12851 0 55 0
1316 12 742 1100 6 -24 0 51 51
1317 12 903 742 -6 24 0 51 51
1318 12 742 500 -6 24 0 55 51
1319 12 1100 742 6 -24 0 51 55
1320 8 742 0 24 -12851 0 55 0
1321 8 742 0 6 -12851 1 55 0
1322 12 903 742 6 -24 0 51 55
1323 8 903 0 6 -12851 0 60 0
1324 8 1100 0 24 -12851 0 60 0
1325 12 742 903 6 -24 0 55 51
1326 8 1100 0 24 -12851 0 55 0
1327 8 742 0 24 -12851 0 60 0
1328 8 1100 0 6 -12851 0 55 0
1329 8 609 0 -24 -12851 1 60 0
1330 8 609 0 -6 -12851 1 55 0
1331 12 742 609 6 -24 0 55 51
1332 8 500 0 -24 -12851 1 55 0
1333 12 742 903 6 -24 0 51 55
1334 12 742 1100 6 -24 1 55 55
1335 12 742 1100 -6 24 1 51 51
1336 8 500 0 -6 -12851 0 55 0
1337 12 609 742 -6 24 1 51 55
1338 12 742 609 6 -24 0 51 51
1339 12 742 609 6 -24 1 55 51
1340 8 742 0 6 -12851 1 55 0
1341 8 742 0 6 -12851 1 60 0
1342 12 742 500 -6 24 0 55 55
1343 8 742 0 6 -12851 1 55 0
1344 8 903 0 -6 -12851 1 60 0
1345 12 609 742 6 -24 1 55 51
1346 8 742 0 -24 -12851 1 55 0
1347 12 609 742 6 -24 0 51 55
1348 8 500 0 -24 -12851 0 60 0
1349 8 903 0 -24 -12851 1 55 0
1350 8 1100 0 6 -12851 0 60 0
1351 8 1100 0 -24 -12851 1 60 0
1352 12 742 500 6 -24 1 55 55
1353 8 903 0 -6 -12851 1 60 0
1354 8 500 0 24 -12851 0 55 0
1355 8 1100 0 24 -12851 1 55 0
1356 8 500 0 -6 -12851 1 55 0
1357 8 609 0 -24 -12851 1 55 0
1358 8 609 0 24 -12851 0 60 0
1359 12 500 742 6 -24 0 55 55
1360 12 609 742 -6 24 0 51 51
1361 8 609 0 24 -12851 0 60 0
1362 12 1100 742 -6 24 0 55 55
1363 8 903 0 24 -12851 0 55 0
1364 8 903 0 -24 -12851 0 60 0
1365 8 609 0 24 -12851 0 55 0
1366 8 903 0 -24 -12851 0 55 0
1367 8 609 0 -24 -12851 0 55 0
1368 8 1100 0 6 -12851 0 60 0
1369 8 742 0 24 -12851 0 55 0
1370 12 742 903 -6 24 1 51 51
1371 8 1100 0 -6 -12851 1 60 0
1372 8 903 0 -6 -12851 1 55 0
1373 12 500 742 -6 24 0 55 55
1374 12 742 500 -6 24 1 55 51
1375 8 500 0 -6 -12851 0 55 0
1376 8 609 0 6 -12851 1 60 0
1377 8 1100 0 6 -12851 1 55 0
1378 8 742 0 -24 -12851 1 60 0
1379 12 742 1100 6 -24 0 51 51
1380 8 500 0 -24 -12851 1 55 0
1381 8 742 0 -6 -12851 0 55 0
1382 8 500 0 6 -12851 1 55 0
1383 12 903 742 6 -24 0 51 51
1384 8 609 0 -24 -12851 1 60 0
1385 8 609 0 24 -12851 0 60 0
1386 8 742 0 6 -12851 0 60 0
1387 8 1100 0 6 -12851 1 55 0
1388 12 742 609 -6 24 0 51 51
1389 12 742 903 -6 24 0 51 55
1390 12 742 903 6 -24 0 55 55
1391 8 500 0 24 -12851 1 55 0
1392 12 742 609 -6 24 0 55 51
1393 12 742 609 -6 24 0 55 55
1394 12 903 742 -6 24 0 55 55
1395 8 1100 0 -24 -12851 0 55 0
1396 8 500 0 -24 -12851 0 60 0
1397 12 742 609 6 -24 0 51 51
1398 12 742 500 6 -24 0 51 55
1399 8 742 0 24 -12851 0 55 0
1400 12 742 609 -6 24 0 51 55
1401 8 500 0 6 -12851 0 60 0
1402 12 903 742 -6 24 0 51 51
1403 8 609 0 24 -12851 0 55 0
1404 8 1100 0 -24 -12851 0 55 0
1405 8 609 0 24 -12851 1 55 0
1406 8 903 0 24 -12851 0 55 0
1407 8 903 0 6 -12851 1 55 0
1408 12 1100 742 6 -24 0 55 51
1409 8 903 0 6 -12851 1 55 0
1410 12 1100 742 6 -24 0 55 51
1411 8 742 0 -24 -12851 0 55 0
1412 12 742 609 6 -24 0 51 55
1413 8 903 0 -24 -12851 0 60 0
1414 8 903 0 6 -12851 0 55 0
1415 12 742 1100 6 -24 0 55 51
1416 8 903 0 24 -12851 0 55 0
1417 8 742 0 -24 -12851 0 60 0
1418 8 903 0 24 -12851 0 60 0
1419 12 742 500 -6 24 0 51 51
1420 12 742 609 6 -24 0 55 55
1421 12 742 903 -6 24 0 51 55
1422 8 500 0 -24 -12851 0 55 0
1423 12 742 1100 -6 24 0 51 55
1424 12 903 742 6 -24 0 55 55
1425 12 742 1100 -6 24 0 51 51
1426 8 742 0 -24 -12851 0 60 0
1427 8 609 0 24 -12851 0 60 0
1428 8 609 0 -6 -12851 1 60 0
1429 8 500 0 24 -12851 0 60 0
1430 8 609 0 24 -12851 1 60 0
1431 12 1100 742 -6 24 1 55 51
1432 8 742 0 -6 -12851 1 60 0
1433 8 500 0 -24 -12851 1 60 0
1434 8 1100 0 -6 -12851 1 60 0
1435 12 742 903 6 -24 0 51 51
1436 8 1100 0 -6 -12851 0 55 0
1437 8 1100 0 24 -12851 0 55 0
1438 8 609 0 -24 -12851 0 60 0
1439 8 609 0 -24 -12851 0 60 0
1440 8 903 0 6 -12851 0 55 0
1441 12 1100 742 6 -24 1 55 55
1442 8 609 0 -24 -12851 0 60 0
1443 8 1100 0 -6 -12851 0 55 0
1444 12 742 903 6 -24 0 55 51
1445 8 609 0 -24 -12851 0 60 0
1446 8 742 0 -24 -12851 0 60 0
1447 12 742 1100 6 -24 0 55 51
1448 12 742 1100 -6 24 0 55 55
1449 12 500 742 6 -24 0 51 55
1450 12 500 742 -6 24 0 51 55
1451 8 742 0 -6 -12851 1 60 0
1452 12 1100 742 -6 24 0 51 51
1453 12 609 742 -6 24 0 51 55
1454 12 903 742 6 -24 0 51 51
1455 8 742 0 24 -12851 0 55 0
1456 12 742 500 6 -24 0 51 55
1457 8 500 0 -24 -12851 0 60 0
1458 8 500 0 -6 -12851 1 55 0
1459 12 609 742 -6 24 1 51 55
1460 8 500 0 24 -12851 0 55 0
1461 8 903 0 6 -12851 0 55 0
1462 8 1100 0 24 -12851 0 60 0
1463 12 742 609 -6 24 0 51 55
1464 8 1100 0 -6 -12851 0 55 0
1465 8 903 0 24 -12851 0 55 0
1466 12 742 903 6 -24 0 55 51
1467 8 609 0 24 -12851 0 60 0
1468 8 609 0 -24 -12851 0 60 0
1469 12 903 742 6 -24 0 55 51
1470 12 1100 742 6 -24 0 51 55
1471 12 500 742 6 -24 0 55 51
1472 8 903 0 24 -12851 0 60 0
1473 8 500 0 6 -12851 0 55 0
1474 8 903 0 24 -12851 0 55 0
1475 8 500 0 6 -12851 0 55 0
1476 8 500 0 -24 -12851 0 55 0
1477 12 500 742 6 -24 0 55 51
1478 8 742 0 24 -12851 1 55 0
1479 12 500 742 -6 24 1 51 55
1480 8 1100 0 6 -12851 1 55 0
1481 12 742 903 -6 24 0 55 51
1482 8 609 0 24 -12851 1 55 0
1483 8 903 0 -6 -12851 1 55 0
1484 12 903 742 -6 24 0 55 51
1485 12 742 609 6 -24 0 51 51
1486 8 1100 0 -6 -12851 1 60 0
1487 8 1100 0 24 -12851 0 60 0
1488 8 609 0 6 -12851 0 60 0
1489 8 742 0 -6 -12851 0 55 0
1490 8 742 0 -24 -12851 0 60 0
1491 8 609 0 -24 -12851 0 55 0
1492 12 742 903 6 -24 1 51 55
1493 8 609 0 6 -12851 1 60 0
1494 8 742 0 -6 -12851 1 55 0
1495 8 1100 0 6 -12851 1 55 0
1496 12 500 742 -6 24 1 51 51
1497 12 742 609 -6 24 1 55 51
1498 12 742 903 6 -24 0 51 51
1499 8 500 0 24 -12851 1 55 0
1500 12 742 903 6 -24 0 51 51
1501 12 903 742 6 -24 0 51 55
1502 8 1100 0 24 -12851 1 60 0
1503 8 500 0 24 -12851 1 55 0
1504 12 500 742 6 -24 0 51 51
1505 8 742 0 -24 -12851 1 55 0
1506 8 500 0 -24 -12851 0 60 0
1507 8 609 0 6 -12851 1 55 0
1508 8 1100 0 6 -12851 1 60 0
1509 12 742 903 -6 24 0 51 51
1510 12 1100 742 6 -24 0 55 55
1511 8 609 0 -6 -12851 1 55 0
1512 12 609 742 -6 24 0 55 55
1513 8 903 0 6 -12851 1 55 0
1514 12 742 609 -6 24 0 51 51
1515 8 903 0 -6 -12851 0 55 0
1516 12 500 742 -6 24 1 51 55
1517 12 742 1100 -6 24 1 51 51
1518 8 903 0 24 -12851 1 60 0
1519 8 742 0 -6 -12851 0 55 0
1520 8 1100 0 6 -12851 1 55 0
1521 12 742 609 6 -24 0 55 55
1522 12 742 1100 -6 24 1 51 51
1523 8 1100 0 -6 -12851 1 55 0
1524 8 742 0 -6 -12851 1 55 0
1525 8 1100 0 -24 -12851 1 60 0
1526 8 903 0 -6 -12851 1 55 0
1527 12 500 742 -6 24 1 51 55
1528 8 742 0 -6 -12851 1 55 0
1529 8 609 0 6 -12851 1 60 0
1530 8 500 0 24 -12851 0 60 0
1531 12 609 742 6 -24 1 51 51
1532 12 742 500 6 -24 1 51 55
1533 12 500 742 -6 24 0 55 51
1534 8 500 0 24 -12851 0 55 0
1535 8 500 0 -24 -12851 1 60 0
1536 8 903 0 24 -12851 1 55 0
1537 12 742 1100 -6 24 1 55 55
1538 8 1100 0 -24 -12851 1 60 0
1539 12 500 742 6 -24 0 51 55
1540 8 609 0 6 -12851 1 55 0
1541 12 903 742 -6 24 1 51 55
1542 8 903 0 24 -12851 1 60 0
1543 12 742 903 -6 24 1 51 55
1544 8 609 0 -24 -12851 1 55 0
1545 8 742 0 -24 -12851 1 55 0
1546 8 903 0 24 -12851 1 60 0
1547 12 742 903 6 -24 1 55 55
1548 8 903 0 -24 -12851 1 60 0
1549 8 742 0 6 -12851 1 60 0
1550 8 903 0 -6 -12851 0 55 0
1551 12 742 903 -6 24 0 55 55
1552 12 742 1100 -6 24 0 55 55
1553 8 500 0 24 -12851 1 60 0
1554 8 609 0 -6 -12851 0 55 0
1555 8 903 0 -6 -12851 1 55 0
1556 8 500 0 24 -12851 1 55 0
1557 12 500 742 -6 24 0 51 55
1558 8 1100 0 6 -12851 1 55 0
1559 12 742 1100 6 -24 1 55 51
1560 8 609 0 -6 -12851 1 55 0
1561 12 609 742 6 -24 1 51 55
1562 8 609 0 -6 -12851 1 55 0
1563 8 742 0 6 -12851 1 60 0
1564 8 742 0 6 -12851 1 60 0
1565 8 500 0 6 -12851 1 55 0
1566 12 742 500 -6 24 0 55 55
1567 12 609 742 6 -24 0 51 51
1568 8 1100 0 -6 -12851 1 60 0
1569 8 1100 0 -24 -12851 0 55 0
1570 12 742 609 6 -24 0 51 51
1571 12 903 742 6 -24 1 51 51
1572 8 500 0 24 -12851 1 60 0
1573 8 500 0 24 -12851 0 55 0
1574 8 903 0 6 -12851 1 55 0
1575 8 1100 0 24 -12851 1 60 0
1576 8 609 0 24 -12851 1 55 0
1577 8 903 0 6 -12851 1 60 0
1578 8 1100 0 6 -12851 1 55 0
1579 8 903 0 -24 -12851 0 55 0
1580 12 742 609 -6 24 0 51 55
1581 8 742 0 6 -12851 1 60 0
1582 8 500 0 24 -12851 1 55 0
1583 12 609 742 6 -24 0 55 55
1584 12 609 742 6 -24 0 51 51
1585 8 609 0 24 -12851 1 60 0
1586 12 609 742 6 -24 1 51 51
1587 8 500 0 -6 -12851 1 60 0
1588 8 609 0 24 -12851 0 55 0
1589 8 742 0 -24 -12851 1 60 0
1590 8 742 0 -24 -12851 1 55 0
1591 8 1100 0 6 -12851 1 60 0
1592 12 903 742 -6 24 0 55 51
1593 8 903 0 24 -12851 1 60 0
1594 12 903 742 -6 24 0 51 51
1595 8 903 0 -24 -12851 1 60 0
1596 8 609 0 -24 -12851 1 55 0
1597 12 1100 742 6 -24 0 51 55
1598 12 742 609 -6 24 0 55 51
1599 12 609 742 6 -24 1 51 51
1600 8 1100 0 -6 -12851 1 55 0
1601 8 1100 0 6 -12851 1 60 0
1602 12 500 742 -6 24 1 51 51
1603 12 903 742 6 -24 0 51 51
1604 12 609 742 6 -24 1 55 51
1605 8 903 0 -6 -12851 1 55 0
1606 12 742 609 -6 24 0 51 51
1607 8 742 0 6 -12851 1 60 0
1608 12 742 500 -6 24 0 55 51
1609 12 742 903 6 -24 0 51 55
1610 8 742 0 -24 -12851 1 60 0
1611 8 1100 0 -6 -12851 0 55 0
1612 8 742 0 24 -12851 0 55 0
1613 8 609 0 24 -12851 1 55 0
1614 8 500 0 24 -12851 1 55 0
1615 8 903 0 -24 -12851 0 60 0
1616 12 609 742 -6 24 1 51 55
1617 12 742 500 -6 24 0 51 55
1618 8 609 0 24 -12851 1 60 0
1619 8 500 0 -24 -12851 1 55 0
1620 8 500 0 -6 -12851 0 55 0
1621 8 1100 0 24 -12851 1 60 0
1622 12 742 903 6 -24 1 51 55
1623 12 742 500 6 -24 0 51 51
1624 12 609 742 6 -24 1 51 55
1625 8 1100 0 6 -12851 0 55 0
1626 12 609 742 6 -24 1 51 51
1627 8 742 0 -24 -12851 1 55 0
1628 12 742 1100 6 -24 1 55 55
1629 12 742 1100 6 -24 1 51 51
1630 8 1100 0 -24 -12851 1 55 0
1631 12 742 903 6 -24 0 51 51
1632 12 500 742 -6 24 1 51 51
1633 8 903 0 6 -12851 1 60 0
1634 12 609 742 -6 24 1 55 55
1635 8 742 0 24 -12851 0 55 0
1636 8 609 0 6 -12851 1 55 0
1637 12 903 742 -6 24 1 55 55
1638 8 500 0 -24 -12851 1 55 0
1639 8 500 0 24 -12851 1 60 0
1640 12 742 500 -6 24 1 51 51
1641 8 500 0 -24 -12851 0 60 0
1642 8 903 0 -24 -12851 0 60 0
1643 12 500 742 6 -24 0 55 55
1644 12 742 1100 6 -24 0 51 55
1645 8 1100 0 24 -12851 0 55 0
1646 12 742 609 6 -24 0 51 55
1647 12 903 742 -6 24 1 51 51
1648 12 903 742 6 -24 1 55 55
1649 12 742 1100 6 -24 0 51 55
1650 8 609 0 24 -12851 0 60 0
1651 12 1100 742 6 -24 0 55 55
1652 12 903 742 -6 24 0 51 55
1653 8 903 0 -24 -12851 0 55 0
1654 12 1100 742 6 -24 0 55 51
1655 8 609 0 6 -12851 0 55 0
1656 8 742 0 6 -12851 1 60 0
1657 12 742 500 -6 24 0 55 55
1658 8 742 0 24 -12851 1 55 0
1659 8 742 0 24 -12851 0 55 0
1660 8 500 0 -24 -12851 0 55 0
1661 12 742 500 -6 24 0 51 55
1662 8 742 0 -24 -12851 1 60 0
1663 8 742 0 6 -12851 1 60 0
1664 8 903 0 -6 -12851 1 55 0
1665 12 903 742 -6 24 0 55 55
1666 12 903 742 6 -24 0 55 51
1667 8 500 0 -24 -12851 1 60 0
1668 8 500 0 24 -12851 0 55 0
1669 8 903 0 -24 -12851 1 60 0
1670 12 742 609 6 -24 0 51 51
1671 12 500 742 6 -24 1 51 51
1672 12 1100 742 -6 24 0 55 51
1673 12 742 903 -6 24 0 55 51
1674 8 1100 0 -6 -12851 1 60 0
1675 12 742 500 -6 24 1 55 51
1676 8 903 0 24 -12851 1 60 0
1677 12 903 742 6 -24 1 51 55
1678 12 1100 742 6 -24 0 55 55
1679 12 1100 742 -6 24 0 51 51
1680 12 500 742 6 -24 0 51 51
1681 12 609 742 6 -24 0 55 55
1682 12 1100 742 6 -24 0 51 55
1683 12 742 903 6 -24 0 55 55
1684 8 609 0 -24 -12851 0 60 0
1685 8 609 0 -24 -12851 0 60 0
1686 12 1100 742 6 -24 0 55 51
1687 12 742 609 6 -24 0 51 51
1688 12 742 500 6 -24 0 51 51
1689 8 609 0 -24 -12851 1 55 0
1690 12 742 609 -6 24 0 51 51
1691 8 1100 0 6 -12851 1 55 0
1692 12 609 742 6 -24 0 55 51
1693 12 742 500 -6 24 0 55 51
1694 12 500 742 6 -24 0 51 51
1695 8 1100 0 6 -12851 0 60 0
1696 8 742 0 -24 -12851 0 60 0
1697 8 742 0 -24 -12851 1 55 0
1698 8 1100 0 24 -12851 1 60 0
1699 8 742 0 24 -12851 1 55 0
1700 8 609 0 6 -12851 1 60 0
1701 12 609 742 -6 24 0 51 51
1702 12 1100 742 6 -24 1 55 51
1703 12 1100 742 6 -24 0 51 51
1704 8 1100 0 24 -12851 1 55 0
1705 8 500 0 6 -12851 0 60 0
1706 8 609 0 24 -12851 0 55 0
1707 12 903 742 -6 24 0 51 51
1708 12 742 500 6 -24 1 51 55
1709 12 609 742 6 -24 0 51 51
1710 8 903 0 24 -12851 1 60 0
1711 12 609 742 6 -24 0 51 55
1712 8 1100 0 24 -12851 1 55 0
1713 12 500 742 -6 24 0 51 55
1714 8 609 0 -6 -12851 1 60 0
1715 12 500 742 -6 24 0 51 51
1716 12 500 742 -6 24 0 55 55
1717 12 742 1100 -6 24 0 51 55
1718 12 500 742 -6 24 0 55 55
1719 12 742 903 -6 24 0 51 55
1720 12 742 903 -6 24 0 55 55
1721 8 742 0 -6 -12851 0 55 0
1722 8 903 0 -6 -12851 0 55 0
1723 12 903 742 6 -24 0 51 55
1724 8 500 0 -24 -12851 0 60 0
1725 8 500 0 6 -12851 0 55 0
1726 8 903 0 24 -12851 0 60 0
1727 12 742 1100 -6 24 0 51 55
1728 12 742 500 6 -24 0 51 51
1729 12 903 742 -6 24 0 55 51
1730 12 500 742 -6 24 0 55 55
1731 12 742 500 -6 24 0 51 55
1732 8 500 0 -6 -12851 0 60 0
1733 8 500 0 -24 -12851 0 60 0
1734 12 500 742 6 -24 0 51 51
1735 12 903 742 -6 24 0 51 55
1736 12 742 1100 -6 24 0 55 55
1737 12 742 1100 6 -24 0 55 55
1738 8 742 0 24 -12851 0 55 0
1739 8 609 0 -24 -12851 0 55 0
1740 8 609 0 24 -12851 0 60 0
1741 8 500 0 -24 -12851 0 55 0
1742 8 742 0 24 -12851 0 60 0
1743 12 742 903 -6 24 0 55 51
1744 8 903 0 -6 -12851 0 55 0
1745 8 903 0 -24 -12851 0 55 0
1746 8 903 0 6 -12851 0 60 0
1747 12 903 742 -6 24 0 51 55
1748 8 609 0 24 -12851 0 55 0
1749 8 742 0 6 -12851 0 55 0
1750 8 1100 0 -6 -12851 0 60 0
1751 12 742 903 -6 24 0 51 55
1752 8 500 0 -6 -12851 0 60 0
1753 12 609 742 -6 24 0 51 51
1754 12 903 742 -6 24 0 55 55
1755 8 1100 0 6 -12851 0 60 0
1756 8 1100 0 -24 -12851 0 60 0
1757 8 742 0 -24 -12851 0 55 0
1758 8 742 0 -6 -12851 0 60 0
1759 8 903 0 -6 -12851 0 55 0
1760 8 500 0 -24 -12851 0 55 0
1761 8 1100 0 -6 -12851 1 60 0
1762 12 500 742 6 -24 1 55 55
1763 8 1100 0 6 -12851 0 55 0
1764 8 500 0 6 -12851 0 55 0
1765 12 742 903 6 -24 0 55 51
1766 8 903 0 -6 -12851 0 55 0
1767 12 742 1100 6 -24 0 51 55
1768 8 609 0 6 -12851 0 60 0
1769 8 903 0 24 -12851 0 60 0
1770 8 500 0 6 -12851 0 60 0
1771 8 609 0 -6 -12851 0 60 0
1772 8 742 0 6 -12851 0 60 0
1773 8 1100 0 6 -12851 0 60 0
1774 8 609 0 -24 -12851 0 55 0
1775 12 903 742 -6 24 0 55 51
1776 8 742 0 24 -12851 0 55 0
1777 12 903 742 6 -24 0 51 55
1778 8 1100 0 6 -12851 0 55 0
1779 8 1100 0 -6 -12851 0 60 0
1780 8 903 0 -6 -12851 0 55 0
1781 8 500 0 6 -12851 0 60 0
1782 8 1100 0 -24 -12851 0 60 0
1783 8 500 0 24 -12851 0 55 0
1784 8 609 0 24 -12851 0 55 0
1785 8 742 0 6 -12851 0 55 0
1786 12 609 742 -6 24 0 55 51
1787 12 1100 742 6 -24 0 55 51
1788 8 500 0 -6 -12851 0 55 0
1789 12 500 742 -6 24 0 51 55
1790 8 1100 0 -6 -12851 0 55 0
1791 12 742 1100 6 -24 0 55 55
1792 12 742 903 6 -24 0 55 55
1793 8 609 0 6 -12851 0 55 0
1794 8 609 0 -24 -12851 0 55 0
1795 12 742 903 -6 24 0 55 55
1796 12 742 500 6 -24 0 55 55
1797 8 903 0 -24 -12851 0 60 0
1798 12 742 1100 6 -24 0 55 55
1799 12 1100 742 -6 24 0 55 55
1800 8 903 0 -24 -12851 0 60 0
1801 8 742 0 24 -12851 0 55 0
1802 8 742 0 24 -12851 0 60 0
1803 12 903 742 -6 24 0 51 55
1804 8 742 0 -24 -12851 0 55 0
1805 8 742 0 -6 -12851 0 55 0
1806 12 742 609 -6 24 0 51 55
1807 8 1100 0 -24 -12851 0 55 0
1808 12 1100 742 -6 24 0 51 55
1809 8 1100 0 -24 -12851 0 60 0
1810 12 1100 742 -6 24 0 55 51
1811 8 903 0 -24 -12851 0 60 0
1812 8 609 0 6 -12851 0 55 0
1813 8 609 0 6 -12851 0 55 0
1814 8 1100 0 24 -12851 0 60 0
1815 8 903 0 -24 -12851 0 60 0
1816 12 903 742 -6 24 0 55 55
1817 12 609 742 -6 24 0 51 55
1818 12 500 742 -6 24 0 55 51
1819 8 742 0 24 -12851 0 60 0
1820 12 742 1100 -6 24 0 55 51
1821 8 742 0 -24 -12851 0 60 0
1822 12 500 742 -6 24 0 55 51
1823 12 742 1100 -6 24 0 51 51
1824 8 903 0 24 -12851 0 55 0
1825 8 500 0 6 -12851 0 55 0
1826 8 500 0 24 -12851 0 60 0
1827 12 1100 742 6 -24 0 51 51
1828 12 742 500 6 -24 0 55 55
1829 12 742 903 -6 24 0 55 51
1830 12 903 742 6 -24 0 55 51
1831 12 500 742 6 -24 0 55 55
1832 8 609 0 6 -12851 0 55 0
1833 12 742 500 6 -24 0 55 51
1834 8 500 0 -6 -12851 0 55 0
1835 8 609 0 -6 -12851 0 60 0
1836 12 742 903 6 -24 0 51 51
1837 8 609 0 -24 -12851 0 55 0
1838 12 742 1100 6 -24 0 55 51
1839 8 500 0 -6 -12851 0 55 0
1840 12 742 500 -6 24 0 51 51
1841 12 742 609 -6 24 0 55 55
1842 8 609 0 24 -12851 0 60 0
1843 12 742 500 6 -24 0 51 55
1844 12 500 742 6 -24 0 51 55
1845 8 609 0 6 -12851 0 55 0
1846 8 500 0 -6 -12851 0 60 0
1847 8 903 0 -24 -12851 0 60 0
1848 8 903 0 -6 -12851 0 55 0
1849 8 500 0 24 -12851 0 60 0
1850 8 1100 0 24 -12851 0 55 0
1851 8 903 0 -6 -12851 0 60 0
1852 8 742 0 -6 -12851 0 60 0
1853 12 742 1100 -6 24 0 51 51
1854 8 742 0 24 -12851 0 55 0
1855 8 1100 0 6 -12851 0 60 0
1856 12 742 1100 -6 24 0 55 55
1857 8 742 0 -24 -12851 0 60 0
1858 8 1100 0 -6 -12851 0 55 0
1859 12 609 742 -6 24 0 51 55
1860 8 742 0 24 -12851 0 60 0
1861 8 742 0 -24 -12851 0 60 0
1862 8 500 0 6 -12851 0 60 0
1863 12 1100 742 6 -24 0 55 55
1864 8 742 0 6 -12851 0 55 0
1865 12 609 742 6 -24 0 51 55
1866 8 742 0 6 -12851 0 60 0
1867 8 903 0 24 -12851 0 60 0
1868 8 500 0 24 -12851 0 55 0
1869 12 742 903 -6 24 0 51 51
1870 8 500 0 24 -12851 0 60 0
1871 12 609 742 -6 24 0 55 55
1872 8 903 0 24 -12851 0 55 0
1873 8 1100 0 -24 -12851 0 60 0
1874 8 903 0 -6 -12851 0 55 0
1875 12 742 903 6 -24 0 55 51
1876 8 609 0 24 -12851 0 60 0
1877 8 609 0 -6 -12851 0 55 0
1878 8 609 0 -24 -12851 0 60 0
1879 12 742 903 6 -24 0 51 51
1880 8 1100 0 -24 -12851 0 55 0
1881 12 742 609 6 -24 0 55 51
1882 8 1100 0 6 -12851 0 55 0
1883 8 742 0 6 -12851 0 60 0
1884 12 742 1100 6 -24 0 51 55
1885 12 903 742 -6 24 0 51 55
1886 12 742 1100 -6 24 0 51 55
1887 8 742 0 -24 -12851 0 60 0
