261 12 742 1100 6 -24 0 51 55
262 8 500 0 6 -12851 1 60 0
263 12 742 500 6 -24 1 55 55
264 12 742 903 -6 24 0 55 55
265 12 500 742 6 -24 0 51 55
266 8 1100 0 -6 -12851 0 55 0
267 8 609 0 -6 -12851 0 55 0
268 8 903 0 -6 -12851 0 60 0
269 8 609 0 -24 -12851 0 60 0
270 8 609 0 -6 -12851 0 60 0
271 8 609 0 -6 -12851 1 60 0
272 8 500 0 -24 -12851 1 55 0
273 12 500 742 -6 24 1 55 55
274 8 609 0 6 -12851 1 60 0
275 8 1100 0 -6 -12851 0 60 0
276 8 500 0 -6 -12851 1 60 0
277 8 500 0 -6 -12851 0 55 0
278 8 609 0 24 -12851 1 60 0
279 8 903 0 24 -12851 1 60 0
280 8 1100 0 -24 -12851 1 60 0
281 8 742 0 24 -12851 1 55 0
282 8 742 0 6 -12851 1 55 0
283 8 1100 0 -24 -12851 1 60 0
284 8 903 0 -6 -12851 0 55 0
285 8 903 0 -6 -12851 1 55 0
286 8 742 0 6 -12851 1 60 0
287 8 1100 0 -24 -12851 1 60 0
288 12 742 903 -6 24 1 55 55
289 8 1100 0 6 -12851 0 60 0
290 8 609 0 24 -12851 1 60 0
291 8 500 0 6 -12851 1 55 0
292 12 742 1100 6 -24 0 51 51
293 8 903 0 -6 -12851 1 55 0
294 8 1100 0 -24 -12851 1 60 0
295 12 1100 742 -6 24 1 55 55
296 12 903 742 6 -24 1 51 55
297 12 742 500 -6 24 0 55 55
298 8 609 0 -24 -12851 0 55 0
299 12 903 742 -6 24 0 55 51
300 8 609 0 -6 -12851 0 55 0
301 12 742 500 -6 24 0 55 55
302 12 742 903 6 -24 0 55 55
303 8 500 0 24 -12851 0 60 0
304 12 609 742 -6 24 0 51 51
305 8 1100 0 -6 -12851 1 60 0
306 12 742 609 -6 24 0 51 51
307 12 742 500 -6 24 0 55 55
308 12 1100 742 -6 24 0 51 51
309 12 742 609 -6 24 1 55 55
310 12 742 903 6 -24 0 55 55
311 8 500 0 6 -12851 1 55 0
312 12 500 742 6 -24 1 55 55
313 8 903 0 -6 -12851 0 60 0
314 12 609 742 6 -24 0 51 55
315 12 742 500 6 -24 1 51 55
316 8 742 0 24 -12851 1 55 0
317 8 903 0 24 -12851 0 55 0
318 8 742 0 -24 -12851 1 60 0
319 12 903 742 -6 24 0 55 51
320 8 742 0 24 -12851 0 60 0
321 8 1100 0 24 -12851 1 55 0
322 8 1100 0 -6 -12851 1 60 0
323 8 609 0 24 -12851 1 55 0
324 12 742 609 6 -24 1 51 51
325 8 609 0 24 -12851 0 60 0
326 12 500 742 -6 24 1 55 55
327 8 742 0 24 -12851 1 55 0
328 8 742 0 24 -12851 1 60 0
329 8 1100 0 6 -12851 1 60 0
330 12 742 609 -6 24 1 55 51
331 8 609 0 6 -12851 1 55 0
332 12 1100 742 -6 24 1 55 55
333 8 1100 0 -24 -12851 0 60 0
334 8 903 0 -6 -12851 0 55 0
335 8 500 0 24 -12851 1 55 0
336 12 742 500 -6 24 0 55 55
337 12 903 742 6 -24 1 51 55
338 8 903 0 -6 -12851 1 60 0
339 12 742 609 6 -24 1 51 51
340 12 1100 742 -6 24 1 51 55
341 8 500 0 -6 -12851 1 60 0
342 12 609 742 -6 24 1 55 55
343 8 742 0 -24 -12851 1 55 0
344 8 903 0 -6 -12851 0 55 0
345 8 500 0 -6 -12851 1 60 0
346 8 903 0 24 -12851 1 55 0
347 8 903 0 24 -12851 1 60 0
348 8 500 0 -24 -12851 0 60 0
349 12 500 742 6 -24 1 51 55
350 8 742 0 -6 -12851 1 55 0
351 12 903 742 -6 24 1 51 51
352 8 903 0 -6 -12851 0 55 0
353 8 500 0 6 -12851 1 60 0
354 8 609 0 -24 -12851 1 60 0
355 12 609 742 6 -24 0 51 55
356 12 742 903 -6 24 0 51 51
357 8 1100 0 -6 -12851 0 60 0
358 12 609 742 -6 24 1 51 55
359 8 903 0 6 -12851 1 55 0
360 8 1100 0 -6 -12851 1 55 0
361 8 742 0 24 -12851 1 55 0
362 12 903 742 -6 24 1 55 55
363 8 1100 0 -6 -12851 0 55 0
364 8 742 0 -6 -12851 1 60 0
365 8 500 0 -24 -12851 0 60 0
366 8 609 0 24 -12851 0 60 0
367 8 609 0 -6 -12851 1 55 0
368 12 1100 742 6 -24 0 51 51
369 8 903 0 -6 -12851 1 60 0
370 8 903 0 24 -12851 1 60 0
371 12 1100 742 -6 24 1 51 51
372 8 1100 0 6 -12851 1 60 0
373 8 609 0 6 -12851 1 55 0
374 8 903 0 -6 -12851 1 55 0
375 8 1100 0 -24 -12851 0 55 0
376 8 609 0 24 -12851 1 55 0
377 8 742 0 6 -12851 1 55 0
378 8 500 0 -24 -12851 0 55 0
379 8 1100 0 24 -12851 1 55 0
380 8 742 0 -6 -12851 0 60 0
381 8 903 0 -24 -12851 0 55 0
382 12 609 742 6 -24 1 51 55
383 8 500 0 -6 -12851 1 55 0
384 12 742 903 -6 24 1 51 51
385 12 742 903 6 -24 1 51 51
386 12 742 1100 -6 24 1 55 51
387 8 742 0 -24 -12851 0 55 0
388 12 609 742 6 -24 1 51 51
389 12 742 903 -6 24 1 55 55
390 8 609 0 6 -12851 1 60 0
391 12 742 903 -6 24 0 51 55
392 12 1100 742 6 -24 0 55 55
393 12 500 742 -6 24 0 51 51
394 12 742 500 6 -24 1 51 51
395 8 500 0 -6 -12851 1 60 0
396 8 903 0 -24 -12851 0 60 0
397 12 742 903 6 -24 1 51 51
398 8 903 0 24 -12851 0 55 0
399 12 742 500 -6 24 1 51 51
400 12 742 609 6 -24 0 55 55
401 8 609 0 24 -12851 0 60 0
402 8 903 0 -6 -12851 0 60 0
403 8 742 0 6 -12851 1 55 0
404 8 609 0 -6 -12851 0 60 0
405 8 609 0 -6 -12851 0 55 0
406 12 903 742 -6 24 0 55 51
407 12 742 609 6 -24 0 55 55
408 8 1100 0 24 -12851 1 55 0
409 8 903 0 6 -12851 1 55 0
410 12 1100 742 6 -24 0 51 51
411 12 742 903 6 -24 1 51 51
412 8 1100 0 -6 -12851 1 55 0
413 12 903 742 -6 24 1 51 51
414 8 1100 0 24 -12851 1 55 0
415 8 742 0 -24 -12851 1 55 0
416 12 742 903 -6 24 1 55 55
417 8 742 0 -6 -12851 0 55 0
418 12 742 609 6 -24 1 51 55
419 8 500 0 -6 -12851 0 60 0
420 12 742 903 6 -24 1 55 55
421 12 903 742 -6 24 1 55 51
422 8 500 0 24 -12851 1 55 0
423 12 500 742 6 -24 1 51 55
424 12 742 609 -6 24 0 51 51
425 12 1100 742 -6 24 1 51 55
426 12 742 609 6 -24 0 55 55
427 8 500 0 6 -12851 1 60 0
428 8 742 0 -24 -12851 0 60 0
429 12 500 742 6 -24 1 55 55
430 8 742 0 24 -12851 0 60 0
431 8 500 0 6 -12851 1 60 0
432 8 742 0 -24 -12851 0 55 0
433 8 609 0 24 -12851 1 55 0
434 8 903 0 -6 -12851 1 60 0
435 8 903 0 6 -12851 1 60 0
436 8 1100 0 24 -12851 1 55 0
437 12 500 742 6 -24 1 51 51
438 8 742 0 -24 -12851 1 55 0
439 12 1100 742 -6 24 1 51 55
440 12 742 903 6 -24 1 55 55
441 12 742 1100 -6 24 1 55 55
442 12 500 742 -6 24 1 55 51
443 8 1100 0 6 -12851 0 60 0
444 8 609 0 24 -12851 1 55 0
445 8 1100 0 -6 -12851 1 55 0
446 8 500 0 24 -12851 1 55 0
447 8 609 0 -6 -12851 0 60 0
448 8 500 0 -24 -12851 1 60 0
449 8 903 0 -6 -12851 1 60 0
450 12 500 742 -6 24 1 55 51
451 8 903 0 24 -12851 1 60 0
452 8 903 0 6 -12851 1 55 0
453 12 500 742 6 -24 1 51 51
454 12 609 742 6 -24 1 55 55
455 8 903 0 6 -12851 1 60 0
456 8 742 0 24 -12851 1 55 0
457 12 500 742 6 -24 1 55 55
458 8 500 0 -6 -12851 1 60 0
459 12 742 500 -6 24 0 51 55
460 8 1100 0 24 -12851 1 60 0
461 12 903 742 -6 24 1 51 51
462 12 742 500 6 -24 1 51 55
463 8 500 0 -6 -12851 1 55 0
464 12 742 1100 6 -24 0 51 51
465 8 742 0 6 -12851 1 55 0
466 12 742 1100 6 -24 0 51 55
467 8 903 0 6 -12851 1 55 0
468 8 1100 0 -24 -12851 0 55 0
469 8 609 0 24 -12851 1 55 0
470 12 742 609 6 -24 0 51 55
471 12 742 1100 6 -24 0 51 51
472 8 742 0 -24 -12851 0 55 0
473 8 1100 0 6 -12851 1 55 0
474 12 1100 742 6 -24 1 55 51
475 8 500 0 6 -12851 0 55 0
476 12 1100 742 6 -24 1 55 55
477 8 609 0 -6 -12851 1 60 0
478 12 742 1100 -6 24 1 51 55
479 8 609 0 -6 -12851 1 55 0
480 8 609 0 6 -12851 1 55 0
481 12 742 1100 6 -24 1 55 51
482 12 609 742 -6 24 1 55 51
483 8 609 0 -24 -12851 1 60 0
484 12 742 1100 6 -24 1 55 51
485 12 742 609 6 -24 1 51 55
486 8 742 0 6 -12851 0 55 0
487 12 742 903 6 -24 1 51 55
488 8 500 0 -24 -12851 1 55 0
489 8 742 0 -6 -12851 1 60 0
490 12 609 742 -6 24 1 55 51
491 12 1100 742 6 -24 1 51 51
492 8 742 0 24 -12851 1 60 0
493 8 903 0 6 -12851 1 55 0
494 8 1100 0 -24 -12851 1 55 0
495 12 742 500 -6 24 1 55 55
496 8 903 0 -6 -12851 0 55 0
497 8 609 0 -6 -12851 1 55 0
498 8 903 0 24 -12851 1 55 0
499 12 903 742 -6 24 0 55 55
500 8 1100 0 -6 -12851 1 60 0
501 12 1100 742 -6 24 0 55 51
502 12 742 1100 6 -24 1 51 51
503 8 500 0 6 -12851 1 55 0
504 8 609 0 -24 -12851 0 55 0
505 8 1100 0 24 -12851 1 60 0
506 8 500 0 -6 -12851 0 55 0
507 12 742 609 6 -24 0 55 55
508 8 500 0 6 -12851 0 60 0
509 8 500 0 24 -12851 1 55 0
510 8 1100 0 -6 -12851 1 55 0
511 8 903 0 24 -12851 0 60 0
512 12 742 609 -6 24 0 51 55
513 8 609 0 -24 -12851 0 55 0
514 8 609 0 -6 -12851 1 60 0
515 12 903 742 6 -24 1 51 55
516 8 500 0 -6 -12851 1 60 0
517 12 742 500 6 -24 1 55 55
518 8 742 0 -24 -12851 1 55 0
519 8 903 0 -24 -12851 0 60 0
520 12 903 742 6 -24 0 51 51
521 8 500 0 -24 -12851 1 55 0
522 12 742 903 6 -24 1 55 55
523 8 903 0 24 -12851 1 60 0
524 12 742 609 6 -24 1 51 55
525 12 609 742 6 -24 1 51 55
526 12 1100 742 -6 24 1 55 51
527 8 742 0 24 -12851 1 60 0
528 12 500 742 -6 24 0 55 51
529 12 609 742 -6 24 0 55 55
530 8 742 0 6 -12851 1 60 0
531 8 609 0 -24 -12851 1 60 0
532 12 903 742 6 -24 1 55 55
533 8 1100 0 24 -12851 1 55 0
534 12 609 742 -6 24 1 55 55
535 8 1100 0 -24 -12851 1 60 0
536 12 742 609 -6 24 1 51 55
537 12 742 1100 -6 24 0 51 51
538 8 742 0 6 -12851 1 55 0
539 12 742 1100 -6 24 1 55 51
540 12 742 500 6 -24 1 55 51
541 12 742 1100 -6 24 0 55 55
542 8 742 0 -24 -12851 0 55 0
543 8 500 0 24 -12851 1 55 0
544 12 1100 742 -6 24 1 55 51
545 8 609 0 24 -12851 1 60 0
546 8 609 0 -24 -12851 1 55 0
547 8 903 0 24 -12851 1 55 0
548 8 742 0 24 -12851 0 55 0
549 8 742 0 24 -12851 0 55 0
550 12 1100 742 -6 24 1 51 55
551 8 903 0 -24 -12851 0 60 0
552 8 500 0 -6 -12851 0 60 0
553 8 609 0 24 -12851 0 60 0
554 8 903 0 24 -12851 0 60 0
555 12 742 1100 6 -24 0 55 55
556 12 742 609 6 -24 0 55 51
557 8 500 0 24 -12851 1 60 0
558 8 1100 0 6 -12851 1 60 0
559 8 1100 0 -24 -12851 1 55 0
560 12 500 742 6 -24 1 51 55
561 8 1100 0 -24 -12851 0 60 0
562 8 1100 0 6 -12851 1 55 0
563 8 1100 0 6 -12851 1 60 0
564 8 500 0 6 -12851 1 60 0
565 12 742 609 -6 24 1 51 55
566 12 742 1100 6 -24 1 55 55
567 12 500 742 -6 24 1 55 51
568 8 609 0 -6 -12851 0 55 0
569 12 742 903 6 -24 1 51 51
570 8 903 0 -24 -12851 0 60 0
571 8 609 0 6 -12851 1 60 0
572 8 500 0 -24 -12851 1 60 0
573 8 609 0 6 -12851 1 60 0
574 12 742 609 -6 24 0 51 55
575 8 742 0 -24 -12851 1 55 0
576 12 742 1100 -6 24 0 55 55
577 8 742 0 6 -12851 1 55 0
578 8 500 0 -24 -12851 0 60 0
579 8 742 0 -24 -12851 1 55 0
580 12 742 609 -6 24 0 55 51
581 12 742 609 6 -24 1 55 51
582 12 609 742 -6 24 0 55 55
583 12 742 903 6 -24 1 55 55
584 12 903 742 6 -24 1 55 55
585 8 903 0 -6 -12851 0 55 0
586 8 1100 0 24 -12851 0 55 0
587 8 1100 0 6 -12851 0 60 0
588 8 903 0 24 -12851 0 60 0
589 8 1100 0 24 -12851 1 55 0
590 12 500 742 6 -24 1 55 51
591 12 742 903 6 -24 1 55 51
592 12 742 1100 -6 24 1 55 55
593 8 1100 0 24 -12851 0 55 0
594 12 500 742 6 -24 1 55 51
595 8 609 0 24 -12851 1 55 0
596 12 742 609 6 -24 1 55 51
597 8 609 0 6 -12851 0 60 0
598 8 742 0 -6 -12851 0 55 0
599 8 742 0 24 -12851 1 55 0
600 12 742 903 6 -24 1 55 55
601 8 1100 0 -6 -12851 1 55 0
602 12 500 742 -6 24 0 51 55
603 8 609 0 6 -12851 1 55 0
604 8 1100 0 6 -12851 1 60 0
605 12 500 742 -6 24 0 51 51
606 12 742 1100 -6 24 0 55 51
607 8 903 0 -24 -12851 0 60 0
608 8 500 0 -6 -12851 0 55 0
609 12 903 742 6 -24 0 55 51
610 12 1100 742 -6 24 1 55 55
611 12 903 742 -6 24 1 55 51
612 8 903 0 -24 -12851 0 60 0
613 8 500 0 6 -12851 1 55 0
614 12 1100 742 6 -24 1 55 55
615 12 742 609 6 -24 1 55 55
616 12 742 1100 6 -24 1 51 55
617 12 903 742 6 -24 1 55 51
618 8 742 0 -24 -12851 1 55 0
619 8 903 0 6 -12851 1 55 0
620 12 609 742 6 -24 1 55 55
621 8 500 0 -6 -12851 1 55 0
622 8 500 0 -24 -12851 1 55 0
623 8 500 0 -24 -12851 0 55 0
624 12 742 609 6 -24 0 51 51
625 8 609 0 -24 -12851 0 55 0
626 8 500 0 24 -12851 1 60 0
627 8 742 0 24 -12851 0 55 0
628 12 500 742 -6 24 0 55 55
629 8 903 0 -24 -12851 0 55 0
630 8 500 0 24 -12851 0 55 0
631 8 742 0 24 -12851 1 55 0
632 8 742 0 6 -12851 0 60 0
633 12 742 903 -6 24 0 51 51
634 8 1100 0 -24 -12851 1 60 0
635 12 903 742 -6 24 1 55 55
636 12 742 609 6 -24 1 51 51
637 8 609 0 6 -12851 1 55 0
638 8 903 0 24 -12851 1 55 0
639 12 742 500 -6 24 1 55 55
640 8 609 0 24 -12851 1 60 0
641 8 1100 0 24 -12851 1 60 0
642 8 903 0 -24 -12851 1 60 0
643 12 742 500 6 -24 1 55 55
644 8 1100 0 24 -12851 1 60 0
645 8 1100 0 -24 -12851 0 60 0
646 12 742 500 -6 24 1 51 55
647 8 1100 0 -6 -12851 0 55 0
648 8 609 0 -6 -12851 0 60 0
649 8 500 0 24 -12851 0 60 0
650 8 1100 0 -24 -12851 0 60 0
651 8 742 0 -6 -12851 0 60 0
652 8 500 0 6 -12851 1 60 0
653 8 609 0 6 -12851 1 55 0
654 8 903 0 -6 -12851 0 60 0
655 8 903 0 24 -12851 1 60 0
656 8 500 0 -24 -12851 1 55 0
657 12 742 903 6 -24 1 55 51
658 8 1100 0 -6 -12851 1 55 0
659 8 903 0 6 -12851 1 60 0
660 12 742 500 -6 24 1 55 55
661 8 742 0 -6 -12851 0 55 0
662 8 742 0 -24 -12851 1 55 0
663 8 609 0 -6 -12851 0 55 0
664 8 1100 0 -24 -12851 1 60 0
665 8 1100 0 6 -12851 1 55 0
666 8 609 0 24 -12851 0 55 0
667 8 609 0 24 -12851 1 60 0
668 12 903 742 -6 24 1 51 55
669 8 742 0 -24 -12851 1 60 0
670 12 742 1100 -6 24 1 51 55
671 8 742 0 24 -12851 0 60 0
672 12 609 742 6 -24 1 51 55
673 12 742 1100 6 -24 1 55 55
674 12 903 742 6 -24 1 55 51
675 8 1100 0 -6 -12851 0 55 0
676 12 1100 742 -6 24 1 55 55
677 8 609 0 -6 -12851 0 60 0
678 8 1100 0 -6 -12851 0 60 0
679 8 903 0 -6 -12851 0 55 0
680 8 500 0 6 -12851 0 60 0
681 8 903 0 24 -12851 0 60 0
682 12 1100 742 6 -24 1 55 51
683 8 500 0 24 -12851 1 60 0
684 8 742 0 24 -12851 1 55 0
685 8 903 0 -24 -12851 0 60 0
686 8 500 0 6 -12851 1 55 0
687 8 609 0 6 -12851 1 60 0
688 8 609 0 6 -12851 1 60 0
689 12 742 500 -6 24 0 55 51
690 12 742 1100 6 -24 0 55 55
691 8 742 0 -6 -12851 0 55 0
692 12 742 903 -6 24 0 55 51
693 12 742 903 6 -24 0 51 55
694 8 609 0 -24 -12851 0 60 0
695 8 500 0 -24 -12851 0 55 0
696 8 609 0 24 -12851 0 55 0
697 8 500 0 6 -12851 0 55 0
698 12 903 742 6 -24 0 51 51
699 12 742 609 6 -24 0 55 55
700 12 1100 742 6 -24 1 51 55
701 12 609 742 -6 24 1 51 55
702 8 742 0 -24 -12851 0 55 0
703 8 1100 0 24 -12851 1 60 0
704 8 742 0 -24 -12851 0 55 0
705 8 500 0 24 -12851 1 60 0
706 8 903 0 24 -12851 1 55 0
707 8 903 0 6 -12851 1 55 0
708 12 609 742 6 -24 1 55 55
709 12 609 742 -6 24 0 51 55
710 8 1100 0 6 -12851 0 55 0
711 8 903 0 -6 -12851 0 55 0
712 8 1100 0 -6 -12851 1 60 0
713 12 742 1100 -6 24 1 55 55
714 12 742 903 -6 24 1 55 55
715 12 742 1100 6 -24 0 51 55
716 12 742 903 6 -24 0 51 55
717 8 1100 0 24 -12851 0 55 0
718 8 1100 0 -24 -12851 0 55 0
719 8 742 0 24 -12851 0 60 0
720 8 609 0 24 -12851 0 55 0
721 8 500 0 -6 -12851 0 60 0
722 8 609 0 -6 -12851 0 55 0
723 8 903 0 6 -12851 0 55 0
724 8 742 0 -24 -12851 0 60 0
725 8 500 0 -6 -12851 0 60 0
726 12 742 609 -6 24 0 51 51
727 8 903 0 -6 -12851 0 55 0
728 8 500 0 24 -12851 1 60 0
729 8 1100 0 -6 -12851 1 55 0
730 12 742 500 -6 24 0 51 51
731 12 500 742 -6 24 0 51 51
732 12 500 742 6 -24 0 51 51
733 8 1100 0 6 -12851 1 60 0
734 8 742 0 -6 -12851 0 60 0
735 12 609 742 -6 24 0 55 55
736 8 609 0 6 -12851 0 60 0
737 8 903 0 24 -12851 0 60 0
738 12 742 1100 6 -24 0 51 51
739 8 500 0 6 -12851 0 55 0
740 12 742 903 6 -24 0 51 51
741 12 742 1100 -6 24 0 51 51
742 8 500 0 -6 -12851 0 55 0
743 12 1100 742 -6 24 0 55 55
744 12 742 500 -6 24 0 51 55
745 8 609 0 -6 -12851 0 55 0
746 8 609 0 24 -12851 0 60 0
747 8 1100 0 24 -12851 0 60 0
748 8 500 0 -6 -12851 0 60 0
749 12 742 500 -6 24 0 55 51
750 12 903 742 6 -24 0 51 51
751 12 742 500 -6 24 0 51 51
752 8 609 0 -24 -12851 0 60 0
753 8 903 0 -24 -12851 0 55 0
754 8 500 0 -6 -12851 0 60 0
755 8 903 0 -24 -12851 0 60 0
756 8 903 0 24 -12851 0 60 0
757 8 1100 0 6 -12851 0 60 0
758 8 742 0 -24 -12851 0 60 0
759 12 1100 742 6 -24 0 55 55
760 12 500 742 6 -24 0 51 51
761 8 1100 0 -24 -12851 0 60 0
762 8 742 0 -24 -12851 0 55 0
763 12 1100 742 6 -24 0 51 51
764 8 742 0 6 -12851 0 60 0
765 12 903 742 -6 24 0 51 51
766 8 742 0 -24 -12851 0 55 0
767 12 903 742 -6 24 0 51 55
768 8 742 0 24 -12851 0 60 0
769 12 742 609 6 -24 0 55 51
770 8 500 0 -24 -12851 0 60 0
771 12 609 742 6 -24 0 55 55
772 12 609 742 6 -24 0 51 55
773 12 742 1100 6 -24 0 55 55
774 8 742 0 24 -12851 0 60 0
775 12 500 742 -6 24 0 55 51
776 8 609 0 -24 -12851 0 55 0
777 12 742 609 -6 24 0 51 51
778 8 903 0 24 -12851 0 55 0
779 8 903 0 6 -12851 0 55 0
780 12 500 742 -6 24 0 55 55
781 12 742 609 6 -24 0 51 51
782 12 742 500 6 -24 0 55 51
783 8 1100 0 -6 -12851 0 60 0
784 8 742 0 -24 -12851 0 60 0
785 12 742 500 -6 24 0 51 51
786 8 1100 0 6 -12851 0 60 0
787 12 742 1100 -6 24 0 55 55
788 8 609 0 -6 -12851 0 60 0
789 12 903 742 -6 24 0 55 51
790 8 1100 0 -24 -12851 0 55 0
791 8 500 0 24 -12851 0 60 0
792 12 609 742 -6 24 0 55 51
793 12 500 742 6 -24 0 55 51
794 8 609 0 6 -12851 0 60 0
795 8 500 0 24 -12851 0 60 0
796 8 903 0 -24 -12851 0 60 0
797 8 903 0 -24 -12851 0 60 0
798 8 903 0 6 -12851 0 55 0
799 12 609 742 6 -24 0 55 55
800 12 1100 742 -6 24 0 51 51
801 12 500 742 6 -24 0 51 55
802 12 742 609 6 -24 0 55 55
803 8 742 0 6 -12851 0 55 0
804 12 742 609 6 -24 0 55 55
805 8 903 0 -6 -12851 0 60 0
806 12 1100 742 -6 24 0 51 55
807 12 742 500 6 -24 0 51 55
808 12 903 742 6 -24 0 51 51
809 8 609 0 -6 -12851 0 55 0
810 8 1100 0 -6 -12851 0 60 0
811 12 742 903 6 -24 0 55 55
812 12 609 742 -6 24 0 55 51
813 12 742 903 6 -24 0 51 55
814 12 903 742 6 -24 0 55 55
815 8 742 0 -6 -12851 0 55 0
816 12 742 609 6 -24 0 51 51
817 8 1100 0 24 -12851 0 55 0
818 12 742 500 -6 24 0 55 51
819 12 742 1100 6 -24 0 51 51
820 12 1100 742 6 -24 0 51 55
821 12 1100 742 -6 24 0 51 51
822 8 742 0 -24 -12851 0 55 0
823 12 1100 742 6 -24 0 55 51
824 8 903 0 24 -12851 0 55 0
825 12 742 1100 6 -24 0 51 55
826 8 500 0 -6 -12851 0 55 0
827 8 1100 0 6 -12851 0 55 0
828 12 903 742 6 -24 0 55 55
829 12 1100 742 -6 24 0 51 55
830 8 609 0 -6 -12851 0 55 0
831 12 742 903 -6 24 0 55 55
832 8 500 0 6 -12851 0 60 0
833 12 500 742 -6 24 0 55 51
834 8 609 0 -6 -12851 0 55 0
835 8 500 0 6 -12851 0 60 0
836 12 1100 742 6 -24 0 51 55
837 8 500 0 6 -12851 0 55 0
838 12 742 609 -6 24 0 51 51
839 8 500 0 24 -12851 0 55 0
840 8 609 0 24 -12851 0 55 0
841 8 1100 0 24 -12851 0 55 0
842 8 1100 0 24 -12851 0 60 0
843 12 742 903 6 -24 0 51 51
844 12 742 609 6 -24 0 51 55
845 8 903 0 24 -12851 0 55 0
846 12 742 500 -6 24 0 51 51
847 8 1100 0 -24 -12851 0 60 0
848 12 500 742 -6 24 0 51 51
849 8 903 0 6 -12851 0 60 0
850 12 742 609 6 -24 0 55 51
851 12 742 500 -6 24 0 51 55
852 8 500 0 24 -12851 0 55 0
853 12 903 742 6 -24 0 55 51
854 12 742 903 6 -24 0 55 51
855 12 903 742 6 -24 0 51 55
856 12 609 742 -6 24 0 55 55
857 8 742 0 24 -12851 0 55 0
858 12 742 500 6 -24 0 55 51
859 8 609 0 24 -12851 0 55 0
860 12 500 742 -6 24 0 51 55
861 12 742 500 -6 24 0 55 55
862 8 609 0 24 -12851 0 60 0
863 12 500 742 6 -24 0 51 51
864 12 742 609 6 -24 0 51 51
865 8 742 0 6 -12851 0 60 0
866 12 1100 742 -6 24 0 55 55
867 8 742 0 -24 -12851 0 60 0
868 8 500 0 -24 -12851 0 55 0
869 8 903 0 24 -12851 0 60 0
870 8 742 0 6 -12851 0 60 0
871 8 742 0 24 -12851 0 55 0
872 8 500 0 -6 -12851 0 60 0
873 12 742 500 -6 24 0 55 51
874 8 742 0 24 -12851 0 55 0
875 12 903 742 6 -24 0 55 55
876 12 500 742 6 -24 0 55 55
877 8 609 0 -6 -12851 0 60 0
878 12 609 742 -6 24 0 51 51
879 8 903 0 6 -12851 0 60 0
880 12 500 742 6 -24 0 51 55
881 8 903 0 -24 -12851 0 55 0
882 8 1100 0 24 -12851 0 55 0
883 8 742 0 6 -12851 0 55 0
884 12 609 742 -6 24 0 55 51
885 8 1100 0 24 -12851 0 60 0
886 8 609 0 -24 -12851 0 55 0
887 12 1100 742 -6 24 0 55 55
888 8 1100 0 6 -12851 0 55 0
889 8 500 0 -24 -12851 0 60 0
890 12 742 1100 6 -24 0 51 51
891 8 609 0 24 -12851 0 55 0
892 12 609 742 6 -24 0 51 51
893 12 742 500 6 -24 0 55 55
894 8 500 0 6 -12851 0 60 0
895 8 903 0 24 -12851 0 55 0
896 8 1100 0 -6 -12851 0 55 0
897 8 1100 0 -6 -12851 0 60 0
898 8 609 0 6 -12851 0 60 0
899 12 903 742 6 -24 0 55 55
900 8 609 0 24 -12851 0 60 0
901 8 742 0 -6 -12851 0 60 0
902 8 742 0 6 -12851 0 60 0
903 8 1100 0 -6 -12851 0 60 0
904 8 609 0 6 -12851 0 55 0
905 8 1100 0 -24 -12851 0 60 0
906 8 903 0 -6 -12851 0 60 0
907 12 609 742 6 -24 0 51 55
908 12 742 903 -6 24 0 51 55
909 12 500 742 -6 24 0 51 55
910 8 500 0 24 -12851 0 55 0
911 8 903 0 -24 -12851 0 60 0
912 8 500 0 24 -12851 0 60 0
913 12 742 609 6 -24 0 51 51
914 8 742 0 24 -12851 0 55 0
915 8 903 0 6 -12851 0 55 0
916 12 500 742 6 -24 0 55 51
917 12 742 609 6 -24 0 51 55
918 8 500 0 -6 -12851 0 55 0
919 8 1100 0 6 -12851 0 60 0
920 8 1100 0 6 -12851 0 60 0
921 12 742 1100 6 -24 0 55 51
922 8 903 0 -24 -12851 0 60 0
923 12 903 742 6 -24 0 55 55
924 12 500 742 6 -24 0 51 51
925 8 742 0 24 -12851 0 55 0
926 8 742 0 -6 -12851 0 55 0
927 8 742 0 24 -12851 0 60 0
928 12 1100 742 6 -24 0 55 51
929 8 1100 0 -24 -12851 0 55 0
930 12 1100 742 6 -24 0 55 55
931 12 742 903 -6 24 0 51 55
932 12 742 1100 6 -24 0 55 55
933 12 609 742 6 -24 0 51 51
934 8 609 0 6 -12851 0 60 0
935 12 742 1100 -6 24 0 55 55
936 8 500 0 -6 -12851 0 55 0
937 8 609 0 6 -12851 0 55 0
938 12 903 742 6 -24 0 51 51
939 8 1100 0 24 -12851 0 55 0
940 8 500 0 24 -12851 0 55 0
941 8 903 0 6 -12851 0 55 0
942 12 742 609 6 -24 0 55 51
943 8 903 0 24 -12851 0 55 0
944 12 903 742 -6 24 0 51 55
945 12 1100 742 -6 24 0 51 55
946 12 609 742 6 -24 0 51 51
947 12 742 500 -6 24 0 55 51
948 12 742 609 -6 24 0 55 55
949 8 500 0 -6 -12851 0 60 0
950 12 742 1100 6 -24 0 55 55
951 8 609 0 24 -12851 0 55 0
952 8 609 0 24 -12851 0 55 0
953 8 609 0 -24 -12851 0 60 0
954 8 1100 0 6 -12851 0 60 0
955 8 609 0 -24 -12851 0 60 0
956 12 742 903 -6 24 0 55 55
957 8 500 0 -24 -12851 0 60 0
958 8 609 0 -6 -12851 0 55 0
959 8 742 0 -24 -12851 0 55 0
960 12 1100 742 6 -24 0 55 55
961 8 500 0 6 -12851 0 60 0
962 8 500 0 -6 -12851 0 55 0
963 12 903 742 6 -24 0 51 55
964 12 609 742 6 -24 0 55 55
965 8 1100 0 6 -12851 0 55 0
966 8 903 0 -24 -12851 0 60 0
967 8 742 0 -6 -12851 0 60 0
968 8 903 0 -24 -12851 0 55 0
969 12 742 500 6 -24 0 55 55
970 8 742 0 6 -12851 0 55 0
971 8 1100 0 6 -12851 0 55 0
972 8 903 0 -6 -12851 0 60 0
973 8 500 0 -6 -12851 0 60 0
974 8 500 0 24 -12851 0 55 0
975 12 1100 742 -6 24 0 55 55
976 12 903 742 6 -24 0 55 55
977 12 903 742 -6 24 0 55 55
978 8 609 0 -24 -12851 0 60 0
979 8 500 0 -24 -12851 0 60 0
980 8 742 0 -24 -12851 0 60 0
981 8 903 0 -6 -12851 0 60 0
982 8 500 0 24 -12851 0 55 0
983 8 742 0 -24 -12851 0 55 0
984 8 742 0 6 -12851 0 60 0
985 8 1100 0 24 -12851 0 55 0
986 8 609 0 6 -12851 0 55 0
987 12 1100 742 6 -24 0 51 55
988 12 500 742 6 -24 0 55 55
989 8 903 0 -6 -12851 0 60 0
990 8 609 0 24 -12851 0 60 0
991 12 500 742 6 -24 0 55 51
992 8 1100 0 6 -12851 0 55 0
993 12 609 742 6 -24 0 55 51
994 8 903 0 6 -12851 0 60 0
995 8 1100 0 24 -12851 0 55 0
996 8 903 0 24 -12851 0 55 0
997 8 903 0 -6 -12851 0 60 0
998 8 609 0 -6 -12851 0 55 0
999 12 500 742 6 -24 0 55 51
1000 12 500 742 -6 24 0 51 51
1001 12 742 903 6 -24 0 51 51
1002 8 500 0 24 -12851 0 60 0
1003 8 742 0 -6 -12851 0 55 0
1004 12 742 609 6 -24 0 55 51
1005 8 903 0 6 -12851 0 60 0
1006 8 1100 0 24 -12851 0 55 0
1007 12 1100 742 -6 24 0 51 55
1008 8 1100 0 -24 -12851 0 55 0
1009 8 609 0 24 -12851 0 60 0
1010 8 742 0 6 -12851 0 55 0
1011 12 500 742 6 -24 0 51 55
1012 8 1100 0 6 -12851 0 60 0
1013 12 500 742 -6 24 0 55 51
1014 8 903 0 -24 -12851 0 55 0
1015 8 609 0 6 -12851 0 60 0
1016 12 742 903 -6 24 0 55 51
1017 12 500 742 6 -24 0 51 51
1018 12 903 742 -6 24 0 55 51
1019 8 500 0 -24 -12851 0 60 0
1020 8 500 0 6 -12851 0 60 0
1021 8 742 0 24 -12851 0 55 0
1022 12 903 742 6 -24 0 55 55
1023 8 1100 0 24 -12851 0 55 0
1024 12 742 1100 6 -24 0 55 51
1025 8 1100 0 -6 -12851 0 55 0
1026 12 903 742 -6 24 0 51 51
1027 12 1100 742 -6 24 0 51 51
1028 12 742 500 6 -24 0 55 51
1029 8 500 0 6 -12851 0 60 0
1030 12 742 609 -6 24 0 51 51
1031 12 1100 742 6 -24 0 51 51
1032 12 1100 742 6 -24 0 55 51
1033 8 609 0 -6 -12851 0 55 0
1034 12 609 742 -6 24 0 55 51
1035 8 903 0 -24 -12851 0 55 0
1036 8 609 0 -6 -12851 0 60 0
1037 8 500 0 6 -12851 0 55 0
1038 8 609 0 6 -12851 0 55 0
1039 8 742 0 6 -12851 0 60 0
1040 8 742 0 24 -12851 0 55 0
1041 8 500 0 -24 -12851 0 60 0
1042 8 742 0 6 -12851 0 55 0
1043 12 742 1100 -6 24 0 55 51
1044 8 903 0 -24 -12851 0 55 0
1045 8 1100 0 6 -12851 0 60 0
1046 12 609 742 6 -24 0 51 55
1047 12 742 1100 -6 24 0 55 55
1048 8 1100 0 -24 -12851 0 55 0
1049 12 1100 742 -6 24 0 51 51
1050 8 903 0 -24 -12851 0 60 0
1051 12 500 742 6 -24 0 55 51
1052 12 1100 742 -6 24 0 51 51
1053 8 903 0 6 -12851 0 55 0
1054 12 500 742 6 -24 0 55 51
1055 8 903 0 -6 -12851 0 60 0
1056 12 609 742 6 -24 0 51 51
1057 8 609 0 -6 -12851 0 55 0
1058 8 500 0 6 -12851 0 55 0
1059 8 903 0 24 -12851 0 60 0
1060 12 742 903 -6 24 0 51 55
1061 8 609 0 6 -12851 0 60 0
1062 8 500 0 24 -12851 0 55 0
1063 8 1100 0 -6 -12851 0 55 0
1064 8 742 0 6 -12851 0 55 0
1065 12 742 1100 6 -24 0 51 51
1066 12 742 500 -6 24 0 55 55
1067 12 500 742 6 -24 0 55 51
1068 12 903 742 -6 24 0 51 51
1069 12 1100 742 -6 24 0 55 51
1070 12 742 609 -6 24 0 55 55
1071 12 609 742 -6 24 0 51 55
1072 8 609 0 -24 -12851 0 55 0
1073 8 1100 0 -24 -12851 0 60 0
1074 8 1100 0 24 -12851 0 55 0
1075 12 742 500 6 -24 0 55 55
1076 12 1100 742 6 -24 0 51 51
1077 8 742 0 24 -12851 0 55 0
1078 8 742 0 6 -12851 0 55 0
1079 8 903 0 6 -12851 0 60 0
1080 8 500 0 6 -12851 0 55 0
1081 12 500 742 -6 24 0 55 51
1082 8 903 0 -6 -12851 0 55 0
1083 8 903 0 -24 -12851 0 55 0
1084 8 742 0 24 -12851 0 55 0
1085 8 742 0 6 -12851 0 60 0
1086 8 609 0 6 -12851 0 55 0
1087 8 1100 0 24 -12851 0 60 0
1088 8 609 0 24 -12851 0 55 0
1089 12 742 903 -6 24 0 55 51
1090 12 609 742 -6 24 0 55 55
1091 12 903 742 -6 24 0 51 55
1092 8 500 0 -24 -12851 0 55 0
1093 8 1100 0 -24 -12851 0 55 0
1094 12 742 1100 6 -24 0 55 55
1095 8 500 0 24 -12851 0 55 0
1096 12 742 1100 -6 24 0 51 51
1097 8 903 0 -24 -12851 0 60 0
1098 12 609 742 6 -24 0 55 51
1099 12 742 1100 6 -24 0 51 51
1100 12 742 500 -6 24 0 51 51
1101 8 609 0 -6 -12851 0 60 0
1102 8 500 0 24 -12851 0 55 0
1103 8 903 0 6 -12851 0 60 0
1104 8 1100 0 -6 -12851 0 60 0
1105 12 742 500 6 -24 0 51 51
1106 12 742 500 6 -24 0 55 55
1107 12 742 609 -6 24 0 55 51
1108 12 742 609 -6 24 0 55 51
1109 8 742 0 24 -12851 0 60 0
1110 8 903 0 -24 -12851 0 60 0
1111 12 903 742 -6 24 0 55 51
1112 8 903 0 -24 -12851 0 55 0
1113 12 742 500 6 -24 0 55 55
1114 12 903 742 -6 24 0 51 51
1115 8 500 0 -24 -12851 0 55 0
1116 8 742 0 24 -12851 0 60 0
1117 12 742 500 -6 24 0 51 55
1118 8 609 0 -6 -12851 0 55 0
1119 8 500 0 24 -12851 0 55 0
1120 8 903 0 24 -12851 0 55 0
1121 8 609 0 -24 -12851 0 55 0
1122 12 500 742 6 -24 0 55 51
1123 12 742 1100 -6 24 0 51 55
1124 12 500 742 6 -24 0 55 55
1125 8 903 0 24 -12851 0 55 0
1126 12 609 742 6 -24 0 55 55
1127 8 1100 0 24 -12851 0 55 0
1128 12 742 1100 -6 24 0 51 55
1129 12 609 742 6 -24 0 51 51
1130 8 609 0 6 -12851 0 60 0
1131 8 500 0 24 -12851 0 60 0
1132 8 1100 0 -24 -12851 0 60 0
1133 8 742 0 24 -12851 0 55 0
1134 8 742 0 -6 -12851 0 60 0
1135 8 1100 0 -6 -12851 0 60 0
1136 12 742 500 -6 24 0 55 51
1137 12 903 742 -6 24 0 55 51
1138 8 903 0 24 -12851 0 60 0
1139 12 742 1100 6 -24 0 55 55
1140 8 903 0 -24 -12851 0 60 0
1141 12 742 1100 6 -24 0 51 51
1142 8 903 0 6 -12851 0 60 0
1143 8 742 0 24 -12851 0 60 0
1144 12 742 609 6 -24 0 51 55
1145 8 500 0 24 -12851 0 55 0
1146 12 1100 742 -6 24 0 51 55
1147 8 1100 0 -24 -12851 0 60 0
1148 8 500 0 -24 -12851 0 60 0
1149 8 742 0 -6 -12851 0 55 0
1150 12 742 609 -6 24 0 55 51
1151 8 903 0 24 -12851 0 60 0
1152 8 1100 0 -24 -12851 0 60 0
1153 8 609 0 -24 -12851 0 60 0
1154 12 742 609 -6 24 0 55 55
1155 8 742 0 -24 -12851 1 60 0
1156 12 1100 742 -6 24 0 55 51
1157 8 1100 0 6 -12851 1 60 0
1158 12 742 1100 6 -24 0 55 55
1159 8 500 0 -6 -12851 1 55 0
1160 8 609 0 -24 -12851 0 55 0
1161 8 609 0 6 -12851 1 55 0
1162 12 609 742 -6 24 0 55 55
1163 8 903 0 -6 -12851 0 60 0
1164 12 903 742 6 -24 0 51 55
1165 8 903 0 -6 -12851 0 55 0
1166 8 500 0 -6 -12851 0 60 0
1167 8 903 0 24 -12851 0 60 0
1168 8 500 0 -24 -12851 0 60 0
1169 12 903 742 -6 24 0 55 55
1170 12 609 742 -6 24 1 51 51
1171 8 742 0 24 -12851 1 55 0
1172 12 609 742 -6 24 1 51 51
1173 12 742 903 -6 24 0 55 55
1174 12 609 742 6 -24 0 55 51
1175 8 903 0 24 -12851 0 55 0
1176 8 742 0 -24 -12851 0 55 0
1177 12 1100 742 -6 24 0 51 51
1178 8 500 0 6 -12851 0 60 0
1179 8 609 0 24 -12851 1 55 0
1180 8 1100 0 -24 -12851 1 60 0
1181 8 609 0 -6 -12851 1 55 0
1182 12 903 742 6 -24 0 51 55
1183 8 1100 0 24 -12851 0 60 0
1184 8 609 0 24 -12851 1 60 0
1185 12 903 742 -6 24 0 55 55
1186 12 742 609 -6 24 1 51 55
1187 12 742 500 6 -24 0 55 51
1188 8 742 0 6 -12851 1 60 0
1189 12 609 742 -6 24 0 55 55
1190 8 1100 0 -6 -12851 1 55 0
1191 12 903 742 -6 24 1 51 55
1192 8 903 0 6 -12851 1 60 0
1193 8 903 0 -6 -12851 1 55 0
1194 8 1100 0 6 -12851 0 60 0
1195 8 609 0 6 -12851 1 60 0
1196 8 1100 0 -24 -12851 0 55 0
1197 12 1100 742 -6 24 0 51 51
1198 8 500 0 -24 -12851 0 60 0
1199 12 742 500 6 -24 1 51 51
1200 12 1100 742 -6 24 0 55 55
1201 8 742 0 -6 -12851 0 60 0
1202 8 1100 0 -24 -12851 0 60 0
1203 8 742 0 -6 -12851 0 60 0
1204 12 742 903 6 -24 0 55 55
1205 12 742 609 6 -24 1 51 51
1206 12 1100 742 -6 24 0 55 51
1207 8 609 0 -6 -12851 1 60 0
1208 12 903 742 -6 24 0 55 55
1209 12 742 500 6 -24 1 55 55
1210 8 609 0 -24 -12851 1 55 0
1211 12 742 609 6 -24 0 55 55
1212 8 742 0 -24 -12851 0 55 0
1213 8 903 0 6 -12851 1 55 0
1214 8 500 0 -24 -12851 0 60 0
1215 8 500 0 6 -12851 1 55 0
1216 8 903 0 6 -12851 1 60 0
1217 8 903 0 -24 -12851 1 60 0
1218 8 903 0 24 -12851 1 55 0
1219 8 609 0 -24 -12851 1 55 0
1220 8 500 0 -24 -12851 1 60 0
1221 8 1100 0 -6 -12851 1 60 0
1222 8 903 0 24 -12851 1 60 0
1223 8 742 0 -24 -12851 1 60 0
1224 8 609 0 6 -12851 1 55 0
1225 12 903 742 6 -24 0 55 51
1226 12 742 609 6 -24 1 55 51
1227 12 500 742 6 -24 1 55 55
1228 12 742 1100 -6 24 0 51 55
1229 8 609 0 -6 -12851 0 60 0
1230 12 742 903 6 -24 0 55 51
1231 8 500 0 -6 -12851 1 60 0
1232 12 742 500 6 -24 1 51 55
1233 8 1100 0 24 -12851 1 55 0
1234 8 1100 0 -24 -12851 1 55 0
1235 8 742 0 -24 -12851 1 60 0
1236 8 903 0 -6 -12851 1 55 0
1237 8 500 0 24 -12851 1 55 0
1238 8 742 0 -6 -12851 1 60 0
1239 12 742 500 6 -24 0 51 55
1240 8 609 0 24 -12851 0 55 0
1241 8 609 0 -24 -12851 0 60 0
1242 12 742 903 -6 24 1 55 51
1243 8 742 0 -6 -12851 1 55 0
1244 8 609 0 6 -12851 1 55 0
1245 12 1100 742 -6 24 1 55 55
1246 8 500 0 24 -12851 1 60 0
1247 8 609 0 -24 -12851 0 60 0
1248 8 500 0 24 -12851 0 55 0
1249 12 742 903 6 -24 1 55 55
1250 12 742 609 6 -24 0 55 55
1251 8 742 0 -24 -12851 1 60 0
1252 12 500 742 -6 24 0 51 51
1253 8 1100 0 6 -12851 1 55 0
1254 8 742 0 -6 -12851 0 55 0
1255 8 500 0 6 -12851 0 55 0
1256 8 903 0 -6 -12851 1 60 0
1257 8 903 0 6 -12851 1 60 0
1258 8 1100 0 24 -12851 1 60 0
1259 8 903 0 -6 -12851 1 55 0
1260 8 1100 0 -6 -12851 1 55 0
1261 12 742 1100 -6 24 0 55 51
1262 12 609 742 -6 24 1 51 55
1263 8 1100 0 -24 -12851 1 60 0
1264 12 1100 742 -6 24 1 55 51
1265 12 742 1100 6 -24 1 55 51
1266 12 742 903 6 -24 0 55 55
1267 12 903 742 6 -24 0 51 51
1268 8 1100 0 -6 -12851 1 60 0
1269 12 742 1100 -6 24 0 55 51
1270 12 742 500 -6 24 0 51 51
1271 12 500 742 6 -24 0 55 55
1272 8 500 0 6 -12851 0 55 0
1273 8 609 0 6 -12851 0 55 0
1274 12 500 742 -6 24 1 55 51
1275 8 903 0 -24 -12851 1 55 0
1276 8 609 0 -24 -12851 0 55 0
1277 8 500 0 -6 -12851 0 60 0
1278 8 609 0 24 -12851 0 60 0
1279 12 742 1100 6 -24 0 51 55
1280 12 609 742 6 -24 0 55 51
1281 8 742 0 6 -12851 1 55 0
1282 8 742 0 24 -12851 1 60 0
1283 8 500 0 6 -12851 0 60 0
1284 8 742 0 -6 -12851 1 60 0
1285 12 1100 742 -6 24 0 51 55
1286 12 742 500 6 -24 1 51 55
1287 8 903 0 -24 -12851 1 55 0
1288 8 1100 0 6 -12851 1 60 0
1289 8 1100 0 6 -12851 1 60 0
1290 8 903 0 24 -12851 1 55 0
1291 8 1100 0 24 -12851 1 60 0
1292 8 1100 0 -24 -12851 0 55 0
1293 12 742 903 6 -24 0 55 55
1294 12 742 609 6 -24 0 51 51
1295 8 500 0 -24 -12851 0 55 0
1296 8 742 0 24 -12851 0 55 0
1297 8 742 0 -6 -12851 0 60 0
1298 8 903 0 -6 -12851 1 60 0
1299 8 500 0 24 -12851 0 60 0
1300 12 903 742 6 -24 0 51 51
1301 12 903 742 6 -24 0 51 55
1302 8 500 0 -6 -12851 0 55 0
1303 12 903 742 -6 24 0 51 51
1304 8 903 0 24 -12851 0 55 0
1305 12 609 742 -6 24 0 51 51
1306 8 903 0 6 -12851 1 55 0
1307 8 1100 0 -24 -12851 1 55 0
1308 8 742 0 -24 -12851 1 55 0
1309 12 742 609 -6 24 1 51 51
1310 12 903 742 6 -24 1 51 51
1311 12 609 742 6 -24 1 55 51
1312 8 609 0 24 -12851 1 60 0
1313 12 742 609 6 -24 1 55 55
1314 8 609 0 -6 -12851 1 60 0
1315 8 1100 0 6 -12851 1 60 0
1316 8 609 0 -24 -12851 0 60 0
1317 8 1100 0 6 -12851 0 55 0
1318 12 742 609 -6 24 1 51 55
1319 12 903 742 6 -24 0 55 51
1320 12 742 903 -6 24 1 51 51
1321 12 609 742 -6 24 0 55 51
1322 8 1100 0 6 -12851 1 55 0
1323 8 609 0 6 -12851 0 60 0
1324 8 500 0 24 -12851 1 55 0
1325 8 1100 0 6 -12851 1 60 0
1326 8 742 0 -24 -12851 0 60 0
1327 8 500 0 24 -12851 0 55 0
1328 8 609 0 -24 -12851 0 60 0
1329 12 742 500 -6 24 0 51 55
1330 12 742 1100 -6 24 0 55 55
1331 8 903 0 24 -12851 0 55 0
1332 8 903 0 24 -12851 0 60 0
1333 12 500 742 -6 24 0 55 55
1334 8 500 0 -6 -12851 0 60 0
1335 8 1100 0 -6 -12851 1 60 0
1336 12 742 609 -6 24 0 51 51
1337 8 903 0 -6 -12851 1 60 0
1338 12 742 1100 -6 24 0 55 55
1339 8 742 0 24 -12851 1 60 0
1340 12 609 742 -6 24 1 51 51
1341 8 742 0 -6 -12851 0 55 0
1342 8 609 0 24 -12851 0 55 0
1343 8 1100 0 6 -12851 1 55 0
1344 12 742 903 6 -24 1 51 51
1345 8 1100 0 -6 -12851 0 60 0
1346 8 500 0 -24 -12851 1 55 0
1347 12 609 742 6 -24 0 55 55
1348 8 609 0 6 -12851 0 60 0
1349 8 609 0 -24 -12851 0 55 0
1350 12 1100 742 -6 24 0 55 55
1351 8 500 0 6 -12851 0 60 0
1352 8 742 0 -6 -12851 0 55 0
1353 8 903 0 -6 -12851 0 60 0
1354 12 500 742 -6 24 0 55 51
1355 8 609 0 -6 -12851 0 60 0
1356 8 500 0 24 -12851 0 60 0
1357 12 609 742 6 -24 0 51 55
1358 8 1100 0 6 -12851 0 60 0
1359 12 903 742 -6 24 0 55 51
1360 8 903 0 6 -12851 0 60 0
1361 12 742 1100 -6 24 0 55 51
1362 8 742 0 -24 -12851 0 55 0
1363 8 742 0 6 -12851 0 55 0
1364 8 1100 0 24 -12851 1 60 0
1365 8 903 0 -24 -12851 1 55 0
1366 8 1100 0 24 -12851 1 60 0
1367 12 1100 742 -6 24 0 55 55
1368 12 742 1100 6 -24 0 51 51
1369 8 1100 0 6 -12851 0 60 0
1370 8 742 0 -24 -12851 0 60 0
1371 12 500 742 -6 24 0 55 55
1372 12 903 742 -6 24 0 55 55
1373 8 903 0 -24 -12851 0 55 0
1374 12 742 500 6 -24 0 55 55
1375 8 609 0 24 -12851 0 60 0
1376 12 742 903 6 -24 0 51 55
1377 12 609 742 -6 24 0 55 51
1378 8 500 0 6 -12851 0 55 0
1379 8 500 0 6 -12851 0 55 0
1380 8 742 0 6 -12851 0 55 0
1381 8 903 0 -6 -12851 0 55 0
1382 12 1100 742 -6 24 0 51 51
1383 8 903 0 -24 -12851 0 55 0
1384 12 742 1100 -6 24 0 51 51
1385 12 500 742 6 -24 0 55 55
1386 8 609 0 -6 -12851 0 55 0
1387 8 1100 0 -6 -12851 0 60 0
1388 8 1100 0 -6 -12851 0 55 0
1389 12 742 500 -6 24 0 55 55
1390 8 742 0 -24 -12851 0 60 0
1391 8 500 0 -6 -12851 0 55 0
1392 8 609 0 -24 -12851 0 60 0
1393 8 1100 0 -24 -12851 0 55 0
1394 8 1100 0 -6 -12851 0 60 0
1395 8 609 0 24 -12851 0 60 0
1396 8 742 0 6 -12851 0 55 0
1397 12 742 903 6 -24 0 55 55
1398 12 742 1100 -6 24 0 51 55
1399 8 742 0 6 -12851 0 55 0
1400 12 500 742 6 -24 0 55 55
1401 8 742 0 6 -12851 0 55 0
1402 8 903 0 -24 -12851 0 60 0
1403 8 609 0 24 -12851 0 60 0
1404 12 742 903 -6 24 0 51 51
1405 12 609 742 6 -24 0 55 55
1406 8 903 0 -24 -12851 0 55 0
1407 8 1100 0 -24 -12851 0 55 0
1408 12 742 903 -6 24 0 51 55
1409 12 1100 742 6 -24 0 51 51
1410 8 903 0 24 -12851 0 55 0
1411 12 500 742 6 -24 0 55 55
1412 8 1100 0 24 -12851 0 60 0
1413 8 609 0 -6 -12851 0 55 0
1414 12 742 1100 6 -24 0 55 51
1415 12 742 500 -6 24 0 55 55
1416 12 742 1100 -6 24 0 51 55
1417 12 1100 742 6 -24 0 51 51
1418 12 903 742 -6 24 0 51 55
1419 12 609 742 -6 24 0 55 51
1420 8 500 0 -24 -12851 0 60 0
1421 8 500 0 24 -12851 0 55 0
1422 12 609 742 -6 24 0 55 51
1423 12 1100 742 -6 24 0 51 55
1424 8 500 0 6 -12851 0 55 0
1425 8 742 0 -24 -12851 0 60 0
1426 8 742 0 -6 -12851 0 55 0
1427 12 742 903 6 -24 0 55 51
1428 8 903 0 -24 -12851 0 55 0
1429 12 609 742 6 -24 0 55 51
1430 12 609 742 6 -24 0 51 55
1431 8 500 0 24 -12851 0 55 0
1432 12 742 500 6 -24 0 51 51
1433 8 500 0 6 -12851 0 60 0
1434 8 1100 0 24 -12851 0 60 0
1435 12 742 903 -6 24 0 51 51
1436 12 742 500 -6 24 0 55 55
1437 8 1100 0 6 -12851 0 55 0
1438 12 742 500 6 -24 0 51 51
1439 8 1100 0 -6 -12851 0 60 0
1440 8 500 0 -6 -12851 0 55 0
1441 8 742 0 24 -12851 0 55 0
1442 8 903 0 -24 -12851 0 60 0
1443 8 742 0 24 -12851 0 60 0
1444 8 609 0 24 -12851 0 60 0
1445 8 609 0 6 -12851 0 55 0
1446 12 742 1100 6 -24 0 55 51
1447 8 609 0 6 -12851 0 60 0
1448 12 903 742 -6 24 0 55 55
1449 8 903 0 24 -12851 0 55 0
1450 8 1100 0 -6 -12851 0 55 0
1451 12 742 500 -6 24 0 55 51
1452 12 500 742 6 -24 0 55 55
1453 12 609 742 -6 24 0 55 51
1454 12 742 903 6 -24 0 55 51
1455 8 1100 0 6 -12851 0 55 0
1456 12 1100 742 6 -24 0 55 55
1457 8 609 0 6 -12851 0 55 0
1458 8 903 0 -24 -12851 0 55 0
1459 12 1100 742 -6 24 0 51 51
1460 12 742 1100 6 -24 0 51 51
1461 12 1100 742 6 -24 0 55 51
1462 8 1100 0 -6 -12851 0 60 0
1463 8 500 0 24 -12851 0 60 0
1464 12 500 742 6 -24 0 55 55
1465 8 500 0 -24 -12851 0 60 0
1466 12 903 742 -6 24 0 51 51
1467 8 742 0 6 -12851 0 60 0
1468 8 1100 0 6 -12851 0 55 0
1469 12 742 609 6 -24 0 51 55
1470 12 742 903 6 -24 0 55 55
1471 12 742 609 6 -24 0 55 55
1472 12 742 1100 6 -24 0 55 55
1473 8 500 0 6 -12851 0 55 0
1474 8 609 0 -24 -12851 0 60 0
1475 8 609 0 -24 -12851 0 55 0
1476 8 742 0 6 -12851 0 60 0
1477 12 903 742 6 -24 0 51 55
1478 12 742 1100 -6 24 0 55 51
1479 12 742 500 -6 24 0 51 55
1480 8 742 0 -24 -12851 0 55 0
1481 8 903 0 24 -12851 0 55 0
1482 8 903 0 6 -12851 0 60 0
1483 8 1100 0 -24 -12851 0 60 0
1484 8 1100 0 6 -12851 0 60 0
1485 8 609 0 -24 -12851 0 55 0
1486 12 609 742 6 -24 0 55 55
1487 8 609 0 -6 -12851 0 55 0
1488 8 742 0 -6 -12851 0 60 0
1489 8 742 0 -24 -12851 0 55 0
1490 8 1100 0 -6 -12851 0 55 0
1491 8 609 0 24 -12851 0 55 0
1492 8 1100 0 6 -12851 0 55 0
1493 8 903 0 6 -12851 0 60 0
1494 8 500 0 24 -12851 0 60 0
1495 12 609 742 -6 24 0 55 55
1496 8 903 0 6 -12851 0 60 0
1497 8 500 0 6 -12851 0 55 0
1498 12 742 500 -6 24 0 51 51
1499 8 742 0 -6 -12851 0 60 0
1500 8 903 0 6 -12851 0 55 0
1501 8 500 0 -6 -12851 0 55 0
1502 8 742 0 -24 -12851 0 55 0
1503 12 609 742 6 -24 0 51 55
1504 12 742 903 -6 24 0 51 55
1505 8 742 0 -6 -12851 0 55 0
1506 12 1100 742 6 -24 0 55 55
1507 8 742 0 6 -12851 0 55 0
1508 12 742 500 6 -24 0 51 51
1509 8 609 0 -24 -12851 0 60 0
1510 12 903 742 6 -24 0 51 55
1511 12 742 903 -6 24 0 51 51
1512 8 609 0 -6 -12851 0 60 0
1513 12 742 903 -6 24 0 55 55
1514 8 1100 0 6 -12851 0 55 0
1515 8 742 0 -24 -12851 0 60 0
1516 8 500 0 24 -12851 0 55 0
1517 12 903 742 -6 24 0 51 55
1518 8 903 0 -6 -12851 0 60 0
1519 8 500 0 6 -12851 0 60 0
1520 8 500 0 6 -12851 0 60 0
1521 8 1100 0 6 -12851 0 60 0
1522 8 1100 0 -6 -12851 0 55 0
1523 8 903 0 -6 -12851 0 60 0
1524 8 609 0 -24 -12851 0 55 0
1525 12 742 903 -6 24 0 55 51
1526 8 903 0 24 -12851 0 55 0
1527 12 742 903 6 -24 0 51 51
1528 12 609 742 6 -24 0 51 51
1529 12 742 1100 -6 24 0 55 55
1530 12 500 742 6 -24 0 51 51
1531 8 742 0 24 -12851 0 55 0
1532 8 742 0 -6 -12851 0 60 0
1533 12 1100 742 -6 24 0 55 55
1534 12 609 742 -6 24 0 55 55
1535 12 742 903 6 -24 0 55 51
1536 8 742 0 6 -12851 0 60 0
1537 8 609 0 -24 -12851 0 60 0
1538 12 742 903 -6 24 0 51 55
1539 12 609 742 -6 24 0 55 55
1540 12 903 742 -6 24 0 55 55
1541 12 742 903 -6 24 0 51 55
1542 12 500 742 6 -24 0 55 55
1543 12 1100 742 -6 24 0 51 55
1544 8 609 0 -6 -12851 0 55 0
1545 8 903 0 -6 -12851 0 55 0
1546 8 500 0 24 -12851 0 60 0
1547 12 742 609 6 -24 0 55 55
1548 8 500 0 -24 -12851 0 60 0
1549 12 742 1100 6 -24 0 51 51
1550 8 500 0 -6 -12851 0 60 0
1551 8 609 0 6 -12851 0 55 0
1552 8 903 0 -24 -12851 0 55 0
1553 8 1100 0 -24 -12851 0 60 0
1554 8 1100 0 24 -12851 0 60 0
1555 8 1100 0 -6 -12851 0 55 0
1556 12 609 742 -6 24 0 51 51
1557 12 609 742 -6 24 0 51 55
1558 12 903 742 6 -24 0 51 55
1559 8 903 0 -24 -12851 0 55 0
1560 8 742 0 -24 -12851 0 60 0
1561 12 742 903 6 -24 0 55 55
1562 8 903 0 24 -12851 0 60 0
1563 12 609 742 -6 24 0 55 51
1564 8 903 0 24 -12851 0 60 0
1565 8 1100 0 6 -12851 0 55 0
1566 8 609 0 -24 -12851 0 55 0
1567 12 609 742 -6 24 0 55 51
1568 8 903 0 6 -12851 0 60 0
1569 8 1100 0 24 -12851 0 60 0
1570 12 742 609 6 -24 0 51 55
1571 8 609 0 24 -12851 0 60 0
1572 8 742 0 6 -12851 0 60 0
1573 12 742 609 6 -24 0 51 51
1574 8 500 0 -6 -12851 0 55 0
1575 8 1100 0 24 -12851 0 60 0
1576 8 742 0 -6 -12851 0 55 0
1577 12 609 742 -6 24 0 55 51
1578 12 500 742 6 -24 0 51 55
1579 8 903 0 -6 -12851 0 60 0
1580 12 742 609 -6 24 0 55 55
1581 8 500 0 -6 -12851 0 55 0
1582 8 742 0 -24 -12851 1 55 0
1583 12 742 903 6 -24 0 55 55
