285 12 742 609 -6 24 1 55 55
286 8 609 0 6 -12851 1 60 0
287 8 609 0 6 -12851 1 60 0
288 8 903 0 24 -12851 1 55 0
289 12 742 609 6 -24 1 55 55
290 12 742 1100 -6 24 0 55 55
291 12 609 742 6 -24 1 55 51
292 12 500 742 6 -24 1 55 51
293 8 903 0 -24 -12851 1 55 0
294 12 742 609 -6 24 1 51 51
295 8 903 0 -6 -12851 1 60 0
296 12 742 1100 -6 24 1 55 55
297 8 1100 0 -24 -12851 1 60 0
298 12 742 1100 6 -24 1 51 55
299 8 500 0 -24 -12851 1 55 0
300 12 609 742 6 -24 1 51 51
301 8 500 0 6 -12851 1 60 0
302 8 500 0 6 -12851 1 55 0
303 8 742 0 -24 -12851 0 60 0
304 12 903 742 -6 24 1 51 51
305 8 609 0 24 -12851 1 55 0
306 8 742 0 6 -12851 1 60 0
307 8 742 0 -6 -12851 1 55 0
308 8 1100 0 6 -12851 1 60 0
309 12 742 500 6 -24 1 51 55
310 8 1100 0 -6 -12851 0 55 0
311 12 1100 742 -6 24 1 51 51
312 12 1100 742 6 -24 0 55 55
313 8 1100 0 -24 -12851 1 60 0
314 12 609 742 -6 24 1 51 55
315 8 1100 0 -24 -12851 1 60 0
316 8 500 0 -6 -12851 1 60 0
317 8 1100 0 24 -12851 1 55 0
318 8 903 0 6 -12851 1 55 0
319 12 742 1100 6 -24 1 55 51
320 8 609 0 6 -12851 1 60 0
321 8 1100 0 -24 -12851 1 55 0
322 8 903 0 24 -12851 1 60 0
323 8 609 0 -24 -12851 1 60 0
324 12 742 903 6 -24 1 51 51
325 8 500 0 -6 -12851 0 55 0
326 8 903 0 24 -12851 1 55 0
327 12 742 903 -6 24 1 51 51
328 8 742 0 24 -12851 0 55 0
329 8 609 0 6 -12851 1 55 0
330 8 742 0 24 -12851 1 55 0
331 8 500 0 -6 -12851 1 60 0
332 8 742 0 24 -12851 1 55 0
333 12 742 903 6 -24 1 55 55
334 12 500 742 -6 24 1 55 55
335 8 500 0 6 -12851 1 55 0
336 12 500 742 -6 24 0 51 55
337 12 742 609 6 -24 1 51 55
338 8 500 0 -6 -12851 0 60 0
339 8 1100 0 6 -12851 1 55 0
340 8 903 0 6 -12851 1 60 0
341 8 500 0 -24 -12851 0 60 0
342 8 1100 0 -24 -12851 1 55 0
343 8 609 0 -24 -12851 0 55 0
344 12 1100 742 -6 24 0 55 55
345 8 903 0 -24 -12851 0 55 0
346 12 742 1100 6 -24 0 55 55
347 8 1100 0 6 -12851 1 60 0
348 8 903 0 24 -12851 1 60 0
349 12 742 500 6 -24 1 51 51
350 8 609 0 -24 -12851 1 55 0
351 12 1100 742 6 -24 1 51 55
352 8 609 0 -24 -12851 1 60 0
353 8 742 0 24 -12851 0 55 0
354 8 742 0 -24 -12851 1 55 0
355 8 742 0 -6 -12851 1 55 0
356 8 500 0 24 -12851 1 55 0
357 12 609 742 6 -24 1 55 51
358 12 742 609 -6 24 1 51 55
359 12 903 742 6 -24 1 55 55
360 8 1100 0 -24 -12851 1 60 0
361 12 903 742 6 -24 1 55 55
362 8 1100 0 -24 -12851 1 55 0
363 8 1100 0 -24 -12851 1 55 0
364 8 903 0 -24 -12851 1 55 0
365 12 742 500 -6 24 1 51 55
366 8 609 0 -6 -12851 0 60 0
367 8 903 0 24 -12851 1 60 0
368 8 742 0 24 -12851 0 60 0
369 8 609 0 6 -12851 1 55 0
370 12 742 609 -6 24 1 51 55
371 8 903 0 -24 -12851 1 60 0
372 12 742 500 -6 24 0 55 55
373 8 1100 0 24 -12851 1 60 0
374 8 609 0 24 -12851 1 55 0
375 12 742 609 -6 24 0 55 55
376 12 609 742 6 -24 1 51 55
377 8 500 0 -6 -12851 0 60 0
378 8 500 0 24 -12851 1 55 0
379 8 500 0 24 -12851 0 55 0
380 8 742 0 24 -12851 1 60 0
381 8 742 0 -24 -12851 1 55 0
382 12 903 742 -6 24 1 55 55
383 8 500 0 6 -12851 1 60 0
384 12 1100 742 -6 24 1 55 55
385 12 903 742 6 -24 1 55 51
386 12 609 742 -6 24 0 55 51
387 12 742 903 -6 24 0 51 55
388 12 742 903 6 -24 1 55 55
389 12 500 742 6 -24 0 51 51
390 12 742 609 6 -24 0 55 51
391 8 500 0 -24 -12851 0 60 0
392 8 609 0 -24 -12851 1 60 0
393 12 903 742 -6 24 1 51 51
394 12 1100 742 6 -24 0 51 55
395 12 609 742 -6 24 0 55 55
396 8 903 0 -6 -12851 1 60 0
397 8 500 0 -24 -12851 1 55 0
398 8 1100 0 -6 -12851 0 55 0
399 8 609 0 24 -12851 1 60 0
400 12 609 742 6 -24 1 51 51
401 12 609 742 -6 24 1 51 51
402 12 500 742 -6 24 0 55 51
403 12 903 742 6 -24 1 51 51
404 8 742 0 -6 -12851 0 60 0
405 8 500 0 6 -12851 1 60 0
406 8 609 0 -24 -12851 1 60 0
407 8 742 0 -6 -12851 1 60 0
408 8 1100 0 24 -12851 1 55 0
409 12 742 903 6 -24 1 51 51
410 8 903 0 6 -12851 1 60 0
411 12 903 742 6 -24 0 55 51
412 12 500 742 -6 24 1 55 51
413 8 742 0 24 -12851 1 55 0
414 12 609 742 -6 24 0 51 55
415 8 903 0 -24 -12851 1 60 0
416 8 1100 0 -24 -12851 1 60 0
417 12 500 742 6 -24 0 51 51
418 12 742 500 -6 24 0 51 51
419 12 742 609 -6 24 1 55 55
420 12 742 500 6 -24 1 55 55
421 12 742 903 -6 24 1 55 51
422 12 903 742 -6 24 1 55 55
423 8 742 0 -6 -12851 1 60 0
424 12 742 903 -6 24 1 51 55
425 8 742 0 24 -12851 1 55 0
426 12 742 500 6 -24 0 55 55
427 8 742 0 -6 -12851 0 55 0
428 8 500 0 24 -12851 1 55 0
429 12 742 609 6 -24 0 55 55
430 12 500 742 6 -24 1 55 55
431 12 742 1100 -6 24 1 55 55
432 12 609 742 -6 24 1 51 55
433 8 609 0 -24 -12851 1 55 0
434 12 742 500 -6 24 0 55 55
435 12 500 742 6 -24 1 51 55
436 12 1100 742 6 -24 1 55 51
437 8 500 0 -24 -12851 0 60 0
438 8 609 0 6 -12851 1 55 0
439 8 609 0 -6 -12851 0 55 0
440 12 742 500 6 -24 0 51 51
441 12 742 609 6 -24 1 55 51
442 8 903 0 -24 -12851 1 55 0
443 8 1100 0 6 -12851 1 55 0
444 12 742 500 6 -24 0 55 55
445 12 742 609 -6 24 0 55 51
446 12 1100 742 6 -24 1 55 51
447 12 609 742 6 -24 1 55 51
448 8 903 0 -24 -12851 1 60 0
449 12 500 742 6 -24 1 51 51
450 8 903 0 6 -12851 1 60 0
451 8 1100 0 24 -12851 1 60 0
452 8 742 0 24 -12851 1 55 0
453 8 500 0 24 -12851 1 60 0
454 8 1100 0 -24 -12851 0 60 0
455 8 1100 0 -6 -12851 1 55 0
456 8 1100 0 24 -12851 1 55 0
457 8 903 0 -6 -12851 0 55 0
458 12 500 742 6 -24 1 55 51
459 8 1100 0 24 -12851 1 55 0
460 8 1100 0 24 -12851 1 55 0
461 8 903 0 24 -12851 1 60 0
462 8 609 0 -6 -12851 0 60 0
463 8 742 0 -24 -12851 1 60 0
464 8 742 0 6 -12851 1 60 0
465 12 742 1100 6 -24 0 51 55
466 8 609 0 24 -12851 1 55 0
467 12 609 742 6 -24 0 55 55
468 8 609 0 24 -12851 1 55 0
469 8 500 0 6 -12851 1 55 0
470 12 742 1100 6 -24 1 51 51
471 12 742 903 -6 24 1 51 51
472 8 500 0 -6 -12851 1 55 0
473 12 609 742 -6 24 0 51 51
474 12 609 742 -6 24 1 51 51
475 12 742 903 -6 24 0 55 51
476 12 742 903 -6 24 1 51 51
477 8 742 0 -24 -12851 1 60 0
478 8 500 0 24 -12851 1 55 0
479 8 903 0 -24 -12851 0 55 0
480 8 500 0 24 -12851 1 55 0
481 8 500 0 -6 -12851 0 55 0
482 12 903 742 -6 24 0 55 51
483 8 500 0 -6 -12851 0 55 0
484 8 903 0 6 -12851 1 55 0
485 8 1100 0 6 -12851 1 55 0
486 12 742 609 6 -24 1 55 51
487 8 500 0 -24 -12851 1 60 0
488 8 903 0 24 -12851 1 55 0
489 12 742 1100 -6 24 0 51 51
490 8 609 0 6 -12851 1 60 0
491 8 1100 0 6 -12851 0 60 0
492 12 742 609 -6 24 0 51 55
493 8 609 0 6 -12851 1 60 0
494 8 903 0 -6 -12851 1 55 0
495 8 609 0 6 -12851 0 60 0
496 12 742 1100 6 -24 0 51 55
497 8 1100 0 -6 -12851 1 60 0
498 12 903 742 -6 24 0 51 55
499 8 742 0 24 -12851 1 55 0
500 12 742 500 -6 24 0 51 55
501 8 742 0 6 -12851 1 55 0
502 8 742 0 -24 -12851 1 55 0
503 12 742 903 6 -24 1 55 51
504 8 609 0 6 -12851 1 60 0
505 8 609 0 -6 -12851 1 55 0
506 8 903 0 24 -12851 1 55 0
507 8 1100 0 -6 -12851 1 55 0
508 12 1100 742 -6 24 0 55 55
509 12 742 1100 6 -24 1 55 55
510 12 742 903 6 -24 1 55 51
511 12 742 903 -6 24 0 51 55
512 8 903 0 -6 -12851 0 55 0
513 8 903 0 6 -12851 1 60 0
514 8 609 0 -24 -12851 1 55 0
515 8 742 0 24 -12851 1 55 0
516 8 742 0 -24 -12851 1 55 0
517 8 742 0 -6 -12851 1 60 0
518 12 500 742 -6 24 1 51 55
519 12 742 1100 -6 24 0 51 51
520 8 500 0 6 -12851 0 60 0
521 8 609 0 24 -12851 1 60 0
522 8 1100 0 -6 -12851 0 60 0
523 8 1100 0 24 -12851 1 55 0
524 12 609 742 -6 24 1 55 55
525 8 500 0 24 -12851 1 60 0
526 12 742 903 -6 24 1 55 51
527 8 500 0 -24 -12851 1 55 0
528 8 1100 0 24 -12851 1 60 0
529 8 1100 0 -6 -12851 1 55 0
530 8 609 0 -6 -12851 1 60 0
531 12 500 742 -6 24 1 55 55
532 8 500 0 6 -12851 1 55 0
533 12 903 742 -6 24 0 51 51
534 12 500 742 -6 24 1 51 51
535 8 742 0 24 -12851 1 60 0
536 8 609 0 -6 -12851 1 60 0
537 8 903 0 -6 -12851 0 55 0
538 12 609 742 6 -24 0 51 51
539 12 742 1100 6 -24 1 55 51
540 12 609 742 -6 24 0 55 51
541 8 742 0 -24 -12851 1 60 0
542 8 742 0 -6 -12851 1 60 0
543 8 1100 0 -6 -12851 0 55 0
544 12 742 500 -6 24 0 55 55
545 8 903 0 6 -12851 1 60 0
546 8 609 0 24 -12851 1 60 0
547 12 609 742 -6 24 1 55 51
548 12 1100 742 -6 24 1 51 55
549 8 1100 0 -24 -12851 0 60 0
550 8 903 0 -24 -12851 1 55 0
551 8 500 0 6 -12851 1 60 0
552 8 500 0 24 -12851 1 60 0
553 12 1100 742 6 -24 1 55 55
554 8 742 0 -6 -12851 0 55 0
555 8 742 0 24 -12851 1 60 0
556 8 903 0 -24 -12851 1 55 0
557 8 1100 0 24 -12851 1 55 0
558 12 742 609 -6 24 0 51 51
559 12 1100 742 -6 24 0 55 51
560 12 742 609 -6 24 1 51 51
561 12 742 903 6 -24 0 51 55
562 8 742 0 -24 -12851 1 55 0
563 12 742 903 -6 24 0 55 51
564 12 609 742 6 -24 1 51 51
565 8 903 0 -6 -12851 0 55 0
566 8 742 0 -24 -12851 1 55 0
567 8 609 0 6 -12851 0 60 0
568 8 1100 0 6 -12851 1 55 0
569 8 609 0 -6 -12851 1 60 0
570 8 609 0 -6 -12851 0 55 0
571 12 742 903 6 -24 1 55 55
572 12 1100 742 6 -24 1 51 51
573 8 500 0 24 -12851 0 55 0
574 8 1100 0 -24 -12851 0 55 0
575 12 742 903 6 -24 1 55 51
576 12 742 1100 -6 24 1 51 51
577 8 903 0 24 -12851 0 60 0
578 12 742 500 -6 24 0 55 55
579 8 500 0 -24 -12851 0 55 0
580 12 742 609 -6 24 1 51 51
581 8 500 0 -6 -12851 0 55 0
582 12 903 742 -6 24 1 55 55
583 12 742 1100 -6 24 1 51 55
584 8 1100 0 -6 -12851 0 55 0
585 12 500 742 -6 24 1 51 51
586 8 1100 0 -24 -12851 1 55 0
587 8 1100 0 -6 -12851 1 60 0
588 12 609 742 6 -24 0 51 51
589 8 1100 0 24 -12851 0 55 0
590 8 742 0 6 -12851 1 55 0
591 8 742 0 -6 -12851 1 55 0
592 8 903 0 -6 -12851 1 60 0
593 12 742 500 -6 24 0 55 51
594 8 742 0 24 -12851 1 55 0
595 8 609 0 6 -12851 1 55 0
596 8 903 0 -6 -12851 0 60 0
597 12 742 1100 6 -24 1 55 55
598 8 903 0 -6 -12851 0 60 0
599 8 609 0 6 -12851 1 60 0
600 8 500 0 -6 -12851 0 55 0
601 8 609 0 24 -12851 1 55 0
602 8 500 0 24 -12851 1 55 0
603 12 1100 742 -6 24 1 51 55
604 8 500 0 6 -12851 1 55 0
605 8 1100 0 24 -12851 0 55 0
606 8 1100 0 -24 -12851 1 60 0
607 12 609 742 -6 24 0 51 51
608 12 903 742 -6 24 0 55 55
609 8 742 0 24 -12851 1 55 0
610 8 500 0 6 -12851 1 60 0
611 8 500 0 6 -12851 1 60 0
612 8 609 0 -6 -12851 0 60 0
613 8 1100 0 -6 -12851 1 60 0
614 12 742 1100 -6 24 0 55 51
615 8 903 0 -6 -12851 1 55 0
616 12 609 742 -6 24 1 55 55
617 8 609 0 -24 -12851 0 60 0
618 12 742 903 6 -24 0 51 55
619 8 1100 0 -6 -12851 0 60 0
620 8 500 0 -6 -12851 0 55 0
621 8 903 0 24 -12851 0 55 0
622 8 609 0 -24 -12851 0 55 0
623 8 742 0 -24 -12851 0 55 0
624 8 742 0 -6 -12851 0 60 0
625 8 903 0 6 -12851 0 60 0
626 12 500 742 -6 24 0 55 51
627 12 609 742 -6 24 0 51 55
628 8 742 0 6 -12851 1 60 0
629 8 742 0 -24 -12851 0 55 0
630 8 903 0 6 -12851 1 60 0
631 8 1100 0 -6 -12851 1 60 0
632 12 742 1100 6 -24 0 55 51
633 8 742 0 6 -12851 1 55 0
634 12 742 500 6 -24 0 51 55
635 12 500 742 -6 24 0 51 55
636 12 742 1100 6 -24 0 55 51
637 8 903 0 24 -12851 1 55 0
638 8 742 0 -6 -12851 1 60 0
639 8 609 0 -6 -12851 0 55 0
640 8 1100 0 -24 -12851 1 60 0
641 12 1100 742 6 -24 0 51 51
642 8 609 0 -6 -12851 0 60 0
643 8 609 0 -6 -12851 1 55 0
644 12 1100 742 6 -24 1 55 51
645 12 742 609 -6 24 1 51 51
646 12 742 609 6 -24 1 51 51
647 8 500 0 24 -12851 1 60 0
648 8 1100 0 -24 -12851 1 55 0
649 8 903 0 -6 -12851 1 60 0
650 12 742 500 -6 24 0 51 51
651 12 1100 742 6 -24 1 55 51
652 8 500 0 -6 -12851 1 60 0
653 8 500 0 -24 -12851 1 55 0
654 8 500 0 24 -12851 1 60 0
655 12 742 500 6 -24 0 51 55
656 8 500 0 -6 -12851 1 55 0
657 8 500 0 -24 -12851 1 60 0
658 12 742 500 6 -24 1 55 51
659 8 742 0 -24 -12851 1 60 0
660 12 742 1100 -6 24 0 55 55
661 8 903 0 -6 -12851 0 55 0
662 12 742 609 -6 24 0 51 51
663 12 742 903 6 -24 1 55 55
664 12 903 742 6 -24 1 51 55
665 8 903 0 6 -12851 1 55 0
666 12 1100 742 -6 24 0 51 51
667 12 500 742 -6 24 1 51 55
668 8 500 0 -6 -12851 1 60 0
669 12 742 609 6 -24 1 51 51
670 12 500 742 -6 24 0 55 51
671 8 903 0 6 -12851 1 55 0
672 8 609 0 24 -12851 1 60 0
673 8 742 0 6 -12851 1 55 0
674 8 742 0 24 -12851 1 60 0
675 8 609 0 24 -12851 1 55 0
676 8 1100 0 24 -12851 1 55 0
677 8 1100 0 -24 -12851 1 55 0
678 8 609 0 6 -12851 1 60 0
679 8 1100 0 24 -12851 1 55 0
680 12 609 742 6 -24 0 51 51
681 12 609 742 6 -24 1 55 55
682 8 609 0 24 -12851 1 55 0
683 8 609 0 -6 -12851 0 55 0
684 12 742 500 6 -24 1 55 51
685 12 1100 742 6 -24 0 55 55
686 12 742 903 -6 24 0 55 55
687 12 609 742 6 -24 0 55 55
688 8 500 0 -6 -12851 1 60 0
689 12 500 742 -6 24 0 55 55
690 8 500 0 6 -12851 1 55 0
691 8 1100 0 6 -12851 1 60 0
692 12 903 742 -6 24 1 51 51
693 12 500 742 6 -24 0 51 55
694 12 1100 742 -6 24 0 55 55
695 8 742 0 -6 -12851 1 60 0
696 8 742 0 6 -12851 1 55 0
697 12 609 742 -6 24 1 51 51
698 8 1100 0 6 -12851 1 55 0
699 12 742 1100 6 -24 1 55 55
700 12 742 609 6 -24 1 55 55
701 12 742 903 6 -24 0 51 51
702 8 609 0 -6 -12851 1 55 0
703 8 903 0 24 -12851 1 60 0
704 8 500 0 24 -12851 1 55 0
705 8 742 0 24 -12851 1 60 0
706 8 1100 0 -24 -12851 1 60 0
707 8 903 0 6 -12851 1 60 0
708 12 1100 742 6 -24 0 51 55
709 8 609 0 24 -12851 1 55 0
710 8 903 0 -24 -12851 1 60 0
711 12 500 742 6 -24 0 55 55
712 12 742 609 -6 24 0 51 51
713 8 500 0 24 -12851 1 55 0
714 8 500 0 24 -12851 1 55 0
715 8 903 0 24 -12851 1 55 0
716 12 609 742 6 -24 1 51 51
717 8 500 0 6 -12851 1 60 0
718 12 500 742 -6 24 1 51 55
719 8 1100 0 24 -12851 1 55 0
720 8 609 0 -6 -12851 1 55 0
721 12 742 500 -6 24 0 55 51
722 8 903 0 -24 -12851 0 60 0
723 8 1100 0 6 -12851 0 55 0
724 12 742 903 -6 24 0 55 55
725 8 609 0 -24 -12851 1 60 0
726 8 1100 0 24 -12851 1 60 0
727 12 609 742 6 -24 0 51 51
728 8 500 0 -24 -12851 1 60 0
729 8 903 0 -6 -12851 1 60 0
730 12 742 1100 6 -24 0 51 51
731 8 609 0 -24 -12851 1 60 0
732 8 742 0 24 -12851 1 55 0
733 12 742 609 -6 24 0 55 55
734 8 742 0 24 -12851 1 60 0
735 12 742 1100 6 -24 1 55 55
736 8 742 0 -24 -12851 0 55 0
737 12 742 903 -6 24 0 51 51
738 8 500 0 -24 -12851 1 60 0
739 8 500 0 24 -12851 0 60 0
740 12 500 742 6 -24 1 51 55
741 12 742 500 6 -24 1 51 55
742 8 500 0 24 -12851 0 55 0
743 12 742 609 -6 24 0 51 55
744 8 903 0 -6 -12851 0 60 0
745 12 742 500 6 -24 1 51 51
746 8 1100 0 -6 -12851 1 60 0
747 8 500 0 -6 -12851 1 55 0
748 8 903 0 6 -12851 0 60 0
749 8 609 0 24 -12851 1 60 0
750 8 1100 0 -24 -12851 1 60 0
751 8 609 0 -6 -12851 0 60 0
752 8 903 0 -6 -12851 0 55 0
753 12 1100 742 -6 24 0 55 51
754 12 500 742 6 -24 0 55 55
755 8 609 0 24 -12851 0 55 0
756 12 500 742 6 -24 0 51 55
757 12 742 500 6 -24 1 51 55
758 8 1100 0 -6 -12851 1 60 0
759 12 609 742 -6 24 0 51 51
760 8 742 0 -24 -12851 0 55 0
761 8 742 0 24 -12851 0 60 0
762 8 742 0 -6 -12851 1 60 0
763 8 1100 0 24 -12851 0 55 0
764 8 1100 0 6 -12851 1 60 0
765 8 742 0 -6 -12851 1 55 0
766 8 742 0 -6 -12851 0 60 0
767 8 609 0 -24 -12851 0 55 0
768 12 609 742 -6 24 0 51 51
769 8 742 0 24 -12851 0 60 0
770 8 903 0 24 -12851 0 55 0
771 8 1100 0 6 -12851 0 60 0
772 12 742 500 6 -24 0 51 55
773 12 742 903 6 -24 0 55 55
774 8 500 0 -24 -12851 1 60 0
775 8 1100 0 6 -12851 1 60 0
776 12 1100 742 6 -24 1 51 51
777 8 609 0 -6 -12851 1 55 0
778 8 609 0 -6 -12851 0 55 0
779 12 609 742 6 -24 1 51 51
780 8 500 0 -24 -12851 1 55 0
781 8 903 0 6 -12851 1 55 0
782 12 742 903 6 -24 0 55 55
783 8 500 0 24 -12851 0 55 0
784 8 903 0 -6 -12851 1 55 0
785 8 500 0 24 -12851 0 55 0
786 8 500 0 -24 -12851 1 55 0
787 8 500 0 24 -12851 0 55 0
788 8 903 0 -24 -12851 1 60 0
789 12 903 742 -6 24 1 55 51
790 8 1100 0 6 -12851 1 60 0
791 12 742 609 -6 24 0 51 55
792 12 1100 742 -6 24 1 55 51
793 12 1100 742 6 -24 1 55 55
794 8 500 0 6 -12851 1 60 0
795 12 1100 742 6 -24 1 51 55
796 12 742 903 -6 24 0 55 55
797 12 1100 742 6 -24 0 55 55
798 8 903 0 -6 -12851 1 55 0
799 12 1100 742 -6 24 0 51 51
800 8 609 0 24 -12851 1 60 0
801 8 1100 0 24 -12851 1 55 0
802 12 500 742 6 -24 0 55 51
803 8 609 0 6 -12851 0 55 0
804 8 903 0 6 -12851 1 60 0
805 8 609 0 24 -12851 1 55 0
806 8 1100 0 -6 -12851 0 55 0
807 8 742 0 -6 -12851 1 60 0
808 12 609 742 6 -24 0 55 51
809 8 742 0 -24 -12851 1 55 0
810 12 742 500 6 -24 1 55 55
811 12 742 500 -6 24 1 55 51
812 8 742 0 6 -12851 1 60 0
813 8 500 0 24 -12851 1 60 0
814 12 500 742 -6 24 0 51 55
815 8 500 0 24 -12851 1 55 0
816 12 500 742 -6 24 1 51 55
817 8 1100 0 -6 -12851 1 60 0
818 8 742 0 24 -12851 0 60 0
819 8 903 0 6 -12851 1 55 0
820 8 1100 0 24 -12851 0 60 0
821 8 903 0 -24 -12851 0 55 0
822 8 609 0 24 -12851 1 55 0
823 8 500 0 6 -12851 1 60 0
824 8 903 0 24 -12851 0 55 0
825 8 609 0 6 -12851 1 60 0
826 12 1100 742 -6 24 0 51 55
827 8 609 0 24 -12851 1 60 0
828 12 903 742 6 -24 1 55 55
829 8 742 0 -24 -12851 1 60 0
830 8 742 0 24 -12851 1 55 0
831 8 1100 0 -24 -12851 1 55 0
832 12 742 1100 6 -24 1 55 55
833 8 500 0 -6 -12851 0 60 0
834 8 609 0 -24 -12851 1 60 0
835 12 903 742 -6 24 0 51 55
836 8 609 0 24 -12851 1 60 0
837 12 500 742 6 -24 1 51 51
838 8 609 0 -24 -12851 0 55 0
839 8 609 0 24 -12851 1 55 0
840 12 1100 742 -6 24 0 55 55
841 8 500 0 24 -12851 1 55 0
842 8 1100 0 -6 -12851 0 60 0
843 8 1100 0 -24 -12851 1 55 0
844 12 742 500 6 -24 0 51 55
845 8 500 0 6 -12851 1 60 0
846 8 742 0 24 -12851 1 60 0
847 8 500 0 6 -12851 1 60 0
848 8 742 0 6 -12851 0 60 0
849 8 903 0 -24 -12851 1 60 0
850 8 1100 0 -24 -12851 1 60 0
851 8 903 0 -24 -12851 1 60 0
852 8 903 0 -24 -12851 1 60 0
853 8 742 0 -24 -12851 0 55 0
854 12 742 903 -6 24 0 51 55
855 8 500 0 6 -12851 1 60 0
856 8 500 0 -24 -12851 1 55 0
857 12 742 903 6 -24 0 51 51
858 8 1100 0 24 -12851 1 60 0
859 12 609 742 6 -24 1 51 51
860 8 903 0 24 -12851 1 55 0
861 8 609 0 -24 -12851 0 55 0
862 8 500 0 -24 -12851 0 60 0
863 8 609 0 24 -12851 1 55 0
864 8 1100 0 -24 -12851 0 55 0
865 8 1100 0 -6 -12851 1 60 0
866 8 903 0 -24 -12851 1 55 0
867 8 903 0 24 -12851 1 55 0
868 12 609 742 6 -24 1 51 51
869 12 609 742 6 -24 1 51 51
870 8 742 0 6 -12851 1 55 0
871 12 742 1100 -6 24 1 55 51
872 8 609 0 -6 -12851 0 55 0
873 12 742 609 -6 24 0 51 55
874 8 500 0 6 -12851 1 55 0
875 12 742 1100 6 -24 1 51 51
876 12 742 903 6 -24 1 51 51
877 12 903 742 -6 24 0 51 55
878 8 742 0 -24 -12851 1 55 0
879 12 1100 742 -6 24 1 55 55
880 12 903 742 6 -24 1 51 51
881 8 742 0 -24 -12851 1 55 0
882 12 742 609 6 -24 0 51 51
883 12 903 742 -6 24 0 51 51
884 8 903 0 24 -12851 1 60 0
885 8 903 0 24 -12851 1 60 0
886 8 500 0 6 -12851 1 55 0
887 8 903 0 -6 -12851 0 55 0
888 8 742 0 -6 -12851 1 60 0
889 8 1100 0 -24 -12851 0 60 0
890 8 1100 0 6 -12851 1 60 0
891 12 742 609 -6 24 1 55 51
892 8 742 0 -6 -12851 0 60 0
893 8 742 0 6 -12851 1 60 0
894 12 742 903 6 -24 1 51 55
895 12 742 903 -6 24 0 51 51
896 8 903 0 6 -12851 1 55 0
897 8 1100 0 24 -12851 1 60 0
898 8 609 0 -24 -12851 0 60 0
899 8 500 0 -24 -12851 1 60 0
900 12 903 742 -6 24 1 55 55
901 8 500 0 -6 -12851 0 60 0
902 8 609 0 24 -12851 1 60 0
903 8 609 0 -6 -12851 0 60 0
904 12 1100 742 6 -24 0 51 51
905 8 742 0 6 -12851 1 55 0
906 8 742 0 6 -12851 1 55 0
907 12 1100 742 -6 24 0 55 55
908 8 903 0 24 -12851 0 55 0
909 8 1100 0 -24 -12851 1 60 0
910 8 742 0 -24 -12851 1 60 0
911 12 742 1100 6 -24 0 51 55
912 12 742 609 -6 24 1 55 51
913 12 500 742 6 -24 1 55 51
914 8 903 0 -6 -12851 0 55 0
915 8 742 0 -6 -12851 0 60 0
916 12 742 1100 6 -24 0 55 51
917 12 1100 742 -6 24 1 55 55
918 8 609 0 -6 -12851 1 55 0
919 8 1100 0 -24 -12851 0 55 0
920 8 609 0 6 -12851 0 60 0
921 8 609 0 24 -12851 1 55 0
922 8 500 0 6 -12851 1 60 0
923 8 1100 0 -24 -12851 1 55 0
924 12 742 1100 -6 24 0 51 51
925 8 903 0 24 -12851 0 60 0
926 8 500 0 24 -12851 0 60 0
927 8 500 0 -6 -12851 0 55 0
928 12 500 742 6 -24 0 55 55
929 12 742 903 -6 24 0 55 55
930 8 1100 0 6 -12851 0 55 0
931 8 1100 0 6 -12851 1 60 0
932 8 500 0 24 -12851 1 55 0
933 8 1100 0 -24 -12851 1 60 0
934 12 742 903 6 -24 1 51 51
935 8 500 0 24 -12851 0 60 0
936 8 742 0 24 -12851 1 55 0
937 8 500 0 -6 -12851 0 60 0
938 12 742 609 -6 24 1 55 51
939 8 903 0 -6 -12851 0 60 0
940 8 1100 0 24 -12851 0 60 0
941 8 609 0 24 -12851 0 60 0
942 8 609 0 6 -12851 0 55 0
943 8 609 0 -24 -12851 0 55 0
944 12 609 742 6 -24 0 55 55
945 8 903 0 -6 -12851 1 55 0
946 8 742 0 24 -12851 0 60 0
947 12 742 1100 -6 24 1 51 55
948 12 1100 742 -6 24 1 51 51
949 8 742 0 24 -12851 1 60 0
950 12 742 609 -6 24 1 55 55
951 8 903 0 6 -12851 1 60 0
952 12 742 1100 -6 24 0 51 51
953 8 903 0 24 -12851 1 55 0
954 8 903 0 -6 -12851 0 60 0
955 8 1100 0 24 -12851 0 55 0
956 12 742 500 6 -24 0 55 55
957 8 500 0 24 -12851 1 60 0
958 12 742 903 6 -24 1 51 51
959 8 500 0 6 -12851 1 60 0
960 12 1100 742 6 -24 1 51 51
961 8 1100 0 -24 -12851 1 55 0
962 12 1100 742 6 -24 1 55 51
963 8 1100 0 6 -12851 1 60 0
964 12 742 500 -6 24 0 51 55
965 8 500 0 6 -12851 1 55 0
966 8 742 0 24 -12851 1 60 0
967 8 903 0 6 -12851 1 55 0
968 12 903 742 -6 24 0 55 55
969 12 742 1100 6 -24 0 51 51
970 8 903 0 -6 -12851 0 60 0
971 8 609 0 -24 -12851 1 60 0
972 8 742 0 6 -12851 1 60 0
973 8 609 0 24 -12851 0 55 0
974 8 742 0 -6 -12851 0 55 0
975 8 609 0 24 -12851 1 55 0
976 8 500 0 -6 -12851 1 55 0
977 8 500 0 24 -12851 0 60 0
978 8 1100 0 24 -12851 1 60 0
979 8 903 0 -24 -12851 0 55 0
980 12 742 609 -6 24 0 55 51
981 8 742 0 -6 -12851 0 60 0
982 12 742 609 -6 24 0 51 51
983 8 742 0 -6 -12851 0 60 0
984 12 742 609 -6 24 0 55 55
985 8 1100 0 24 -12851 0 55 0
986 8 1100 0 -6 -12851 1 55 0
987 8 500 0 24 -12851 0 60 0
988 8 903 0 -6 -12851 0 55 0
989 8 742 0 -24 -12851 0 60 0
990 12 742 1100 -6 24 0 51 51
991 8 609 0 24 -12851 0 60 0
992 12 742 609 6 -24 0 55 51
993 12 742 1100 -6 24 0 55 51
994 8 500 0 24 -12851 1 60 0
995 8 609 0 6 -12851 1 60 0
996 12 903 742 -6 24 0 55 51
997 12 903 742 -6 24 0 55 55
998 8 903 0 -6 -12851 0 55 0
999 12 742 500 6 -24 0 51 55
1000 8 609 0 -24 -12851 0 55 0
1001 12 1100 742 -6 24 1 51 51
1002 8 1100 0 -6 -12851 1 55 0
1003 8 1100 0 -6 -12851 0 60 0
1004 8 500 0 -6 -12851 1 55 0
1005 12 742 1100 -6 24 0 55 51
1006 12 742 1100 -6 24 0 51 51
1007 12 742 500 6 -24 0 55 55
1008 8 500 0 24 -12851 0 55 0
1009 8 903 0 6 -12851 0 60 0
1010 12 500 742 6 -24 0 55 51
1011 8 500 0 -24 -12851 0 60 0
1012 8 903 0 24 -12851 0 55 0
1013 8 742 0 -6 -12851 0 55 0
1014 8 742 0 6 -12851 1 55 0
1015 8 742 0 6 -12851 1 60 0
1016 8 1100 0 -6 -12851 1 60 0
1017 8 609 0 -6 -12851 0 60 0
1018 12 742 609 -6 24 0 55 55
1019 12 903 742 6 -24 0 55 51
1020 12 609 742 6 -24 0 55 51
1021 12 903 742 -6 24 0 51 55
1022 8 1100 0 -24 -12851 0 55 0
1023 12 742 609 -6 24 0 55 55
1024 8 903 0 -6 -12851 0 60 0
1025 12 742 500 6 -24 0 55 51
1026 8 609 0 -24 -12851 0 60 0
1027 8 609 0 6 -12851 0 55 0
1028 8 742 0 6 -12851 0 55 0
1029 8 742 0 -6 -12851 0 60 0
1030 8 903 0 24 -12851 0 60 0
1031 8 1100 0 24 -12851 0 55 0
1032 8 1100 0 24 -12851 0 60 0
1033 8 742 0 -6 -12851 0 60 0
1034 12 742 500 6 -24 0 55 55
1035 8 742 0 -6 -12851 0 60 0
1036 8 903 0 -6 -12851 0 55 0
1037 12 903 742 -6 24 0 51 51
1038 8 903 0 -24 -12851 0 60 0
1039 12 742 903 6 -24 0 51 51
1040 8 500 0 24 -12851 0 55 0
1041 8 1100 0 -24 -12851 0 55 0
1042 8 609 0 -6 -12851 0 60 0
1043 8 500 0 6 -12851 0 60 0
1044 12 742 609 -6 24 0 51 51
1045 8 609 0 24 -12851 0 60 0
1046 8 500 0 -6 -12851 0 60 0
1047 12 1100 742 6 -24 0 51 51
1048 8 609 0 -6 -12851 0 55 0
1049 12 742 903 6 -24 0 55 55
1050 8 500 0 -6 -12851 0 55 0
1051 8 500 0 24 -12851 0 60 0
1052 12 742 1100 -6 24 0 51 51
1053 12 742 609 6 -24 0 55 51
1054 12 500 742 -6 24 0 51 55
1055 8 1100 0 -6 -12851 0 60 0
1056 8 903 0 6 -12851 0 60 0
1057 12 609 742 -6 24 0 51 51
1058 12 609 742 6 -24 0 55 55
1059 8 609 0 -24 -12851 0 55 0
1060 12 903 742 6 -24 0 55 55
1061 8 500 0 6 -12851 0 55 0
1062 8 609 0 -24 -12851 0 55 0
1063 12 742 903 6 -24 0 51 51
1064 8 1100 0 -6 -12851 0 55 0
1065 12 742 1100 6 -24 0 51 55
1066 12 903 742 6 -24 0 55 55
1067 8 1100 0 -6 -12851 0 55 0
1068 12 1100 742 6 -24 0 55 51
1069 12 742 609 6 -24 0 55 55
1070 8 903 0 6 -12851 0 60 0
1071 8 903 0 6 -12851 0 60 0
1072 12 609 742 -6 24 0 55 51
1073 12 903 742 6 -24 0 51 51
1074 12 903 742 6 -24 0 51 55
1075 12 742 500 6 -24 0 55 51
1076 12 742 1100 -6 24 0 55 55
1077 12 609 742 -6 24 0 51 51
1078 8 742 0 24 -12851 0 55 0
1079 8 609 0 -24 -12851 0 60 0
1080 8 500 0 6 -12851 0 55 0
1081 12 1100 742 6 -24 0 55 51
1082 12 609 742 6 -24 0 55 51
1083 8 742 0 -24 -12851 0 55 0
1084 12 742 1100 -6 24 0 51 51
1085 12 1100 742 -6 24 0 55 55
1086 12 742 609 6 -24 0 55 51
1087 12 500 742 -6 24 0 51 51
1088 8 742 0 -6 -12851 0 60 0
1089 8 1100 0 24 -12851 0 55 0
1090 8 1100 0 24 -12851 0 60 0
1091 8 903 0 -24 -12851 0 60 0
1092 8 1100 0 -6 -12851 0 60 0
1093 8 1100 0 6 -12851 0 55 0
1094 12 742 609 -6 24 0 55 55
1095 12 903 742 -6 24 0 51 55
1096 8 903 0 -6 -12851 0 60 0
1097 12 500 742 -6 24 0 51 51
1098 8 609 0 -24 -12851 0 55 0
1099 12 500 742 -6 24 0 51 55
1100 8 742 0 24 -12851 0 55 0
1101 12 500 742 -6 24 0 55 55
1102 8 742 0 -24 -12851 0 60 0
1103 8 609 0 6 -12851 0 55 0
1104 8 609 0 6 -12851 0 60 0
1105 12 1100 742 -6 24 0 51 51
1106 8 500 0 -24 -12851 0 55 0
1107 12 609 742 -6 24 0 51 55
1108 12 1100 742 -6 24 0 55 51
1109 12 903 742 -6 24 0 55 55
1110 12 742 609 -6 24 0 51 51
1111 8 500 0 -6 -12851 0 55 0
1112 12 500 742 6 -24 0 51 51
1113 8 742 0 24 -12851 0 55 0
1114 8 500 0 -6 -12851 0 60 0
1115 8 903 0 -6 -12851 0 55 0
1116 12 742 609 6 -24 0 55 51
1117 8 500 0 -6 -12851 0 55 0
1118 12 1100 742 6 -24 0 51 55
1119 8 500 0 6 -12851 0 60 0
1120 12 742 500 6 -24 0 55 51
1121 12 1100 742 6 -24 0 55 51
1122 12 609 742 -6 24 0 55 55
1123 8 609 0 6 -12851 0 60 0
1124 12 742 1100 6 -24 0 55 55
1125 8 1100 0 -24 -12851 0 55 0
1126 12 742 1100 6 -24 0 51 51
1127 8 1100 0 6 -12851 0 55 0
1128 12 500 742 -6 24 0 51 55
1129 12 742 500 6 -24 0 51 55
1130 12 742 609 -6 24 0 55 55
1131 8 500 0 6 -12851 0 60 0
1132 12 609 742 -6 24 0 51 51
1133 8 1100 0 -24 -12851 0 60 0
1134 8 742 0 24 -12851 0 60 0
1135 12 742 1100 6 -24 0 51 55
1136 12 742 609 6 -24 0 51 51
1137 8 742 0 6 -12851 0 55 0
1138 8 500 0 24 -12851 0 60 0
1139 8 742 0 6 -12851 0 55 0
1140 8 609 0 -24 -12851 0 60 0
1141 8 609 0 24 -12851 0 55 0
1142 12 609 742 6 -24 0 51 55
1143 8 903 0 -6 -12851 0 60 0
1144 8 903 0 -24 -12851 0 55 0
1145 8 903 0 6 -12851 0 55 0
1146 12 742 1100 -6 24 0 55 51
1147 12 742 1100 6 -24 0 55 55
1148 8 742 0 24 -12851 0 55 0
1149 8 742 0 -6 -12851 0 60 0
1150 12 742 500 6 -24 0 51 55
1151 8 609 0 -24 -12851 0 55 0
1152 8 609 0 6 -12851 0 60 0
1153 8 500 0 -6 -12851 0 55 0
1154 8 903 0 -24 -12851 0 60 0
1155 8 1100 0 -6 -12851 0 55 0
1156 8 1100 0 -6 -12851 0 55 0
1157 12 609 742 6 -24 0 55 51
1158 8 1100 0 -24 -12851 0 55 0
1159 8 500 0 6 -12851 0 60 0
1160 8 742 0 6 -12851 0 60 0
1161 12 609 742 6 -24 0 55 55
1162 12 1100 742 -6 24 0 51 51
1163 8 903 0 24 -12851 0 60 0
1164 12 742 500 -6 24 0 51 55
1165 8 903 0 -6 -12851 0 60 0
1166 8 500 0 -6 -12851 0 55 0
1167 8 609 0 24 -12851 0 55 0
1168 8 742 0 6 -12851 0 55 0
1169 12 742 500 6 -24 0 51 55
1170 12 742 500 6 -24 0 55 55
1171 12 742 903 6 -24 0 51 51
1172 8 742 0 -24 -12851 0 55 0
1173 8 742 0 -24 -12851 0 60 0
1174 12 742 500 -6 24 0 51 51
1175 12 609 742 -6 24 0 55 55
1176 8 500 0 24 -12851 0 55 0
1177 8 500 0 -6 -12851 0 55 0
1178 8 500 0 24 -12851 0 60 0
1179 8 903 0 6 -12851 0 60 0
1180 12 742 903 6 -24 0 51 55
1181 12 1100 742 6 -24 0 51 55
1182 12 609 742 6 -24 0 51 55
1183 12 742 1100 6 -24 0 51 55
1184 8 609 0 -6 -12851 0 55 0
1185 8 903 0 6 -12851 0 60 0
1186 8 903 0 24 -12851 0 55 0
1187 8 609 0 -24 -12851 0 60 0
1188 8 742 0 -6 -12851 0 55 0
1189 8 609 0 -6 -12851 0 60 0
1190 8 742 0 -24 -12851 0 60 0
1191 8 1100 0 -6 -12851 0 55 0
1192 12 500 742 -6 24 0 55 55
1193 12 742 1100 -6 24 0 55 55
1194 8 1100 0 24 -12851 0 60 0
1195 12 742 609 -6 24 0 51 55
1196 8 1100 0 -24 -12851 0 60 0
1197 12 742 903 6 -24 0 51 55
1198 8 903 0 6 -12851 0 55 0
1199 8 903 0 24 -12851 0 60 0
1200 8 609 0 24 -12851 0 55 0
1201 8 1100 0 6 -12851 0 55 0
1202 12 742 903 6 -24 0 51 51
1203 8 500 0 -24 -12851 0 55 0
1204 8 500 0 24 -12851 0 60 0
1205 8 609 0 24 -12851 0 60 0
1206 12 903 742 6 -24 0 51 51
1207 12 500 742 -6 24 0 51 51
1208 12 500 742 6 -24 0 51 51
1209 12 500 742 -6 24 0 51 55
1210 8 1100 0 6 -12851 0 60 0
1211 8 903 0 24 -12851 0 55 0
1212 12 500 742 6 -24 0 55 51
1213 8 500 0 6 -12851 0 60 0
1214 8 742 0 -6 -12851 0 60 0
1215 12 742 609 -6 24 0 51 55
1216 12 742 500 6 -24 0 51 51
1217 8 1100 0 6 -12851 0 55 0
1218 8 903 0 24 -12851 0 55 0
1219 12 742 903 6 -24 0 51 55
1220 12 609 742 -6 24 0 55 51
1221 8 742 0 6 -12851 0 55 0
1222 8 609 0 24 -12851 0 55 0
1223 8 742 0 -24 -12851 0 55 0
1224 8 609 0 -24 -12851 0 55 0
1225 8 609 0 24 -12851 0 55 0
1226 8 903 0 6 -12851 0 60 0
1227 8 500 0 24 -12851 0 60 0
1228 8 609 0 -6 -12851 0 55 0
1229 8 609 0 6 -12851 0 55 0
1230 12 742 903 6 -24 0 55 55
1231 8 500 0 6 -12851 0 55 0
1232 8 903 0 -24 -12851 0 55 0
1233 12 742 609 -6 24 0 55 51
1234 8 500 0 -24 -12851 0 55 0
1235 8 903 0 24 -12851 0 55 0
1236 12 500 742 6 -24 0 51 55
1237 8 742 0 24 -12851 0 60 0
1238 8 1100 0 -6 -12851 0 60 0
1239 12 500 742 6 -24 0 51 51
1240 8 1100 0 -6 -12851 0 60 0
1241 12 742 500 -6 24 0 55 51
1242 12 1100 742 6 -24 0 55 51
1243 12 903 742 6 -24 0 51 55
1244 8 742 0 -24 -12851 0 60 0
1245 12 742 903 -6 24 0 51 55
1246 8 742 0 -24 -12851 0 55 0
1247 12 742 609 -6 24 0 51 55
1248 12 742 1100 6 -24 0 55 51
1249 8 1100 0 6 -12851 0 60 0
1250 8 609 0 -24 -12851 0 55 0
1251 8 609 0 6 -12851 0 60 0
1252 12 1100 742 6 -24 0 55 55
1253 8 609 0 -24 -12851 0 60 0
1254 8 1100 0 -6 -12851 0 60 0
1255 8 609 0 -24 -12851 0 55 0
1256 12 742 903 6 -24 0 51 55
1257 12 903 742 -6 24 0 51 51
1258 8 1100 0 -24 -12851 0 55 0
1259 8 742 0 -6 -12851 0 60 0
1260 8 903 0 -6 -12851 0 60 0
1261 12 742 903 6 -24 0 55 55
1262 8 1100 0 24 -12851 0 55 0
1263 12 1100 742 6 -24 0 55 55
1264 8 903 0 6 -12851 0 55 0
1265 8 742 0 -24 -12851 0 60 0
1266 8 742 0 6 -12851 0 60 0
1267 8 500 0 6 -12851 0 60 0
1268 8 500 0 -24 -12851 0 60 0
1269 12 742 903 6 -24 0 55 51
1270 8 500 0 24 -12851 0 60 0
1271 8 903 0 6 -12851 0 55 0
1272 12 1100 742 -6 24 0 55 51
1273 12 742 500 -6 24 0 55 55
1274 12 742 1100 6 -24 0 51 51
1275 8 500 0 6 -12851 0 60 0
1276 8 500 0 24 -12851 0 60 0
1277 12 1100 742 -6 24 0 51 55
1278 8 609 0 -24 -12851 0 60 0
1279 8 500 0 -24 -12851 0 55 0
1280 12 742 500 -6 24 0 51 55
1281 12 609 742 6 -24 0 51 55
1282 8 1100 0 -24 -12851 0 60 0
1283 8 903 0 -24 -12851 0 55 0
1284 12 742 609 -6 24 0 55 51
1285 12 742 903 6 -24 0 55 55
1286 12 742 609 6 -24 0 51 51
1287 12 742 500 6 -24 0 55 51
1288 8 500 0 -6 -12851 0 55 0
1289 8 1100 0 24 -12851 0 55 0
1290 8 742 0 6 -12851 0 60 0
1291 8 903 0 -24 -12851 0 60 0
1292 8 903 0 6 -12851 0 55 0
1293 8 1100 0 -24 -12851 0 55 0
1294 12 500 742 -6 24 0 55 51
1295 8 742 0 -6 -12851 0 55 0
1296 8 609 0 -24 -12851 0 60 0
1297 12 742 609 6 -24 0 55 55
1298 8 742 0 6 -12851 0 55 0
1299 12 742 609 -6 24 0 51 51
1300 8 609 0 -6 -12851 0 60 0
1301 8 1100 0 24 -12851 0 60 0
1302 8 1100 0 6 -12851 0 60 0
1303 8 742 0 6 -12851 0 55 0
1304 8 742 0 -6 -12851 0 60 0
1305 8 609 0 6 -12851 0 55 0
1306 8 1100 0 24 -12851 0 55 0
1307 8 500 0 6 -12851 0 55 0
1308 12 742 500 -6 24 0 55 55
1309 8 903 0 -24 -12851 0 60 0
1310 8 609 0 -24 -12851 0 60 0
1311 8 903 0 6 -12851 0 55 0
1312 8 1100 0 6 -12851 0 55 0
1313 12 742 903 6 -24 0 51 55
1314 8 742 0 24 -12851 0 55 0
1315 8 903 0 -6 -12851 0 55 0
1316 8 609 0 24 -12851 0 55 0
1317 8 500 0 -6 -12851 0 60 0
1318 12 609 742 -6 24 0 55 55
1319 12 609 742 -6 24 0 55 55
1320 8 500 0 -24 -12851 0 55 0
1321 12 1100 742 6 -24 0 51 55
1322 8 903 0 24 -12851 0 55 0
1323 8 903 0 -24 -12851 0 55 0
1324 8 903 0 -6 -12851 0 60 0
1325 8 609 0 6 -12851 0 60 0
1326 8 742 0 -6 -12851 0 55 0
1327 12 742 903 -6 24 0 55 51
1328 12 742 500 6 -24 0 51 51
1329 8 500 0 -6 -12851 0 55 0
1330 8 1100 0 -6 -12851 0 55 0
1331 12 609 742 -6 24 0 55 51
1332 12 742 1100 -6 24 0 55 51
1333 12 500 742 -6 24 0 55 51
1334 12 742 903 6 -24 0 55 55
1335 8 742 0 24 -12851 0 60 0
1336 12 742 609 -6 24 0 51 55
1337 12 742 609 6 -24 0 55 55
1338 12 742 609 6 -24 0 51 51
1339 8 1100 0 -24 -12851 0 55 0
1340 8 609 0 -6 -12851 0 55 0
1341 8 903 0 -24 -12851 0 60 0
1342 12 903 742 6 -24 0 55 55
1343 8 742 0 6 -12851 0 55 0
1344 8 609 0 24 -12851 0 60 0
1345 8 500 0 6 -12851 0 55 0
1346 8 500 0 24 -12851 0 55 0
1347 8 1100 0 6 -12851 0 55 0
1348 12 1100 742 -6 24 0 55 51
1349 8 500 0 24 -12851 0 55 0
1350 8 500 0 6 -12851 0 55 0
1351 12 742 1100 -6 24 0 51 51
1352 12 742 903 -6 24 0 55 51
1353 8 500 0 24 -12851 0 60 0
1354 12 500 742 6 -24 0 55 51
1355 12 903 742 -6 24 0 51 55
1356 12 1100 742 6 -24 0 55 55
1357 8 609 0 -6 -12851 0 55 0
1358 12 609 742 -6 24 0 55 55
1359 8 500 0 24 -12851 0 55 0
1360 8 903 0 -24 -12851 0 55 0
1361 8 1100 0 -24 -12851 0 55 0
1362 12 500 742 6 -24 0 51 55
1363 8 609 0 -6 -12851 0 55 0
1364 12 609 742 -6 24 0 55 55
1365 8 609 0 24 -12851 0 55 0
1366 12 742 500 6 -24 0 55 55
1367 12 742 1100 6 -24 0 51 55
1368 12 742 1100 6 -24 0 55 55
1369 8 903 0 6 -12851 0 55 0
1370 8 1100 0 24 -12851 0 60 0
1371 12 742 903 6 -24 0 51 51
1372 12 742 500 6 -24 0 55 51
1373 12 742 609 6 -24 0 51 51
1374 8 903 0 -6 -12851 0 55 0
1375 8 1100 0 24 -12851 0 60 0
1376 8 742 0 -6 -12851 0 55 0
1377 12 500 742 6 -24 0 55 51
1378 12 742 500 -6 24 0 51 55
1379 8 742 0 24 -12851 0 60 0
1380 8 742 0 -6 -12851 0 55 0
1381 12 742 500 -6 24 0 51 51
1382 8 500 0 -6 -12851 0 60 0
1383 8 500 0 24 -12851 0 60 0
1384 12 903 742 6 -24 0 55 51
1385 8 903 0 6 -12851 0 55 0
1386 8 500 0 -24 -12851 0 60 0
1387 12 742 500 -6 24 0 55 51
1388 8 1100 0 24 -12851 0 55 0
1389 8 609 0 6 -12851 0 60 0
1390 12 1100 742 6 -24 0 51 51
1391 12 742 1100 -6 24 0 55 55
1392 12 500 742 6 -24 0 55 55
1393 8 903 0 -24 -12851 0 55 0
1394 8 1100 0 6 -12851 0 60 0
1395 8 609 0 -6 -12851 0 55 0
1396 12 742 609 -6 24 0 55 51
1397 12 500 742 -6 24 0 55 55
1398 8 1100 0 -6 -12851 0 60 0
1399 8 500 0 6 -12851 0 55 0
1400 8 903 0 24 -12851 0 60 0
1401 8 609 0 -24 -12851 0 55 0
1402 12 1100 742 6 -24 0 51 55
1403 12 742 903 -6 24 0 55 55
1404 12 500 742 -6 24 0 55 55
1405 8 742 0 24 -12851 0 60 0
1406 8 742 0 24 -12851 0 60 0
1407 12 500 742 -6 24 0 55 55
1408 12 742 500 6 -24 0 55 55
1409 8 742 0 -24 -12851 0 55 0
1410 8 500 0 -24 -12851 0 55 0
1411 12 742 903 -6 24 0 51 51
1412 8 500 0 -6 -12851 0 60 0
1413 8 609 0 6 -12851 0 55 0
1414 8 609 0 6 -12851 0 60 0
1415 12 742 609 -6 24 0 51 55
1416 12 742 500 -6 24 0 51 55
1417 8 500 0 6 -12851 0 60 0
1418 8 1100 0 -24 -12851 0 60 0
1419 12 1100 742 6 -24 0 55 51
1420 12 742 1100 -6 24 0 55 51
1421 12 609 742 -6 24 0 51 55
1422 12 903 742 -6 24 0 51 55
1423 12 609 742 -6 24 0 55 51
1424 12 742 1100 6 -24 0 51 55
1425 8 903 0 -6 -12851 0 60 0
1426 8 609 0 24 -12851 0 55 0
1427 12 742 500 6 -24 0 55 55
1428 8 903 0 6 -12851 0 55 0
1429 8 742 0 24 -12851 0 55 0
1430 8 742 0 -24 -12851 0 55 0
1431 12 742 609 -6 24 0 55 51
1432 8 500 0 -6 -12851 0 60 0
1433 8 903 0 -24 -12851 0 60 0
1434 8 742 0 24 -12851 0 60 0
1435 12 609 742 -6 24 0 55 51
1436 12 742 1100 -6 24 0 55 55
1437 8 1100 0 -6 -12851 0 60 0
1438 8 1100 0 -6 -12851 0 55 0
1439 12 609 742 -6 24 0 51 51
1440 8 500 0 -6 -12851 0 60 0
1441 8 500 0 -24 -12851 0 55 0
1442 12 500 742 -6 24 0 51 51
1443 8 1100 0 -24 -12851 0 55 0
1444 12 1100 742 6 -24 0 55 55
1445 8 1100 0 6 -12851 0 55 0
1446 8 742 0 24 -12851 0 55 0
1447 8 1100 0 24 -12851 0 60 0
1448 8 742 0 -24 -12851 0 55 0
1449 8 609 0 -24 -12851 0 60 0
1450 12 609 742 6 -24 0 51 55
1451 12 742 609 -6 24 0 51 51
1452 8 742 0 -6 -12851 0 60 0
1453 8 609 0 24 -12851 0 55 0
1454 12 500 742 6 -24 0 55 55
1455 12 1100 742 6 -24 0 51 51
1456 8 903 0 -6 -12851 0 60 0
1457 8 609 0 24 -12851 0 55 0
1458 8 500 0 -24 -12851 0 60 0
1459 8 500 0 -24 -12851 0 60 0
1460 8 903 0 -6 -12851 0 60 0
1461 8 903 0 24 -12851 0 60 0
1462 12 500 742 -6 24 0 55 55
1463 8 500 0 -24 -12851 0 60 0
1464 12 742 1100 -6 24 0 51 51
1465 8 500 0 -24 -12851 1 55 0
1466 12 742 1100 6 -24 0 55 55
1467 12 742 903 6 -24 1 55 55
1468 8 609 0 6 -12851 1 55 0
1469 12 742 609 -6 24 0 55 51
1470 12 742 500 -6 24 1 51 51
1471 8 609 0 -24 -12851 1 55 0
1472 12 742 1100 6 -24 0 55 55
1473 8 500 0 -24 -12851 1 60 0
1474 8 1100 0 -6 -12851 0 55 0
1475 8 903 0 -24 -12851 1 55 0
1476 8 609 0 -6 -12851 1 55 0
1477 12 1100 742 6 -24 0 51 51
1478 12 500 742 6 -24 1 51 51
1479 12 742 1100 6 -24 1 55 55
1480 8 903 0 -6 -12851 1 55 0
1481 12 742 500 -6 24 0 55 55
1482 12 903 742 6 -24 1 51 55
1483 12 1100 742 -6 24 0 55 51
1484 12 742 1100 -6 24 1 51 55
1485 12 742 1100 6 -24 0 55 55
1486 12 742 1100 6 -24 1 55 55
1487 8 742 0 6 -12851 1 55 0
1488 8 742 0 24 -12851 0 55 0
1489 12 1100 742 -6 24 1 51 51
1490 12 1100 742 6 -24 0 55 51
1491 8 500 0 -24 -12851 1 60 0
1492 12 742 1100 6 -24 0 51 51
1493 12 742 1100 -6 24 1 55 55
1494 12 742 1100 -6 24 0 55 55
1495 8 903 0 24 -12851 1 60 0
1496 12 742 1100 -6 24 0 51 51
1497 12 742 1100 -6 24 0 55 55
1498 12 1100 742 -6 24 1 51 51
1499 8 742 0 -24 -12851 0 55 0
1500 12 1100 742 6 -24 0 55 51
1501 12 742 1100 -6 24 1 51 55
1502 12 742 1100 -6 24 0 51 51
1503 12 742 1100 -6 24 1 55 55
1504 8 1100 0 -6 -12851 0 55 0
1505 12 742 1100 6 -24 1 55 51
1506 8 1100 0 -24 -12851 1 55 0
1507 12 1100 742 -6 24 0 55 55
1508 12 1100 742 6 -24 1 51 51
1509 12 742 1100 -6 24 0 55 51
1510 12 742 1100 6 -24 0 51 55
1511 12 742 1100 -6 24 0 55 55
1512 8 500 0 -6 -12851 0 60 0
1513 12 1100 742 6 -24 0 51 55
1514 12 1100 742 6 -24 0 55 51
1515 8 500 0 24 -12851 1 55 0
1516 12 1100 742 -6 24 1 51 55
1517 12 1100 742 -6 24 0 55 51
1518 8 609 0 6 -12851 0 60 0
1519 12 742 1100 -6 24 1 55 51
1520 12 742 1100 6 -24 0 55 51
1521 8 903 0 -6 -12851 1 60 0
1522 8 500 0 -24 -12851 0 60 0
1523 12 1100 742 6 -24 0 55 51
1524 12 1100 742 -6 24 0 55 51
1525 12 1100 742 6 -24 1 55 55
1526 12 742 1100 6 -24 0 55 55
1527 12 1100 742 -6 24 0 55 51
1528 12 1100 742 6 -24 1 51 51
1529 8 1100 0 6 -12851 1 60 0
1530 8 609 0 6 -12851 1 55 0
1531 12 742 1100 -6 24 0 55 55
1532 12 1100 742 6 -24 1 55 55
1533 12 742 1100 6 -24 1 55 55
1534 12 1100 742 -6 24 0 51 55
1535 12 1100 742 6 -24 1 55 51
1536 12 742 1100 6 -24 1 51 51
1537 12 1100 742 -6 24 0 51 55
1538 12 742 1100 -6 24 0 51 51
1539 12 742 1100 -6 24 0 55 55
1540 12 742 1100 6 -24 0 55 55
1541 12 742 1100 -6 24 0 55 55
1542 12 742 1100 -6 24 1 51 55
1543 8 742 0 -24 -12851 1 60 0
1544 12 742 1100 6 -24 0 51 51
1545 12 742 1100 -6 24 1 55 51
1546 12 1100 742 -6 24 0 55 55
1547 12 742 1100 6 -24 1 51 51
1548 12 1100 742 -6 24 1 55 51
1549 12 1100 742 6 -24 1 55 55
1550 12 742 1100 -6 24 0 51 51
1551 12 742 1100 -6 24 0 55 51
1552 8 500 0 -24 -12851 1 60 0
1553 8 609 0 24 -12851 1 60 0
1554 12 1100 742 -6 24 1 55 51
1555 12 742 1100 6 -24 0 55 55
1556 8 742 0 6 -12851 1 55 0
1557 8 1100 0 6 -12851 1 55 0
1558 12 1100 742 6 -24 0 55 51
1559 12 742 1100 6 -24 1 55 51
1560 8 903 0 -24 -12851 1 55 0
1561 12 1100 742 6 -24 1 55 55
1562 12 742 1100 6 -24 1 55 55
1563 12 1100 742 6 -24 1 51 55
1564 8 742 0 24 -12851 1 60 0
1565 12 742 1100 -6 24 0 55 51
1566 12 742 1100 -6 24 1 55 51
1567 12 1100 742 6 -24 1 55 51
1568 12 1100 742 -6 24 1 51 51
1569 8 903 0 -24 -12851 0 55 0
1570 12 742 1100 6 -24 1 55 51
1571 8 1100 0 6 -12851 1 55 0
1572 12 742 1100 -6 24 0 55 55
1573 12 742 1100 -6 24 1 51 51
1574 12 742 1100 6 -24 0 55 55
1575 8 500 0 24 -12851 0 55 0
1576 12 1100 742 -6 24 0 55 55
1577 12 742 1100 6 -24 0 51 51
1578 12 1100 742 -6 24 1 51 55
1579 12 1100 742 6 -24 0 55 51
1580 12 1100 742 6 -24 1 55 55
1581 12 1100 742 -6 24 1 51 51
1582 8 500 0 -6 -12851 1 60 0
1583 12 742 1100 -6 24 0 51 51
1584 12 1100 742 -6 24 1 55 55
1585 12 742 1100 6 -24 1 51 51
1586 12 742 1100 6 -24 1 51 51
1587 8 903 0 -24 -12851 1 55 0
1588 12 1100 742 6 -24 1 51 51
1589 12 1100 742 -6 24 0 51 51
1590 8 903 0 6 -12851 1 55 0
1591 12 1100 742 6 -24 1 51 55
1592 12 1100 742 -6 24 1 55 55
1593 8 903 0 6 -12851 1 60 0
1594 12 1100 742 6 -24 1 51 51
1595 8 609 0 6 -12851 1 60 0
1596 12 1100 742 -6 24 0 51 51
1597 12 1100 742 6 -24 0 51 51
1598 12 742 1100 -6 24 1 51 51
1599 12 1100 742 -6 24 1 51 51
1600 12 1100 742 -6 24 1 51 51
1601 12 1100 742 -6 24 1 55 55
1602 12 1100 742 6 -24 1 51 51
1603 12 1100 742 6 -24 1 55 55
1604 12 1100 742 6 -24 1 51 55
1605 12 1100 742 -6 24 0 55 51
1606 8 609 0 24 -12851 1 55 0
1607 12 1100 742 6 -24 1 51 55
1608 12 742 903 6 -24 1 55 55
1609 12 742 1100 -6 24 1 55 55
1610 12 1100 742 6 -24 1 51 51
1611 12 742 1100 -6 24 1 51 55
1612 8 609 0 24 -12851 1 60 0
1613 12 903 742 6 -24 1 51 55
1614 12 742 903 -6 24 1 55 51
1615 12 903 742 6 -24 1 51 55
1616 12 742 1100 6 -24 0 51 55
1617 8 742 0 -24 -12851 1 60 0
1618 12 1100 742 -6 24 1 55 55
1619 12 742 903 -6 24 1 51 55
1620 8 500 0 -24 -12851 1 60 0
1621 8 500 0 24 -12851 1 60 0
1622 12 903 742 -6 24 1 51 51
1623 8 1100 0 24 -12851 1 60 0
1624 12 1100 742 -6 24 1 55 55
1625 8 1100 0 6 -12851 1 55 0
1626 8 742 0 -24 -12851 1 55 0
1627 8 742 0 -6 -12851 0 55 0
1628 12 742 1100 6 -24 1 51 55
1629 12 1100 742 6 -24 0 55 51
1630 12 1100 742 -6 24 1 55 51
1631 12 742 903 -6 24 0 51 51
1632 8 1100 0 -24 -12851 1 55 0
1633 12 1100 742 -6 24 1 55 55
1634 12 903 742 6 -24 1 55 55
1635 8 1100 0 -24 -12851 0 60 0
1636 8 1100 0 24 -12851 1 55 0
1637 8 742 0 6 -12851 1 60 0
1638 12 742 1100 -6 24 1 55 55
1639 12 742 903 6 -24 1 55 55
1640 12 742 1100 -6 24 0 55 55
1641 12 1100 742 6 -24 1 51 55
1642 12 742 903 -6 24 0 55 51
1643 12 903 742 -6 24 1 51 55
1644 12 742 1100 -6 24 1 51 51
1645 8 500 0 24 -12851 1 60 0
1646 8 500 0 24 -12851 1 55 0
1647 12 742 1100 6 -24 1 51 51
1648 12 903 742 6 -24 1 55 55
1649 12 742 1100 -6 24 1 55 55
1650 12 903 742 -6 24 1 55 55
1651 8 609 0 24 -12851 1 60 0
1652 8 1100 0 -6 -12851 0 55 0
1653 12 742 903 -6 24 1 55 51
1654 12 742 903 6 -24 0 55 51
1655 12 742 1100 6 -24 0 51 55
1656 12 742 903 6 -24 1 51 51
1657 12 1100 742 -6 24 1 55 55
1658 12 742 903 -6 24 0 55 55
1659 12 742 903 6 -24 1 55 55
1660 12 742 903 6 -24 0 55 51
1661 12 742 1100 -6 24 1 55 51
1662 12 1100 742 6 -24 1 55 55
1663 12 742 903 -6 24 0 55 55
1664 12 742 903 6 -24 1 51 55
1665 12 1100 742 6 -24 1 55 51
1666 12 742 903 6 -24 0 55 55
1667 12 903 742 -6 24 0 55 51
1668 12 742 903 6 -24 0 55 51
1669 12 742 903 6 -24 0 55 51
1670 8 903 0 6 -12851 1 55 0
1671 12 742 903 -6 24 1 55 51
1672 12 903 742 -6 24 0 55 55
1673 12 903 742 -6 24 0 55 51
1674 12 1100 742 -6 24 0 51 55
1675 8 609 0 -24 -12851 0 55 0
1676 12 1100 742 -6 24 1 55 51
1677 12 903 742 6 -24 1 55 51
1678 8 1100 0 -6 -12851 1 60 0
1679 12 742 903 -6 24 1 51 51
1680 12 742 1100 -6 24 1 55 51
1681 8 500 0 24 -12851 1 60 0
1682 12 742 1100 -6 24 0 55 55
1683 12 742 1100 6 -24 0 51 51
1684 12 742 1100 6 -24 1 55 51
1685 8 903 0 6 -12851 0 60 0
1686 12 1100 742 6 -24 1 55 51
1687 12 903 742 6 -24 0 51 55
1688 12 903 742 -6 24 0 55 55
1689 12 742 1100 -6 24 1 55 55
1690 12 903 742 -6 24 0 51 51
1691 12 903 742 6 -24 1 55 55
1692 12 1100 742 6 -24 1 51 51
1693 12 742 1100 6 -24 1 51 51
1694 8 609 0 -6 -12851 0 60 0
1695 12 903 742 -6 24 1 51 51
1696 12 1100 742 -6 24 1 55 51
1697 12 1100 742 6 -24 1 51 51
1698 12 903 742 -6 24 0 55 51
1699 12 903 742 6 -24 0 55 55
1700 12 742 903 6 -24 0 55 51
1701 12 1100 742 -6 24 1 51 55
1702 12 1100 742 -6 24 1 55 51
1703 12 742 1100 6 -24 1 55 55
1704 8 742 0 24 -12851 1 60 0
1705 12 1100 742 -6 24 1 55 55
1706 12 903 742 6 -24 0 51 55
1707 12 1100 742 -6 24 1 51 51
1708 8 742 0 -24 -12851 1 55 0
1709 12 742 1100 6 -24 0 51 51
1710 12 1100 742 -6 24 0 51 51
1711 8 903 0 -24 -12851 1 55 0
1712 12 742 1100 6 -24 0 55 55
1713 8 903 0 -24 -12851 0 60 0
1714 8 903 0 -24 -12851 1 60 0
1715 12 742 903 6 -24 0 55 55
1716 12 1100 742 6 -24 1 55 51
1717 8 1100 0 -24 -12851 1 60 0
1718 12 742 903 6 -24 1 51 51
1719 8 1100 0 -6 -12851 0 55 0
1720 12 903 742 -6 24 0 55 51
1721 12 1100 742 -6 24 1 55 51
1722 12 903 742 6 -24 1 51 51
1723 12 742 903 6 -24 0 51 51
1724 12 1100 742 6 -24 1 55 55
1725 8 742 0 -6 -12851 0 60 0
1726 8 903 0 6 -12851 0 60 0
1727 8 609 0 -6 -12851 0 60 0
1728 12 1100 742 -6 24 1 51 51
1729 12 1100 742 -6 24 0 55 55
1730 8 1100 0 -6 -12851 0 60 0
1731 12 903 742 -6 24 1 55 51
1732 12 1100 742 6 -24 1 55 55
1733 8 903 0 24 -12851 0 60 0
1734 8 609 0 -24 -12851 1 60 0
1735 12 903 742 -6 24 0 51 55
1736 8 742 0 -6 -12851 0 55 0
1737 12 742 903 6 -24 1 51 51
1738 12 742 903 -6 24 0 51 55
1739 12 742 903 -6 24 1 55 51
1740 12 903 742 6 -24 0 55 55
1741 8 500 0 6 -12851 0 60 0
1742 12 742 500 -6 24 0 55 55
1743 12 742 500 -6 24 1 51 51
1744 12 742 500 6 -24 1 51 51
1745 12 500 742 6 -24 1 55 51
1746 8 500 0 -6 -12851 1 55 0
1747 12 500 742 6 -24 1 55 51
1748 12 500 742 6 -24 1 51 51
1749 12 500 742 -6 24 0 51 51
1750 8 500 0 24 -12851 1 60 0
1751 12 742 500 6 -24 1 55 51
1752 12 500 742 -6 24 1 51 51
1753 12 500 742 -6 24 0 51 55
1754 12 742 500 6 -24 1 55 51
1755 12 500 742 -6 24 0 51 51
1756 12 742 500 6 -24 1 51 51
1757 8 742 0 -6 -12851 1 60 0
1758 8 609 0 6 -12851 1 55 0
1759 12 742 500 6 -24 0 55 51
1760 12 500 742 6 -24 0 55 51
1761 12 742 500 -6 24 1 55 55
1762 12 742 500 -6 24 0 51 51
1763 8 500 0 24 -12851 0 60 0
1764 12 500 742 6 -24 0 51 55
1765 12 742 500 -6 24 0 55 51
1766 12 500 742 -6 24 0 55 55
1767 12 742 500 6 -24 0 51 51
1768 12 500 742 -6 24 1 51 51
1769 12 742 500 6 -24 1 51 55
1770 12 500 742 -6 24 0 51 51
1771 12 500 742 6 -24 1 55 55
1772 12 742 500 6 -24 0 55 51
1773 12 742 500 -6 24 1 51 51
1774 8 500 0 -24 -12851 0 60 0
1775 12 742 500 -6 24 0 55 51
1776 12 500 742 -6 24 1 51 55
1777 12 742 500 -6 24 0 55 55
1778 12 500 742 6 -24 1 51 55
1779 12 742 500 6 -24 1 55 51
1780 12 500 742 6 -24 0 55 55
1781 12 742 500 -6 24 0 51 51
1782 12 500 742 -6 24 1 51 55
1783 12 742 500 6 -24 0 51 51
1784 8 500 0 24 -12851 0 55 0
1785 12 500 742 6 -24 0 51 51
1786 8 742 0 -6 -12851 0 55 0
1787 12 500 742 -6 24 0 55 51
1788 12 500 742 6 -24 0 51 55
1789 12 500 742 -6 24 0 51 51
