1 12 742 1100 6 -24 0 51 51
2 12 903 742 6 -24 1 51 51
3 12 1100 742 6 -24 1 55 51
4 12 609 742 -6 24 0 51 51
5 12 742 903 -6 24 0 51 55
6 12 742 609 6 -24 0 51 55
7 12 609 742 6 -24 0 51 51
8 12 742 903 -6 24 0 55 55
9 12 1100 742 6 -24 1 51 55
10 12 742 609 -6 24 0 55 51
11 12 609 742 6 -24 0 55 51
12 12 742 609 6 -24 1 55 51
13 12 500 742 -6 24 0 55 51
14 12 742 1100 6 -24 1 51 51
15 12 742 500 -6 24 1 55 51
16 12 742 1100 6 -24 1 55 55
17 12 742 500 6 -24 0 55 55
18 12 1100 742 -6 24 0 51 51
19 12 742 609 6 -24 0 55 55
20 12 742 1100 6 -24 0 51 51
21 12 742 500 -6 24 1 51 55
22 12 742 609 -6 24 1 55 51
23 12 609 742 6 -24 0 51 55
24 12 903 742 6 -24 0 51 55
25 12 1100 742 6 -24 0 55 51
26 12 742 1100 -6 24 0 55 55
27 12 1100 742 6 -24 0 51 55
28 12 742 609 6 -24 1 55 51
29 12 1100 742 -6 24 0 51 55
30 12 742 500 6 -24 1 51 55
31 12 903 742 6 -24 0 55 51
32 12 742 1100 -6 24 0 55 55
33 12 500 742 -6 24 1 51 55
34 12 742 1100 -6 24 0 51 55
35 12 609 742 6 -24 1 55 55
36 12 500 742 -6 24 0 55 55
37 12 742 1100 -6 24 0 51 55
38 12 742 609 6 -24 1 55 55
39 12 609 742 -6 24 0 55 55
40 12 742 903 6 -24 1 51 55
41 12 742 903 6 -24 0 55 51
42 12 742 500 6 -24 0 55 55
43 12 742 903 -6 24 0 51 55
44 12 742 1100 -6 24 0 55 51
45 12 742 903 -6 24 0 51 51
46 12 742 903 -6 24 0 55 51
47 12 742 903 6 -24 1 51 55
48 12 500 742 6 -24 1 51 51
49 12 500 742 -6 24 1 51 55
50 12 1100 742 -6 24 0 51 51
51 12 609 742 -6 24 1 55 55
52 12 1100 742 -6 24 0 55 55
53 12 742 903 -6 24 0 51 55
54 12 742 609 6 -24 1 51 55
55 12 742 609 -6 24 0 55 51
56 12 742 903 -6 24 1 55 51
57 12 742 903 -6 24 0 51 55
58 12 742 500 6 -24 1 55 55
59 12 609 742 6 -24 0 55 55
60 12 500 742 6 -24 1 51 51
61 12 609 742 -6 24 1 51 51
62 12 500 742 6 -24 1 51 55
63 12 500 742 6 -24 0 51 51
64 12 609 742 -6 24 0 51 51
65 12 742 500 -6 24 0 55 55
66 12 500 742 -6 24 0 55 51
67 12 742 500 6 -24 1 55 51
68 12 742 609 6 -24 0 51 55
69 12 742 500 -6 24 0 51 51
70 12 903 742 6 -24 1 55 55
71 12 742 1100 6 -24 0 55 55
72 12 609 742 6 -24 1 51 51
73 12 609 742 -6 24 0 55 55
74 12 742 1100 -6 24 0 51 51
75 12 742 500 -6 24 0 55 51
76 12 609 742 -6 24 0 55 55
77 12 500 742 -6 24 1 55 55
78 12 742 1100 -6 24 1 51 51
79 12 1100 742 6 -24 0 55 55
80 12 742 609 -6 24 0 55 55
81 12 500 742 -6 24 0 55 51
82 12 500 742 -6 24 1 51 51
83 12 609 742 -6 24 0 55 55
84 12 903 742 -6 24 0 51 55
85 12 1100 742 -6 24 0 55 55
86 12 500 742 6 -24 1 51 51
87 12 742 500 6 -24 0 55 55
88 12 609 742 6 -24 1 55 51
89 12 742 903 6 -24 0 55 55
90 12 1100 742 -6 24 0 55 51
91 12 742 903 -6 24 0 51 55
92 12 609 742 -6 24 0 55 55
93 12 1100 742 -6 24 1 55 51
94 12 1100 742 6 -24 1 55 51
95 12 742 1100 -6 24 1 55 51
96 12 903 742 -6 24 0 51 51
97 12 742 1100 -6 24 0 51 51
98 12 742 609 -6 24 0 55 51
99 12 742 903 6 -24 0 55 55
100 12 742 1100 6 -24 1 55 55
101 12 903 742 -6 24 0 55 51
102 12 742 1100 -6 24 1 51 51
103 12 1100 742 6 -24 0 55 51
104 12 500 742 -6 24 0 51 55
105 12 500 742 -6 24 0 51 51
106 12 1100 742 -6 24 1 51 55
107 12 903 742 6 -24 1 55 55
108 12 609 742 6 -24 1 55 51
109 12 903 742 -6 24 0 51 51
110 12 1100 742 -6 24 0 51 55
111 12 1100 742 -6 24 0 55 55
112 12 742 903 6 -24 0 55 51
113 12 742 609 6 -24 0 51 55
114 12 1100 742 6 -24 0 55 55
115 12 500 742 -6 24 0 51 51
116 12 742 609 -6 24 0 51 55
117 12 500 742 -6 24 0 51 55
118 12 742 903 -6 24 0 51 51
119 12 903 742 -6 24 0 51 55
120 12 903 742 -6 24 0 55 55
121 12 742 1100 6 -24 1 55 51
122 12 500 742 -6 24 1 55 51
123 12 742 903 -6 24 1 55 51
124 12 1100 742 -6 24 1 51 51
125 12 742 1100 -6 24 0 55 55
126 12 500 742 -6 24 1 51 55
127 12 609 742 -6 24 0 51 51
128 12 903 742 6 -24 1 51 51
129 12 742 1100 6 -24 1 51 51
130 12 1100 742 -6 24 1 55 55
131 12 742 903 -6 24 0 55 51
132 12 500 742 -6 24 1 51 51
133 12 609 742 -6 24 0 55 55
134 12 609 742 -6 24 1 51 51
135 12 500 742 6 -24 1 55 55
136 12 742 609 -6 24 0 55 51
137 12 903 742 6 -24 0 51 51
138 12 500 742 -6 24 0 51 51
139 12 609 742 6 -24 0 51 51
140 12 500 742 -6 24 0 55 51
141 12 903 742 -6 24 1 55 55
142 12 903 742 -6 24 0 55 51
143 12 500 742 -6 24 1 51 51
144 12 500 742 -6 24 0 55 55
145 12 903 742 -6 24 0 55 51
146 12 742 1100 -6 24 0 55 51
147 12 609 742 6 -24 1 51 51
148 12 1100 742 6 -24 1 51 51
149 12 742 1100 -6 24 0 51 55
150 12 903 742 -6 24 0 55 51
151 12 1100 742 -6 24 1 55 51
152 12 500 742 -6 24 0 51 51
153 12 1100 742 6 -24 0 51 51
154 12 742 609 6 -24 1 55 55
155 12 500 742 -6 24 0 55 51
156 12 742 1100 6 -24 1 55 55
157 12 903 742 6 -24 1 55 51
158 12 742 903 -6 24 0 55 51
159 12 903 742 6 -24 1 51 51
160 12 742 609 6 -24 0 55 51
161 12 742 903 6 -24 1 51 51
162 12 903 742 6 -24 0 55 55
163 12 742 500 6 -24 0 51 55
164 12 500 742 -6 24 0 55 55
165 12 742 903 -6 24 0 51 51
166 12 742 903 -6 24 0 55 55
167 12 742 500 -6 24 0 55 55
168 12 742 609 -6 24 0 51 51
169 12 609 742 6 -24 0 55 55
170 12 903 742 6 -24 0 51 55
171 12 742 500 -6 24 0 55 51
172 12 742 500 -6 24 1 51 51
173 12 609 742 -6 24 0 51 55
174 12 1100 742 -6 24 1 55 55
175 12 500 742 -6 24 1 55 51
176 12 500 742 -6 24 1 55 51
177 12 903 742 6 -24 1 51 55
178 12 742 903 -6 24 1 55 55
179 12 1100 742 -6 24 0 51 55
180 12 742 1100 6 -24 1 55 51
181 12 742 609 -6 24 0 51 55
182 12 742 500 -6 24 0 55 51
183 12 742 609 -6 24 0 55 55
184 12 609 742 -6 24 1 51 51
185 12 1100 742 -6 24 0 51 51
186 12 742 903 -6 24 1 55 55
187 12 742 1100 -6 24 0 55 55
188 12 609 742 -6 24 0 51 51
189 12 742 500 6 -24 1 51 51
190 12 742 500 6 -24 1 51 51
191 12 742 903 -6 24 1 55 55
192 12 742 500 -6 24 1 51 51
193 12 742 1100 6 -24 1 51 51
194 12 742 609 6 -24 0 51 51
195 12 742 903 6 -24 1 55 51
196 12 742 609 6 -24 1 55 55
197 12 903 742 -6 24 1 55 51
198 12 1100 742 6 -24 1 55 55
199 12 500 742 -6 24 0 51 51
200 12 742 1100 6 -24 1 55 55
201 12 742 1100 -6 24 0 55 51
202 12 742 609 -6 24 0 51 55
203 12 1100 742 6 -24 0 51 55
204 12 742 609 -6 24 1 51 51
205 12 500 742 -6 24 0 55 55
206 12 500 742 6 -24 1 55 51
207 12 742 609 -6 24 0 55 55
208 12 500 742 6 -24 1 51 51
209 12 742 500 -6 24 0 55 55
210 12 742 903 -6 24 0 51 55
211 12 1100 742 6 -24 1 55 55
212 12 903 742 6 -24 0 51 51
213 12 500 742 -6 24 0 51 55
214 12 742 609 6 -24 1 55 51
215 12 609 742 6 -24 1 51 51
216 12 742 500 -6 24 1 55 51
217 12 1100 742 6 -24 0 51 55
218 12 903 742 -6 24 0 51 51
219 12 500 742 6 -24 1 55 55
220 12 742 500 6 -24 0 55 55
221 12 1100 742 6 -24 1 51 51
222 12 1100 742 6 -24 1 51 51
223 12 500 742 -6 24 0 55 51
224 12 742 1100 -6 24 0 51 51
225 12 903 742 -6 24 0 51 51
226 12 742 609 -6 24 0 51 51
227 12 609 742 6 -24 1 51 51
228 12 742 1100 -6 24 1 55 55
229 12 742 1100 -6 24 1 55 51
230 12 742 500 -6 24 1 55 51
231 12 609 742 6 -24 1 55 55
232 12 500 742 -6 24 1 51 51
233 12 609 742 -6 24 1 55 51
234 12 742 903 -6 24 1 55 55
235 12 742 500 -6 24 1 55 51
236 12 742 500 -6 24 1 55 51
237 12 1100 742 6 -24 1 55 51
238 12 742 903 6 -24 1 51 55
239 12 742 609 6 -24 0 55 51
240 12 1100 742 -6 24 0 51 51
241 12 500 742 6 -24 0 51 51
242 12 609 742 -6 24 1 51 55
243 12 609 742 -6 24 1 55 55
244 12 742 609 6 -24 0 51 51
245 12 500 742 6 -24 1 51 51
246 12 609 742 6 -24 1 55 51
247 12 1100 742 -6 24 0 55 51
248 12 609 742 -6 24 1 51 51
249 12 742 500 6 -24 0 51 55
250 12 609 742 -6 24 1 51 51
251 12 609 742 6 -24 1 55 55
252 12 742 1100 6 -24 1 55 55
253 12 742 500 6 -24 1 51 51
254 12 742 1100 -6 24 0 51 55
255 12 742 609 -6 24 1 51 51
256 12 500 742 -6 24 1 51 51
257 12 742 903 -6 24 1 51 55
258 12 742 1100 -6 24 1 55 51
259 12 609 742 6 -24 1 51 55
260 12 1100 742 -6 24 1 51 51
261 12 742 500 -6 24 0 51 55
262 12 500 742 -6 24 1 51 51
263 12 500 742 -6 24 1 51 51
264 12 903 742 -6 24 1 51 51
265 12 742 609 6 -24 1 51 55
266 12 1100 742 -6 24 0 55 55
267 12 742 1100 -6 24 0 55 55
268 12 609 742 6 -24 0 55 51
269 12 742 609 -6 24 1 55 55
270 12 609 742 6 -24 0 55 51
271 12 903 742 -6 24 0 55 51
272 12 742 500 -6 24 0 55 55
273 12 1100 742 6 -24 0 55 55
274 12 609 742 -6 24 0 55 51
275 12 742 903 -6 24 1 51 51
276 12 742 903 -6 24 1 51 55
277 12 742 1100 6 -24 1 51 51
278 12 742 903 -6 24 1 55 51
279 12 500 742 -6 24 0 51 51
280 12 500 742 -6 24 1 51 55
281 12 609 742 6 -24 1 55 51
282 12 1100 742 -6 24 0 55 51
283 12 742 609 -6 24 1 55 55
284 12 903 742 6 -24 1 55 51
285 12 609 742 6 -24 1 55 55
286 12 742 1100 -6 24 0 55 51
287 12 1100 742 -6 24 0 51 51
288 12 742 500 -6 24 1 55 55
289 12 1100 742 -6 24 0 51 55
290 12 903 742 6 -24 1 55 51
291 12 1100 742 -6 24 1 51 51
292 12 742 1100 6 -24 1 55 55
293 12 742 1100 6 -24 1 55 51
294 12 742 1100 -6 24 1 51 51
295 12 609 742 6 -24 0 51 51
296 12 903 742 -6 24 1 51 51
297 12 500 742 6 -24 1 55 51
298 12 903 742 -6 24 1 51 51
299 12 1100 742 -6 24 1 51 55
300 12 742 609 6 -24 1 55 55
301 12 500 742 6 -24 1 51 51
302 12 742 1100 6 -24 1 55 55
303 12 742 1100 -6 24 0 55 51
304 12 742 609 6 -24 0 51 51
305 12 903 742 6 -24 1 51 55
306 12 500 742 6 -24 1 55 51
307 12 742 500 6 -24 0 51 55
308 12 742 609 6 -24 1 55 51
309 12 500 742 6 -24 1 51 51
310 12 742 609 -6 24 0 55 55
311 12 500 742 6 -24 1 55 51
312 12 742 609 6 -24 0 55 55
313 12 742 609 -6 24 0 55 51
314 12 500 742 -6 24 1 51 55
315 12 742 1100 6 -24 1 55 51
316 12 742 1100 -6 24 0 55 55
317 12 500 742 -6 24 1 51 51
318 12 609 742 6 -24 0 55 51
319 12 609 742 -6 24 0 55 51
320 12 1100 742 -6 24 0 55 55
321 12 742 609 -6 24 1 51 55
322 12 742 500 -6 24 0 51 51
323 12 1100 742 6 -24 1 55 55
324 12 1100 742 -6 24 1 51 55
325 12 609 742 6 -24 1 51 51
326 12 1100 742 6 -24 1 51 51
327 12 1100 742 -6 24 0 55 55
328 12 1100 742 6 -24 1 55 55
329 12 609 742 6 -24 1 55 51
330 12 1100 742 6 -24 1 55 55
331 12 903 742 -6 24 0 55 55
332 12 500 742 -6 24 0 55 55
333 12 742 609 -6 24 1 51 51
334 12 1100 742 -6 24 0 55 51
335 12 500 742 6 -24 1 55 55
336 12 1100 742 6 -24 1 51 55
337 12 500 742 6 -24 1 55 51
338 12 1100 742 6 -24 1 55 55
339 12 742 1100 6 -24 0 55 55
340 12 742 903 -6 24 0 51 51
341 12 500 742 -6 24 0 51 55
342 12 1100 742 -6 24 1 55 55
343 12 742 1100 -6 24 0 51 55
344 12 742 903 -6 24 1 55 55
345 12 609 742 6 -24 1 51 51
346 12 742 500 6 -24 1 55 55
347 12 742 500 6 -24 1 55 55
348 12 500 742 -6 24 0 51 51
349 12 1100 742 6 -24 1 51 55
350 12 742 903 6 -24 0 51 55
351 12 742 609 -6 24 0 51 55
352 12 500 742 -6 24 0 55 55
353 12 609 742 -6 24 0 51 51
354 12 609 742 -6 24 1 51 55
355 12 903 742 -6 24 0 55 55
356 12 742 1100 -6 24 0 55 51
357 12 609 742 6 -24 1 55 55
358 12 500 742 -6 24 0 55 55
359 12 500 742 -6 24 1 55 55
360 12 609 742 -6 24 1 55 51
361 12 742 500 -6 24 1 51 55
362 12 609 742 6 -24 1 55 51
363 12 742 1100 -6 24 0 55 55
364 12 742 903 -6 24 0 55 51
365 12 903 742 -6 24 0 51 51
366 12 742 500 -6 24 0 51 55
367 12 1100 742 6 -24 1 51 51
368 12 609 742 -6 24 1 51 55
369 12 609 742 -6 24 1 51 55
370 12 742 609 -6 24 1 51 51
371 12 500 742 -6 24 1 51 51
372 12 742 1100 -6 24 0 51 55
373 12 742 609 6 -24 1 51 55
374 12 742 609 6 -24 1 51 51
375 12 742 609 -6 24 0 51 51
376 12 903 742 -6 24 0 55 51
377 12 742 609 6 -24 0 55 51
378 12 500 742 -6 24 0 55 55
379 12 609 742 6 -24 0 51 55
380 12 1100 742 6 -24 0 51 51
381 12 742 903 6 -24 0 55 55
382 12 742 1100 6 -24 0 51 51
383 12 742 500 6 -24 0 51 55
384 12 903 742 -6 24 1 55 55
385 12 903 742 -6 24 1 55 55
386 12 742 609 -6 24 0 51 51
387 12 500 742 -6 24 0 51 51
388 12 742 1100 -6 24 1 51 51
389 12 903 742 6 -24 1 51 51
390 12 742 500 6 -24 1 51 51
391 12 742 500 6 -24 0 51 51
392 12 742 1100 6 -24 1 51 55
393 12 500 742 -6 24 0 51 51
394 12 742 1100 -6 24 0 51 51
395 12 742 1100 -6 24 0 51 51
396 12 500 742 -6 24 0 55 51
397 12 742 1100 6 -24 1 55 51
398 12 609 742 -6 24 1 51 51
399 12 742 1100 6 -24 1 55 55
400 12 1100 742 -6 24 0 55 51
401 12 500 742 -6 24 0 55 55
402 12 742 903 -6 24 0 51 51
403 12 609 742 -6 24 0 51 51
404 12 742 1100 -6 24 0 51 51
405 12 1100 742 6 -24 0 55 55
406 12 742 903 6 -24 0 51 51
407 12 500 742 6 -24 0 51 51
408 12 742 609 -6 24 0 55 55
409 12 742 1100 -6 24 0 55 55
410 12 742 500 -6 24 0 51 55
411 12 1100 742 -6 24 0 51 51
412 12 500 742 6 -24 1 55 51
413 12 742 1100 -6 24 0 51 51
414 12 742 609 6 -24 1 55 55
415 12 742 903 -6 24 0 51 51
416 12 742 1100 6 -24 0 51 51
417 12 742 609 -6 24 0 55 51
418 12 609 742 -6 24 1 51 51
419 12 903 742 -6 24 1 55 51
420 12 903 742 -6 24 0 51 51
421 12 1100 742 -6 24 1 55 55
422 12 742 903 6 -24 1 51 51
423 12 903 742 6 -24 1 55 55
424 12 742 903 -6 24 1 51 51
425 12 500 742 -6 24 1 55 51
426 12 1100 742 6 -24 1 55 51
427 12 742 1100 -6 24 1 55 55
428 12 609 742 -6 24 0 55 55
429 12 742 500 6 -24 0 55 51
430 12 1100 742 6 -24 1 51 55
431 12 742 1100 -6 24 0 55 55
432 12 609 742 -6 24 1 51 51
433 12 609 742 6 -24 1 51 51
434 12 500 742 6 -24 1 55 51
435 12 1100 742 -6 24 1 55 51
436 12 1100 742 -6 24 0 51 51
437 12 903 742 -6 24 0 55 51
438 12 742 500 6 -24 0 55 55
439 12 742 500 6 -24 0 55 55
440 12 500 742 6 -24 1 55 55
441 12 742 609 -6 24 0 55 55
442 12 1100 742 -6 24 0 55 55
443 12 742 903 6 -24 1 51 51
444 12 742 500 6 -24 1 55 55
445 12 742 500 6 -24 1 55 51
446 12 609 742 6 -24 1 51 51
447 12 742 609 6 -24 1 51 51
448 12 1100 742 -6 24 0 55 51
449 12 742 609 6 -24 1 55 55
450 12 742 1100 -6 24 1 51 55
451 12 742 609 -6 24 0 51 55
452 12 903 742 6 -24 1 55 51
453 12 742 1100 -6 24 0 51 51
454 12 742 500 -6 24 1 51 55
455 12 742 500 6 -24 1 51 55
456 12 742 609 -6 24 0 55 55
457 12 903 742 -6 24 1 51 51
458 12 903 742 -6 24 1 51 51
459 12 742 903 -6 24 0 55 55
460 12 742 609 -6 24 0 55 51
461 12 742 500 6 -24 0 51 51
462 12 742 903 6 -24 1 51 51
463 12 742 609 -6 24 1 51 51
464 12 1100 742 -6 24 0 51 51
465 12 742 1100 -6 24 1 55 55
466 12 500 742 -6 24 0 55 51
467 12 742 500 6 -24 0 51 55
468 12 742 1100 6 -24 1 51 55
469 12 742 903 -6 24 0 51 51
470 12 742 1100 -6 24 0 51 51
471 12 742 609 -6 24 1 55 51
472 12 742 609 6 -24 0 51 51
473 12 742 500 6 -24 0 55 51
474 12 742 1100 -6 24 0 55 55
475 12 742 1100 -6 24 0 55 55
476 12 903 742 -6 24 1 55 55
477 12 742 609 -6 24 1 55 55
478 12 500 742 -6 24 1 55 51
479 12 742 500 6 -24 1 55 55
480 12 742 609 -6 24 1 51 51
481 12 500 742 -6 24 0 55 51
482 12 1100 742 6 -24 0 55 55
483 12 742 609 -6 24 0 55 55
484 12 609 742 -6 24 0 55 51
485 12 742 1100 6 -24 0 55 51
486 12 742 903 6 -24 1 55 51
487 12 500 742 -6 24 0 51 55
488 12 500 742 -6 24 0 55 55
489 12 742 1100 -6 24 0 51 55
490 12 609 742 6 -24 1 55 51
491 12 903 742 -6 24 0 55 55
492 12 1100 742 6 -24 1 51 55
493 12 500 742 6 -24 0 51 55
494 12 742 500 -6 24 0 51 51
495 12 500 742 -6 24 0 51 55
496 12 903 742 -6 24 0 51 55
497 12 742 500 -6 24 0 55 55
498 12 742 903 -6 24 0 55 55
499 12 742 903 -6 24 1 55 55
500 12 742 903 6 -24 1 55 51
501 12 609 742 -6 24 0 55 55
502 12 742 609 6 -24 1 51 55
503 12 1100 742 -6 24 0 51 51
504 12 742 609 6 -24 0 55 55
505 12 1100 742 6 -24 0 51 55
506 12 609 742 -6 24 1 55 51
507 12 742 1100 -6 24 1 55 55
508 12 1100 742 -6 24 1 51 55
509 12 742 903 -6 24 0 51 51
510 12 500 742 -6 24 0 55 55
511 12 609 742 -6 24 0 51 55
512 12 742 903 -6 24 0 55 51
513 12 903 742 -6 24 0 51 55
514 12 742 609 -6 24 0 51 51
515 12 742 609 -6 24 0 51 55
516 12 742 1100 -6 24 0 55 51
517 12 500 742 -6 24 0 51 51
518 12 903 742 -6 24 1 51 55
519 12 742 609 -6 24 0 55 55
520 12 742 500 -6 24 0 51 51
521 12 903 742 -6 24 0 55 55
522 12 500 742 -6 24 1 55 55
523 12 742 500 -6 24 1 51 51
524 12 742 1100 -6 24 1 55 55
525 12 742 903 -6 24 0 51 51
526 12 609 742 -6 24 1 51 51
527 12 609 742 -6 24 1 55 55
528 12 742 609 -6 24 1 51 51
529 12 500 742 -6 24 1 55 51
530 12 903 742 -6 24 0 51 55
531 12 609 742 -6 24 0 55 55
532 12 742 903 6 -24 1 51 51
533 12 1100 742 -6 24 0 55 55
534 12 500 742 6 -24 0 55 51
535 12 742 500 -6 24 0 55 51
536 12 742 609 -6 24 1 51 51
537 12 742 1100 -6 24 1 51 55
538 12 609 742 -6 24 1 55 55
539 12 903 742 -6 24 1 55 55
540 12 903 742 -6 24 1 55 55
541 12 742 609 -6 24 1 51 51
542 12 742 609 -6 24 0 51 55
543 12 742 1100 -6 24 1 55 55
544 12 903 742 6 -24 1 51 55
545 12 903 742 6 -24 1 55 55
546 12 903 742 6 -24 1 51 51
547 12 742 903 -6 24 1 51 51
548 12 1100 742 -6 24 0 51 51
549 12 742 500 6 -24 0 55 51
550 12 742 500 6 -24 1 51 51
551 12 1100 742 6 -24 0 51 55
552 12 903 742 6 -24 1 55 51
553 12 500 742 6 -24 1 51 55
554 12 742 903 -6 24 0 55 55
555 12 742 609 6 -24 1 51 55
556 12 903 742 6 -24 0 55 55
557 12 742 609 -6 24 0 51 51
558 12 742 500 -6 24 1 55 51
559 12 500 742 -6 24 1 55 55
560 12 609 742 6 -24 1 51 55
561 12 742 903 -6 24 0 51 51
562 12 742 1100 6 -24 0 51 55
563 12 1100 742 6 -24 1 55 51
564 12 742 500 6 -24 0 55 55
565 12 1100 742 -6 24 0 55 55
566 12 742 903 6 -24 0 55 55
567 12 742 1100 6 -24 0 55 51
568 12 1100 742 -6 24 0 55 55
569 12 903 742 6 -24 1 51 51
570 12 742 500 -6 24 0 55 55
571 12 742 903 6 -24 0 51 55
572 12 742 609 -6 24 0 55 51
573 12 742 1100 -6 24 0 51 55
574 12 903 742 6 -24 0 51 51
575 12 500 742 -6 24 0 55 51
576 12 742 609 6 -24 0 55 55
577 12 903 742 -6 24 0 51 51
578 12 742 1100 -6 24 0 51 51
579 12 742 500 -6 24 1 51 51
580 12 742 903 -6 24 0 51 55
581 12 742 609 6 -24 0 51 55
582 12 742 1100 -6 24 0 51 51
583 12 500 742 6 -24 0 55 55
584 12 742 500 -6 24 1 55 55
585 12 609 742 -6 24 1 55 55
586 12 1100 742 6 -24 0 51 55
587 12 742 609 -6 24 0 55 55
588 12 1100 742 -6 24 0 51 55
589 12 609 742 -6 24 0 55 55
590 12 742 609 6 -24 0 55 55
591 12 742 1100 -6 24 0 55 55
592 12 742 609 6 -24 0 55 55
593 12 903 742 6 -24 1 55 51
594 12 903 742 -6 24 1 51 55
595 12 903 742 -6 24 1 51 55
596 12 742 1100 -6 24 1 55 55
597 12 742 609 6 -24 1 55 51
598 12 609 742 6 -24 0 51 51
599 12 742 1100 -6 24 1 55 55
600 12 742 903 -6 24 1 51 55
601 12 742 500 6 -24 0 55 55
602 12 609 742 -6 24 0 55 55
603 12 742 609 -6 24 1 51 51
604 12 742 1100 6 -24 1 55 55
605 12 903 742 6 -24 1 51 51
606 12 742 609 6 -24 0 51 55
607 12 500 742 6 -24 0 55 55
608 12 742 903 -6 24 0 51 51
609 12 609 742 6 -24 1 55 55
610 12 609 742 -6 24 0 51 51
611 12 1100 742 -6 24 0 51 51
612 12 500 742 -6 24 1 51 51
613 12 742 903 6 -24 0 51 55
614 12 903 742 -6 24 0 55 51
615 12 1100 742 6 -24 1 51 51
616 12 609 742 6 -24 1 51 55
617 12 903 742 -6 24 1 51 51
618 12 742 903 6 -24 1 51 51
619 12 742 1100 6 -24 1 51 51
620 12 742 500 6 -24 0 55 55
621 12 742 903 -6 24 0 51 51
622 12 742 903 6 -24 1 55 51
623 12 609 742 -6 24 0 51 55
624 12 1100 742 6 -24 0 51 51
625 12 1100 742 6 -24 0 51 51
626 12 903 742 -6 24 1 55 55
627 12 903 742 6 -24 1 51 51
628 12 742 500 6 -24 1 51 51
629 12 500 742 -6 24 1 51 51
630 12 609 742 -6 24 0 51 51
631 12 742 1100 6 -24 1 55 51
632 12 903 742 6 -24 0 55 55
633 12 742 903 6 -24 0 51 51
634 12 742 1100 6 -24 1 51 51
635 12 903 742 6 -24 1 55 55
636 12 609 742 6 -24 1 55 55
637 12 903 742 6 -24 1 55 55
638 12 1100 742 -6 24 0 55 51
639 12 1100 742 -6 24 0 55 51
640 12 1100 742 6 -24 1 55 55
641 12 609 742 -6 24 0 55 55
642 12 742 500 6 -24 0 51 51
643 12 903 742 6 -24 1 55 55
644 12 1100 742 6 -24 0 51 55
645 12 742 609 -6 24 0 55 55
646 12 1100 742 -6 24 0 55 55
647 12 742 903 6 -24 0 55 55
648 12 742 609 6 -24 1 51 51
649 12 742 500 6 -24 0 55 55
650 12 742 903 6 -24 0 55 55
651 12 1100 742 6 -24 1 51 55
652 12 903 742 6 -24 1 51 51
653 12 903 742 -6 24 0 51 51
654 12 609 742 6 -24 1 55 51
655 12 742 1100 6 -24 0 55 51
656 12 500 742 -6 24 1 51 51
657 12 742 500 6 -24 1 51 51
658 12 903 742 -6 24 1 51 55
659 12 742 500 6 -24 1 55 55
660 12 609 742 -6 24 0 51 51
661 12 1100 742 -6 24 0 51 55
662 12 742 1100 6 -24 0 51 55
663 12 1100 742 6 -24 1 51 55
664 12 742 500 -6 24 1 51 51
665 12 903 742 6 -24 1 51 51
666 12 1100 742 -6 24 0 55 55
667 12 1100 742 6 -24 1 55 55
668 12 742 500 -6 24 0 51 55
669 12 742 500 6 -24 1 55 51
670 12 742 1100 -6 24 0 55 55
671 12 742 500 6 -24 1 51 55
672 12 742 1100 6 -24 0 55 55
673 12 609 742 6 -24 0 51 51
674 12 903 742 6 -24 1 55 55
675 12 500 742 -6 24 0 55 51
676 12 903 742 6 -24 1 55 51
677 12 742 609 -6 24 1 51 51
678 12 903 742 -6 24 1 55 55
679 12 742 500 -6 24 0 55 55
680 12 742 609 6 -24 0 51 51
681 12 609 742 -6 24 0 51 55
682 12 742 500 -6 24 0 51 51
683 12 742 500 -6 24 1 55 55
684 12 742 609 -6 24 0 51 51
685 12 609 742 -6 24 1 51 51
686 12 500 742 6 -24 1 51 51
687 12 742 1100 6 -24 1 55 51
688 12 742 903 6 -24 1 55 55
689 12 609 742 -6 24 1 51 51
690 12 903 742 6 -24 1 51 55
691 12 903 742 6 -24 1 55 55
692 12 742 500 6 -24 1 51 55
693 12 1100 742 6 -24 0 51 55
694 12 742 903 -6 24 0 51 51
695 12 609 742 -6 24 0 55 51
696 12 742 500 -6 24 0 55 55
697 12 742 609 -6 24 0 51 55
698 12 742 500 6 -24 0 51 55
699 12 742 903 -6 24 0 55 55
700 12 742 500 6 -24 0 55 55
701 12 609 742 -6 24 0 55 51
702 12 742 903 -6 24 0 55 51
703 12 742 609 -6 24 0 55 55
704 12 742 609 -6 24 0 51 51
705 12 742 500 -6 24 0 51 55
706 12 742 1100 6 -24 0 51 51
707 12 903 742 6 -24 1 51 51
708 12 742 609 -6 24 0 51 51
709 12 742 500 -6 24 0 55 55
710 12 742 500 6 -24 0 55 51
711 12 742 609 6 -24 0 55 55
712 12 742 1100 -6 24 0 55 51
713 12 742 500 -6 24 0 55 55
714 12 500 742 -6 24 0 55 55
715 12 500 742 6 -24 0 55 55
716 12 903 742 -6 24 0 55 55
717 12 609 742 6 -24 1 55 51
718 12 742 500 -6 24 1 51 55
719 12 500 742 -6 24 1 51 51
720 12 742 609 -6 24 0 51 55
721 12 742 500 6 -24 1 51 51
722 12 742 609 6 -24 1 51 51
723 12 742 500 -6 24 1 51 55
724 12 742 609 -6 24 0 55 55
725 12 742 609 6 -24 0 55 51
726 12 742 903 -6 24 0 51 55
727 12 742 903 6 -24 0 55 51
728 12 742 609 6 -24 1 51 55
729 12 742 609 -6 24 0 51 51
730 12 903 742 6 -24 0 51 55
731 12 742 1100 -6 24 0 55 55
732 12 742 1100 6 -24 0 51 55
733 12 742 903 6 -24 0 51 51
734 12 742 1100 -6 24 0 51 51
735 12 609 742 6 -24 0 51 51
736 12 1100 742 -6 24 0 51 55
737 12 742 500 6 -24 0 51 51
738 12 742 903 -6 24 0 55 51
739 12 609 742 -6 24 1 55 55
740 12 742 1100 6 -24 1 55 55
741 12 742 1100 6 -24 0 55 51
742 12 609 742 -6 24 0 51 55
743 12 500 742 -6 24 1 55 55
744 12 742 903 -6 24 1 51 55
745 12 609 742 -6 24 1 51 51
746 12 1100 742 -6 24 0 55 55
747 12 903 742 -6 24 0 55 55
748 12 903 742 6 -24 1 51 51
749 12 903 742 -6 24 0 51 55
750 12 742 500 6 -24 1 51 51
751 12 742 1100 -6 24 0 51 51
752 12 500 742 -6 24 1 55 55
753 12 742 903 -6 24 1 51 55
754 12 609 742 -6 24 0 55 55
755 12 500 742 6 -24 1 51 55
756 12 1100 742 -6 24 0 55 55
757 12 742 609 6 -24 0 55 55
758 12 742 903 6 -24 0 55 55
759 12 742 609 6 -24 0 51 51
760 12 609 742 -6 24 0 51 55
761 12 742 903 -6 24 0 51 55
762 12 742 609 -6 24 0 51 51
763 12 742 1100 -6 24 0 51 51
764 12 609 742 6 -24 0 51 51
765 12 742 500 -6 24 0 51 55
766 12 742 500 6 -24 0 51 55
767 12 742 609 6 -24 0 51 55
768 12 500 742 -6 24 0 51 55
769 12 1100 742 -6 24 0 51 51
770 12 500 742 6 -24 0 51 55
771 12 500 742 -6 24 0 55 51
772 12 500 742 6 -24 1 51 55
773 12 742 609 -6 24 1 51 55
774 12 742 903 -6 24 0 55 55
775 12 609 742 6 -24 1 51 55
776 12 742 500 -6 24 0 55 51
777 12 903 742 -6 24 1 51 51
778 12 1100 742 -6 24 1 51 51
779 12 742 609 6 -24 0 51 55
780 12 742 903 6 -24 0 51 51
781 12 742 609 6 -24 0 55 51
782 12 1100 742 6 -24 0 51 51
783 12 742 609 -6 24 1 51 51
784 12 742 500 -6 24 1 51 55
785 12 903 742 6 -24 1 55 55
786 12 609 742 6 -24 1 55 51
787 12 742 500 -6 24 0 55 51
788 12 1100 742 6 -24 1 55 51
789 12 609 742 6 -24 1 55 55
790 12 742 903 6 -24 1 51 51
791 12 742 609 -6 24 0 55 51
792 12 903 742 6 -24 1 51 51
793 12 1100 742 6 -24 1 51 51
794 12 1100 742 6 -24 1 51 55
795 12 609 742 -6 24 1 55 55
796 12 742 500 -6 24 1 55 55
797 12 742 500 6 -24 1 51 55
798 12 609 742 6 -24 1 51 51
799 12 500 742 6 -24 0 51 51
800 12 1100 742 -6 24 0 51 51
801 12 1100 742 6 -24 1 55 51
802 8 500 0 6 -12851 0 55 0
803 8 609 0 -6 -12851 1 55 0
804 8 609 0 -6 -12851 1 55 0
805 8 1100 0 6 -12851 0 55 0
806 8 1100 0 6 -12851 1 55 0
807 8 609 0 24 -12851 1 55 0
808 8 1100 0 -24 -12851 0 55 0
809 8 609 0 24 -12851 1 55 0
810 8 903 0 6 -12851 1 55 0
811 8 500 0 6 -12851 1 55 0
812 8 609 0 6 -12851 1 55 0
813 8 1100 0 24 -12851 0 55 0
814 8 500 0 -6 -12851 1 55 0
815 8 500 0 -24 -12851 1 55 0
816 8 742 0 6 -12851 0 55 0
817 8 903 0 24 -12851 1 55 0
818 8 903 0 -24 -12851 1 55 0
819 8 742 0 -6 -12851 1 55 0
820 8 742 0 24 -12851 1 55 0
821 8 609 0 -6 -12851 1 55 0
822 8 609 0 -24 -12851 0 55 0
823 8 609 0 -6 -12851 1 55 0
824 8 1100 0 -6 -12851 1 55 0
825 8 742 0 -6 -12851 1 55 0
826 8 903 0 -24 -12851 0 55 0
827 8 500 0 -6 -12851 0 55 0
828 8 1100 0 6 -12851 0 55 0
829 8 742 0 6 -12851 0 55 0
830 8 742 0 24 -12851 0 55 0
831 8 903 0 24 -12851 0 55 0
832 8 500 0 24 -12851 0 55 0
833 8 609 0 6 -12851 0 55 0
834 8 500 0 -24 -12851 0 55 0
835 8 1100 0 -24 -12851 0 55 0
836 8 903 0 24 -12851 1 55 0
837 8 903 0 24 -12851 0 55 0
838 8 903 0 6 -12851 0 55 0
839 8 609 0 24 -12851 1 55 0
840 8 903 0 6 -12851 1 55 0
841 8 1100 0 24 -12851 1 55 0
842 8 1100 0 -24 -12851 0 55 0
843 8 609 0 -24 -12851 1 55 0
844 8 742 0 -6 -12851 1 55 0
845 8 500 0 6 -12851 0 55 0
846 8 903 0 -6 -12851 1 55 0
847 8 742 0 -24 -12851 1 55 0
848 8 742 0 -6 -12851 0 55 0
849 8 500 0 -24 -12851 0 55 0
850 8 609 0 -24 -12851 1 55 0
851 8 1100 0 6 -12851 1 55 0
852 8 500 0 6 -12851 1 55 0
853 8 903 0 24 -12851 1 55 0
854 8 903 0 -6 -12851 1 55 0
855 8 903 0 -6 -12851 0 55 0
856 8 742 0 24 -12851 1 55 0
857 8 903 0 -6 -12851 0 55 0
858 8 609 0 -24 -12851 1 55 0
859 8 609 0 24 -12851 0 55 0
860 8 742 0 6 -12851 0 55 0
861 8 1100 0 -24 -12851 0 55 0
862 8 500 0 6 -12851 0 55 0
863 8 609 0 6 -12851 0 55 0
864 8 1100 0 6 -12851 0 55 0
865 8 1100 0 6 -12851 1 55 0
866 8 742 0 -6 -12851 1 55 0
867 8 500 0 -24 -12851 1 55 0
868 8 500 0 -24 -12851 1 55 0
869 8 1100 0 -24 -12851 1 55 0
870 8 1100 0 -6 -12851 1 55 0
871 8 903 0 24 -12851 1 55 0
872 8 1100 0 -6 -12851 1 55 0
873 8 609 0 24 -12851 1 55 0
874 8 903 0 24 -12851 0 55 0
875 8 742 0 -24 -12851 1 55 0
876 8 609 0 -24 -12851 1 55 0
877 8 742 0 6 -12851 0 55 0
878 8 609 0 -6 -12851 1 55 0
879 8 1100 0 -24 -12851 1 55 0
880 8 742 0 6 -12851 1 55 0
881 8 500 0 6 -12851 1 55 0
882 8 500 0 24 -12851 0 55 0
883 8 500 0 -24 -12851 0 55 0
884 8 903 0 -6 -12851 0 55 0
885 8 609 0 24 -12851 0 55 0
886 8 609 0 -6 -12851 1 55 0
887 8 1100 0 24 -12851 1 55 0
888 8 609 0 -6 -12851 0 55 0
889 8 903 0 -6 -12851 1 55 0
890 8 1100 0 24 -12851 1 55 0
891 8 1100 0 -6 -12851 1 55 0
892 8 742 0 -24 -12851 1 55 0
893 8 500 0 -24 -12851 1 55 0
894 8 903 0 -6 -12851 1 55 0
895 8 903 0 6 -12851 0 55 0
896 8 742 0 -24 -12851 1 55 0
897 8 742 0 6 -12851 1 55 0
898 8 500 0 6 -12851 1 55 0
899 8 500 0 24 -12851 1 55 0
900 8 609 0 24 -12851 0 55 0
901 8 742 0 -24 -12851 0 55 0
902 8 742 0 -24 -12851 1 55 0
903 8 742 0 6 -12851 0 55 0
904 8 609 0 -24 -12851 0 55 0
905 8 903 0 6 -12851 1 55 0
906 8 903 0 -24 -12851 0 55 0
907 8 609 0 -6 -12851 1 55 0
908 8 609 0 6 -12851 1 55 0
909 8 742 0 -6 -12851 1 55 0
910 8 500 0 -6 -12851 0 55 0
911 8 903 0 24 -12851 1 55 0
912 8 500 0 24 -12851 1 55 0
913 8 1100 0 24 -12851 0 55 0
914 8 500 0 -24 -12851 1 55 0
915 8 1100 0 -24 -12851 0 55 0
916 8 1100 0 -24 -12851 0 55 0
917 8 1100 0 -24 -12851 0 55 0
918 8 1100 0 6 -12851 1 55 0
919 8 903 0 -6 -12851 0 55 0
920 8 742 0 -6 -12851 1 55 0
921 8 1100 0 24 -12851 1 55 0
922 8 742 0 6 -12851 1 55 0
923 8 1100 0 24 -12851 1 55 0
924 8 742 0 6 -12851 1 55 0
925 8 609 0 -6 -12851 1 55 0
926 8 609 0 24 -12851 1 55 0
927 8 609 0 24 -12851 0 55 0
928 8 903 0 24 -12851 1 55 0
929 8 500 0 24 -12851 1 55 0
930 8 500 0 -6 -12851 1 55 0
931 8 903 0 -6 -12851 1 55 0
932 8 500 0 24 -12851 1 55 0
933 8 609 0 -6 -12851 1 55 0
934 8 609 0 -24 -12851 1 55 0
935 8 609 0 6 -12851 1 55 0
936 8 742 0 -24 -12851 1 55 0
937 8 1100 0 -24 -12851 1 55 0
938 8 609 0 6 -12851 1 55 0
939 8 742 0 6 -12851 0 55 0
940 8 742 0 6 -12851 1 55 0
941 8 1100 0 6 -12851 1 55 0
942 8 903 0 -24 -12851 1 55 0
943 8 903 0 -24 -12851 1 55 0
944 8 1100 0 -6 -12851 1 55 0
945 8 903 0 24 -12851 1 55 0
946 8 500 0 -24 -12851 1 55 0
947 8 500 0 -6 -12851 1 55 0
948 8 500 0 6 -12851 1 55 0
949 8 609 0 6 -12851 1 55 0
950 8 609 0 -6 -12851 1 55 0
951 8 1100 0 24 -12851 1 55 0
952 8 903 0 24 -12851 1 55 0
953 8 742 0 6 -12851 1 55 0
954 8 609 0 6 -12851 0 55 0
955 8 609 0 -24 -12851 0 55 0
956 8 742 0 6 -12851 0 55 0
957 8 742 0 24 -12851 0 55 0
958 8 1100 0 -6 -12851 0 55 0
959 8 500 0 24 -12851 0 55 0
960 8 903 0 -24 -12851 0 55 0
961 8 903 0 -6 -12851 0 55 0
962 8 500 0 6 -12851 1 55 0
963 8 500 0 -6 -12851 1 55 0
964 8 1100 0 24 -12851 1 55 0
965 8 903 0 -24 -12851 0 55 0
966 8 903 0 -24 -12851 0 55 0
967 8 742 0 -24 -12851 1 55 0
968 8 609 0 6 -12851 1 55 0
969 8 742 0 -6 -12851 1 55 0
970 8 609 0 24 -12851 1 55 0
971 8 1100 0 -24 -12851 1 55 0
972 8 742 0 6 -12851 1 55 0
973 8 609 0 6 -12851 1 55 0
974 8 1100 0 -6 -12851 1 55 0
975 8 500 0 -24 -12851 0 55 0
976 8 903 0 -6 -12851 1 55 0
977 8 500 0 24 -12851 0 55 0
978 8 903 0 24 -12851 1 55 0
979 8 1100 0 -24 -12851 1 55 0
980 8 500 0 -24 -12851 1 55 0
981 8 500 0 6 -12851 0 55 0
982 8 500 0 24 -12851 0 55 0
983 8 903 0 -6 -12851 0 55 0
984 8 742 0 6 -12851 0 55 0
985 8 742 0 -24 -12851 0 55 0
986 8 500 0 6 -12851 0 55 0
987 8 742 0 -24 -12851 0 55 0
988 8 609 0 -6 -12851 0 55 0
989 8 1100 0 -6 -12851 0 55 0
990 8 609 0 24 -12851 0 55 0
991 8 903 0 24 -12851 0 55 0
992 8 609 0 -24 -12851 0 55 0
993 8 1100 0 -24 -12851 1 55 0
994 8 1100 0 -6 -12851 1 55 0
995 8 903 0 -6 -12851 1 55 0
996 8 500 0 6 -12851 1 55 0
997 8 500 0 -24 -12851 1 55 0
998 8 500 0 -24 -12851 1 55 0
999 8 1100 0 -6 -12851 1 55 0
1000 8 742 0 24 -12851 0 55 0
1001 8 1100 0 24 -12851 1 55 0
1002 8 742 0 24 -12851 1 55 0
1003 8 1100 0 6 -12851 0 55 0
1004 8 500 0 6 -12851 1 55 0
1005 8 609 0 -6 -12851 0 55 0
1006 8 609 0 -6 -12851 0 55 0
1007 8 742 0 6 -12851 0 55 0
1008 8 500 0 -6 -12851 1 55 0
1009 8 609 0 -24 -12851 1 55 0
1010 8 903 0 6 -12851 0 55 0
1011 8 903 0 24 -12851 0 55 0
1012 8 903 0 6 -12851 0 55 0
1013 8 903 0 -24 -12851 0 55 0
1014 8 903 0 24 -12851 0 55 0
1015 8 609 0 -6 -12851 0 55 0
1016 8 500 0 24 -12851 0 55 0
1017 8 500 0 -24 -12851 0 55 0
1018 8 742 0 -24 -12851 0 55 0
1019 8 500 0 -24 -12851 0 55 0
1020 8 742 0 -24 -12851 0 55 0
1021 8 742 0 -24 -12851 0 55 0
1022 8 903 0 6 -12851 1 55 0
1023 8 903 0 -6 -12851 1 55 0
1024 8 1100 0 -6 -12851 0 55 0
1025 8 1100 0 24 -12851 0 55 0
1026 8 1100 0 6 -12851 0 55 0
1027 8 609 0 24 -12851 0 55 0
1028 8 609 0 6 -12851 0 55 0
1029 8 609 0 -6 -12851 0 55 0
1030 8 609 0 24 -12851 0 55 0
1031 8 1100 0 -24 -12851 0 55 0
1032 8 609 0 -24 -12851 0 55 0
1033 8 500 0 6 -12851 0 55 0
1034 8 1100 0 -24 -12851 0 55 0
1035 8 1100 0 -6 -12851 0 55 0
1036 8 500 0 24 -12851 0 55 0
1037 8 500 0 6 -12851 0 55 0
1038 8 609 0 -6 -12851 0 55 0
1039 8 742 0 -24 -12851 0 55 0
1040 8 903 0 6 -12851 0 55 0
1041 8 903 0 -6 -12851 0 55 0
1042 8 903 0 24 -12851 0 55 0
1043 8 742 0 24 -12851 0 55 0
1044 8 742 0 -24 -12851 0 55 0
1045 8 609 0 -24 -12851 0 55 0
1046 8 609 0 6 -12851 0 55 0
1047 8 903 0 6 -12851 0 55 0
1048 8 1100 0 -6 -12851 0 55 0
1049 8 903 0 24 -12851 0 55 0
1050 8 1100 0 -24 -12851 0 55 0
1051 8 500 0 -24 -12851 0 55 0
1052 8 742 0 6 -12851 0 55 0
1053 8 742 0 -6 -12851 0 55 0
1054 8 1100 0 -6 -12851 0 55 0
1055 8 742 0 24 -12851 0 55 0
1056 8 903 0 24 -12851 0 55 0
1057 8 500 0 -24 -12851 0 55 0
1058 8 609 0 -24 -12851 0 55 0
1059 8 609 0 6 -12851 0 55 0
1060 8 500 0 -6 -12851 0 55 0
1061 8 903 0 24 -12851 0 55 0
1062 8 903 0 -24 -12851 0 55 0
1063 8 903 0 6 -12851 1 55 0
1064 8 742 0 6 -12851 0 55 0
1065 8 1100 0 -6 -12851 0 55 0
1066 8 1100 0 -24 -12851 0 55 0
1067 8 1100 0 -6 -12851 1 55 0
1068 8 500 0 24 -12851 0 55 0
1069 8 742 0 24 -12851 0 55 0
1070 8 903 0 24 -12851 0 55 0
1071 8 609 0 24 -12851 0 55 0
1072 8 609 0 6 -12851 0 55 0
1073 8 500 0 24 -12851 0 55 0
1074 8 500 0 24 -12851 0 55 0
1075 8 609 0 -6 -12851 0 55 0
1076 8 742 0 6 -12851 0 55 0
1077 8 1100 0 -6 -12851 0 55 0
1078 8 1100 0 -6 -12851 0 55 0
1079 8 903 0 6 -12851 0 55 0
1080 8 609 0 -24 -12851 0 55 0
1081 8 609 0 -24 -12851 0 55 0
1082 8 1100 0 -24 -12851 0 55 0
1083 8 500 0 -6 -12851 0 55 0
1084 8 1100 0 -6 -12851 0 55 0
1085 8 742 0 24 -12851 0 55 0
1086 8 903 0 -6 -12851 0 55 0
1087 8 742 0 -24 -12851 0 55 0
1088 8 609 0 -24 -12851 0 55 0
1089 8 903 0 -6 -12851 0 55 0
1090 8 500 0 6 -12851 0 55 0
1091 8 500 0 -24 -12851 0 55 0
1092 8 742 0 6 -12851 0 55 0
1093 8 1100 0 6 -12851 0 55 0
1094 8 1100 0 24 -12851 0 55 0
1095 8 609 0 24 -12851 0 55 0
1096 8 1100 0 24 -12851 0 55 0
1097 8 609 0 24 -12851 0 55 0
1098 8 903 0 6 -12851 0 55 0
1099 8 500 0 -6 -12851 0 55 0
1100 8 609 0 6 -12851 0 55 0
1101 8 1100 0 24 -12851 0 55 0
1102 8 500 0 -24 -12851 0 55 0
1103 8 500 0 -24 -12851 0 55 0
1104 8 742 0 6 -12851 0 55 0
1105 8 903 0 24 -12851 0 55 0
1106 8 903 0 -6 -12851 0 55 0
1107 8 742 0 -24 -12851 0 55 0
1108 8 742 0 -6 -12851 0 55 0
1109 8 903 0 24 -12851 0 55 0
1110 8 903 0 24 -12851 0 55 0
1111 8 500 0 24 -12851 0 55 0
1112 8 742 0 6 -12851 0 55 0
1113 8 609 0 -24 -12851 0 55 0
1114 8 742 0 24 -12851 0 55 0
1115 8 609 0 6 -12851 0 55 0
1116 8 500 0 -24 -12851 0 55 0
1117 8 903 0 6 -12851 0 55 0
1118 8 903 0 -6 -12851 0 55 0
1119 8 500 0 -24 -12851 0 55 0
1120 8 1100 0 -6 -12851 0 55 0
1121 8 1100 0 -6 -12851 0 55 0
1122 8 742 0 24 -12851 0 55 0
1123 8 1100 0 24 -12851 0 55 0
1124 8 609 0 -6 -12851 0 55 0
1125 8 903 0 -6 -12851 0 55 0
1126 8 903 0 -6 -12851 0 55 0
1127 8 609 0 -24 -12851 0 55 0
1128 8 742 0 -24 -12851 0 55 0
1129 8 742 0 -24 -12851 0 55 0
1130 8 903 0 6 -12851 0 55 0
1131 8 500 0 6 -12851 0 55 0
1132 8 1100 0 6 -12851 0 55 0
1133 8 609 0 24 -12851 0 55 0
1134 8 500 0 24 -12851 0 55 0
1135 8 742 0 -6 -12851 0 55 0
1136 8 903 0 -6 -12851 0 55 0
1137 8 500 0 -24 -12851 0 55 0
1138 8 1100 0 -24 -12851 0 55 0
1139 8 1100 0 -6 -12851 0 55 0
1140 8 609 0 6 -12851 0 55 0
1141 8 1100 0 -6 -12851 0 55 0
1142 8 1100 0 6 -12851 0 55 0
1143 8 903 0 6 -12851 0 55 0
1144 8 609 0 -24 -12851 0 55 0
1145 8 609 0 24 -12851 0 55 0
1146 8 1100 0 24 -12851 0 55 0
1147 8 500 0 24 -12851 0 55 0
1148 8 1100 0 -6 -12851 0 55 0
1149 8 742 0 -6 -12851 0 55 0
1150 8 903 0 6 -12851 0 55 0
1151 8 742 0 6 -12851 0 55 0
1152 8 609 0 24 -12851 0 55 0
1153 8 903 0 24 -12851 0 55 0
1154 8 500 0 24 -12851 0 55 0
1155 8 500 0 6 -12851 0 55 0
1156 8 742 0 -24 -12851 0 55 0
1157 8 1100 0 -6 -12851 0 55 0
1158 8 1100 0 -24 -12851 0 55 0
1159 8 609 0 -6 -12851 0 55 0
1160 8 500 0 -24 -12851 0 55 0
1161 8 609 0 24 -12851 0 55 0
1162 8 742 0 24 -12851 0 55 0
1163 8 742 0 6 -12851 0 55 0
1164 8 1100 0 -6 -12851 0 55 0
1165 8 742 0 6 -12851 0 55 0
1166 8 903 0 24 -12851 0 55 0
1167 8 1100 0 -24 -12851 0 55 0
1168 8 903 0 -24 -12851 0 55 0
1169 8 903 0 6 -12851 0 55 0
1170 8 609 0 24 -12851 0 55 0
1171 8 500 0 -6 -12851 0 55 0
1172 8 500 0 -24 -12851 0 55 0
1173 8 609 0 -6 -12851 0 55 0
1174 8 609 0 -6 -12851 0 55 0
1175 8 609 0 -6 -12851 0 55 0
1176 8 609 0 6 -12851 0 55 0
1177 8 903 0 -24 -12851 0 55 0
1178 8 500 0 -24 -12851 0 55 0
1179 8 500 0 6 -12851 0 55 0
1180 8 1100 0 -24 -12851 0 55 0
1181 8 742 0 -6 -12851 0 55 0
1182 8 742 0 -6 -12851 0 55 0
1183 8 742 0 24 -12851 0 55 0
1184 8 903 0 24 -12851 0 55 0
1185 8 903 0 6 -12851 0 55 0
1186 8 1100 0 24 -12851 0 55 0
1187 8 500 0 24 -12851 0 55 0
1188 8 1100 0 24 -12851 0 55 0
1189 8 500 0 -6 -12851 0 55 0
1190 8 500 0 -24 -12851 0 55 0
1191 8 903 0 24 -12851 0 55 0
1192 8 903 0 24 -12851 0 55 0
1193 8 742 0 -6 -12851 0 55 0
1194 8 500 0 6 -12851 0 55 0
1195 8 1100 0 6 -12851 0 55 0
1196 8 742 0 -6 -12851 0 55 0
1197 8 609 0 6 -12851 0 55 0
1198 8 903 0 -24 -12851 0 55 0
1199 8 500 0 -24 -12851 0 55 0
1200 8 1100 0 24 -12851 0 55 0
1201 8 609 0 24 -12851 0 55 0
1202 8 1100 0 6 -12851 0 55 0
1203 8 742 0 -6 -12851 0 55 0
1204 8 609 0 6 -12851 0 55 0
1205 8 903 0 24 -12851 0 55 0
1206 8 903 0 -24 -12851 0 55 0
1207 8 500 0 -24 -12851 0 55 0
1208 8 742 0 6 -12851 0 55 0
1209 8 609 0 24 -12851 0 55 0
1210 8 742 0 -6 -12851 0 55 0
1211 8 609 0 -24 -12851 0 55 0
1212 8 500 0 -6 -12851 0 55 0
1213 8 903 0 6 -12851 0 55 0
1214 8 903 0 6 -12851 0 55 0
1215 8 500 0 -6 -12851 0 55 0
1216 8 1100 0 6 -12851 0 55 0
1217 8 1100 0 -24 -12851 0 55 0
1218 8 742 0 -6 -12851 0 55 0
1219 8 1100 0 -6 -12851 0 55 0
1220 8 609 0 24 -12851 0 55 0
1221 8 500 0 6 -12851 0 55 0
1222 8 500 0 -24 -12851 0 55 0
1223 8 742 0 -24 -12851 0 55 0
1224 8 742 0 24 -12851 0 55 0
1225 8 609 0 24 -12851 0 55 0
1226 8 742 0 24 -12851 0 55 0
1227 8 903 0 24 -12851 0 55 0
1228 8 1100 0 6 -12851 0 55 0
1229 8 609 0 6 -12851 0 55 0
1230 8 903 0 -6 -12851 0 55 0
1231 8 609 0 24 -12851 0 55 0
1232 8 500 0 -24 -12851 0 55 0
1233 8 903 0 6 -12851 0 55 0
1234 8 1100 0 -6 -12851 0 55 0
1235 8 500 0 -24 -12851 0 55 0
1236 8 1100 0 -24 -12851 0 55 0
1237 8 742 0 24 -12851 0 55 0
1238 8 742 0 -6 -12851 0 55 0
1239 8 500 0 24 -12851 0 55 0
1240 8 903 0 24 -12851 0 55 0
1241 8 1100 0 -24 -12851 0 55 0
1242 8 903 0 -6 -12851 0 55 0
1243 8 609 0 -24 -12851 0 55 0
1244 8 500 0 -6 -12851 0 55 0
1245 8 609 0 24 -12851 0 55 0
1246 8 742 0 -6 -12851 0 55 0
1247 8 500 0 6 -12851 0 55 0
1248 8 742 0 -24 -12851 0 55 0
1249 8 609 0 6 -12851 0 55 0
1250 8 903 0 24 -12851 0 55 0
1251 8 1100 0 6 -12851 0 55 0
1252 8 1100 0 -24 -12851 0 55 0
1253 8 609 0 -24 -12851 0 55 0
1254 8 609 0 6 -12851 0 55 0
1255 8 609 0 -6 -12851 0 55 0
1256 8 1100 0 -24 -12851 0 55 0
1257 8 742 0 6 -12851 0 55 0
1258 8 903 0 6 -12851 0 55 0
1259 8 500 0 24 -12851 0 55 0
1260 8 1100 0 -24 -12851 0 55 0
1261 8 742 0 -6 -12851 0 55 0
1262 8 742 0 24 -12851 0 55 0
1263 8 903 0 -6 -12851 0 55 0
1264 8 500 0 24 -12851 0 55 0
1265 8 609 0 -6 -12851 0 55 0
1266 8 500 0 -6 -12851 0 55 0
1267 8 1100 0 -6 -12851 0 55 0
1268 8 903 0 -24 -12851 0 55 0
1269 8 500 0 6 -12851 0 55 0
1270 8 500 0 24 -12851 0 55 0
1271 8 903 0 6 -12851 0 55 0
1272 8 1100 0 24 -12851 0 55 0
1273 8 1100 0 -24 -12851 0 55 0
1274 8 500 0 -24 -12851 0 55 0
1275 8 609 0 6 -12851 0 55 0
1276 8 609 0 -6 -12851 0 55 0
1277 8 609 0 24 -12851 0 55 0
1278 8 500 0 24 -12851 0 55 0
1279 8 1100 0 24 -12851 0 55 0
1280 8 742 0 -6 -12851 0 55 0
1281 8 903 0 24 -12851 0 55 0
1282 8 903 0 24 -12851 0 55 0
1283 8 742 0 6 -12851 0 55 0
1284 8 742 0 6 -12851 0 55 0
1285 8 903 0 -24 -12851 0 55 0
1286 8 903 0 6 -12851 0 55 0
1287 8 609 0 -6 -12851 0 55 0
1288 8 903 0 -24 -12851 0 55 0
1289 8 500 0 -6 -12851 0 55 0
1290 8 1100 0 -24 -12851 0 55 0
1291 8 903 0 -24 -12851 0 55 0
1292 8 500 0 -24 -12851 0 55 0
1293 8 609 0 24 -12851 0 55 0
1294 8 1100 0 6 -12851 0 55 0
1295 8 742 0 -24 -12851 0 55 0
1296 8 500 0 -6 -12851 0 55 0
1297 8 1100 0 24 -12851 0 55 0
1298 8 609 0 24 -12851 0 55 0
1299 8 742 0 -24 -12851 0 55 0
1300 8 742 0 6 -12851 0 55 0
1301 8 500 0 -6 -12851 0 55 0
1302 8 500 0 6 -12851 0 55 0
1303 8 1100 0 -6 -12851 0 55 0
1304 8 742 0 24 -12851 0 55 0
1305 8 742 0 24 -12851 0 55 0
1306 8 500 0 6 -12851 0 55 0
1307 8 903 0 24 -12851 0 55 0
1308 8 500 0 24 -12851 0 55 0
1309 8 1100 0 -6 -12851 0 55 0
1310 8 742 0 6 -12851 0 55 0
1311 8 609 0 -6 -12851 0 55 0
1312 8 903 0 -6 -12851 0 55 0
1313 8 1100 0 6 -12851 0 55 0
1314 8 609 0 -24 -12851 0 55 0
1315 8 903 0 -24 -12851 0 55 0
1316 8 609 0 -24 -12851 0 55 0
1317 8 742 0 6 -12851 0 55 0
1318 8 742 0 6 -12851 0 55 0
1319 8 500 0 -24 -12851 0 55 0
1320 8 903 0 -6 -12851 0 55 0
1321 8 609 0 -6 -12851 0 55 0
1322 8 500 0 -24 -12851 0 55 0
1323 8 609 0 -24 -12851 0 55 0
1324 8 903 0 6 -12851 0 55 0
1325 8 1100 0 24 -12851 0 55 0
1326 8 1100 0 24 -12851 0 55 0
1327 8 903 0 24 -12851 0 55 0
1328 8 500 0 -6 -12851 0 55 0
1329 8 1100 0 6 -12851 0 55 0
1330 8 742 0 -6 -12851 0 55 0
1331 8 609 0 -6 -12851 0 55 0
1332 8 742 0 6 -12851 0 55 0
1333 8 1100 0 -6 -12851 0 55 0
1334 8 1100 0 24 -12851 0 55 0
1335 8 500 0 24 -12851 0 55 0
1336 8 1100 0 6 -12851 0 55 0
1337 8 742 0 -24 -12851 0 55 0
1338 8 609 0 -6 -12851 0 55 0
1339 8 903 0 -24 -12851 0 55 0
1340 8 609 0 -24 -12851 0 55 0
1341 8 500 0 6 -12851 0 55 0
1342 8 500 0 24 -12851 0 55 0
1343 8 609 0 -6 -12851 0 55 0
1344 8 1100 0 -6 -12851 0 55 0
1345 8 903 0 24 -12851 0 55 0
1346 8 903 0 -6 -12851 0 55 0
1347 8 742 0 -6 -12851 0 55 0
1348 8 742 0 24 -12851 0 55 0
1349 8 609 0 24 -12851 0 55 0
1350 8 609 0 6 -12851 0 55 0
1351 8 903 0 -24 -12851 0 55 0
1352 8 1100 0 -24 -12851 0 55 0
1353 8 903 0 6 -12851 0 55 0
1354 8 1100 0 -24 -12851 0 55 0
1355 8 500 0 6 -12851 0 55 0
1356 8 742 0 24 -12851 0 55 0
1357 8 742 0 24 -12851 0 55 0
1358 8 1100 0 -24 -12851 0 55 0
1359 8 742 0 -6 -12851 0 55 0
1360 8 903 0 24 -12851 0 55 0
1361 8 500 0 24 -12851 0 55 0
1362 8 609 0 -6 -12851 0 55 0
1363 8 609 0 -24 -12851 0 55 0
1364 8 500 0 -24 -12851 0 55 0
1365 8 903 0 -6 -12851 0 55 0
1366 8 903 0 6 -12851 0 55 0
1367 8 1100 0 6 -12851 0 55 0
1368 8 742 0 6 -12851 0 55 0
1369 8 609 0 6 -12851 0 55 0
1370 8 609 0 6 -12851 0 55 0
1371 8 500 0 6 -12851 0 55 0
1372 8 609 0 24 -12851 0 55 0
1373 8 1100 0 -6 -12851 0 55 0
1374 8 742 0 -24 -12851 0 55 0
1375 8 903 0 6 -12851 0 55 0
1376 8 1100 0 24 -12851 0 55 0
1377 8 500 0 -24 -12851 0 55 0
1378 8 903 0 -6 -12851 0 55 0
1379 8 500 0 24 -12851 0 55 0
1380 8 742 0 -6 -12851 0 55 0
1381 8 903 0 -24 -12851 0 55 0
1382 8 903 0 -24 -12851 0 55 0
1383 8 903 0 -24 -12851 0 55 0
1384 8 742 0 6 -12851 0 55 0
1385 8 903 0 -6 -12851 0 55 0
1386 8 1100 0 -24 -12851 0 55 0
1387 8 742 0 6 -12851 0 55 0
1388 8 500 0 6 -12851 0 55 0
1389 8 1100 0 24 -12851 0 55 0
1390 8 1100 0 -24 -12851 0 55 0
1391 8 609 0 -6 -12851 0 55 0
1392 8 500 0 24 -12851 0 55 0
1393 8 500 0 -6 -12851 0 55 0
1394 8 742 0 24 -12851 0 55 0
1395 8 609 0 24 -12851 0 55 0
1396 8 609 0 24 -12851 0 55 0
1397 8 1100 0 -6 -12851 0 55 0
1398 8 1100 0 -24 -12851 0 55 0
1399 8 1100 0 24 -12851 0 55 0
1400 8 500 0 24 -12851 0 55 0
1401 8 609 0 -6 -12851 0 55 0
1402 8 1100 0 6 -12851 0 55 0
1403 8 742 0 6 -12851 0 55 0
1404 8 903 0 -6 -12851 0 55 0
1405 8 903 0 6 -12851 0 55 0
1406 8 500 0 -24 -12851 0 55 0
1407 8 609 0 -24 -12851 0 55 0
1408 8 903 0 -24 -12851 0 55 0
1409 8 742 0 -24 -12851 0 55 0
1410 8 609 0 6 -12851 0 55 0
1411 8 500 0 -24 -12851 0 55 0
1412 8 742 0 6 -12851 0 55 0
1413 8 500 0 -24 -12851 0 55 0
1414 8 500 0 24 -12851 0 55 0
1415 8 742 0 6 -12851 0 55 0
1416 8 903 0 -6 -12851 0 55 0
1417 8 500 0 24 -12851 0 55 0
1418 8 609 0 -6 -12851 0 55 0
1419 8 500 0 24 -12851 0 55 0
1420 8 1100 0 -6 -12851 0 55 0
1421 8 1100 0 24 -12851 0 55 0
1422 8 742 0 24 -12851 0 55 0
1423 8 742 0 24 -12851 0 55 0
1424 8 903 0 6 -12851 0 55 0
1425 8 1100 0 -24 -12851 0 55 0
1426 8 903 0 24 -12851 0 55 0
1427 8 609 0 6 -12851 0 55 0
1428 8 609 0 -24 -12851 0 55 0
1429 8 903 0 6 -12851 0 55 0
1430 8 903 0 -6 -12851 0 55 0
1431 8 609 0 -24 -12851 0 55 0
1432 8 742 0 -6 -12851 0 55 0
1433 8 742 0 -6 -12851 0 55 0
1434 8 609 0 -6 -12851 0 55 0
1435 8 1100 0 -6 -12851 0 55 0
1436 8 1100 0 24 -12851 0 55 0
1437 8 609 0 -6 -12851 0 55 0
1438 8 903 0 24 -12851 0 55 0
1439 8 903 0 -6 -12851 0 55 0
1440 8 500 0 24 -12851 0 55 0
1441 8 1100 0 6 -12851 0 55 0
1442 8 742 0 6 -12851 0 55 0
1443 8 500 0 6 -12851 0 55 0
1444 8 500 0 -24 -12851 0 55 0
1445 8 903 0 -24 -12851 0 55 0
1446 8 903 0 -24 -12851 0 55 0
1447 8 609 0 6 -12851 0 55 0
1448 8 742 0 6 -12851 0 55 0
1449 8 500 0 -6 -12851 0 55 0
1450 8 1100 0 6 -12851 0 55 0
1451 8 500 0 -24 -12851 0 55 0
1452 8 1100 0 24 -12851 0 55 0
1453 8 903 0 -24 -12851 0 55 0
1454 8 609 0 -24 -12851 0 55 0
1455 8 609 0 -6 -12851 0 55 0
1456 8 1100 0 6 -12851 0 55 0
1457 8 742 0 24 -12851 0 55 0
1458 8 500 0 24 -12851 0 55 0
1459 8 903 0 -6 -12851 0 55 0
1460 8 742 0 6 -12851 0 55 0
1461 8 903 0 6 -12851 0 55 0
1462 8 903 0 -24 -12851 0 55 0
1463 8 500 0 -6 -12851 0 55 0
1464 8 500 0 6 -12851 0 55 0
1465 8 609 0 -6 -12851 0 55 0
1466 8 609 0 24 -12851 0 55 0
1467 8 500 0 24 -12851 0 55 0
1468 8 609 0 -6 -12851 0 55 0
1469 8 1100 0 6 -12851 0 55 0
1470 8 1100 0 24 -12851 0 55 0
1471 8 903 0 -24 -12851 0 55 0
1472 8 742 0 -24 -12851 0 55 0
1473 8 742 0 24 -12851 0 55 0
1474 8 1100 0 24 -12851 0 55 0
1475 8 903 0 6 -12851 0 55 0
1476 8 742 0 24 -12851 0 55 0
1477 8 609 0 6 -12851 0 55 0
1478 8 609 0 24 -12851 0 55 0
