1 12 609 742 -6 24 1 51 51
2 12 903 742 -6 24 1 51 51
3 12 742 1100 -6 24 0 51 51
4 12 742 903 6 -24 0 55 51
5 12 500 742 -6 24 1 55 51
6 12 500 742 6 -24 1 55 55
7 12 742 1100 6 -24 1 51 55
8 12 500 742 -6 24 0 55 55
9 12 742 1100 6 -24 1 55 55
10 12 742 500 -6 24 0 51 51
11 12 742 609 -6 24 1 55 55
12 12 742 1100 -6 24 1 55 51
13 12 742 500 6 -24 1 55 55
14 12 742 500 -6 24 0 55 55
15 12 903 742 6 -24 0 55 51
16 12 500 742 6 -24 1 51 55
17 12 742 903 -6 24 1 51 51
18 12 609 742 -6 24 1 55 55
19 12 609 742 -6 24 1 51 51
20 12 1100 742 -6 24 0 51 55
21 12 609 742 -6 24 0 55 51
22 12 1100 742 -6 24 1 51 51
23 12 742 1100 -6 24 1 51 51
24 12 742 500 -6 24 1 55 55
25 12 500 742 -6 24 1 51 55
26 12 903 742 -6 24 1 55 55
27 12 1100 742 -6 24 1 51 51
28 12 742 500 -6 24 1 55 51
29 12 609 742 -6 24 0 55 51
30 12 609 742 6 -24 1 51 55
31 12 1100 742 -6 24 1 55 51
32 12 609 742 6 -24 1 55 55
33 12 500 742 -6 24 1 55 55
34 12 742 500 6 -24 0 55 55
35 12 500 742 -6 24 1 51 51
36 12 742 1100 6 -24 1 51 51
37 12 500 742 -6 24 1 51 51
38 12 742 609 6 -24 1 55 55
39 12 742 903 -6 24 1 51 51
40 12 742 903 6 -24 1 55 51
41 12 742 1100 6 -24 1 51 55
42 12 1100 742 -6 24 0 55 55
43 12 742 500 -6 24 1 51 51
44 12 903 742 -6 24 0 51 51
45 12 1100 742 6 -24 1 51 51
46 12 500 742 6 -24 0 55 55
47 12 742 609 6 -24 1 55 55
48 12 609 742 -6 24 0 51 51
49 12 742 609 6 -24 1 51 51
50 12 742 1100 -6 24 0 55 55
51 12 903 742 6 -24 1 51 51
52 12 609 742 6 -24 1 55 55
53 12 903 742 6 -24 1 55 51
54 12 1100 742 -6 24 0 55 51
55 12 903 742 -6 24 1 55 55
56 12 609 742 6 -24 1 51 55
57 12 742 1100 -6 24 0 55 55
58 12 742 609 -6 24 1 51 51
59 12 742 903 6 -24 1 51 51
60 12 1100 742 -6 24 1 55 55
61 12 903 742 -6 24 1 55 55
62 12 500 742 -6 24 1 51 55
63 12 500 742 6 -24 1 51 51
64 12 1100 742 6 -24 0 55 55
65 12 1100 742 -6 24 1 51 51
66 12 1100 742 -6 24 1 55 51
67 12 500 742 6 -24 1 51 51
68 12 742 1100 6 -24 1 55 55
69 12 1100 742 -6 24 0 55 55
70 12 742 500 -6 24 0 55 55
71 12 1100 742 6 -24 1 55 51
72 12 1100 742 -6 24 0 51 55
73 12 742 903 6 -24 1 55 51
74 12 742 1100 -6 24 0 55 55
75 12 742 500 6 -24 1 55 51
76 12 742 1100 6 -24 1 51 51
77 12 1100 742 6 -24 1 55 51
78 12 742 903 6 -24 1 55 51
79 12 903 742 -6 24 0 51 55
80 12 742 609 6 -24 1 51 51
81 12 1100 742 -6 24 0 51 55
82 12 500 742 -6 24 1 55 55
83 12 1100 742 -6 24 1 55 55
84 12 742 1100 6 -24 1 51 51
85 12 742 1100 -6 24 1 55 51
86 12 742 609 6 -24 1 55 55
87 12 1100 742 6 -24 1 51 55
88 12 903 742 -6 24 0 55 51
89 12 1100 742 6 -24 1 51 51
90 12 500 742 -6 24 0 51 51
91 12 903 742 -6 24 1 51 55
92 12 742 609 6 -24 1 55 55
93 12 742 1100 6 -24 1 51 55
94 12 903 742 6 -24 1 51 55
95 12 742 903 -6 24 0 51 55
96 12 500 742 6 -24 1 55 55
97 12 903 742 6 -24 1 51 51
98 12 742 500 -6 24 0 55 55
99 12 1100 742 -6 24 0 55 51
100 12 742 609 6 -24 1 51 51
101 12 742 1100 -6 24 0 55 55
102 12 1100 742 6 -24 1 51 51
103 12 742 903 6 -24 1 51 55
104 12 500 742 -6 24 0 55 55
105 12 609 742 6 -24 1 51 51
106 12 1100 742 -6 24 0 55 51
107 12 742 1100 -6 24 0 55 55
108 12 609 742 -6 24 0 55 55
109 12 742 1100 -6 24 0 51 51
110 12 903 742 -6 24 1 51 55
111 12 742 609 6 -24 1 51 51
112 12 609 742 -6 24 0 55 51
113 12 742 1100 6 -24 1 51 51
114 12 1100 742 -6 24 0 55 51
115 12 609 742 6 -24 1 51 51
116 12 742 609 6 -24 1 51 55
117 12 742 609 -6 24 0 55 51
118 12 742 500 -6 24 0 55 55
119 12 742 609 -6 24 1 51 55
120 12 500 742 -6 24 1 51 51
121 12 500 742 -6 24 1 51 51
122 12 500 742 6 -24 1 51 55
123 12 742 903 -6 24 0 51 51
124 12 742 903 -6 24 1 51 51
125 12 903 742 -6 24 0 51 51
126 12 500 742 -6 24 1 55 55
127 12 609 742 -6 24 1 51 55
128 12 742 903 -6 24 0 51 55
129 12 742 609 -6 24 1 55 55
130 12 742 903 6 -24 1 51 51
131 12 500 742 6 -24 1 55 55
132 12 742 903 -6 24 0 55 55
133 12 742 1100 -6 24 0 55 55
134 12 742 1100 6 -24 0 51 55
135 12 742 903 6 -24 1 51 55
136 12 500 742 6 -24 1 55 55
137 12 609 742 -6 24 0 51 55
138 12 500 742 -6 24 0 55 51
139 12 903 742 6 -24 1 51 51
140 12 1100 742 6 -24 1 55 55
141 12 1100 742 -6 24 1 55 51
142 12 742 1100 6 -24 1 55 55
143 12 500 742 -6 24 0 55 55
144 12 609 742 -6 24 0 51 55
145 12 742 500 -6 24 1 51 55
146 12 903 742 -6 24 1 55 55
147 12 742 609 -6 24 1 55 55
148 12 1100 742 6 -24 1 51 55
149 12 1100 742 -6 24 1 51 51
150 12 742 500 -6 24 1 55 51
151 12 1100 742 -6 24 0 55 51
152 12 609 742 -6 24 0 55 51
153 12 742 500 -6 24 1 51 51
154 12 742 609 6 -24 1 51 51
155 12 742 1100 6 -24 1 55 51
156 12 903 742 -6 24 1 51 51
157 12 742 609 6 -24 1 51 51
158 12 742 1100 6 -24 1 51 51
159 12 742 903 6 -24 1 55 55
160 12 742 500 -6 24 0 51 51
161 12 742 903 6 -24 1 55 55
162 12 609 742 -6 24 1 55 51
163 12 903 742 -6 24 0 55 51
164 12 609 742 -6 24 1 55 55
165 12 1100 742 6 -24 1 51 51
166 12 609 742 -6 24 1 51 51
167 12 609 742 -6 24 0 55 55
168 12 742 500 6 -24 1 55 51
169 12 1100 742 -6 24 1 55 51
170 12 609 742 -6 24 1 51 51
171 12 742 500 -6 24 1 55 55
172 12 742 1100 6 -24 1 55 55
173 12 609 742 6 -24 1 55 51
174 12 609 742 -6 24 1 55 55
175 12 742 500 6 -24 1 55 55
176 12 742 609 -6 24 0 55 51
177 12 1100 742 6 -24 1 55 55
178 12 1100 742 -6 24 0 51 51
179 12 742 609 -6 24 0 51 55
180 12 903 742 6 -24 0 51 51
181 12 742 609 -6 24 0 51 51
182 12 742 609 6 -24 1 51 51
183 12 903 742 -6 24 1 51 55
184 12 609 742 6 -24 1 51 51
185 12 742 609 -6 24 0 51 51
186 12 500 742 -6 24 1 51 51
187 12 742 903 -6 24 1 55 55
188 12 742 609 -6 24 1 55 55
189 12 1100 742 -6 24 1 55 55
190 12 609 742 -6 24 1 51 51
191 12 500 742 -6 24 0 51 55
192 12 742 903 -6 24 0 51 55
193 12 742 609 6 -24 1 55 51
194 12 742 1100 -6 24 1 55 55
195 12 1100 742 6 -24 1 51 51
196 12 609 742 6 -24 1 55 55
197 12 500 742 -6 24 0 51 55
198 12 1100 742 6 -24 1 55 51
199 12 742 903 -6 24 0 55 55
200 12 742 609 6 -24 1 55 55
201 12 1100 742 -6 24 1 51 51
202 12 903 742 -6 24 1 55 51
203 12 742 500 -6 24 0 55 51
204 12 609 742 6 -24 1 51 55
205 12 742 500 -6 24 1 55 51
206 12 903 742 6 -24 0 55 55
207 12 742 903 -6 24 1 55 51
208 12 500 742 6 -24 1 51 51
209 12 742 903 6 -24 1 55 55
210 12 500 742 -6 24 1 55 55
211 12 742 1100 6 -24 1 51 55
212 12 742 903 6 -24 1 55 55
213 12 742 903 6 -24 1 51 51
214 12 742 609 -6 24 1 55 55
215 12 742 609 6 -24 1 55 51
216 12 742 500 -6 24 1 51 51
217 12 742 609 -6 24 1 51 51
218 12 742 1100 -6 24 0 55 51
219 12 742 500 6 -24 1 51 51
220 12 500 742 6 -24 1 51 51
221 12 742 609 -6 24 1 55 51
222 12 742 1100 -6 24 1 55 51
223 12 742 1100 -6 24 0 55 55
224 12 742 500 -6 24 1 51 51
225 12 742 903 -6 24 1 51 51
226 12 903 742 6 -24 1 55 55
227 12 609 742 6 -24 1 55 55
228 12 742 609 -6 24 0 55 55
229 12 742 500 -6 24 0 51 51
230 12 500 742 6 -24 1 55 55
231 12 903 742 6 -24 1 51 55
232 12 903 742 6 -24 1 55 51
233 12 609 742 -6 24 1 55 55
234 12 903 742 -6 24 1 55 55
235 12 903 742 -6 24 1 55 51
236 12 742 500 6 -24 1 51 55
237 12 1100 742 -6 24 0 51 51
238 12 742 500 -6 24 1 55 51
239 12 742 903 -6 24 1 55 55
240 12 742 903 -6 24 1 51 55
241 12 742 1100 -6 24 1 55 55
242 12 742 500 6 -24 1 51 55
243 12 742 903 6 -24 1 51 51
244 12 609 742 -6 24 0 55 55
245 12 903 742 6 -24 1 55 55
246 12 1100 742 -6 24 1 51 55
247 12 903 742 -6 24 1 55 55
248 12 500 742 -6 24 1 51 55
249 12 742 500 6 -24 1 51 51
250 12 500 742 -6 24 1 55 55
251 12 742 1100 6 -24 1 51 51
252 12 500 742 6 -24 1 51 51
253 12 742 903 -6 24 0 55 55
254 12 742 500 -6 24 0 55 51
255 12 500 742 -6 24 0 55 55
256 12 609 742 -6 24 0 51 55
257 12 742 903 -6 24 1 51 51
258 12 500 742 -6 24 1 55 51
259 12 742 609 6 -24 1 51 51
260 12 742 500 -6 24 0 55 51
261 12 500 742 6 -24 1 51 51
262 12 500 742 6 -24 0 55 55
263 12 1100 742 -6 24 1 55 55
264 12 609 742 -6 24 0 51 51
265 12 500 742 6 -24 1 55 55
266 12 609 742 -6 24 0 55 51
267 12 742 609 6 -24 1 55 55
268 12 1100 742 -6 24 0 55 51
269 12 609 742 -6 24 0 51 51
270 12 742 903 6 -24 1 55 55
271 12 742 1100 -6 24 0 55 51
272 12 500 742 6 -24 1 51 51
273 12 1100 742 6 -24 1 55 55
274 12 742 1100 6 -24 1 55 51
275 12 742 903 6 -24 1 51 55
276 12 742 500 6 -24 1 51 51
277 12 1100 742 -6 24 0 55 51
278 12 609 742 -6 24 1 55 51
279 12 742 500 -6 24 0 51 51
280 12 742 903 6 -24 1 51 51
281 12 903 742 -6 24 1 51 51
282 12 500 742 -6 24 0 51 51
283 12 742 903 -6 24 1 51 55
284 12 742 609 -6 24 0 51 51
285 12 742 500 6 -24 1 51 51
286 12 609 742 -6 24 0 51 51
287 12 742 500 -6 24 1 51 51
288 12 609 742 -6 24 1 51 55
289 12 609 742 6 -24 1 55 51
290 12 903 742 -6 24 0 51 55
291 12 742 903 -6 24 0 51 55
292 12 742 500 6 -24 1 55 51
293 12 903 742 -6 24 0 55 51
294 12 742 500 -6 24 1 55 51
295 12 609 742 -6 24 0 55 51
296 12 500 742 -6 24 0 55 55
297 12 742 500 6 -24 1 51 55
298 12 742 1100 -6 24 0 55 55
299 12 742 500 6 -24 1 51 51
300 12 609 742 -6 24 1 51 51
301 12 742 1100 6 -24 1 55 55
302 12 742 903 6 -24 0 51 55
303 12 1100 742 6 -24 0 51 51
304 12 500 742 6 -24 1 55 55
305 12 742 1100 -6 24 1 51 51
306 12 742 500 6 -24 0 51 51
307 12 1100 742 6 -24 1 51 51
308 12 609 742 -6 24 0 55 55
309 12 609 742 -6 24 0 55 51
310 12 609 742 -6 24 1 51 51
311 12 500 742 6 -24 1 55 55
312 12 742 1100 -6 24 1 51 51
313 12 609 742 6 -24 1 55 51
314 12 500 742 6 -24 1 55 51
315 12 903 742 6 -24 1 55 51
316 12 609 742 -6 24 0 51 55
317 12 903 742 -6 24 0 51 51
318 12 742 500 6 -24 1 55 55
319 12 742 903 -6 24 0 55 51
320 12 742 500 -6 24 0 55 55
321 12 742 609 6 -24 0 55 51
322 12 903 742 6 -24 1 55 55
323 12 609 742 -6 24 0 55 55
324 12 742 1100 -6 24 0 55 55
325 12 903 742 -6 24 0 55 51
326 12 1100 742 -6 24 0 55 51
327 12 609 742 -6 24 0 51 55
328 12 609 742 6 -24 0 55 55
329 12 609 742 -6 24 0 51 55
330 12 1100 742 6 -24 0 55 55
331 12 742 500 -6 24 1 55 51
332 12 742 609 6 -24 1 55 55
333 12 1100 742 -6 24 1 55 55
334 12 742 609 6 -24 1 55 51
335 12 609 742 -6 24 1 51 51
336 12 903 742 -6 24 0 51 55
337 12 609 742 -6 24 0 55 51
338 12 742 903 -6 24 1 51 51
339 12 500 742 6 -24 1 55 51
340 12 500 742 -6 24 0 55 51
341 12 742 609 6 -24 0 51 55
342 12 903 742 -6 24 0 55 55
343 12 742 500 6 -24 1 55 55
344 12 742 500 6 -24 1 51 51
345 12 742 903 -6 24 0 55 51
346 12 1100 742 6 -24 1 51 55
347 12 742 903 6 -24 1 55 55
348 12 742 500 6 -24 0 55 55
349 12 500 742 -6 24 0 55 55
350 12 1100 742 -6 24 0 55 55
351 12 609 742 6 -24 1 55 51
352 12 500 742 -6 24 0 51 51
353 12 742 609 -6 24 0 51 55
354 12 1100 742 -6 24 0 55 51
355 12 1100 742 6 -24 1 51 51
356 12 609 742 -6 24 0 55 55
357 12 903 742 -6 24 0 51 51
358 12 742 609 -6 24 1 51 55
359 12 1100 742 6 -24 0 51 55
360 12 500 742 -6 24 0 51 55
361 12 742 500 -6 24 0 51 55
362 12 742 1100 -6 24 0 51 51
363 12 903 742 6 -24 1 51 55
364 12 742 500 -6 24 1 51 51
365 12 500 742 6 -24 1 51 51
366 12 742 500 6 -24 1 55 51
367 12 742 500 -6 24 0 55 51
368 12 742 609 -6 24 1 55 55
369 12 609 742 -6 24 1 55 55
370 12 500 742 6 -24 1 55 51
371 12 1100 742 -6 24 0 51 51
372 12 609 742 -6 24 0 51 55
373 12 903 742 6 -24 0 55 51
374 12 742 1100 -6 24 0 51 51
375 12 500 742 6 -24 0 51 51
376 12 1100 742 -6 24 1 51 51
377 12 742 1100 6 -24 1 51 55
378 12 903 742 -6 24 1 51 55
379 12 742 1100 -6 24 0 51 55
380 12 742 500 6 -24 1 51 55
381 12 742 500 6 -24 1 51 51
382 12 500 742 -6 24 0 55 51
383 12 742 903 6 -24 1 55 55
384 12 742 609 -6 24 0 55 51
385 12 903 742 -6 24 1 51 51
386 12 609 742 -6 24 1 51 55
387 12 1100 742 6 -24 1 51 51
388 12 742 903 6 -24 1 51 51
389 12 742 903 6 -24 1 55 55
390 12 742 1100 6 -24 1 51 51
391 12 500 742 6 -24 1 51 51
392 12 500 742 -6 24 1 51 51
393 12 500 742 6 -24 1 55 55
394 12 742 609 -6 24 0 55 51
395 12 742 609 -6 24 1 51 51
396 12 903 742 -6 24 0 51 51
397 12 903 742 -6 24 0 51 51
398 12 1100 742 -6 24 0 51 55
399 12 1100 742 -6 24 0 51 51
400 12 742 903 -6 24 1 55 51
401 12 742 1100 -6 24 1 55 55
402 12 1100 742 -6 24 0 55 55
403 12 500 742 -6 24 1 51 51
404 12 742 903 -6 24 1 55 55
405 12 903 742 -6 24 1 51 51
406 12 742 903 -6 24 0 55 51
407 12 742 500 6 -24 1 55 55
408 12 742 500 6 -24 1 55 55
409 12 742 500 6 -24 1 51 51
410 12 500 742 -6 24 1 51 51
411 12 742 609 -6 24 1 51 55
412 12 903 742 -6 24 1 55 55
413 12 742 903 6 -24 1 51 55
414 12 742 500 -6 24 0 51 55
415 12 742 609 -6 24 1 55 51
416 12 500 742 6 -24 1 55 55
417 12 742 903 6 -24 1 51 51
418 12 609 742 -6 24 0 51 51
419 12 609 742 -6 24 0 51 55
420 12 742 500 6 -24 0 55 51
421 12 500 742 -6 24 1 55 55
422 12 742 1100 -6 24 1 55 55
423 12 742 903 -6 24 0 51 51
424 12 742 1100 6 -24 1 55 55
425 12 742 1100 -6 24 1 55 51
426 12 742 500 -6 24 0 51 51
427 12 742 500 -6 24 0 51 51
428 12 609 742 -6 24 1 55 55
429 12 742 609 6 -24 0 55 51
430 12 1100 742 6 -24 1 55 55
431 12 500 742 -6 24 1 55 51
432 12 742 500 -6 24 1 51 51
433 12 742 903 6 -24 1 55 55
434 12 903 742 6 -24 1 55 55
435 12 500 742 6 -24 1 51 51
436 12 609 742 6 -24 1 51 51
437 12 742 500 6 -24 1 55 55
438 12 742 609 -6 24 1 55 55
439 12 903 742 6 -24 1 51 55
440 12 609 742 -6 24 1 51 51
441 12 903 742 -6 24 0 55 55
442 12 742 1100 -6 24 1 51 55
443 12 609 742 -6 24 1 55 55
444 12 742 500 -6 24 0 51 55
445 12 742 500 -6 24 1 55 55
446 12 1100 742 -6 24 1 51 55
447 12 903 742 -6 24 0 55 55
448 12 609 742 -6 24 1 51 55
449 12 742 500 6 -24 1 51 55
450 12 903 742 -6 24 1 55 55
451 12 500 742 -6 24 1 51 51
452 12 1100 742 -6 24 0 51 55
453 12 742 609 -6 24 0 51 55
454 12 742 609 6 -24 1 51 51
455 12 1100 742 -6 24 0 51 51
456 12 903 742 6 -24 1 55 51
457 12 742 1100 6 -24 1 51 55
458 12 742 500 6 -24 0 55 55
459 12 742 903 -6 24 1 51 51
460 12 609 742 -6 24 0 51 55
461 12 742 903 -6 24 1 55 55
462 12 742 500 6 -24 1 51 55
463 12 742 500 6 -24 0 51 51
464 12 609 742 -6 24 0 51 51
465 12 742 500 -6 24 0 55 51
466 12 742 903 -6 24 1 51 55
467 12 742 500 6 -24 0 51 55
468 12 609 742 -6 24 0 55 55
469 12 742 903 -6 24 0 51 51
470 12 742 903 -6 24 0 51 51
471 12 1100 742 -6 24 0 55 55
472 12 500 742 6 -24 0 55 55
473 12 500 742 -6 24 0 55 51
474 12 742 500 -6 24 0 51 51
475 12 500 742 6 -24 0 55 55
476 12 742 500 -6 24 1 55 51
477 12 1100 742 6 -24 0 55 51
478 12 1100 742 -6 24 0 51 55
479 12 742 500 -6 24 0 55 55
480 12 500 742 6 -24 1 55 55
481 12 903 742 6 -24 1 51 51
482 12 1100 742 -6 24 0 55 55
483 12 742 500 -6 24 1 51 55
484 12 609 742 6 -24 1 51 55
485 12 500 742 6 -24 0 51 55
486 12 742 903 -6 24 0 55 55
487 12 742 609 -6 24 0 51 51
488 12 742 500 -6 24 0 55 51
489 12 742 903 -6 24 0 55 55
490 12 742 1100 -6 24 0 55 51
491 12 742 500 -6 24 0 51 51
492 12 1100 742 -6 24 1 55 55
493 12 742 500 6 -24 1 55 55
494 12 742 500 -6 24 0 51 55
495 12 1100 742 6 -24 1 55 55
496 12 742 903 6 -24 1 51 55
497 12 742 903 -6 24 1 55 55
498 12 742 903 6 -24 1 51 55
499 12 500 742 6 -24 0 55 55
500 12 742 903 6 -24 1 55 51
501 12 903 742 -6 24 1 51 51
502 12 500 742 -6 24 0 55 51
503 12 609 742 6 -24 1 51 55
504 12 500 742 -6 24 0 55 51
505 12 609 742 6 -24 0 51 51
506 12 609 742 6 -24 0 55 55
507 12 609 742 6 -24 1 55 55
508 12 742 609 -6 24 0 51 51
509 12 742 500 -6 24 0 55 55
510 12 500 742 6 -24 0 55 51
511 12 1100 742 6 -24 0 55 55
512 12 742 903 -6 24 0 51 51
513 12 500 742 -6 24 0 51 55
514 12 742 609 6 -24 0 51 51
515 12 742 1100 6 -24 0 55 55
516 12 742 903 -6 24 0 55 55
517 12 742 903 6 -24 1 55 51
518 12 500 742 6 -24 0 51 51
519 12 500 742 -6 24 1 51 55
520 12 742 609 -6 24 0 51 51
521 12 742 903 -6 24 0 55 55
522 12 742 1100 6 -24 1 55 51
523 12 500 742 -6 24 1 55 55
524 12 742 609 6 -24 1 51 51
525 12 742 903 6 -24 1 55 51
526 12 500 742 -6 24 1 55 55
527 12 1100 742 -6 24 0 55 55
528 12 742 609 -6 24 1 51 51
529 12 742 609 -6 24 1 55 55
530 12 742 903 -6 24 0 51 51
531 12 742 1100 -6 24 0 51 55
532 12 500 742 6 -24 1 55 55
533 12 1100 742 -6 24 0 51 55
534 12 742 500 -6 24 1 51 51
535 12 742 500 6 -24 1 51 55
536 12 1100 742 6 -24 1 55 51
537 12 742 500 -6 24 0 55 55
538 12 1100 742 6 -24 1 55 55
539 12 1100 742 -6 24 1 55 55
540 12 742 500 -6 24 0 51 51
541 12 500 742 -6 24 1 51 55
542 12 742 609 -6 24 0 55 51
543 12 1100 742 6 -24 1 55 51
544 12 1100 742 6 -24 1 51 55
545 12 1100 742 6 -24 1 51 51
546 12 903 742 -6 24 0 55 51
547 12 742 1100 6 -24 1 55 55
548 12 742 609 -6 24 0 55 55
549 12 742 1100 -6 24 1 51 51
550 12 742 1100 6 -24 0 55 51
551 12 742 903 6 -24 0 51 55
552 12 609 742 -6 24 1 51 55
553 12 742 500 6 -24 1 55 51
554 12 903 742 6 -24 1 55 55
555 12 742 1100 6 -24 1 55 51
556 12 742 500 -6 24 0 55 55
557 12 1100 742 -6 24 0 55 51
558 12 1100 742 -6 24 1 51 55
559 12 500 742 -6 24 1 51 51
560 12 609 742 -6 24 1 51 51
561 12 609 742 -6 24 1 51 51
562 12 1100 742 6 -24 1 51 55
563 12 742 500 -6 24 0 55 51
564 12 742 903 -6 24 1 55 51
565 12 903 742 -6 24 1 51 55
566 12 742 609 6 -24 1 51 55
567 12 1100 742 -6 24 1 55 55
568 12 742 609 -6 24 1 55 55
569 12 903 742 6 -24 1 55 55
570 12 903 742 -6 24 0 51 51
571 12 609 742 6 -24 0 51 55
572 12 609 742 6 -24 0 51 51
573 12 903 742 -6 24 0 55 55
574 12 742 903 6 -24 1 51 55
575 12 500 742 6 -24 1 55 51
576 12 1100 742 -6 24 0 51 51
577 12 1100 742 -6 24 1 51 55
578 12 903 742 6 -24 1 55 51
579 12 1100 742 6 -24 1 51 51
580 12 742 903 -6 24 1 51 55
581 12 609 742 -6 24 1 51 51
582 12 742 1100 -6 24 0 51 51
583 12 500 742 6 -24 1 55 51
584 12 609 742 -6 24 0 55 55
585 12 742 609 -6 24 1 55 51
586 12 742 500 6 -24 1 55 55
587 12 1100 742 6 -24 1 55 55
588 12 903 742 -6 24 0 55 51
589 12 903 742 6 -24 1 55 55
590 12 903 742 -6 24 0 55 55
591 12 742 903 -6 24 1 51 55
592 12 609 742 -6 24 0 55 55
593 12 742 903 -6 24 1 55 51
594 12 742 609 6 -24 0 51 51
595 12 742 609 -6 24 0 51 55
596 12 500 742 -6 24 1 55 55
597 12 742 609 6 -24 1 51 51
598 12 500 742 6 -24 1 51 55
599 12 742 903 -6 24 0 51 51
600 12 500 742 -6 24 1 51 51
601 12 742 903 -6 24 1 55 55
602 12 742 500 -6 24 0 55 55
603 12 742 500 -6 24 0 51 51
604 12 609 742 -6 24 0 55 55
605 12 742 609 -6 24 0 51 51
606 12 742 500 -6 24 1 51 51
607 12 742 609 -6 24 1 55 55
608 12 903 742 6 -24 1 51 51
609 12 742 903 -6 24 1 51 51
610 12 742 500 6 -24 1 55 51
611 12 742 1100 6 -24 1 55 55
612 12 742 903 -6 24 1 55 55
613 12 500 742 -6 24 0 55 55
614 12 903 742 6 -24 0 55 55
615 12 742 903 6 -24 1 55 51
616 12 609 742 -6 24 1 51 51
617 12 500 742 6 -24 0 55 55
618 12 742 500 -6 24 0 55 55
619 12 903 742 -6 24 0 51 51
620 12 609 742 -6 24 1 51 55
621 12 500 742 -6 24 1 51 55
622 12 903 742 -6 24 0 51 51
623 12 903 742 6 -24 1 55 55
624 12 742 500 -6 24 1 55 55
625 12 742 1100 -6 24 1 55 55
626 12 903 742 6 -24 0 51 55
627 12 500 742 -6 24 0 55 55
628 12 1100 742 -6 24 0 51 55
629 12 742 500 6 -24 0 55 55
630 12 742 903 -6 24 0 55 55
631 12 609 742 6 -24 0 51 51
632 12 903 742 6 -24 0 55 51
633 12 500 742 6 -24 0 55 55
634 12 742 500 6 -24 0 55 51
635 12 742 500 6 -24 0 51 51
636 12 1100 742 -6 24 0 55 51
637 12 1100 742 6 -24 0 51 55
638 12 742 500 -6 24 1 55 51
639 12 609 742 6 -24 1 55 51
640 12 903 742 6 -24 1 51 51
641 12 742 609 -6 24 0 55 51
642 12 903 742 6 -24 0 51 51
643 12 742 1100 -6 24 1 51 55
644 12 609 742 6 -24 1 55 55
645 12 742 500 -6 24 1 55 55
646 12 609 742 -6 24 1 55 55
647 12 742 609 -6 24 1 55 55
648 12 903 742 -6 24 1 55 55
649 12 903 742 6 -24 0 55 51
650 12 742 1100 -6 24 1 55 51
651 12 742 609 6 -24 1 55 55
652 12 903 742 -6 24 0 51 51
653 12 742 609 -6 24 1 55 55
654 12 742 903 -6 24 1 51 55
655 12 609 742 6 -24 1 55 51
656 12 742 903 -6 24 0 51 51
657 12 742 1100 -6 24 0 51 55
658 12 500 742 -6 24 1 51 55
659 12 742 609 6 -24 1 51 55
660 8 742 0 -6 -12851 0 55 0
661 8 609 0 24 -12851 0 55 0
662 8 903 0 24 -12851 1 55 0
663 8 609 0 -24 -12851 1 55 0
664 8 903 0 -6 -12851 1 55 0
665 8 609 0 6 -12851 1 55 0
666 8 500 0 6 -12851 1 55 0
667 8 1100 0 24 -12851 1 55 0
668 8 1100 0 24 -12851 1 55 0
669 8 742 0 -24 -12851 1 55 0
670 8 500 0 -6 -12851 0 55 0
671 8 500 0 -6 -12851 1 55 0
672 8 903 0 6 -12851 1 55 0
673 8 742 0 24 -12851 1 55 0
674 8 742 0 24 -12851 0 55 0
675 8 742 0 -6 -12851 1 55 0
676 8 1100 0 6 -12851 0 55 0
677 8 903 0 -24 -12851 1 55 0
678 8 903 0 6 -12851 0 55 0
679 8 609 0 -24 -12851 0 55 0
680 8 500 0 -6 -12851 1 55 0
681 8 1100 0 -6 -12851 0 55 0
682 8 500 0 -24 -12851 0 55 0
683 8 1100 0 6 -12851 0 55 0
684 8 609 0 24 -12851 0 55 0
685 8 609 0 6 -12851 1 55 0
686 8 609 0 -6 -12851 1 55 0
687 8 609 0 -24 -12851 0 55 0
688 8 500 0 24 -12851 1 55 0
689 8 609 0 -24 -12851 1 55 0
690 8 500 0 24 -12851 0 55 0
691 8 1100 0 -6 -12851 1 55 0
692 8 903 0 6 -12851 0 55 0
693 8 1100 0 -6 -12851 0 55 0
694 8 1100 0 -6 -12851 1 55 0
695 8 742 0 6 -12851 1 55 0
696 8 903 0 6 -12851 1 55 0
697 8 609 0 24 -12851 1 55 0
698 8 903 0 6 -12851 1 55 0
699 8 742 0 -24 -12851 1 55 0
700 8 742 0 24 -12851 0 55 0
701 8 500 0 -6 -12851 1 55 0
702 8 903 0 -6 -12851 1 55 0
703 8 903 0 -24 -12851 1 55 0
704 8 903 0 -24 -12851 1 55 0
705 8 609 0 24 -12851 1 55 0
706 8 500 0 24 -12851 1 55 0
707 8 500 0 24 -12851 0 55 0
708 8 609 0 -6 -12851 1 55 0
709 8 609 0 -6 -12851 1 55 0
710 8 903 0 -24 -12851 1 55 0
711 8 500 0 -24 -12851 0 55 0
712 8 742 0 -24 -12851 0 55 0
713 8 1100 0 24 -12851 1 55 0
714 8 1100 0 6 -12851 1 55 0
715 8 1100 0 24 -12851 0 55 0
716 8 742 0 6 -12851 1 55 0
717 8 742 0 -6 -12851 0 55 0
718 8 903 0 6 -12851 0 55 0
719 8 903 0 24 -12851 0 55 0
720 8 500 0 24 -12851 0 55 0
721 8 903 0 -24 -12851 0 55 0
722 8 1100 0 6 -12851 0 55 0
723 8 609 0 6 -12851 1 55 0
724 8 1100 0 -6 -12851 1 55 0
725 8 500 0 6 -12851 1 55 0
726 8 1100 0 24 -12851 1 55 0
727 8 500 0 24 -12851 1 55 0
728 8 903 0 -24 -12851 1 55 0
729 8 609 0 -24 -12851 1 55 0
730 8 609 0 -6 -12851 1 55 0
731 8 742 0 -6 -12851 1 55 0
732 8 742 0 24 -12851 0 55 0
733 8 742 0 24 -12851 1 55 0
734 8 500 0 -24 -12851 1 55 0
735 8 500 0 -6 -12851 1 55 0
736 8 1100 0 24 -12851 1 55 0
737 8 1100 0 6 -12851 1 55 0
738 8 903 0 -6 -12851 1 55 0
739 8 903 0 24 -12851 1 55 0
740 8 903 0 6 -12851 0 55 0
741 8 742 0 -6 -12851 0 55 0
742 8 1100 0 6 -12851 0 55 0
743 8 742 0 -24 -12851 0 55 0
744 8 609 0 -24 -12851 1 55 0
745 8 609 0 -6 -12851 0 55 0
746 8 742 0 -6 -12851 0 55 0
747 8 609 0 6 -12851 0 55 0
748 8 500 0 -6 -12851 0 55 0
749 8 500 0 -6 -12851 0 55 0
750 8 500 0 -24 -12851 0 55 0
751 8 500 0 6 -12851 1 55 0
752 8 1100 0 6 -12851 0 55 0
753 8 742 0 -24 -12851 0 55 0
754 8 500 0 24 -12851 0 55 0
755 8 903 0 24 -12851 0 55 0
756 8 742 0 24 -12851 1 55 0
757 8 609 0 -24 -12851 1 55 0
758 8 903 0 -24 -12851 0 55 0
759 8 609 0 -24 -12851 0 55 0
760 8 903 0 24 -12851 0 55 0
761 8 609 0 24 -12851 1 55 0
762 8 500 0 -6 -12851 0 55 0
763 8 1100 0 -24 -12851 1 55 0
764 8 1100 0 6 -12851 0 55 0
765 8 742 0 6 -12851 0 55 0
766 8 1100 0 6 -12851 1 55 0
767 8 1100 0 24 -12851 1 55 0
768 8 742 0 -6 -12851 0 55 0
769 8 609 0 -6 -12851 0 55 0
770 8 903 0 -24 -12851 1 55 0
771 8 903 0 -6 -12851 1 55 0
772 8 609 0 -6 -12851 1 55 0
773 8 500 0 -24 -12851 1 55 0
774 8 1100 0 24 -12851 1 55 0
775 8 1100 0 -6 -12851 0 55 0
776 8 609 0 24 -12851 1 55 0
777 8 500 0 6 -12851 1 55 0
778 8 742 0 6 -12851 1 55 0
779 8 742 0 -24 -12851 1 55 0
780 8 500 0 6 -12851 1 55 0
781 8 903 0 -24 -12851 1 55 0
782 8 500 0 24 -12851 1 55 0
783 8 500 0 -6 -12851 1 55 0
784 8 609 0 -24 -12851 0 55 0
785 8 1100 0 -24 -12851 0 55 0
786 8 609 0 -24 -12851 1 55 0
787 8 500 0 6 -12851 1 55 0
788 8 903 0 24 -12851 0 55 0
789 8 609 0 24 -12851 1 55 0
790 8 1100 0 -24 -12851 1 55 0
791 8 500 0 -6 -12851 1 55 0
792 8 1100 0 -6 -12851 1 55 0
793 8 903 0 -6 -12851 0 55 0
794 8 742 0 6 -12851 0 55 0
795 8 903 0 6 -12851 1 55 0
796 8 742 0 24 -12851 0 55 0
797 8 742 0 24 -12851 1 55 0
798 8 500 0 24 -12851 0 55 0
799 8 500 0 6 -12851 1 55 0
800 8 609 0 24 -12851 0 55 0
801 8 1100 0 -6 -12851 1 55 0
802 8 609 0 6 -12851 1 55 0
803 8 1100 0 24 -12851 0 55 0
804 8 500 0 -24 -12851 1 55 0
805 8 742 0 6 -12851 1 55 0
806 8 903 0 -6 -12851 1 55 0
807 8 903 0 -6 -12851 0 55 0
808 8 1100 0 -24 -12851 1 55 0
809 8 903 0 -24 -12851 1 55 0
810 8 742 0 -6 -12851 1 55 0
811 8 500 0 -6 -12851 1 55 0
812 8 609 0 6 -12851 1 55 0
813 8 742 0 -6 -12851 1 55 0
814 8 500 0 -24 -12851 1 55 0
815 8 500 0 6 -12851 1 55 0
816 8 742 0 -6 -12851 1 55 0
817 8 742 0 6 -12851 1 55 0
818 8 1100 0 24 -12851 1 55 0
819 8 609 0 -24 -12851 1 55 0
820 8 1100 0 24 -12851 0 55 0
821 8 903 0 -24 -12851 1 55 0
822 8 500 0 24 -12851 1 55 0
823 8 609 0 -6 -12851 1 55 0
824 8 1100 0 -6 -12851 1 55 0
825 8 500 0 6 -12851 1 55 0
826 8 742 0 24 -12851 1 55 0
827 8 609 0 24 -12851 1 55 0
828 8 903 0 24 -12851 1 55 0
829 8 903 0 6 -12851 1 55 0
830 8 1100 0 -6 -12851 0 55 0
831 8 1100 0 6 -12851 1 55 0
832 8 609 0 -24 -12851 0 55 0
833 8 742 0 -24 -12851 0 55 0
834 8 609 0 -24 -12851 0 55 0
835 8 609 0 -6 -12851 0 55 0
836 8 742 0 24 -12851 0 55 0
837 8 903 0 24 -12851 0 55 0
838 8 903 0 6 -12851 0 55 0
839 8 742 0 6 -12851 0 55 0
840 8 903 0 6 -12851 0 55 0
841 8 500 0 -6 -12851 0 55 0
842 8 1100 0 -6 -12851 0 55 0
843 8 500 0 -24 -12851 0 55 0
844 8 1100 0 -24 -12851 0 55 0
845 8 500 0 -6 -12851 0 55 0
846 8 903 0 -24 -12851 1 55 0
847 8 903 0 24 -12851 1 55 0
848 8 742 0 24 -12851 1 55 0
849 8 742 0 -6 -12851 1 55 0
850 8 742 0 -6 -12851 1 55 0
851 8 903 0 6 -12851 0 55 0
852 8 500 0 -6 -12851 1 55 0
853 8 609 0 -6 -12851 1 55 0
854 8 500 0 -24 -12851 1 55 0
855 8 1100 0 6 -12851 1 55 0
856 8 500 0 6 -12851 1 55 0
857 8 903 0 -24 -12851 0 55 0
858 8 1100 0 24 -12851 0 55 0
859 8 609 0 24 -12851 0 55 0
860 8 609 0 24 -12851 0 55 0
861 8 1100 0 -24 -12851 0 55 0
862 8 609 0 24 -12851 0 55 0
863 8 609 0 24 -12851 0 55 0
864 8 1100 0 6 -12851 0 55 0
865 8 609 0 6 -12851 0 55 0
866 8 903 0 -6 -12851 0 55 0
867 8 1100 0 6 -12851 0 55 0
868 8 1100 0 24 -12851 0 55 0
869 8 500 0 -6 -12851 0 55 0
870 8 903 0 -6 -12851 0 55 0
871 8 742 0 -24 -12851 0 55 0
872 8 500 0 24 -12851 0 55 0
873 8 903 0 -24 -12851 0 55 0
874 8 500 0 -24 -12851 0 55 0
875 8 742 0 6 -12851 0 55 0
876 8 609 0 6 -12851 1 55 0
877 8 742 0 -24 -12851 0 55 0
878 8 742 0 -6 -12851 0 55 0
879 8 742 0 -24 -12851 0 55 0
880 8 1100 0 -24 -12851 0 55 0
881 8 903 0 24 -12851 0 55 0
882 8 609 0 -6 -12851 1 55 0
883 8 500 0 24 -12851 0 55 0
884 8 903 0 24 -12851 1 55 0
885 8 1100 0 6 -12851 1 55 0
886 8 903 0 6 -12851 1 55 0
887 8 500 0 -6 -12851 1 55 0
888 8 500 0 -24 -12851 1 55 0
889 8 1100 0 -24 -12851 1 55 0
890 8 609 0 6 -12851 1 55 0
891 8 742 0 6 -12851 0 55 0
892 8 609 0 24 -12851 0 55 0
893 8 742 0 24 -12851 1 55 0
894 8 903 0 24 -12851 0 55 0
895 8 903 0 6 -12851 0 55 0
896 8 609 0 -6 -12851 1 55 0
897 8 609 0 -24 -12851 1 55 0
898 8 609 0 -24 -12851 0 55 0
899 8 1100 0 -6 -12851 0 55 0
900 8 500 0 -6 -12851 1 55 0
901 8 903 0 6 -12851 1 55 0
902 8 742 0 6 -12851 1 55 0
903 8 500 0 -24 -12851 1 55 0
904 8 500 0 24 -12851 0 55 0
905 8 742 0 -24 -12851 1 55 0
906 8 742 0 -6 -12851 0 55 0
907 8 1100 0 -24 -12851 0 55 0
908 8 903 0 6 -12851 1 55 0
909 8 1100 0 6 -12851 1 55 0
910 8 903 0 -6 -12851 0 55 0
911 8 903 0 24 -12851 0 55 0
912 8 500 0 24 -12851 0 55 0
913 8 609 0 -6 -12851 0 55 0
914 8 1100 0 6 -12851 0 55 0
915 8 903 0 6 -12851 1 55 0
916 8 1100 0 -24 -12851 1 55 0
917 8 609 0 24 -12851 0 55 0
918 8 609 0 6 -12851 0 55 0
919 8 742 0 -6 -12851 0 55 0
920 8 742 0 -6 -12851 0 55 0
921 8 903 0 24 -12851 0 55 0
922 8 500 0 24 -12851 0 55 0
923 8 1100 0 -6 -12851 1 55 0
924 8 500 0 6 -12851 1 55 0
925 8 742 0 -24 -12851 0 55 0
926 8 903 0 -24 -12851 1 55 0
927 8 903 0 -6 -12851 0 55 0
928 8 1100 0 -6 -12851 0 55 0
929 8 742 0 24 -12851 0 55 0
930 8 609 0 24 -12851 0 55 0
931 8 1100 0 24 -12851 0 55 0
932 8 1100 0 -24 -12851 0 55 0
933 8 742 0 6 -12851 1 55 0
934 8 742 0 -24 -12851 0 55 0
935 8 609 0 -24 -12851 0 55 0
936 8 903 0 6 -12851 0 55 0
937 8 500 0 6 -12851 0 55 0
938 8 500 0 -6 -12851 1 55 0
939 8 903 0 -6 -12851 1 55 0
940 8 609 0 6 -12851 1 55 0
941 8 500 0 6 -12851 1 55 0
942 8 903 0 -6 -12851 1 55 0
943 8 903 0 6 -12851 1 55 0
944 8 1100 0 6 -12851 1 55 0
945 8 742 0 24 -12851 0 55 0
946 8 609 0 -24 -12851 0 55 0
947 8 1100 0 -24 -12851 1 55 0
948 8 1100 0 -6 -12851 0 55 0
949 8 742 0 -6 -12851 0 55 0
950 8 742 0 -24 -12851 0 55 0
951 8 609 0 24 -12851 0 55 0
952 8 903 0 24 -12851 0 55 0
953 8 500 0 24 -12851 0 55 0
954 8 500 0 24 -12851 0 55 0
955 8 903 0 -24 -12851 0 55 0
956 8 609 0 6 -12851 1 55 0
957 8 500 0 -24 -12851 0 55 0
958 8 903 0 -24 -12851 1 55 0
959 8 903 0 6 -12851 1 55 0
960 8 609 0 24 -12851 1 55 0
961 8 742 0 -6 -12851 1 55 0
962 8 1100 0 24 -12851 0 55 0
963 8 742 0 -6 -12851 1 55 0
964 8 903 0 6 -12851 1 55 0
965 8 742 0 -6 -12851 1 55 0
966 8 1100 0 -6 -12851 1 55 0
967 8 500 0 -6 -12851 1 55 0
968 8 903 0 6 -12851 1 55 0
969 8 609 0 -24 -12851 1 55 0
970 8 609 0 -6 -12851 0 55 0
971 8 500 0 24 -12851 0 55 0
972 8 1100 0 -24 -12851 0 55 0
973 8 500 0 24 -12851 0 55 0
974 8 742 0 -24 -12851 0 55 0
975 8 742 0 -6 -12851 0 55 0
976 8 742 0 24 -12851 0 55 0
977 8 609 0 6 -12851 0 55 0
978 8 903 0 6 -12851 0 55 0
979 8 500 0 -24 -12851 0 55 0
980 8 742 0 -24 -12851 0 55 0
981 8 1100 0 24 -12851 0 55 0
982 8 500 0 6 -12851 0 55 0
983 8 609 0 -24 -12851 0 55 0
984 8 500 0 6 -12851 0 55 0
985 8 903 0 24 -12851 0 55 0
986 8 903 0 6 -12851 0 55 0
987 8 1100 0 24 -12851 0 55 0
988 8 1100 0 -6 -12851 0 55 0
989 8 609 0 -6 -12851 0 55 0
990 8 1100 0 -6 -12851 0 55 0
991 8 1100 0 -24 -12851 0 55 0
992 8 500 0 -6 -12851 0 55 0
993 8 742 0 -6 -12851 0 55 0
994 8 500 0 -24 -12851 0 55 0
995 8 903 0 24 -12851 0 55 0
996 8 903 0 -6 -12851 1 55 0
997 8 1100 0 24 -12851 0 55 0
998 8 903 0 6 -12851 0 55 0
999 8 742 0 6 -12851 0 55 0
1000 8 609 0 -24 -12851 0 55 0
1001 8 609 0 6 -12851 0 55 0
1002 8 742 0 -24 -12851 0 55 0
1003 8 1100 0 24 -12851 0 55 0
1004 8 609 0 -6 -12851 0 55 0
1005 8 500 0 -6 -12851 0 55 0
1006 8 609 0 -6 -12851 0 55 0
1007 8 609 0 24 -12851 0 55 0
1008 8 500 0 -24 -12851 0 55 0
1009 8 1100 0 6 -12851 0 55 0
1010 8 903 0 24 -12851 0 55 0
1011 8 1100 0 -6 -12851 0 55 0
1012 8 609 0 6 -12851 0 55 0
1013 8 903 0 24 -12851 0 55 0
1014 8 500 0 6 -12851 0 55 0
1015 8 742 0 -24 -12851 1 55 0
1016 8 903 0 -6 -12851 0 55 0
1017 8 742 0 -24 -12851 1 55 0
1018 8 1100 0 24 -12851 0 55 0
1019 8 500 0 24 -12851 0 55 0
1020 8 609 0 -24 -12851 1 55 0
1021 8 742 0 6 -12851 0 55 0
1022 8 609 0 -24 -12851 0 55 0
1023 8 609 0 -24 -12851 0 55 0
1024 8 500 0 6 -12851 0 55 0
1025 8 500 0 24 -12851 0 55 0
1026 8 500 0 -6 -12851 1 55 0
1027 8 1100 0 24 -12851 0 55 0
1028 8 1100 0 -6 -12851 0 55 0
1029 8 903 0 6 -12851 1 55 0
1030 8 609 0 -6 -12851 0 55 0
1031 8 903 0 -24 -12851 0 55 0
1032 8 609 0 -24 -12851 0 55 0
1033 8 903 0 -24 -12851 1 55 0
1034 8 1100 0 -24 -12851 1 55 0
1035 8 742 0 24 -12851 0 55 0
1036 8 742 0 24 -12851 0 55 0
1037 8 742 0 -6 -12851 0 55 0
1038 8 609 0 6 -12851 1 55 0
1039 8 609 0 6 -12851 0 55 0
1040 8 742 0 -6 -12851 0 55 0
1041 8 742 0 24 -12851 0 55 0
1042 8 903 0 6 -12851 0 55 0
1043 8 903 0 -6 -12851 1 55 0
1044 8 500 0 -6 -12851 0 55 0
1045 8 903 0 -6 -12851 1 55 0
1046 8 1100 0 -24 -12851 0 55 0
1047 8 742 0 24 -12851 0 55 0
1048 8 1100 0 -6 -12851 0 55 0
1049 8 1100 0 24 -12851 0 55 0
1050 8 609 0 6 -12851 0 55 0
1051 8 609 0 6 -12851 0 55 0
1052 8 500 0 -24 -12851 0 55 0
1053 8 500 0 6 -12851 0 55 0
1054 8 609 0 -24 -12851 0 55 0
1055 8 609 0 24 -12851 0 55 0
1056 8 500 0 -6 -12851 0 55 0
1057 8 1100 0 24 -12851 0 55 0
1058 8 903 0 24 -12851 0 55 0
1059 8 1100 0 -6 -12851 0 55 0
1060 8 609 0 6 -12851 0 55 0
1061 8 903 0 6 -12851 0 55 0
1062 8 500 0 6 -12851 0 55 0
1063 8 742 0 -6 -12851 1 55 0
1064 8 903 0 -24 -12851 0 55 0
1065 8 742 0 -24 -12851 1 55 0
1066 8 1100 0 -6 -12851 0 55 0
1067 8 500 0 24 -12851 0 55 0
1068 8 609 0 24 -12851 0 55 0
1069 8 742 0 -24 -12851 0 55 0
1070 8 500 0 24 -12851 0 55 0
1071 8 500 0 24 -12851 0 55 0
1072 8 609 0 -24 -12851 0 55 0
1073 8 609 0 -24 -12851 0 55 0
1074 8 609 0 -24 -12851 0 55 0
1075 8 500 0 -6 -12851 0 55 0
1076 8 1100 0 6 -12851 0 55 0
1077 8 903 0 6 -12851 0 55 0
1078 8 500 0 24 -12851 0 55 0
1079 8 1100 0 24 -12851 0 55 0
1080 8 742 0 6 -12851 0 55 0
1081 8 903 0 -6 -12851 0 55 0
1082 8 1100 0 -6 -12851 0 55 0
1083 8 742 0 6 -12851 0 55 0
1084 8 742 0 6 -12851 0 55 0
1085 8 903 0 -24 -12851 0 55 0
1086 8 500 0 -24 -12851 0 55 0
1087 8 500 0 24 -12851 0 55 0
1088 8 500 0 -6 -12851 0 55 0
1089 8 500 0 -24 -12851 0 55 0
1090 8 1100 0 24 -12851 0 55 0
1091 8 1100 0 6 -12851 0 55 0
1092 8 903 0 -6 -12851 0 55 0
1093 8 742 0 24 -12851 0 55 0
1094 8 903 0 6 -12851 0 55 0
1095 8 1100 0 -6 -12851 0 55 0
1096 8 903 0 24 -12851 0 55 0
1097 8 609 0 24 -12851 0 55 0
1098 8 609 0 6 -12851 0 55 0
1099 8 742 0 24 -12851 0 55 0
1100 8 609 0 -6 -12851 0 55 0
1101 8 742 0 6 -12851 0 55 0
1102 8 609 0 24 -12851 0 55 0
1103 8 609 0 -24 -12851 0 55 0
1104 8 500 0 6 -12851 0 55 0
1105 8 1100 0 -6 -12851 0 55 0
1106 8 903 0 -6 -12851 0 55 0
1107 8 1100 0 -24 -12851 0 55 0
1108 8 609 0 -24 -12851 0 55 0
1109 8 903 0 6 -12851 0 55 0
1110 8 500 0 6 -12851 0 55 0
1111 8 742 0 -6 -12851 0 55 0
1112 8 903 0 6 -12851 0 55 0
1113 8 742 0 -24 -12851 0 55 0
1114 8 1100 0 -24 -12851 0 55 0
1115 8 500 0 -6 -12851 0 55 0
1116 8 609 0 -24 -12851 0 55 0
1117 8 742 0 24 -12851 0 55 0
1118 8 1100 0 6 -12851 0 55 0
1119 8 1100 0 -6 -12851 0 55 0
1120 8 1100 0 24 -12851 0 55 0
1121 8 903 0 24 -12851 0 55 0
1122 8 903 0 -6 -12851 0 55 0
1123 8 742 0 -6 -12851 0 55 0
1124 8 500 0 -24 -12851 0 55 0
1125 8 500 0 24 -12851 0 55 0
1126 8 742 0 -6 -12851 0 55 0
1127 8 903 0 -24 -12851 0 55 0
1128 8 742 0 -6 -12851 0 55 0
1129 8 609 0 6 -12851 0 55 0
1130 8 609 0 -24 -12851 0 55 0
1131 8 609 0 24 -12851 0 55 0
1132 8 1100 0 24 -12851 0 55 0
1133 8 500 0 6 -12851 0 55 0
1134 8 500 0 6 -12851 0 55 0
1135 8 500 0 24 -12851 0 55 0
1136 8 1100 0 24 -12851 0 55 0
1137 8 1100 0 -6 -12851 0 55 0
1138 8 742 0 24 -12851 0 55 0
1139 8 742 0 24 -12851 0 55 0
1140 8 500 0 6 -12851 0 55 0
1141 8 609 0 6 -12851 0 55 0
1142 8 500 0 -6 -12851 0 55 0
1143 8 1100 0 -6 -12851 0 55 0
1144 8 742 0 -24 -12851 0 55 0
1145 8 609 0 -24 -12851 0 55 0
1146 8 903 0 -24 -12851 0 55 0
1147 8 903 0 6 -12851 0 55 0
1148 8 609 0 -6 -12851 0 55 0
1149 8 903 0 -6 -12851 0 55 0
1150 8 500 0 6 -12851 0 55 0
1151 8 500 0 -24 -12851 0 55 0
1152 8 1100 0 24 -12851 0 55 0
1153 8 1100 0 -24 -12851 0 55 0
1154 8 903 0 -24 -12851 0 55 0
1155 8 903 0 6 -12851 0 55 0
1156 8 903 0 -6 -12851 0 55 0
1157 8 742 0 24 -12851 0 55 0
1158 8 1100 0 24 -12851 0 55 0
1159 8 742 0 -6 -12851 0 55 0
1160 8 609 0 6 -12851 0 55 0
1161 8 609 0 6 -12851 0 55 0
1162 8 742 0 6 -12851 0 55 0
1163 8 609 0 24 -12851 0 55 0
1164 8 500 0 -24 -12851 0 55 0
1165 8 500 0 -6 -12851 0 55 0
1166 8 903 0 -6 -12851 0 55 0
1167 8 903 0 6 -12851 0 55 0
1168 8 742 0 -6 -12851 0 55 0
1169 8 742 0 -24 -12851 0 55 0
1170 8 742 0 6 -12851 0 55 0
1171 8 903 0 -24 -12851 0 55 0
1172 8 500 0 24 -12851 0 55 0
1173 8 609 0 24 -12851 0 55 0
1174 8 500 0 6 -12851 0 55 0
1175 8 1100 0 6 -12851 0 55 0
1176 8 500 0 24 -12851 0 55 0
1177 8 903 0 6 -12851 0 55 0
1178 8 1100 0 6 -12851 0 55 0
1179 8 609 0 -24 -12851 0 55 0
1180 8 609 0 -6 -12851 0 55 0
1181 8 1100 0 -24 -12851 0 55 0
1182 8 903 0 24 -12851 0 55 0
1183 8 903 0 24 -12851 0 55 0
1184 8 903 0 -6 -12851 0 55 0
1185 8 609 0 -6 -12851 0 55 0
1186 8 1100 0 -24 -12851 0 55 0
1187 8 609 0 -24 -12851 0 55 0
1188 8 903 0 -24 -12851 0 55 0
1189 8 609 0 6 -12851 0 55 0
1190 8 1100 0 -24 -12851 0 55 0
1191 8 1100 0 -24 -12851 0 55 0
1192 8 742 0 6 -12851 0 55 0
1193 8 500 0 -6 -12851 0 55 0
1194 8 500 0 24 -12851 0 55 0
1195 8 500 0 6 -12851 0 55 0
1196 8 742 0 24 -12851 0 55 0
1197 8 742 0 24 -12851 0 55 0
1198 8 500 0 -6 -12851 0 55 0
1199 8 500 0 -6 -12851 0 55 0
1200 8 903 0 -24 -12851 0 55 0
1201 8 903 0 -24 -12851 0 55 0
1202 8 500 0 6 -12851 0 55 0
1203 8 1100 0 -24 -12851 0 55 0
1204 8 1100 0 -24 -12851 0 55 0
1205 8 903 0 6 -12851 0 55 0
1206 8 500 0 -6 -12851 0 55 0
1207 8 742 0 24 -12851 0 55 0
1208 8 742 0 6 -12851 0 55 0
1209 8 609 0 24 -12851 0 55 0
1210 8 1100 0 24 -12851 0 55 0
1211 8 609 0 -6 -12851 0 55 0
1212 8 609 0 -6 -12851 0 55 0
1213 8 742 0 -6 -12851 0 55 0
1214 8 903 0 -6 -12851 0 55 0
1215 8 903 0 -6 -12851 0 55 0
1216 8 1100 0 -24 -12851 0 55 0
1217 8 609 0 -24 -12851 0 55 0
1218 8 500 0 24 -12851 0 55 0
1219 8 903 0 6 -12851 0 55 0
1220 8 903 0 -6 -12851 0 55 0
1221 8 742 0 -24 -12851 0 55 0
1222 8 500 0 6 -12851 0 55 0
1223 8 609 0 24 -12851 0 55 0
1224 8 609 0 6 -12851 0 55 0
1225 8 1100 0 24 -12851 0 55 0
1226 8 1100 0 -6 -12851 0 55 0
1227 8 500 0 -6 -12851 0 55 0
1228 8 742 0 -6 -12851 0 55 0
1229 8 742 0 -24 -12851 0 55 0
1230 8 609 0 -24 -12851 0 55 0
1231 8 609 0 24 -12851 0 55 0
1232 8 500 0 6 -12851 0 55 0
1233 8 609 0 -6 -12851 0 55 0
1234 8 500 0 -24 -12851 0 55 0
1235 8 1100 0 6 -12851 0 55 0
1236 8 903 0 24 -12851 0 55 0
1237 8 1100 0 6 -12851 0 55 0
1238 8 1100 0 24 -12851 0 55 0
1239 8 742 0 -24 -12851 0 55 0
1240 8 903 0 -24 -12851 0 55 0
1241 8 609 0 24 -12851 0 55 0
1242 8 903 0 24 -12851 0 55 0
1243 8 742 0 6 -12851 0 55 0
1244 8 742 0 -24 -12851 0 55 0
1245 8 500 0 -6 -12851 0 55 0
1246 8 1100 0 -6 -12851 0 55 0
1247 8 1100 0 -6 -12851 0 55 0
1248 8 500 0 6 -12851 0 55 0
1249 8 742 0 -24 -12851 0 55 0
1250 8 500 0 24 -12851 0 55 0
1251 8 903 0 6 -12851 0 55 0
1252 8 903 0 -6 -12851 0 55 0
1253 8 1100 0 -6 -12851 0 55 0
1254 8 903 0 6 -12851 0 55 0
1255 8 742 0 6 -12851 0 55 0
1256 8 609 0 24 -12851 0 55 0
1257 8 609 0 6 -12851 0 55 0
1258 8 742 0 -24 -12851 0 55 0
1259 8 1100 0 24 -12851 0 55 0
1260 8 609 0 -6 -12851 0 55 0
1261 8 500 0 -6 -12851 0 55 0
1262 8 1100 0 -24 -12851 0 55 0
1263 8 1100 0 -24 -12851 0 55 0
1264 8 1100 0 24 -12851 0 55 0
1265 8 609 0 6 -12851 0 55 0
1266 8 742 0 6 -12851 0 55 0
1267 8 742 0 -24 -12851 0 55 0
1268 8 1100 0 -6 -12851 0 55 0
1269 8 609 0 -24 -12851 0 55 0
1270 8 500 0 24 -12851 0 55 0
1271 8 609 0 -6 -12851 0 55 0
1272 8 500 0 24 -12851 0 55 0
1273 8 903 0 24 -12851 0 55 0
1274 8 903 0 -24 -12851 0 55 0
1275 8 903 0 -6 -12851 0 55 0
1276 8 500 0 6 -12851 0 55 0
1277 8 742 0 6 -12851 0 55 0
1278 8 1100 0 24 -12851 0 55 0
1279 8 1100 0 24 -12851 0 55 0
1280 8 609 0 -6 -12851 0 55 0
1281 8 500 0 -6 -12851 0 55 0
1282 8 609 0 6 -12851 0 55 0
1283 8 903 0 -24 -12851 0 55 0
1284 8 903 0 -6 -12851 0 55 0
1285 8 500 0 -24 -12851 0 55 0
1286 8 609 0 -24 -12851 0 55 0
1287 8 742 0 24 -12851 0 55 0
1288 8 903 0 6 -12851 0 55 0
1289 8 500 0 6 -12851 0 55 0
1290 8 1100 0 24 -12851 0 55 0
1291 8 742 0 -24 -12851 0 55 0
1292 8 742 0 -24 -12851 0 55 0
1293 8 1100 0 6 -12851 0 55 0
1294 8 1100 0 24 -12851 0 55 0
1295 8 1100 0 -6 -12851 0 55 0
1296 8 500 0 6 -12851 0 55 0
1297 8 500 0 -6 -12851 0 55 0
1298 8 1100 0 24 -12851 0 55 0
1299 8 1100 0 -6 -12851 0 55 0
1300 8 742 0 24 -12851 0 55 0
1301 8 903 0 -24 -12851 0 55 0
1302 8 742 0 -24 -12851 0 55 0
1303 8 500 0 6 -12851 0 55 0
1304 8 903 0 -24 -12851 0 55 0
1305 8 903 0 -24 -12851 0 55 0
1306 8 609 0 -6 -12851 0 55 0
1307 8 609 0 24 -12851 0 55 0
1308 8 742 0 -24 -12851 0 55 0
1309 8 609 0 -24 -12851 0 55 0
1310 8 609 0 -6 -12851 0 55 0
1311 8 609 0 -6 -12851 0 55 0
1312 8 1100 0 6 -12851 0 55 0
1313 8 903 0 24 -12851 0 55 0
1314 8 609 0 6 -12851 0 55 0
1315 8 742 0 24 -12851 0 55 0
1316 8 609 0 6 -12851 0 55 0
1317 8 1100 0 -6 -12851 0 55 0
1318 8 742 0 -6 -12851 0 55 0
1319 8 742 0 24 -12851 0 55 0
1320 8 1100 0 24 -12851 0 55 0
1321 8 500 0 -6 -12851 0 55 0
1322 8 500 0 -6 -12851 0 55 0
1323 8 903 0 6 -12851 0 55 0
1324 8 500 0 24 -12851 0 55 0
1325 8 903 0 6 -12851 0 55 0
1326 8 903 0 -24 -12851 0 55 0
1327 8 903 0 6 -12851 0 55 0
1328 8 903 0 -24 -12851 0 55 0
1329 8 500 0 -24 -12851 0 55 0
1330 8 609 0 6 -12851 0 55 0
1331 8 1100 0 6 -12851 0 55 0
1332 8 742 0 -24 -12851 0 55 0
1333 8 742 0 24 -12851 0 55 0
1334 8 903 0 6 -12851 0 55 0
1335 8 609 0 -6 -12851 0 55 0
1336 8 1100 0 -6 -12851 0 55 0
1337 8 1100 0 24 -12851 0 55 0
1338 8 742 0 24 -12851 0 55 0
1339 8 500 0 -6 -12851 0 55 0
1340 8 500 0 6 -12851 0 55 0
1341 8 609 0 -24 -12851 0 55 0
1342 8 742 0 -24 -12851 0 55 0
1343 8 742 0 24 -12851 0 55 0
1344 8 609 0 24 -12851 0 55 0
1345 8 742 0 -24 -12851 0 55 0
1346 8 609 0 -6 -12851 0 55 0
1347 8 903 0 -24 -12851 0 55 0
1348 8 1100 0 6 -12851 0 55 0
1349 8 742 0 -6 -12851 0 55 0
1350 8 609 0 -6 -12851 0 55 0
1351 8 903 0 6 -12851 0 55 0
1352 8 903 0 -24 -12851 0 55 0
1353 8 1100 0 6 -12851 0 55 0
1354 8 1100 0 24 -12851 0 55 0
1355 8 500 0 24 -12851 0 55 0
1356 8 500 0 24 -12851 0 55 0
1357 8 500 0 24 -12851 0 55 0
1358 8 500 0 -6 -12851 0 55 0
1359 8 500 0 -24 -12851 0 55 0
1360 8 609 0 -6 -12851 0 55 0
1361 8 1100 0 6 -12851 0 55 0
1362 8 609 0 6 -12851 0 55 0
1363 8 500 0 24 -12851 0 55 0
1364 8 903 0 -24 -12851 0 55 0
1365 8 609 0 24 -12851 0 55 0
1366 8 1100 0 -6 -12851 0 55 0
1367 8 500 0 6 -12851 0 55 0
1368 8 1100 0 -24 -12851 0 55 0
1369 8 903 0 -6 -12851 0 55 0
1370 8 742 0 -6 -12851 0 55 0
1371 8 903 0 24 -12851 0 55 0
1372 8 742 0 24 -12851 0 55 0
1373 8 742 0 24 -12851 0 55 0
1374 8 1100 0 -24 -12851 0 55 0
1375 8 1100 0 6 -12851 0 55 0
