225 12 742 609 -6 24 0 51 55
226 8 1100 0 24 -12851 0 60 0
227 8 609 0 24 -12851 0 55 0
228 8 500 0 6 -12851 0 55 0
229 12 742 1100 -6 24 1 51 51
230 12 742 903 6 -24 1 55 55
231 8 500 0 -6 -12851 0 60 0
232 12 742 500 -6 24 1 55 51
233 8 609 0 -24 -12851 1 60 0
234 8 903 0 6 -12851 1 60 0
235 12 742 500 6 -24 1 55 55
236 8 742 0 6 -12851 1 60 0
237 8 903 0 24 -12851 0 60 0
238 12 500 742 6 -24 1 55 51
239 12 609 742 -6 24 0 51 51
240 8 500 0 -24 -12851 0 55 0
241 8 1100 0 -24 -12851 1 60 0
242 8 609 0 6 -12851 1 60 0
243 12 742 903 6 -24 1 51 55
244 12 742 609 6 -24 1 55 55
245 8 903 0 -6 -12851 1 55 0
246 8 742 0 6 -12851 1 55 0
247 8 1100 0 -6 -12851 0 60 0
248 8 903 0 24 -12851 1 60 0
249 8 903 0 6 -12851 1 60 0
250 12 742 609 -6 24 1 55 51
251 12 609 742 6 -24 1 51 51
252 8 500 0 24 -12851 1 60 0
253 12 903 742 -6 24 1 51 51
254 8 1100 0 -24 -12851 1 60 0
255 8 742 0 -24 -12851 0 55 0
256 12 609 742 6 -24 0 55 55
257 8 742 0 -6 -12851 0 55 0
258 8 903 0 -6 -12851 0 55 0
259 12 742 903 6 -24 0 55 51
260 12 903 742 -6 24 0 51 55
261 8 1100 0 -6 -12851 0 60 0
262 8 903 0 6 -12851 0 60 0
263 8 1100 0 24 -12851 1 55 0
264 8 742 0 -24 -12851 0 55 0
265 8 609 0 6 -12851 1 55 0
266 8 609 0 24 -12851 0 60 0
267 8 500 0 6 -12851 1 60 0
268 12 742 1100 6 -24 1 55 51
269 8 609 0 -6 -12851 1 55 0
270 8 500 0 6 -12851 1 55 0
271 12 500 742 6 -24 1 51 51
272 8 609 0 6 -12851 1 55 0
273 12 903 742 -6 24 0 55 55
274 12 609 742 6 -24 0 51 51
275 8 609 0 24 -12851 1 55 0
276 12 742 500 6 -24 1 51 51
277 12 742 500 -6 24 0 55 55
278 12 742 500 -6 24 0 51 55
279 8 742 0 6 -12851 1 55 0
280 8 609 0 6 -12851 0 60 0
281 12 609 742 -6 24 1 51 51
282 8 609 0 24 -12851 1 55 0
283 8 1100 0 24 -12851 0 55 0
284 8 1100 0 24 -12851 1 60 0
285 8 500 0 -6 -12851 1 55 0
286 12 500 742 -6 24 0 51 55
287 8 1100 0 24 -12851 0 55 0
288 8 500 0 24 -12851 1 60 0
289 8 742 0 6 -12851 1 55 0
290 8 500 0 -24 -12851 1 55 0
291 12 1100 742 6 -24 0 51 55
292 8 742 0 6 -12851 0 60 0
293 12 742 609 6 -24 0 55 55
294 12 742 609 6 -24 1 51 51
295 8 903 0 -24 -12851 1 60 0
296 12 500 742 6 -24 1 55 55
297 12 742 903 6 -24 1 55 51
298 8 903 0 -6 -12851 0 60 0
299 8 903 0 6 -12851 1 60 0
300 8 903 0 24 -12851 1 60 0
301 12 500 742 -6 24 1 55 51
302 12 742 903 -6 24 1 51 51
303 8 903 0 24 -12851 1 60 0
304 12 500 742 -6 24 1 55 51
305 8 742 0 -6 -12851 0 60 0
306 8 500 0 -6 -12851 0 55 0
307 8 742 0 24 -12851 0 55 0
308 8 903 0 -6 -12851 0 60 0
309 8 742 0 -24 -12851 1 55 0
310 12 500 742 -6 24 1 55 55
311 8 903 0 -6 -12851 0 60 0
312 12 742 903 6 -24 1 51 51
313 12 742 1100 6 -24 1 51 51
314 8 609 0 6 -12851 0 60 0
315 8 609 0 -6 -12851 0 60 0
316 12 1100 742 -6 24 0 55 51
317 8 1100 0 -24 -12851 0 55 0
318 8 500 0 6 -12851 0 60 0
319 12 742 500 -6 24 1 51 51
320 8 1100 0 -24 -12851 1 55 0
321 8 609 0 24 -12851 1 55 0
322 8 1100 0 6 -12851 1 55 0
323 8 500 0 6 -12851 1 60 0
324 8 742 0 24 -12851 1 55 0
325 8 742 0 6 -12851 1 60 0
326 8 1100 0 -6 -12851 1 55 0
327 8 742 0 -6 -12851 0 60 0
328 8 742 0 -6 -12851 0 60 0
329 8 609 0 -24 -12851 0 55 0
330 12 742 609 6 -24 0 51 51
331 8 903 0 -24 -12851 0 55 0
332 8 500 0 -6 -12851 0 55 0
333 8 1100 0 6 -12851 0 55 0
334 8 903 0 -24 -12851 0 60 0
335 8 903 0 24 -12851 1 60 0
336 8 609 0 -6 -12851 0 55 0
337 12 609 742 -6 24 1 51 55
338 8 500 0 -6 -12851 1 60 0
339 12 742 500 6 -24 1 55 51
340 12 742 903 6 -24 0 55 55
341 8 609 0 -6 -12851 0 60 0
342 8 500 0 -24 -12851 0 55 0
343 12 742 1100 -6 24 1 51 51
344 8 1100 0 6 -12851 1 55 0
345 8 500 0 -6 -12851 0 55 0
346 12 742 609 6 -24 0 55 51
347 12 1100 742 -6 24 1 51 55
348 8 500 0 -24 -12851 1 55 0
349 12 742 609 -6 24 0 55 51
350 12 742 903 -6 24 1 55 55
351 12 609 742 -6 24 0 55 55
352 12 1100 742 -6 24 1 55 51
353 8 609 0 -24 -12851 0 55 0
354 12 742 903 6 -24 1 55 55
355 8 500 0 -6 -12851 0 60 0
356 12 500 742 6 -24 0 55 55
357 12 1100 742 6 -24 0 55 55
358 8 742 0 -24 -12851 0 55 0
359 8 1100 0 24 -12851 0 55 0
360 8 500 0 -6 -12851 1 60 0
361 8 1100 0 -24 -12851 0 60 0
362 8 903 0 -24 -12851 1 60 0
363 8 1100 0 -24 -12851 0 60 0
364 8 609 0 -24 -12851 1 60 0
365 8 903 0 24 -12851 1 55 0
366 12 742 609 -6 24 1 55 55
367 8 609 0 24 -12851 0 60 0
368 12 742 500 -6 24 0 51 51
369 12 742 903 6 -24 0 55 55
370 8 742 0 6 -12851 1 55 0
371 12 742 1100 6 -24 1 51 55
372 8 742 0 6 -12851 0 55 0
373 12 609 742 -6 24 0 55 55
374 8 903 0 6 -12851 0 60 0
375 8 742 0 24 -12851 0 55 0
376 8 742 0 -6 -12851 0 55 0
377 8 903 0 -24 -12851 0 60 0
378 8 903 0 -24 -12851 0 55 0
379 8 500 0 24 -12851 0 55 0
380 8 609 0 6 -12851 1 55 0
381 8 742 0 6 -12851 1 60 0
382 8 500 0 -24 -12851 0 55 0
383 8 500 0 -6 -12851 1 55 0
384 12 903 742 6 -24 0 51 55
385 8 742 0 24 -12851 1 60 0
386 8 903 0 -6 -12851 0 60 0
387 12 1100 742 6 -24 0 55 55
388 8 609 0 -6 -12851 0 60 0
389 8 609 0 -24 -12851 0 60 0
390 8 1100 0 -24 -12851 0 60 0
391 12 1100 742 -6 24 0 51 55
392 12 742 1100 -6 24 0 55 55
393 8 1100 0 -24 -12851 0 60 0
394 8 1100 0 24 -12851 1 55 0
395 12 1100 742 -6 24 1 51 51
396 8 609 0 24 -12851 1 60 0
397 12 742 609 -6 24 1 51 51
398 8 609 0 -6 -12851 1 60 0
399 8 609 0 -6 -12851 0 60 0
400 12 500 742 -6 24 0 55 55
401 12 742 609 -6 24 1 51 51
402 8 903 0 -6 -12851 1 55 0
403 12 742 903 6 -24 0 51 51
404 8 609 0 -24 -12851 1 60 0
405 12 742 609 6 -24 0 55 55
406 8 742 0 6 -12851 1 55 0
407 8 500 0 24 -12851 0 55 0
408 12 1100 742 6 -24 0 51 51
409 8 500 0 -6 -12851 0 55 0
410 12 500 742 6 -24 0 51 51
411 12 742 609 -6 24 0 51 51
412 12 1100 742 -6 24 0 55 55
413 8 742 0 -6 -12851 1 55 0
414 12 742 609 -6 24 0 55 55
415 8 1100 0 -24 -12851 1 55 0
416 8 500 0 6 -12851 1 60 0
417 12 500 742 6 -24 0 51 51
418 12 742 1100 6 -24 1 55 55
419 12 742 1100 6 -24 1 51 51
420 8 742 0 6 -12851 1 60 0
421 8 903 0 24 -12851 1 60 0
422 12 742 500 -6 24 0 51 55
423 12 1100 742 6 -24 1 51 55
424 8 1100 0 -6 -12851 1 55 0
425 8 1100 0 -6 -12851 1 55 0
426 12 742 500 6 -24 0 55 55
427 8 903 0 24 -12851 1 55 0
428 8 903 0 6 -12851 0 55 0
429 8 903 0 6 -12851 1 55 0
430 12 500 742 -6 24 1 51 51
431 8 903 0 -24 -12851 1 60 0
432 12 903 742 -6 24 0 51 51
433 8 1100 0 -6 -12851 1 60 0
434 12 742 609 6 -24 1 51 55
435 8 742 0 -24 -12851 1 55 0
436 8 500 0 -6 -12851 0 60 0
437 12 742 1100 -6 24 1 55 55
438 12 742 1100 -6 24 0 51 55
439 8 903 0 24 -12851 0 60 0
440 12 500 742 -6 24 1 55 51
441 8 609 0 6 -12851 1 60 0
442 8 1100 0 -24 -12851 1 55 0
443 8 1100 0 -6 -12851 1 60 0
444 8 609 0 -24 -12851 1 55 0
445 12 609 742 -6 24 1 51 51
446 8 742 0 6 -12851 1 60 0
447 8 609 0 6 -12851 0 60 0
448 8 500 0 24 -12851 0 60 0
449 8 742 0 -24 -12851 0 55 0
450 12 742 903 6 -24 0 51 55
451 12 1100 742 -6 24 0 51 51
452 8 500 0 24 -12851 0 55 0
453 12 1100 742 6 -24 1 55 55
454 8 742 0 -24 -12851 1 60 0
455 8 742 0 -24 -12851 1 60 0
456 8 742 0 6 -12851 1 55 0
457 12 742 500 -6 24 1 55 51
458 8 903 0 24 -12851 1 60 0
459 12 742 609 -6 24 1 51 51
460 12 742 500 6 -24 1 55 51
461 8 609 0 6 -12851 1 60 0
462 12 742 609 -6 24 1 51 55
463 8 1100 0 -24 -12851 1 55 0
464 12 903 742 -6 24 1 55 55
465 12 1100 742 -6 24 0 55 51
466 12 742 1100 -6 24 1 55 51
467 8 1100 0 -24 -12851 1 55 0
468 8 742 0 -24 -12851 1 55 0
469 8 609 0 -24 -12851 1 60 0
470 8 903 0 -6 -12851 1 60 0
471 8 1100 0 -6 -12851 0 55 0
472 8 609 0 6 -12851 1 60 0
473 8 500 0 24 -12851 0 60 0
474 8 500 0 6 -12851 1 55 0
475 12 500 742 -6 24 0 55 55
476 8 903 0 6 -12851 1 60 0
477 12 742 1100 6 -24 1 51 55
478 12 1100 742 6 -24 0 51 55
479 8 500 0 24 -12851 1 55 0
480 8 903 0 24 -12851 1 60 0
481 12 500 742 -6 24 1 55 51
482 8 903 0 6 -12851 0 55 0
483 12 500 742 -6 24 0 51 51
484 8 742 0 -24 -12851 0 55 0
485 12 1100 742 -6 24 0 51 51
486 8 742 0 24 -12851 0 60 0
487 8 1100 0 -24 -12851 0 55 0
488 12 742 500 6 -24 0 51 51
489 8 1100 0 -24 -12851 1 60 0
490 12 742 903 -6 24 1 51 51
491 12 609 742 6 -24 0 51 51
492 8 500 0 -6 -12851 0 60 0
493 12 609 742 6 -24 0 51 51
494 12 500 742 -6 24 1 51 51
495 8 500 0 -24 -12851 0 60 0
496 12 742 1100 6 -24 0 51 55
497 8 1100 0 6 -12851 0 60 0
498 8 609 0 -24 -12851 0 55 0
499 12 742 1100 6 -24 0 51 51
500 12 742 609 -6 24 0 55 51
501 8 742 0 6 -12851 1 55 0
502 8 609 0 6 -12851 1 60 0
503 8 903 0 -6 -12851 0 60 0
504 8 903 0 24 -12851 0 55 0
505 12 500 742 -6 24 1 55 51
506 12 1100 742 -6 24 0 51 55
507 8 609 0 -6 -12851 1 55 0
508 8 500 0 -24 -12851 0 60 0
509 8 609 0 -6 -12851 0 60 0
510 8 609 0 24 -12851 0 60 0
511 8 742 0 -6 -12851 0 55 0
512 8 742 0 6 -12851 0 60 0
513 8 903 0 -6 -12851 0 60 0
514 8 609 0 -6 -12851 0 55 0
515 8 742 0 6 -12851 0 60 0
516 12 742 500 6 -24 0 51 55
517 8 903 0 24 -12851 0 60 0
518 12 1100 742 6 -24 0 55 55
519 12 742 903 -6 24 0 51 51
520 8 609 0 -6 -12851 0 60 0
521 8 500 0 -24 -12851 1 60 0
522 12 742 500 6 -24 1 51 51
523 8 500 0 24 -12851 1 55 0
524 8 1100 0 -24 -12851 1 60 0
525 8 903 0 6 -12851 1 60 0
526 8 1100 0 6 -12851 1 55 0
527 12 742 1100 6 -24 0 51 51
528 12 742 903 6 -24 1 51 55
529 8 500 0 -24 -12851 1 55 0
530 12 742 609 6 -24 1 55 55
531 8 1100 0 24 -12851 0 60 0
532 8 742 0 -24 -12851 0 55 0
533 8 742 0 -6 -12851 0 55 0
534 8 742 0 6 -12851 1 60 0
535 12 500 742 -6 24 1 55 51
536 8 500 0 6 -12851 1 60 0
537 8 742 0 -6 -12851 0 60 0
538 8 609 0 -24 -12851 1 55 0
539 8 903 0 24 -12851 0 60 0
540 8 500 0 -24 -12851 0 55 0
541 8 609 0 -6 -12851 0 55 0
542 12 742 609 -6 24 0 51 55
543 8 609 0 -24 -12851 0 60 0
544 12 742 1100 6 -24 0 51 55
545 8 500 0 6 -12851 1 55 0
546 8 903 0 6 -12851 0 55 0
547 8 903 0 24 -12851 1 60 0
548 8 1100 0 -24 -12851 0 55 0
549 8 1100 0 -24 -12851 1 55 0
550 12 742 500 -6 24 1 55 55
551 12 742 903 -6 24 0 55 51
552 8 1100 0 -6 -12851 0 55 0
553 8 742 0 -24 -12851 1 55 0
554 8 742 0 24 -12851 1 60 0
555 12 742 903 6 -24 0 55 55
556 12 742 500 6 -24 0 51 55
557 8 903 0 6 -12851 0 55 0
558 8 903 0 -6 -12851 0 55 0
559 12 742 1100 -6 24 0 51 51
560 12 742 1100 6 -24 0 51 51
561 8 1100 0 -6 -12851 0 55 0
562 8 742 0 -24 -12851 0 55 0
563 8 1100 0 -6 -12851 0 60 0
564 12 1100 742 -6 24 0 51 55
565 12 1100 742 -6 24 0 51 55
566 12 609 742 6 -24 0 51 51
567 12 500 742 6 -24 0 51 55
568 12 1100 742 -6 24 0 55 51
569 8 1100 0 -24 -12851 0 60 0
570 8 742 0 24 -12851 0 55 0
571 8 903 0 -24 -12851 0 55 0
572 12 903 742 -6 24 0 55 51
573 8 500 0 24 -12851 0 60 0
574 12 903 742 6 -24 0 55 51
575 12 742 1100 -6 24 0 55 51
576 12 1100 742 -6 24 0 55 51
577 8 500 0 -24 -12851 0 55 0
578 8 500 0 6 -12851 0 60 0
579 8 609 0 24 -12851 0 55 0
580 8 609 0 -24 -12851 0 60 0
581 8 609 0 -24 -12851 0 55 0
582 8 500 0 6 -12851 0 60 0
583 12 742 1100 6 -24 0 51 55
584 8 500 0 6 -12851 0 60 0
585 8 1100 0 -6 -12851 0 60 0
586 8 500 0 24 -12851 0 55 0
587 12 742 500 -6 24 0 55 51
588 12 742 500 6 -24 0 51 55
589 12 742 609 -6 24 0 55 55
590 8 903 0 -24 -12851 0 60 0
591 8 500 0 24 -12851 0 60 0
592 12 609 742 6 -24 0 51 55
593 8 609 0 6 -12851 0 60 0
594 8 903 0 -24 -12851 0 55 0
595 8 1100 0 -24 -12851 0 60 0
596 8 609 0 24 -12851 0 60 0
597 8 609 0 -6 -12851 0 60 0
598 12 742 609 6 -24 0 51 55
599 12 742 903 -6 24 0 55 51
600 8 903 0 6 -12851 0 60 0
601 12 742 500 6 -24 0 55 55
602 8 742 0 24 -12851 0 55 0
603 12 500 742 6 -24 0 51 55
604 12 903 742 -6 24 0 51 51
605 8 742 0 24 -12851 0 55 0
606 12 742 903 6 -24 0 55 51
607 8 742 0 -24 -12851 0 60 0
608 12 742 903 6 -24 0 55 55
609 12 742 500 6 -24 0 51 51
610 8 1100 0 -6 -12851 0 60 0
611 8 903 0 24 -12851 0 55 0
612 8 903 0 -24 -12851 0 55 0
613 12 742 1100 -6 24 0 55 55
614 8 742 0 -24 -12851 0 60 0
615 12 609 742 6 -24 0 51 55
616 8 500 0 6 -12851 0 55 0
617 8 1100 0 6 -12851 0 55 0
618 8 903 0 24 -12851 0 55 0
619 8 500 0 24 -12851 0 60 0
620 8 609 0 -6 -12851 0 60 0
621 12 500 742 -6 24 0 55 55
622 8 500 0 -6 -12851 0 60 0
623 8 1100 0 -6 -12851 0 55 0
624 12 742 500 6 -24 0 55 55
625 12 742 1100 -6 24 0 51 55
626 12 1100 742 -6 24 0 51 55
627 8 742 0 -24 -12851 0 60 0
628 8 1100 0 -6 -12851 0 60 0
629 8 903 0 6 -12851 0 60 0
630 12 609 742 6 -24 0 55 55
631 8 609 0 24 -12851 0 60 0
632 12 742 609 -6 24 0 51 55
633 8 609 0 24 -12851 0 55 0
634 8 742 0 -6 -12851 0 55 0
635 8 903 0 6 -12851 0 60 0
636 8 903 0 24 -12851 0 55 0
637 12 742 903 -6 24 0 51 55
638 8 500 0 -6 -12851 0 60 0
639 8 903 0 24 -12851 0 55 0
640 12 1100 742 6 -24 0 51 51
641 12 742 609 6 -24 0 51 51
642 8 609 0 6 -12851 0 60 0
643 12 742 903 -6 24 0 55 51
644 12 903 742 6 -24 0 51 51
645 8 500 0 24 -12851 0 60 0
646 8 1100 0 -24 -12851 0 60 0
647 8 742 0 6 -12851 0 55 0
648 12 742 1100 6 -24 0 51 51
649 12 742 1100 -6 24 0 51 55
650 8 609 0 -6 -12851 0 55 0
651 12 742 609 6 -24 0 51 51
652 12 500 742 6 -24 0 55 55
653 8 500 0 -6 -12851 0 60 0
654 12 903 742 6 -24 0 55 51
655 12 742 609 6 -24 0 51 55
656 8 1100 0 24 -12851 0 60 0
657 8 1100 0 -6 -12851 0 60 0
658 12 742 500 -6 24 0 51 55
659 8 742 0 -24 -12851 0 55 0
660 12 742 1100 6 -24 0 55 55
661 8 609 0 24 -12851 0 55 0
662 12 742 500 6 -24 0 51 51
663 12 903 742 6 -24 0 55 55
664 8 742 0 24 -12851 0 55 0
665 8 903 0 6 -12851 0 55 0
666 8 609 0 24 -12851 0 60 0
667 8 609 0 -24 -12851 0 55 0
668 8 742 0 -6 -12851 0 55 0
669 8 1100 0 -6 -12851 0 55 0
670 12 742 1100 6 -24 0 55 51
671 8 609 0 -6 -12851 0 55 0
672 8 742 0 6 -12851 0 60 0
673 12 742 500 6 -24 0 51 51
674 8 1100 0 -6 -12851 0 60 0
675 12 742 1100 -6 24 0 55 51
676 8 742 0 6 -12851 0 55 0
677 8 903 0 -24 -12851 0 60 0
678 12 742 500 -6 24 0 51 55
679 8 609 0 24 -12851 0 55 0
680 8 903 0 6 -12851 0 60 0
681 8 1100 0 6 -12851 0 55 0
682 8 903 0 24 -12851 0 55 0
683 8 500 0 -24 -12851 0 55 0
684 8 500 0 24 -12851 0 55 0
685 8 500 0 6 -12851 0 55 0
686 8 903 0 6 -12851 0 55 0
687 12 903 742 6 -24 0 55 51
688 8 903 0 -24 -12851 0 55 0
689 12 1100 742 6 -24 0 55 51
690 8 742 0 24 -12851 0 55 0
691 8 609 0 -24 -12851 0 60 0
692 8 609 0 6 -12851 0 55 0
693 8 1100 0 24 -12851 0 55 0
694 8 742 0 6 -12851 0 55 0
695 8 1100 0 -24 -12851 0 55 0
696 8 903 0 -24 -12851 0 60 0
697 12 742 1100 -6 24 0 51 51
698 8 500 0 6 -12851 0 55 0
699 8 742 0 6 -12851 0 55 0
700 8 1100 0 6 -12851 0 55 0
701 12 1100 742 6 -24 0 51 51
702 12 742 500 -6 24 0 55 55
703 12 500 742 6 -24 0 55 55
704 12 500 742 6 -24 0 51 51
705 12 903 742 6 -24 0 51 51
706 8 500 0 24 -12851 0 60 0
707 8 903 0 -6 -12851 0 60 0
708 12 742 500 -6 24 0 55 55
709 12 1100 742 -6 24 0 51 51
710 12 742 500 6 -24 0 51 55
711 8 500 0 -24 -12851 0 60 0
712 12 903 742 6 -24 0 55 55
713 8 609 0 -24 -12851 0 55 0
714 12 742 609 6 -24 0 55 51
715 12 609 742 -6 24 0 51 51
716 8 609 0 -24 -12851 0 60 0
717 12 903 742 -6 24 0 55 55
718 12 742 903 6 -24 0 51 55
719 12 742 1100 -6 24 0 55 51
720 8 609 0 -6 -12851 0 60 0
721 12 742 1100 -6 24 0 55 55
722 8 1100 0 -24 -12851 0 60 0
723 8 609 0 -24 -12851 0 55 0
724 8 1100 0 -24 -12851 0 60 0
725 8 609 0 -6 -12851 0 60 0
726 8 903 0 -6 -12851 0 60 0
727 8 1100 0 6 -12851 0 55 0
728 8 742 0 24 -12851 0 55 0
729 12 742 609 -6 24 0 51 51
730 12 742 1100 6 -24 0 55 51
731 12 1100 742 6 -24 0 51 51
732 8 500 0 -24 -12851 0 60 0
733 8 500 0 -24 -12851 0 55 0
734 8 500 0 24 -12851 0 55 0
735 8 903 0 6 -12851 0 55 0
736 12 742 609 6 -24 0 55 51
737 12 500 742 6 -24 0 55 51
738 12 903 742 6 -24 0 55 55
739 8 742 0 6 -12851 0 60 0
740 8 742 0 6 -12851 0 60 0
741 12 742 609 6 -24 0 51 51
742 8 903 0 -6 -12851 0 55 0
743 8 1100 0 24 -12851 0 55 0
744 8 1100 0 -6 -12851 0 60 0
745 8 500 0 -24 -12851 0 60 0
746 8 500 0 24 -12851 0 60 0
747 12 1100 742 6 -24 0 55 51
748 8 1100 0 24 -12851 0 60 0
749 8 742 0 -6 -12851 0 60 0
750 8 500 0 -6 -12851 0 60 0
751 8 1100 0 -24 -12851 0 60 0
752 8 609 0 24 -12851 0 55 0
753 12 742 609 6 -24 0 51 55
754 12 903 742 6 -24 0 51 51
755 12 609 742 -6 24 0 55 51
756 8 609 0 6 -12851 0 60 0
757 8 609 0 24 -12851 0 60 0
758 12 742 1100 6 -24 0 51 51
759 8 903 0 6 -12851 0 55 0
760 8 903 0 -6 -12851 0 60 0
761 8 903 0 -24 -12851 0 55 0
762 8 742 0 6 -12851 0 55 0
763 12 742 609 6 -24 0 51 51
764 8 742 0 -24 -12851 0 60 0
765 8 500 0 24 -12851 0 60 0
766 8 500 0 24 -12851 0 55 0
767 8 1100 0 24 -12851 0 55 0
768 8 1100 0 -24 -12851 0 55 0
769 12 609 742 6 -24 0 51 55
770 8 742 0 24 -12851 0 60 0
771 12 742 903 6 -24 0 55 51
772 12 742 1100 6 -24 0 51 51
773 12 742 500 6 -24 0 55 55
774 12 742 903 6 -24 0 55 55
775 12 609 742 -6 24 0 55 55
776 8 609 0 -24 -12851 0 60 0
777 12 742 609 -6 24 0 55 51
778 8 903 0 -24 -12851 0 55 0
779 8 742 0 6 -12851 0 60 0
780 12 609 742 6 -24 0 55 51
781 12 500 742 -6 24 0 55 55
782 12 742 500 -6 24 0 55 51
783 12 742 1100 -6 24 0 55 55
784 8 742 0 24 -12851 0 55 0
785 8 1100 0 -6 -12851 0 55 0
786 12 500 742 -6 24 0 51 55
787 8 903 0 -6 -12851 0 55 0
788 12 609 742 -6 24 0 51 55
789 8 500 0 -6 -12851 0 60 0
790 8 903 0 24 -12851 0 55 0
791 12 500 742 -6 24 0 51 55
792 8 609 0 -6 -12851 0 60 0
793 8 609 0 24 -12851 0 55 0
794 8 500 0 -24 -12851 0 60 0
795 8 903 0 -24 -12851 0 55 0
796 12 1100 742 -6 24 0 55 55
797 8 903 0 24 -12851 0 60 0
798 12 609 742 6 -24 0 55 55
799 8 903 0 6 -12851 0 55 0
800 12 742 1100 -6 24 0 55 51
801 8 500 0 -24 -12851 0 55 0
802 12 742 609 6 -24 0 51 51
803 12 742 903 -6 24 0 51 51
804 8 500 0 24 -12851 0 55 0
805 8 1100 0 24 -12851 0 60 0
806 8 500 0 -24 -12851 0 55 0
807 12 742 1100 6 -24 0 51 51
808 12 500 742 -6 24 0 51 55
809 8 609 0 -6 -12851 0 55 0
810 8 609 0 -24 -12851 0 55 0
811 8 742 0 6 -12851 0 60 0
812 8 903 0 -24 -12851 0 60 0
813 12 609 742 6 -24 0 51 51
814 12 903 742 6 -24 0 51 55
815 8 1100 0 -24 -12851 0 55 0
816 8 1100 0 -6 -12851 0 60 0
817 8 609 0 24 -12851 0 55 0
818 8 742 0 -6 -12851 0 60 0
819 8 742 0 -6 -12851 0 55 0
820 12 609 742 6 -24 0 51 51
821 8 1100 0 -24 -12851 0 60 0
822 8 1100 0 -6 -12851 0 55 0
823 12 500 742 -6 24 0 51 51
824 12 742 903 6 -24 0 55 55
825 12 1100 742 -6 24 0 55 51
826 8 742 0 6 -12851 0 60 0
827 12 742 500 -6 24 0 51 55
828 12 903 742 -6 24 0 51 51
829 8 500 0 -6 -12851 0 60 0
830 8 500 0 24 -12851 0 55 0
831 8 609 0 -24 -12851 0 60 0
832 12 742 903 -6 24 0 51 55
833 8 742 0 24 -12851 0 60 0
834 8 1100 0 -6 -12851 0 55 0
835 8 903 0 -24 -12851 0 60 0
836 12 1100 742 -6 24 0 55 55
837 8 609 0 6 -12851 0 60 0
838 8 742 0 -24 -12851 0 60 0
839 8 903 0 -24 -12851 0 55 0
840 12 742 903 6 -24 0 55 55
841 8 500 0 -24 -12851 0 60 0
842 8 1100 0 24 -12851 0 60 0
843 12 1100 742 6 -24 0 55 51
844 12 742 1100 -6 24 0 51 51
845 8 609 0 -6 -12851 0 55 0
846 8 903 0 -6 -12851 0 60 0
847 12 742 903 -6 24 0 55 55
848 8 742 0 24 -12851 0 55 0
849 8 742 0 24 -12851 0 60 0
850 8 742 0 -6 -12851 0 55 0
851 12 903 742 6 -24 0 55 51
852 8 742 0 -24 -12851 0 60 0
853 8 500 0 -6 -12851 0 60 0
854 8 903 0 -6 -12851 0 60 0
855 12 742 1100 -6 24 0 55 51
856 12 609 742 6 -24 0 51 51
857 8 1100 0 6 -12851 0 60 0
858 8 609 0 6 -12851 0 55 0
859 12 742 1100 -6 24 0 51 55
860 8 609 0 -6 -12851 0 55 0
861 8 609 0 -24 -12851 0 55 0
862 12 903 742 6 -24 0 51 55
863 8 903 0 6 -12851 0 55 0
864 12 742 609 6 -24 0 55 51
865 8 1100 0 -6 -12851 0 60 0
866 8 903 0 6 -12851 0 55 0
867 12 742 903 -6 24 0 55 55
868 12 742 903 6 -24 0 55 51
869 12 742 1100 -6 24 0 55 55
870 12 742 903 -6 24 0 51 55
871 8 500 0 -6 -12851 0 55 0
872 12 742 903 -6 24 0 51 51
873 12 742 609 6 -24 0 55 51
874 12 903 742 -6 24 0 55 55
875 12 609 742 -6 24 0 55 55
876 8 1100 0 6 -12851 0 60 0
877 8 500 0 6 -12851 0 55 0
878 12 500 742 6 -24 0 51 55
879 8 1100 0 24 -12851 0 55 0
880 12 742 903 6 -24 0 51 55
881 8 1100 0 -6 -12851 0 60 0
882 8 903 0 -6 -12851 0 55 0
883 8 500 0 24 -12851 0 60 0
884 12 500 742 -6 24 0 55 55
885 12 609 742 6 -24 0 51 55
886 8 1100 0 -24 -12851 0 60 0
887 8 742 0 -24 -12851 0 60 0
888 12 742 500 6 -24 0 51 51
889 12 742 500 -6 24 0 51 51
890 8 742 0 24 -12851 0 55 0
891 12 742 609 -6 24 0 55 51
892 12 1100 742 -6 24 0 55 51
893 8 742 0 24 -12851 0 55 0
894 12 742 500 6 -24 0 55 55
895 12 1100 742 6 -24 0 51 55
896 12 609 742 6 -24 0 51 51
897 8 903 0 6 -12851 0 55 0
898 12 500 742 -6 24 0 55 55
899 12 742 1100 -6 24 0 55 55
900 12 1100 742 -6 24 0 51 55
901 8 500 0 -6 -12851 0 55 0
902 8 609 0 -6 -12851 0 60 0
903 8 609 0 -6 -12851 0 55 0
904 8 903 0 -24 -12851 0 60 0
905 12 1100 742 6 -24 0 51 55
906 8 1100 0 -24 -12851 0 60 0
907 8 500 0 24 -12851 0 55 0
908 8 609 0 24 -12851 0 60 0
909 8 609 0 6 -12851 0 60 0
910 12 742 500 -6 24 0 55 55
911 8 609 0 6 -12851 0 60 0
912 12 742 1100 -6 24 0 51 51
913 12 742 903 -6 24 0 51 55
914 8 1100 0 -24 -12851 0 55 0
915 8 742 0 -24 -12851 0 60 0
916 8 742 0 -6 -12851 0 60 0
917 8 609 0 24 -12851 0 60 0
918 8 742 0 -24 -12851 0 55 0
919 8 903 0 24 -12851 0 60 0
920 12 500 742 6 -24 0 51 51
921 8 903 0 -24 -12851 0 55 0
922 8 609 0 24 -12851 0 60 0
923 8 500 0 24 -12851 0 60 0
924 12 609 742 -6 24 0 51 51
925 8 500 0 -24 -12851 0 60 0
926 8 1100 0 -6 -12851 0 60 0
927 12 903 742 -6 24 0 51 51
928 8 500 0 24 -12851 0 55 0
929 12 742 1100 -6 24 0 51 51
930 8 903 0 -24 -12851 0 60 0
931 12 1100 742 6 -24 0 55 55
932 8 1100 0 24 -12851 0 60 0
933 12 742 903 6 -24 0 55 51
934 8 1100 0 -6 -12851 0 55 0
935 12 742 500 -6 24 0 55 51
936 8 1100 0 -6 -12851 0 55 0
937 12 609 742 6 -24 0 51 51
938 12 742 1100 6 -24 0 55 55
939 8 903 0 -6 -12851 0 60 0
940 8 903 0 24 -12851 0 60 0
941 12 742 903 6 -24 0 55 51
942 12 500 742 6 -24 0 55 55
943 8 1100 0 -24 -12851 0 55 0
944 12 742 903 6 -24 0 51 51
945 12 500 742 6 -24 0 55 55
946 12 1100 742 -6 24 0 51 55
947 12 500 742 6 -24 0 55 51
948 8 742 0 -6 -12851 0 60 0
949 12 609 742 -6 24 0 51 51
950 8 1100 0 6 -12851 0 55 0
951 8 742 0 6 -12851 0 60 0
952 8 500 0 6 -12851 0 55 0
953 8 742 0 -6 -12851 0 55 0
954 12 1100 742 6 -24 0 55 55
955 12 903 742 -6 24 0 55 55
956 8 609 0 6 -12851 0 60 0
957 12 742 903 -6 24 0 55 55
958 8 609 0 24 -12851 0 60 0
959 8 903 0 -24 -12851 0 60 0
960 12 742 609 6 -24 0 51 55
961 12 742 903 -6 24 0 51 55
962 12 1100 742 -6 24 0 55 55
963 8 500 0 -6 -12851 0 55 0
964 12 609 742 6 -24 0 51 51
965 8 500 0 -24 -12851 0 60 0
966 12 742 903 6 -24 0 51 55
967 8 609 0 24 -12851 0 60 0
968 8 1100 0 6 -12851 0 60 0
969 8 1100 0 -6 -12851 0 60 0
970 12 742 609 6 -24 0 51 51
971 12 742 500 6 -24 0 51 55
972 8 500 0 24 -12851 0 60 0
973 12 1100 742 -6 24 0 51 51
974 8 903 0 -6 -12851 0 55 0
975 8 903 0 24 -12851 0 55 0
976 8 1100 0 -6 -12851 0 60 0
977 8 1100 0 6 -12851 0 60 0
978 8 609 0 -24 -12851 0 60 0
979 8 500 0 -6 -12851 0 60 0
980 8 500 0 -24 -12851 0 55 0
981 12 500 742 -6 24 0 51 51
982 8 609 0 -6 -12851 0 55 0
983 12 609 742 -6 24 0 51 55
984 12 1100 742 -6 24 0 55 55
985 12 742 903 6 -24 0 51 55
986 8 742 0 24 -12851 0 60 0
987 8 903 0 6 -12851 0 55 0
988 8 609 0 24 -12851 0 60 0
989 8 742 0 -24 -12851 0 60 0
990 12 742 903 6 -24 0 51 55
991 8 742 0 -24 -12851 0 60 0
992 8 609 0 24 -12851 0 55 0
993 8 609 0 24 -12851 0 60 0
994 12 500 742 -6 24 0 51 51
995 8 742 0 -6 -12851 0 60 0
996 8 742 0 24 -12851 0 60 0
997 12 742 500 6 -24 0 51 51
998 12 609 742 6 -24 0 55 55
999 8 903 0 -6 -12851 0 60 0
1000 8 609 0 24 -12851 0 60 0
1001 12 742 903 -6 24 0 55 55
1002 8 742 0 -24 -12851 0 55 0
1003 12 742 903 6 -24 0 55 55
1004 8 903 0 -24 -12851 0 60 0
1005 12 500 742 -6 24 0 55 51
1006 8 609 0 24 -12851 0 60 0
1007 8 500 0 6 -12851 0 55 0
1008 8 500 0 -6 -12851 0 60 0
1009 8 1100 0 -6 -12851 0 60 0
1010 12 1100 742 6 -24 0 51 51
1011 8 903 0 6 -12851 0 60 0
1012 8 1100 0 -6 -12851 0 55 0
1013 8 500 0 6 -12851 0 60 0
1014 12 500 742 -6 24 0 55 51
1015 12 742 500 6 -24 0 55 51
1016 12 609 742 -6 24 0 55 55
1017 8 1100 0 6 -12851 0 55 0
1018 8 1100 0 24 -12851 0 55 0
1019 12 742 609 -6 24 0 51 55
1020 8 1100 0 6 -12851 0 60 0
1021 8 903 0 -24 -12851 0 60 0
1022 12 742 1100 6 -24 0 51 51
1023 8 742 0 -24 -12851 0 60 0
1024 8 903 0 -24 -12851 0 60 0
1025 12 742 1100 6 -24 0 55 51
1026 8 500 0 24 -12851 0 55 0
1027 12 609 742 6 -24 0 51 55
1028 8 609 0 -6 -12851 0 60 0
1029 12 500 742 -6 24 0 55 51
1030 8 903 0 6 -12851 0 60 0
1031 12 1100 742 -6 24 0 55 55
1032 8 742 0 -6 -12851 0 60 0
1033 12 609 742 6 -24 0 55 55
1034 12 903 742 -6 24 0 51 55
1035 12 742 609 -6 24 0 51 51
1036 8 1100 0 6 -12851 0 55 0
1037 12 742 903 -6 24 0 51 55
1038 12 609 742 6 -24 0 51 51
1039 12 742 500 -6 24 0 55 51
1040 12 500 742 -6 24 0 55 51
1041 12 1100 742 6 -24 0 51 51
1042 8 742 0 -24 -12851 0 60 0
1043 12 903 742 6 -24 0 51 51
1044 8 500 0 -24 -12851 0 55 0
1045 12 742 1100 -6 24 0 51 51
1046 8 500 0 24 -12851 0 60 0
1047 8 609 0 24 -12851 0 55 0
1048 8 1100 0 -24 -12851 0 55 0
1049 12 742 500 6 -24 0 55 55
1050 12 742 903 -6 24 0 51 51
1051 8 609 0 -24 -12851 0 60 0
1052 8 500 0 -6 -12851 0 55 0
1053 12 609 742 -6 24 0 55 51
1054 8 500 0 24 -12851 0 60 0
1055 8 1100 0 24 -12851 0 55 0
1056 12 500 742 -6 24 0 51 55
1057 12 1100 742 6 -24 0 51 51
1058 8 609 0 24 -12851 0 60 0
1059 12 1100 742 6 -24 0 55 51
1060 8 609 0 6 -12851 0 60 0
1061 8 1100 0 -24 -12851 0 60 0
1062 12 742 500 6 -24 0 55 51
1063 8 500 0 -24 -12851 0 55 0
1064 8 1100 0 24 -12851 0 55 0
1065 12 742 1100 -6 24 0 55 51
1066 8 903 0 -6 -12851 0 60 0
1067 8 609 0 24 -12851 0 60 0
1068 12 742 500 6 -24 0 55 55
1069 8 903 0 -24 -12851 0 55 0
1070 8 903 0 6 -12851 0 60 0
1071 8 500 0 24 -12851 0 55 0
1072 8 742 0 -6 -12851 0 55 0
1073 8 742 0 -6 -12851 0 60 0
1074 12 1100 742 6 -24 0 55 51
1075 12 609 742 6 -24 0 51 51
1076 12 742 903 6 -24 0 55 55
1077 8 742 0 24 -12851 0 60 0
1078 8 742 0 -24 -12851 0 55 0
1079 8 742 0 -6 -12851 0 55 0
1080 8 903 0 -24 -12851 0 55 0
1081 12 742 903 -6 24 0 55 55
1082 12 742 1100 -6 24 0 51 55
1083 8 609 0 -6 -12851 0 55 0
1084 12 742 1100 -6 24 0 51 55
1085 8 609 0 -24 -12851 0 60 0
1086 8 609 0 6 -12851 0 55 0
1087 12 742 903 -6 24 0 55 55
1088 8 500 0 -24 -12851 0 60 0
1089 8 903 0 -6 -12851 0 55 0
1090 8 742 0 -24 -12851 0 60 0
1091 8 903 0 24 -12851 0 55 0
1092 12 1100 742 6 -24 0 55 55
1093 8 500 0 -24 -12851 0 55 0
1094 12 500 742 -6 24 0 51 51
1095 8 500 0 24 -12851 0 55 0
1096 12 1100 742 -6 24 0 51 51
1097 8 1100 0 6 -12851 0 55 0
1098 12 1100 742 6 -24 0 55 55
1099 12 1100 742 6 -24 0 55 51
1100 12 903 742 -6 24 0 51 51
1101 8 742 0 6 -12851 0 60 0
1102 12 609 742 -6 24 0 51 55
1103 12 903 742 -6 24 0 51 55
1104 12 1100 742 -6 24 0 55 55
1105 12 742 903 6 -24 0 51 51
1106 8 1100 0 24 -12851 0 60 0
1107 8 1100 0 -6 -12851 0 60 0
1108 12 742 1100 6 -24 0 55 51
1109 8 742 0 -6 -12851 0 55 0
1110 8 742 0 24 -12851 0 60 0
1111 8 903 0 6 -12851 0 60 0
1112 12 609 742 6 -24 0 51 51
1113 8 609 0 -24 -12851 0 55 0
1114 8 609 0 -24 -12851 0 55 0
1115 8 609 0 -24 -12851 0 60 0
1116 8 500 0 6 -12851 0 60 0
1117 12 609 742 6 -24 0 51 51
1118 8 903 0 24 -12851 0 55 0
1119 12 903 742 6 -24 0 55 51
1120 8 742 0 24 -12851 0 55 0
1121 8 903 0 -6 -12851 0 60 0
1122 12 742 1100 6 -24 0 55 55
1123 12 1100 742 6 -24 0 51 55
1124 8 500 0 -6 -12851 0 55 0
1125 8 500 0 6 -12851 0 55 0
1126 8 1100 0 6 -12851 0 55 0
1127 12 742 609 6 -24 0 55 55
1128 8 742 0 -6 -12851 0 55 0
1129 8 1100 0 24 -12851 0 55 0
1130 8 1100 0 24 -12851 0 60 0
1131 8 903 0 24 -12851 0 60 0
1132 12 742 500 6 -24 0 51 51
1133 12 742 1100 -6 24 0 51 51
1134 12 903 742 6 -24 0 51 51
1135 12 742 903 -6 24 0 51 51
1136 8 903 0 6 -12851 0 55 0
1137 8 742 0 24 -12851 0 55 0
1138 12 500 742 -6 24 0 51 55
1139 8 742 0 -24 -12851 0 55 0
1140 8 1100 0 6 -12851 0 60 0
1141 8 1100 0 6 -12851 0 55 0
1142 8 500 0 24 -12851 0 55 0
1143 12 903 742 -6 24 0 51 51
1144 12 500 742 -6 24 0 55 55
1145 8 500 0 -6 -12851 0 60 0
1146 12 742 609 -6 24 0 55 55
1147 12 500 742 -6 24 0 51 51
1148 8 1100 0 -6 -12851 0 60 0
1149 12 903 742 6 -24 0 55 51
1150 12 742 1100 6 -24 0 55 51
1151 12 742 903 6 -24 0 55 51
1152 12 742 609 6 -24 0 55 51
1153 8 609 0 -6 -12851 0 55 0
1154 12 742 903 -6 24 0 51 51
1155 12 609 742 6 -24 0 51 55
1156 8 742 0 24 -12851 0 55 0
1157 12 500 742 -6 24 0 51 51
1158 12 742 903 6 -24 0 55 55
1159 8 609 0 24 -12851 0 60 0
1160 8 903 0 6 -12851 0 60 0
1161 12 742 1100 -6 24 0 55 51
1162 8 903 0 -6 -12851 0 60 0
1163 8 609 0 24 -12851 0 60 0
1164 12 609 742 6 -24 0 51 51
1165 8 500 0 -6 -12851 0 60 0
1166 8 500 0 -6 -12851 0 60 0
1167 8 500 0 6 -12851 0 60 0
1168 12 742 1100 6 -24 0 55 51
1169 12 742 1100 6 -24 0 55 55
1170 8 500 0 -24 -12851 0 60 0
1171 8 500 0 -24 -12851 0 55 0
1172 8 742 0 -24 -12851 0 60 0
1173 8 609 0 24 -12851 0 55 0
1174 8 742 0 6 -12851 0 60 0
1175 8 903 0 24 -12851 0 60 0
1176 8 1100 0 -24 -12851 0 55 0
1177 12 1100 742 -6 24 0 55 55
1178 8 903 0 -6 -12851 0 60 0
1179 12 1100 742 6 -24 0 51 55
1180 8 1100 0 -6 -12851 0 60 0
1181 8 903 0 -6 -12851 0 55 0
1182 8 742 0 -24 -12851 0 60 0
1183 12 609 742 6 -24 0 51 55
1184 12 742 1100 6 -24 0 55 51
1185 12 609 742 -6 24 0 51 51
1186 8 1100 0 24 -12851 0 55 0
1187 8 609 0 6 -12851 0 55 0
1188 12 1100 742 -6 24 0 51 51
1189 12 742 500 6 -24 0 51 55
1190 8 609 0 -24 -12851 0 60 0
1191 12 742 903 6 -24 0 51 51
1192 8 609 0 6 -12851 0 55 0
1193 12 742 903 -6 24 0 55 55
1194 8 609 0 -6 -12851 0 60 0
1195 8 903 0 -6 -12851 0 60 0
1196 12 500 742 6 -24 0 51 55
1197 8 742 0 24 -12851 0 55 0
1198 8 742 0 -24 -12851 0 55 0
1199 12 500 742 -6 24 0 51 55
1200 8 500 0 -24 -12851 0 60 0
1201 8 500 0 -6 -12851 0 55 0
1202 8 742 0 24 -12851 0 55 0
1203 12 609 742 6 -24 0 55 55
1204 12 742 903 6 -24 0 51 55
1205 12 742 903 -6 24 0 55 55
1206 12 1100 742 6 -24 0 51 51
1207 12 903 742 6 -24 0 51 55
1208 8 903 0 6 -12851 0 60 0
1209 12 1100 742 -6 24 0 51 51
1210 8 903 0 6 -12851 0 60 0
1211 8 500 0 -24 -12851 0 55 0
1212 8 609 0 -6 -12851 0 60 0
1213 8 1100 0 6 -12851 0 60 0
1214 8 1100 0 -6 -12851 0 55 0
1215 8 609 0 24 -12851 0 55 0
1216 8 1100 0 24 -12851 0 55 0
1217 8 609 0 6 -12851 0 60 0
1218 8 609 0 6 -12851 0 60 0
1219 12 742 500 6 -24 0 51 55
1220 12 609 742 6 -24 0 51 51
1221 12 500 742 6 -24 0 55 55
1222 8 742 0 6 -12851 0 55 0
1223 12 500 742 -6 24 0 51 55
1224 12 742 903 -6 24 0 51 51
1225 8 903 0 6 -12851 0 60 0
1226 8 500 0 24 -12851 0 60 0
1227 8 609 0 -6 -12851 0 55 0
1228 12 742 500 -6 24 0 51 55
1229 8 742 0 6 -12851 0 55 0
1230 12 742 500 6 -24 0 55 55
1231 12 742 500 6 -24 0 55 55
1232 12 742 500 6 -24 0 51 55
1233 12 742 903 -6 24 0 51 55
1234 12 742 609 6 -24 0 51 55
1235 8 500 0 -6 -12851 0 60 0
1236 8 742 0 24 -12851 0 55 0
1237 12 500 742 -6 24 0 55 55
1238 8 609 0 -24 -12851 0 55 0
1239 12 903 742 6 -24 0 55 51
1240 12 609 742 6 -24 0 55 55
1241 12 500 742 -6 24 0 51 51
1242 12 903 742 6 -24 0 51 55
1243 8 1100 0 -6 -12851 0 55 0
1244 12 742 903 -6 24 0 55 55
1245 8 500 0 24 -12851 0 55 0
1246 12 742 903 6 -24 0 51 55
1247 12 1100 742 6 -24 0 55 55
1248 8 1100 0 -6 -12851 0 55 0
1249 12 609 742 -6 24 0 55 51
1250 12 500 742 6 -24 0 51 55
1251 12 500 742 -6 24 0 55 51
1252 8 903 0 24 -12851 0 55 0
1253 8 1100 0 6 -12851 0 55 0
1254 12 742 903 6 -24 0 51 55
1255 8 903 0 24 -12851 0 60 0
1256 8 742 0 6 -12851 0 55 0
1257 12 742 903 -6 24 0 55 51
1258 8 742 0 -6 -12851 0 55 0
1259 8 500 0 24 -12851 0 55 0
1260 8 742 0 -24 -12851 0 60 0
1261 8 1100 0 -6 -12851 0 60 0
1262 8 903 0 -6 -12851 0 60 0
1263 8 903 0 -24 -12851 0 60 0
1264 8 903 0 6 -12851 0 60 0
1265 12 1100 742 6 -24 0 51 51
1266 8 609 0 -6 -12851 0 60 0
1267 8 609 0 -6 -12851 0 60 0
1268 12 903 742 -6 24 0 55 51
1269 12 609 742 -6 24 0 55 55
1270 8 609 0 6 -12851 0 60 0
1271 8 742 0 6 -12851 0 55 0
1272 12 609 742 -6 24 0 55 51
1273 8 500 0 -24 -12851 0 55 0
1274 8 500 0 6 -12851 0 60 0
1275 8 1100 0 6 -12851 0 55 0
1276 8 1100 0 -24 -12851 0 60 0
1277 8 903 0 -24 -12851 0 60 0
1278 12 742 1100 -6 24 0 55 55
1279 8 903 0 -24 -12851 0 55 0
1280 12 609 742 -6 24 0 51 55
1281 12 500 742 6 -24 0 51 51
1282 8 500 0 -6 -12851 0 60 0
1283 8 742 0 -24 -12851 0 60 0
1284 8 1100 0 24 -12851 0 55 0
1285 12 903 742 6 -24 0 51 51
1286 12 742 903 6 -24 0 55 51
1287 8 742 0 24 -12851 0 55 0
1288 8 903 0 -24 -12851 0 55 0
1289 8 500 0 -6 -12851 0 55 0
1290 12 742 609 6 -24 0 55 55
1291 12 1100 742 -6 24 0 55 51
1292 8 500 0 -24 -12851 0 55 0
1293 12 742 903 -6 24 0 55 55
1294 8 903 0 24 -12851 0 55 0
1295 12 742 1100 -6 24 0 51 51
1296 8 1100 0 -6 -12851 0 60 0
1297 8 609 0 6 -12851 0 55 0
1298 8 609 0 24 -12851 0 55 0
1299 8 1100 0 -6 -12851 0 60 0
1300 12 742 500 6 -24 0 55 51
1301 8 742 0 24 -12851 0 60 0
1302 12 742 1100 -6 24 0 55 55
1303 12 742 609 6 -24 0 51 55
1304 12 609 742 -6 24 0 51 51
1305 12 500 742 -6 24 0 51 55
1306 8 609 0 24 -12851 0 60 0
1307 8 609 0 -6 -12851 0 55 0
1308 12 742 609 -6 24 0 51 55
1309 12 500 742 -6 24 0 55 55
1310 8 609 0 -6 -12851 0 55 0
1311 8 742 0 24 -12851 0 60 0
1312 8 500 0 -24 -12851 0 60 0
1313 8 500 0 -6 -12851 0 60 0
1314 12 1100 742 -6 24 0 51 51
1315 8 609 0 6 -12851 0 60 0
1316 8 609 0 24 -12851 0 55 0
1317 12 742 1100 -6 24 0 51 55
1318 12 1100 742 -6 24 0 55 51
1319 8 903 0 24 -12851 0 55 0
1320 12 500 742 6 -24 0 55 51
1321 12 500 742 6 -24 0 55 55
1322 12 903 742 6 -24 0 55 55
1323 8 500 0 -6 -12851 0 55 0
1324 8 903 0 24 -12851 0 60 0
1325 8 903 0 -6 -12851 0 55 0
1326 12 500 742 -6 24 0 51 51
1327 8 742 0 6 -12851 0 60 0
1328 8 1100 0 6 -12851 0 55 0
1329 8 1100 0 24 -12851 0 60 0
1330 8 1100 0 -6 -12851 0 55 0
1331 12 742 903 6 -24 0 55 55
1332 8 742 0 -6 -12851 0 55 0
1333 8 1100 0 24 -12851 0 55 0
1334 8 1100 0 -24 -12851 0 60 0
1335 8 903 0 -24 -12851 0 60 0
1336 8 609 0 -6 -12851 0 55 0
1337 8 609 0 -24 -12851 0 55 0
1338 12 903 742 -6 24 0 55 51
1339 8 500 0 -6 -12851 0 55 0
1340 12 742 500 -6 24 0 51 51
1341 12 742 903 6 -24 0 51 51
1342 12 500 742 -6 24 0 55 55
1343 8 500 0 6 -12851 0 55 0
1344 12 742 500 6 -24 0 51 51
1345 8 742 0 24 -12851 0 60 0
1346 8 1100 0 -6 -12851 0 60 0
1347 12 609 742 6 -24 0 55 55
1348 12 500 742 -6 24 0 55 55
1349 8 742 0 6 -12851 0 55 0
1350 8 609 0 -24 -12851 0 60 0
1351 8 742 0 -24 -12851 0 55 0
1352 12 609 742 6 -24 0 51 51
1353 12 742 609 -6 24 0 55 51
1354 12 742 500 6 -24 0 55 51
1355 12 903 742 -6 24 0 51 55
1356 12 742 903 6 -24 0 55 55
1357 12 1100 742 -6 24 0 51 51
1358 12 1100 742 -6 24 0 51 51
1359 8 903 0 -24 -12851 0 60 0
1360 8 1100 0 6 -12851 0 55 0
1361 8 903 0 -6 -12851 0 60 0
1362 8 500 0 -24 -12851 0 55 0
1363 8 1100 0 24 -12851 0 55 0
1364 8 1100 0 6 -12851 0 55 0
1365 8 500 0 -24 -12851 0 55 0
1366 8 903 0 -24 -12851 0 55 0
1367 12 742 903 6 -24 0 51 51
1368 12 742 500 6 -24 0 51 55
1369 8 903 0 -24 -12851 0 55 0
1370 12 742 1100 -6 24 0 51 55
1371 8 1100 0 -24 -12851 0 55 0
1372 8 1100 0 6 -12851 0 60 0
1373 8 609 0 24 -12851 0 55 0
1374 12 609 742 6 -24 0 55 55
1375 8 500 0 -6 -12851 0 60 0
1376 8 500 0 -24 -12851 0 60 0
1377 8 609 0 -24 -12851 0 55 0
1378 8 742 0 24 -12851 0 55 0
1379 8 903 0 6 -12851 0 60 0
1380 8 609 0 24 -12851 0 60 0
1381 12 742 500 -6 24 0 51 51
1382 8 742 0 -6 -12851 0 55 0
1383 8 742 0 24 -12851 0 55 0
1384 12 742 609 6 -24 0 55 55
1385 12 742 903 -6 24 0 55 51
1386 8 1100 0 -6 -12851 0 60 0
1387 8 1100 0 -24 -12851 0 55 0
1388 8 609 0 -24 -12851 0 55 0
1389 8 609 0 6 -12851 0 60 0
1390 12 1100 742 6 -24 0 51 51
1391 12 500 742 6 -24 0 55 55
1392 12 500 742 6 -24 0 55 55
1393 12 500 742 6 -24 0 55 51
1394 8 500 0 -6 -12851 0 60 0
1395 12 500 742 6 -24 0 51 51
1396 12 742 903 -6 24 0 55 51
1397 8 903 0 -24 -12851 0 60 0
1398 12 500 742 6 -24 0 51 51
1399 12 1100 742 6 -24 0 51 55
1400 8 903 0 -6 -12851 0 60 0
1401 8 1100 0 -6 -12851 0 55 0
1402 8 742 0 24 -12851 0 60 0
1403 8 609 0 24 -12851 0 60 0
1404 8 742 0 -6 -12851 0 55 0
1405 12 742 500 -6 24 0 55 55
1406 12 742 1100 -6 24 0 55 51
1407 8 903 0 -6 -12851 0 60 0
1408 12 609 742 6 -24 0 55 51
1409 12 903 742 -6 24 0 51 55
1410 12 742 609 -6 24 0 51 55
1411 8 742 0 -24 -12851 0 55 0
1412 8 1100 0 24 -12851 0 55 0
1413 8 500 0 -6 -12851 0 55 0
1414 8 500 0 -6 -12851 0 60 0
1415 12 742 500 6 -24 0 51 51
1416 8 500 0 24 -12851 0 60 0
1417 8 500 0 -6 -12851 0 55 0
1418 12 742 500 6 -24 0 51 55
1419 12 742 903 6 -24 0 55 55
1420 12 609 742 6 -24 0 51 51
1421 8 903 0 -24 -12851 0 55 0
1422 12 742 1100 6 -24 0 51 51
1423 8 903 0 -6 -12851 0 60 0
1424 8 742 0 -24 -12851 0 55 0
1425 8 1100 0 6 -12851 0 55 0
1426 12 742 609 -6 24 0 51 55
1427 12 1100 742 6 -24 0 55 55
1428 8 742 0 6 -12851 0 60 0
1429 8 500 0 -6 -12851 0 55 0
1430 12 742 609 6 -24 0 51 51
1431 12 1100 742 6 -24 0 51 51
1432 8 742 0 24 -12851 0 55 0
1433 8 609 0 24 -12851 0 60 0
1434 8 609 0 -24 -12851 0 60 0
1435 8 1100 0 24 -12851 0 55 0
1436 12 742 1100 6 -24 0 55 55
1437 8 500 0 24 -12851 0 55 0
1438 8 903 0 -6 -12851 0 60 0
1439 12 742 609 6 -24 1 51 55
1440 12 742 1100 -6 24 0 55 55
1441 8 609 0 -6 -12851 0 55 0
1442 8 1100 0 6 -12851 0 55 0
1443 8 903 0 -6 -12851 1 55 0
1444 8 903 0 -24 -12851 0 55 0
1445 8 742 0 -6 -12851 0 60 0
1446 8 742 0 6 -12851 1 60 0
1447 8 742 0 -6 -12851 1 55 0
1448 8 500 0 24 -12851 0 60 0
1449 12 742 903 6 -24 0 51 51
1450 8 609 0 24 -12851 0 60 0
1451 12 609 742 -6 24 0 51 55
1452 12 742 500 6 -24 0 55 51
1453 12 609 742 -6 24 0 51 51
1454 8 1100 0 -6 -12851 0 55 0
1455 8 609 0 24 -12851 0 55 0
1456 8 903 0 24 -12851 0 60 0
1457 8 500 0 -24 -12851 0 60 0
1458 8 609 0 -24 -12851 0 55 0
1459 12 742 609 -6 24 1 51 55
1460 8 903 0 24 -12851 0 55 0
1461 12 742 609 6 -24 0 51 55
1462 8 500 0 6 -12851 0 55 0
1463 8 1100 0 -6 -12851 1 60 0
1464 12 1100 742 -6 24 0 51 51
1465 8 1100 0 -24 -12851 0 55 0
1466 8 903 0 -24 -12851 0 55 0
1467 12 742 1100 -6 24 0 51 55
1468 8 903 0 24 -12851 0 55 0
1469 8 500 0 -24 -12851 0 60 0
1470 12 903 742 6 -24 0 51 51
1471 12 742 903 -6 24 0 51 55
1472 8 1100 0 -24 -12851 0 55 0
1473 8 742 0 -6 -12851 0 60 0
1474 8 742 0 24 -12851 0 55 0
1475 12 742 609 6 -24 0 51 51
1476 8 500 0 -6 -12851 0 60 0
1477 12 742 903 6 -24 0 55 55
1478 12 742 500 -6 24 0 55 55
1479 8 1100 0 6 -12851 1 55 0
1480 8 742 0 24 -12851 0 55 0
1481 8 1100 0 -6 -12851 1 60 0
1482 8 903 0 24 -12851 0 60 0
1483 12 609 742 6 -24 0 55 51
1484 8 609 0 24 -12851 1 60 0
1485 12 609 742 6 -24 0 51 51
1486 8 903 0 24 -12851 1 60 0
1487 8 500 0 -6 -12851 0 55 0
1488 8 609 0 -6 -12851 1 60 0
1489 12 500 742 -6 24 0 55 55
1490 8 609 0 -24 -12851 0 60 0
1491 12 742 500 -6 24 0 51 51
1492 8 742 0 6 -12851 0 55 0
1493 8 742 0 24 -12851 0 55 0
1494 8 1100 0 24 -12851 0 60 0
1495 12 742 609 6 -24 0 51 51
1496 12 742 1100 -6 24 0 51 55
1497 8 742 0 6 -12851 0 60 0
1498 12 1100 742 -6 24 0 51 55
1499 8 742 0 -24 -12851 1 55 0
1500 12 742 500 6 -24 0 51 55
1501 12 609 742 -6 24 0 55 51
1502 8 609 0 24 -12851 1 55 0
1503 12 742 500 -6 24 0 55 55
1504 8 903 0 6 -12851 1 55 0
1505 8 500 0 24 -12851 1 60 0
1506 8 1100 0 -6 -12851 0 55 0
1507 12 903 742 -6 24 0 55 55
1508 8 903 0 -24 -12851 1 55 0
1509 8 903 0 -24 -12851 0 55 0
1510 12 742 609 6 -24 1 55 55
1511 12 742 500 -6 24 0 55 51
1512 12 903 742 6 -24 1 55 51
1513 8 609 0 -6 -12851 0 60 0
1514 12 742 500 -6 24 0 55 51
1515 12 500 742 -6 24 0 55 51
1516 12 742 903 6 -24 0 51 51
1517 8 500 0 6 -12851 0 55 0
1518 8 609 0 -6 -12851 0 55 0
1519 8 500 0 24 -12851 0 60 0
1520 8 1100 0 6 -12851 0 60 0
1521 8 903 0 -24 -12851 0 55 0
1522 8 903 0 24 -12851 0 55 0
1523 8 1100 0 6 -12851 0 60 0
1524 12 500 742 -6 24 0 51 55
1525 12 742 1100 6 -24 0 55 55
1526 12 500 742 -6 24 0 55 51
1527 8 742 0 -24 -12851 0 60 0
1528 12 742 609 6 -24 0 51 55
1529 12 742 500 -6 24 0 51 55
1530 8 903 0 24 -12851 0 60 0
1531 8 903 0 6 -12851 0 55 0
1532 8 609 0 24 -12851 0 55 0
1533 8 609 0 6 -12851 0 60 0
1534 8 500 0 -6 -12851 0 55 0
1535 8 500 0 -6 -12851 0 55 0
1536 12 903 742 -6 24 0 51 55
1537 12 1100 742 6 -24 0 51 55
1538 8 1100 0 6 -12851 0 55 0
1539 12 903 742 6 -24 0 55 55
1540 8 742 0 -6 -12851 0 60 0
1541 12 742 500 6 -24 0 51 55
1542 12 742 903 -6 24 0 55 55
1543 12 1100 742 -6 24 0 55 51
1544 12 742 1100 -6 24 0 51 55
1545 8 500 0 -24 -12851 0 55 0
1546 8 609 0 -6 -12851 0 55 0
1547 12 742 1100 -6 24 0 51 55
1548 8 1100 0 -24 -12851 0 60 0
1549 8 742 0 24 -12851 0 60 0
1550 8 903 0 -24 -12851 0 55 0
1551 12 742 1100 -6 24 0 51 55
1552 8 903 0 24 -12851 0 55 0
1553 8 742 0 -6 -12851 0 60 0
1554 12 903 742 -6 24 0 55 55
1555 8 742 0 -6 -12851 0 55 0
1556 8 1100 0 6 -12851 0 55 0
1557 12 742 903 -6 24 0 51 51
1558 8 742 0 -24 -12851 0 55 0
1559 12 742 1100 -6 24 0 55 51
1560 12 500 742 6 -24 0 55 55
1561 12 903 742 6 -24 0 55 55
1562 8 903 0 -24 -12851 0 55 0
1563 12 609 742 -6 24 0 55 51
1564 8 1100 0 6 -12851 0 55 0
1565 8 609 0 -6 -12851 0 60 0
1566 8 1100 0 -6 -12851 0 55 0
1567 8 903 0 6 -12851 0 60 0
1568 12 742 1100 6 -24 0 55 55
1569 8 609 0 24 -12851 0 55 0
1570 8 500 0 6 -12851 0 55 0
1571 8 609 0 6 -12851 0 55 0
1572 12 1100 742 6 -24 0 55 51
1573 8 500 0 6 -12851 0 55 0
1574 8 500 0 24 -12851 0 60 0
