1 12 742 903 -6 24 0 51 51
2 12 903 742 6 -24 1 55 51
3 12 1100 742 -6 24 0 51 51
4 12 609 742 -6 24 0 55 55
5 12 742 500 -6 24 0 51 51
6 12 742 500 6 -24 1 55 55
7 12 742 609 -6 24 1 55 51
8 12 742 609 6 -24 1 55 55
9 12 903 742 -6 24 0 51 51
10 12 1100 742 6 -24 1 51 51
11 12 1100 742 6 -24 0 51 55
12 12 500 742 6 -24 1 55 51
13 12 1100 742 -6 24 0 51 55
14 12 1100 742 6 -24 1 51 51
15 12 742 500 -6 24 0 55 55
16 12 742 500 6 -24 0 55 55
17 12 742 609 -6 24 0 55 51
18 12 742 903 6 -24 1 55 55
19 12 742 500 6 -24 1 51 55
20 12 1100 742 6 -24 0 51 55
21 12 742 609 6 -24 0 55 55
22 12 903 742 -6 24 1 51 51
23 12 742 609 -6 24 0 51 51
24 12 500 742 -6 24 1 55 55
25 12 742 1100 -6 24 0 55 55
26 12 903 742 6 -24 1 51 55
27 12 742 500 -6 24 0 51 51
28 12 903 742 -6 24 1 55 51
29 12 903 742 -6 24 1 55 55
30 12 500 742 6 -24 1 51 51
31 12 1100 742 -6 24 0 55 55
32 12 742 609 6 -24 1 55 55
33 12 742 609 -6 24 1 51 51
34 12 742 500 6 -24 1 55 51
35 12 742 500 -6 24 0 51 51
36 12 742 903 -6 24 1 55 55
37 12 742 500 6 -24 1 55 55
38 12 903 742 -6 24 1 55 51
39 12 903 742 -6 24 0 51 55
40 12 742 500 -6 24 1 55 51
41 12 742 609 -6 24 1 51 55
42 12 742 609 -6 24 0 51 55
43 12 742 1100 -6 24 0 51 51
44 12 742 903 6 -24 0 55 51
45 12 1100 742 -6 24 0 55 51
46 12 500 742 -6 24 0 55 51
47 12 500 742 -6 24 1 51 55
48 12 742 903 -6 24 1 51 51
49 12 1100 742 -6 24 1 51 55
50 12 903 742 6 -24 1 51 55
51 12 500 742 6 -24 1 51 55
52 12 1100 742 6 -24 0 51 55
53 12 742 609 -6 24 0 55 55
54 12 500 742 -6 24 0 51 51
55 12 742 500 6 -24 1 51 51
56 12 742 903 6 -24 1 51 51
57 12 742 609 -6 24 1 51 51
58 12 500 742 -6 24 1 55 51
59 12 742 903 -6 24 1 51 51
60 12 500 742 -6 24 1 51 55
61 12 903 742 -6 24 0 55 51
62 12 500 742 -6 24 1 55 51
63 12 500 742 6 -24 1 51 51
64 12 742 609 6 -24 1 51 55
65 12 742 903 6 -24 1 55 51
66 12 500 742 6 -24 1 51 55
67 12 742 609 -6 24 0 51 51
68 12 1100 742 -6 24 1 51 55
69 12 500 742 -6 24 0 51 55
70 12 742 609 6 -24 1 51 55
71 12 609 742 -6 24 0 55 55
72 12 903 742 -6 24 0 55 51
73 12 500 742 -6 24 0 51 51
74 12 742 1100 -6 24 0 55 51
75 12 903 742 6 -24 1 51 51
76 12 742 903 -6 24 1 55 51
77 12 742 903 -6 24 1 51 51
78 12 742 500 -6 24 0 51 55
79 12 1100 742 6 -24 1 51 55
80 12 742 609 -6 24 0 51 51
81 12 1100 742 6 -24 0 55 51
82 12 500 742 -6 24 1 55 55
83 12 500 742 6 -24 1 51 55
84 12 609 742 -6 24 0 51 55
85 12 742 1100 -6 24 1 51 51
86 12 742 903 6 -24 1 55 51
87 12 903 742 -6 24 0 55 55
88 12 500 742 -6 24 1 55 55
89 12 742 500 6 -24 1 55 55
90 12 742 1100 6 -24 1 55 51
91 12 742 1100 -6 24 1 51 51
92 12 742 500 -6 24 1 51 51
93 12 903 742 -6 24 1 55 55
94 12 742 903 -6 24 0 51 51
95 12 500 742 6 -24 1 55 51
96 12 742 500 -6 24 1 51 51
97 12 609 742 -6 24 1 55 51
98 12 742 1100 -6 24 0 51 55
99 12 1100 742 -6 24 1 55 51
100 12 742 903 -6 24 0 51 51
101 12 742 1100 6 -24 1 51 51
102 12 742 609 -6 24 1 55 55
103 12 742 609 6 -24 1 55 55
104 12 742 500 6 -24 1 51 55
105 12 903 742 -6 24 1 51 51
106 12 742 1100 6 -24 1 55 55
107 12 1100 742 6 -24 1 55 55
108 12 609 742 6 -24 1 55 55
109 12 609 742 -6 24 1 51 55
110 12 742 1100 6 -24 1 55 55
111 12 742 500 -6 24 1 51 55
112 12 742 903 -6 24 0 51 51
113 12 742 500 6 -24 1 51 51
114 12 742 500 -6 24 0 51 55
115 12 500 742 -6 24 1 55 55
116 12 742 500 -6 24 0 55 55
117 12 742 1100 -6 24 1 55 55
118 12 500 742 6 -24 1 51 55
119 12 903 742 -6 24 0 51 55
120 12 609 742 6 -24 1 55 55
121 12 1100 742 6 -24 1 51 55
122 12 742 609 6 -24 1 51 55
123 12 609 742 6 -24 1 51 51
124 12 1100 742 6 -24 1 55 55
125 12 903 742 -6 24 1 51 55
126 12 742 500 -6 24 0 55 55
127 12 742 903 -6 24 1 55 51
128 12 903 742 6 -24 1 51 55
129 12 609 742 -6 24 1 55 55
130 12 500 742 -6 24 1 51 51
131 12 742 500 -6 24 0 55 55
132 12 903 742 6 -24 1 55 55
133 12 742 903 -6 24 1 55 55
134 12 742 500 -6 24 1 51 51
135 12 742 903 -6 24 0 55 55
136 12 742 903 -6 24 1 55 51
137 12 742 1100 -6 24 1 55 55
138 12 500 742 -6 24 0 51 55
139 12 609 742 -6 24 0 51 51
140 12 609 742 6 -24 0 51 55
141 12 742 903 6 -24 0 51 51
142 12 742 903 6 -24 1 51 51
143 12 742 1100 -6 24 0 51 51
144 12 742 1100 -6 24 1 51 55
145 12 1100 742 6 -24 1 55 51
146 12 500 742 -6 24 1 55 55
147 12 742 1100 -6 24 1 55 55
148 12 742 903 -6 24 0 55 55
149 12 903 742 -6 24 1 55 51
150 12 742 500 6 -24 0 55 55
151 12 742 609 -6 24 0 51 51
152 12 500 742 6 -24 1 55 55
153 12 742 903 6 -24 1 55 51
154 12 609 742 6 -24 1 55 51
155 12 500 742 -6 24 0 51 55
156 12 500 742 -6 24 0 51 55
157 12 1100 742 6 -24 1 51 51
158 12 742 500 -6 24 0 55 55
159 12 500 742 6 -24 1 55 51
160 12 500 742 6 -24 1 55 55
161 12 742 1100 -6 24 1 51 55
162 12 1100 742 6 -24 1 55 55
163 12 742 500 -6 24 0 55 55
164 12 742 1100 6 -24 1 55 55
165 12 742 609 -6 24 0 55 51
166 12 500 742 6 -24 1 51 55
167 12 742 500 -6 24 1 51 51
168 12 742 609 6 -24 1 51 51
169 12 1100 742 6 -24 1 51 55
170 12 609 742 -6 24 0 55 55
171 12 742 903 6 -24 1 55 51
172 12 609 742 -6 24 0 51 51
173 12 1100 742 6 -24 1 51 55
174 12 742 903 -6 24 0 55 55
175 12 742 609 6 -24 1 55 51
176 12 742 609 6 -24 1 51 55
177 12 742 609 -6 24 1 55 55
178 12 500 742 6 -24 1 55 51
179 12 742 609 -6 24 0 51 55
180 12 742 500 -6 24 1 55 51
181 12 742 1100 6 -24 1 51 55
182 12 742 1100 -6 24 0 55 51
183 12 500 742 6 -24 1 51 55
184 12 742 500 -6 24 0 51 51
185 12 609 742 6 -24 1 51 55
186 12 609 742 -6 24 1 55 51
187 12 742 1100 6 -24 1 55 51
188 12 742 500 6 -24 1 51 55
189 12 742 500 -6 24 0 55 51
190 12 742 1100 -6 24 0 55 51
191 12 903 742 -6 24 0 55 51
192 12 1100 742 -6 24 0 55 55
193 12 903 742 -6 24 0 51 51
194 12 609 742 6 -24 1 55 55
195 12 742 609 -6 24 1 51 55
196 12 500 742 6 -24 1 51 55
197 12 903 742 6 -24 1 51 55
198 12 742 609 -6 24 0 55 55
199 12 742 609 -6 24 0 51 51
200 12 742 903 6 -24 1 51 55
201 12 742 609 -6 24 1 51 51
202 12 742 500 -6 24 0 51 55
203 12 500 742 -6 24 1 55 55
204 12 1100 742 -6 24 1 55 55
205 12 742 903 -6 24 0 55 51
206 12 742 1100 -6 24 1 51 55
207 12 742 500 -6 24 1 51 55
208 12 742 500 6 -24 1 55 55
209 12 742 500 6 -24 0 55 51
210 12 742 500 -6 24 1 51 55
211 12 742 903 -6 24 0 51 51
212 12 742 609 -6 24 0 55 55
213 12 903 742 6 -24 1 55 51
214 12 742 1100 6 -24 1 55 51
215 12 742 609 6 -24 1 51 55
216 12 1100 742 -6 24 0 51 51
217 12 742 500 6 -24 1 55 51
218 12 742 500 -6 24 1 55 51
219 12 903 742 6 -24 0 51 55
220 12 742 1100 6 -24 1 55 55
221 12 742 500 -6 24 0 55 55
222 12 903 742 6 -24 1 51 51
223 12 742 1100 -6 24 1 55 55
224 12 742 500 -6 24 1 51 51
225 12 742 609 -6 24 1 55 51
226 12 742 903 -6 24 1 51 55
227 12 742 500 -6 24 0 51 51
228 12 742 500 6 -24 1 55 55
229 12 500 742 6 -24 1 55 55
230 12 903 742 -6 24 0 55 55
231 12 903 742 -6 24 0 55 55
232 12 609 742 -6 24 1 55 55
233 12 742 609 6 -24 1 55 51
234 12 742 500 -6 24 0 55 55
235 12 1100 742 -6 24 0 55 51
236 12 903 742 -6 24 0 51 55
237 12 609 742 6 -24 1 55 55
238 12 903 742 -6 24 0 51 51
239 12 1100 742 -6 24 1 55 51
240 12 500 742 6 -24 1 55 55
241 12 1100 742 6 -24 1 55 55
242 12 742 500 -6 24 1 51 51
243 12 1100 742 -6 24 1 55 51
244 12 742 903 -6 24 1 51 55
245 12 903 742 -6 24 1 55 55
246 12 742 500 -6 24 1 51 55
247 12 742 1100 -6 24 0 55 51
248 12 609 742 6 -24 1 55 51
249 12 500 742 -6 24 0 51 51
250 12 742 500 6 -24 0 55 55
251 12 742 609 6 -24 0 51 55
252 12 742 1100 -6 24 0 51 51
253 12 742 1100 -6 24 1 55 51
254 12 903 742 6 -24 1 55 51
255 12 742 609 6 -24 1 51 55
256 12 609 742 -6 24 0 51 55
257 12 742 903 -6 24 0 51 51
258 12 742 609 6 -24 1 55 55
259 12 1100 742 -6 24 1 51 55
260 12 500 742 -6 24 0 55 55
261 12 609 742 6 -24 1 55 55
262 12 742 609 6 -24 1 51 55
263 12 500 742 6 -24 1 51 55
264 12 609 742 -6 24 0 55 55
265 12 742 1100 -6 24 0 51 55
266 12 742 609 -6 24 0 51 51
267 12 742 500 6 -24 0 51 51
268 12 1100 742 -6 24 0 51 51
269 12 742 500 -6 24 1 55 55
270 12 609 742 6 -24 1 55 55
271 12 1100 742 -6 24 0 51 55
272 12 609 742 6 -24 1 55 55
273 12 609 742 6 -24 0 51 55
274 12 742 1100 6 -24 0 51 51
275 12 742 903 6 -24 1 55 55
276 12 742 609 -6 24 1 51 55
277 12 609 742 6 -24 1 51 55
278 12 742 1100 -6 24 0 55 55
279 12 742 500 -6 24 0 51 51
280 12 742 500 6 -24 1 55 55
281 12 609 742 -6 24 0 51 51
282 12 742 609 -6 24 0 51 55
283 12 903 742 -6 24 1 51 51
284 12 742 1100 -6 24 1 55 51
285 12 742 609 -6 24 0 51 51
286 12 742 903 -6 24 1 51 51
287 12 742 500 -6 24 1 55 51
288 12 500 742 6 -24 1 51 55
289 12 609 742 -6 24 1 55 55
290 12 742 609 6 -24 1 51 51
291 12 742 500 -6 24 1 51 55
292 12 742 500 6 -24 1 55 51
293 12 742 1100 6 -24 1 55 55
294 12 1100 742 6 -24 1 51 51
295 12 609 742 -6 24 0 55 55
296 12 742 903 -6 24 0 55 55
297 12 742 903 -6 24 1 55 51
298 12 609 742 -6 24 1 51 51
299 12 742 500 -6 24 0 55 55
300 12 742 609 6 -24 0 51 55
301 12 742 903 -6 24 0 51 51
302 12 500 742 -6 24 1 51 51
303 12 742 609 6 -24 1 55 55
304 12 500 742 -6 24 1 51 55
305 12 609 742 6 -24 1 51 51
306 12 500 742 -6 24 0 51 55
307 12 903 742 -6 24 0 51 51
308 12 742 903 -6 24 0 51 51
309 12 742 609 6 -24 1 55 55
310 12 742 609 6 -24 1 55 55
311 12 1100 742 6 -24 1 55 51
312 12 742 903 6 -24 1 51 51
313 12 500 742 -6 24 0 55 55
314 12 742 500 -6 24 0 51 51
315 12 609 742 -6 24 0 55 51
316 12 742 903 -6 24 0 55 55
317 12 742 903 -6 24 0 51 55
318 12 609 742 -6 24 0 55 55
319 12 609 742 -6 24 0 55 55
320 12 903 742 6 -24 1 51 51
321 12 742 1100 -6 24 0 51 55
322 12 500 742 -6 24 0 51 55
323 12 742 903 -6 24 0 55 55
324 12 742 609 -6 24 0 55 51
325 12 903 742 -6 24 0 51 55
326 12 1100 742 -6 24 1 55 51
327 12 742 1100 6 -24 1 51 51
328 12 609 742 -6 24 0 51 55
329 12 742 500 6 -24 1 51 55
330 12 500 742 6 -24 0 51 51
331 12 742 500 -6 24 0 55 51
332 12 742 500 6 -24 0 51 51
333 12 903 742 -6 24 0 51 55
334 12 903 742 -6 24 1 55 51
335 12 903 742 -6 24 0 55 55
336 12 500 742 -6 24 1 55 55
337 12 609 742 -6 24 0 55 51
338 12 742 500 -6 24 0 51 55
339 12 903 742 -6 24 1 51 51
340 12 742 1100 6 -24 1 51 55
341 12 742 1100 6 -24 1 51 51
342 12 742 500 -6 24 0 55 51
343 12 742 903 6 -24 0 55 55
344 12 742 903 6 -24 0 51 55
345 12 903 742 -6 24 1 55 51
346 12 742 903 -6 24 1 51 51
347 12 742 903 -6 24 1 55 55
348 12 742 1100 -6 24 0 55 55
349 12 609 742 -6 24 0 51 51
350 12 742 609 6 -24 1 51 55
351 12 742 1100 -6 24 0 55 51
352 12 742 609 -6 24 0 55 55
353 12 742 500 -6 24 1 51 55
354 12 742 609 6 -24 1 51 51
355 12 742 903 -6 24 1 51 51
356 12 903 742 -6 24 0 55 55
357 12 742 1100 -6 24 0 55 55
358 12 609 742 6 -24 0 51 55
359 12 500 742 -6 24 1 51 55
360 12 742 609 -6 24 1 55 55
361 12 903 742 -6 24 0 51 55
362 12 609 742 -6 24 1 55 55
363 12 609 742 6 -24 0 55 55
364 12 609 742 6 -24 1 55 51
365 12 1100 742 -6 24 0 51 51
366 12 609 742 6 -24 0 51 55
367 12 742 1100 -6 24 0 55 51
368 12 742 500 -6 24 1 51 51
369 12 742 500 6 -24 0 55 51
370 12 742 903 -6 24 1 55 55
371 12 903 742 -6 24 0 51 55
372 12 742 903 -6 24 0 51 55
373 12 903 742 -6 24 0 55 51
374 12 903 742 6 -24 0 51 55
375 12 609 742 6 -24 1 55 55
376 12 742 609 6 -24 1 55 55
377 12 742 903 -6 24 0 51 55
378 12 609 742 -6 24 0 51 51
379 12 609 742 6 -24 0 51 55
380 12 500 742 -6 24 1 51 55
381 12 742 609 -6 24 1 55 55
382 12 742 609 -6 24 0 51 51
383 12 1100 742 6 -24 1 55 55
384 12 742 500 6 -24 1 55 51
385 12 903 742 6 -24 1 51 51
386 12 742 1100 -6 24 1 55 55
387 12 609 742 6 -24 1 51 51
388 12 742 500 -6 24 1 51 55
389 12 742 903 6 -24 1 51 51
390 12 742 500 -6 24 1 55 55
391 12 1100 742 6 -24 1 55 51
392 12 742 609 -6 24 1 55 51
393 12 1100 742 6 -24 0 55 51
394 12 742 500 -6 24 1 55 51
395 12 500 742 -6 24 0 55 55
396 12 742 1100 -6 24 1 51 51
397 12 500 742 -6 24 1 55 51
398 12 500 742 6 -24 1 55 55
399 12 500 742 -6 24 0 51 51
400 12 742 903 -6 24 0 51 51
401 12 742 903 6 -24 1 51 55
402 12 742 500 -6 24 0 51 51
403 12 742 1100 -6 24 0 51 51
404 12 1100 742 6 -24 1 55 55
405 12 742 500 6 -24 0 51 55
406 12 500 742 -6 24 0 51 51
407 12 742 609 -6 24 1 51 51
408 12 742 903 6 -24 1 51 55
409 12 903 742 6 -24 1 55 55
410 12 742 500 -6 24 0 55 55
411 12 742 903 -6 24 0 55 55
412 12 742 1100 -6 24 0 55 55
413 12 742 1100 -6 24 1 51 55
414 12 742 903 6 -24 1 51 55
415 12 500 742 6 -24 0 55 51
416 12 609 742 6 -24 1 51 51
417 12 500 742 -6 24 0 51 55
418 12 742 903 -6 24 1 55 55
419 12 742 903 -6 24 1 55 55
420 12 1100 742 -6 24 0 51 51
421 12 1100 742 6 -24 1 51 51
422 12 500 742 -6 24 0 51 51
423 12 500 742 -6 24 0 51 51
424 12 742 1100 -6 24 1 51 55
425 12 742 1100 -6 24 0 55 55
426 12 903 742 6 -24 1 55 55
427 12 742 1100 6 -24 1 55 51
428 12 1100 742 6 -24 1 55 51
429 12 742 500 -6 24 0 55 51
430 12 742 1100 -6 24 1 51 51
431 12 742 609 -6 24 0 55 51
432 12 742 903 -6 24 1 55 55
433 12 742 609 -6 24 1 55 51
434 12 742 500 -6 24 0 55 55
435 12 742 903 6 -24 1 55 55
436 12 742 500 -6 24 0 55 55
437 12 1100 742 -6 24 0 51 51
438 12 903 742 -6 24 1 55 51
439 12 742 609 6 -24 1 51 51
440 12 742 903 -6 24 0 51 51
441 12 1100 742 -6 24 1 51 51
442 12 1100 742 6 -24 1 51 55
443 12 1100 742 -6 24 0 51 55
444 12 500 742 6 -24 1 51 51
445 12 609 742 -6 24 0 51 55
446 12 1100 742 6 -24 1 55 51
447 12 742 500 6 -24 1 51 51
448 12 742 609 -6 24 1 51 51
449 12 742 500 -6 24 0 51 51
450 12 609 742 -6 24 1 51 55
451 12 903 742 -6 24 0 51 51
452 12 609 742 6 -24 1 55 51
453 12 903 742 -6 24 0 55 51
454 12 903 742 6 -24 1 55 55
455 12 609 742 -6 24 0 55 51
456 12 742 500 6 -24 0 51 51
457 12 742 903 -6 24 1 55 51
458 12 500 742 6 -24 1 55 55
459 12 742 500 6 -24 1 51 51
460 12 742 1100 -6 24 1 55 55
461 12 1100 742 -6 24 1 51 51
462 12 742 903 6 -24 1 51 55
463 12 500 742 6 -24 1 55 55
464 12 1100 742 -6 24 1 51 55
465 12 742 500 -6 24 1 55 55
466 12 742 500 -6 24 1 51 55
467 12 742 609 -6 24 0 55 55
468 12 742 500 -6 24 1 55 51
469 12 742 903 -6 24 1 55 51
470 12 500 742 6 -24 1 55 55
471 12 609 742 -6 24 0 51 51
472 12 500 742 -6 24 1 55 55
473 12 742 1100 -6 24 1 51 55
474 12 1100 742 -6 24 1 51 55
475 12 742 500 -6 24 1 55 55
476 12 742 903 -6 24 0 51 51
477 12 742 1100 6 -24 0 55 55
478 12 742 903 -6 24 1 55 55
479 12 742 609 -6 24 0 55 51
480 12 742 903 -6 24 1 51 51
481 12 742 609 -6 24 1 55 55
482 12 609 742 -6 24 1 51 55
483 12 742 1100 6 -24 1 51 51
484 12 742 500 6 -24 0 51 51
485 12 500 742 -6 24 1 55 55
486 12 609 742 -6 24 0 55 51
487 12 609 742 -6 24 1 55 51
488 12 742 1100 -6 24 1 51 51
489 12 609 742 -6 24 1 51 55
490 12 1100 742 -6 24 1 55 55
491 12 742 500 -6 24 0 55 55
492 12 1100 742 -6 24 1 55 55
493 12 609 742 -6 24 1 51 51
494 12 1100 742 -6 24 1 55 51
495 12 500 742 6 -24 1 51 55
496 12 742 609 -6 24 1 51 55
497 12 609 742 -6 24 1 55 55
498 12 609 742 -6 24 1 55 51
499 12 1100 742 -6 24 0 55 51
500 12 742 1100 6 -24 1 55 55
501 12 742 903 6 -24 1 51 55
502 12 742 609 6 -24 1 51 51
503 12 742 609 -6 24 0 51 51
504 12 1100 742 -6 24 0 55 55
505 12 500 742 -6 24 1 51 55
506 12 742 903 -6 24 0 55 51
507 12 742 1100 6 -24 1 51 51
508 12 742 903 -6 24 0 51 55
509 12 742 1100 -6 24 1 55 51
510 12 742 1100 -6 24 1 51 55
511 12 609 742 -6 24 0 51 51
512 12 903 742 -6 24 1 55 55
513 12 500 742 6 -24 1 51 51
514 12 609 742 -6 24 0 55 55
515 12 903 742 -6 24 0 55 51
516 12 742 500 6 -24 1 51 55
517 12 742 903 6 -24 1 51 55
518 12 742 609 -6 24 0 51 55
519 12 609 742 6 -24 0 51 55
520 12 1100 742 -6 24 1 51 51
521 12 609 742 -6 24 1 55 51
522 12 742 903 6 -24 1 55 55
523 12 903 742 6 -24 1 55 51
524 12 742 903 6 -24 1 51 51
525 12 500 742 -6 24 1 51 51
526 12 1100 742 -6 24 0 51 55
527 12 742 903 -6 24 0 55 51
528 12 1100 742 -6 24 0 51 51
529 12 500 742 -6 24 0 55 55
530 12 1100 742 -6 24 0 51 51
531 12 609 742 6 -24 1 55 55
532 12 500 742 -6 24 0 55 51
533 12 742 1100 -6 24 0 51 51
534 12 500 742 -6 24 0 51 55
535 12 500 742 -6 24 0 55 51
536 12 609 742 -6 24 1 55 51
537 12 1100 742 -6 24 1 55 55
538 12 500 742 -6 24 0 51 51
539 12 903 742 -6 24 1 51 51
540 12 742 609 6 -24 0 55 51
541 12 1100 742 -6 24 1 51 51
542 12 742 500 -6 24 1 55 55
543 12 903 742 6 -24 1 55 55
544 12 742 500 6 -24 1 51 55
545 12 742 903 -6 24 0 55 55
546 12 742 609 -6 24 0 55 55
547 12 742 500 6 -24 0 55 51
548 12 742 903 6 -24 1 55 55
549 12 742 609 6 -24 0 55 51
550 12 500 742 6 -24 0 55 51
551 12 742 1100 -6 24 1 55 55
552 12 742 1100 6 -24 0 51 51
553 12 500 742 6 -24 0 51 55
554 12 742 1100 -6 24 0 55 55
555 12 742 609 -6 24 1 55 55
556 12 742 609 -6 24 0 55 55
557 12 903 742 6 -24 1 51 55
558 12 500 742 -6 24 0 55 51
559 12 742 500 -6 24 0 55 55
560 12 1100 742 -6 24 0 55 55
561 12 742 609 -6 24 1 55 51
562 12 609 742 6 -24 1 51 55
563 12 1100 742 6 -24 1 55 55
564 12 742 1100 -6 24 1 51 55
565 12 742 500 -6 24 1 55 51
566 12 742 1100 6 -24 1 55 55
567 12 742 500 6 -24 1 55 51
568 12 903 742 -6 24 0 55 55
569 12 609 742 -6 24 0 55 51
570 12 903 742 -6 24 0 55 51
571 12 903 742 -6 24 1 55 51
572 12 742 500 6 -24 1 55 51
573 12 1100 742 -6 24 0 55 51
574 12 609 742 6 -24 1 55 51
575 12 609 742 -6 24 1 55 51
576 12 742 609 -6 24 1 51 55
577 12 742 500 -6 24 1 55 55
578 12 742 1100 -6 24 0 55 51
579 12 500 742 6 -24 1 55 55
580 12 609 742 -6 24 1 55 51
581 12 742 903 6 -24 1 51 51
582 12 609 742 -6 24 1 51 51
583 12 1100 742 -6 24 1 51 51
584 12 609 742 6 -24 1 51 51
585 12 1100 742 6 -24 1 55 51
586 12 742 903 6 -24 1 51 51
587 12 500 742 6 -24 1 55 55
588 12 903 742 -6 24 1 51 55
589 12 742 903 -6 24 0 51 51
590 12 742 609 6 -24 1 51 55
591 12 742 1100 6 -24 0 55 55
592 12 742 500 6 -24 0 51 51
593 12 903 742 -6 24 0 51 51
594 12 742 903 -6 24 1 55 55
595 12 500 742 -6 24 1 55 55
596 12 742 903 -6 24 0 51 51
597 12 742 500 -6 24 1 51 55
598 12 742 500 6 -24 1 55 51
599 12 742 500 6 -24 1 55 55
600 12 609 742 -6 24 1 55 55
601 12 742 609 6 -24 1 51 55
602 12 742 609 -6 24 0 55 51
603 12 742 1100 6 -24 1 51 51
604 12 742 500 -6 24 0 55 55
605 12 609 742 -6 24 1 55 55
606 12 742 903 -6 24 1 51 51
607 12 742 609 6 -24 1 55 55
608 12 742 500 6 -24 1 51 55
609 12 500 742 6 -24 0 51 55
610 12 609 742 -6 24 0 55 51
611 12 742 903 -6 24 1 55 55
612 12 742 903 -6 24 0 55 51
613 12 742 1100 6 -24 0 51 55
614 12 609 742 -6 24 1 55 55
615 12 500 742 6 -24 1 55 55
616 12 1100 742 -6 24 1 51 51
617 12 609 742 6 -24 1 55 55
618 12 742 500 -6 24 0 55 55
619 12 742 903 -6 24 0 51 55
620 12 742 500 6 -24 0 51 55
621 12 742 1100 6 -24 1 51 51
622 12 500 742 -6 24 0 55 51
623 12 742 1100 -6 24 0 55 51
624 12 903 742 -6 24 0 51 55
625 12 742 609 6 -24 1 51 55
626 12 742 609 -6 24 0 51 51
627 12 742 903 -6 24 0 55 55
628 12 500 742 6 -24 1 51 55
629 12 1100 742 6 -24 1 51 55
630 12 742 1100 -6 24 0 55 51
631 12 609 742 6 -24 1 51 51
632 12 500 742 6 -24 1 55 55
633 12 742 903 6 -24 1 55 55
634 12 1100 742 -6 24 0 55 55
635 12 903 742 -6 24 1 55 51
636 12 742 500 -6 24 0 55 51
637 12 500 742 6 -24 1 55 55
638 12 903 742 6 -24 1 55 51
639 12 742 500 -6 24 0 51 55
640 12 742 609 6 -24 0 55 55
641 12 500 742 6 -24 1 55 51
642 12 742 609 -6 24 1 51 55
643 12 609 742 -6 24 0 55 55
644 12 742 903 -6 24 0 51 55
645 12 609 742 6 -24 1 51 55
646 12 903 742 -6 24 0 55 55
647 12 742 500 -6 24 0 51 51
648 12 500 742 6 -24 0 55 55
649 12 742 500 -6 24 0 51 51
650 12 1100 742 -6 24 1 51 51
651 12 742 1100 6 -24 1 55 55
652 12 742 903 -6 24 0 55 55
653 12 903 742 -6 24 0 51 55
654 12 742 609 -6 24 0 51 55
655 12 742 903 -6 24 0 51 51
656 12 742 1100 6 -24 1 51 55
657 12 1100 742 -6 24 1 51 51
658 12 742 1100 6 -24 1 55 55
659 12 903 742 -6 24 0 55 55
660 12 742 609 -6 24 0 51 51
661 12 903 742 -6 24 0 55 55
662 12 500 742 -6 24 1 55 55
663 12 903 742 -6 24 0 55 51
664 12 609 742 -6 24 0 51 51
665 12 742 903 -6 24 1 51 51
666 12 609 742 6 -24 1 51 55
667 12 500 742 -6 24 1 51 51
668 12 903 742 6 -24 1 51 51
669 12 742 1100 6 -24 0 55 55
670 12 742 903 -6 24 0 51 51
671 12 609 742 -6 24 0 55 55
672 12 742 1100 -6 24 0 51 55
673 12 500 742 -6 24 1 51 51
674 12 500 742 6 -24 1 51 51
675 12 1100 742 -6 24 1 51 51
676 12 500 742 -6 24 0 51 51
677 12 742 609 -6 24 1 55 51
678 12 742 609 -6 24 1 55 51
679 12 903 742 -6 24 1 51 51
680 12 742 1100 -6 24 1 55 55
681 12 742 500 -6 24 1 51 55
682 12 500 742 6 -24 1 55 51
683 12 903 742 6 -24 0 51 55
684 8 500 0 -6 -12851 0 55 0
685 8 500 0 -24 -12851 0 55 0
686 8 500 0 -24 -12851 0 55 0
687 8 742 0 6 -12851 0 55 0
688 8 742 0 24 -12851 1 55 0
689 8 500 0 6 -12851 1 55 0
690 8 903 0 24 -12851 1 55 0
691 8 1100 0 24 -12851 1 55 0
692 8 742 0 6 -12851 1 55 0
693 8 609 0 6 -12851 0 55 0
694 8 1100 0 -6 -12851 1 55 0
695 8 1100 0 -6 -12851 1 55 0
696 8 609 0 -24 -12851 0 55 0
697 8 903 0 -6 -12851 0 55 0
698 8 609 0 24 -12851 1 55 0
699 8 903 0 6 -12851 0 55 0
700 8 742 0 6 -12851 1 55 0
701 8 742 0 24 -12851 1 55 0
702 8 609 0 -24 -12851 1 55 0
703 8 500 0 -24 -12851 1 55 0
704 8 1100 0 24 -12851 1 55 0
705 8 903 0 -6 -12851 1 55 0
706 8 742 0 -6 -12851 1 55 0
707 8 500 0 -24 -12851 1 55 0
708 8 500 0 6 -12851 1 55 0
709 8 742 0 -6 -12851 1 55 0
710 8 609 0 -24 -12851 1 55 0
711 8 903 0 -6 -12851 0 55 0
712 8 1100 0 6 -12851 0 55 0
713 8 609 0 -24 -12851 1 55 0
714 8 903 0 24 -12851 0 55 0
715 8 1100 0 6 -12851 1 55 0
716 8 742 0 24 -12851 1 55 0
717 8 742 0 24 -12851 1 55 0
718 8 609 0 -24 -12851 1 55 0
719 8 903 0 -24 -12851 1 55 0
720 8 903 0 -24 -12851 1 55 0
721 8 742 0 -24 -12851 1 55 0
722 8 500 0 24 -12851 1 55 0
723 8 500 0 -6 -12851 1 55 0
724 8 609 0 -6 -12851 0 55 0
725 8 1100 0 -6 -12851 1 55 0
726 8 1100 0 24 -12851 0 55 0
727 8 1100 0 24 -12851 1 55 0
728 8 500 0 6 -12851 1 55 0
729 8 742 0 6 -12851 1 55 0
730 8 903 0 6 -12851 1 55 0
731 8 609 0 -6 -12851 1 55 0
732 8 609 0 -6 -12851 0 55 0
733 8 609 0 6 -12851 0 55 0
734 8 903 0 24 -12851 0 55 0
735 8 1100 0 -6 -12851 0 55 0
736 8 1100 0 24 -12851 1 55 0
737 8 742 0 6 -12851 1 55 0
738 8 500 0 -6 -12851 1 55 0
739 8 742 0 6 -12851 0 55 0
740 8 1100 0 -24 -12851 1 55 0
741 8 903 0 -24 -12851 0 55 0
742 8 500 0 24 -12851 0 55 0
743 8 742 0 -24 -12851 0 55 0
744 8 609 0 6 -12851 1 55 0
745 8 903 0 6 -12851 1 55 0
746 8 609 0 24 -12851 1 55 0
747 8 500 0 6 -12851 1 55 0
748 8 903 0 24 -12851 1 55 0
749 8 903 0 -24 -12851 1 55 0
750 8 742 0 -24 -12851 1 55 0
751 8 903 0 6 -12851 0 55 0
752 8 742 0 -24 -12851 1 55 0
753 8 500 0 -6 -12851 1 55 0
754 8 903 0 -6 -12851 1 55 0
755 8 500 0 -6 -12851 1 55 0
756 8 500 0 24 -12851 1 55 0
757 8 742 0 6 -12851 1 55 0
758 8 1100 0 6 -12851 1 55 0
759 8 1100 0 -24 -12851 1 55 0
760 8 1100 0 24 -12851 1 55 0
761 8 609 0 -6 -12851 1 55 0
762 8 609 0 -6 -12851 1 55 0
763 8 609 0 -6 -12851 1 55 0
764 8 1100 0 6 -12851 1 55 0
765 8 1100 0 6 -12851 1 55 0
766 8 903 0 24 -12851 1 55 0
767 8 609 0 24 -12851 1 55 0
768 8 903 0 -24 -12851 1 55 0
769 8 609 0 -24 -12851 1 55 0
770 8 500 0 -24 -12851 1 55 0
771 8 742 0 -24 -12851 0 55 0
772 8 1100 0 -6 -12851 0 55 0
773 8 742 0 -6 -12851 1 55 0
774 8 500 0 -24 -12851 1 55 0
775 8 609 0 6 -12851 1 55 0
776 8 903 0 6 -12851 1 55 0
777 8 742 0 -6 -12851 1 55 0
778 8 1100 0 -24 -12851 1 55 0
779 8 500 0 24 -12851 1 55 0
780 8 1100 0 6 -12851 1 55 0
781 8 1100 0 24 -12851 0 55 0
782 8 742 0 24 -12851 0 55 0
783 8 742 0 -24 -12851 1 55 0
784 8 1100 0 -24 -12851 0 55 0
785 8 1100 0 -6 -12851 1 55 0
786 8 742 0 -24 -12851 1 55 0
787 8 903 0 6 -12851 1 55 0
788 8 609 0 24 -12851 0 55 0
789 8 609 0 -24 -12851 0 55 0
790 8 500 0 -6 -12851 0 55 0
791 8 500 0 -6 -12851 1 55 0
792 8 903 0 24 -12851 1 55 0
793 8 500 0 6 -12851 1 55 0
794 8 609 0 6 -12851 1 55 0
795 8 903 0 24 -12851 0 55 0
796 8 500 0 6 -12851 1 55 0
797 8 500 0 6 -12851 1 55 0
798 8 903 0 -24 -12851 1 55 0
799 8 500 0 -24 -12851 1 55 0
800 8 903 0 -6 -12851 1 55 0
801 8 1100 0 24 -12851 0 55 0
802 8 903 0 -6 -12851 1 55 0
803 8 742 0 -24 -12851 1 55 0
804 8 609 0 -6 -12851 1 55 0
805 8 742 0 6 -12851 0 55 0
806 8 609 0 6 -12851 1 55 0
807 8 1100 0 24 -12851 1 55 0
808 8 742 0 24 -12851 1 55 0
809 8 1100 0 -6 -12851 0 55 0
810 8 500 0 -6 -12851 0 55 0
811 8 609 0 -24 -12851 0 55 0
812 8 742 0 6 -12851 1 55 0
813 8 742 0 -6 -12851 1 55 0
814 8 500 0 -24 -12851 0 55 0
815 8 903 0 -6 -12851 1 55 0
816 8 742 0 6 -12851 1 55 0
817 8 500 0 -24 -12851 1 55 0
818 8 903 0 24 -12851 1 55 0
819 8 742 0 6 -12851 1 55 0
820 8 903 0 24 -12851 1 55 0
821 8 609 0 24 -12851 0 55 0
822 8 609 0 24 -12851 0 55 0
823 8 609 0 24 -12851 1 55 0
824 8 1100 0 -6 -12851 1 55 0
825 8 1100 0 6 -12851 1 55 0
826 8 1100 0 24 -12851 1 55 0
827 8 500 0 -24 -12851 1 55 0
828 8 609 0 6 -12851 1 55 0
829 8 609 0 6 -12851 1 55 0
830 8 903 0 24 -12851 1 55 0
831 8 742 0 -6 -12851 1 55 0
832 8 609 0 -24 -12851 0 55 0
833 8 1100 0 -24 -12851 1 55 0
834 8 742 0 -6 -12851 0 55 0
835 8 742 0 -6 -12851 1 55 0
836 8 609 0 -6 -12851 1 55 0
837 8 1100 0 -24 -12851 0 55 0
838 8 903 0 6 -12851 1 55 0
839 8 1100 0 -6 -12851 1 55 0
840 8 903 0 -24 -12851 0 55 0
841 8 500 0 -6 -12851 0 55 0
842 8 500 0 6 -12851 0 55 0
843 8 500 0 -24 -12851 0 55 0
844 8 903 0 24 -12851 0 55 0
845 8 903 0 6 -12851 1 55 0
846 8 500 0 24 -12851 1 55 0
847 8 609 0 24 -12851 0 55 0
848 8 500 0 -6 -12851 1 55 0
849 8 1100 0 -6 -12851 1 55 0
850 8 1100 0 6 -12851 1 55 0
851 8 500 0 24 -12851 1 55 0
852 8 742 0 -24 -12851 1 55 0
853 8 609 0 6 -12851 1 55 0
854 8 903 0 -6 -12851 1 55 0
855 8 609 0 6 -12851 1 55 0
856 8 1100 0 24 -12851 0 55 0
857 8 903 0 24 -12851 0 55 0
858 8 742 0 -24 -12851 0 55 0
859 8 742 0 -6 -12851 1 55 0
860 8 1100 0 -24 -12851 1 55 0
861 8 1100 0 6 -12851 1 55 0
862 8 1100 0 6 -12851 1 55 0
863 8 500 0 6 -12851 1 55 0
864 8 1100 0 -6 -12851 1 55 0
865 8 500 0 -6 -12851 1 55 0
866 8 500 0 24 -12851 1 55 0
867 8 609 0 -24 -12851 1 55 0
868 8 609 0 -6 -12851 1 55 0
869 8 609 0 -24 -12851 1 55 0
870 8 742 0 24 -12851 1 55 0
871 8 742 0 -24 -12851 1 55 0
872 8 903 0 24 -12851 0 55 0
873 8 742 0 6 -12851 1 55 0
874 8 903 0 24 -12851 1 55 0
875 8 903 0 24 -12851 1 55 0
876 8 903 0 -6 -12851 1 55 0
877 8 903 0 6 -12851 1 55 0
878 8 742 0 24 -12851 1 55 0
879 8 903 0 24 -12851 1 55 0
880 8 742 0 6 -12851 1 55 0
881 8 500 0 6 -12851 1 55 0
882 8 903 0 -24 -12851 0 55 0
883 8 500 0 -24 -12851 0 55 0
884 8 500 0 -24 -12851 1 55 0
885 8 742 0 -6 -12851 1 55 0
886 8 1100 0 -6 -12851 1 55 0
887 8 1100 0 -24 -12851 1 55 0
888 8 1100 0 -24 -12851 1 55 0
889 8 609 0 24 -12851 1 55 0
890 8 609 0 6 -12851 1 55 0
891 8 609 0 6 -12851 1 55 0
892 8 1100 0 6 -12851 1 55 0
893 8 1100 0 -24 -12851 1 55 0
894 8 1100 0 -6 -12851 1 55 0
895 8 1100 0 -6 -12851 1 55 0
896 8 609 0 -24 -12851 1 55 0
897 8 742 0 24 -12851 1 55 0
898 8 500 0 -6 -12851 0 55 0
899 8 742 0 24 -12851 1 55 0
900 8 742 0 24 -12851 1 55 0
901 8 609 0 24 -12851 0 55 0
902 8 609 0 6 -12851 1 55 0
903 8 903 0 24 -12851 1 55 0
904 8 500 0 -24 -12851 1 55 0
905 8 903 0 -24 -12851 0 55 0
906 8 903 0 -6 -12851 0 55 0
907 8 500 0 6 -12851 1 55 0
908 8 1100 0 6 -12851 1 55 0
909 8 1100 0 24 -12851 1 55 0
910 8 742 0 -6 -12851 0 55 0
911 8 1100 0 -24 -12851 1 55 0
912 8 609 0 -6 -12851 1 55 0
913 8 742 0 6 -12851 1 55 0
914 8 609 0 6 -12851 1 55 0
915 8 609 0 6 -12851 1 55 0
916 8 742 0 6 -12851 1 55 0
917 8 903 0 24 -12851 0 55 0
918 8 500 0 -24 -12851 1 55 0
919 8 1100 0 -24 -12851 1 55 0
920 8 500 0 -6 -12851 0 55 0
921 8 903 0 -6 -12851 1 55 0
922 8 500 0 -6 -12851 0 55 0
923 8 903 0 24 -12851 1 55 0
924 8 609 0 -24 -12851 1 55 0
925 8 609 0 24 -12851 1 55 0
926 8 742 0 6 -12851 1 55 0
927 8 500 0 6 -12851 1 55 0
928 8 500 0 24 -12851 1 55 0
929 8 609 0 6 -12851 1 55 0
930 8 609 0 24 -12851 0 55 0
931 8 500 0 -24 -12851 1 55 0
932 8 903 0 -24 -12851 1 55 0
933 8 903 0 6 -12851 1 55 0
934 8 903 0 -24 -12851 1 55 0
935 8 742 0 -6 -12851 1 55 0
936 8 1100 0 -6 -12851 1 55 0
937 8 1100 0 -6 -12851 1 55 0
938 8 742 0 24 -12851 1 55 0
939 8 1100 0 -6 -12851 1 55 0
940 8 500 0 -6 -12851 0 55 0
941 8 500 0 6 -12851 0 55 0
942 8 500 0 -6 -12851 0 55 0
943 8 1100 0 -24 -12851 1 55 0
944 8 500 0 24 -12851 1 55 0
945 8 742 0 -6 -12851 0 55 0
946 8 903 0 -24 -12851 0 55 0
947 8 1100 0 6 -12851 0 55 0
948 8 742 0 6 -12851 0 55 0
949 8 1100 0 24 -12851 0 55 0
950 8 609 0 24 -12851 1 55 0
951 8 609 0 -24 -12851 0 55 0
952 8 903 0 -24 -12851 1 55 0
953 8 742 0 -24 -12851 0 55 0
954 8 609 0 -24 -12851 0 55 0
955 8 903 0 24 -12851 0 55 0
956 8 500 0 24 -12851 0 55 0
957 8 500 0 -6 -12851 0 55 0
958 8 609 0 -6 -12851 0 55 0
959 8 1100 0 -24 -12851 1 55 0
960 8 742 0 24 -12851 0 55 0
961 8 903 0 6 -12851 0 55 0
962 8 500 0 -6 -12851 1 55 0
963 8 742 0 6 -12851 1 55 0
964 8 609 0 6 -12851 1 55 0
965 8 903 0 24 -12851 1 55 0
966 8 1100 0 24 -12851 0 55 0
967 8 903 0 -24 -12851 0 55 0
968 8 500 0 -24 -12851 1 55 0
969 8 742 0 -6 -12851 0 55 0
970 8 1100 0 -24 -12851 0 55 0
971 8 609 0 6 -12851 0 55 0
972 8 1100 0 -6 -12851 0 55 0
973 8 1100 0 6 -12851 0 55 0
974 8 742 0 24 -12851 1 55 0
975 8 742 0 6 -12851 1 55 0
976 8 1100 0 -6 -12851 1 55 0
977 8 1100 0 24 -12851 1 55 0
978 8 742 0 6 -12851 1 55 0
979 8 903 0 6 -12851 0 55 0
980 8 609 0 6 -12851 0 55 0
981 8 609 0 -6 -12851 1 55 0
982 8 500 0 24 -12851 1 55 0
983 8 500 0 6 -12851 1 55 0
984 8 903 0 24 -12851 0 55 0
985 8 500 0 -24 -12851 0 55 0
986 8 609 0 -6 -12851 1 55 0
987 8 903 0 -24 -12851 1 55 0
988 8 1100 0 -6 -12851 1 55 0
989 8 1100 0 24 -12851 1 55 0
990 8 1100 0 -24 -12851 1 55 0
991 8 1100 0 6 -12851 0 55 0
992 8 609 0 6 -12851 1 55 0
993 8 742 0 24 -12851 1 55 0
994 8 500 0 6 -12851 1 55 0
995 8 742 0 6 -12851 1 55 0
996 8 742 0 -6 -12851 0 55 0
997 8 609 0 -24 -12851 0 55 0
998 8 609 0 24 -12851 1 55 0
999 8 903 0 -24 -12851 0 55 0
1000 8 500 0 24 -12851 1 55 0
1001 8 903 0 -6 -12851 0 55 0
1002 8 903 0 -24 -12851 0 55 0
1003 8 500 0 -6 -12851 0 55 0
1004 8 1100 0 -6 -12851 0 55 0
1005 8 1100 0 -6 -12851 1 55 0
1006 8 609 0 6 -12851 1 55 0
1007 8 1100 0 24 -12851 0 55 0
1008 8 742 0 6 -12851 1 55 0
1009 8 500 0 6 -12851 1 55 0
1010 8 903 0 -6 -12851 1 55 0
1011 8 742 0 -24 -12851 1 55 0
1012 8 742 0 24 -12851 1 55 0
1013 8 1100 0 -24 -12851 1 55 0
1014 8 903 0 24 -12851 1 55 0
1015 8 500 0 -24 -12851 1 55 0
1016 8 903 0 -6 -12851 0 55 0
1017 8 500 0 24 -12851 0 55 0
1018 8 609 0 24 -12851 0 55 0
1019 8 609 0 -24 -12851 0 55 0
1020 8 609 0 24 -12851 1 55 0
1021 8 609 0 24 -12851 1 55 0
1022 8 742 0 -6 -12851 0 55 0
1023 8 500 0 6 -12851 0 55 0
1024 8 500 0 -24 -12851 0 55 0
1025 8 609 0 6 -12851 0 55 0
1026 8 609 0 -6 -12851 0 55 0
1027 8 500 0 -6 -12851 0 55 0
1028 8 903 0 6 -12851 0 55 0
1029 8 903 0 -24 -12851 1 55 0
1030 8 903 0 6 -12851 0 55 0
1031 8 742 0 6 -12851 1 55 0
1032 8 1100 0 -6 -12851 1 55 0
1033 8 1100 0 -6 -12851 0 55 0
1034 8 742 0 -24 -12851 1 55 0
1035 8 1100 0 6 -12851 1 55 0
1036 8 1100 0 -6 -12851 1 55 0
1037 8 1100 0 24 -12851 1 55 0
1038 8 609 0 -24 -12851 1 55 0
1039 8 1100 0 -24 -12851 0 55 0
1040 8 742 0 6 -12851 0 55 0
1041 8 500 0 24 -12851 0 55 0
1042 8 903 0 24 -12851 1 55 0
1043 8 742 0 6 -12851 0 55 0
1044 8 742 0 6 -12851 1 55 0
1045 8 1100 0 6 -12851 1 55 0
1046 8 903 0 -24 -12851 1 55 0
1047 8 500 0 6 -12851 1 55 0
1048 8 903 0 24 -12851 0 55 0
1049 8 500 0 -6 -12851 0 55 0
1050 8 609 0 -6 -12851 0 55 0
1051 8 609 0 -24 -12851 0 55 0
1052 8 1100 0 24 -12851 1 55 0
1053 8 1100 0 24 -12851 1 55 0
1054 8 903 0 -24 -12851 1 55 0
1055 8 609 0 -6 -12851 1 55 0
1056 8 609 0 24 -12851 1 55 0
1057 8 903 0 24 -12851 1 55 0
1058 8 1100 0 24 -12851 1 55 0
1059 8 609 0 6 -12851 1 55 0
1060 8 500 0 6 -12851 1 55 0
1061 8 1100 0 -24 -12851 1 55 0
1062 8 500 0 -24 -12851 0 55 0
1063 8 903 0 24 -12851 1 55 0
1064 8 742 0 6 -12851 1 55 0
1065 8 742 0 -6 -12851 1 55 0
1066 8 742 0 -6 -12851 1 55 0
1067 8 500 0 -6 -12851 1 55 0
1068 8 500 0 -24 -12851 0 55 0
1069 8 500 0 6 -12851 1 55 0
1070 8 609 0 6 -12851 1 55 0
1071 8 903 0 -6 -12851 1 55 0
1072 8 903 0 -6 -12851 1 55 0
1073 8 609 0 -24 -12851 1 55 0
1074 8 903 0 6 -12851 1 55 0
1075 8 500 0 -6 -12851 1 55 0
1076 8 609 0 24 -12851 1 55 0
1077 8 1100 0 -24 -12851 0 55 0
1078 8 742 0 -24 -12851 1 55 0
1079 8 1100 0 6 -12851 1 55 0
1080 8 742 0 24 -12851 0 55 0
1081 8 500 0 24 -12851 1 55 0
1082 8 1100 0 6 -12851 1 55 0
1083 8 742 0 6 -12851 1 55 0
1084 8 500 0 6 -12851 1 55 0
1085 8 500 0 6 -12851 1 55 0
1086 8 500 0 -6 -12851 0 55 0
1087 8 742 0 -24 -12851 0 55 0
1088 8 742 0 24 -12851 0 55 0
1089 8 500 0 24 -12851 1 55 0
1090 8 903 0 -24 -12851 0 55 0
1091 8 1100 0 -24 -12851 1 55 0
1092 8 742 0 24 -12851 1 55 0
1093 8 609 0 -6 -12851 1 55 0
1094 8 1100 0 -6 -12851 1 55 0
1095 8 1100 0 -6 -12851 0 55 0
1096 8 609 0 -6 -12851 1 55 0
1097 8 903 0 -24 -12851 1 55 0
1098 8 609 0 24 -12851 1 55 0
1099 8 903 0 6 -12851 1 55 0
1100 8 500 0 24 -12851 0 55 0
1101 8 500 0 -24 -12851 1 55 0
1102 8 742 0 6 -12851 1 55 0
1103 8 742 0 -24 -12851 0 55 0
1104 8 609 0 24 -12851 0 55 0
1105 8 903 0 -6 -12851 1 55 0
1106 8 1100 0 6 -12851 1 55 0
1107 8 742 0 -6 -12851 1 55 0
1108 8 1100 0 6 -12851 0 55 0
1109 8 903 0 6 -12851 1 55 0
1110 8 1100 0 6 -12851 1 55 0
1111 8 903 0 6 -12851 1 55 0
1112 8 609 0 24 -12851 1 55 0
1113 8 609 0 -6 -12851 0 55 0
1114 8 500 0 -6 -12851 1 55 0
1115 8 500 0 24 -12851 1 55 0
1116 8 903 0 -24 -12851 0 55 0
1117 8 903 0 -24 -12851 1 55 0
1118 8 609 0 24 -12851 1 55 0
1119 8 1100 0 -24 -12851 1 55 0
1120 8 742 0 -6 -12851 0 55 0
1121 8 609 0 -24 -12851 0 55 0
1122 8 903 0 -24 -12851 0 55 0
1123 8 903 0 -24 -12851 0 55 0
1124 8 1100 0 -6 -12851 1 55 0
1125 8 742 0 6 -12851 1 55 0
1126 8 609 0 24 -12851 1 55 0
1127 8 742 0 -24 -12851 1 55 0
1128 8 500 0 6 -12851 1 55 0
1129 8 500 0 24 -12851 1 55 0
1130 8 1100 0 -6 -12851 1 55 0
1131 8 500 0 6 -12851 1 55 0
1132 8 609 0 -6 -12851 1 55 0
1133 8 609 0 24 -12851 1 55 0
1134 8 500 0 -24 -12851 1 55 0
1135 8 609 0 -24 -12851 1 55 0
1136 8 609 0 -24 -12851 1 55 0
1137 8 1100 0 -6 -12851 1 55 0
1138 8 742 0 6 -12851 1 55 0
1139 8 903 0 6 -12851 1 55 0
1140 8 742 0 -6 -12851 1 55 0
1141 8 1100 0 -24 -12851 1 55 0
1142 8 1100 0 -6 -12851 0 55 0
1143 8 742 0 24 -12851 0 55 0
1144 8 500 0 6 -12851 0 55 0
1145 8 903 0 24 -12851 0 55 0
1146 8 903 0 24 -12851 0 55 0
1147 8 500 0 -6 -12851 0 55 0
1148 8 1100 0 -6 -12851 0 55 0
1149 8 1100 0 6 -12851 0 55 0
1150 8 1100 0 24 -12851 0 55 0
1151 8 903 0 -6 -12851 0 55 0
1152 8 903 0 24 -12851 1 55 0
1153 8 742 0 6 -12851 1 55 0
1154 8 500 0 -6 -12851 1 55 0
1155 8 609 0 6 -12851 1 55 0
1156 8 500 0 -24 -12851 0 55 0
1157 8 609 0 -24 -12851 0 55 0
1158 8 903 0 24 -12851 1 55 0
1159 8 500 0 -24 -12851 0 55 0
1160 8 742 0 -24 -12851 0 55 0
1161 8 742 0 -24 -12851 0 55 0
1162 8 609 0 -6 -12851 0 55 0
1163 8 1100 0 -6 -12851 0 55 0
1164 8 500 0 24 -12851 0 55 0
1165 8 500 0 -24 -12851 0 55 0
1166 8 500 0 24 -12851 1 55 0
1167 8 742 0 24 -12851 1 55 0
1168 8 742 0 -6 -12851 1 55 0
1169 8 500 0 6 -12851 1 55 0
1170 8 903 0 6 -12851 1 55 0
1171 8 1100 0 6 -12851 1 55 0
1172 8 742 0 -24 -12851 1 55 0
1173 8 609 0 6 -12851 1 55 0
1174 8 1100 0 6 -12851 1 55 0
1175 8 1100 0 6 -12851 1 55 0
1176 8 609 0 6 -12851 1 55 0
1177 8 903 0 -6 -12851 1 55 0
1178 8 609 0 -24 -12851 0 55 0
1179 8 903 0 24 -12851 0 55 0
1180 8 742 0 24 -12851 1 55 0
1181 8 742 0 -24 -12851 0 55 0
1182 8 609 0 -24 -12851 0 55 0
1183 8 1100 0 24 -12851 0 55 0
1184 8 609 0 -6 -12851 0 55 0
1185 8 1100 0 -6 -12851 1 55 0
1186 8 609 0 6 -12851 0 55 0
1187 8 500 0 6 -12851 1 55 0
1188 8 500 0 -24 -12851 1 55 0
1189 8 742 0 24 -12851 1 55 0
1190 8 500 0 -24 -12851 1 55 0
1191 8 903 0 -24 -12851 1 55 0
1192 8 903 0 -6 -12851 0 55 0
1193 8 903 0 -6 -12851 1 55 0
1194 8 742 0 -6 -12851 1 55 0
1195 8 1100 0 6 -12851 1 55 0
1196 8 903 0 24 -12851 0 55 0
1197 8 903 0 6 -12851 1 55 0
1198 8 1100 0 24 -12851 0 55 0
1199 8 500 0 -6 -12851 0 55 0
1200 8 742 0 -6 -12851 0 55 0
1201 8 609 0 6 -12851 0 55 0
1202 8 500 0 -24 -12851 0 55 0
1203 8 609 0 -24 -12851 0 55 0
1204 8 742 0 6 -12851 1 55 0
1205 8 500 0 24 -12851 0 55 0
1206 8 609 0 -24 -12851 1 55 0
1207 8 1100 0 6 -12851 0 55 0
1208 8 742 0 -6 -12851 1 55 0
1209 8 903 0 24 -12851 0 55 0
1210 8 903 0 24 -12851 1 55 0
1211 8 1100 0 -6 -12851 1 55 0
1212 8 1100 0 6 -12851 1 55 0
1213 8 1100 0 6 -12851 0 55 0
1214 8 742 0 6 -12851 1 55 0
1215 8 742 0 24 -12851 1 55 0
1216 8 1100 0 24 -12851 1 55 0
1217 8 1100 0 6 -12851 0 55 0
1218 8 742 0 -24 -12851 0 55 0
1219 8 903 0 -6 -12851 1 55 0
1220 8 609 0 -24 -12851 1 55 0
1221 8 609 0 24 -12851 0 55 0
1222 8 500 0 -24 -12851 1 55 0
1223 8 500 0 -6 -12851 0 55 0
1224 8 903 0 -6 -12851 1 55 0
1225 8 500 0 24 -12851 0 55 0
1226 8 609 0 24 -12851 1 55 0
1227 8 903 0 -6 -12851 1 55 0
1228 8 742 0 6 -12851 1 55 0
1229 8 742 0 24 -12851 1 55 0
1230 8 609 0 -24 -12851 1 55 0
1231 8 500 0 6 -12851 1 55 0
1232 8 742 0 6 -12851 1 55 0
1233 8 500 0 24 -12851 0 55 0
1234 8 500 0 -6 -12851 0 55 0
1235 8 903 0 -24 -12851 1 55 0
1236 8 1100 0 -24 -12851 0 55 0
1237 8 742 0 -6 -12851 1 55 0
1238 8 903 0 -6 -12851 0 55 0
1239 8 903 0 -6 -12851 1 55 0
1240 8 1100 0 -6 -12851 1 55 0
1241 8 609 0 -6 -12851 1 55 0
1242 8 609 0 -24 -12851 1 55 0
1243 8 1100 0 6 -12851 1 55 0
1244 8 742 0 -24 -12851 1 55 0
1245 8 742 0 6 -12851 1 55 0
1246 8 500 0 -24 -12851 1 55 0
1247 8 903 0 24 -12851 1 55 0
1248 8 903 0 6 -12851 1 55 0
1249 8 1100 0 24 -12851 1 55 0
1250 8 1100 0 24 -12851 1 55 0
1251 8 609 0 6 -12851 1 55 0
1252 8 1100 0 6 -12851 1 55 0
1253 8 500 0 6 -12851 1 55 0
1254 8 500 0 -6 -12851 1 55 0
1255 8 903 0 24 -12851 0 55 0
1256 8 609 0 6 -12851 1 55 0
1257 8 742 0 24 -12851 1 55 0
1258 8 742 0 -24 -12851 1 55 0
1259 8 609 0 -6 -12851 1 55 0
1260 8 1100 0 -24 -12851 0 55 0
1261 8 1100 0 -6 -12851 1 55 0
1262 8 903 0 24 -12851 1 55 0
1263 8 1100 0 -24 -12851 1 55 0
1264 8 742 0 24 -12851 0 55 0
1265 8 609 0 24 -12851 1 55 0
1266 8 1100 0 -24 -12851 1 55 0
1267 8 609 0 -24 -12851 0 55 0
1268 8 903 0 -6 -12851 1 55 0
1269 8 609 0 -24 -12851 0 55 0
1270 8 903 0 6 -12851 1 55 0
1271 8 742 0 -6 -12851 1 55 0
1272 8 500 0 6 -12851 1 55 0
1273 8 500 0 24 -12851 0 55 0
1274 8 500 0 6 -12851 1 55 0
1275 8 742 0 -6 -12851 1 55 0
1276 8 609 0 24 -12851 1 55 0
1277 8 609 0 6 -12851 1 55 0
1278 8 500 0 6 -12851 1 55 0
1279 8 609 0 6 -12851 0 55 0
1280 8 609 0 6 -12851 1 55 0
1281 8 1100 0 -6 -12851 0 55 0
1282 8 742 0 -24 -12851 0 55 0
1283 8 903 0 24 -12851 0 55 0
1284 8 742 0 24 -12851 0 55 0
1285 8 1100 0 -24 -12851 0 55 0
1286 8 1100 0 -24 -12851 1 55 0
1287 8 742 0 24 -12851 0 55 0
1288 8 500 0 -6 -12851 0 55 0
1289 8 903 0 -6 -12851 0 55 0
1290 8 903 0 24 -12851 0 55 0
1291 8 500 0 24 -12851 0 55 0
1292 8 1100 0 24 -12851 0 55 0
1293 8 1100 0 -6 -12851 0 55 0
1294 8 609 0 -6 -12851 0 55 0
1295 8 1100 0 24 -12851 0 55 0
