422 8 903 0 24 -12851 0 55 0
423 8 500 0 24 -12851 0 55 0
424 12 609 742 6 -24 0 51 51
425 8 500 0 -6 -12851 0 55 0
426 8 1100 0 -24 -12851 0 55 0
427 8 1100 0 -6 -12851 0 55 0
428 12 903 742 -6 24 0 55 55
429 12 742 500 -6 24 0 55 51
430 8 609 0 -6 -12851 0 60 0
431 8 609 0 6 -12851 0 55 0
432 8 500 0 6 -12851 1 60 0
433 12 903 742 6 -24 0 55 55
434 8 500 0 -6 -12851 0 55 0
435 8 903 0 -6 -12851 1 55 0
436 8 609 0 24 -12851 1 60 0
437 8 1100 0 6 -12851 1 55 0
438 8 742 0 24 -12851 0 60 0
439 8 500 0 -6 -12851 1 55 0
440 8 742 0 24 -12851 0 55 0
441 12 609 742 -6 24 0 51 55
442 8 903 0 6 -12851 1 60 0
443 8 742 0 -24 -12851 0 55 0
444 8 500 0 -6 -12851 0 60 0
445 8 903 0 -24 -12851 1 55 0
446 12 903 742 -6 24 1 51 55
447 8 1100 0 24 -12851 1 55 0
448 8 609 0 24 -12851 1 60 0
449 8 609 0 -24 -12851 1 55 0
450 12 609 742 -6 24 0 55 51
451 12 742 609 -6 24 1 51 55
452 12 903 742 -6 24 1 55 51
453 12 1100 742 -6 24 1 55 51
454 8 1100 0 6 -12851 1 60 0
455 12 742 609 6 -24 1 51 51
456 8 742 0 -24 -12851 1 55 0
457 8 742 0 6 -12851 1 60 0
458 8 742 0 6 -12851 0 55 0
459 8 742 0 -6 -12851 0 55 0
460 8 903 0 6 -12851 1 60 0
461 8 1100 0 -24 -12851 1 55 0
462 8 500 0 -6 -12851 1 55 0
463 8 903 0 -6 -12851 0 60 0
464 12 742 1100 -6 24 0 51 55
465 12 1100 742 -6 24 0 55 55
466 12 742 609 6 -24 1 55 55
467 8 903 0 -24 -12851 1 55 0
468 8 609 0 -6 -12851 1 55 0
469 8 1100 0 6 -12851 0 60 0
470 8 609 0 24 -12851 1 60 0
471 8 500 0 -6 -12851 1 55 0
472 8 609 0 6 -12851 0 60 0
473 8 1100 0 24 -12851 0 55 0
474 8 500 0 -6 -12851 1 55 0
475 12 742 609 6 -24 1 51 55
476 8 742 0 24 -12851 1 60 0
477 8 742 0 -24 -12851 1 60 0
478 12 742 609 6 -24 0 51 51
479 8 903 0 6 -12851 1 55 0
480 12 742 609 6 -24 1 51 55
481 12 742 903 -6 24 0 51 51
482 8 1100 0 -6 -12851 1 55 0
483 12 609 742 -6 24 1 55 55
484 8 742 0 24 -12851 0 55 0
485 8 1100 0 24 -12851 1 55 0
486 12 903 742 6 -24 0 55 51
487 12 609 742 6 -24 1 55 55
488 12 742 1100 -6 24 1 55 51
489 12 742 609 -6 24 0 55 51
490 8 742 0 -24 -12851 1 60 0
491 8 1100 0 -24 -12851 1 60 0
492 12 500 742 6 -24 1 51 51
493 8 609 0 24 -12851 0 55 0
494 8 609 0 24 -12851 1 55 0
495 8 609 0 -6 -12851 0 60 0
496 12 742 609 6 -24 1 55 51
497 12 742 1100 -6 24 1 51 55
498 8 500 0 -24 -12851 1 55 0
499 8 903 0 6 -12851 1 55 0
500 8 500 0 24 -12851 0 55 0
501 8 500 0 -6 -12851 0 55 0
502 12 500 742 6 -24 0 55 55
503 12 742 903 6 -24 0 51 51
504 12 500 742 -6 24 0 51 51
505 12 742 500 -6 24 0 55 55
506 8 903 0 -24 -12851 0 55 0
507 12 742 609 -6 24 1 51 55
508 12 742 609 6 -24 0 55 55
509 12 742 903 -6 24 0 51 55
510 8 1100 0 -24 -12851 0 55 0
511 8 1100 0 24 -12851 0 60 0
512 12 500 742 6 -24 0 55 51
513 8 1100 0 6 -12851 1 60 0
514 8 500 0 6 -12851 1 60 0
515 8 1100 0 24 -12851 1 55 0
516 8 500 0 24 -12851 1 60 0
517 8 903 0 -24 -12851 1 55 0
518 12 742 903 -6 24 1 55 55
519 8 609 0 6 -12851 1 55 0
520 12 500 742 6 -24 0 55 55
521 12 742 903 6 -24 1 55 55
522 8 609 0 -24 -12851 1 55 0
523 8 742 0 -6 -12851 0 55 0
524 8 903 0 6 -12851 1 60 0
525 8 609 0 6 -12851 0 60 0
526 8 500 0 -24 -12851 0 55 0
527 12 1100 742 6 -24 1 51 51
528 8 742 0 -24 -12851 1 55 0
529 8 742 0 24 -12851 1 60 0
530 8 903 0 -6 -12851 1 60 0
531 12 903 742 6 -24 1 51 51
532 8 742 0 -24 -12851 1 60 0
533 12 742 609 -6 24 1 55 51
534 8 742 0 6 -12851 1 60 0
535 8 742 0 6 -12851 1 55 0
536 8 742 0 6 -12851 1 55 0
537 8 903 0 6 -12851 1 55 0
538 8 1100 0 -24 -12851 1 55 0
539 8 500 0 -6 -12851 1 55 0
540 8 903 0 -24 -12851 0 55 0
541 8 903 0 6 -12851 1 55 0
542 8 609 0 24 -12851 1 60 0
543 8 1100 0 -24 -12851 1 55 0
544 8 609 0 24 -12851 1 60 0
545 12 609 742 6 -24 0 55 55
546 12 903 742 -6 24 1 55 55
547 12 903 742 -6 24 0 51 51
548 12 742 903 6 -24 1 51 55
549 12 500 742 -6 24 0 55 55
550 8 500 0 6 -12851 1 55 0
551 8 609 0 24 -12851 1 55 0
552 8 1100 0 -24 -12851 0 55 0
553 8 500 0 6 -12851 1 60 0
554 8 500 0 24 -12851 1 55 0
555 12 609 742 6 -24 1 51 55
556 8 500 0 24 -12851 1 55 0
557 8 609 0 -24 -12851 1 60 0
558 8 903 0 -24 -12851 0 55 0
559 12 609 742 6 -24 0 55 51
560 8 742 0 24 -12851 1 60 0
561 8 1100 0 -24 -12851 0 55 0
562 8 500 0 24 -12851 0 60 0
563 12 609 742 -6 24 0 51 51
564 8 903 0 -24 -12851 0 55 0
565 8 742 0 6 -12851 0 55 0
566 8 500 0 24 -12851 1 60 0
567 8 609 0 -6 -12851 1 55 0
568 12 742 1100 -6 24 1 55 55
569 8 1100 0 6 -12851 1 55 0
570 8 903 0 24 -12851 1 55 0
571 12 742 500 -6 24 1 55 51
572 8 609 0 -24 -12851 1 55 0
573 12 1100 742 -6 24 1 51 55
574 12 609 742 -6 24 0 51 55
575 12 742 1100 -6 24 0 55 51
576 12 500 742 -6 24 0 55 51
577 12 742 609 6 -24 0 51 51
578 8 1100 0 6 -12851 1 60 0
579 8 742 0 -6 -12851 1 60 0
580 12 742 903 6 -24 1 51 51
581 8 500 0 -24 -12851 1 60 0
582 8 500 0 -24 -12851 1 60 0
583 8 609 0 -6 -12851 0 60 0
584 8 903 0 24 -12851 1 60 0
585 12 1100 742 -6 24 0 55 55
586 12 500 742 6 -24 1 55 55
587 12 609 742 6 -24 0 51 51
588 12 742 500 6 -24 0 51 51
589 12 609 742 6 -24 1 51 55
590 12 609 742 -6 24 1 55 55
591 8 742 0 -24 -12851 1 55 0
592 12 742 609 6 -24 0 51 55
593 8 1100 0 -6 -12851 1 55 0
594 8 500 0 24 -12851 0 60 0
595 8 903 0 -24 -12851 1 60 0
596 8 742 0 24 -12851 1 60 0
597 8 500 0 6 -12851 1 60 0
598 12 500 742 -6 24 0 55 51
599 8 609 0 -24 -12851 1 55 0
600 12 742 500 -6 24 0 51 55
601 8 1100 0 6 -12851 1 60 0
602 8 903 0 24 -12851 1 55 0
603 8 609 0 -6 -12851 0 55 0
604 12 903 742 6 -24 0 51 51
605 12 742 500 6 -24 0 51 51
606 12 742 1100 6 -24 0 55 55
607 12 742 500 -6 24 1 51 55
608 8 1100 0 6 -12851 1 60 0
609 8 742 0 -6 -12851 0 55 0
610 8 500 0 6 -12851 1 60 0
611 8 500 0 6 -12851 1 55 0
612 8 742 0 -24 -12851 1 60 0
613 8 500 0 -6 -12851 1 60 0
614 8 609 0 24 -12851 0 60 0
615 8 1100 0 6 -12851 1 55 0
616 8 742 0 6 -12851 1 55 0
617 8 903 0 6 -12851 1 60 0
618 12 742 500 -6 24 0 51 55
619 8 742 0 6 -12851 1 60 0
620 8 1100 0 24 -12851 1 60 0
621 8 1100 0 6 -12851 0 55 0
622 8 903 0 24 -12851 1 55 0
623 12 742 1100 -6 24 0 55 51
624 8 903 0 6 -12851 1 60 0
625 12 742 609 -6 24 0 51 51
626 8 500 0 24 -12851 1 60 0
627 12 742 500 -6 24 0 51 51
628 8 609 0 6 -12851 1 55 0
629 12 742 903 -6 24 0 51 55
630 8 609 0 -24 -12851 1 55 0
631 12 742 609 -6 24 0 51 51
632 8 609 0 6 -12851 0 55 0
633 8 609 0 -6 -12851 0 55 0
634 8 500 0 24 -12851 1 55 0
635 8 742 0 -24 -12851 1 60 0
636 12 742 903 -6 24 0 55 51
637 8 903 0 6 -12851 1 55 0
638 8 609 0 -24 -12851 1 55 0
639 12 742 1100 6 -24 0 55 51
640 8 1100 0 6 -12851 1 60 0
641 12 500 742 -6 24 1 55 51
642 8 500 0 24 -12851 1 60 0
643 12 1100 742 6 -24 0 55 55
644 8 903 0 -6 -12851 0 55 0
645 8 500 0 -6 -12851 1 55 0
646 12 903 742 -6 24 0 51 51
647 12 742 903 -6 24 1 55 51
648 8 609 0 24 -12851 1 55 0
649 8 903 0 -24 -12851 1 55 0
650 12 903 742 6 -24 0 51 55
651 8 1100 0 6 -12851 1 60 0
652 12 742 609 -6 24 1 55 55
653 12 742 903 6 -24 1 55 55
654 12 903 742 -6 24 1 51 51
655 8 742 0 24 -12851 1 55 0
656 8 742 0 6 -12851 1 55 0
657 8 1100 0 -24 -12851 1 55 0
658 12 500 742 -6 24 1 51 51
659 8 609 0 6 -12851 1 60 0
660 8 609 0 -6 -12851 0 60 0
661 8 742 0 -6 -12851 0 55 0
662 8 609 0 -24 -12851 1 60 0
663 8 1100 0 -24 -12851 1 60 0
664 8 903 0 6 -12851 1 60 0
665 8 609 0 -24 -12851 1 60 0
666 8 742 0 6 -12851 1 60 0
667 8 742 0 24 -12851 1 55 0
668 8 903 0 6 -12851 1 55 0
669 8 1100 0 24 -12851 1 60 0
670 12 742 609 6 -24 1 51 51
671 8 1100 0 6 -12851 1 60 0
672 8 903 0 24 -12851 1 55 0
673 8 500 0 24 -12851 1 60 0
674 12 742 500 -6 24 0 55 55
675 12 742 500 -6 24 0 55 51
676 8 500 0 -24 -12851 1 55 0
677 12 742 903 -6 24 1 51 51
678 8 500 0 -6 -12851 0 60 0
679 8 500 0 -6 -12851 1 60 0
680 8 500 0 6 -12851 1 55 0
681 12 742 1100 6 -24 1 51 51
682 12 903 742 -6 24 1 55 55
683 8 609 0 -6 -12851 1 60 0
684 8 500 0 24 -12851 1 55 0
685 8 500 0 6 -12851 1 55 0
686 12 742 903 -6 24 0 55 51
687 8 903 0 6 -12851 1 55 0
688 8 1100 0 -24 -12851 1 60 0
689 8 742 0 6 -12851 1 60 0
690 8 903 0 24 -12851 0 55 0
691 12 742 609 -6 24 0 55 55
692 8 609 0 -24 -12851 0 60 0
693 8 903 0 6 -12851 1 55 0
694 8 609 0 24 -12851 1 55 0
695 8 742 0 6 -12851 1 60 0
696 12 742 1100 6 -24 1 51 55
697 8 742 0 -6 -12851 0 55 0
698 8 1100 0 -6 -12851 0 55 0
699 8 1100 0 -6 -12851 0 60 0
700 12 903 742 -6 24 0 51 51
701 8 500 0 6 -12851 1 55 0
702 8 500 0 24 -12851 0 55 0
703 12 609 742 -6 24 0 55 51
704 8 903 0 6 -12851 0 60 0
705 12 742 500 6 -24 0 51 51
706 12 742 500 6 -24 1 51 51
707 8 1100 0 -24 -12851 0 60 0
708 8 500 0 -24 -12851 1 60 0
709 8 500 0 6 -12851 1 60 0
710 12 500 742 6 -24 0 51 51
711 12 742 500 6 -24 0 55 55
712 8 1100 0 -6 -12851 1 60 0
713 12 500 742 -6 24 0 51 51
714 8 609 0 24 -12851 1 60 0
715 8 609 0 -6 -12851 1 55 0
716 12 742 609 -6 24 0 55 51
717 12 742 903 -6 24 0 55 51
718 12 903 742 6 -24 0 55 55
719 12 609 742 6 -24 0 51 51
720 8 903 0 6 -12851 1 55 0
721 12 609 742 -6 24 1 51 55
722 8 742 0 -6 -12851 0 60 0
723 12 500 742 6 -24 0 51 51
724 8 903 0 24 -12851 0 55 0
725 8 1100 0 -6 -12851 0 60 0
726 8 609 0 -6 -12851 0 60 0
727 8 742 0 6 -12851 1 55 0
728 8 742 0 -6 -12851 0 60 0
729 8 609 0 -24 -12851 1 55 0
730 8 609 0 24 -12851 1 60 0
731 8 1100 0 -24 -12851 1 60 0
732 8 500 0 6 -12851 1 55 0
733 8 742 0 6 -12851 1 60 0
734 8 742 0 -24 -12851 1 55 0
735 8 1100 0 24 -12851 1 55 0
736 8 609 0 24 -12851 1 60 0
737 8 903 0 -24 -12851 1 60 0
738 8 500 0 6 -12851 1 60 0
739 8 609 0 24 -12851 1 55 0
740 8 742 0 24 -12851 1 55 0
741 12 1100 742 -6 24 0 55 55
742 8 1100 0 6 -12851 1 55 0
743 8 500 0 -6 -12851 1 60 0
744 8 903 0 24 -12851 1 60 0
745 12 500 742 -6 24 0 55 55
746 12 1100 742 6 -24 1 55 51
747 8 903 0 24 -12851 1 60 0
748 8 742 0 6 -12851 1 60 0
749 8 742 0 -6 -12851 0 55 0
750 8 742 0 6 -12851 0 60 0
751 8 742 0 -24 -12851 0 55 0
752 8 903 0 -24 -12851 0 55 0
753 12 1100 742 -6 24 0 55 55
754 8 1100 0 24 -12851 0 60 0
755 12 742 609 -6 24 0 51 51
756 8 500 0 24 -12851 0 55 0
757 12 609 742 6 -24 0 55 51
758 12 742 500 -6 24 0 51 55
759 8 903 0 6 -12851 0 60 0
760 12 1100 742 -6 24 0 51 51
761 12 1100 742 6 -24 0 55 51
762 12 1100 742 -6 24 0 55 55
763 12 500 742 6 -24 0 51 55
764 12 609 742 6 -24 0 51 55
765 12 742 903 -6 24 1 51 55
766 12 609 742 -6 24 0 55 51
767 8 903 0 -6 -12851 0 60 0
768 12 742 903 -6 24 0 55 55
769 12 609 742 -6 24 0 55 51
770 8 609 0 -24 -12851 0 55 0
771 8 1100 0 24 -12851 0 55 0
772 8 609 0 24 -12851 0 55 0
773 12 742 1100 6 -24 0 51 55
774 8 500 0 -6 -12851 0 55 0
775 8 609 0 -6 -12851 0 60 0
776 12 742 609 6 -24 0 51 51
777 8 1100 0 6 -12851 1 55 0
778 8 500 0 24 -12851 1 60 0
779 8 903 0 -24 -12851 1 60 0
780 12 742 609 -6 24 0 51 51
781 12 742 903 6 -24 0 55 55
782 12 903 742 6 -24 1 51 51
783 8 903 0 -6 -12851 1 60 0
784 8 500 0 -6 -12851 1 55 0
785 8 903 0 24 -12851 1 60 0
786 8 903 0 -24 -12851 1 60 0
787 12 742 903 -6 24 1 55 55
788 8 500 0 -24 -12851 1 55 0
789 12 742 500 -6 24 1 51 51
790 12 742 1100 6 -24 1 55 51
791 8 609 0 6 -12851 1 60 0
792 12 609 742 6 -24 0 51 55
793 8 500 0 6 -12851 0 60 0
794 8 609 0 24 -12851 1 55 0
795 8 609 0 6 -12851 1 55 0
796 8 1100 0 -24 -12851 1 60 0
797 8 1100 0 6 -12851 1 60 0
798 8 742 0 -6 -12851 1 60 0
799 8 742 0 -24 -12851 1 55 0
800 8 1100 0 6 -12851 1 55 0
801 12 1100 742 6 -24 0 55 55
802 12 742 1100 -6 24 1 55 55
803 12 742 609 6 -24 0 51 55
804 8 742 0 -24 -12851 1 60 0
805 8 609 0 -6 -12851 0 55 0
806 12 500 742 -6 24 1 51 55
807 8 609 0 6 -12851 1 60 0
808 8 742 0 24 -12851 1 55 0
809 12 742 1100 -6 24 0 55 51
810 12 742 903 6 -24 1 55 55
811 8 609 0 -6 -12851 0 55 0
812 12 500 742 -6 24 0 51 51
813 8 500 0 -6 -12851 1 55 0
814 12 742 500 6 -24 1 51 51
815 8 903 0 24 -12851 0 60 0
816 12 903 742 6 -24 0 55 51
817 8 500 0 -6 -12851 0 60 0
818 12 1100 742 6 -24 0 55 55
819 8 903 0 -24 -12851 1 60 0
820 8 903 0 -6 -12851 0 55 0
821 8 1100 0 -24 -12851 1 55 0
822 12 742 1100 -6 24 0 55 55
823 12 742 1100 -6 24 0 55 55
824 12 742 1100 6 -24 0 55 55
825 8 500 0 -24 -12851 1 60 0
826 8 1100 0 -6 -12851 1 55 0
827 8 1100 0 6 -12851 0 60 0
828 12 1100 742 6 -24 0 51 55
829 8 609 0 6 -12851 0 60 0
830 12 742 609 -6 24 0 51 51
831 8 742 0 -6 -12851 1 60 0
832 8 742 0 24 -12851 1 60 0
833 12 500 742 -6 24 0 51 55
834 12 500 742 6 -24 1 51 51
835 8 500 0 -6 -12851 1 60 0
836 8 500 0 -24 -12851 1 60 0
837 8 742 0 24 -12851 1 60 0
838 8 500 0 -6 -12851 0 55 0
839 8 609 0 -6 -12851 0 60 0
840 12 742 609 6 -24 0 55 51
841 12 1100 742 6 -24 1 55 55
842 12 742 500 6 -24 0 55 55
843 8 1100 0 6 -12851 0 60 0
844 12 742 903 -6 24 0 51 51
845 12 742 903 6 -24 1 51 55
846 8 742 0 6 -12851 1 60 0
847 8 903 0 6 -12851 1 55 0
848 12 903 742 -6 24 0 55 55
849 8 742 0 24 -12851 1 55 0
850 8 1100 0 -6 -12851 1 55 0
851 12 609 742 -6 24 1 55 51
852 8 1100 0 -6 -12851 1 55 0
853 12 742 500 -6 24 1 55 55
854 8 903 0 -24 -12851 1 55 0
855 8 903 0 24 -12851 0 60 0
856 12 742 903 6 -24 1 55 55
857 8 500 0 -24 -12851 1 60 0
858 12 609 742 6 -24 1 55 51
859 12 742 1100 6 -24 0 51 55
860 12 609 742 -6 24 0 55 55
861 8 609 0 6 -12851 1 60 0
862 8 609 0 6 -12851 0 60 0
863 12 742 903 -6 24 0 55 55
864 8 1100 0 -24 -12851 1 55 0
865 12 609 742 6 -24 0 51 55
866 12 1100 742 6 -24 0 55 55
867 12 903 742 -6 24 0 55 55
868 8 1100 0 -24 -12851 0 60 0
869 12 1100 742 -6 24 0 55 55
870 8 500 0 -24 -12851 0 55 0
871 8 742 0 -24 -12851 1 60 0
872 8 609 0 24 -12851 1 60 0
873 12 903 742 6 -24 0 55 55
874 12 609 742 6 -24 1 55 51
875 8 742 0 6 -12851 1 55 0
876 12 742 609 -6 24 1 51 51
877 8 903 0 -24 -12851 1 55 0
878 12 742 903 6 -24 0 55 55
879 8 742 0 6 -12851 1 60 0
880 8 1100 0 6 -12851 1 55 0
881 8 609 0 -6 -12851 0 55 0
882 12 742 903 -6 24 1 51 51
883 12 742 1100 -6 24 0 55 55
884 8 903 0 6 -12851 1 60 0
885 12 742 903 6 -24 0 55 55
886 8 903 0 -24 -12851 1 55 0
887 12 742 1100 6 -24 1 51 55
888 8 1100 0 -24 -12851 0 60 0
889 8 500 0 24 -12851 1 60 0
890 8 609 0 24 -12851 1 55 0
891 12 1100 742 -6 24 0 55 55
892 12 742 903 6 -24 1 55 51
893 8 500 0 -6 -12851 0 55 0
894 8 742 0 -6 -12851 0 55 0
895 8 742 0 -6 -12851 1 60 0
896 8 742 0 -6 -12851 0 55 0
897 8 1100 0 6 -12851 0 60 0
898 8 500 0 -6 -12851 0 55 0
899 8 1100 0 -24 -12851 1 60 0
900 12 609 742 6 -24 0 55 55
901 8 609 0 24 -12851 0 60 0
902 12 742 1100 -6 24 1 51 55
903 8 742 0 24 -12851 0 60 0
904 8 1100 0 6 -12851 0 60 0
905 8 903 0 -6 -12851 0 60 0
906 12 500 742 -6 24 0 55 55
907 8 500 0 -6 -12851 0 60 0
908 8 609 0 24 -12851 0 55 0
909 8 903 0 -6 -12851 1 55 0
910 8 609 0 -6 -12851 0 60 0
911 12 1100 742 6 -24 1 51 55
912 8 500 0 6 -12851 0 60 0
913 8 903 0 -6 -12851 0 55 0
914 8 609 0 -24 -12851 0 60 0
915 8 609 0 6 -12851 1 55 0
916 12 742 500 6 -24 0 55 55
917 8 742 0 6 -12851 0 60 0
918 12 742 1100 6 -24 0 51 55
919 12 609 742 6 -24 0 55 55
920 8 609 0 24 -12851 0 55 0
921 12 500 742 6 -24 0 55 55
922 8 742 0 6 -12851 0 55 0
923 8 500 0 24 -12851 0 60 0
924 12 1100 742 -6 24 1 51 51
925 8 903 0 -24 -12851 1 55 0
926 8 500 0 24 -12851 1 60 0
927 8 609 0 -6 -12851 1 60 0
928 12 609 742 -6 24 0 55 55
929 12 742 500 -6 24 0 51 51
930 8 903 0 -24 -12851 0 60 0
931 12 903 742 6 -24 0 55 55
932 12 1100 742 6 -24 0 55 55
933 12 609 742 -6 24 0 55 55
934 8 903 0 24 -12851 0 55 0
935 8 500 0 -24 -12851 0 55 0
936 8 1100 0 -6 -12851 0 55 0
937 12 742 609 6 -24 0 51 55
938 8 742 0 6 -12851 0 55 0
939 12 1100 742 6 -24 0 55 51
940 8 1100 0 24 -12851 0 60 0
941 8 1100 0 24 -12851 0 55 0
942 8 742 0 -6 -12851 0 55 0
943 8 742 0 24 -12851 1 60 0
944 8 1100 0 -24 -12851 1 60 0
945 8 609 0 24 -12851 1 55 0
946 8 903 0 -6 -12851 0 60 0
947 12 609 742 -6 24 0 55 51
948 8 609 0 6 -12851 1 60 0
949 8 609 0 -6 -12851 1 60 0
950 8 500 0 6 -12851 0 55 0
951 8 903 0 -6 -12851 1 55 0
952 12 903 742 6 -24 0 51 51
953 12 742 609 -6 24 0 51 55
954 12 742 1100 6 -24 0 55 51
955 8 742 0 -6 -12851 1 60 0
956 12 742 609 6 -24 0 55 55
957 8 1100 0 -24 -12851 0 60 0
958 12 903 742 -6 24 0 55 51
959 12 742 1100 6 -24 0 55 55
960 8 742 0 6 -12851 0 60 0
961 8 1100 0 -24 -12851 1 60 0
962 12 903 742 -6 24 0 55 51
963 12 500 742 6 -24 0 51 55
964 12 1100 742 -6 24 0 51 51
965 12 500 742 6 -24 1 55 51
966 12 609 742 -6 24 0 51 55
967 12 742 609 6 -24 0 55 55
968 8 500 0 -24 -12851 0 55 0
969 12 742 500 -6 24 0 51 51
970 8 500 0 -24 -12851 0 55 0
971 8 903 0 -6 -12851 0 55 0
972 12 609 742 -6 24 0 55 55
973 12 609 742 6 -24 0 51 51
974 8 609 0 6 -12851 0 55 0
975 12 742 609 -6 24 0 55 55
976 12 742 903 -6 24 0 51 51
977 12 742 609 -6 24 0 55 51
978 12 742 609 6 -24 0 51 51
979 12 500 742 6 -24 0 55 55
980 12 742 500 -6 24 0 51 55
981 12 742 609 -6 24 0 55 55
982 8 609 0 24 -12851 0 60 0
983 12 609 742 -6 24 0 55 51
984 8 1100 0 -6 -12851 0 60 0
985 8 500 0 -24 -12851 0 55 0
986 12 742 500 6 -24 0 55 51
987 8 500 0 -6 -12851 0 55 0
988 12 1100 742 6 -24 0 51 55
989 12 500 742 6 -24 0 55 51
990 12 609 742 6 -24 0 55 51
991 8 500 0 -6 -12851 0 55 0
992 8 609 0 6 -12851 0 55 0
993 12 500 742 -6 24 0 51 55
994 8 1100 0 24 -12851 0 60 0
995 12 742 500 6 -24 0 55 55
996 8 903 0 6 -12851 0 60 0
997 8 1100 0 -24 -12851 0 60 0
998 12 609 742 -6 24 0 55 55
999 8 903 0 -6 -12851 0 60 0
1000 12 903 742 6 -24 0 55 55
1001 12 742 1100 6 -24 0 55 55
1002 8 609 0 6 -12851 0 60 0
1003 12 903 742 -6 24 0 55 55
1004 12 609 742 6 -24 0 55 51
1005 8 903 0 24 -12851 0 55 0
1006 8 742 0 6 -12851 0 55 0
1007 8 742 0 24 -12851 0 55 0
1008 8 742 0 -6 -12851 0 55 0
1009 8 1100 0 6 -12851 0 60 0
1010 8 1100 0 -6 -12851 0 60 0
1011 12 500 742 6 -24 0 51 55
1012 12 500 742 -6 24 0 55 51
1013 12 903 742 6 -24 0 51 55
1014 12 903 742 6 -24 0 55 55
1015 12 1100 742 -6 24 0 51 51
1016 8 500 0 6 -12851 0 55 0
1017 12 1100 742 6 -24 0 51 55
1018 8 742 0 24 -12851 0 60 0
1019 8 609 0 -24 -12851 0 55 0
1020 8 742 0 -6 -12851 0 55 0
1021 8 903 0 -24 -12851 0 60 0
1022 8 742 0 -24 -12851 0 60 0
1023 8 1100 0 -24 -12851 0 55 0
1024 8 609 0 -6 -12851 0 55 0
1025 8 903 0 -24 -12851 0 55 0
1026 12 903 742 6 -24 0 55 55
1027 8 903 0 -6 -12851 0 60 0
1028 12 609 742 -6 24 0 55 55
1029 12 903 742 6 -24 0 55 55
1030 8 1100 0 -6 -12851 0 60 0
1031 12 742 500 -6 24 0 55 51
1032 12 742 609 6 -24 0 51 51
1033 8 500 0 24 -12851 0 60 0
1034 8 609 0 6 -12851 0 55 0
1035 12 500 742 -6 24 0 55 55
1036 8 500 0 6 -12851 0 60 0
1037 12 742 609 6 -24 0 51 55
1038 8 500 0 24 -12851 0 60 0
1039 12 609 742 -6 24 0 55 51
1040 12 742 1100 -6 24 0 55 51
1041 8 500 0 -6 -12851 0 55 0
1042 8 500 0 24 -12851 0 60 0
1043 8 1100 0 -24 -12851 0 60 0
1044 8 500 0 -6 -12851 0 60 0
1045 12 742 1100 -6 24 0 55 51
1046 12 742 500 -6 24 0 51 55
1047 8 903 0 -6 -12851 0 60 0
1048 12 903 742 -6 24 0 51 51
1049 12 500 742 6 -24 0 55 55
1050 8 609 0 24 -12851 0 60 0
1051 8 903 0 24 -12851 0 55 0
1052 12 903 742 -6 24 0 55 55
1053 8 903 0 6 -12851 0 55 0
1054 8 609 0 24 -12851 0 55 0
1055 8 1100 0 24 -12851 0 60 0
1056 8 609 0 24 -12851 0 55 0
1057 8 742 0 -6 -12851 0 60 0
1058 12 742 1100 6 -24 0 55 51
1059 8 742 0 -6 -12851 0 55 0
1060 8 742 0 24 -12851 0 55 0
1061 12 742 500 6 -24 0 55 55
1062 12 903 742 6 -24 0 55 55
1063 12 1100 742 6 -24 0 55 55
1064 8 1100 0 6 -12851 0 60 0
1065 12 500 742 -6 24 0 51 51
1066 8 609 0 6 -12851 0 55 0
1067 8 609 0 -24 -12851 0 55 0
1068 12 742 903 6 -24 0 55 55
1069 8 500 0 24 -12851 0 55 0
1070 12 609 742 -6 24 0 51 55
1071 8 903 0 -6 -12851 0 55 0
1072 8 500 0 -6 -12851 0 55 0
1073 8 903 0 -24 -12851 0 55 0
1074 12 742 903 6 -24 0 55 51
1075 8 742 0 -6 -12851 0 60 0
1076 8 609 0 24 -12851 0 55 0
1077 12 609 742 6 -24 0 55 55
1078 8 609 0 -6 -12851 0 55 0
1079 8 500 0 -24 -12851 0 60 0
1080 8 742 0 6 -12851 0 55 0
1081 8 903 0 6 -12851 0 55 0
1082 12 1100 742 -6 24 0 51 51
1083 12 742 1100 6 -24 0 55 51
1084 12 903 742 -6 24 0 51 51
1085 12 903 742 -6 24 0 51 55
1086 8 1100 0 -24 -12851 0 60 0
1087 12 609 742 6 -24 0 55 51
1088 8 1100 0 -24 -12851 0 55 0
1089 8 742 0 24 -12851 0 55 0
1090 8 1100 0 6 -12851 0 60 0
1091 12 903 742 6 -24 0 51 55
1092 8 609 0 24 -12851 0 55 0
1093 8 609 0 -24 -12851 0 55 0
1094 8 1100 0 24 -12851 0 55 0
1095 12 742 1100 6 -24 0 51 51
1096 8 1100 0 6 -12851 0 55 0
1097 12 742 1100 -6 24 0 51 55
1098 8 1100 0 -6 -12851 0 55 0
1099 8 903 0 6 -12851 0 60 0
1100 12 500 742 6 -24 0 55 51
1101 8 500 0 -6 -12851 0 55 0
1102 12 742 903 -6 24 0 51 51
1103 8 742 0 24 -12851 0 60 0
1104 8 500 0 24 -12851 0 55 0
1105 12 742 1100 6 -24 0 55 51
1106 12 742 609 6 -24 0 51 51
1107 8 500 0 -6 -12851 0 55 0
1108 8 742 0 -6 -12851 0 60 0
1109 8 903 0 6 -12851 0 55 0
1110 12 742 609 6 -24 0 51 51
1111 8 609 0 24 -12851 0 60 0
1112 8 609 0 24 -12851 0 60 0
1113 8 903 0 6 -12851 0 55 0
1114 12 742 609 -6 24 0 55 55
1115 12 742 609 -6 24 0 55 51
1116 8 742 0 -24 -12851 0 55 0
1117 12 1100 742 6 -24 0 55 55
1118 8 742 0 -24 -12851 0 60 0
1119 8 742 0 -24 -12851 0 55 0
1120 12 742 500 -6 24 0 55 51
1121 8 1100 0 -24 -12851 0 55 0
1122 8 609 0 -6 -12851 0 60 0
1123 12 1100 742 6 -24 0 55 51
1124 8 903 0 6 -12851 0 55 0
1125 8 609 0 -24 -12851 0 60 0
1126 8 609 0 -6 -12851 0 60 0
1127 8 500 0 24 -12851 0 55 0
1128 8 903 0 -6 -12851 0 55 0
1129 8 742 0 6 -12851 0 60 0
1130 8 1100 0 24 -12851 0 55 0
1131 12 742 903 6 -24 0 55 51
1132 8 742 0 6 -12851 0 55 0
1133 12 742 500 6 -24 0 55 55
1134 8 1100 0 -24 -12851 0 60 0
1135 12 742 1100 6 -24 0 55 51
1136 12 742 903 -6 24 0 55 51
1137 12 903 742 6 -24 0 51 55
1138 12 742 500 6 -24 0 55 51
1139 8 500 0 -24 -12851 0 60 0
1140 12 742 609 -6 24 0 55 51
1141 8 500 0 24 -12851 0 55 0
1142 8 903 0 -24 -12851 0 60 0
1143 12 609 742 -6 24 0 51 55
1144 12 500 742 -6 24 0 51 51
1145 8 903 0 6 -12851 0 60 0
1146 8 903 0 6 -12851 0 60 0
1147 8 500 0 24 -12851 0 55 0
1148 8 903 0 -6 -12851 0 60 0
1149 8 903 0 -6 -12851 0 55 0
1150 8 609 0 24 -12851 0 55 0
1151 12 1100 742 6 -24 0 51 55
1152 8 1100 0 -24 -12851 0 55 0
1153 12 500 742 -6 24 0 51 51
1154 8 742 0 -24 -12851 0 55 0
1155 12 903 742 6 -24 0 55 51
1156 8 500 0 -24 -12851 0 55 0
1157 12 742 609 6 -24 0 55 51
1158 12 742 609 6 -24 0 51 55
1159 12 742 609 6 -24 0 55 51
1160 8 609 0 -24 -12851 0 60 0
1161 12 500 742 6 -24 0 55 55
1162 12 903 742 -6 24 0 55 55
1163 12 609 742 6 -24 0 51 55
1164 12 500 742 6 -24 0 51 51
1165 8 742 0 24 -12851 0 55 0
1166 12 742 903 -6 24 0 55 51
1167 12 742 500 6 -24 0 55 55
1168 8 500 0 -6 -12851 0 60 0
1169 12 742 1100 -6 24 0 51 55
1170 8 742 0 6 -12851 0 60 0
1171 12 742 1100 6 -24 0 55 55
1172 8 1100 0 24 -12851 0 55 0
1173 8 609 0 -6 -12851 0 60 0
1174 8 1100 0 6 -12851 0 60 0
1175 12 742 1100 -6 24 0 55 51
1176 8 903 0 24 -12851 0 60 0
1177 8 903 0 -6 -12851 0 55 0
1178 12 742 903 -6 24 0 51 55
1179 8 500 0 24 -12851 0 55 0
1180 12 1100 742 6 -24 0 55 51
1181 8 1100 0 -24 -12851 0 55 0
1182 8 903 0 24 -12851 0 55 0
1183 8 609 0 -24 -12851 0 55 0
1184 8 609 0 24 -12851 0 60 0
1185 8 500 0 6 -12851 0 55 0
1186 12 500 742 -6 24 0 55 55
1187 8 1100 0 24 -12851 0 60 0
1188 8 903 0 -24 -12851 0 60 0
1189 8 1100 0 6 -12851 0 55 0
1190 8 742 0 -6 -12851 0 60 0
1191 8 609 0 6 -12851 0 55 0
1192 12 1100 742 -6 24 0 51 51
1193 8 500 0 -6 -12851 0 55 0
1194 12 1100 742 6 -24 0 51 55
1195 12 500 742 6 -24 0 55 55
1196 8 742 0 6 -12851 0 60 0
1197 8 742 0 6 -12851 0 60 0
1198 8 609 0 6 -12851 0 55 0
1199 8 609 0 24 -12851 0 55 0
1200 12 1100 742 -6 24 0 55 51
1201 8 742 0 -6 -12851 0 60 0
1202 12 742 1100 -6 24 0 51 55
1203 8 609 0 24 -12851 0 60 0
1204 12 609 742 -6 24 0 51 51
1205 8 500 0 -24 -12851 0 55 0
1206 8 903 0 -24 -12851 0 60 0
1207 8 500 0 -6 -12851 0 55 0
1208 12 742 1100 6 -24 0 51 55
1209 12 742 500 -6 24 0 51 51
1210 8 903 0 6 -12851 0 60 0
1211 12 1100 742 6 -24 0 51 51
1212 12 1100 742 6 -24 0 55 51
1213 12 742 500 6 -24 0 55 55
1214 8 903 0 -6 -12851 0 60 0
1215 12 1100 742 -6 24 0 51 51
1216 12 742 1100 6 -24 0 55 55
1217 8 1100 0 -24 -12851 0 55 0
1218 8 500 0 6 -12851 0 55 0
1219 8 1100 0 -24 -12851 0 60 0
1220 8 1100 0 6 -12851 0 55 0
1221 12 742 1100 -6 24 0 51 55
1222 8 609 0 -6 -12851 0 60 0
1223 12 1100 742 -6 24 0 51 55
1224 12 500 742 6 -24 0 51 51
1225 12 609 742 6 -24 0 51 51
1226 8 742 0 -24 -12851 0 60 0
1227 8 742 0 -6 -12851 0 60 0
1228 12 903 742 -6 24 0 55 51
1229 8 500 0 24 -12851 0 60 0
1230 12 1100 742 6 -24 0 55 51
1231 8 500 0 -6 -12851 0 55 0
1232 8 903 0 -24 -12851 0 60 0
1233 12 742 1100 -6 24 0 51 51
1234 12 742 500 -6 24 0 51 51
1235 8 609 0 24 -12851 0 60 0
1236 8 1100 0 -24 -12851 0 60 0
1237 8 742 0 -6 -12851 0 55 0
1238 12 903 742 -6 24 0 51 51
1239 8 500 0 -6 -12851 0 55 0
1240 8 742 0 -24 -12851 0 55 0
1241 12 903 742 -6 24 0 55 51
1242 12 1100 742 6 -24 0 55 51
1243 8 903 0 -6 -12851 0 55 0
1244 8 742 0 -24 -12851 0 60 0
1245 8 500 0 -6 -12851 0 60 0
1246 12 742 903 6 -24 0 55 55
1247 12 500 742 6 -24 0 55 51
1248 8 903 0 24 -12851 0 55 0
1249 8 1100 0 6 -12851 0 60 0
1250 12 742 500 -6 24 0 55 55
1251 8 609 0 -6 -12851 0 60 0
1252 12 500 742 6 -24 0 55 51
1253 8 609 0 -6 -12851 0 55 0
1254 12 742 903 6 -24 0 55 51
1255 8 1100 0 -6 -12851 0 55 0
1256 8 609 0 -24 -12851 0 60 0
1257 8 609 0 24 -12851 0 60 0
1258 12 903 742 6 -24 0 51 51
1259 12 742 1100 -6 24 0 51 55
1260 12 742 500 -6 24 0 51 55
1261 12 609 742 -6 24 0 51 55
1262 12 742 903 6 -24 0 51 51
1263 12 742 500 -6 24 0 55 51
1264 8 903 0 -6 -12851 0 55 0
1265 8 742 0 -6 -12851 0 55 0
1266 8 1100 0 24 -12851 0 60 0
1267 8 500 0 -24 -12851 0 55 0
1268 8 1100 0 6 -12851 0 55 0
1269 12 500 742 -6 24 0 55 55
1270 8 742 0 -6 -12851 0 60 0
1271 8 742 0 6 -12851 0 60 0
1272 12 903 742 -6 24 0 55 51
1273 12 609 742 -6 24 0 51 51
1274 12 742 1100 6 -24 0 51 51
1275 12 903 742 -6 24 0 51 51
1276 8 500 0 -24 -12851 0 60 0
1277 8 1100 0 6 -12851 0 55 0
1278 8 500 0 6 -12851 0 55 0
1279 8 903 0 24 -12851 0 55 0
1280 8 903 0 -6 -12851 0 60 0
1281 8 609 0 -6 -12851 0 55 0
1282 12 742 609 -6 24 0 51 55
1283 12 1100 742 6 -24 0 55 55
1284 8 609 0 24 -12851 0 55 0
1285 12 500 742 -6 24 0 51 51
1286 12 742 500 -6 24 0 51 51
1287 8 742 0 -6 -12851 0 55 0
1288 12 742 1100 6 -24 0 51 51
1289 12 903 742 -6 24 0 55 55
1290 12 742 1100 6 -24 0 51 55
1291 12 742 500 -6 24 0 55 55
1292 12 500 742 -6 24 0 51 55
1293 12 1100 742 -6 24 0 51 51
1294 12 903 742 6 -24 0 51 55
1295 8 742 0 -6 -12851 0 60 0
1296 12 742 609 -6 24 0 55 51
1297 12 609 742 -6 24 0 55 55
1298 12 1100 742 6 -24 0 55 55
1299 8 903 0 -6 -12851 0 55 0
1300 12 1100 742 -6 24 0 55 51
1301 8 609 0 6 -12851 0 55 0
1302 12 742 609 -6 24 0 51 51
1303 12 903 742 -6 24 0 51 51
1304 8 742 0 -24 -12851 0 60 0
1305 8 903 0 -24 -12851 0 60 0
1306 8 903 0 24 -12851 0 60 0
1307 12 1100 742 -6 24 0 55 55
1308 8 609 0 24 -12851 0 60 0
1309 8 742 0 -6 -12851 0 55 0
1310 8 500 0 -6 -12851 0 55 0
1311 12 1100 742 6 -24 0 51 51
1312 8 609 0 -24 -12851 0 55 0
1313 12 742 903 -6 24 0 55 55
1314 8 500 0 -6 -12851 0 55 0
1315 8 500 0 24 -12851 0 55 0
1316 8 1100 0 24 -12851 0 60 0
1317 8 1100 0 -24 -12851 0 55 0
1318 12 742 609 6 -24 0 55 51
1319 8 1100 0 6 -12851 0 55 0
1320 8 609 0 -6 -12851 0 60 0
1321 8 609 0 24 -12851 0 60 0
1322 8 1100 0 -24 -12851 0 55 0
1323 12 742 1100 6 -24 0 51 51
1324 8 500 0 -6 -12851 0 60 0
1325 8 500 0 24 -12851 0 60 0
1326 8 500 0 6 -12851 0 60 0
1327 8 609 0 -24 -12851 0 60 0
1328 8 1100 0 -6 -12851 0 55 0
1329 8 903 0 24 -12851 0 60 0
1330 8 1100 0 24 -12851 0 55 0
1331 12 1100 742 6 -24 0 55 51
1332 8 903 0 -6 -12851 0 60 0
1333 8 609 0 24 -12851 0 55 0
1334 8 903 0 6 -12851 0 60 0
1335 12 609 742 -6 24 0 51 55
1336 8 742 0 6 -12851 0 55 0
1337 12 742 903 -6 24 0 51 51
1338 8 742 0 6 -12851 0 60 0
1339 8 742 0 24 -12851 0 55 0
1340 12 500 742 -6 24 0 51 51
1341 8 1100 0 -24 -12851 0 55 0
1342 8 1100 0 6 -12851 0 60 0
1343 8 500 0 24 -12851 0 60 0
1344 8 903 0 6 -12851 0 55 0
1345 8 742 0 6 -12851 0 60 0
1346 8 742 0 -24 -12851 0 55 0
1347 12 500 742 -6 24 0 51 55
1348 8 609 0 24 -12851 0 55 0
1349 12 1100 742 6 -24 0 51 51
1350 12 500 742 -6 24 0 51 55
1351 8 742 0 -6 -12851 0 60 0
1352 12 609 742 6 -24 0 55 51
1353 8 903 0 6 -12851 0 60 0
1354 12 609 742 6 -24 0 55 55
1355 12 742 609 -6 24 0 55 55
1356 8 903 0 -6 -12851 0 55 0
1357 8 500 0 -6 -12851 0 60 0
1358 8 500 0 -24 -12851 0 55 0
1359 12 500 742 -6 24 0 55 55
1360 8 1100 0 -6 -12851 0 55 0
1361 8 1100 0 -24 -12851 0 60 0
1362 8 609 0 -6 -12851 0 60 0
1363 8 609 0 -6 -12851 0 60 0
1364 12 742 1100 6 -24 0 51 51
1365 8 742 0 -6 -12851 0 60 0
1366 12 742 1100 -6 24 0 55 51
1367 8 742 0 -24 -12851 0 60 0
1368 8 742 0 -6 -12851 0 60 0
1369 12 742 1100 6 -24 0 51 51
1370 8 1100 0 -24 -12851 0 55 0
1371 8 500 0 6 -12851 0 60 0
1372 8 1100 0 6 -12851 0 60 0
1373 12 742 903 -6 24 0 51 51
1374 12 742 500 6 -24 0 51 51
1375 8 609 0 24 -12851 0 60 0
1376 8 742 0 24 -12851 0 60 0
1377 12 1100 742 6 -24 0 55 55
1378 12 903 742 -6 24 0 51 55
1379 12 742 903 -6 24 0 51 55
1380 8 1100 0 -24 -12851 0 60 0
1381 8 903 0 6 -12851 0 55 0
1382 12 500 742 -6 24 0 51 55
1383 8 500 0 6 -12851 0 55 0
1384 12 1100 742 6 -24 0 51 55
1385 8 609 0 6 -12851 0 60 0
1386 12 500 742 -6 24 0 55 55
1387 8 903 0 -24 -12851 0 60 0
1388 12 742 1100 6 -24 0 55 55
1389 12 500 742 -6 24 0 55 51
1390 8 609 0 6 -12851 0 60 0
1391 8 500 0 -24 -12851 0 60 0
1392 8 903 0 -24 -12851 0 55 0
1393 8 742 0 6 -12851 0 55 0
1394 8 742 0 6 -12851 0 60 0
1395 12 1100 742 6 -24 1 55 51
1396 8 500 0 -6 -12851 0 55 0
1397 8 903 0 24 -12851 0 55 0
1398 8 742 0 -6 -12851 0 60 0
1399 8 609 0 -6 -12851 1 60 0
1400 12 742 500 -6 24 0 55 55
1401 8 742 0 -6 -12851 1 60 0
1402 8 609 0 -24 -12851 0 60 0
1403 12 742 609 6 -24 0 55 51
1404 8 903 0 6 -12851 0 60 0
1405 8 500 0 24 -12851 1 55 0
1406 8 500 0 6 -12851 0 55 0
1407 8 609 0 -6 -12851 0 55 0
1408 12 1100 742 6 -24 0 51 55
1409 8 903 0 -24 -12851 0 60 0
1410 8 1100 0 6 -12851 0 60 0
1411 8 1100 0 -24 -12851 0 60 0
1412 8 1100 0 24 -12851 0 60 0
1413 8 609 0 -24 -12851 0 55 0
1414 8 609 0 -6 -12851 1 60 0
1415 12 742 500 6 -24 1 55 55
1416 8 742 0 24 -12851 0 60 0
1417 12 903 742 6 -24 0 51 55
1418 8 500 0 6 -12851 1 55 0
1419 8 1100 0 -24 -12851 1 60 0
1420 8 903 0 -24 -12851 1 55 0
1421 12 903 742 6 -24 0 55 51
1422 12 1100 742 6 -24 0 51 51
1423 8 609 0 -24 -12851 0 55 0
1424 12 742 903 -6 24 0 51 55
1425 8 500 0 24 -12851 0 60 0
1426 12 742 609 6 -24 0 55 51
1427 8 500 0 -24 -12851 1 60 0
1428 12 742 1100 6 -24 0 55 55
1429 8 742 0 -24 -12851 1 60 0
1430 8 1100 0 -24 -12851 1 55 0
1431 8 742 0 6 -12851 0 55 0
1432 8 903 0 -24 -12851 0 60 0
1433 8 1100 0 6 -12851 0 60 0
1434 8 609 0 -6 -12851 0 55 0
1435 12 609 742 6 -24 0 55 51
1436 12 742 1100 6 -24 0 51 51
1437 8 903 0 -24 -12851 1 60 0
1438 12 742 609 6 -24 0 51 55
1439 12 609 742 6 -24 0 55 55
1440 8 903 0 6 -12851 0 55 0
1441 8 903 0 -6 -12851 0 60 0
1442 12 742 609 -6 24 0 55 55
1443 8 500 0 6 -12851 0 60 0
1444 8 609 0 6 -12851 0 60 0
1445 12 500 742 -6 24 0 51 51
1446 8 1100 0 -24 -12851 1 55 0
1447 8 609 0 24 -12851 0 55 0
1448 8 609 0 -24 -12851 0 55 0
1449 8 500 0 24 -12851 0 60 0
1450 8 742 0 6 -12851 0 55 0
1451 12 903 742 6 -24 0 55 55
1452 8 903 0 -24 -12851 1 55 0
1453 12 742 609 6 -24 0 55 51
1454 8 903 0 6 -12851 0 60 0
1455 12 500 742 -6 24 0 51 55
1456 8 742 0 24 -12851 0 55 0
1457 12 903 742 -6 24 0 51 51
1458 8 500 0 -24 -12851 0 55 0
1459 8 742 0 6 -12851 0 60 0
1460 8 1100 0 6 -12851 0 60 0
1461 8 1100 0 -24 -12851 0 60 0
1462 8 903 0 6 -12851 0 55 0
1463 8 903 0 -6 -12851 0 55 0
1464 8 1100 0 6 -12851 0 55 0
1465 8 1100 0 6 -12851 0 55 0
1466 8 500 0 -6 -12851 0 60 0
1467 8 500 0 24 -12851 0 60 0
1468 8 1100 0 -24 -12851 0 60 0
1469 8 903 0 -6 -12851 0 55 0
1470 8 609 0 -6 -12851 0 60 0
1471 8 903 0 -24 -12851 0 55 0
1472 12 500 742 6 -24 0 51 55
1473 8 742 0 6 -12851 0 60 0
1474 8 609 0 24 -12851 0 60 0
1475 8 742 0 6 -12851 0 55 0
1476 8 742 0 24 -12851 0 60 0
1477 12 609 742 6 -24 0 51 51
1478 12 1100 742 6 -24 0 55 55
1479 8 500 0 -6 -12851 0 60 0
1480 12 609 742 6 -24 0 51 51
1481 8 609 0 -6 -12851 0 60 0
1482 8 1100 0 -24 -12851 0 60 0
1483 8 1100 0 -6 -12851 0 60 0
1484 12 742 500 6 -24 0 55 55
1485 8 500 0 -6 -12851 0 60 0
1486 8 742 0 24 -12851 0 60 0
1487 8 609 0 -6 -12851 0 55 0
1488 8 742 0 24 -12851 0 60 0
1489 12 903 742 -6 24 0 55 55
1490 8 903 0 -6 -12851 0 55 0
1491 8 742 0 24 -12851 0 55 0
1492 12 903 742 -6 24 0 55 55
1493 12 609 742 -6 24 0 51 55
1494 8 1100 0 -24 -12851 0 60 0
1495 8 609 0 -6 -12851 0 60 0
1496 8 903 0 6 -12851 0 60 0
1497 12 742 609 6 -24 0 51 51
1498 8 903 0 24 -12851 0 55 0
1499 12 742 903 -6 24 0 51 55
1500 8 1100 0 24 -12851 0 55 0
1501 12 1100 742 -6 24 0 55 55
1502 12 742 903 6 -24 0 51 51
1503 8 500 0 6 -12851 0 55 0
1504 8 609 0 -24 -12851 0 55 0
1505 12 903 742 6 -24 0 55 51
1506 8 500 0 -24 -12851 0 55 0
1507 12 609 742 -6 24 0 51 51
1508 8 903 0 -6 -12851 0 55 0
1509 12 742 903 -6 24 0 51 51
1510 8 903 0 24 -12851 0 60 0
1511 8 609 0 -24 -12851 0 55 0
1512 8 500 0 24 -12851 0 60 0
1513 12 742 903 -6 24 0 51 51
1514 8 609 0 -24 -12851 0 55 0
1515 12 742 903 6 -24 0 51 51
1516 12 742 500 6 -24 0 51 51
1517 8 609 0 6 -12851 0 55 0
1518 8 1100 0 24 -12851 0 55 0
1519 12 742 500 -6 24 0 51 55
1520 8 1100 0 -6 -12851 0 55 0
1521 12 609 742 -6 24 0 55 55
1522 8 742 0 -24 -12851 0 55 0
1523 12 500 742 6 -24 0 51 55
1524 12 500 742 -6 24 0 55 55
1525 8 500 0 6 -12851 0 55 0
1526 8 742 0 24 -12851 0 55 0
1527 8 742 0 -24 -12851 0 60 0
1528 8 1100 0 6 -12851 0 60 0
1529 8 500 0 24 -12851 0 55 0
1530 8 903 0 24 -12851 0 55 0
1531 8 903 0 -6 -12851 0 60 0
1532 8 609 0 6 -12851 0 55 0
1533 8 609 0 -6 -12851 0 60 0
1534 8 903 0 -24 -12851 0 60 0
1535 8 903 0 -6 -12851 0 55 0
1536 8 500 0 6 -12851 0 60 0
1537 12 609 742 6 -24 0 55 55
1538 8 500 0 24 -12851 0 60 0
1539 12 742 903 6 -24 0 51 51
1540 12 742 1100 -6 24 0 55 51
1541 8 742 0 6 -12851 0 60 0
1542 8 609 0 -6 -12851 0 60 0
1543 8 609 0 6 -12851 0 55 0
1544 8 1100 0 6 -12851 0 55 0
1545 12 903 742 6 -24 0 55 51
1546 12 742 1100 -6 24 0 51 55
1547 8 1100 0 -24 -12851 0 55 0
1548 8 903 0 -6 -12851 0 60 0
1549 8 742 0 6 -12851 0 60 0
1550 12 500 742 6 -24 0 55 51
1551 8 1100 0 -24 -12851 0 60 0
1552 8 742 0 -6 -12851 0 60 0
1553 8 500 0 -24 -12851 0 60 0
1554 8 1100 0 -6 -12851 0 55 0
1555 8 1100 0 6 -12851 0 55 0
1556 12 903 742 -6 24 0 51 51
1557 8 500 0 -24 -12851 0 60 0
1558 12 742 500 6 -24 0 55 51
1559 12 1100 742 -6 24 0 55 55
1560 8 500 0 -24 -12851 0 60 0
1561 8 742 0 24 -12851 0 55 0
1562 8 500 0 6 -12851 0 55 0
1563 12 742 609 6 -24 0 51 51
1564 8 903 0 24 -12851 0 55 0
1565 12 742 1100 6 -24 0 55 55
1566 12 742 609 -6 24 0 51 51
1567 12 742 609 6 -24 0 51 51
1568 12 742 500 -6 24 0 55 51
1569 12 742 500 -6 24 0 51 55
1570 8 1100 0 -24 -12851 0 55 0
1571 12 742 609 -6 24 0 55 51
1572 12 742 903 -6 24 0 51 51
1573 8 609 0 24 -12851 0 60 0
1574 8 742 0 6 -12851 0 55 0
1575 8 742 0 6 -12851 0 55 0
1576 12 742 609 -6 24 0 51 51
1577 8 903 0 24 -12851 0 60 0
1578 8 903 0 6 -12851 0 55 0
1579 8 609 0 24 -12851 0 55 0
1580 12 500 742 6 -24 0 55 55
1581 8 609 0 -6 -12851 0 60 0
1582 12 742 903 -6 24 0 55 55
1583 12 742 1100 6 -24 0 55 55
1584 8 1100 0 -24 -12851 0 60 0
1585 8 742 0 -6 -12851 0 55 0
1586 8 742 0 24 -12851 0 55 0
1587 8 903 0 6 -12851 0 60 0
1588 8 609 0 -24 -12851 0 55 0
1589 8 742 0 -6 -12851 0 60 0
1590 8 903 0 -6 -12851 0 60 0
1591 12 1100 742 -6 24 0 55 51
1592 8 903 0 -24 -12851 0 60 0
1593 12 742 1100 6 -24 0 55 51
1594 12 742 500 -6 24 0 51 55
1595 12 742 500 6 -24 0 51 51
1596 8 609 0 6 -12851 0 60 0
1597 12 609 742 -6 24 0 51 51
1598 8 742 0 6 -12851 0 60 0
1599 8 500 0 24 -12851 0 55 0
1600 8 609 0 6 -12851 0 55 0
1601 8 500 0 -6 -12851 0 60 0
1602 12 742 609 -6 24 0 51 55
1603 12 1100 742 -6 24 0 51 51
1604 8 500 0 -24 -12851 0 60 0
1605 12 500 742 -6 24 0 51 55
1606 12 742 903 6 -24 0 51 55
1607 8 1100 0 -6 -12851 0 60 0
1608 12 742 500 -6 24 0 51 51
1609 8 1100 0 6 -12851 0 55 0
1610 12 742 1100 6 -24 0 55 51
1611 12 742 500 6 -24 0 51 55
1612 12 609 742 -6 24 0 51 55
1613 8 1100 0 6 -12851 0 55 0
1614 12 742 1100 6 -24 0 55 51
1615 8 742 0 -6 -12851 0 60 0
1616 8 742 0 -6 -12851 0 55 0
1617 8 1100 0 6 -12851 0 55 0
1618 8 609 0 -24 -12851 0 55 0
1619 8 903 0 6 -12851 0 60 0
1620 12 742 500 6 -24 0 51 55
1621 8 609 0 -6 -12851 0 60 0
1622 12 742 1100 6 -24 0 55 51
1623 8 609 0 6 -12851 0 60 0
1624 12 500 742 6 -24 0 51 55
1625 8 500 0 24 -12851 0 55 0
1626 12 500 742 -6 24 0 51 51
1627 8 903 0 24 -12851 0 55 0
1628 12 742 609 6 -24 0 51 55
1629 8 742 0 24 -12851 0 60 0
1630 8 1100 0 -24 -12851 0 55 0
1631 12 742 903 -6 24 0 51 51
1632 8 742 0 6 -12851 0 55 0
1633 8 1100 0 24 -12851 0 60 0
1634 12 742 903 6 -24 0 55 51
1635 8 500 0 6 -12851 0 55 0
1636 8 500 0 24 -12851 0 55 0
1637 8 903 0 -24 -12851 0 55 0
1638 8 903 0 -6 -12851 0 60 0
1639 12 500 742 -6 24 0 51 55
1640 12 609 742 6 -24 0 55 55
1641 12 500 742 -6 24 0 55 51
1642 8 903 0 -6 -12851 0 60 0
1643 12 742 500 6 -24 0 55 55
1644 8 1100 0 6 -12851 0 60 0
1645 12 742 609 -6 24 0 51 51
1646 8 1100 0 -6 -12851 0 60 0
1647 8 500 0 6 -12851 0 60 0
1648 8 500 0 24 -12851 0 55 0
1649 8 1100 0 -24 -12851 0 60 0
1650 8 903 0 6 -12851 0 60 0
1651 8 609 0 -24 -12851 0 60 0
1652 8 903 0 6 -12851 0 60 0
1653 8 742 0 24 -12851 0 60 0
1654 12 609 742 -6 24 0 51 55
1655 8 609 0 -24 -12851 0 55 0
1656 12 500 742 6 -24 0 55 55
1657 8 742 0 24 -12851 0 60 0
1658 12 500 742 -6 24 0 51 55
1659 12 500 742 -6 24 0 55 51
1660 12 742 500 -6 24 0 51 55
1661 12 742 903 -6 24 0 55 55
1662 8 742 0 6 -12851 0 60 0
1663 8 500 0 24 -12851 0 55 0
1664 8 609 0 24 -12851 0 55 0
1665 12 500 742 -6 24 0 51 51
1666 8 609 0 6 -12851 0 60 0
1667 8 609 0 24 -12851 0 60 0
1668 12 742 609 -6 24 0 51 55
1669 12 609 742 -6 24 0 51 55
1670 8 500 0 24 -12851 0 55 0
1671 12 742 1100 -6 24 0 51 55
1672 8 903 0 -6 -12851 0 60 0
1673 12 500 742 6 -24 0 55 55
1674 8 903 0 24 -12851 0 60 0
1675 8 1100 0 6 -12851 0 55 0
1676 8 903 0 6 -12851 0 55 0
1677 8 742 0 -6 -12851 0 60 0
1678 12 1100 742 6 -24 0 51 51
1679 12 742 500 6 -24 0 51 55
1680 12 1100 742 6 -24 0 55 55
1681 8 609 0 -24 -12851 0 55 0
1682 8 609 0 6 -12851 0 55 0
1683 8 500 0 24 -12851 0 60 0
1684 12 742 500 6 -24 0 51 55
1685 12 500 742 6 -24 0 51 55
1686 8 1100 0 -24 -12851 0 60 0
1687 12 903 742 6 -24 0 51 51
1688 8 1100 0 24 -12851 0 55 0
1689 12 742 903 -6 24 0 51 51
1690 8 742 0 -24 -12851 0 55 0
1691 12 742 500 6 -24 0 51 55
1692 12 742 609 -6 24 0 51 51
1693 8 742 0 6 -12851 0 60 0
1694 12 742 500 -6 24 0 55 51
1695 8 500 0 24 -12851 0 55 0
1696 8 500 0 24 -12851 0 60 0
1697 8 500 0 6 -12851 0 60 0
1698 8 1100 0 24 -12851 0 60 0
1699 8 500 0 -24 -12851 0 55 0
1700 8 500 0 -24 -12851 0 60 0
1701 12 742 1100 6 -24 0 55 55
1702 12 609 742 6 -24 0 51 51
1703 8 1100 0 6 -12851 0 55 0
1704 8 742 0 6 -12851 0 55 0
1705 12 742 1100 -6 24 0 55 51
1706 12 609 742 -6 24 0 51 51
1707 12 1100 742 -6 24 0 51 55
1708 8 609 0 6 -12851 0 55 0
1709 8 1100 0 -24 -12851 0 55 0
1710 12 1100 742 -6 24 0 55 51
1711 8 903 0 6 -12851 0 55 0
1712 8 609 0 24 -12851 0 55 0
1713 12 742 500 6 -24 0 51 51
1714 8 609 0 -6 -12851 0 60 0
1715 8 742 0 -6 -12851 0 60 0
1716 12 742 903 6 -24 0 55 55
1717 8 903 0 -6 -12851 0 55 0
1718 8 903 0 6 -12851 0 55 0
1719 8 742 0 24 -12851 0 55 0
1720 8 742 0 6 -12851 0 60 0
1721 8 742 0 24 -12851 0 55 0
1722 8 1100 0 24 -12851 0 60 0
1723 8 1100 0 -24 -12851 0 60 0
1724 8 1100 0 -6 -12851 0 55 0
1725 8 903 0 24 -12851 0 55 0
1726 8 609 0 6 -12851 0 55 0
1727 8 742 0 -24 -12851 0 60 0
1728 8 903 0 6 -12851 0 55 0
1729 8 742 0 24 -12851 0 60 0
1730 12 742 500 -6 24 0 51 51
1731 12 903 742 6 -24 0 55 55
1732 12 742 500 -6 24 0 55 51
1733 12 742 500 6 -24 0 55 55
1734 8 500 0 -24 -12851 0 60 0
1735 8 903 0 -24 -12851 0 55 0
1736 8 609 0 6 -12851 0 60 0
1737 8 500 0 -24 -12851 0 60 0
1738 8 609 0 -6 -12851 0 60 0
1739 8 500 0 -6 -12851 0 55 0
1740 8 742 0 -24 -12851 0 60 0
1741 8 742 0 24 -12851 0 60 0
1742 8 500 0 6 -12851 0 55 0
1743 8 903 0 -24 -12851 0 60 0
1744 8 742 0 -24 -12851 0 60 0
1745 8 609 0 -24 -12851 0 60 0
1746 8 742 0 24 -12851 0 55 0
1747 8 609 0 -6 -12851 0 60 0
1748 8 903 0 24 -12851 0 60 0
1749 8 500 0 6 -12851 0 55 0
1750 8 500 0 6 -12851 0 60 0
1751 8 609 0 6 -12851 0 60 0
1752 8 903 0 6 -12851 0 55 0
1753 8 1100 0 -6 -12851 0 60 0
1754 8 1100 0 -24 -12851 0 60 0
1755 8 1100 0 6 -12851 0 55 0
1756 8 609 0 -6 -12851 0 60 0
1757 8 609 0 -6 -12851 0 60 0
1758 12 742 1100 -6 24 0 51 51
1759 8 609 0 6 -12851 0 60 0
1760 12 500 742 6 -24 0 51 51
1761 8 609 0 -6 -12851 0 55 0
1762 8 903 0 6 -12851 0 60 0
1763 8 1100 0 -24 -12851 0 60 0
1764 12 742 1100 -6 24 0 51 55
1765 12 742 609 -6 24 0 55 55
1766 12 609 742 6 -24 0 51 55
1767 8 742 0 -24 -12851 0 55 0
1768 8 1100 0 6 -12851 0 55 0
1769 8 500 0 -6 -12851 0 60 0
1770 12 742 1100 -6 24 0 55 55
1771 8 500 0 6 -12851 0 60 0
1772 12 609 742 -6 24 0 55 55
1773 12 742 609 6 -24 0 55 51
1774 12 742 1100 6 -24 0 51 51
1775 12 742 500 6 -24 0 51 51
1776 12 500 742 6 -24 0 55 51
1777 12 742 1100 -6 24 0 55 55
1778 8 1100 0 6 -12851 0 55 0
1779 12 742 609 -6 24 0 55 51
1780 12 742 500 -6 24 0 51 51
1781 8 500 0 -24 -12851 0 60 0
1782 12 609 742 -6 24 0 55 55
1783 8 742 0 6 -12851 0 55 0
1784 8 903 0 -24 -12851 0 60 0
1785 12 742 1100 -6 24 0 51 51
1786 8 903 0 -24 -12851 0 55 0
1787 12 742 903 -6 24 0 55 55
1788 8 742 0 6 -12851 0 60 0
1789 8 742 0 24 -12851 0 60 0
1790 8 742 0 -6 -12851 0 55 0
1791 12 500 742 6 -24 0 55 51
1792 8 500 0 -24 -12851 0 60 0
1793 12 742 903 -6 24 0 55 55
1794 8 903 0 24 -12851 0 60 0
1795 12 742 1100 -6 24 0 51 51
1796 8 742 0 24 -12851 0 60 0
1797 8 609 0 -24 -12851 0 55 0
1798 12 742 903 -6 24 0 51 51
1799 8 742 0 24 -12851 0 55 0
1800 8 609 0 -6 -12851 0 60 0
1801 8 903 0 24 -12851 0 55 0
1802 12 742 609 -6 24 0 51 55
1803 8 500 0 6 -12851 0 60 0
1804 12 903 742 -6 24 0 51 51
1805 12 742 500 -6 24 0 51 51
1806 12 1100 742 -6 24 0 55 51
1807 12 742 609 6 -24 0 55 51
1808 8 500 0 -6 -12851 0 60 0
1809 12 903 742 -6 24 0 55 55
1810 12 742 609 -6 24 0 55 55
1811 8 609 0 -24 -12851 0 60 0
1812 8 903 0 -6 -12851 0 55 0
1813 8 1100 0 -24 -12851 0 60 0
1814 8 1100 0 6 -12851 0 60 0
1815 12 742 1100 6 -24 0 51 51
1816 12 742 609 -6 24 0 55 55
1817 8 1100 0 24 -12851 0 60 0
1818 12 742 903 -6 24 0 55 55
1819 8 500 0 -6 -12851 0 60 0
1820 8 500 0 6 -12851 0 60 0
1821 12 742 500 6 -24 0 55 51
1822 8 903 0 24 -12851 0 55 0
1823 8 609 0 -24 -12851 0 55 0
1824 8 1100 0 6 -12851 0 60 0
1825 8 742 0 -6 -12851 0 55 0
1826 8 500 0 -6 -12851 0 55 0
1827 8 742 0 -24 -12851 0 60 0
1828 8 903 0 -6 -12851 0 60 0
1829 8 742 0 -24 -12851 0 60 0
1830 12 1100 742 6 -24 0 51 55
1831 12 742 609 -6 24 0 55 55
1832 12 903 742 6 -24 0 51 51
1833 12 742 903 6 -24 0 55 55
1834 8 500 0 24 -12851 0 55 0
1835 12 1100 742 6 -24 0 55 55
1836 8 903 0 24 -12851 0 55 0
1837 8 1100 0 -24 -12851 0 60 0
1838 12 903 742 -6 24 0 51 55
1839 8 609 0 -24 -12851 0 55 0
1840 8 609 0 -24 -12851 0 55 0
1841 8 1100 0 24 -12851 0 55 0
1842 8 1100 0 -24 -12851 0 55 0
1843 12 742 609 -6 24 0 55 55
1844 8 1100 0 6 -12851 0 55 0
1845 8 1100 0 -24 -12851 0 60 0
1846 8 903 0 6 -12851 0 60 0
1847 12 742 1100 6 -24 0 51 51
1848 8 609 0 24 -12851 0 55 0
1849 12 903 742 -6 24 0 55 51
1850 8 609 0 -6 -12851 0 60 0
1851 8 609 0 6 -12851 0 60 0
1852 12 1100 742 -6 24 0 51 51
1853 8 1100 0 -6 -12851 0 55 0
1854 12 500 742 6 -24 0 55 55
1855 8 500 0 -6 -12851 0 60 0
1856 12 742 609 -6 24 0 55 55
1857 8 742 0 -6 -12851 0 60 0
1858 12 903 742 -6 24 0 51 51
1859 12 903 742 -6 24 0 55 51
1860 8 903 0 6 -12851 0 60 0
1861 12 742 1100 6 -24 0 51 51
1862 8 500 0 -6 -12851 0 60 0
1863 12 500 742 -6 24 0 51 51
1864 12 742 1100 -6 24 0 55 51
1865 8 742 0 6 -12851 0 60 0
1866 8 903 0 24 -12851 0 55 0
1867 8 500 0 24 -12851 0 60 0
1868 8 742 0 6 -12851 0 60 0
1869 12 742 1100 6 -24 0 51 51
1870 12 903 742 -6 24 0 55 55
1871 8 500 0 -24 -12851 0 60 0
1872 12 500 742 -6 24 0 51 51
1873 8 500 0 -24 -12851 0 60 0
1874 12 742 609 -6 24 0 55 51
1875 12 500 742 -6 24 0 51 55
1876 8 500 0 6 -12851 0 55 0
1877 8 1100 0 -6 -12851 0 60 0
1878 8 500 0 -6 -12851 0 60 0
1879 12 500 742 6 -24 0 55 55
1880 8 903 0 -6 -12851 0 60 0
1881 8 609 0 6 -12851 0 60 0
1882 8 903 0 6 -12851 0 55 0
1883 8 903 0 6 -12851 0 55 0
1884 8 609 0 6 -12851 0 55 0
1885 8 1100 0 -6 -12851 0 60 0
1886 8 609 0 6 -12851 0 55 0
1887 8 742 0 -24 -12851 0 60 0
1888 8 742 0 -6 -12851 0 55 0
1889 8 742 0 -6 -12851 0 60 0
1890 8 1100 0 24 -12851 0 60 0
1891 12 903 742 -6 24 0 55 55
1892 8 609 0 24 -12851 0 60 0
1893 8 609 0 6 -12851 0 55 0
1894 8 500 0 24 -12851 0 55 0
1895 8 903 0 6 -12851 0 55 0
1896 8 903 0 -6 -12851 0 60 0
1897 8 1100 0 24 -12851 0 60 0
1898 8 903 0 -6 -12851 0 60 0
1899 12 903 742 6 -24 0 51 55
1900 8 742 0 24 -12851 0 55 0
1901 8 609 0 24 -12851 0 60 0
1902 12 742 500 -6 24 0 51 51
1903 12 742 903 -6 24 0 51 55
1904 12 742 1100 6 -24 0 55 55
1905 8 609 0 24 -12851 0 55 0
1906 8 500 0 6 -12851 0 60 0
1907 8 1100 0 -24 -12851 0 60 0
1908 8 1100 0 6 -12851 0 60 0
1909 8 742 0 24 -12851 0 60 0
1910 12 609 742 6 -24 0 51 51
1911 12 1100 742 -6 24 0 51 55
1912 8 742 0 -6 -12851 0 60 0
1913 12 742 609 -6 24 0 55 55
1914 8 500 0 24 -12851 0 60 0
1915 12 1100 742 -6 24 0 55 51
1916 12 903 742 6 -24 0 55 55
1917 8 903 0 -6 -12851 0 60 0
1918 12 742 1100 -6 24 0 51 55
1919 12 1100 742 6 -24 0 55 55
1920 8 903 0 -24 -12851 0 55 0
1921 8 609 0 -6 -12851 0 60 0
1922 8 742 0 24 -12851 0 60 0
