444 12 903 742 -6 24 0 51 55
445 8 903 0 -24 -12851 1 55 0
446 12 903 742 -6 24 1 55 55
447 8 1100 0 24 -12851 1 55 0
448 12 1100 742 6 -24 0 55 51
449 8 609 0 -6 -12851 1 60 0
450 8 609 0 -24 -12851 1 55 0
451 8 500 0 24 -12851 0 55 0
452 8 1100 0 24 -12851 1 55 0
453 12 500 742 6 -24 1 51 55
454 8 609 0 -6 -12851 0 55 0
455 8 500 0 -6 -12851 0 60 0
456 8 500 0 -6 -12851 0 55 0
457 12 742 609 -6 24 1 55 55
458 8 742 0 6 -12851 1 60 0
459 8 742 0 -24 -12851 1 60 0
460 8 1100 0 -6 -12851 0 60 0
461 12 1100 742 6 -24 1 55 51
462 8 500 0 -24 -12851 0 60 0
463 12 742 609 -6 24 1 55 55
464 8 742 0 6 -12851 1 60 0
465 12 609 742 -6 24 1 55 51
466 12 742 609 6 -24 1 51 51
467 8 500 0 -6 -12851 0 60 0
468 12 742 609 -6 24 1 51 51
469 8 500 0 6 -12851 1 55 0
470 8 609 0 -24 -12851 0 60 0
471 8 1100 0 6 -12851 1 55 0
472 8 742 0 -24 -12851 1 55 0
473 8 903 0 6 -12851 1 55 0
474 8 903 0 -6 -12851 0 60 0
475 12 1100 742 6 -24 1 51 55
476 12 609 742 6 -24 1 55 51
477 8 609 0 24 -12851 1 55 0
478 8 1100 0 -24 -12851 1 60 0
479 8 609 0 24 -12851 1 55 0
480 12 903 742 6 -24 1 51 51
481 12 742 903 6 -24 1 51 51
482 8 903 0 24 -12851 1 60 0
483 8 609 0 -24 -12851 1 55 0
484 8 609 0 6 -12851 1 60 0
485 12 1100 742 6 -24 1 51 51
486 12 903 742 -6 24 1 55 55
487 8 609 0 -6 -12851 0 60 0
488 8 742 0 24 -12851 1 60 0
489 12 742 903 -6 24 1 55 51
490 12 903 742 6 -24 1 55 55
491 12 742 903 -6 24 0 55 55
492 12 1100 742 6 -24 1 55 55
493 12 609 742 6 -24 1 55 51
494 8 742 0 -6 -12851 0 60 0
495 8 1100 0 24 -12851 1 55 0
496 8 742 0 -6 -12851 0 55 0
497 8 609 0 24 -12851 1 55 0
498 8 500 0 -24 -12851 1 60 0
499 12 1100 742 -6 24 1 51 55
500 8 500 0 24 -12851 1 55 0
501 8 500 0 -24 -12851 1 60 0
502 12 500 742 6 -24 0 55 51
503 12 742 1100 -6 24 1 55 55
504 8 1100 0 24 -12851 1 55 0
505 8 1100 0 24 -12851 1 60 0
506 12 609 742 -6 24 1 51 51
507 8 903 0 -24 -12851 0 55 0
508 12 903 742 6 -24 1 51 55
509 8 903 0 -24 -12851 1 60 0
510 12 609 742 -6 24 0 55 55
511 8 903 0 6 -12851 1 60 0
512 8 742 0 24 -12851 1 60 0
513 8 742 0 -24 -12851 1 55 0
514 8 609 0 -6 -12851 1 55 0
515 8 609 0 6 -12851 1 60 0
516 8 500 0 -6 -12851 0 55 0
517 12 742 609 6 -24 1 51 51
518 12 500 742 6 -24 1 55 55
519 8 742 0 6 -12851 1 55 0
520 8 1100 0 -24 -12851 1 55 0
521 12 1100 742 -6 24 0 55 51
522 8 903 0 6 -12851 0 60 0
523 8 500 0 -6 -12851 0 55 0
524 8 903 0 6 -12851 1 60 0
525 8 609 0 24 -12851 1 55 0
526 8 903 0 24 -12851 1 55 0
527 12 742 609 6 -24 1 55 55
528 8 500 0 -6 -12851 1 60 0
529 8 1100 0 24 -12851 1 60 0
530 8 742 0 24 -12851 1 55 0
531 12 742 609 6 -24 1 55 55
532 12 500 742 6 -24 1 51 55
533 8 1100 0 -6 -12851 0 55 0
534 12 1100 742 6 -24 1 55 55
535 12 609 742 6 -24 1 55 55
536 12 742 609 6 -24 1 51 51
537 12 742 609 -6 24 0 55 51
538 8 903 0 -6 -12851 0 60 0
539 12 1100 742 -6 24 1 51 55
540 12 500 742 6 -24 1 55 55
541 12 742 1100 6 -24 0 55 51
542 8 903 0 24 -12851 0 55 0
543 12 742 609 6 -24 0 51 51
544 8 609 0 -24 -12851 1 55 0
545 8 742 0 -24 -12851 1 55 0
546 8 1100 0 -6 -12851 0 60 0
547 8 742 0 -6 -12851 0 60 0
548 8 1100 0 -6 -12851 0 55 0
549 8 903 0 -24 -12851 1 60 0
550 12 500 742 6 -24 1 51 55
551 8 742 0 24 -12851 1 55 0
552 12 742 500 -6 24 1 55 55
553 8 500 0 6 -12851 1 60 0
554 8 903 0 -24 -12851 1 55 0
555 8 609 0 24 -12851 0 55 0
556 8 1100 0 -6 -12851 1 60 0
557 12 1100 742 -6 24 1 51 55
558 12 742 1100 -6 24 1 51 55
559 8 500 0 -6 -12851 0 60 0
560 8 609 0 24 -12851 1 60 0
561 8 500 0 24 -12851 1 55 0
562 12 903 742 6 -24 1 55 55
563 12 903 742 6 -24 0 51 51
564 12 742 903 -6 24 0 51 55
565 8 742 0 -6 -12851 0 60 0
566 8 742 0 24 -12851 1 55 0
567 12 609 742 -6 24 1 55 51
568 8 1100 0 6 -12851 0 55 0
569 8 609 0 -6 -12851 0 55 0
570 12 742 609 6 -24 1 51 51
571 8 1100 0 24 -12851 1 60 0
572 12 1100 742 6 -24 1 55 51
573 8 903 0 24 -12851 0 60 0
574 12 742 903 6 -24 1 51 55
575 8 1100 0 -24 -12851 1 55 0
576 8 903 0 24 -12851 1 55 0
577 8 903 0 -24 -12851 1 60 0
578 8 500 0 -6 -12851 0 55 0
579 12 903 742 -6 24 0 55 55
580 12 1100 742 -6 24 1 51 55
581 8 500 0 6 -12851 1 55 0
582 8 609 0 -24 -12851 1 55 0
583 8 742 0 24 -12851 1 55 0
584 12 500 742 -6 24 1 55 55
585 12 742 903 -6 24 1 55 55
586 8 609 0 -24 -12851 1 55 0
587 8 500 0 -24 -12851 1 60 0
588 8 742 0 24 -12851 1 55 0
589 8 500 0 6 -12851 1 55 0
590 8 500 0 -6 -12851 1 60 0
591 8 903 0 -24 -12851 1 60 0
592 8 1100 0 -6 -12851 0 60 0
593 12 903 742 -6 24 0 55 55
594 12 742 609 -6 24 0 55 51
595 8 903 0 -6 -12851 1 60 0
596 8 500 0 24 -12851 1 60 0
597 12 500 742 6 -24 1 51 51
598 8 903 0 6 -12851 1 55 0
599 12 903 742 6 -24 1 55 51
600 8 742 0 -6 -12851 1 55 0
601 12 903 742 6 -24 1 55 55
602 8 500 0 24 -12851 1 55 0
603 8 1100 0 -6 -12851 0 55 0
604 12 742 1100 6 -24 1 55 51
605 12 742 609 -6 24 1 51 51
606 12 903 742 6 -24 1 51 55
607 8 609 0 6 -12851 1 60 0
608 8 1100 0 24 -12851 1 60 0
609 12 742 609 6 -24 1 51 55
610 8 742 0 -24 -12851 0 60 0
611 8 742 0 -24 -12851 0 55 0
612 12 609 742 -6 24 0 51 51
613 8 609 0 -24 -12851 0 55 0
614 12 609 742 -6 24 1 55 51
615 8 609 0 6 -12851 0 60 0
616 12 500 742 -6 24 0 55 55
617 8 742 0 -6 -12851 1 60 0
618 8 742 0 -24 -12851 1 60 0
619 8 609 0 24 -12851 0 55 0
620 8 609 0 -24 -12851 1 55 0
621 12 742 500 -6 24 1 55 55
622 12 742 903 -6 24 1 55 55
623 8 500 0 24 -12851 1 55 0
624 12 742 500 -6 24 1 51 55
625 12 1100 742 6 -24 1 51 51
626 8 903 0 24 -12851 1 55 0
627 8 609 0 -6 -12851 0 60 0
628 12 742 500 -6 24 1 55 55
629 8 742 0 24 -12851 1 55 0
630 12 1100 742 6 -24 1 51 51
631 12 742 903 -6 24 1 51 55
632 8 742 0 -6 -12851 0 55 0
633 8 1100 0 -24 -12851 1 60 0
634 12 1100 742 6 -24 1 55 55
635 8 903 0 6 -12851 1 60 0
636 8 903 0 -24 -12851 1 60 0
637 8 1100 0 -6 -12851 0 55 0
638 12 742 903 -6 24 0 51 51
639 8 500 0 6 -12851 1 60 0
640 12 742 609 6 -24 1 55 55
641 12 742 1100 -6 24 1 55 55
642 12 742 903 -6 24 0 55 55
643 8 500 0 6 -12851 1 60 0
644 12 742 500 6 -24 1 55 51
645 12 609 742 -6 24 1 51 51
646 12 903 742 -6 24 1 55 55
647 8 1100 0 -24 -12851 1 60 0
648 8 500 0 24 -12851 1 60 0
649 8 500 0 6 -12851 1 60 0
650 8 500 0 -6 -12851 1 60 0
651 12 903 742 -6 24 1 55 51
652 8 609 0 -24 -12851 1 60 0
653 8 1100 0 6 -12851 0 55 0
654 8 609 0 6 -12851 1 55 0
655 8 500 0 24 -12851 1 55 0
656 12 742 1100 6 -24 1 55 55
657 8 1100 0 6 -12851 1 55 0
658 8 742 0 -24 -12851 1 55 0
659 8 903 0 6 -12851 1 55 0
660 12 500 742 -6 24 0 51 55
661 8 1100 0 -24 -12851 1 60 0
662 12 742 1100 6 -24 1 55 51
663 8 742 0 -6 -12851 0 60 0
664 12 609 742 -6 24 1 51 51
665 12 742 609 -6 24 0 55 51
666 12 742 1100 -6 24 1 51 55
667 8 609 0 24 -12851 1 55 0
668 8 742 0 24 -12851 1 55 0
669 8 903 0 -24 -12851 1 55 0
670 8 903 0 -24 -12851 1 60 0
671 12 1100 742 -6 24 0 55 51
672 12 742 500 -6 24 1 55 51
673 8 903 0 -24 -12851 0 55 0
674 8 903 0 -6 -12851 0 55 0
675 8 903 0 -6 -12851 0 60 0
676 8 500 0 6 -12851 1 60 0
677 8 609 0 24 -12851 0 55 0
678 8 742 0 -24 -12851 1 55 0
679 8 742 0 -24 -12851 1 55 0
680 12 742 609 -6 24 0 51 55
681 8 742 0 6 -12851 1 60 0
682 8 903 0 -24 -12851 1 60 0
683 8 609 0 6 -12851 1 60 0
684 12 903 742 -6 24 0 51 51
685 8 609 0 6 -12851 1 55 0
686 8 500 0 -24 -12851 1 55 0
687 12 742 500 6 -24 1 55 51
688 8 1100 0 -6 -12851 0 55 0
689 8 500 0 -6 -12851 1 55 0
690 8 1100 0 -24 -12851 0 60 0
691 12 742 609 -6 24 1 55 55
692 8 1100 0 -24 -12851 0 55 0
693 8 903 0 -24 -12851 1 60 0
694 12 903 742 6 -24 0 51 55
695 8 903 0 6 -12851 1 60 0
696 12 742 1100 -6 24 0 55 55
697 8 742 0 24 -12851 0 55 0
698 8 1100 0 -6 -12851 1 60 0
699 12 903 742 6 -24 1 51 51
700 12 742 1100 6 -24 1 55 51
701 8 903 0 24 -12851 1 55 0
702 8 609 0 -24 -12851 1 60 0
703 12 742 903 -6 24 0 51 55
704 8 742 0 -24 -12851 1 60 0
705 8 742 0 -24 -12851 0 60 0
706 8 609 0 6 -12851 0 55 0
707 12 742 500 -6 24 1 51 55
708 12 742 500 6 -24 0 51 51
709 8 1100 0 24 -12851 1 60 0
710 8 500 0 -6 -12851 0 55 0
711 12 742 609 6 -24 1 55 51
712 8 609 0 -6 -12851 0 55 0
713 12 742 1100 6 -24 1 51 55
714 12 903 742 6 -24 1 51 55
715 8 903 0 -6 -12851 1 55 0
716 8 1100 0 -6 -12851 1 60 0
717 8 500 0 -24 -12851 1 55 0
718 8 500 0 -6 -12851 1 55 0
719 8 1100 0 6 -12851 1 60 0
720 8 1100 0 6 -12851 1 60 0
721 8 500 0 24 -12851 1 60 0
722 8 1100 0 24 -12851 1 60 0
723 12 500 742 -6 24 1 51 51
724 8 609 0 -24 -12851 0 60 0
725 8 1100 0 6 -12851 0 60 0
726 8 903 0 6 -12851 1 60 0
727 12 903 742 -6 24 1 51 51
728 8 609 0 -6 -12851 0 60 0
729 12 742 903 6 -24 1 51 51
730 8 903 0 24 -12851 0 60 0
731 12 903 742 -6 24 1 51 55
732 8 500 0 6 -12851 1 60 0
733 8 609 0 24 -12851 1 55 0
734 8 742 0 -24 -12851 1 55 0
735 8 903 0 24 -12851 1 55 0
736 12 609 742 -6 24 1 55 55
737 12 742 1100 6 -24 0 55 55
738 8 500 0 -6 -12851 0 60 0
739 12 742 1100 6 -24 0 51 55
740 8 742 0 -24 -12851 1 55 0
741 12 609 742 -6 24 0 51 51
742 8 742 0 -6 -12851 1 55 0
743 12 742 609 6 -24 1 55 51
744 8 500 0 6 -12851 0 55 0
745 12 742 500 -6 24 0 51 51
746 8 500 0 -24 -12851 1 55 0
747 8 903 0 6 -12851 1 60 0
748 12 742 500 -6 24 0 51 55
749 8 500 0 -24 -12851 1 55 0
750 8 1100 0 24 -12851 1 60 0
751 12 903 742 6 -24 1 51 55
752 8 609 0 24 -12851 0 60 0
753 8 1100 0 -24 -12851 1 55 0
754 8 742 0 -24 -12851 1 55 0
755 12 500 742 6 -24 0 55 55
756 12 1100 742 6 -24 0 55 51
757 8 609 0 6 -12851 1 55 0
758 12 742 1100 -6 24 1 55 55
759 8 903 0 6 -12851 0 55 0
760 12 500 742 6 -24 1 51 55
761 12 609 742 -6 24 0 55 55
762 8 742 0 24 -12851 1 55 0
763 12 742 500 6 -24 1 55 55
764 8 500 0 -6 -12851 1 60 0
765 8 742 0 24 -12851 1 60 0
766 8 609 0 -24 -12851 1 60 0
767 12 742 903 -6 24 0 55 51
768 12 742 500 -6 24 0 51 55
769 8 1100 0 -6 -12851 1 55 0
770 8 903 0 6 -12851 1 55 0
771 8 500 0 24 -12851 1 60 0
772 8 500 0 -6 -12851 1 60 0
773 8 742 0 -24 -12851 1 60 0
774 12 742 500 6 -24 1 55 55
775 8 742 0 6 -12851 1 55 0
776 12 742 609 -6 24 1 55 55
777 12 742 609 -6 24 0 55 51
778 12 500 742 -6 24 1 55 51
779 8 500 0 -24 -12851 1 60 0
780 8 742 0 -6 -12851 1 60 0
781 8 500 0 6 -12851 1 55 0
782 12 742 1100 -6 24 1 55 51
783 12 742 1100 6 -24 1 55 55
784 12 742 500 -6 24 0 55 51
785 8 1100 0 24 -12851 1 60 0
786 8 1100 0 6 -12851 1 55 0
787 12 609 742 6 -24 1 55 51
788 12 742 1100 6 -24 1 55 51
789 12 500 742 6 -24 1 55 51
790 8 609 0 -6 -12851 1 55 0
791 8 609 0 6 -12851 1 60 0
792 8 609 0 24 -12851 1 55 0
793 8 1100 0 -24 -12851 1 60 0
794 8 903 0 24 -12851 1 60 0
795 12 500 742 6 -24 1 55 55
796 8 903 0 6 -12851 1 60 0
797 8 903 0 -6 -12851 0 60 0
798 12 742 1100 -6 24 0 55 55
799 12 500 742 6 -24 1 51 55
800 8 500 0 24 -12851 1 60 0
801 8 500 0 -6 -12851 1 55 0
802 8 500 0 6 -12851 1 60 0
803 8 500 0 -6 -12851 1 60 0
804 8 1100 0 -6 -12851 1 60 0
805 12 742 500 -6 24 0 55 51
806 8 742 0 -24 -12851 1 60 0
807 12 609 742 6 -24 0 51 51
808 12 742 500 6 -24 1 51 55
809 12 742 609 6 -24 1 51 51
810 12 742 609 6 -24 1 55 51
811 8 1100 0 -24 -12851 1 60 0
812 8 1100 0 -6 -12851 1 60 0
813 12 742 903 -6 24 1 51 55
814 8 903 0 -24 -12851 1 55 0
815 8 742 0 24 -12851 1 55 0
816 8 609 0 24 -12851 1 60 0
817 8 609 0 -24 -12851 1 60 0
818 8 903 0 -24 -12851 1 55 0
819 12 742 1100 6 -24 1 55 55
820 8 609 0 -24 -12851 1 60 0
821 12 500 742 -6 24 1 55 51
822 12 742 609 6 -24 1 55 55
823 12 903 742 6 -24 1 51 55
824 12 1100 742 6 -24 0 51 51
825 8 903 0 -6 -12851 1 60 0
826 12 609 742 -6 24 0 51 51
827 12 903 742 -6 24 0 55 55
828 12 1100 742 -6 24 0 55 51
829 8 742 0 -24 -12851 0 55 0
830 8 903 0 -6 -12851 1 55 0
831 8 903 0 6 -12851 1 60 0
832 8 500 0 6 -12851 1 60 0
833 8 500 0 -24 -12851 1 55 0
834 12 500 742 -6 24 1 51 55
835 8 500 0 -6 -12851 0 60 0
836 12 609 742 -6 24 0 55 55
837 8 742 0 24 -12851 1 55 0
838 12 742 1100 6 -24 1 55 55
839 8 903 0 -24 -12851 1 55 0
840 12 742 903 -6 24 0 51 55
841 8 903 0 6 -12851 1 55 0
842 12 500 742 6 -24 1 51 55
843 8 1100 0 -6 -12851 1 60 0
844 8 1100 0 -6 -12851 1 60 0
845 8 1100 0 24 -12851 1 55 0
846 8 742 0 6 -12851 0 55 0
847 8 609 0 -24 -12851 1 60 0
848 8 742 0 6 -12851 1 55 0
849 8 609 0 -24 -12851 1 60 0
850 12 903 742 -6 24 0 51 51
851 8 609 0 -6 -12851 0 60 0
852 8 742 0 6 -12851 1 55 0
853 8 742 0 -24 -12851 1 60 0
854 8 1100 0 -6 -12851 1 55 0
855 8 500 0 -24 -12851 1 60 0
856 8 609 0 24 -12851 1 60 0
857 8 903 0 6 -12851 1 60 0
858 12 742 500 6 -24 0 55 51
859 8 609 0 -6 -12851 1 60 0
860 8 1100 0 24 -12851 1 55 0
861 12 1100 742 6 -24 1 51 51
862 12 742 903 6 -24 1 51 51
863 8 742 0 24 -12851 1 60 0
864 12 500 742 -6 24 1 55 55
865 8 500 0 24 -12851 1 60 0
866 8 903 0 24 -12851 1 55 0
867 8 500 0 -24 -12851 0 55 0
868 12 742 609 -6 24 1 51 55
869 12 609 742 6 -24 1 51 51
870 12 500 742 -6 24 1 51 55
871 8 1100 0 -6 -12851 0 55 0
872 8 742 0 24 -12851 1 55 0
873 12 903 742 -6 24 1 55 55
874 12 1100 742 6 -24 1 51 55
875 8 609 0 -24 -12851 1 60 0
876 8 903 0 6 -12851 1 55 0
877 12 742 1100 -6 24 0 51 51
878 12 903 742 6 -24 1 51 55
879 8 1100 0 -6 -12851 1 55 0
880 12 903 742 6 -24 1 51 55
881 8 1100 0 -24 -12851 1 60 0
882 8 903 0 24 -12851 1 60 0
883 8 500 0 -24 -12851 1 55 0
884 8 609 0 -6 -12851 1 60 0
885 8 742 0 24 -12851 0 60 0
886 8 742 0 24 -12851 1 60 0
887 12 903 742 6 -24 1 51 55
888 8 742 0 6 -12851 1 55 0
889 8 1100 0 6 -12851 1 60 0
890 8 500 0 -24 -12851 1 60 0
891 12 742 903 6 -24 0 55 51
892 8 1100 0 6 -12851 1 55 0
893 8 903 0 -24 -12851 1 55 0
894 8 609 0 24 -12851 0 55 0
895 8 609 0 -24 -12851 0 55 0
896 8 500 0 -24 -12851 1 60 0
897 12 742 1100 6 -24 1 51 55
898 8 903 0 6 -12851 1 55 0
899 8 609 0 -24 -12851 1 60 0
900 8 609 0 -24 -12851 1 60 0
901 8 1100 0 24 -12851 1 55 0
902 8 903 0 6 -12851 1 60 0
903 12 1100 742 -6 24 1 55 55
904 8 903 0 6 -12851 1 55 0
905 12 500 742 6 -24 1 51 51
906 8 742 0 -6 -12851 1 60 0
907 12 903 742 -6 24 0 51 51
908 12 742 1100 -6 24 0 55 51
909 12 742 500 -6 24 0 55 51
910 12 742 1100 6 -24 0 51 55
911 12 742 903 6 -24 1 55 55
912 8 742 0 6 -12851 0 55 0
913 12 742 609 6 -24 0 55 55
914 8 742 0 -24 -12851 1 55 0
915 8 609 0 -6 -12851 0 55 0
916 8 1100 0 24 -12851 1 55 0
917 8 609 0 -6 -12851 0 60 0
918 12 742 500 -6 24 1 51 55
919 8 903 0 -6 -12851 0 60 0
920 8 500 0 -6 -12851 0 55 0
921 12 609 742 -6 24 0 55 55
922 12 903 742 6 -24 1 51 51
923 8 1100 0 -6 -12851 0 60 0
924 12 742 903 6 -24 1 51 51
925 8 500 0 24 -12851 1 55 0
926 8 500 0 -24 -12851 0 55 0
927 8 500 0 -24 -12851 1 55 0
928 8 500 0 24 -12851 0 60 0
929 8 742 0 -24 -12851 1 60 0
930 8 609 0 24 -12851 1 60 0
931 8 500 0 6 -12851 1 55 0
932 12 742 903 6 -24 1 51 55
933 8 742 0 6 -12851 1 60 0
934 12 742 609 6 -24 1 55 55
935 12 903 742 -6 24 0 55 55
936 8 609 0 -24 -12851 0 60 0
937 8 609 0 6 -12851 1 55 0
938 8 903 0 -24 -12851 1 55 0
939 8 1100 0 24 -12851 1 60 0
940 8 1100 0 -6 -12851 0 55 0
941 8 1100 0 6 -12851 1 60 0
942 8 500 0 -24 -12851 1 60 0
943 8 903 0 24 -12851 1 55 0
944 8 903 0 -6 -12851 1 55 0
945 8 742 0 6 -12851 1 55 0
946 8 903 0 -6 -12851 0 60 0
947 8 903 0 -6 -12851 1 55 0
948 12 742 609 6 -24 1 51 51
949 8 609 0 -6 -12851 1 55 0
950 8 1100 0 6 -12851 1 60 0
951 8 1100 0 -24 -12851 1 60 0
952 8 903 0 -24 -12851 1 55 0
953 8 500 0 24 -12851 1 55 0
954 12 903 742 6 -24 1 55 55
955 8 742 0 24 -12851 1 60 0
956 12 500 742 -6 24 1 51 51
957 8 500 0 -6 -12851 1 60 0
958 8 742 0 6 -12851 1 55 0
959 8 1100 0 -24 -12851 1 55 0
960 12 609 742 -6 24 0 51 51
961 8 903 0 -24 -12851 1 60 0
962 8 500 0 6 -12851 1 55 0
963 12 742 1100 6 -24 1 55 55
964 8 742 0 6 -12851 1 55 0
965 8 609 0 6 -12851 1 60 0
966 8 609 0 -24 -12851 1 55 0
967 8 500 0 6 -12851 1 55 0
968 12 500 742 6 -24 0 55 55
969 12 903 742 6 -24 1 55 51
970 12 742 609 6 -24 0 55 51
971 12 903 742 6 -24 1 51 51
972 8 500 0 6 -12851 0 60 0
973 8 609 0 24 -12851 1 60 0
974 8 903 0 -6 -12851 1 60 0
975 8 609 0 -24 -12851 1 55 0
976 12 903 742 -6 24 0 55 55
977 12 903 742 6 -24 0 51 55
978 8 500 0 -24 -12851 1 60 0
979 8 903 0 6 -12851 0 55 0
980 8 609 0 6 -12851 0 55 0
981 8 742 0 24 -12851 0 55 0
982 12 903 742 -6 24 0 55 55
983 12 609 742 6 -24 0 51 55
984 12 742 1100 -6 24 0 51 51
985 12 742 903 6 -24 0 51 51
986 8 903 0 -24 -12851 0 60 0
987 8 742 0 -24 -12851 0 55 0
988 12 500 742 6 -24 0 51 55
989 12 1100 742 6 -24 0 51 51
990 8 742 0 -6 -12851 0 60 0
991 8 500 0 -6 -12851 0 60 0
992 12 742 1100 6 -24 0 55 51
993 8 1100 0 -6 -12851 0 55 0
994 12 742 1100 6 -24 0 55 51
995 12 742 1100 -6 24 0 55 51
996 8 1100 0 -24 -12851 0 60 0
997 12 742 500 -6 24 0 55 55
998 8 1100 0 24 -12851 0 60 0
999 12 903 742 6 -24 0 51 51
1000 8 609 0 6 -12851 0 55 0
1001 8 609 0 6 -12851 0 60 0
1002 8 903 0 24 -12851 0 60 0
1003 8 500 0 24 -12851 0 60 0
1004 12 609 742 6 -24 0 51 51
1005 8 609 0 6 -12851 1 60 0
1006 8 1100 0 24 -12851 0 60 0
1007 8 742 0 -24 -12851 0 60 0
1008 8 742 0 -24 -12851 0 55 0
1009 12 500 742 6 -24 0 55 51
1010 12 742 609 6 -24 0 55 51
1011 12 1100 742 6 -24 0 55 51
1012 8 500 0 -6 -12851 0 55 0
1013 12 742 609 -6 24 0 51 55
1014 8 742 0 -24 -12851 0 55 0
1015 12 500 742 6 -24 0 51 55
1016 8 609 0 -24 -12851 0 55 0
1017 8 903 0 -6 -12851 0 60 0
1018 12 903 742 6 -24 0 55 55
1019 8 500 0 6 -12851 0 60 0
1020 12 903 742 -6 24 0 55 51
1021 12 742 1100 6 -24 0 51 55
1022 8 903 0 6 -12851 0 60 0
1023 8 1100 0 -24 -12851 0 55 0
1024 12 903 742 -6 24 0 55 55
1025 12 609 742 6 -24 0 55 55
1026 8 1100 0 -6 -12851 0 60 0
1027 8 742 0 24 -12851 0 55 0
1028 12 609 742 6 -24 0 51 51
1029 12 742 903 6 -24 0 51 55
1030 8 742 0 6 -12851 0 60 0
1031 8 609 0 -6 -12851 0 60 0
1032 8 609 0 -6 -12851 0 55 0
1033 8 500 0 -24 -12851 0 60 0
1034 8 903 0 24 -12851 0 60 0
1035 12 742 500 6 -24 0 51 51
1036 12 742 1100 -6 24 0 55 51
1037 12 742 903 6 -24 0 55 51
1038 12 742 609 6 -24 0 51 55
1039 8 609 0 -6 -12851 0 55 0
1040 8 742 0 -6 -12851 0 55 0
1041 8 742 0 -24 -12851 0 55 0
1042 8 1100 0 6 -12851 0 55 0
1043 8 903 0 6 -12851 0 60 0
1044 8 903 0 6 -12851 0 55 0
1045 8 1100 0 -6 -12851 0 60 0
1046 12 609 742 -6 24 0 51 55
1047 12 742 1100 6 -24 0 55 55
1048 8 500 0 -6 -12851 0 55 0
1049 12 742 1100 -6 24 0 55 51
1050 8 500 0 6 -12851 0 60 0
1051 12 500 742 -6 24 0 55 55
1052 8 1100 0 24 -12851 0 55 0
1053 12 742 609 -6 24 0 51 51
1054 8 500 0 -6 -12851 0 55 0
1055 12 500 742 -6 24 0 55 51
1056 8 500 0 24 -12851 0 60 0
1057 8 500 0 6 -12851 0 60 0
1058 8 500 0 24 -12851 0 60 0
1059 8 1100 0 -24 -12851 0 55 0
1060 8 742 0 6 -12851 0 55 0
1061 12 742 609 -6 24 0 55 51
1062 8 1100 0 -24 -12851 0 60 0
1063 8 1100 0 6 -12851 0 55 0
1064 12 500 742 6 -24 0 55 55
1065 12 1100 742 -6 24 0 55 51
1066 8 903 0 6 -12851 0 55 0
1067 12 609 742 6 -24 0 55 51
1068 8 742 0 -24 -12851 0 55 0
1069 8 609 0 -6 -12851 0 55 0
1070 12 903 742 6 -24 0 51 51
1071 12 742 1100 6 -24 0 55 51
1072 12 742 903 -6 24 0 55 55
1073 8 609 0 -6 -12851 0 60 0
1074 8 903 0 -24 -12851 0 60 0
1075 12 742 609 6 -24 0 51 55
1076 12 742 500 6 -24 0 51 51
1077 12 742 609 6 -24 0 51 51
1078 8 609 0 -6 -12851 0 55 0
1079 8 903 0 -6 -12851 0 55 0
1080 8 742 0 -6 -12851 0 60 0
1081 8 742 0 -24 -12851 0 55 0
1082 8 742 0 6 -12851 0 55 0
1083 12 742 903 6 -24 0 51 51
1084 12 742 1100 6 -24 0 55 51
1085 12 742 609 -6 24 0 55 51
1086 8 609 0 6 -12851 0 60 0
1087 8 609 0 -24 -12851 0 60 0
1088 8 500 0 -6 -12851 0 60 0
1089 12 1100 742 6 -24 0 55 55
1090 8 903 0 -6 -12851 0 60 0
1091 8 609 0 6 -12851 0 55 0
1092 8 742 0 -6 -12851 0 55 0
1093 12 500 742 -6 24 0 55 55
1094 8 742 0 -6 -12851 0 60 0
1095 8 1100 0 -24 -12851 0 60 0
1096 8 903 0 -24 -12851 0 60 0
1097 8 903 0 24 -12851 0 55 0
1098 8 1100 0 -6 -12851 0 55 0
1099 8 500 0 24 -12851 0 60 0
1100 8 500 0 -6 -12851 0 55 0
1101 8 1100 0 24 -12851 0 60 0
1102 12 742 1100 -6 24 0 51 51
1103 8 1100 0 -6 -12851 0 55 0
1104 8 1100 0 6 -12851 0 55 0
1105 12 742 500 -6 24 0 51 55
1106 8 609 0 -6 -12851 0 60 0
1107 12 742 1100 6 -24 0 55 51
1108 12 742 1100 6 -24 0 51 51
1109 8 1100 0 6 -12851 0 55 0
1110 8 500 0 -6 -12851 0 60 0
1111 12 742 903 -6 24 0 51 55
1112 8 903 0 -6 -12851 0 55 0
1113 12 742 500 6 -24 0 51 51
1114 12 742 609 6 -24 0 51 55
1115 12 1100 742 -6 24 0 51 51
1116 8 500 0 -24 -12851 0 60 0
1117 8 609 0 -6 -12851 0 60 0
1118 8 903 0 6 -12851 0 55 0
1119 8 903 0 24 -12851 0 55 0
1120 12 903 742 -6 24 0 55 55
1121 8 1100 0 -6 -12851 0 60 0
1122 8 500 0 6 -12851 0 55 0
1123 12 742 1100 -6 24 0 51 55
1124 12 1100 742 -6 24 0 55 55
1125 8 609 0 -24 -12851 0 60 0
1126 8 742 0 -24 -12851 0 60 0
1127 8 742 0 24 -12851 0 60 0
1128 8 742 0 24 -12851 0 55 0
1129 12 609 742 6 -24 0 55 55
1130 12 500 742 -6 24 0 55 55
1131 8 500 0 -24 -12851 0 60 0
1132 8 500 0 6 -12851 0 60 0
1133 12 1100 742 6 -24 0 55 55
1134 8 1100 0 -6 -12851 0 55 0
1135 8 609 0 -24 -12851 0 60 0
1136 12 500 742 -6 24 0 51 55
1137 12 1100 742 -6 24 0 51 55
1138 8 903 0 -6 -12851 0 55 0
1139 12 1100 742 -6 24 0 51 55
1140 8 903 0 -24 -12851 0 55 0
1141 12 742 609 6 -24 0 55 55
1142 8 500 0 -24 -12851 0 55 0
1143 12 500 742 -6 24 0 55 51
1144 12 742 609 -6 24 0 55 55
1145 8 1100 0 24 -12851 0 60 0
1146 8 903 0 -6 -12851 0 55 0
1147 12 500 742 6 -24 0 51 55
1148 12 742 609 6 -24 0 55 51
1149 12 609 742 6 -24 0 51 55
1150 12 742 609 -6 24 0 55 55
1151 8 742 0 24 -12851 0 55 0
1152 8 500 0 -24 -12851 0 60 0
1153 8 609 0 24 -12851 0 60 0
1154 12 500 742 6 -24 0 51 55
1155 8 742 0 -24 -12851 0 55 0
1156 8 609 0 24 -12851 0 60 0
1157 8 742 0 6 -12851 0 55 0
1158 8 1100 0 -24 -12851 0 60 0
1159 8 609 0 24 -12851 0 55 0
1160 8 609 0 6 -12851 0 60 0
1161 8 1100 0 -6 -12851 0 60 0
1162 8 903 0 6 -12851 0 55 0
1163 12 609 742 -6 24 0 55 55
1164 8 1100 0 -6 -12851 0 55 0
1165 12 1100 742 -6 24 0 55 55
1166 8 500 0 6 -12851 0 55 0
1167 8 903 0 6 -12851 0 55 0
1168 8 609 0 -6 -12851 0 55 0
1169 12 742 500 -6 24 0 55 55
1170 8 742 0 24 -12851 0 55 0
1171 8 609 0 24 -12851 0 60 0
1172 8 1100 0 24 -12851 0 60 0
1173 12 742 609 6 -24 0 55 51
1174 8 903 0 -24 -12851 0 60 0
1175 12 742 903 -6 24 0 55 55
1176 8 500 0 24 -12851 0 60 0
1177 8 742 0 6 -12851 0 60 0
1178 8 742 0 6 -12851 0 55 0
1179 12 742 903 6 -24 0 55 51
1180 8 500 0 -6 -12851 0 55 0
1181 8 1100 0 24 -12851 0 60 0
1182 8 1100 0 6 -12851 0 60 0
1183 12 742 903 -6 24 0 55 51
1184 8 1100 0 -24 -12851 0 60 0
1185 8 903 0 -6 -12851 0 60 0
1186 8 609 0 24 -12851 0 60 0
1187 8 903 0 -24 -12851 0 55 0
1188 8 609 0 -6 -12851 0 60 0
1189 12 742 609 6 -24 0 55 55
1190 8 903 0 -6 -12851 0 60 0
1191 8 609 0 24 -12851 0 60 0
1192 8 742 0 -6 -12851 0 60 0
1193 8 1100 0 -6 -12851 0 55 0
1194 12 742 500 -6 24 0 51 51
1195 12 742 1100 6 -24 0 51 51
1196 12 742 903 6 -24 0 51 55
1197 8 742 0 24 -12851 0 60 0
1198 12 500 742 -6 24 0 55 55
1199 8 500 0 24 -12851 0 60 0
1200 8 500 0 -24 -12851 0 55 0
1201 12 742 903 -6 24 0 55 55
1202 12 742 500 6 -24 0 55 51
1203 12 609 742 6 -24 0 55 55
1204 12 1100 742 6 -24 0 55 51
1205 12 903 742 -6 24 0 51 51
1206 12 742 903 6 -24 0 55 51
1207 12 1100 742 -6 24 0 55 55
1208 12 742 609 -6 24 0 51 51
1209 12 742 609 6 -24 0 55 51
1210 12 742 1100 -6 24 0 51 51
1211 12 742 500 -6 24 0 55 51
1212 8 500 0 24 -12851 0 60 0
1213 8 742 0 -6 -12851 0 60 0
1214 8 903 0 24 -12851 0 55 0
1215 8 903 0 -24 -12851 0 55 0
1216 12 742 500 -6 24 0 55 51
1217 12 742 609 -6 24 0 55 55
1218 8 742 0 -24 -12851 0 55 0
1219 12 742 903 6 -24 0 55 55
1220 12 742 903 -6 24 0 51 51
1221 12 742 609 6 -24 0 51 51
1222 8 609 0 24 -12851 0 55 0
1223 8 742 0 -24 -12851 0 55 0
1224 8 903 0 -24 -12851 0 55 0
1225 12 1100 742 -6 24 0 55 51
1226 8 1100 0 -6 -12851 0 55 0
1227 8 903 0 24 -12851 0 55 0
1228 8 609 0 24 -12851 0 60 0
1229 8 500 0 6 -12851 0 60 0
1230 8 609 0 -6 -12851 0 55 0
1231 12 742 609 6 -24 0 51 51
1232 8 742 0 -6 -12851 0 60 0
1233 12 609 742 -6 24 0 51 51
1234 12 742 903 -6 24 0 55 51
1235 8 1100 0 24 -12851 0 60 0
1236 8 500 0 6 -12851 0 60 0
1237 8 1100 0 -24 -12851 0 55 0
1238 8 500 0 -6 -12851 0 55 0
1239 8 500 0 -6 -12851 0 60 0
1240 8 500 0 -6 -12851 0 60 0
1241 8 742 0 6 -12851 0 60 0
1242 12 742 903 -6 24 0 55 51
1243 8 742 0 -24 -12851 0 55 0
1244 8 500 0 6 -12851 0 60 0
1245 8 742 0 6 -12851 0 60 0
1246 12 742 609 -6 24 0 51 55
1247 8 500 0 -6 -12851 0 60 0
1248 8 1100 0 6 -12851 0 60 0
1249 8 1100 0 -24 -12851 0 60 0
1250 8 609 0 6 -12851 0 60 0
1251 12 742 1100 -6 24 0 55 51
1252 12 742 1100 6 -24 0 55 51
1253 8 609 0 -6 -12851 0 60 0
1254 12 1100 742 -6 24 0 55 55
1255 12 500 742 6 -24 0 55 55
1256 8 609 0 24 -12851 0 60 0
1257 8 1100 0 24 -12851 0 60 0
1258 12 742 903 6 -24 0 51 51
1259 12 903 742 -6 24 0 55 55
1260 8 903 0 -24 -12851 0 55 0
1261 8 903 0 -6 -12851 0 60 0
1262 8 903 0 6 -12851 0 60 0
1263 8 500 0 -6 -12851 0 60 0
1264 12 742 1100 6 -24 0 55 51
1265 8 500 0 -24 -12851 0 55 0
1266 12 742 903 6 -24 0 55 55
1267 12 742 903 -6 24 0 55 55
1268 8 903 0 -24 -12851 0 60 0
1269 8 742 0 24 -12851 0 60 0
1270 8 500 0 6 -12851 0 55 0
1271 12 903 742 -6 24 0 51 51
1272 8 903 0 24 -12851 0 55 0
1273 8 1100 0 6 -12851 0 60 0
1274 8 500 0 6 -12851 0 60 0
1275 8 903 0 -24 -12851 0 55 0
1276 12 609 742 -6 24 0 55 51
1277 8 742 0 24 -12851 0 60 0
1278 8 742 0 -6 -12851 0 55 0
1279 8 609 0 -6 -12851 0 55 0
1280 8 1100 0 6 -12851 0 55 0
1281 8 1100 0 -24 -12851 0 55 0
1282 12 742 903 6 -24 0 55 55
1283 12 742 500 6 -24 0 55 55
1284 8 609 0 -24 -12851 0 55 0
1285 8 609 0 24 -12851 0 60 0
1286 8 609 0 -6 -12851 0 55 0
1287 8 609 0 -6 -12851 0 60 0
1288 8 1100 0 -6 -12851 0 55 0
1289 8 1100 0 -24 -12851 1 60 0
1290 8 609 0 -24 -12851 1 55 0
1291 8 1100 0 -24 -12851 1 60 0
1292 12 742 500 6 -24 0 51 51
1293 12 1100 742 -6 24 1 55 51
1294 12 1100 742 6 -24 0 55 55
1295 12 903 742 6 -24 1 55 51
1296 8 903 0 -24 -12851 1 55 0
1297 8 500 0 24 -12851 1 60 0
1298 12 742 903 -6 24 0 55 55
1299 8 903 0 -6 -12851 1 60 0
1300 8 500 0 -24 -12851 1 55 0
1301 12 742 609 -6 24 1 55 51
1302 8 903 0 6 -12851 0 60 0
1303 12 742 609 -6 24 0 55 51
1304 12 609 742 6 -24 1 51 55
1305 12 742 903 6 -24 1 51 51
1306 8 609 0 6 -12851 1 55 0
1307 12 903 742 6 -24 0 51 55
1308 12 742 903 6 -24 0 55 51
1309 8 742 0 6 -12851 1 60 0
1310 8 500 0 24 -12851 1 55 0
1311 8 742 0 -24 -12851 1 55 0
1312 8 742 0 -24 -12851 1 55 0
1313 8 1100 0 24 -12851 1 60 0
1314 12 609 742 6 -24 1 55 51
1315 12 1100 742 6 -24 1 55 51
1316 12 742 500 -6 24 1 55 51
1317 8 1100 0 6 -12851 1 55 0
1318 8 742 0 -6 -12851 1 60 0
1319 8 1100 0 -24 -12851 1 55 0
1320 8 1100 0 -6 -12851 1 60 0
1321 12 500 742 6 -24 1 55 55
1322 8 903 0 -6 -12851 1 60 0
1323 12 903 742 -6 24 0 55 55
1324 12 903 742 6 -24 0 51 51
1325 12 742 1100 6 -24 1 51 51
1326 12 1100 742 6 -24 1 55 55
1327 8 903 0 -6 -12851 0 60 0
1328 12 903 742 6 -24 1 55 55
1329 12 742 609 -6 24 1 51 51
1330 12 742 903 6 -24 1 51 51
1331 8 500 0 24 -12851 1 60 0
1332 8 742 0 24 -12851 1 55 0
1333 8 742 0 -24 -12851 1 55 0
1334 12 742 500 -6 24 0 55 55
1335 8 903 0 -24 -12851 1 55 0
1336 12 609 742 6 -24 1 55 55
1337 12 500 742 6 -24 1 51 51
1338 8 500 0 24 -12851 0 55 0
1339 8 500 0 6 -12851 0 55 0
1340 12 742 609 6 -24 0 51 51
1341 8 609 0 -6 -12851 1 55 0
1342 12 903 742 -6 24 0 51 55
1343 12 500 742 6 -24 0 51 51
1344 12 742 609 -6 24 1 55 55
1345 8 609 0 -6 -12851 0 55 0
1346 8 609 0 24 -12851 1 60 0
1347 8 609 0 -24 -12851 1 55 0
1348 8 609 0 -24 -12851 0 55 0
1349 12 500 742 -6 24 0 55 51
1350 12 609 742 6 -24 0 51 51
1351 8 1100 0 -24 -12851 1 60 0
1352 12 742 500 6 -24 1 51 51
1353 8 903 0 24 -12851 0 55 0
1354 8 1100 0 6 -12851 1 55 0
1355 8 742 0 24 -12851 1 55 0
1356 8 1100 0 24 -12851 1 55 0
1357 12 742 609 -6 24 0 55 55
1358 12 742 1100 -6 24 1 55 55
1359 8 609 0 -6 -12851 1 55 0
1360 8 500 0 24 -12851 1 60 0
1361 12 609 742 -6 24 1 51 51
1362 8 742 0 -24 -12851 1 60 0
1363 12 500 742 6 -24 1 55 55
1364 8 609 0 6 -12851 1 60 0
1365 8 742 0 6 -12851 1 60 0
1366 8 500 0 -24 -12851 1 55 0
1367 8 500 0 -6 -12851 1 55 0
1368 8 903 0 6 -12851 1 55 0
1369 8 903 0 24 -12851 1 55 0
1370 8 609 0 -24 -12851 0 60 0
1371 8 609 0 -6 -12851 0 60 0
1372 8 609 0 24 -12851 1 60 0
1373 12 609 742 -6 24 0 55 51
1374 8 500 0 24 -12851 1 60 0
1375 12 609 742 6 -24 1 55 55
1376 12 609 742 6 -24 1 55 51
1377 8 609 0 -6 -12851 1 55 0
1378 8 500 0 24 -12851 1 55 0
1379 8 1100 0 -6 -12851 0 55 0
1380 8 1100 0 -24 -12851 1 55 0
1381 8 500 0 6 -12851 1 60 0
1382 12 903 742 6 -24 0 51 55
1383 8 742 0 -6 -12851 1 60 0
1384 12 742 1100 -6 24 1 55 51
1385 12 500 742 -6 24 0 51 55
1386 8 1100 0 24 -12851 1 60 0
1387 8 742 0 -6 -12851 1 55 0
1388 8 742 0 -6 -12851 1 60 0
1389 12 742 903 -6 24 0 51 51
1390 8 903 0 -24 -12851 1 60 0
1391 8 903 0 -24 -12851 1 55 0
1392 8 903 0 6 -12851 1 55 0
1393 12 903 742 -6 24 0 51 51
1394 8 609 0 -6 -12851 1 60 0
1395 12 742 903 -6 24 1 51 51
1396 12 742 609 -6 24 1 55 51
1397 12 903 742 6 -24 0 55 51
1398 12 609 742 6 -24 1 51 51
1399 8 609 0 24 -12851 1 60 0
1400 8 1100 0 6 -12851 1 60 0
1401 12 500 742 6 -24 1 51 51
1402 12 742 1100 -6 24 1 51 55
1403 8 903 0 -6 -12851 0 60 0
1404 8 1100 0 6 -12851 0 55 0
1405 8 500 0 6 -12851 0 60 0
1406 12 903 742 6 -24 0 51 51
1407 12 742 1100 6 -24 1 51 55
1408 12 903 742 6 -24 0 55 51
1409 12 1100 742 -6 24 1 55 55
1410 8 903 0 6 -12851 1 55 0
1411 12 609 742 -6 24 0 51 55
1412 8 609 0 6 -12851 1 60 0
1413 8 742 0 -6 -12851 0 60 0
1414 12 742 609 6 -24 1 51 55
1415 12 609 742 -6 24 0 55 55
1416 12 609 742 6 -24 0 51 51
1417 8 609 0 -24 -12851 0 55 0
1418 12 609 742 6 -24 1 55 51
1419 8 1100 0 -6 -12851 1 55 0
1420 12 742 500 6 -24 1 55 51
1421 8 903 0 6 -12851 1 60 0
1422 8 500 0 -24 -12851 1 60 0
1423 8 742 0 -6 -12851 0 55 0
1424 8 742 0 -6 -12851 1 55 0
1425 12 742 903 -6 24 0 51 55
1426 12 609 742 -6 24 0 51 51
1427 12 609 742 -6 24 0 55 55
1428 8 500 0 24 -12851 1 55 0
1429 8 903 0 24 -12851 1 60 0
1430 8 903 0 -6 -12851 1 60 0
1431 8 500 0 24 -12851 1 55 0
1432 8 742 0 -24 -12851 1 55 0
1433 8 742 0 -24 -12851 1 60 0
1434 8 1100 0 24 -12851 1 60 0
1435 12 500 742 6 -24 0 55 55
1436 12 609 742 -6 24 0 51 51
1437 8 742 0 6 -12851 1 55 0
1438 8 1100 0 -24 -12851 1 60 0
1439 8 609 0 -24 -12851 1 55 0
1440 8 1100 0 -24 -12851 1 55 0
1441 12 609 742 -6 24 1 51 51
1442 8 500 0 -24 -12851 0 60 0
1443 8 903 0 24 -12851 1 55 0
1444 12 742 500 -6 24 0 51 51
1445 12 903 742 6 -24 1 55 51
1446 8 903 0 -6 -12851 0 60 0
1447 12 742 903 6 -24 1 51 51
1448 8 609 0 24 -12851 0 55 0
1449 8 609 0 -6 -12851 1 60 0
1450 12 742 903 6 -24 1 51 51
1451 8 500 0 6 -12851 0 60 0
1452 8 1100 0 -24 -12851 1 55 0
1453 8 1100 0 6 -12851 1 60 0
1454 12 1100 742 -6 24 0 55 55
1455 8 1100 0 24 -12851 0 60 0
1456 8 500 0 -6 -12851 1 55 0
1457 12 742 903 -6 24 0 51 55
1458 8 609 0 -6 -12851 1 55 0
1459 8 742 0 -24 -12851 1 60 0
1460 12 742 500 6 -24 0 55 55
1461 8 742 0 6 -12851 1 55 0
1462 12 1100 742 -6 24 0 55 55
1463 12 742 609 -6 24 0 51 55
1464 8 609 0 -24 -12851 0 60 0
1465 8 1100 0 -24 -12851 0 60 0
1466 8 500 0 -6 -12851 1 60 0
1467 12 903 742 -6 24 1 51 51
1468 8 903 0 -6 -12851 1 60 0
1469 12 742 903 6 -24 0 55 51
1470 12 609 742 -6 24 1 51 55
1471 12 742 500 6 -24 0 51 51
1472 8 742 0 -6 -12851 1 55 0
1473 8 903 0 -24 -12851 1 60 0
1474 8 903 0 -24 -12851 1 55 0
1475 12 903 742 6 -24 0 51 51
1476 12 500 742 -6 24 1 51 51
1477 12 609 742 -6 24 0 55 51
1478 8 609 0 24 -12851 1 60 0
1479 8 500 0 -6 -12851 0 60 0
1480 12 500 742 -6 24 1 51 51
1481 12 742 1100 -6 24 0 55 51
1482 12 742 609 6 -24 0 55 55
1483 12 1100 742 6 -24 1 55 51
1484 8 609 0 24 -12851 1 60 0
1485 8 609 0 24 -12851 1 55 0
1486 12 609 742 6 -24 0 51 55
1487 8 609 0 -24 -12851 1 60 0
1488 8 742 0 24 -12851 1 60 0
1489 12 742 903 6 -24 0 55 55
1490 8 500 0 -6 -12851 1 55 0
1491 8 1100 0 6 -12851 1 60 0
1492 8 742 0 24 -12851 0 55 0
1493 8 1100 0 -24 -12851 0 55 0
1494 8 1100 0 6 -12851 0 55 0
1495 8 742 0 -24 -12851 0 55 0
1496 12 500 742 -6 24 0 55 55
1497 12 742 609 6 -24 1 51 51
1498 12 1100 742 -6 24 0 55 55
1499 8 500 0 -24 -12851 1 60 0
1500 12 742 1100 6 -24 0 51 55
1501 12 742 903 -6 24 1 51 51
1502 8 903 0 -24 -12851 1 55 0
1503 8 500 0 -6 -12851 1 55 0
1504 12 742 500 6 -24 0 55 55
1505 12 742 1100 6 -24 0 55 51
1506 8 609 0 24 -12851 0 55 0
1507 8 903 0 -6 -12851 0 60 0
1508 12 742 903 6 -24 1 55 55
1509 8 903 0 -24 -12851 0 60 0
1510 8 903 0 24 -12851 0 60 0
1511 12 500 742 -6 24 0 51 55
1512 12 742 903 6 -24 0 51 51
1513 12 1100 742 6 -24 0 55 51
1514 8 903 0 -24 -12851 0 60 0
1515 8 903 0 6 -12851 0 55 0
1516 12 742 609 6 -24 0 51 55
1517 12 742 500 -6 24 0 51 55
1518 12 742 500 6 -24 0 51 51
1519 12 742 500 6 -24 0 51 55
1520 12 500 742 6 -24 0 51 51
1521 12 500 742 -6 24 0 55 55
1522 12 500 742 -6 24 0 51 51
1523 8 500 0 -24 -12851 1 55 0
1524 12 742 500 6 -24 0 51 55
1525 12 500 742 -6 24 0 51 55
1526 12 500 742 6 -24 0 55 55
1527 12 742 500 6 -24 0 55 55
1528 12 742 500 6 -24 0 51 55
1529 8 609 0 6 -12851 0 60 0
1530 8 742 0 6 -12851 0 60 0
1531 12 500 742 -6 24 0 55 51
1532 8 742 0 -6 -12851 0 60 0
1533 12 500 742 -6 24 0 51 55
1534 12 500 742 -6 24 0 55 55
1535 8 742 0 -24 -12851 0 60 0
1536 12 500 742 -6 24 0 55 55
1537 12 742 500 6 -24 0 51 51
1538 12 500 742 6 -24 0 51 55
1539 8 903 0 -6 -12851 0 55 0
1540 12 500 742 6 -24 0 55 55
1541 12 742 500 6 -24 0 51 51
1542 12 742 500 -6 24 0 51 51
1543 12 500 742 6 -24 0 55 55
1544 12 742 500 6 -24 0 55 55
1545 12 742 500 -6 24 0 55 55
1546 12 500 742 -6 24 0 51 55
1547 12 500 742 -6 24 0 55 51
1548 12 742 500 6 -24 0 51 51
1549 8 609 0 6 -12851 0 60 0
1550 12 742 500 6 -24 0 51 51
1551 12 742 500 -6 24 0 55 55
1552 12 500 742 6 -24 0 55 55
1553 12 500 742 -6 24 0 51 51
1554 8 609 0 -6 -12851 0 55 0
1555 12 500 742 6 -24 0 51 51
1556 12 500 742 -6 24 0 55 55
1557 12 742 500 -6 24 0 55 55
1558 12 742 500 -6 24 0 51 51
1559 12 742 500 -6 24 0 51 51
1560 8 500 0 -6 -12851 0 55 0
1561 12 500 742 -6 24 0 51 51
1562 12 500 742 6 -24 0 51 55
1563 12 742 500 6 -24 0 55 55
1564 12 742 500 6 -24 0 55 51
1565 12 742 500 -6 24 0 51 55
1566 8 1100 0 24 -12851 0 55 0
1567 12 500 742 6 -24 0 51 51
1568 12 742 500 -6 24 0 51 55
1569 12 742 500 6 -24 0 55 51
1570 8 500 0 -6 -12851 0 60 0
1571 12 742 500 -6 24 0 55 51
1572 12 742 500 -6 24 0 55 55
1573 12 742 500 6 -24 0 55 55
1574 12 500 742 -6 24 0 55 55
1575 12 500 742 -6 24 0 55 51
1576 12 500 742 6 -24 0 51 51
1577 12 500 742 -6 24 0 55 55
1578 12 742 500 -6 24 0 55 55
1579 12 500 742 6 -24 0 51 51
1580 12 500 742 6 -24 0 55 51
1581 12 742 500 6 -24 0 55 55
1582 12 500 742 -6 24 0 51 51
1583 12 500 742 6 -24 0 55 51
1584 12 500 742 -6 24 0 55 51
1585 8 1100 0 -24 -12851 0 60 0
1586 12 500 742 6 -24 0 51 55
1587 12 742 500 -6 24 0 51 51
1588 12 742 500 6 -24 0 51 55
1589 12 742 500 -6 24 0 51 51
1590 12 500 742 6 -24 0 51 51
1591 12 742 500 6 -24 0 55 55
1592 12 742 500 -6 24 0 55 55
1593 12 500 742 6 -24 0 55 55
1594 12 500 742 -6 24 0 51 51
1595 12 742 500 -6 24 0 51 51
1596 12 500 742 6 -24 0 51 51
1597 12 742 500 -6 24 0 51 51
1598 12 500 742 6 -24 0 55 55
1599 12 500 742 6 -24 0 51 55
1600 12 500 742 -6 24 0 51 55
1601 8 1100 0 6 -12851 0 55 0
1602 12 742 500 -6 24 0 55 51
1603 12 742 500 6 -24 0 51 51
1604 12 500 742 6 -24 0 51 51
1605 8 500 0 24 -12851 0 60 0
1606 12 742 500 -6 24 0 55 51
1607 8 500 0 -24 -12851 0 60 0
1608 12 742 500 6 -24 0 51 51
1609 12 500 742 6 -24 0 55 55
1610 12 500 742 -6 24 0 51 51
1611 12 500 742 -6 24 0 55 51
1612 12 500 742 -6 24 0 51 51
1613 12 500 742 6 -24 0 55 55
1614 12 742 500 6 -24 0 51 51
1615 12 500 742 -6 24 0 55 51
1616 12 500 742 -6 24 0 55 51
1617 8 1100 0 -6 -12851 0 55 0
1618 8 742 0 -6 -12851 0 60 0
1619 12 500 742 6 -24 0 51 55
1620 12 742 500 -6 24 0 51 55
1621 12 500 742 6 -24 0 51 51
1622 12 742 500 -6 24 0 51 51
1623 8 903 0 -6 -12851 0 55 0
1624 12 742 500 6 -24 0 51 51
1625 12 742 500 -6 24 0 55 55
1626 8 1100 0 -6 -12851 1 60 0
1627 12 742 500 -6 24 0 55 55
1628 12 500 742 6 -24 0 51 51
1629 12 500 742 -6 24 0 51 51
1630 12 500 742 -6 24 0 51 51
1631 12 742 500 6 -24 0 51 51
1632 12 500 742 6 -24 0 55 51
1633 12 500 742 -6 24 0 51 51
1634 8 903 0 6 -12851 0 55 0
1635 12 742 500 -6 24 0 51 51
1636 12 500 742 -6 24 0 55 51
1637 8 609 0 -6 -12851 0 55 0
1638 8 500 0 24 -12851 0 55 0
1639 8 500 0 -6 -12851 0 60 0
1640 12 500 742 6 -24 0 55 51
1641 8 609 0 -24 -12851 0 60 0
1642 12 500 742 6 -24 0 55 51
1643 12 500 742 6 -24 0 55 55
1644 8 742 0 -24 -12851 0 60 0
1645 12 742 500 6 -24 0 51 51
1646 12 742 609 6 -24 0 55 55
1647 8 903 0 6 -12851 0 60 0
1648 8 609 0 24 -12851 0 60 0
1649 12 903 742 -6 24 0 51 51
1650 12 742 609 -6 24 0 55 55
1651 12 742 609 -6 24 0 51 51
1652 8 1100 0 -24 -12851 0 55 0
1653 8 742 0 -6 -12851 0 60 0
1654 12 903 742 6 -24 0 55 55
1655 12 1100 742 6 -24 0 55 55
1656 12 903 742 6 -24 0 55 55
1657 12 1100 742 -6 24 0 55 55
1658 12 609 742 -6 24 0 55 55
1659 8 903 0 -6 -12851 0 55 0
1660 8 903 0 -24 -12851 0 55 0
1661 12 500 742 -6 24 0 51 51
1662 12 742 903 6 -24 0 51 55
1663 12 742 609 6 -24 0 51 51
1664 12 903 742 6 -24 0 51 55
1665 12 609 742 -6 24 0 55 55
1666 12 1100 742 6 -24 0 51 51
1667 12 742 903 -6 24 0 55 51
1668 12 500 742 6 -24 0 51 51
1669 12 903 742 6 -24 0 51 51
1670 12 742 500 6 -24 0 55 55
1671 12 609 742 6 -24 0 51 51
1672 12 609 742 -6 24 0 55 51
1673 12 742 500 6 -24 0 51 55
1674 12 742 903 6 -24 0 51 51
1675 12 742 609 -6 24 0 55 51
1676 12 742 903 -6 24 0 55 55
1677 12 742 1100 6 -24 0 51 51
1678 12 609 742 -6 24 0 51 51
1679 12 742 609 6 -24 0 55 51
1680 12 742 500 -6 24 0 55 51
1681 12 742 1100 -6 24 0 51 55
1682 12 903 742 6 -24 0 55 51
1683 12 742 903 6 -24 0 55 55
1684 12 1100 742 -6 24 0 51 55
1685 12 500 742 -6 24 0 51 55
1686 12 742 903 6 -24 0 51 55
1687 12 742 500 6 -24 0 55 55
1688 8 742 0 -24 -12851 0 60 0
1689 12 1100 742 6 -24 0 55 55
1690 12 742 500 6 -24 0 55 55
1691 12 903 742 6 -24 0 55 55
1692 12 742 903 -6 24 0 55 51
1693 8 609 0 24 -12851 0 55 0
1694 12 742 609 -6 24 0 51 51
1695 8 742 0 -6 -12851 0 55 0
1696 12 742 500 6 -24 0 55 55
1697 12 903 742 6 -24 0 51 51
1698 12 903 742 -6 24 0 55 51
1699 12 742 903 -6 24 0 55 51
1700 12 500 742 -6 24 0 55 51
1701 12 609 742 -6 24 0 51 51
1702 8 903 0 6 -12851 0 60 0
1703 12 500 742 6 -24 0 55 55
1704 12 609 742 -6 24 0 55 55
1705 12 742 1100 -6 24 0 51 51
1706 12 742 903 6 -24 0 51 51
1707 12 500 742 6 -24 0 51 51
1708 12 609 742 6 -24 0 55 51
1709 12 1100 742 6 -24 0 51 51
1710 12 742 1100 6 -24 0 51 51
1711 12 742 500 -6 24 0 55 51
1712 12 742 609 6 -24 0 51 51
1713 8 1100 0 -24 -12851 0 60 0
1714 12 742 1100 6 -24 0 55 55
1715 12 742 903 -6 24 0 51 51
1716 12 742 903 6 -24 0 55 55
1717 12 903 742 -6 24 0 55 55
1718 12 609 742 6 -24 0 51 55
1719 8 903 0 -24 -12851 0 60 0
1720 12 903 742 6 -24 0 55 51
1721 12 742 609 6 -24 0 51 55
1722 8 609 0 24 -12851 0 55 0
1723 12 742 500 6 -24 0 55 55
1724 12 1100 742 6 -24 0 55 51
1725 12 742 903 6 -24 0 51 51
1726 12 1100 742 6 -24 0 51 51
1727 12 742 609 -6 24 0 55 51
1728 12 500 742 6 -24 0 51 51
1729 12 742 903 -6 24 0 51 51
1730 12 903 742 6 -24 0 55 55
1731 12 742 500 -6 24 0 55 55
1732 12 742 500 6 -24 0 51 51
1733 12 609 742 -6 24 0 51 51
1734 8 500 0 6 -12851 0 60 0
