1 12 609 903 -6 24 0 55 1
2 12 609 903 -6 24 1 55 1
3 12 903 609 -6 24 1 55 1
4 12 903 609 -6 24 1 55 1
5 12 903 609 -6 24 0 55 1
6 12 903 609 6 -24 0 55 1
7 12 903 609 -6 24 1 55 1
8 12 609 903 -6 24 1 55 1
9 12 609 903 6 -24 0 55 1
10 12 903 609 6 -24 1 55 1
11 12 609 903 6 -24 0 55 1
12 12 609 903 -6 24 0 55 1
13 12 609 903 -6 24 0 55 1
14 12 609 903 -6 24 0 55 1
15 12 609 903 -6 24 1 55 1
16 12 903 609 -6 24 1 55 1
17 12 609 903 -6 24 1 55 1
18 12 609 903 -6 24 0 55 1
19 12 609 903 6 -24 0 55 1
20 12 609 903 -6 24 0 55 1
21 12 609 903 6 -24 0 55 1
22 12 903 609 6 -24 0 55 1
23 12 903 609 -6 24 0 55 1
24 12 903 609 6 -24 0 55 1
25 12 903 609 6 -24 1 55 1
26 12 903 609 -6 24 1 55 1
27 12 609 903 6 -24 1 55 1
28 12 903 609 -6 24 0 55 1
29 12 903 609 6 -24 1 55 1
30 12 609 903 6 -24 1 55 1
31 12 903 609 6 -24 0 55 1
32 12 903 609 -6 24 0 55 1
33 12 903 609 -6 24 0 55 1
34 12 903 609 6 -24 0 55 1
35 12 609 903 6 -24 0 55 1
36 12 903 609 6 -24 0 55 1
37 12 609 903 -6 24 0 55 1
38 12 609 903 6 -24 0 55 1
39 12 609 903 6 -24 0 55 1
40 12 903 609 6 -24 1 55 1
41 12 903 609 6 -24 1 55 1
42 12 609 903 6 -24 1 55 1
43 12 609 903 -6 24 0 55 1
44 12 903 609 -6 24 1 55 1
45 12 609 903 -6 24 1 55 1
46 12 903 609 6 -24 1 55 1
47 12 609 903 -6 24 0 55 1
48 12 903 609 -6 24 0 55 1
49 12 609 903 -6 24 1 55 1
50 12 903 609 -6 24 1 55 1
51 12 903 609 -6 24 1 55 1
52 12 903 609 6 -24 0 55 1
53 12 903 609 6 -24 1 55 1
54 12 903 609 -6 24 0 55 1
55 12 609 903 -6 24 0 55 1
56 12 609 903 -6 24 0 55 1
57 12 903 609 -6 24 0 55 1
58 12 903 609 6 -24 0 55 1
59 12 609 903 6 -24 0 55 1
60 12 609 903 6 -24 0 55 1
61 12 903 609 -6 24 0 55 1
62 12 903 609 -6 24 0 55 1
63 12 609 903 -6 24 0 55 1
64 12 609 903 -6 24 0 55 1
65 12 903 609 6 -24 1 55 1
66 12 903 609 6 -24 0 55 1
67 12 609 903 -6 24 1 55 1
68 12 903 609 6 -24 1 55 1
69 12 609 903 -6 24 1 55 1
70 12 903 609 -6 24 1 55 1
71 12 903 609 6 -24 0 55 1
72 12 609 903 6 -24 0 55 1
73 12 609 903 -6 24 1 55 1
74 12 609 903 -6 24 0 55 1
75 12 609 903 -6 24 0 55 1
76 12 609 903 -6 24 0 55 1
77 12 609 903 -6 24 1 55 1
78 12 609 903 -6 24 0 55 1
79 12 903 609 -6 24 1 55 1
80 12 903 609 -6 24 1 55 1
81 12 609 903 6 -24 1 55 1
82 12 903 609 6 -24 1 55 1
83 12 609 903 6 -24 1 55 1
84 12 903 609 6 -24 0 55 1
85 12 903 609 -6 24 1 55 1
86 12 1100 742 -6 24 0 55 1
87 12 742 1100 -6 24 1 55 1
88 12 742 1100 -6 24 1 55 1
89 12 1100 742 -6 24 0 55 1
90 12 742 1100 -6 24 0 55 1
91 12 742 1100 -6 24 0 55 1
92 12 1100 742 -6 24 0 55 1
93 12 742 1100 -6 24 0 55 1
94 12 742 1100 6 -24 0 55 1
95 12 742 1100 -6 24 0 55 1
96 12 1100 742 6 -24 0 55 1
97 12 1100 742 -6 24 0 55 1
98 12 742 1100 6 -24 0 55 1
99 12 742 1100 -6 24 0 55 1
100 12 742 1100 -6 24 0 55 1
101 12 742 1100 6 -24 0 55 1
102 12 1100 742 -6 24 0 55 1
103 12 1100 742 6 -24 1 55 1
104 12 1100 742 -6 24 0 55 1
105 12 742 1100 -6 24 0 55 1
106 12 742 1100 6 -24 0 55 1
107 12 1100 742 6 -24 0 55 1
108 12 1100 742 -6 24 1 55 1
109 12 742 1100 -6 24 1 55 1
110 12 1100 742 -6 24 0 55 1
111 12 742 1100 -6 24 1 55 1
112 12 1100 742 -6 24 1 55 1
113 12 742 1100 -6 24 1 55 1
114 12 1100 742 6 -24 1 55 1
115 12 1100 742 6 -24 0 55 1
116 12 1100 742 -6 24 1 55 1
117 12 1100 742 6 -24 0 55 1
118 12 1100 742 6 -24 1 55 1
119 12 742 1100 -6 24 0 55 1
120 12 742 1100 -6 24 0 55 1
121 12 742 1100 -6 24 1 55 1
122 12 1100 742 -6 24 0 55 1
123 12 742 1100 -6 24 0 55 1
124 12 1100 742 -6 24 0 55 1
125 12 1100 742 -6 24 0 55 1
126 12 1100 742 6 -24 0 55 1
127 12 1100 742 6 -24 0 55 1
128 12 742 1100 -6 24 1 55 1
129 12 1100 742 -6 24 0 55 1
130 12 1100 742 -6 24 0 55 1
131 12 742 1100 6 -24 1 55 1
132 12 1100 742 6 -24 0 55 1
133 12 1100 742 6 -24 0 55 1
134 12 1100 742 -6 24 0 55 1
135 12 742 1100 6 -24 0 55 1
136 12 1100 742 -6 24 0 55 1
137 12 742 1100 6 -24 0 55 1
138 12 742 1100 6 -24 0 55 1
139 12 1100 742 -6 24 0 55 1
140 12 1100 742 6 -24 0 55 1
141 12 742 1100 -6 24 0 55 1
142 12 1100 742 6 -24 0 55 1
143 12 1100 742 6 -24 0 55 1
144 12 1100 742 -6 24 1 55 1
145 12 1100 742 -6 24 0 55 1
146 12 742 1100 6 -24 1 55 1
147 12 742 1100 -6 24 1 55 1
148 12 1100 742 -6 24 1 55 1
149 12 742 1100 -6 24 0 55 1
150 12 1100 742 6 -24 1 55 1
151 12 1100 742 -6 24 1 55 1
152 12 742 1100 -6 24 1 55 1
153 12 1100 742 -6 24 0 55 1
154 12 1100 742 -6 24 0 55 1
155 12 742 1100 6 -24 1 55 1
156 12 1100 742 -6 24 0 55 1
157 12 1100 742 -6 24 1 55 1
158 12 742 1100 6 -24 0 55 1
159 12 742 1100 -6 24 1 55 1
160 12 1100 742 -6 24 1 55 1
161 12 742 1100 -6 24 1 55 1
162 12 742 1100 6 -24 1 55 1
163 12 1100 742 -6 24 0 55 1
164 12 1100 742 6 -24 0 55 1
165 12 1100 742 6 -24 1 55 1
166 12 742 1100 6 -24 1 55 1
167 12 742 1100 6 -24 1 55 1
168 12 1100 742 -6 24 0 55 1
169 12 1100 742 -6 24 0 55 1
170 12 742 1100 -6 24 0 55 1
171 12 1100 742 -6 24 0 55 1
172 12 1100 742 6 -24 1 55 1
173 12 742 1100 6 -24 1 55 1
174 12 742 1100 -6 24 1 55 1
175 12 1100 742 6 -24 1 55 1
176 12 1100 742 -6 24 0 55 1
177 12 1100 742 -6 24 0 55 1
178 12 1100 742 6 -24 0 55 1
179 12 742 1100 -6 24 0 55 1
180 12 1100 742 -6 24 0 55 1
181 12 742 1100 -6 24 0 55 1
182 12 1100 742 6 -24 0 55 1
183 12 1100 742 -6 24 0 55 1
184 12 742 1100 -6 24 0 55 1
185 12 742 1100 6 -24 1 55 1
186 12 1100 742 6 -24 1 55 1
187 12 1100 742 -6 24 0 55 1
188 12 1100 742 -6 24 0 55 1
189 12 1100 742 -6 24 1 55 1
190 12 742 1100 -6 24 1 55 1
191 12 1100 742 -6 24 1 55 1
192 12 1100 742 6 -24 0 55 1
193 12 742 1100 -6 24 1 55 1
194 12 742 1100 -6 24 1 55 1
195 12 742 1100 -6 24 0 55 1
196 12 500 742 6 -24 0 55 1
197 12 500 742 -6 24 0 55 1
198 12 742 500 6 -24 0 55 1
199 12 500 742 -6 24 0 55 1
200 12 500 742 -6 24 0 55 1
201 12 742 500 -6 24 0 55 1
202 12 500 742 6 -24 0 55 1
203 12 500 742 6 -24 0 55 1
204 12 500 742 6 -24 0 55 1
205 12 742 500 -6 24 0 55 1
206 12 742 500 6 -24 0 55 1
207 12 742 500 -6 24 0 55 1
208 12 500 742 -6 24 0 55 1
209 12 742 500 -6 24 0 55 1
210 12 500 742 6 -24 0 55 1
211 12 742 500 -6 24 0 55 1
212 12 742 500 6 -24 0 55 1
213 12 742 500 6 -24 0 55 1
214 12 500 742 -6 24 0 55 1
215 12 500 742 6 -24 0 55 1
216 12 742 500 6 -24 0 55 1
217 12 500 742 -6 24 0 55 1
218 12 500 742 6 -24 0 55 1
219 12 500 742 -6 24 0 55 1
220 12 500 742 6 -24 0 55 1
221 12 500 742 -6 24 0 55 1
222 12 742 500 6 -24 0 55 1
223 12 742 500 -6 24 0 55 1
224 12 742 500 -6 24 0 55 1
225 12 742 500 -6 24 0 55 1
226 12 742 500 -6 24 0 55 1
227 12 500 742 6 -24 0 55 1
228 12 500 742 -6 24 1 55 1
229 12 500 742 -6 24 0 55 1
230 12 500 742 6 -24 0 55 1
231 12 742 500 -6 24 0 55 1
232 12 742 500 -6 24 0 55 1
233 12 500 742 6 -24 1 55 1
234 12 500 742 6 -24 0 55 1
235 12 742 500 6 -24 0 55 1
236 12 500 742 6 -24 0 55 1
237 12 500 742 6 -24 1 55 1
238 12 500 742 6 -24 0 55 1
239 12 742 500 -6 24 0 55 1
240 12 500 742 6 -24 0 55 1
241 12 500 742 -6 24 0 55 1
242 12 742 500 6 -24 0 55 1
243 12 500 742 -6 24 0 55 1
244 12 500 742 6 -24 0 55 1
245 12 500 742 -6 24 0 55 1
246 12 742 500 6 -24 0 55 1
247 12 500 742 -6 24 0 55 1
248 12 742 500 -6 24 0 55 1
249 12 742 500 6 -24 0 55 1
250 12 500 742 -6 24 0 55 1
251 12 742 500 -6 24 0 55 1
252 12 500 742 -6 24 0 55 1
253 12 742 500 -6 24 0 55 1
254 12 742 500 6 -24 0 55 1
255 12 742 500 -6 24 0 55 1
256 12 742 500 -6 24 0 55 1
257 12 500 742 -6 24 0 55 1
258 12 742 500 6 -24 0 55 1
259 12 742 500 -6 24 0 55 1
260 12 742 500 -6 24 0 55 1
261 12 500 742 -6 24 0 55 1
262 12 500 742 -6 24 0 55 1
263 12 500 742 6 -24 0 55 1
264 12 500 742 -6 24 0 55 1
265 12 742 500 -6 24 0 55 1
266 12 500 742 6 -24 0 55 1
267 12 742 500 -6 24 0 55 1
268 12 500 742 -6 24 0 55 1
269 12 500 742 6 -24 0 55 1
270 12 742 500 6 -24 0 55 1
271 12 742 500 -6 24 0 55 1
272 12 500 742 6 -24 1 55 1
273 12 500 742 6 -24 0 55 1
274 12 500 742 6 -24 0 55 1
275 12 500 742 6 -24 0 55 1
276 12 742 500 6 -24 0 55 1
277 12 500 742 6 -24 0 55 1
278 12 742 500 6 -24 0 55 1
279 12 500 742 6 -24 0 55 1
280 12 500 742 -6 24 0 55 1
281 12 742 500 6 -24 0 55 1
282 12 742 500 -6 24 0 55 1
283 12 742 500 -6 24 0 55 1
284 12 742 500 6 -24 0 55 1
285 12 742 500 -6 24 0 55 1
286 12 500 742 -6 24 0 55 1
287 12 500 742 6 -24 0 55 1
288 12 742 500 -6 24 0 55 1
289 12 500 742 -6 24 0 55 1
290 12 742 500 -6 24 0 55 1
291 12 500 742 -6 24 0 55 1
292 12 500 742 6 -24 0 55 1
293 12 742 500 -6 24 0 55 1
294 12 500 742 -6 24 0 55 1
295 12 742 500 -6 24 0 55 1
296 12 500 742 6 -24 0 55 1
297 12 500 742 6 -24 0 55 1
298 12 742 500 -6 24 0 55 1
299 12 500 742 -6 24 0 55 1
300 12 742 500 6 -24 0 55 1
301 12 742 500 6 -24 0 55 1
302 12 742 500 -6 24 0 55 1
303 12 500 742 6 -24 0 55 1
304 12 742 500 -6 24 0 55 1
305 12 500 742 6 -24 0 55 1
306 12 500 742 6 -24 0 55 1
307 12 500 742 -6 24 0 55 1
308 12 742 500 -6 24 0 55 1
309 12 742 500 -6 24 0 55 1
310 12 500 742 -6 24 0 55 1
311 12 742 500 -6 24 0 55 1
312 12 742 500 -6 24 0 55 1
313 12 742 500 6 -24 0 55 1
314 12 742 500 6 -24 0 55 1
315 12 500 742 -6 24 0 55 1
316 12 742 500 6 -24 0 55 1
317 12 500 742 -6 24 0 55 1
318 12 500 742 -6 24 0 55 1
319 12 742 500 6 -24 0 55 1
320 12 742 500 -6 24 0 55 1
321 12 742 500 -6 24 0 55 1
322 12 742 500 6 -24 0 55 1
323 12 500 742 6 -24 0 55 1
324 12 500 742 -6 24 0 55 1
325 12 742 500 6 -24 0 55 1
326 12 742 500 -6 24 0 55 1
327 12 742 500 -6 24 0 55 1
328 12 742 500 -6 24 0 55 1
329 12 742 500 -6 24 0 55 1
330 12 742 500 -6 24 0 55 1
331 12 742 500 6 -24 0 55 1
332 12 742 500 -6 24 0 55 1
333 12 500 742 -6 24 0 55 1
334 12 500 742 6 -24 0 55 1
335 12 742 500 6 -24 0 55 1
336 12 500 742 -6 24 0 55 1
337 12 742 500 -6 24 0 55 1
338 12 500 742 6 -24 0 55 1
339 12 500 742 6 -24 0 55 1
340 12 500 742 6 -24 0 55 1
341 12 742 500 -6 24 0 55 1
342 12 500 742 -6 24 0 55 1
343 12 500 742 -6 24 0 55 1
344 12 500 742 -6 24 0 55 1
345 12 500 742 6 -24 0 55 1
346 12 500 742 -6 24 0 55 1
347 12 500 742 -6 24 0 55 1
348 12 500 742 -6 24 0 55 1
349 12 742 500 -6 24 0 55 1
350 12 500 742 -6 24 0 55 1
351 12 500 742 6 -24 0 55 1
352 12 742 500 6 -24 0 55 1
353 12 742 500 -6 24 0 55 1
354 12 742 500 -6 24 0 55 1
355 12 500 742 -6 24 0 55 1
356 12 500 742 6 -24 0 55 1
357 12 500 742 -6 24 0 55 1
358 12 742 500 -6 24 0 55 1
359 12 742 500 6 -24 0 55 1
360 12 500 742 -6 24 0 55 1
361 12 500 742 -6 24 0 55 1
362 12 500 742 -6 24 0 55 1
363 12 742 500 -6 24 0 55 1
364 12 500 742 6 -24 0 55 1
365 12 500 742 6 -24 0 55 1
366 12 742 500 6 -24 0 55 1
367 12 500 742 6 -24 0 55 1
368 12 742 500 -6 24 0 55 1
369 12 742 500 6 -24 0 55 1
370 12 500 742 -6 24 0 55 1
371 12 500 742 -6 24 0 55 1
372 12 742 500 -6 24 0 55 1
373 12 742 500 6 -24 0 55 1
374 12 742 500 6 -24 0 55 1
375 12 500 742 6 -24 0 55 1
376 12 500 742 6 -24 0 55 1
377 12 500 742 -6 24 0 55 1
378 12 500 742 -6 24 0 55 1
379 12 742 500 -6 24 0 55 1
380 12 500 742 -6 24 0 55 1
381 12 742 500 6 -24 0 55 1
382 12 742 500 6 -24 0 55 1
383 12 742 500 -6 24 0 55 1
384 12 742 500 6 -24 0 55 1
385 12 742 500 -6 24 0 55 1
386 12 500 742 6 -24 0 55 1
387 12 742 500 -6 24 0 55 1
388 12 500 742 -6 24 0 55 1
389 12 742 500 6 -24 0 55 1
390 12 742 500 -6 24 0 55 1
391 12 742 500 -6 24 0 55 1
392 12 500 742 6 -24 0 55 1
393 12 742 500 6 -24 0 55 1
394 12 500 742 -6 24 0 55 1
395 12 500 742 -6 24 0 55 1
396 12 500 742 6 -24 0 55 1
397 12 742 500 6 -24 0 55 1
398 12 742 500 6 -24 0 55 1
399 12 500 742 -6 24 0 55 1
400 12 500 742 6 -24 0 55 1
401 12 742 500 -6 24 0 55 1
402 12 500 742 6 -24 0 55 1
403 12 500 742 6 -24 0 55 1
404 12 500 742 6 -24 0 55 1
405 12 742 500 6 -24 0 55 1
406 12 500 742 6 -24 0 55 1
407 12 742 500 -6 24 0 55 1
408 12 500 742 6 -24 0 55 1
409 12 500 742 -6 24 0 55 1
410 12 500 742 -6 24 0 55 1
411 12 742 500 6 -24 0 55 1
412 12 742 500 -6 24 0 55 1
413 12 500 742 6 -24 0 55 1
414 12 742 500 -6 24 0 55 1
415 12 742 500 -6 24 0 55 1
416 12 742 500 -6 24 0 55 1
417 12 500 742 -6 24 0 55 1
418 12 500 742 -6 24 0 55 1
419 12 742 500 -6 24 0 55 1
420 12 500 742 6 -24 0 55 1
421 12 500 742 -6 24 0 55 1
422 12 500 742 -6 24 0 55 1
423 8 609 0 -6 -12851 0 55 0
424 8 609 0 -24 -12851 1 55 0
425 7 903 0 -12 -12851 0 55 0
426 8 903 0 -24 -12851 1 55 0
427 7 609 0 -12 -12851 0 55 0
428 8 903 0 6 -12851 0 55 0
429 8 903 0 6 -12851 0 55 0
430 8 609 0 12 -12851 1 55 0
431 8 609 0 -18 -12851 1 55 0
432 8 903 0 -18 -12851 0 55 0
433 7 903 0 -6 -12851 0 55 0
434 8 609 0 18 -12851 0 55 0
435 8 609 0 18 -12851 0 55 0
436 8 903 0 24 -12851 0 55 0
437 8 903 0 24 -12851 0 55 0
438 8 609 0 12 -12851 1 55 0
439 8 903 0 0 -12851 0 55 0
440 8 903 0 0 -12851 0 55 0
441 8 609 0 12 -12851 1 55 0
442 8 609 0 12 -12851 1 55 0
443 8 609 0 -18 -12851 0 55 0
444 7 903 0 6 -12851 0 55 0
445 8 903 0 0 -12851 1 55 0
446 8 609 0 -18 -12851 1 55 0
447 8 903 0 -6 -12851 1 55 0
448 8 903 0 6 -12851 1 55 0
449 8 903 0 12 -12851 1 55 0
450 8 903 0 24 -12851 0 55 0
451 8 903 0 18 -12851 1 55 0
452 8 609 0 -6 -12851 1 55 0
453 8 903 0 -12 -12851 1 55 0
454 8 609 0 0 -12851 1 55 0
455 8 609 0 -24 -12851 1 55 0
456 8 609 0 18 -12851 1 55 0
457 8 609 0 -24 -12851 1 55 0
458 7 609 0 24 -12851 0 55 0
459 8 609 0 -12 -12851 1 55 0
460 7 903 0 -24 -12851 0 55 0
461 7 609 0 -24 -12851 0 55 0
462 8 609 0 -6 -12851 0 55 0
463 8 609 0 24 -12851 0 55 0
464 8 903 0 -12 -12851 0 55 0
465 8 609 0 6 -12851 1 55 0
466 8 903 0 18 -12851 1 55 0
467 8 903 0 24 -12851 1 55 0
468 8 903 0 18 -12851 1 55 0
469 8 903 0 0 -12851 1 55 0
470 8 903 0 0 -12851 1 55 0
471 8 903 0 -6 -12851 1 55 0
472 8 609 0 -24 -12851 1 55 0
473 8 903 0 -18 -12851 1 55 0
474 8 903 0 -12 -12851 1 55 0
475 8 609 0 6 -12851 1 55 0
476 8 903 0 12 -12851 1 55 0
477 8 609 0 12 -12851 0 55 0
478 7 609 0 -18 -12851 1 55 0
479 8 609 0 -6 -12851 1 55 0
480 8 609 0 -6 -12851 0 55 0
481 8 609 0 0 -12851 1 55 0
482 8 903 0 0 -12851 1 55 0
483 8 903 0 -18 -12851 0 55 0
484 8 609 0 -12 -12851 1 55 0
485 8 609 0 -6 -12851 1 55 0
486 8 609 0 -24 -12851 1 55 0
487 8 609 0 -12 -12851 1 55 0
488 8 903 0 -18 -12851 0 55 0
489 8 903 0 18 -12851 1 55 0
490 8 903 0 24 -12851 0 55 0
491 7 609 0 18 -12851 1 55 0
492 8 609 0 6 -12851 1 55 0
493 8 903 0 6 -12851 1 55 0
494 8 903 0 24 -12851 0 55 0
495 8 609 0 -24 -12851 1 55 0
496 8 903 0 12 -12851 1 55 0
497 8 903 0 12 -12851 0 55 0
498 8 903 0 -6 -12851 1 55 0
499 7 609 0 -6 -12851 0 55 0
500 7 609 0 -12 -12851 0 55 0
501 8 609 0 24 -12851 0 55 0
502 8 609 0 -24 -12851 1 55 0
503 8 609 0 6 -12851 1 55 0
504 8 609 0 -18 -12851 1 55 0
505 8 903 0 -6 -12851 0 55 0
506 8 609 0 18 -12851 1 55 0
507 8 609 0 6 -12851 1 55 0
508 8 609 0 -12 -12851 1 55 0
509 8 903 0 0 -12851 1 55 0
510 8 903 0 -24 -12851 0 55 0
511 7 903 0 18 -12851 1 55 0
512 7 903 0 0 -12851 1 55 0
513 8 609 0 24 -12851 0 55 0
514 8 609 0 -18 -12851 1 55 0
515 7 609 0 12 -12851 1 55 0
516 8 903 0 12 -12851 1 55 0
517 8 903 0 -18 -12851 1 55 0
518 8 609 0 -18 -12851 1 55 0
519 8 903 0 0 -12851 1 55 0
520 8 903 0 -6 -12851 1 55 0
521 8 903 0 6 -12851 1 55 0
522 8 609 0 -24 -12851 1 55 0
523 8 609 0 18 -12851 0 55 0
524 8 609 0 24 -12851 0 55 0
525 8 609 0 -12 -12851 0 55 0
526 8 609 0 -24 -12851 1 55 0
527 8 903 0 24 -12851 0 55 0
528 8 903 0 -18 -12851 0 55 0
529 8 903 0 6 -12851 1 55 0
530 8 903 0 12 -12851 1 55 0
531 8 903 0 0 -12851 1 55 0
532 8 609 0 -6 -12851 0 55 0
533 7 609 0 12 -12851 0 55 0
534 8 609 0 -12 -12851 1 55 0
535 8 609 0 18 -12851 1 55 0
536 8 609 0 12 -12851 1 55 0
537 8 903 0 12 -12851 1 55 0
538 8 609 0 18 -12851 1 55 0
539 7 903 0 24 -12851 1 55 0
540 8 609 0 -18 -12851 1 55 0
541 7 903 0 -24 -12851 1 55 0
542 8 903 0 -24 -12851 1 55 0
543 8 903 0 -6 -12851 1 55 0
544 8 609 0 18 -12851 1 55 0
545 8 609 0 24 -12851 0 55 0
546 8 903 0 6 -12851 1 55 0
547 8 903 0 -18 -12851 1 55 0
548 7 903 0 -12 -12851 1 55 0
549 8 903 0 6 -12851 1 55 0
550 8 609 0 -12 -12851 0 55 0
551 8 609 0 0 -12851 1 55 0
552 8 609 0 -6 -12851 1 55 0
553 8 903 0 12 -12851 1 55 0
554 8 609 0 0 -12851 1 55 0
555 8 903 0 -6 -12851 1 55 0
556 8 609 0 -6 -12851 0 55 0
557 8 609 0 0 -12851 1 55 0
558 8 609 0 -24 -12851 1 55 0
559 8 903 0 6 -12851 1 55 0
560 7 903 0 -24 -12851 1 55 0
561 8 609 0 12 -12851 0 55 0
562 8 903 0 6 -12851 0 55 0
563 7 609 0 -12 -12851 1 55 0
564 8 609 0 12 -12851 1 55 0
565 8 609 0 -12 -12851 1 55 0
566 8 903 0 18 -12851 1 55 0
567 8 903 0 18 -12851 1 55 0
568 8 609 0 24 -12851 0 55 0
569 8 609 0 -18 -12851 0 55 0
570 8 609 0 -18 -12851 1 55 0
571 7 903 0 24 -12851 1 55 0
572 8 742 0 0 -12851 0 55 0
573 7 1100 0 -6 -12851 1 55 0
574 8 742 0 -12 -12851 1 55 0
575 8 742 0 -12 -12851 1 55 0
576 8 1100 0 -24 -12851 0 55 0
577 8 1100 0 6 -12851 1 55 0
578 8 1100 0 -6 -12851 1 55 0
579 8 1100 0 18 -12851 0 55 0
580 8 1100 0 12 -12851 1 55 0
581 8 742 0 -12 -12851 0 55 0
582 8 742 0 6 -12851 0 55 0
583 8 1100 0 0 -12851 0 55 0
584 7 742 0 18 -12851 0 55 0
585 8 742 0 24 -12851 0 55 0
586 8 1100 0 24 -12851 0 55 0
587 7 742 0 -24 -12851 0 55 0
588 8 1100 0 -18 -12851 0 55 0
589 8 1100 0 -6 -12851 0 55 0
590 8 742 0 0 -12851 0 55 0
591 8 742 0 -18 -12851 0 55 0
592 8 742 0 12 -12851 0 55 0
593 8 1100 0 6 -12851 0 55 0
594 8 742 0 6 -12851 0 55 0
595 8 742 0 -18 -12851 0 55 0
596 8 742 0 6 -12851 0 55 0
597 8 1100 0 -6 -12851 0 55 0
598 8 1100 0 0 -12851 0 55 0
599 8 1100 0 24 -12851 0 55 0
600 7 1100 0 -24 -12851 0 55 0
601 7 742 0 12 -12851 0 55 0
602 8 742 0 -24 -12851 0 55 0
603 8 742 0 -12 -12851 0 55 0
604 7 1100 0 -18 -12851 0 55 0
605 8 1100 0 -12 -12851 0 55 0
606 8 1100 0 24 -12851 0 55 0
607 8 1100 0 12 -12851 0 55 0
608 8 742 0 18 -12851 0 55 0
609 8 1100 0 -6 -12851 0 55 0
610 7 742 0 18 -12851 0 55 0
611 8 742 0 0 -12851 0 55 0
612 8 742 0 12 -12851 0 55 0
613 8 742 0 12 -12851 0 55 0
614 8 1100 0 18 -12851 0 55 0
615 8 1100 0 24 -12851 0 55 0
616 7 1100 0 -18 -12851 0 55 0
617 8 742 0 -24 -12851 0 55 0
618 8 1100 0 -24 -12851 0 55 0
619 8 1100 0 -6 -12851 0 55 0
620 8 742 0 18 -12851 0 55 0
621 8 742 0 24 -12851 0 55 0
622 8 742 0 6 -12851 0 55 0
623 8 1100 0 -18 -12851 0 55 0
624 8 1100 0 -12 -12851 0 55 0
625 8 1100 0 6 -12851 0 55 0
626 8 742 0 -12 -12851 0 55 0
627 8 742 0 0 -12851 0 55 0
628 7 742 0 -6 -12851 0 55 0
629 8 742 0 12 -12851 0 55 0
630 8 1100 0 0 -12851 0 55 0
631 8 742 0 -12 -12851 0 55 0
632 8 1100 0 -12 -12851 0 55 0
633 8 1100 0 0 -12851 0 55 0
634 7 742 0 6 -12851 0 55 0
635 8 742 0 18 -12851 0 55 0
636 8 742 0 24 -12851 0 55 0
637 8 742 0 -18 -12851 0 55 0
638 8 1100 0 12 -12851 0 55 0
639 8 742 0 -24 -12851 0 55 0
640 8 742 0 -18 -12851 0 55 0
641 8 1100 0 -24 -12851 0 55 0
642 8 1100 0 -12 -12851 0 55 0
643 8 1100 0 0 -12851 0 55 0
644 8 1100 0 6 -12851 0 55 0
645 8 1100 0 18 -12851 0 55 0
646 8 1100 0 24 -12851 0 55 0
647 8 1100 0 12 -12851 0 55 0
648 8 742 0 -6 -12851 0 55 0
649 8 1100 0 -6 -12851 0 55 0
650 8 1100 0 0 -12851 0 55 0
651 8 1100 0 0 -12851 0 55 0
652 8 742 0 -24 -12851 0 55 0
653 7 742 0 12 -12851 0 55 0
654 8 742 0 0 -12851 0 55 0
655 8 742 0 18 -12851 0 55 0
656 8 1100 0 -18 -12851 0 55 0
657 8 1100 0 18 -12851 0 55 0
658 8 1100 0 -24 -12851 0 55 0
659 8 742 0 -6 -12851 0 55 0
660 8 1100 0 -12 -12851 0 55 0
661 8 742 0 -12 -12851 0 55 0
662 8 1100 0 12 -12851 0 55 0
663 8 1100 0 -6 -12851 0 55 0
664 8 742 0 6 -12851 0 55 0
665 8 742 0 -18 -12851 0 55 0
666 7 742 0 24 -12851 0 55 0
667 7 742 0 24 -12851 0 55 0
668 8 742 0 6 -12851 0 55 0
669 8 1100 0 -6 -12851 0 55 0
670 8 1100 0 -6 -12851 0 55 0
671 7 1100 0 6 -12851 0 55 0
672 8 1100 0 -12 -12851 0 55 0
673 8 1100 0 -6 -12851 0 55 0
674 7 742 0 12 -12851 0 55 0
675 8 742 0 -18 -12851 0 55 0
676 8 742 0 -18 -12851 0 55 0
677 8 742 0 6 -12851 0 55 0
678 8 1100 0 -12 -12851 0 55 0
679 8 1100 0 -24 -12851 0 55 0
680 8 742 0 12 -12851 0 55 0
681 8 742 0 0 -12851 0 55 0
682 8 1100 0 0 -12851 0 55 0
683 8 742 0 18 -12851 0 55 0
684 8 742 0 18 -12851 0 55 0
685 8 1100 0 24 -12851 0 55 0
686 8 742 0 -24 -12851 0 55 0
687 8 1100 0 24 -12851 0 55 0
688 8 1100 0 6 -12851 0 55 0
689 8 1100 0 6 -12851 0 55 0
690 8 1100 0 -18 -12851 0 55 0
691 8 1100 0 6 -12851 0 55 0
692 8 742 0 18 -12851 0 55 0
693 8 1100 0 -12 -12851 0 55 0
694 8 742 0 -18 -12851 0 55 0
695 8 1100 0 0 -12851 0 55 0
696 8 742 0 -12 -12851 0 55 0
697 8 1100 0 18 -12851 0 55 0
698 8 742 0 -6 -12851 0 55 0
699 8 742 0 12 -12851 0 55 0
700 8 742 0 0 -12851 0 55 0
701 8 742 0 -6 -12851 0 55 0
702 8 1100 0 24 -12851 0 55 0
703 8 1100 0 12 -12851 0 55 0
704 8 742 0 24 -12851 1 55 0
705 8 1100 0 -24 -12851 1 55 0
706 8 1100 0 -24 -12851 0 55 0
707 8 1100 0 -24 -12851 0 55 0
708 8 742 0 -24 -12851 1 55 0
709 8 742 0 0 -12851 1 55 0
710 8 742 0 12 -12851 1 55 0
711 8 742 0 18 -12851 1 55 0
712 8 742 0 0 -12851 1 55 0
713 8 742 0 -12 -12851 1 55 0
714 8 1100 0 18 -12851 0 55 0
715 8 1100 0 6 -12851 0 55 0
716 8 742 0 6 -12851 0 55 0
717 8 742 0 24 -12851 1 55 0
718 8 1100 0 24 -12851 0 55 0
719 8 1100 0 -12 -12851 1 55 0
720 8 742 0 -6 -12851 1 55 0
721 8 1100 0 -18 -12851 1 55 0
722 8 1100 0 -6 -12851 1 55 0
723 8 1100 0 -24 -12851 1 55 0
724 8 1100 0 -18 -12851 1 55 0
725 7 742 0 12 -12851 0 55 0
726 8 1100 0 24 -12851 0 55 0
727 8 1100 0 24 -12851 1 55 0
728 8 742 0 -24 -12851 1 55 0
729 8 742 0 -24 -12851 1 55 0
730 7 742 0 18 -12851 0 55 0
731 8 742 0 -18 -12851 0 55 0
732 8 1100 0 -12 -12851 1 55 0
733 8 1100 0 12 -12851 0 55 0
734 8 1100 0 -6 -12851 0 55 0
735 8 742 0 18 -12851 1 55 0
736 8 1100 0 -6 -12851 1 55 0
737 8 742 0 6 -12851 1 55 0
738 7 1100 0 -12 -12851 0 55 0
739 8 1100 0 24 -12851 1 55 0
740 8 742 0 0 -12851 1 55 0
741 8 1100 0 6 -12851 1 55 0
742 8 742 0 0 -12851 1 55 0
743 8 742 0 12 -12851 0 55 0
744 8 1100 0 -18 -12851 1 55 0
745 8 1100 0 12 -12851 1 55 0
746 8 742 0 12 -12851 1 55 0
747 8 1100 0 -24 -12851 1 55 0
748 8 742 0 -24 -12851 1 55 0
749 8 1100 0 6 -12851 0 55 0
750 8 1100 0 24 -12851 0 55 0
751 8 742 0 -18 -12851 1 55 0
752 8 742 0 12 -12851 0 55 0
753 8 500 0 -6 -12851 1 55 0
754 8 500 0 -18 -12851 1 55 0
755 8 500 0 6 -12851 1 55 0
756 8 1100 0 24 -12851 0 55 0
757 8 500 0 -12 -12851 1 55 0
758 8 500 0 -12 -12851 1 55 0
759 8 500 0 -6 -12851 1 55 0
760 8 500 0 18 -12851 1 55 0
761 8 742 0 0 -12851 1 55 0
762 8 1100 0 18 -12851 1 55 0
763 8 742 0 0 -12851 0 55 0
764 8 500 0 18 -12851 1 55 0
765 8 1100 0 18 -12851 1 55 0
766 7 742 0 -6 -12851 0 55 0
767 8 1100 0 18 -12851 1 55 0
768 8 1100 0 -24 -12851 1 55 0
769 8 500 0 12 -12851 1 55 0
770 8 500 0 12 -12851 1 55 0
771 8 500 0 6 -12851 1 55 0
772 8 742 0 -18 -12851 1 55 0
773 8 500 0 -18 -12851 0 55 0
774 8 1100 0 24 -12851 0 55 0
775 8 500 0 0 -12851 1 55 0
776 8 1100 0 -12 -12851 0 55 0
777 8 742 0 6 -12851 1 55 0
778 8 742 0 24 -12851 0 55 0
779 8 500 0 -12 -12851 0 55 0
780 8 500 0 -6 -12851 0 55 0
781 8 500 0 0 -12851 1 55 0
782 8 1100 0 -24 -12851 1 55 0
783 8 500 0 -18 -12851 1 55 0
784 8 742 0 -18 -12851 1 55 0
785 8 500 0 -12 -12851 1 55 0
786 8 500 0 12 -12851 1 55 0
787 8 1100 0 6 -12851 1 55 0
788 8 742 0 -12 -12851 1 55 0
789 8 1100 0 0 -12851 0 55 0
790 8 500 0 -6 -12851 0 55 0
791 8 500 0 -6 -12851 1 55 0
792 8 742 0 -24 -12851 1 55 0
793 8 500 0 6 -12851 1 55 0
794 8 500 0 18 -12851 1 55 0
795 8 742 0 0 -12851 1 55 0
796 7 742 0 24 -12851 1 55 0
797 8 500 0 12 -12851 1 55 0
798 8 500 0 -18 -12851 1 55 0
799 8 742 0 -24 -12851 1 55 0
800 8 1100 0 24 -12851 0 55 0
801 8 500 0 18 -12851 0 55 0
802 8 500 0 24 -12851 0 55 0
803 8 1100 0 24 -12851 1 55 0
804 8 1100 0 -24 -12851 1 55 0
805 8 500 0 -24 -12851 1 55 0
806 7 1100 0 18 -12851 1 55 0
807 8 1100 0 -18 -12851 1 55 0
808 8 500 0 -12 -12851 1 55 0
809 8 742 0 12 -12851 1 55 0
810 8 500 0 -6 -12851 1 55 0
811 8 1100 0 18 -12851 1 55 0
812 8 742 0 -6 -12851 1 55 0
813 8 500 0 6 -12851 1 55 0
814 8 500 0 -12 -12851 1 55 0
815 8 500 0 24 -12851 0 55 0
816 8 742 0 0 -12851 0 55 0
817 8 1100 0 6 -12851 0 55 0
818 8 500 0 0 -12851 1 55 0
819 8 1100 0 12 -12851 1 55 0
820 8 1100 0 -18 -12851 1 55 0
821 8 500 0 -12 -12851 0 55 0
822 8 742 0 -12 -12851 1 55 0
823 7 1100 0 -6 -12851 1 55 0
824 8 742 0 -24 -12851 1 55 0
825 8 742 0 18 -12851 1 55 0
826 8 1100 0 -24 -12851 1 55 0
827 8 500 0 18 -12851 1 55 0
828 8 500 0 -6 -12851 1 55 0
829 8 500 0 24 -12851 1 55 0
830 8 500 0 -12 -12851 1 55 0
831 8 500 0 24 -12851 0 55 0
832 8 742 0 0 -12851 1 55 0
833 8 742 0 -18 -12851 0 55 0
834 8 500 0 -18 -12851 1 55 0
835 8 1100 0 6 -12851 0 55 0
836 8 1100 0 6 -12851 0 55 0
837 8 500 0 0 -12851 1 55 0
838 7 500 0 12 -12851 1 55 0
839 8 742 0 12 -12851 0 55 0
840 8 742 0 -24 -12851 1 55 0
841 8 500 0 -24 -12851 1 55 0
842 8 1100 0 -24 -12851 1 55 0
843 8 500 0 -12 -12851 1 55 0
844 8 500 0 -6 -12851 1 55 0
845 8 500 0 -12 -12851 0 55 0
846 8 500 0 24 -12851 0 55 0
847 7 500 0 -18 -12851 1 55 0
848 8 500 0 0 -12851 1 55 0
849 8 500 0 -18 -12851 0 55 0
850 8 1100 0 -6 -12851 1 55 0
851 8 500 0 0 -12851 1 55 0
852 8 1100 0 12 -12851 1 55 0
853 8 1100 0 12 -12851 1 55 0
854 8 742 0 18 -12851 1 55 0
855 8 742 0 6 -12851 1 55 0
856 8 500 0 6 -12851 1 55 0
857 8 742 0 18 -12851 0 55 0
858 8 500 0 24 -12851 0 55 0
859 8 500 0 6 -12851 1 55 0
860 8 742 0 6 -12851 0 55 0
861 8 742 0 -18 -12851 1 55 0
862 8 742 0 6 -12851 0 55 0
863 8 1100 0 -6 -12851 1 55 0
864 7 1100 0 0 -12851 0 55 0
865 8 500 0 24 -12851 0 55 0
866 8 1100 0 -24 -12851 0 55 0
867 8 742 0 12 -12851 1 55 0
868 8 500 0 -24 -12851 1 55 0
869 8 742 0 -12 -12851 1 55 0
870 8 742 0 -18 -12851 1 55 0
871 8 742 0 -12 -12851 1 55 0
872 8 1100 0 24 -12851 1 55 0
873 8 1100 0 12 -12851 1 55 0
874 8 500 0 18 -12851 1 55 0
875 8 500 0 -6 -12851 1 55 0
876 8 500 0 18 -12851 1 55 0
877 8 1100 0 0 -12851 1 55 0
878 7 500 0 -24 -12851 1 55 0
879 8 500 0 -24 -12851 1 55 0
880 8 500 0 6 -12851 1 55 0
881 8 742 0 24 -12851 0 55 0
882 8 742 0 -12 -12851 1 55 0
883 8 742 0 0 -12851 0 55 0
884 8 742 0 -18 -12851 0 55 0
885 8 1100 0 18 -12851 1 55 0
886 8 742 0 12 -12851 0 55 0
887 8 500 0 24 -12851 0 55 0
888 8 742 0 -12 -12851 0 55 0
889 8 742 0 12 -12851 0 55 0
890 8 1100 0 -24 -12851 1 55 0
891 8 742 0 -6 -12851 1 55 0
892 8 1100 0 -6 -12851 1 55 0
893 8 742 0 18 -12851 0 55 0
894 8 1100 0 0 -12851 0 55 0
895 8 742 0 6 -12851 0 55 0
896 8 742 0 -18 -12851 0 55 0
897 8 1100 0 24 -12851 0 55 0
898 8 500 0 24 -12851 0 55 0
899 8 742 0 6 -12851 0 55 0
900 8 1100 0 -12 -12851 0 55 0
901 7 500 0 12 -12851 0 55 0
902 8 500 0 0 -12851 0 55 0
903 8 742 0 12 -12851 0 55 0
904 8 500 0 -24 -12851 0 55 0
905 8 500 0 18 -12851 0 55 0
906 8 1100 0 24 -12851 0 55 0
907 8 1100 0 0 -12851 0 55 0
908 8 500 0 -24 -12851 0 55 0
909 8 742 0 -18 -12851 0 55 0
910 8 1100 0 6 -12851 0 55 0
911 8 500 0 -18 -12851 0 55 0
912 7 742 0 -6 -12851 0 55 0
913 8 1100 0 18 -12851 0 55 0
914 8 500 0 -6 -12851 0 55 0
915 8 1100 0 -12 -12851 0 55 0
916 8 1100 0 -12 -12851 0 55 0
917 8 1100 0 -12 -12851 0 55 0
918 8 742 0 0 -12851 0 55 0
