329 8 500 0 24 -12851 1 60 0
330 8 742 0 -24 -12851 0 55 0
331 8 742 0 -6 -12851 1 60 0
332 12 1100 742 6 -24 1 51 55
333 8 500 0 24 -12851 1 55 0
334 8 609 0 6 -12851 1 60 0
335 12 903 742 -6 24 1 55 51
336 12 742 500 -6 24 0 51 51
337 8 1100 0 24 -12851 1 55 0
338 8 500 0 -24 -12851 1 60 0
339 12 742 609 -6 24 1 55 55
340 8 500 0 6 -12851 1 55 0
341 8 903 0 -24 -12851 1 60 0
342 8 609 0 24 -12851 0 60 0
343 8 903 0 -24 -12851 0 60 0
344 8 903 0 6 -12851 0 55 0
345 8 609 0 24 -12851 0 55 0
346 8 742 0 24 -12851 1 55 0
347 8 1100 0 -6 -12851 1 60 0
348 8 742 0 6 -12851 1 60 0
349 12 609 742 6 -24 0 51 55
350 12 1100 742 6 -24 0 55 55
351 12 742 609 -6 24 1 55 51
352 8 1100 0 -24 -12851 1 60 0
353 12 742 903 -6 24 1 51 55
354 8 1100 0 -6 -12851 0 60 0
355 12 742 903 -6 24 0 55 51
356 8 1100 0 -24 -12851 1 60 0
357 12 742 1100 6 -24 1 51 55
358 12 742 609 -6 24 1 51 51
359 8 903 0 6 -12851 1 60 0
360 12 742 903 6 -24 1 55 55
361 12 742 500 -6 24 1 51 55
362 12 742 500 -6 24 1 51 55
363 12 1100 742 6 -24 1 55 51
364 8 903 0 -24 -12851 0 55 0
365 12 742 500 -6 24 1 55 51
366 8 1100 0 24 -12851 1 60 0
367 8 500 0 24 -12851 1 55 0
368 12 903 742 -6 24 1 51 51
369 8 1100 0 -24 -12851 1 60 0
370 12 742 609 6 -24 1 55 51
371 8 903 0 -24 -12851 0 60 0
372 12 500 742 -6 24 1 55 55
373 8 742 0 24 -12851 1 60 0
374 12 903 742 -6 24 1 55 51
375 12 903 742 6 -24 1 51 51
376 12 1100 742 6 -24 0 51 51
377 12 500 742 6 -24 1 55 55
378 12 742 1100 -6 24 1 55 55
379 8 742 0 6 -12851 1 55 0
380 8 742 0 24 -12851 1 60 0
381 8 500 0 -24 -12851 1 60 0
382 12 1100 742 6 -24 1 51 55
383 8 609 0 -6 -12851 0 60 0
384 12 742 609 6 -24 1 55 55
385 8 609 0 -24 -12851 0 55 0
386 8 500 0 -6 -12851 0 55 0
387 8 609 0 -24 -12851 0 55 0
388 12 742 1100 6 -24 0 51 55
389 8 500 0 -6 -12851 0 60 0
390 8 500 0 -24 -12851 0 55 0
391 8 500 0 -24 -12851 0 55 0
392 8 903 0 24 -12851 0 60 0
393 12 500 742 -6 24 1 55 55
394 12 1100 742 -6 24 1 55 55
395 12 609 742 -6 24 1 51 55
396 8 1100 0 6 -12851 1 55 0
397 8 500 0 -24 -12851 0 60 0
398 8 742 0 -24 -12851 0 55 0
399 8 903 0 -6 -12851 0 60 0
400 8 609 0 -24 -12851 1 60 0
401 12 903 742 6 -24 1 55 55
402 8 1100 0 -6 -12851 0 55 0
403 8 903 0 -24 -12851 1 55 0
404 8 1100 0 -6 -12851 1 60 0
405 8 742 0 -24 -12851 1 60 0
406 8 609 0 24 -12851 1 60 0
407 8 742 0 -24 -12851 1 55 0
408 8 609 0 -24 -12851 0 60 0
409 8 1100 0 -24 -12851 1 55 0
410 8 1100 0 6 -12851 1 60 0
411 8 903 0 -6 -12851 1 60 0
412 8 609 0 6 -12851 1 55 0
413 12 500 742 6 -24 1 51 55
414 12 903 742 -6 24 1 51 55
415 12 742 1100 -6 24 1 51 51
416 8 903 0 24 -12851 1 60 0
417 12 742 609 -6 24 1 51 55
418 12 742 903 6 -24 1 51 51
419 12 742 903 -6 24 1 51 51
420 8 1100 0 -24 -12851 1 55 0
421 8 609 0 24 -12851 1 55 0
422 8 1100 0 -24 -12851 0 55 0
423 8 500 0 24 -12851 1 60 0
424 8 742 0 -6 -12851 1 55 0
425 12 500 742 6 -24 1 55 55
426 12 742 500 -6 24 1 55 51
427 12 1100 742 6 -24 1 51 55
428 12 609 742 -6 24 0 51 51
429 8 903 0 -24 -12851 0 60 0
430 8 609 0 6 -12851 0 55 0
431 12 742 609 6 -24 0 51 51
432 8 500 0 -24 -12851 1 60 0
433 8 742 0 24 -12851 1 60 0
434 8 500 0 -24 -12851 1 55 0
435 8 742 0 -6 -12851 0 55 0
436 12 742 609 6 -24 0 51 51
437 8 609 0 6 -12851 1 60 0
438 12 742 609 6 -24 1 55 51
439 12 1100 742 6 -24 1 55 51
440 12 742 500 -6 24 0 55 51
441 8 609 0 -6 -12851 1 60 0
442 8 1100 0 -24 -12851 1 60 0
443 8 903 0 6 -12851 1 60 0
444 12 1100 742 6 -24 1 51 55
445 8 903 0 -24 -12851 0 60 0
446 8 903 0 -6 -12851 0 55 0
447 8 1100 0 -24 -12851 1 55 0
448 12 609 742 -6 24 0 55 55
449 8 609 0 24 -12851 1 55 0
450 8 609 0 6 -12851 1 60 0
451 8 742 0 6 -12851 1 55 0
452 8 1100 0 -24 -12851 1 60 0
453 8 500 0 -6 -12851 0 55 0
454 12 742 1100 -6 24 0 55 55
455 8 742 0 -6 -12851 1 60 0
456 12 742 1100 6 -24 0 51 51
457 8 742 0 6 -12851 1 60 0
458 8 500 0 6 -12851 1 55 0
459 8 500 0 6 -12851 1 60 0
460 8 609 0 6 -12851 1 60 0
461 12 500 742 -6 24 0 55 51
462 8 609 0 6 -12851 1 60 0
463 8 1100 0 24 -12851 1 60 0
464 12 500 742 -6 24 1 55 55
465 8 903 0 -6 -12851 0 55 0
466 8 742 0 6 -12851 1 55 0
467 8 609 0 -24 -12851 1 60 0
468 12 1100 742 -6 24 1 51 55
469 8 609 0 24 -12851 1 60 0
470 8 500 0 -24 -12851 0 55 0
471 8 903 0 -6 -12851 0 55 0
472 12 609 742 6 -24 0 55 51
473 8 500 0 6 -12851 0 55 0
474 12 1100 742 -6 24 0 51 51
475 8 903 0 24 -12851 0 60 0
476 12 742 1100 -6 24 0 55 55
477 8 500 0 -6 -12851 0 55 0
478 8 742 0 -24 -12851 0 55 0
479 8 742 0 24 -12851 1 55 0
480 8 1100 0 -24 -12851 1 55 0
481 8 1100 0 -24 -12851 1 60 0
482 8 742 0 24 -12851 1 55 0
483 8 742 0 6 -12851 1 55 0
484 12 742 903 6 -24 1 51 51
485 12 742 903 6 -24 1 55 55
486 8 903 0 24 -12851 1 60 0
487 8 609 0 24 -12851 1 55 0
488 12 609 742 -6 24 1 51 55
489 12 500 742 6 -24 1 55 55
490 8 903 0 24 -12851 1 60 0
491 8 1100 0 6 -12851 1 55 0
492 12 903 742 6 -24 1 51 55
493 8 609 0 6 -12851 1 55 0
494 8 500 0 -24 -12851 1 55 0
495 12 742 903 6 -24 0 51 55
496 8 500 0 6 -12851 1 55 0
497 12 742 903 -6 24 1 51 51
498 12 1100 742 6 -24 1 51 55
499 8 609 0 -24 -12851 1 60 0
500 8 1100 0 24 -12851 1 60 0
501 8 1100 0 -6 -12851 1 55 0
502 12 742 609 -6 24 1 51 55
503 12 742 1100 6 -24 1 55 51
504 12 742 609 6 -24 1 51 51
505 8 903 0 6 -12851 1 60 0
506 12 1100 742 6 -24 1 51 51
507 12 500 742 -6 24 0 55 55
508 12 742 609 -6 24 1 55 55
509 12 609 742 6 -24 0 51 55
510 8 742 0 24 -12851 1 60 0
511 12 903 742 6 -24 1 51 55
512 8 742 0 6 -12851 1 60 0
513 12 742 609 -6 24 0 55 55
514 8 500 0 24 -12851 0 60 0
515 12 742 609 6 -24 0 55 55
516 8 1100 0 -24 -12851 0 55 0
517 12 500 742 -6 24 1 51 55
518 8 1100 0 -24 -12851 0 55 0
519 8 903 0 -6 -12851 0 60 0
520 12 742 609 6 -24 1 51 51
521 8 903 0 -24 -12851 1 55 0
522 8 1100 0 24 -12851 1 55 0
523 12 609 742 6 -24 1 55 51
524 12 903 742 -6 24 0 51 51
525 12 903 742 6 -24 0 55 55
526 8 500 0 6 -12851 1 55 0
527 8 609 0 -6 -12851 1 55 0
528 8 1100 0 6 -12851 1 60 0
529 8 742 0 6 -12851 1 60 0
530 12 609 742 -6 24 0 51 55
531 8 903 0 24 -12851 1 60 0
532 8 609 0 6 -12851 1 55 0
533 8 609 0 -6 -12851 1 60 0
534 12 903 742 6 -24 1 51 55
535 8 500 0 6 -12851 1 60 0
536 12 742 903 -6 24 1 51 51
537 8 742 0 -24 -12851 1 55 0
538 8 500 0 6 -12851 1 55 0
539 8 742 0 -24 -12851 1 55 0
540 8 903 0 24 -12851 1 55 0
541 8 903 0 24 -12851 1 55 0
542 12 742 903 6 -24 1 51 51
543 8 609 0 6 -12851 1 55 0
544 8 903 0 6 -12851 1 55 0
545 8 903 0 24 -12851 1 60 0
546 8 500 0 6 -12851 0 60 0
547 12 742 500 6 -24 1 51 51
548 12 903 742 -6 24 0 55 51
549 8 609 0 -24 -12851 1 55 0
550 8 609 0 24 -12851 1 60 0
551 8 742 0 -6 -12851 1 55 0
552 8 1100 0 6 -12851 1 60 0
553 12 742 1100 6 -24 0 55 55
554 8 1100 0 24 -12851 1 60 0
555 8 500 0 -6 -12851 1 60 0
556 12 500 742 6 -24 1 55 51
557 12 609 742 6 -24 1 51 55
558 8 1100 0 -24 -12851 1 55 0
559 12 500 742 -6 24 1 51 51
560 12 742 1100 -6 24 1 51 55
561 12 1100 742 6 -24 1 51 51
562 8 742 0 -6 -12851 1 60 0
563 8 742 0 -24 -12851 0 55 0
564 12 742 1100 -6 24 0 51 51
565 8 500 0 -6 -12851 0 60 0
566 12 1100 742 6 -24 0 55 51
567 8 500 0 -6 -12851 0 60 0
568 8 500 0 -6 -12851 0 55 0
569 8 742 0 -6 -12851 0 60 0
570 8 903 0 -24 -12851 0 55 0
571 8 742 0 6 -12851 0 55 0
572 12 609 742 -6 24 0 51 51
573 12 1100 742 -6 24 0 55 51
574 12 1100 742 -6 24 0 55 55
575 8 903 0 24 -12851 1 55 0
576 12 903 742 -6 24 1 51 51
577 8 609 0 -24 -12851 1 55 0
578 8 1100 0 6 -12851 1 55 0
579 8 742 0 -6 -12851 0 60 0
580 8 609 0 24 -12851 1 55 0
581 12 903 742 6 -24 1 55 51
582 8 609 0 6 -12851 1 55 0
583 12 500 742 -6 24 0 55 51
584 12 742 609 -6 24 0 51 51
585 8 903 0 -24 -12851 1 60 0
586 12 742 1100 6 -24 0 51 51
587 12 500 742 6 -24 0 55 51
588 8 500 0 -6 -12851 0 55 0
589 8 500 0 6 -12851 1 60 0
590 8 1100 0 -6 -12851 1 55 0
591 12 742 500 -6 24 1 55 55
592 8 1100 0 -6 -12851 0 60 0
593 8 742 0 -24 -12851 0 60 0
594 12 742 903 -6 24 0 51 51
595 8 742 0 -24 -12851 0 55 0
596 8 742 0 6 -12851 1 55 0
597 8 903 0 -6 -12851 1 60 0
598 12 742 609 -6 24 1 51 51
599 8 742 0 6 -12851 1 60 0
600 12 742 500 6 -24 1 51 51
601 12 742 903 -6 24 1 55 55
602 12 742 1100 -6 24 1 51 55
603 8 609 0 -6 -12851 1 60 0
604 8 609 0 -24 -12851 1 55 0
605 8 903 0 -6 -12851 1 60 0
606 8 500 0 24 -12851 1 60 0
607 8 903 0 -6 -12851 1 55 0
608 12 742 1100 -6 24 0 51 51
609 8 1100 0 6 -12851 1 55 0
610 8 609 0 -24 -12851 0 60 0
611 12 742 1100 -6 24 0 55 55
612 12 742 1100 -6 24 0 55 51
613 12 742 903 -6 24 0 55 55
614 8 1100 0 -24 -12851 0 60 0
615 8 500 0 6 -12851 0 55 0
616 8 1100 0 24 -12851 0 60 0
617 8 500 0 6 -12851 0 55 0
618 12 742 500 6 -24 1 55 51
619 12 742 609 6 -24 0 55 55
620 8 500 0 -6 -12851 0 55 0
621 8 500 0 -6 -12851 0 60 0
622 8 500 0 6 -12851 0 60 0
623 8 903 0 -6 -12851 0 60 0
624 8 742 0 6 -12851 0 60 0
625 8 903 0 6 -12851 0 55 0
626 12 742 609 6 -24 0 51 55
627 8 609 0 -6 -12851 0 60 0
628 12 903 742 6 -24 1 55 55
629 12 903 742 6 -24 1 51 55
630 8 609 0 6 -12851 0 55 0
631 12 742 1100 6 -24 0 51 55
632 12 742 1100 -6 24 1 55 55
633 12 903 742 -6 24 0 55 51
634 8 1100 0 24 -12851 1 55 0
635 8 1100 0 6 -12851 1 60 0
636 12 742 500 -6 24 0 51 51
637 12 903 742 6 -24 0 51 55
638 8 742 0 -6 -12851 0 55 0
639 12 742 1100 6 -24 0 55 51
640 12 1100 742 -6 24 0 55 55
641 8 609 0 -6 -12851 0 60 0
642 12 742 1100 -6 24 0 55 55
643 8 742 0 -6 -12851 0 60 0
644 8 903 0 6 -12851 0 55 0
645 12 609 742 -6 24 0 51 51
646 8 1100 0 -24 -12851 0 60 0
647 12 742 500 -6 24 0 55 51
648 8 500 0 6 -12851 1 55 0
649 8 1100 0 24 -12851 1 55 0
650 8 1100 0 -24 -12851 1 55 0
651 12 742 500 -6 24 1 55 55
652 12 742 609 -6 24 1 55 55
653 8 1100 0 24 -12851 1 55 0
654 8 500 0 6 -12851 1 60 0
655 12 742 903 -6 24 1 51 55
656 12 742 1100 -6 24 1 51 51
657 12 903 742 -6 24 1 55 51
658 8 500 0 -24 -12851 1 60 0
659 8 1100 0 -24 -12851 0 60 0
660 8 742 0 6 -12851 0 55 0
661 8 609 0 -24 -12851 0 55 0
662 12 742 609 -6 24 0 55 55
663 12 742 1100 -6 24 0 51 51
664 8 609 0 24 -12851 0 60 0
665 8 903 0 24 -12851 1 60 0
666 8 500 0 -24 -12851 1 60 0
667 8 742 0 6 -12851 1 55 0
668 8 903 0 -6 -12851 1 60 0
669 12 1100 742 -6 24 0 51 51
670 8 609 0 24 -12851 1 55 0
671 12 903 742 6 -24 1 51 51
672 12 903 742 -6 24 1 55 55
673 8 903 0 -24 -12851 1 60 0
674 12 742 1100 6 -24 1 55 51
675 8 742 0 24 -12851 1 60 0
676 8 500 0 24 -12851 1 55 0
677 12 742 609 6 -24 1 51 55
678 8 500 0 24 -12851 1 60 0
679 12 742 500 6 -24 0 55 55
680 8 500 0 -6 -12851 0 60 0
681 8 500 0 6 -12851 0 60 0
682 8 903 0 -24 -12851 0 55 0
683 8 1100 0 6 -12851 0 60 0
684 8 1100 0 -24 -12851 0 60 0
685 8 609 0 -24 -12851 0 60 0
686 8 903 0 24 -12851 1 55 0
687 8 1100 0 24 -12851 1 55 0
688 12 609 742 -6 24 1 51 51
689 12 609 742 6 -24 1 55 55
690 8 903 0 -24 -12851 0 55 0
691 12 609 742 6 -24 0 51 51
692 8 609 0 24 -12851 0 55 0
693 8 609 0 6 -12851 0 55 0
694 8 742 0 -24 -12851 1 55 0
695 12 1100 742 6 -24 1 55 55
696 12 500 742 -6 24 0 55 51
697 8 742 0 6 -12851 0 60 0
698 8 742 0 6 -12851 0 60 0
699 12 742 609 -6 24 0 55 51
700 8 609 0 24 -12851 0 55 0
701 8 609 0 -6 -12851 0 55 0
702 8 1100 0 6 -12851 1 55 0
703 8 609 0 24 -12851 1 55 0
704 8 1100 0 24 -12851 0 60 0
705 12 903 742 -6 24 1 51 51
706 8 903 0 -24 -12851 0 55 0
707 8 903 0 24 -12851 0 55 0
708 12 500 742 6 -24 0 51 51
709 8 1100 0 -24 -12851 0 60 0
710 12 609 742 6 -24 0 51 51
711 12 903 742 -6 24 0 55 51
712 8 903 0 -6 -12851 0 55 0
713 8 500 0 -6 -12851 0 60 0
714 12 1100 742 6 -24 0 51 55
715 12 609 742 6 -24 0 55 51
716 8 500 0 -24 -12851 0 60 0
717 8 500 0 -6 -12851 0 55 0
718 12 500 742 -6 24 0 55 55
719 8 742 0 24 -12851 0 55 0
720 8 742 0 24 -12851 0 60 0
721 8 609 0 -24 -12851 0 55 0
722 12 742 609 -6 24 0 55 55
723 8 742 0 -24 -12851 0 55 0
724 12 742 903 -6 24 0 51 51
725 8 500 0 -6 -12851 0 60 0
726 8 500 0 24 -12851 0 55 0
727 8 1100 0 6 -12851 0 60 0
728 8 609 0 24 -12851 0 55 0
729 12 609 742 -6 24 0 55 55
730 12 742 500 6 -24 0 51 51
731 8 609 0 24 -12851 0 55 0
732 8 500 0 -6 -12851 0 55 0
733 8 903 0 6 -12851 0 60 0
734 12 742 903 -6 24 0 51 51
735 8 500 0 24 -12851 0 55 0
736 12 903 742 6 -24 0 51 55
737 12 742 609 6 -24 0 55 55
738 8 742 0 -24 -12851 0 60 0
739 8 742 0 -6 -12851 0 60 0
740 12 742 609 6 -24 0 55 51
741 8 903 0 24 -12851 0 55 0
742 12 742 609 6 -24 0 51 51
743 8 903 0 -24 -12851 0 60 0
744 8 742 0 6 -12851 0 55 0
745 8 609 0 6 -12851 0 55 0
746 12 609 742 6 -24 0 55 51
747 8 1100 0 24 -12851 0 55 0
748 8 1100 0 -24 -12851 0 60 0
749 12 609 742 6 -24 0 51 51
750 8 500 0 6 -12851 0 55 0
751 12 742 609 6 -24 0 51 51
752 8 500 0 -6 -12851 0 55 0
753 8 609 0 -6 -12851 0 60 0
754 8 1100 0 6 -12851 0 60 0
755 8 742 0 -6 -12851 0 60 0
756 12 903 742 -6 24 0 55 55
757 12 609 742 6 -24 0 55 55
758 8 609 0 -24 -12851 0 60 0
759 8 742 0 -24 -12851 0 55 0
760 8 500 0 6 -12851 0 60 0
761 8 500 0 -24 -12851 0 60 0
762 8 742 0 24 -12851 0 55 0
763 8 903 0 24 -12851 0 60 0
764 12 609 742 -6 24 0 55 51
765 8 609 0 -24 -12851 0 60 0
766 8 1100 0 6 -12851 0 55 0
767 8 903 0 24 -12851 0 60 0
768 8 903 0 24 -12851 0 55 0
769 8 1100 0 6 -12851 0 55 0
770 12 903 742 -6 24 0 51 51
771 12 609 742 -6 24 0 55 51
772 8 500 0 -6 -12851 0 60 0
773 12 742 500 6 -24 0 51 55
774 8 500 0 6 -12851 0 60 0
775 8 742 0 24 -12851 0 55 0
776 12 609 742 -6 24 0 51 51
777 8 903 0 -6 -12851 0 55 0
778 8 742 0 -24 -12851 0 60 0
779 8 903 0 6 -12851 0 55 0
780 12 609 742 -6 24 0 55 51
781 8 609 0 6 -12851 0 55 0
782 12 903 742 -6 24 0 55 55
783 8 1100 0 -24 -12851 0 55 0
784 8 742 0 -6 -12851 0 55 0
785 8 609 0 24 -12851 0 55 0
786 12 742 1100 6 -24 0 51 51
787 8 609 0 24 -12851 0 55 0
788 8 903 0 24 -12851 0 60 0
789 8 500 0 -24 -12851 0 55 0
790 8 500 0 24 -12851 0 60 0
791 8 1100 0 6 -12851 0 55 0
792 12 742 609 6 -24 0 51 55
793 12 742 500 -6 24 0 51 51
794 8 1100 0 -24 -12851 0 55 0
795 8 500 0 24 -12851 0 55 0
796 8 500 0 -6 -12851 0 60 0
797 8 609 0 -6 -12851 0 60 0
798 8 1100 0 -6 -12851 0 60 0
799 8 742 0 24 -12851 0 55 0
800 8 609 0 24 -12851 0 60 0
801 12 742 903 -6 24 0 51 51
802 8 742 0 6 -12851 0 55 0
803 8 500 0 -6 -12851 0 55 0
804 8 500 0 6 -12851 0 60 0
805 12 742 500 -6 24 0 51 51
806 12 1100 742 -6 24 0 55 55
807 12 742 1100 -6 24 0 55 55
808 12 742 1100 6 -24 0 51 51
809 12 742 500 6 -24 0 51 55
810 8 742 0 24 -12851 0 55 0
811 8 903 0 -24 -12851 0 55 0
812 12 609 742 6 -24 0 55 55
813 12 742 609 -6 24 0 51 55
814 12 742 500 -6 24 0 55 51
815 12 742 1100 6 -24 0 51 55
816 12 500 742 -6 24 0 51 51
817 12 609 742 -6 24 0 55 51
818 8 609 0 24 -12851 0 55 0
819 12 742 903 6 -24 0 55 51
820 12 500 742 6 -24 0 55 51
821 12 1100 742 6 -24 0 51 51
822 8 1100 0 24 -12851 0 60 0
823 8 903 0 24 -12851 0 55 0
824 12 742 903 6 -24 0 55 55
825 8 903 0 24 -12851 0 55 0
826 12 742 1100 -6 24 0 55 51
827 8 1100 0 -6 -12851 0 60 0
828 8 500 0 -24 -12851 0 60 0
829 12 742 1100 -6 24 0 55 55
830 12 742 903 -6 24 0 55 55
831 8 500 0 6 -12851 0 60 0
832 8 1100 0 24 -12851 0 55 0
833 12 742 500 -6 24 0 51 51
834 8 1100 0 24 -12851 0 60 0
835 12 500 742 -6 24 0 51 51
836 12 609 742 6 -24 0 51 51
837 12 500 742 6 -24 0 55 55
838 12 742 903 6 -24 0 51 51
839 8 500 0 -6 -12851 0 55 0
840 8 903 0 -24 -12851 0 55 0
841 12 609 742 6 -24 0 55 55
842 12 903 742 6 -24 0 55 55
843 12 1100 742 6 -24 0 55 51
844 12 1100 742 6 -24 0 55 55
845 8 609 0 6 -12851 0 60 0
846 8 1100 0 24 -12851 0 60 0
847 12 609 742 -6 24 0 55 55
848 12 742 609 -6 24 0 55 55
849 12 742 609 -6 24 0 55 55
850 12 742 903 -6 24 0 55 55
851 12 742 609 6 -24 0 55 55
852 8 609 0 6 -12851 0 60 0
853 8 742 0 6 -12851 0 55 0
854 8 500 0 24 -12851 0 60 0
855 12 609 742 -6 24 0 55 51
856 8 903 0 -24 -12851 0 55 0
857 8 609 0 -24 -12851 0 60 0
858 12 609 742 6 -24 0 51 55
859 8 742 0 24 -12851 0 60 0
860 8 742 0 6 -12851 0 55 0
861 8 903 0 6 -12851 0 60 0
862 8 1100 0 6 -12851 0 55 0
863 8 1100 0 6 -12851 0 55 0
864 8 903 0 -24 -12851 0 60 0
865 12 742 609 6 -24 0 55 55
866 12 742 609 -6 24 0 55 55
867 8 903 0 -24 -12851 0 60 0
868 12 742 500 -6 24 0 51 51
869 8 1100 0 6 -12851 0 55 0
870 12 903 742 6 -24 0 55 55
871 8 500 0 -24 -12851 0 55 0
872 8 1100 0 24 -12851 0 55 0
873 12 903 742 6 -24 0 55 51
874 12 742 903 6 -24 0 55 55
875 8 903 0 6 -12851 0 60 0
876 12 1100 742 -6 24 0 51 55
877 8 742 0 24 -12851 0 60 0
878 8 742 0 -24 -12851 0 55 0
879 12 609 742 -6 24 0 51 51
880 8 742 0 -24 -12851 0 55 0
881 8 500 0 24 -12851 0 60 0
882 8 609 0 -24 -12851 0 55 0
883 12 742 500 6 -24 0 51 51
884 12 742 609 -6 24 0 51 55
885 12 609 742 -6 24 0 51 51
886 12 742 500 6 -24 0 51 51
887 12 742 1100 6 -24 0 51 51
888 8 609 0 -6 -12851 0 55 0
889 12 1100 742 6 -24 0 55 55
890 12 742 903 6 -24 0 55 51
891 8 500 0 -24 -12851 0 60 0
892 8 609 0 6 -12851 0 55 0
893 8 500 0 24 -12851 0 60 0
894 8 500 0 -6 -12851 0 55 0
895 8 609 0 -6 -12851 0 55 0
896 8 1100 0 -6 -12851 0 55 0
897 8 742 0 -6 -12851 0 60 0
898 8 609 0 -6 -12851 0 55 0
899 8 742 0 24 -12851 0 55 0
900 12 742 500 -6 24 0 51 55
901 12 609 742 6 -24 0 55 51
902 8 500 0 -6 -12851 0 55 0
903 8 500 0 6 -12851 0 55 0
904 8 742 0 24 -12851 0 55 0
905 12 609 742 -6 24 0 55 51
906 8 903 0 24 -12851 0 60 0
907 8 609 0 -24 -12851 0 55 0
908 12 500 742 6 -24 0 55 55
909 8 1100 0 24 -12851 0 60 0
910 8 903 0 -24 -12851 0 55 0
911 8 903 0 6 -12851 0 55 0
912 12 742 1100 6 -24 0 51 51
913 8 1100 0 6 -12851 0 55 0
914 8 903 0 -24 -12851 0 60 0
915 8 903 0 -6 -12851 0 55 0
916 8 903 0 6 -12851 0 60 0
917 8 1100 0 -6 -12851 0 60 0
918 8 609 0 -24 -12851 0 55 0
919 12 609 742 -6 24 0 51 55
920 8 903 0 6 -12851 0 60 0
921 8 1100 0 -24 -12851 0 55 0
922 12 609 742 -6 24 0 51 55
923 12 742 903 -6 24 0 55 51
924 12 1100 742 6 -24 0 55 55
925 8 1100 0 -24 -12851 0 60 0
926 12 500 742 6 -24 0 55 51
927 8 500 0 -24 -12851 0 60 0
928 8 742 0 -24 -12851 0 60 0
929 12 903 742 6 -24 0 55 55
930 8 500 0 -6 -12851 0 55 0
931 12 742 903 -6 24 0 55 51
932 8 742 0 6 -12851 0 60 0
933 8 500 0 -24 -12851 0 60 0
934 8 609 0 -6 -12851 0 55 0
935 8 742 0 -24 -12851 0 55 0
936 8 609 0 -24 -12851 0 55 0
937 8 500 0 -6 -12851 0 60 0
938 8 500 0 -24 -12851 0 55 0
939 8 903 0 6 -12851 0 55 0
940 12 500 742 6 -24 0 51 51
941 12 742 1100 6 -24 0 55 55
942 12 742 609 6 -24 0 51 51
943 8 742 0 -24 -12851 0 55 0
944 8 500 0 -6 -12851 0 55 0
945 12 903 742 6 -24 0 51 51
946 8 500 0 24 -12851 0 55 0
947 8 1100 0 6 -12851 0 60 0
948 8 742 0 24 -12851 0 55 0
949 8 1100 0 -6 -12851 0 60 0
950 8 609 0 -24 -12851 0 55 0
951 8 609 0 24 -12851 0 60 0
952 12 742 500 6 -24 0 55 55
953 12 1100 742 -6 24 0 55 55
954 8 609 0 6 -12851 0 55 0
955 8 903 0 -6 -12851 0 55 0
956 8 1100 0 24 -12851 0 55 0
957 12 742 609 -6 24 0 51 55
958 12 742 1100 6 -24 0 51 55
959 8 742 0 -6 -12851 0 55 0
960 12 742 609 6 -24 0 55 51
961 8 903 0 6 -12851 0 55 0
962 12 742 903 6 -24 0 51 55
963 12 742 1100 -6 24 0 51 55
964 12 609 742 -6 24 0 51 55
965 8 903 0 24 -12851 0 55 0
966 12 609 742 -6 24 0 55 55
967 12 742 903 -6 24 0 55 55
968 8 903 0 24 -12851 0 60 0
969 8 1100 0 6 -12851 0 55 0
970 12 1100 742 -6 24 0 51 55
971 8 500 0 -6 -12851 0 55 0
972 8 903 0 24 -12851 0 55 0
973 12 903 742 -6 24 0 55 55
974 8 1100 0 -6 -12851 0 55 0
975 8 903 0 -24 -12851 0 55 0
976 12 1100 742 6 -24 0 55 51
977 8 742 0 -24 -12851 0 55 0
978 8 742 0 -24 -12851 0 60 0
979 8 609 0 24 -12851 0 55 0
980 8 500 0 -24 -12851 0 60 0
981 8 500 0 24 -12851 0 60 0
982 8 609 0 24 -12851 0 60 0
983 12 742 903 6 -24 0 55 55
984 12 742 1100 -6 24 0 55 55
985 8 742 0 24 -12851 0 55 0
986 8 609 0 -6 -12851 0 55 0
987 12 742 500 -6 24 0 51 55
988 8 1100 0 -24 -12851 0 60 0
989 8 609 0 24 -12851 0 60 0
990 8 609 0 24 -12851 0 55 0
991 12 742 903 6 -24 0 55 55
992 12 742 500 6 -24 0 51 55
993 8 609 0 -6 -12851 0 60 0
994 12 500 742 -6 24 0 51 55
995 8 1100 0 -24 -12851 0 60 0
996 8 500 0 -24 -12851 0 55 0
997 12 742 500 -6 24 0 55 51
998 12 742 903 -6 24 0 55 51
999 12 500 742 6 -24 0 55 55
1000 8 1100 0 24 -12851 0 55 0
1001 8 742 0 -6 -12851 0 55 0
1002 8 742 0 6 -12851 0 60 0
1003 8 903 0 -6 -12851 0 60 0
1004 8 609 0 -6 -12851 0 60 0
1005 8 742 0 -24 -12851 0 60 0
1006 12 742 609 6 -24 0 55 51
1007 8 1100 0 24 -12851 0 60 0
1008 8 903 0 6 -12851 0 60 0
1009 12 742 500 6 -24 0 51 51
1010 8 903 0 24 -12851 0 55 0
1011 8 500 0 -6 -12851 0 60 0
1012 12 742 1100 -6 24 0 55 55
1013 12 742 609 6 -24 0 51 51
1014 8 500 0 -24 -12851 0 60 0
1015 8 742 0 -6 -12851 0 60 0
1016 12 742 500 -6 24 0 55 55
1017 8 742 0 24 -12851 0 60 0
1018 8 609 0 -6 -12851 0 55 0
1019 12 742 903 6 -24 0 55 55
1020 8 609 0 -24 -12851 0 55 0
1021 12 742 609 6 -24 0 51 55
1022 8 500 0 -24 -12851 0 60 0
1023 8 500 0 6 -12851 0 60 0
1024 12 609 742 6 -24 0 51 55
1025 12 742 903 6 -24 0 55 51
1026 8 500 0 6 -12851 0 55 0
1027 12 500 742 -6 24 0 51 51
1028 8 1100 0 -6 -12851 0 60 0
1029 8 742 0 6 -12851 0 60 0
1030 8 1100 0 -6 -12851 0 60 0
1031 12 609 742 -6 24 0 51 51
1032 12 903 742 6 -24 0 51 55
1033 8 742 0 24 -12851 0 55 0
1034 12 609 742 6 -24 0 51 51
1035 8 903 0 -6 -12851 0 55 0
1036 8 1100 0 6 -12851 0 55 0
1037 8 903 0 -6 -12851 0 55 0
1038 12 742 500 -6 24 0 51 55
1039 8 903 0 -6 -12851 0 55 0
1040 12 500 742 -6 24 0 55 51
1041 8 609 0 6 -12851 0 55 0
1042 8 742 0 24 -12851 0 60 0
1043 8 742 0 6 -12851 0 55 0
1044 8 742 0 -24 -12851 0 60 0
1045 12 609 742 -6 24 0 55 55
1046 8 903 0 -6 -12851 0 60 0
1047 12 1100 742 6 -24 0 51 51
1048 12 500 742 -6 24 0 51 55
1049 12 1100 742 6 -24 0 55 55
1050 8 742 0 24 -12851 0 60 0
1051 12 609 742 6 -24 0 51 55
1052 12 903 742 6 -24 0 55 55
1053 8 609 0 -6 -12851 0 55 0
1054 8 609 0 24 -12851 0 55 0
1055 8 903 0 -24 -12851 0 60 0
1056 8 500 0 -6 -12851 0 55 0
1057 8 903 0 24 -12851 0 60 0
1058 8 1100 0 -24 -12851 0 60 0
1059 12 903 742 -6 24 0 55 51
1060 8 609 0 -24 -12851 0 60 0
1061 8 1100 0 -24 -12851 0 55 0
1062 12 609 742 -6 24 0 51 55
1063 8 500 0 6 -12851 0 60 0
1064 12 742 1100 -6 24 0 55 55
1065 12 742 903 6 -24 0 55 51
1066 12 742 1100 6 -24 0 55 51
1067 8 1100 0 24 -12851 0 55 0
1068 8 500 0 -6 -12851 0 55 0
1069 8 500 0 -24 -12851 0 55 0
1070 8 500 0 -24 -12851 0 60 0
1071 8 500 0 6 -12851 0 60 0
1072 8 903 0 -24 -12851 0 55 0
1073 12 500 742 -6 24 0 55 51
1074 8 742 0 -6 -12851 0 60 0
1075 12 742 903 6 -24 0 55 51
1076 8 903 0 -6 -12851 0 60 0
1077 8 609 0 -6 -12851 0 60 0
1078 12 742 500 6 -24 0 55 51
1079 8 609 0 24 -12851 0 55 0
1080 12 903 742 -6 24 0 51 51
1081 12 903 742 -6 24 0 55 51
1082 8 1100 0 -24 -12851 0 60 0
1083 12 742 903 6 -24 0 51 55
1084 8 1100 0 6 -12851 0 60 0
1085 12 903 742 6 -24 0 51 55
1086 8 742 0 -24 -12851 0 55 0
1087 12 609 742 6 -24 0 51 51
1088 8 609 0 -6 -12851 0 55 0
1089 8 742 0 -6 -12851 0 60 0
1090 12 742 500 -6 24 0 55 55
1091 12 742 500 -6 24 0 55 51
1092 12 742 903 6 -24 0 55 51
1093 12 742 500 -6 24 0 51 55
1094 8 903 0 -6 -12851 0 60 0
1095 12 609 742 -6 24 0 55 55
1096 12 500 742 6 -24 0 51 51
1097 8 1100 0 24 -12851 0 55 0
1098 8 500 0 -6 -12851 0 55 0
1099 8 609 0 6 -12851 0 55 0
1100 8 609 0 -24 -12851 0 60 0
1101 8 1100 0 -6 -12851 0 55 0
1102 12 742 500 6 -24 0 51 55
1103 8 903 0 24 -12851 0 55 0
1104 12 742 1100 6 -24 0 51 51
1105 8 742 0 6 -12851 0 55 0
1106 8 609 0 -6 -12851 0 60 0
1107 12 742 1100 6 -24 0 55 51
1108 12 1100 742 -6 24 0 55 51
1109 8 609 0 6 -12851 0 60 0
1110 8 500 0 -6 -12851 0 60 0
1111 8 903 0 -24 -12851 0 60 0
1112 12 742 609 6 -24 0 51 51
1113 12 742 500 -6 24 0 55 55
1114 12 500 742 6 -24 0 55 51
1115 8 500 0 6 -12851 0 55 0
1116 8 903 0 6 -12851 0 55 0
1117 12 1100 742 6 -24 0 55 51
1118 8 500 0 6 -12851 0 60 0
1119 8 742 0 24 -12851 0 55 0
1120 8 742 0 24 -12851 0 60 0
1121 8 1100 0 -6 -12851 0 55 0
1122 8 1100 0 6 -12851 0 60 0
1123 12 742 903 6 -24 0 51 55
1124 12 742 609 -6 24 0 55 55
1125 8 1100 0 -6 -12851 0 55 0
1126 8 1100 0 -6 -12851 0 60 0
1127 8 1100 0 -6 -12851 0 60 0
1128 8 500 0 -24 -12851 0 60 0
1129 8 500 0 -6 -12851 0 60 0
1130 12 742 500 6 -24 0 55 55
1131 12 500 742 -6 24 0 55 51
1132 8 1100 0 -6 -12851 0 60 0
1133 8 742 0 24 -12851 0 55 0
1134 8 609 0 6 -12851 0 60 0
1135 8 609 0 -6 -12851 0 60 0
1136 8 903 0 24 -12851 0 60 0
1137 8 500 0 -6 -12851 0 55 0
1138 12 500 742 6 -24 0 51 51
1139 8 742 0 6 -12851 0 55 0
1140 8 903 0 -24 -12851 0 60 0
1141 8 609 0 24 -12851 0 55 0
1142 8 903 0 -6 -12851 0 60 0
1143 8 742 0 6 -12851 0 60 0
1144 12 742 1100 -6 24 0 51 51
1145 8 500 0 -24 -12851 0 60 0
1146 8 500 0 6 -12851 0 55 0
1147 12 742 903 -6 24 0 55 51
1148 8 500 0 -6 -12851 0 60 0
1149 12 742 903 6 -24 0 51 51
1150 8 903 0 -6 -12851 0 60 0
1151 8 609 0 -24 -12851 0 60 0
1152 8 609 0 -24 -12851 0 60 0
1153 12 500 742 6 -24 0 51 51
1154 12 742 500 6 -24 0 51 55
1155 8 742 0 24 -12851 0 55 0
1156 12 500 742 -6 24 0 51 51
1157 12 742 609 6 -24 0 51 51
1158 8 500 0 6 -12851 0 55 0
1159 8 609 0 24 -12851 0 60 0
1160 12 1100 742 6 -24 0 51 51
1161 8 903 0 -6 -12851 0 55 0
1162 8 1100 0 -6 -12851 0 60 0
1163 12 903 742 6 -24 0 55 55
1164 8 742 0 -24 -12851 0 55 0
1165 8 742 0 24 -12851 0 55 0
1166 8 1100 0 -6 -12851 0 55 0
1167 8 1100 0 6 -12851 0 60 0
1168 8 903 0 24 -12851 0 55 0
1169 12 609 742 6 -24 0 55 55
1170 8 1100 0 -24 -12851 0 55 0
1171 12 742 500 -6 24 0 55 55
1172 8 1100 0 24 -12851 0 60 0
1173 12 742 500 -6 24 0 51 55
1174 8 742 0 6 -12851 0 60 0
1175 12 742 903 6 -24 0 51 51
1176 8 903 0 24 -12851 0 60 0
1177 12 742 903 6 -24 0 55 55
1178 8 742 0 -24 -12851 0 55 0
1179 12 742 609 6 -24 0 51 51
1180 8 903 0 24 -12851 0 60 0
1181 8 1100 0 6 -12851 0 60 0
1182 8 1100 0 -6 -12851 0 55 0
1183 12 500 742 6 -24 0 55 51
1184 12 903 742 -6 24 0 55 51
1185 12 742 500 6 -24 0 51 51
1186 12 1100 742 6 -24 0 51 51
1187 8 609 0 24 -12851 0 60 0
1188 8 742 0 24 -12851 0 55 0
1189 12 742 609 -6 24 0 51 51
1190 8 500 0 -6 -12851 0 60 0
1191 8 903 0 24 -12851 0 60 0
1192 8 500 0 -6 -12851 0 60 0
1193 8 609 0 -24 -12851 0 55 0
1194 12 1100 742 6 -24 0 55 55
1195 8 500 0 24 -12851 0 55 0
1196 8 609 0 6 -12851 0 60 0
1197 8 903 0 -6 -12851 0 55 0
1198 12 500 742 -6 24 0 55 55
1199 8 903 0 24 -12851 0 55 0
1200 8 1100 0 -24 -12851 0 60 0
1201 12 903 742 6 -24 0 51 51
1202 12 742 609 6 -24 0 51 55
1203 8 1100 0 -6 -12851 0 55 0
1204 12 1100 742 -6 24 0 51 51
1205 8 903 0 -6 -12851 0 55 0
1206 12 500 742 -6 24 0 51 55
1207 12 742 500 -6 24 0 55 51
1208 12 742 609 6 -24 0 55 51
1209 8 1100 0 6 -12851 0 55 0
1210 8 742 0 -6 -12851 0 60 0
1211 12 742 609 -6 24 0 51 55
1212 8 609 0 6 -12851 0 60 0
1213 8 609 0 -24 -12851 0 60 0
1214 12 1100 742 -6 24 0 51 55
1215 12 742 609 6 -24 0 51 51
1216 8 609 0 -24 -12851 0 55 0
1217 8 903 0 -6 -12851 0 55 0
1218 8 500 0 -6 -12851 0 55 0
1219 8 500 0 -24 -12851 0 60 0
1220 12 742 609 6 -24 0 55 55
1221 8 742 0 24 -12851 0 55 0
1222 12 609 742 -6 24 0 55 55
1223 12 742 903 -6 24 0 51 55
1224 8 500 0 6 -12851 0 60 0
1225 8 742 0 -6 -12851 0 60 0
1226 12 742 903 6 -24 0 55 51
1227 12 742 1100 -6 24 0 55 55
1228 12 742 609 -6 24 0 51 51
1229 8 742 0 -24 -12851 0 60 0
1230 12 500 742 6 -24 0 51 51
1231 8 742 0 6 -12851 0 55 0
1232 12 742 903 -6 24 0 51 51
1233 8 903 0 -6 -12851 0 55 0
1234 8 742 0 -6 -12851 0 60 0
1235 8 1100 0 24 -12851 0 60 0
1236 12 500 742 -6 24 0 51 55
1237 8 1100 0 24 -12851 0 55 0
1238 8 903 0 -24 -12851 0 55 0
1239 8 500 0 -6 -12851 0 55 0
1240 12 1100 742 -6 24 0 51 51
1241 12 742 500 6 -24 0 51 55
1242 12 500 742 6 -24 0 51 51
1243 8 500 0 24 -12851 0 55 0
1244 12 903 742 6 -24 0 51 55
1245 12 742 903 -6 24 0 55 51
1246 8 742 0 -6 -12851 0 60 0
1247 12 742 1100 -6 24 0 55 51
1248 12 1100 742 -6 24 0 51 55
1249 8 609 0 6 -12851 0 60 0
1250 8 609 0 -24 -12851 0 60 0
1251 8 1100 0 -24 -12851 0 60 0
1252 8 500 0 24 -12851 0 55 0
1253 8 903 0 24 -12851 0 60 0
1254 8 609 0 6 -12851 0 55 0
1255 12 903 742 6 -24 0 55 55
1256 12 742 903 -6 24 0 55 55
1257 8 742 0 -6 -12851 0 60 0
1258 8 742 0 24 -12851 0 55 0
1259 12 1100 742 -6 24 0 51 55
1260 12 1100 742 6 -24 0 55 55
1261 12 500 742 -6 24 0 55 55
1262 12 742 500 -6 24 0 51 55
1263 8 1100 0 6 -12851 0 60 0
1264 12 742 903 6 -24 0 51 55
1265 12 500 742 6 -24 0 51 51
1266 8 609 0 6 -12851 0 60 0
1267 8 1100 0 6 -12851 0 55 0
1268 8 609 0 -6 -12851 0 60 0
1269 12 1100 742 -6 24 0 51 55
1270 12 742 903 -6 24 0 55 55
1271 8 903 0 -24 -12851 0 60 0
1272 12 742 500 6 -24 0 55 55
1273 8 500 0 24 -12851 0 55 0
1274 8 1100 0 -6 -12851 0 55 0
1275 8 742 0 24 -12851 0 60 0
1276 8 742 0 6 -12851 0 60 0
1277 12 742 609 6 -24 0 55 51
1278 12 742 609 -6 24 0 51 55
1279 8 500 0 -24 -12851 0 55 0
1280 12 1100 742 6 -24 0 51 51
1281 8 903 0 24 -12851 0 60 0
1282 8 903 0 6 -12851 0 55 0
1283 8 500 0 -24 -12851 0 60 0
1284 8 609 0 -24 -12851 0 60 0
1285 8 1100 0 6 -12851 0 60 0
1286 12 742 1100 -6 24 0 55 51
1287 8 1100 0 24 -12851 0 55 0
1288 12 742 903 -6 24 0 55 55
1289 8 903 0 24 -12851 0 55 0
1290 8 609 0 -24 -12851 0 55 0
1291 8 903 0 6 -12851 0 55 0
1292 12 609 742 -6 24 0 51 55
1293 8 1100 0 -24 -12851 0 55 0
1294 8 609 0 6 -12851 0 55 0
1295 12 1100 742 -6 24 0 51 55
1296 12 742 903 6 -24 0 55 55
1297 12 742 609 6 -24 0 55 55
1298 8 1100 0 -24 -12851 0 55 0
1299 8 500 0 24 -12851 0 60 0
1300 8 742 0 -6 -12851 0 55 0
1301 8 903 0 -6 -12851 0 60 0
1302 12 500 742 6 -24 0 51 51
1303 8 609 0 -24 -12851 0 60 0
1304 8 500 0 6 -12851 0 55 0
1305 8 742 0 6 -12851 0 55 0
1306 12 742 500 -6 24 0 55 55
1307 12 742 1100 6 -24 0 55 51
1308 12 742 609 -6 24 0 51 51
1309 12 609 742 -6 24 0 55 55
1310 8 500 0 6 -12851 0 55 0
1311 8 742 0 -6 -12851 0 60 0
1312 8 1100 0 24 -12851 0 55 0
1313 8 1100 0 -24 -12851 0 60 0
1314 12 903 742 -6 24 0 55 55
1315 8 903 0 -6 -12851 0 60 0
1316 8 903 0 6 -12851 0 60 0
1317 12 609 742 6 -24 0 51 51
1318 8 1100 0 24 -12851 0 55 0
1319 8 500 0 -24 -12851 0 60 0
1320 12 609 742 6 -24 0 55 51
1321 12 903 742 -6 24 0 55 55
1322 8 609 0 6 -12851 0 60 0
1323 8 1100 0 24 -12851 0 55 0
1324 12 500 742 6 -24 0 51 55
1325 12 742 903 6 -24 0 51 51
1326 8 742 0 6 -12851 0 60 0
1327 12 742 1100 6 -24 0 55 55
