298 12 742 1100 -6 24 1 51 51
299 12 742 500 6 -24 0 55 55
300 12 903 742 6 -24 1 55 51
301 12 742 609 6 -24 1 51 55
302 8 1100 0 24 -12851 0 55 0
303 8 903 0 -24 -12851 1 55 0
304 8 500 0 -24 -12851 1 55 0
305 12 903 742 -6 24 1 55 51
306 12 500 742 -6 24 1 55 51
307 8 903 0 -24 -12851 1 55 0
308 8 742 0 6 -12851 1 60 0
309 8 1100 0 24 -12851 1 55 0
310 8 609 0 6 -12851 1 55 0
311 8 500 0 -24 -12851 1 60 0
312 8 742 0 24 -12851 1 55 0
313 8 903 0 -24 -12851 1 60 0
314 8 500 0 -6 -12851 0 60 0
315 12 500 742 6 -24 1 55 55
316 8 1100 0 -24 -12851 1 55 0
317 12 1100 742 6 -24 1 55 55
318 8 1100 0 24 -12851 1 55 0
319 12 1100 742 -6 24 1 51 51
320 12 742 903 6 -24 1 51 55
321 12 742 903 -6 24 0 55 55
322 8 609 0 6 -12851 1 60 0
323 12 742 500 -6 24 1 51 51
324 12 903 742 6 -24 1 55 55
325 8 1100 0 6 -12851 1 60 0
326 12 903 742 6 -24 1 51 51
327 12 742 609 -6 24 1 55 55
328 8 500 0 -6 -12851 0 55 0
329 8 742 0 6 -12851 1 55 0
330 12 1100 742 -6 24 1 51 51
331 8 609 0 -24 -12851 1 55 0
332 8 609 0 -6 -12851 1 55 0
333 8 1100 0 -24 -12851 1 55 0
334 12 742 609 -6 24 0 51 55
335 12 500 742 6 -24 1 55 51
336 12 500 742 6 -24 1 51 55
337 12 1100 742 6 -24 1 51 51
338 12 1100 742 6 -24 1 55 55
339 8 742 0 -24 -12851 1 60 0
340 12 609 742 6 -24 1 55 55
341 12 609 742 -6 24 1 55 55
342 8 500 0 -24 -12851 1 55 0
343 8 903 0 -24 -12851 1 55 0
344 8 500 0 -6 -12851 0 60 0
345 12 1100 742 -6 24 1 55 55
346 8 903 0 24 -12851 1 55 0
347 8 903 0 24 -12851 0 55 0
348 8 742 0 24 -12851 1 60 0
349 8 1100 0 -24 -12851 1 60 0
350 8 1100 0 6 -12851 1 55 0
351 12 742 1100 6 -24 0 51 55
352 8 609 0 -6 -12851 0 55 0
353 8 903 0 -6 -12851 0 55 0
354 8 742 0 -6 -12851 1 55 0
355 12 1100 742 -6 24 0 51 51
356 8 1100 0 24 -12851 1 55 0
357 8 903 0 -24 -12851 1 60 0
358 12 742 903 6 -24 1 55 51
359 8 500 0 -6 -12851 1 60 0
360 8 742 0 -24 -12851 1 60 0
361 8 500 0 -24 -12851 1 60 0
362 8 1100 0 -6 -12851 1 55 0
363 8 903 0 -6 -12851 1 55 0
364 8 500 0 24 -12851 1 55 0
365 8 609 0 -6 -12851 1 55 0
366 12 903 742 -6 24 0 51 55
367 8 609 0 6 -12851 1 60 0
368 8 742 0 -6 -12851 0 55 0
369 8 609 0 -24 -12851 1 55 0
370 12 500 742 -6 24 1 51 51
371 8 609 0 6 -12851 1 55 0
372 8 742 0 6 -12851 1 60 0
373 8 903 0 6 -12851 1 60 0
374 12 742 609 -6 24 1 55 55
375 12 500 742 -6 24 0 55 51
376 8 1100 0 6 -12851 1 60 0
377 12 742 1100 6 -24 1 51 51
378 8 1100 0 -24 -12851 1 60 0
379 8 1100 0 -6 -12851 1 60 0
380 8 742 0 6 -12851 1 60 0
381 8 500 0 -6 -12851 1 60 0
382 8 742 0 -6 -12851 1 55 0
383 12 742 500 6 -24 1 55 55
384 8 609 0 -6 -12851 0 55 0
385 8 609 0 6 -12851 1 60 0
386 12 903 742 -6 24 1 51 55
387 12 742 1100 -6 24 1 51 55
388 8 903 0 -24 -12851 1 60 0
389 8 903 0 6 -12851 1 55 0
390 8 500 0 6 -12851 1 55 0
391 8 500 0 24 -12851 1 55 0
392 8 609 0 -6 -12851 1 60 0
393 8 609 0 24 -12851 1 60 0
394 8 742 0 -24 -12851 1 55 0
395 8 742 0 -6 -12851 0 55 0
396 12 742 1100 -6 24 1 55 55
397 8 903 0 -6 -12851 0 55 0
398 8 500 0 6 -12851 1 55 0
399 8 609 0 6 -12851 1 55 0
400 8 1100 0 -24 -12851 1 55 0
401 8 1100 0 -24 -12851 1 55 0
402 12 903 742 -6 24 0 55 55
403 12 609 742 -6 24 1 51 55
404 8 903 0 -6 -12851 1 55 0
405 8 500 0 6 -12851 1 60 0
406 12 742 500 6 -24 1 51 51
407 12 742 500 -6 24 0 55 55
408 12 1100 742 -6 24 0 51 51
409 8 1100 0 -24 -12851 0 55 0
410 8 609 0 -6 -12851 0 55 0
411 12 742 500 -6 24 1 55 55
412 12 1100 742 6 -24 1 51 55
413 8 500 0 -24 -12851 1 60 0
414 8 903 0 -24 -12851 1 55 0
415 8 742 0 24 -12851 1 60 0
416 8 1100 0 -24 -12851 1 60 0
417 8 1100 0 24 -12851 1 60 0
418 12 609 742 6 -24 1 55 51
419 12 742 609 6 -24 1 51 55
420 8 903 0 -24 -12851 1 55 0
421 8 609 0 6 -12851 1 60 0
422 12 742 609 6 -24 1 55 55
423 12 742 500 -6 24 0 51 55
424 12 742 609 -6 24 1 55 51
425 12 742 609 6 -24 1 51 51
426 8 1100 0 -24 -12851 1 55 0
427 12 903 742 -6 24 1 55 55
428 8 742 0 6 -12851 1 55 0
429 12 742 500 -6 24 0 51 55
430 8 742 0 -6 -12851 1 60 0
431 8 1100 0 6 -12851 1 55 0
432 12 742 609 6 -24 1 51 55
433 8 500 0 -6 -12851 0 60 0
434 12 742 609 -6 24 1 55 55
435 8 742 0 6 -12851 1 60 0
436 8 903 0 6 -12851 0 55 0
437 12 500 742 6 -24 1 51 51
438 8 609 0 -6 -12851 0 60 0
439 8 903 0 24 -12851 1 60 0
440 8 500 0 6 -12851 1 55 0
441 12 742 903 6 -24 1 55 51
442 8 609 0 24 -12851 1 60 0
443 8 500 0 -24 -12851 1 60 0
444 8 609 0 -24 -12851 1 60 0
445 8 609 0 -6 -12851 0 55 0
446 8 903 0 24 -12851 1 60 0
447 12 500 742 -6 24 0 55 55
448 8 903 0 6 -12851 1 55 0
449 12 500 742 6 -24 1 51 51
450 8 742 0 24 -12851 1 60 0
451 8 903 0 -6 -12851 1 60 0
452 8 742 0 -24 -12851 1 55 0
453 12 742 903 6 -24 1 55 51
454 8 742 0 6 -12851 1 60 0
455 8 500 0 6 -12851 1 60 0
456 12 609 742 6 -24 1 51 51
457 8 1100 0 24 -12851 1 55 0
458 12 742 609 6 -24 1 51 51
459 8 1100 0 -6 -12851 0 55 0
460 8 1100 0 -6 -12851 0 60 0
461 8 500 0 -24 -12851 0 55 0
462 8 609 0 -6 -12851 0 60 0
463 12 500 742 -6 24 1 51 51
464 12 609 742 -6 24 1 51 55
465 8 500 0 24 -12851 1 60 0
466 8 609 0 6 -12851 1 55 0
467 8 903 0 -6 -12851 0 60 0
468 8 903 0 24 -12851 1 60 0
469 8 500 0 -24 -12851 1 60 0
470 12 742 1100 -6 24 0 55 55
471 12 742 903 -6 24 1 51 51
472 8 903 0 6 -12851 1 60 0
473 12 903 742 6 -24 1 51 55
474 8 742 0 24 -12851 1 55 0
475 8 1100 0 -24 -12851 1 55 0
476 8 609 0 -6 -12851 0 60 0
477 12 1100 742 6 -24 1 51 51
478 12 742 500 -6 24 1 55 51
479 12 500 742 6 -24 1 55 55
480 12 742 1100 -6 24 1 55 55
481 8 609 0 -24 -12851 1 55 0
482 8 609 0 -6 -12851 1 60 0
483 8 1100 0 6 -12851 0 60 0
484 12 500 742 6 -24 0 51 51
485 8 903 0 -24 -12851 1 60 0
486 12 742 609 -6 24 1 51 51
487 12 903 742 -6 24 1 51 55
488 12 742 500 6 -24 1 55 51
489 8 500 0 24 -12851 1 55 0
490 12 742 903 6 -24 1 55 51
491 8 1100 0 -24 -12851 1 60 0
492 8 500 0 -6 -12851 0 55 0
493 12 742 903 6 -24 1 55 55
494 8 742 0 -24 -12851 1 60 0
495 8 742 0 6 -12851 1 55 0
496 12 609 742 -6 24 0 51 51
497 8 742 0 -24 -12851 0 55 0
498 12 742 903 6 -24 0 51 51
499 12 742 1100 6 -24 1 55 55
500 8 742 0 6 -12851 1 55 0
501 8 742 0 -24 -12851 1 60 0
502 8 1100 0 24 -12851 1 60 0
503 12 1100 742 6 -24 0 51 51
504 12 903 742 -6 24 0 55 55
505 8 742 0 6 -12851 1 60 0
506 12 742 500 -6 24 1 51 51
507 12 1100 742 -6 24 0 51 55
508 8 903 0 -24 -12851 1 60 0
509 12 742 1100 6 -24 0 51 55
510 8 1100 0 -6 -12851 0 55 0
511 12 1100 742 -6 24 0 55 55
512 12 609 742 -6 24 1 55 51
513 12 1100 742 -6 24 1 51 55
514 8 1100 0 -24 -12851 1 55 0
515 8 903 0 -24 -12851 1 60 0
516 8 609 0 6 -12851 1 55 0
517 8 500 0 -6 -12851 1 60 0
518 12 742 1100 -6 24 0 55 51
519 8 500 0 -24 -12851 1 60 0
520 8 609 0 6 -12851 1 60 0
521 8 500 0 24 -12851 1 55 0
522 12 609 742 6 -24 1 55 51
523 12 609 742 6 -24 1 51 51
524 12 1100 742 6 -24 1 55 51
525 8 903 0 24 -12851 1 60 0
526 8 609 0 -24 -12851 1 55 0
527 12 742 903 -6 24 0 55 55
528 8 500 0 -6 -12851 0 55 0
529 12 742 500 6 -24 1 55 51
530 12 742 609 6 -24 1 55 51
531 8 500 0 24 -12851 1 60 0
532 12 1100 742 -6 24 0 55 51
533 12 500 742 6 -24 1 51 55
534 12 742 500 6 -24 1 55 55
535 8 903 0 24 -12851 1 60 0
536 8 1100 0 6 -12851 1 60 0
537 8 1100 0 6 -12851 1 55 0
538 8 609 0 6 -12851 1 55 0
539 8 1100 0 -6 -12851 1 60 0
540 8 903 0 -6 -12851 1 55 0
541 8 500 0 -24 -12851 1 55 0
542 12 742 609 6 -24 0 51 55
543 12 742 500 -6 24 1 55 55
544 12 742 1100 -6 24 1 51 55
545 12 500 742 -6 24 0 51 55
546 12 742 903 -6 24 1 55 55
547 12 609 742 6 -24 1 55 51
548 12 609 742 -6 24 0 55 55
549 12 500 742 6 -24 1 51 51
550 8 903 0 24 -12851 1 60 0
551 8 500 0 -6 -12851 1 60 0
552 8 609 0 24 -12851 0 60 0
553 8 609 0 -6 -12851 0 60 0
554 8 742 0 -6 -12851 0 55 0
555 8 742 0 6 -12851 0 55 0
556 8 742 0 -24 -12851 1 60 0
557 8 609 0 6 -12851 1 55 0
558 12 500 742 -6 24 1 55 51
559 12 1100 742 -6 24 0 51 55
560 8 609 0 -6 -12851 0 55 0
561 8 903 0 -6 -12851 0 55 0
562 8 500 0 6 -12851 1 60 0
563 8 742 0 -24 -12851 1 60 0
564 12 742 500 6 -24 0 55 51
565 8 1100 0 -24 -12851 1 55 0
566 8 742 0 24 -12851 1 60 0
567 12 1100 742 6 -24 1 51 55
568 12 1100 742 -6 24 0 55 51
569 8 903 0 24 -12851 1 55 0
570 8 903 0 24 -12851 1 60 0
571 8 500 0 -24 -12851 1 55 0
572 8 500 0 6 -12851 1 60 0
573 8 1100 0 6 -12851 1 55 0
574 8 1100 0 6 -12851 1 60 0
575 8 609 0 6 -12851 1 60 0
576 12 1100 742 -6 24 1 55 55
577 8 609 0 -24 -12851 1 55 0
578 8 742 0 -6 -12851 0 55 0
579 8 609 0 24 -12851 1 55 0
580 8 609 0 -24 -12851 1 55 0
581 8 609 0 24 -12851 1 55 0
582 8 1100 0 24 -12851 1 55 0
583 8 903 0 24 -12851 1 55 0
584 8 1100 0 -6 -12851 1 60 0
585 8 1100 0 24 -12851 1 60 0
586 12 500 742 6 -24 0 51 51
587 8 742 0 -6 -12851 1 60 0
588 8 903 0 6 -12851 1 60 0
589 8 609 0 6 -12851 1 55 0
590 8 500 0 6 -12851 1 60 0
591 12 500 742 6 -24 0 51 55
592 8 903 0 24 -12851 1 60 0
593 8 742 0 6 -12851 1 60 0
594 8 500 0 6 -12851 1 55 0
595 8 500 0 6 -12851 1 55 0
596 12 742 500 6 -24 0 55 51
597 12 903 742 6 -24 1 55 55
598 8 742 0 24 -12851 1 60 0
599 8 742 0 6 -12851 1 60 0
600 12 742 903 -6 24 1 51 51
601 8 742 0 -24 -12851 1 60 0
602 12 903 742 6 -24 1 55 55
603 8 500 0 24 -12851 1 55 0
604 12 500 742 -6 24 0 55 51
605 12 1100 742 -6 24 1 51 55
606 8 742 0 -24 -12851 0 60 0
607 8 609 0 24 -12851 0 60 0
608 12 742 609 -6 24 1 51 51
609 8 500 0 6 -12851 1 60 0
610 12 1100 742 -6 24 1 51 55
611 8 903 0 -24 -12851 0 60 0
612 12 742 903 6 -24 0 51 55
613 12 742 903 6 -24 0 51 51
614 8 500 0 -6 -12851 0 55 0
615 8 609 0 24 -12851 1 55 0
616 12 742 903 6 -24 1 55 55
617 12 903 742 6 -24 1 51 55
618 12 1100 742 -6 24 1 55 55
619 12 742 903 -6 24 1 51 51
620 12 609 742 6 -24 1 55 55
621 8 903 0 -6 -12851 1 55 0
622 8 903 0 24 -12851 1 55 0
623 8 1100 0 -24 -12851 0 60 0
624 12 742 609 -6 24 1 51 51
625 8 1100 0 -6 -12851 0 55 0
626 8 609 0 6 -12851 1 60 0
627 8 1100 0 -24 -12851 1 55 0
628 12 742 903 -6 24 1 55 55
629 8 742 0 24 -12851 0 55 0
630 12 742 1100 6 -24 0 55 55
631 8 1100 0 6 -12851 1 55 0
632 12 742 903 -6 24 1 55 55
633 12 742 609 6 -24 1 55 55
634 12 742 1100 -6 24 0 55 55
635 8 1100 0 24 -12851 1 55 0
636 12 500 742 6 -24 1 55 55
637 8 500 0 6 -12851 1 55 0
638 8 903 0 24 -12851 1 60 0
639 12 742 609 6 -24 1 51 55
640 8 903 0 -24 -12851 1 60 0
641 8 1100 0 6 -12851 1 55 0
642 12 609 742 6 -24 1 51 55
643 12 903 742 -6 24 0 55 51
644 8 742 0 6 -12851 1 60 0
645 8 903 0 -6 -12851 1 60 0
646 12 742 903 6 -24 1 55 55
647 8 500 0 24 -12851 1 60 0
648 8 1100 0 -24 -12851 1 55 0
649 8 500 0 -6 -12851 0 60 0
650 12 742 1100 6 -24 1 51 51
651 12 903 742 6 -24 1 51 55
652 8 609 0 -6 -12851 0 60 0
653 8 742 0 6 -12851 1 55 0
654 12 742 500 -6 24 1 55 55
655 8 742 0 -6 -12851 0 60 0
656 12 1100 742 6 -24 0 51 51
657 12 742 500 -6 24 0 51 51
658 8 609 0 -24 -12851 0 55 0
659 8 609 0 -6 -12851 0 60 0
660 12 742 609 6 -24 0 51 51
661 12 903 742 6 -24 0 55 55
662 8 742 0 6 -12851 0 55 0
663 12 500 742 -6 24 0 51 55
664 8 742 0 24 -12851 0 55 0
665 12 609 742 6 -24 0 51 55
666 12 1100 742 -6 24 0 51 55
667 8 500 0 6 -12851 0 60 0
668 8 742 0 -24 -12851 1 55 0
669 8 742 0 24 -12851 1 55 0
670 12 742 609 6 -24 0 51 51
671 12 742 1100 -6 24 1 51 55
672 12 742 500 6 -24 0 51 55
673 8 609 0 24 -12851 0 55 0
674 12 500 742 -6 24 0 51 51
675 8 903 0 -6 -12851 0 55 0
676 8 1100 0 -24 -12851 0 60 0
677 12 742 500 6 -24 0 55 51
678 8 500 0 6 -12851 1 60 0
679 8 500 0 24 -12851 0 55 0
680 12 609 742 -6 24 0 51 51
681 12 609 742 -6 24 0 51 51
682 8 1100 0 -24 -12851 0 60 0
683 12 742 903 6 -24 0 51 51
684 8 609 0 6 -12851 1 60 0
685 8 903 0 -24 -12851 0 55 0
686 12 742 1100 6 -24 0 51 55
687 12 742 1100 6 -24 0 51 51
688 12 742 500 -6 24 0 51 51
689 8 1100 0 6 -12851 0 60 0
690 8 609 0 6 -12851 1 60 0
691 8 903 0 -24 -12851 0 55 0
692 8 903 0 -6 -12851 0 55 0
693 8 903 0 -24 -12851 0 60 0
694 8 742 0 -6 -12851 0 60 0
695 12 903 742 -6 24 0 55 51
696 12 609 742 -6 24 0 51 55
697 8 1100 0 24 -12851 0 55 0
698 8 903 0 6 -12851 0 55 0
699 12 742 500 -6 24 0 55 51
700 8 742 0 -24 -12851 0 55 0
701 12 742 1100 6 -24 0 55 55
702 8 742 0 -24 -12851 0 55 0
703 12 742 1100 -6 24 0 55 51
704 8 1100 0 -6 -12851 0 55 0
705 8 903 0 -6 -12851 0 60 0
706 8 1100 0 -24 -12851 0 55 0
707 8 500 0 -6 -12851 1 55 0
708 12 742 500 6 -24 0 51 55
709 12 609 742 -6 24 0 55 51
710 8 609 0 24 -12851 0 55 0
711 12 742 903 -6 24 0 51 51
712 12 742 609 6 -24 0 51 51
713 12 1100 742 6 -24 0 51 51
714 12 903 742 6 -24 0 51 55
715 8 500 0 -24 -12851 0 55 0
716 8 609 0 24 -12851 0 60 0
717 12 903 742 6 -24 0 51 55
718 12 500 742 -6 24 0 55 55
719 8 609 0 -24 -12851 0 55 0
720 8 500 0 24 -12851 0 55 0
721 8 1100 0 6 -12851 0 55 0
722 12 609 742 6 -24 0 51 51
723 8 1100 0 24 -12851 0 60 0
724 8 903 0 6 -12851 1 55 0
725 8 609 0 -24 -12851 1 60 0
726 12 742 1100 -6 24 0 51 51
727 12 609 742 6 -24 0 55 55
728 8 500 0 24 -12851 0 60 0
729 12 742 903 6 -24 0 55 55
730 8 500 0 -6 -12851 1 55 0
731 8 742 0 -6 -12851 0 60 0
732 8 742 0 -24 -12851 0 60 0
733 8 742 0 -6 -12851 0 55 0
734 12 903 742 6 -24 0 55 55
735 8 903 0 24 -12851 0 55 0
736 12 742 500 6 -24 0 55 55
737 8 903 0 -6 -12851 0 60 0
738 8 609 0 -24 -12851 0 60 0
739 8 1100 0 24 -12851 0 60 0
740 8 609 0 -6 -12851 0 60 0
741 8 1100 0 -6 -12851 0 60 0
742 8 500 0 6 -12851 0 60 0
743 12 903 742 6 -24 0 51 51
744 8 500 0 24 -12851 0 55 0
745 8 500 0 -6 -12851 0 60 0
746 8 903 0 6 -12851 0 55 0
747 8 742 0 24 -12851 0 55 0
748 12 742 903 6 -24 0 55 51
749 12 742 500 -6 24 0 55 51
750 8 500 0 -24 -12851 0 60 0
751 8 500 0 24 -12851 0 55 0
752 8 1100 0 -24 -12851 0 60 0
753 8 903 0 6 -12851 0 55 0
754 8 1100 0 6 -12851 0 60 0
755 12 742 1100 6 -24 0 51 51
756 8 1100 0 24 -12851 0 55 0
757 8 903 0 -24 -12851 0 60 0
758 8 742 0 6 -12851 0 55 0
759 8 742 0 6 -12851 0 55 0
760 12 609 742 -6 24 0 55 55
761 8 609 0 6 -12851 0 55 0
762 8 609 0 24 -12851 0 60 0
763 12 609 742 -6 24 0 51 51
764 8 609 0 24 -12851 0 55 0
765 12 742 609 -6 24 0 51 55
766 8 1100 0 24 -12851 0 60 0
767 12 1100 742 -6 24 0 51 51
768 8 1100 0 -24 -12851 0 60 0
769 8 609 0 6 -12851 0 55 0
770 12 742 500 6 -24 0 51 51
771 8 903 0 -6 -12851 0 60 0
772 8 1100 0 -6 -12851 0 60 0
773 8 903 0 6 -12851 0 55 0
774 12 742 609 -6 24 0 55 55
775 8 609 0 24 -12851 0 60 0
776 12 742 500 -6 24 0 55 55
777 12 742 903 -6 24 0 51 51
778 12 742 500 6 -24 0 51 55
779 8 903 0 -24 -12851 0 55 0
780 12 742 500 6 -24 0 55 55
781 8 609 0 -24 -12851 0 55 0
782 8 1100 0 -24 -12851 0 60 0
783 8 742 0 -6 -12851 0 60 0
784 8 742 0 -6 -12851 0 55 0
785 12 742 500 6 -24 0 51 55
786 12 500 742 -6 24 0 55 51
787 8 500 0 -6 -12851 0 60 0
788 8 742 0 -24 -12851 0 60 0
789 8 500 0 -6 -12851 0 60 0
790 8 500 0 6 -12851 0 55 0
791 8 609 0 6 -12851 0 55 0
792 12 742 1100 -6 24 0 51 51
793 8 609 0 6 -12851 0 55 0
794 12 1100 742 6 -24 0 55 55
795 12 742 609 -6 24 0 51 51
796 8 609 0 24 -12851 0 55 0
797 12 1100 742 -6 24 0 55 51
798 12 609 742 -6 24 0 55 55
799 12 500 742 6 -24 0 55 55
800 8 1100 0 6 -12851 0 60 0
801 8 903 0 -6 -12851 0 55 0
802 8 1100 0 6 -12851 0 60 0
803 8 1100 0 24 -12851 0 55 0
804 8 742 0 -24 -12851 0 55 0
805 8 903 0 -6 -12851 0 60 0
806 12 1100 742 6 -24 0 51 55
807 8 609 0 -6 -12851 0 60 0
808 8 500 0 6 -12851 0 55 0
809 12 609 742 6 -24 0 55 55
810 12 742 500 -6 24 0 51 51
811 8 903 0 -24 -12851 0 55 0
812 8 742 0 24 -12851 0 60 0
813 8 500 0 6 -12851 0 60 0
814 8 500 0 6 -12851 0 55 0
815 8 742 0 6 -12851 0 60 0
816 8 742 0 6 -12851 0 55 0
817 12 742 1100 -6 24 0 51 55
818 12 742 1100 -6 24 0 55 55
819 8 742 0 -24 -12851 0 55 0
820 12 742 609 -6 24 0 55 55
821 8 500 0 24 -12851 0 60 0
822 8 609 0 -6 -12851 0 60 0
823 12 742 903 -6 24 0 51 51
824 8 609 0 -24 -12851 0 60 0
825 8 903 0 6 -12851 0 55 0
826 12 1100 742 -6 24 0 55 55
827 8 609 0 24 -12851 0 60 0
828 8 903 0 24 -12851 0 55 0
829 8 903 0 24 -12851 0 60 0
830 12 742 609 -6 24 0 55 51
831 8 1100 0 6 -12851 0 60 0
832 8 500 0 -6 -12851 0 55 0
833 12 742 903 -6 24 0 51 51
834 8 1100 0 6 -12851 0 55 0
835 8 742 0 24 -12851 0 60 0
836 8 742 0 -24 -12851 0 60 0
837 8 1100 0 -6 -12851 0 55 0
838 12 500 742 -6 24 0 51 51
839 8 500 0 24 -12851 0 60 0
840 12 500 742 -6 24 0 55 55
841 12 742 500 -6 24 0 55 51
842 8 1100 0 6 -12851 0 60 0
843 8 1100 0 -24 -12851 0 60 0
844 8 1100 0 24 -12851 0 60 0
845 8 500 0 24 -12851 0 55 0
846 12 903 742 6 -24 0 55 51
847 8 609 0 -6 -12851 0 60 0
848 8 1100 0 24 -12851 0 55 0
849 8 609 0 -24 -12851 0 60 0
850 8 742 0 -24 -12851 0 60 0
851 8 903 0 6 -12851 0 60 0
852 8 609 0 24 -12851 0 55 0
853 8 903 0 24 -12851 0 55 0
854 8 500 0 24 -12851 0 55 0
855 8 500 0 -24 -12851 0 60 0
856 12 609 742 6 -24 0 55 51
857 8 742 0 -24 -12851 0 60 0
858 8 903 0 -6 -12851 0 55 0
859 12 609 742 -6 24 0 51 55
860 8 742 0 24 -12851 0 60 0
861 8 1100 0 -24 -12851 0 55 0
862 8 1100 0 -6 -12851 0 60 0
863 12 1100 742 6 -24 0 55 55
864 8 1100 0 6 -12851 0 55 0
865 12 742 1100 -6 24 0 55 55
866 8 500 0 24 -12851 0 60 0
867 8 742 0 -6 -12851 0 55 0
868 8 609 0 6 -12851 0 55 0
869 12 742 500 -6 24 0 55 55
870 12 742 500 6 -24 0 51 51
871 8 1100 0 -6 -12851 0 55 0
872 12 742 1100 6 -24 0 51 51
873 8 742 0 24 -12851 0 55 0
874 12 742 1100 6 -24 0 55 55
875 8 742 0 6 -12851 0 60 0
876 8 609 0 6 -12851 0 55 0
877 8 609 0 24 -12851 0 60 0
878 8 903 0 -24 -12851 0 55 0
879 12 742 903 -6 24 0 55 55
880 8 903 0 -24 -12851 0 55 0
881 12 742 1100 6 -24 0 55 55
882 12 903 742 -6 24 0 51 55
883 12 742 609 6 -24 0 55 55
884 8 500 0 -24 -12851 0 55 0
885 12 1100 742 6 -24 0 51 51
886 8 500 0 -24 -12851 0 55 0
887 12 609 742 -6 24 0 51 55
888 12 742 1100 6 -24 0 51 55
889 12 903 742 6 -24 0 51 51
890 12 903 742 -6 24 0 55 55
891 12 742 609 -6 24 0 51 51
892 12 742 1100 -6 24 0 55 51
893 12 609 742 -6 24 0 51 51
894 12 609 742 6 -24 0 51 55
895 12 742 1100 6 -24 0 51 51
896 8 903 0 6 -12851 0 60 0
897 12 742 609 6 -24 0 51 55
898 12 903 742 6 -24 0 51 51
899 8 742 0 6 -12851 0 55 0
900 8 742 0 -24 -12851 0 55 0
901 12 742 1100 -6 24 0 55 55
902 12 903 742 6 -24 0 51 51
903 8 742 0 -6 -12851 0 60 0
904 8 609 0 24 -12851 0 60 0
905 12 742 1100 -6 24 0 51 51
906 8 609 0 24 -12851 0 55 0
907 12 903 742 6 -24 0 55 55
908 12 742 500 6 -24 0 51 51
909 8 609 0 6 -12851 0 60 0
910 12 609 742 6 -24 0 55 51
911 12 742 500 -6 24 0 51 55
912 12 500 742 -6 24 0 55 55
913 8 1100 0 6 -12851 0 60 0
914 12 742 1100 -6 24 0 51 51
915 8 1100 0 -6 -12851 0 60 0
916 12 742 903 6 -24 0 51 55
917 8 500 0 6 -12851 0 60 0
918 8 903 0 24 -12851 0 60 0
919 12 742 903 -6 24 0 51 51
920 8 903 0 -24 -12851 0 55 0
921 8 903 0 24 -12851 0 60 0
922 8 500 0 24 -12851 0 55 0
923 8 742 0 24 -12851 0 55 0
924 8 500 0 -24 -12851 0 60 0
925 12 742 500 -6 24 0 51 51
926 8 1100 0 24 -12851 0 60 0
927 8 500 0 6 -12851 0 55 0
928 12 500 742 -6 24 0 51 55
929 8 500 0 -24 -12851 0 55 0
930 8 903 0 24 -12851 0 55 0
931 8 742 0 6 -12851 0 55 0
932 12 609 742 6 -24 0 55 55
933 12 609 742 6 -24 0 51 55
934 12 742 903 -6 24 0 51 55
935 12 609 742 6 -24 0 55 55
936 12 742 1100 6 -24 0 55 55
937 8 903 0 -6 -12851 0 60 0
938 8 903 0 24 -12851 0 55 0
939 8 1100 0 -6 -12851 0 60 0
940 8 742 0 24 -12851 0 60 0
941 12 1100 742 -6 24 0 55 51
942 8 609 0 -6 -12851 0 60 0
943 12 609 742 -6 24 0 55 51
944 8 742 0 -6 -12851 0 60 0
945 12 903 742 -6 24 0 55 55
946 8 1100 0 -24 -12851 0 60 0
947 8 1100 0 -6 -12851 0 60 0
948 12 742 609 6 -24 0 55 55
949 12 609 742 -6 24 0 55 55
950 8 500 0 -6 -12851 0 60 0
951 8 500 0 -6 -12851 0 60 0
952 8 609 0 6 -12851 0 55 0
953 12 742 1100 -6 24 0 51 51
954 12 500 742 6 -24 0 51 51
955 12 609 742 -6 24 0 55 51
956 8 609 0 24 -12851 0 55 0
957 8 742 0 -6 -12851 0 60 0
958 8 742 0 -6 -12851 0 60 0
959 8 500 0 24 -12851 0 55 0
960 8 742 0 -24 -12851 0 55 0
961 8 609 0 24 -12851 0 55 0
962 8 500 0 -6 -12851 0 55 0
963 8 903 0 24 -12851 0 60 0
964 8 500 0 24 -12851 0 55 0
965 8 609 0 -6 -12851 0 60 0
966 12 500 742 6 -24 0 51 51
967 8 903 0 6 -12851 0 55 0
968 8 903 0 24 -12851 0 60 0
969 8 1100 0 -24 -12851 0 55 0
970 8 1100 0 -24 -12851 0 60 0
971 12 742 500 6 -24 0 51 51
972 8 609 0 -24 -12851 0 60 0
973 8 1100 0 -6 -12851 0 55 0
974 8 742 0 24 -12851 0 55 0
975 12 742 609 6 -24 0 55 55
976 8 500 0 -6 -12851 0 55 0
977 12 742 903 6 -24 0 51 55
978 12 742 609 6 -24 0 55 51
979 12 742 1100 6 -24 0 51 51
980 12 742 500 6 -24 0 55 55
981 8 500 0 6 -12851 0 55 0
982 8 609 0 6 -12851 0 60 0
983 12 1100 742 6 -24 0 55 55
984 8 742 0 6 -12851 0 60 0
985 12 1100 742 6 -24 0 51 51
986 8 500 0 -6 -12851 0 55 0
987 12 903 742 -6 24 0 51 51
988 8 742 0 24 -12851 0 55 0
989 12 742 903 6 -24 0 51 55
990 8 903 0 24 -12851 0 55 0
991 8 500 0 -24 -12851 0 60 0
992 8 1100 0 -6 -12851 0 60 0
993 12 742 1100 6 -24 0 55 55
994 12 500 742 6 -24 0 55 55
995 8 1100 0 -6 -12851 0 60 0
996 12 609 742 -6 24 0 55 51
997 8 1100 0 -6 -12851 0 55 0
998 12 500 742 6 -24 0 55 55
999 8 903 0 24 -12851 0 60 0
1000 12 609 742 6 -24 0 55 51
1001 8 903 0 -24 -12851 0 55 0
1002 12 742 1100 -6 24 0 55 55
1003 8 742 0 -6 -12851 0 60 0
1004 12 500 742 -6 24 0 55 51
1005 12 742 500 -6 24 0 55 51
1006 8 609 0 -6 -12851 0 60 0
1007 8 609 0 -6 -12851 0 55 0
1008 8 742 0 -24 -12851 0 60 0
1009 8 742 0 -24 -12851 0 60 0
1010 8 903 0 -24 -12851 0 55 0
1011 12 609 742 -6 24 0 55 51
1012 8 742 0 6 -12851 0 55 0
1013 8 742 0 24 -12851 0 60 0
1014 8 500 0 6 -12851 0 60 0
1015 12 1100 742 -6 24 0 51 55
1016 8 609 0 6 -12851 0 55 0
1017 8 903 0 -6 -12851 0 60 0
1018 8 609 0 6 -12851 0 55 0
1019 12 609 742 6 -24 0 51 51
1020 8 500 0 -24 -12851 0 60 0
1021 8 609 0 -6 -12851 0 60 0
1022 12 500 742 -6 24 0 55 51
1023 8 903 0 24 -12851 0 60 0
1024 12 742 609 6 -24 0 51 51
1025 8 500 0 -24 -12851 0 55 0
1026 12 742 1100 -6 24 0 55 55
1027 8 1100 0 6 -12851 0 55 0
1028 8 1100 0 -6 -12851 0 55 0
1029 12 609 742 -6 24 0 51 55
1030 8 1100 0 24 -12851 0 60 0
1031 8 1100 0 -24 -12851 0 60 0
1032 12 742 903 -6 24 0 55 55
1033 8 1100 0 -6 -12851 0 55 0
1034 12 742 500 6 -24 0 51 51
1035 12 742 1100 6 -24 0 55 55
1036 12 1100 742 -6 24 0 55 51
1037 12 742 903 -6 24 0 51 51
1038 12 742 1100 -6 24 0 55 51
1039 8 742 0 -6 -12851 0 60 0
1040 12 903 742 -6 24 0 51 51
1041 12 742 1100 -6 24 0 55 51
1042 12 500 742 -6 24 0 51 51
1043 8 742 0 -24 -12851 0 60 0
1044 12 742 500 -6 24 0 51 51
1045 12 742 609 6 -24 0 55 55
1046 8 742 0 -6 -12851 0 55 0
1047 8 609 0 -6 -12851 0 60 0
1048 8 903 0 24 -12851 0 60 0
1049 8 609 0 -24 -12851 0 60 0
1050 8 609 0 6 -12851 0 55 0
1051 8 500 0 -6 -12851 0 60 0
1052 8 903 0 -24 -12851 0 55 0
1053 8 1100 0 24 -12851 0 60 0
1054 8 1100 0 -6 -12851 0 55 0
1055 8 500 0 6 -12851 0 60 0
1056 8 500 0 -24 -12851 0 60 0
1057 8 903 0 -6 -12851 0 60 0
1058 12 609 742 6 -24 0 51 51
1059 12 903 742 -6 24 0 51 51
1060 8 1100 0 -6 -12851 0 55 0
1061 8 1100 0 24 -12851 0 55 0
1062 12 742 1100 6 -24 0 55 55
1063 8 1100 0 6 -12851 0 60 0
1064 12 742 903 -6 24 0 51 51
1065 8 742 0 -6 -12851 0 55 0
1066 8 500 0 6 -12851 0 60 0
1067 12 903 742 6 -24 0 51 51
1068 12 903 742 -6 24 0 55 51
1069 12 903 742 -6 24 0 51 55
1070 8 1100 0 -6 -12851 0 55 0
1071 12 742 903 6 -24 0 51 51
1072 12 742 500 6 -24 0 51 55
1073 12 742 1100 6 -24 0 51 55
1074 12 742 500 6 -24 0 51 51
1075 8 609 0 24 -12851 0 60 0
1076 12 609 742 -6 24 0 55 51
1077 8 609 0 6 -12851 0 55 0
1078 12 742 609 6 -24 0 55 51
1079 12 609 742 -6 24 0 51 55
1080 8 500 0 -24 -12851 0 60 0
1081 12 903 742 -6 24 0 55 55
1082 12 500 742 -6 24 0 55 51
1083 8 742 0 -6 -12851 0 55 0
1084 12 609 742 -6 24 0 55 51
1085 8 500 0 6 -12851 0 55 0
1086 12 500 742 6 -24 0 51 51
1087 8 609 0 24 -12851 0 60 0
1088 8 903 0 24 -12851 0 60 0
1089 8 903 0 -24 -12851 0 55 0
1090 12 742 1100 6 -24 0 51 55
1091 12 742 1100 -6 24 0 51 55
1092 8 903 0 -24 -12851 0 55 0
1093 12 903 742 6 -24 0 55 51
1094 8 742 0 -24 -12851 0 60 0
1095 8 903 0 -24 -12851 0 60 0
1096 8 903 0 -24 -12851 0 55 0
1097 8 1100 0 -6 -12851 0 55 0
1098 8 903 0 6 -12851 0 55 0
1099 8 500 0 -24 -12851 0 60 0
1100 8 742 0 6 -12851 0 55 0
1101 8 903 0 -6 -12851 0 55 0
1102 12 742 903 6 -24 0 51 51
1103 8 500 0 6 -12851 0 60 0
1104 12 1100 742 -6 24 0 55 51
1105 12 742 609 -6 24 0 51 51
1106 8 500 0 6 -12851 0 60 0
1107 8 1100 0 24 -12851 0 60 0
1108 8 609 0 -24 -12851 1 60 0
1109 8 742 0 6 -12851 0 60 0
1110 8 742 0 -6 -12851 0 55 0
1111 8 1100 0 -6 -12851 0 55 0
1112 12 1100 742 6 -24 0 51 51
1113 12 903 742 -6 24 0 55 51
1114 8 609 0 24 -12851 0 60 0
1115 12 742 500 6 -24 0 51 55
1116 12 500 742 6 -24 0 51 55
1117 8 609 0 24 -12851 0 55 0
1118 12 742 903 6 -24 0 51 51
1119 12 609 742 -6 24 0 55 55
1120 8 609 0 -6 -12851 0 60 0
1121 8 609 0 -6 -12851 0 55 0
1122 12 609 742 -6 24 0 51 51
1123 12 903 742 -6 24 0 51 51
1124 12 742 1100 6 -24 0 51 55
1125 12 1100 742 6 -24 0 55 51
1126 8 903 0 6 -12851 1 55 0
1127 8 1100 0 -24 -12851 0 55 0
1128 8 742 0 -24 -12851 0 55 0
1129 12 500 742 6 -24 0 55 51
1130 8 1100 0 24 -12851 0 55 0
1131 8 609 0 -24 -12851 0 60 0
1132 8 500 0 -6 -12851 0 55 0
1133 8 1100 0 6 -12851 0 60 0
1134 8 903 0 24 -12851 0 55 0
1135 12 500 742 -6 24 0 55 55
1136 12 609 742 -6 24 0 51 55
1137 8 609 0 -24 -12851 0 60 0
1138 8 742 0 -24 -12851 1 60 0
1139 12 609 742 6 -24 0 51 55
1140 8 500 0 6 -12851 0 55 0
1141 8 500 0 24 -12851 0 60 0
1142 8 903 0 -24 -12851 0 60 0
1143 8 742 0 24 -12851 0 55 0
1144 12 500 742 6 -24 0 55 51
1145 12 609 742 6 -24 1 55 51
1146 12 609 742 6 -24 0 51 51
1147 8 742 0 -24 -12851 0 55 0
1148 8 742 0 24 -12851 0 60 0
1149 8 1100 0 -24 -12851 0 55 0
1150 8 1100 0 6 -12851 1 55 0
1151 8 609 0 24 -12851 0 60 0
1152 12 742 500 -6 24 0 51 55
1153 8 609 0 -6 -12851 0 60 0
1154 8 742 0 -24 -12851 0 55 0
1155 8 1100 0 6 -12851 0 60 0
1156 8 903 0 -24 -12851 0 55 0
1157 8 742 0 -6 -12851 0 60 0
1158 8 609 0 -6 -12851 0 55 0
1159 8 500 0 -24 -12851 0 55 0
1160 8 903 0 6 -12851 0 60 0
1161 8 500 0 24 -12851 0 60 0
1162 8 500 0 -6 -12851 0 55 0
1163 8 903 0 24 -12851 0 55 0
1164 8 742 0 6 -12851 0 55 0
1165 12 742 1100 -6 24 0 55 55
1166 8 742 0 -6 -12851 0 55 0
1167 8 500 0 -6 -12851 0 60 0
1168 12 742 1100 6 -24 0 55 55
1169 8 742 0 -6 -12851 0 60 0
1170 12 742 903 6 -24 0 51 51
1171 12 742 903 6 -24 0 55 51
1172 8 609 0 24 -12851 0 60 0
1173 12 500 742 6 -24 0 51 55
1174 8 500 0 6 -12851 0 55 0
1175 12 1100 742 6 -24 0 55 55
1176 8 903 0 6 -12851 0 60 0
1177 12 903 742 -6 24 0 51 51
1178 8 500 0 -24 -12851 0 60 0
1179 8 609 0 -6 -12851 0 55 0
1180 8 903 0 24 -12851 0 60 0
1181 8 903 0 -6 -12851 0 55 0
1182 12 903 742 6 -24 0 51 51
1183 8 1100 0 24 -12851 0 55 0
1184 12 903 742 6 -24 0 51 55
1185 8 1100 0 24 -12851 0 60 0
1186 8 609 0 -24 -12851 0 55 0
1187 8 1100 0 -24 -12851 1 55 0
1188 12 1100 742 -6 24 0 55 51
1189 8 742 0 6 -12851 0 55 0
1190 12 742 609 -6 24 0 51 55
1191 8 1100 0 -24 -12851 1 60 0
1192 8 1100 0 6 -12851 0 55 0
1193 8 903 0 24 -12851 1 60 0
1194 8 609 0 -24 -12851 1 55 0
1195 12 742 609 6 -24 0 51 51
1196 12 742 609 6 -24 0 51 55
1197 8 1100 0 -24 -12851 1 60 0
1198 12 742 609 -6 24 0 55 55
1199 8 742 0 24 -12851 0 55 0
1200 8 903 0 -24 -12851 1 55 0
1201 8 742 0 -6 -12851 0 60 0
1202 8 903 0 24 -12851 1 55 0
1203 8 1100 0 24 -12851 1 55 0
1204 8 500 0 -24 -12851 1 55 0
1205 8 742 0 -6 -12851 0 55 0
1206 8 500 0 24 -12851 1 55 0
1207 8 609 0 -24 -12851 1 55 0
1208 12 500 742 -6 24 1 55 55
1209 8 609 0 6 -12851 1 55 0
1210 12 500 742 -6 24 1 51 51
1211 12 500 742 -6 24 0 55 55
1212 8 500 0 -24 -12851 1 60 0
1213 12 609 742 6 -24 0 55 51
1214 8 903 0 -6 -12851 0 55 0
1215 8 903 0 -24 -12851 1 55 0
1216 12 742 609 -6 24 0 51 55
1217 8 500 0 -6 -12851 1 60 0
1218 8 903 0 24 -12851 1 60 0
1219 8 742 0 6 -12851 0 60 0
1220 8 1100 0 -6 -12851 0 60 0
1221 8 609 0 -24 -12851 1 60 0
1222 12 500 742 6 -24 1 51 55
1223 12 609 742 6 -24 0 51 55
1224 8 609 0 6 -12851 1 55 0
1225 8 609 0 -6 -12851 1 60 0
1226 8 1100 0 6 -12851 1 60 0
1227 12 1100 742 6 -24 1 51 55
1228 12 742 500 -6 24 0 55 51
1229 12 903 742 6 -24 0 55 51
1230 8 903 0 6 -12851 1 60 0
1231 8 500 0 -24 -12851 1 55 0
1232 12 609 742 6 -24 1 51 51
1233 12 742 500 6 -24 0 51 51
1234 12 742 1100 6 -24 0 51 51
1235 12 742 500 -6 24 0 51 51
1236 8 1100 0 -24 -12851 1 55 0
1237 8 500 0 -6 -12851 0 60 0
1238 12 742 609 6 -24 0 55 55
1239 8 742 0 6 -12851 1 60 0
1240 8 742 0 -6 -12851 0 55 0
1241 8 609 0 -24 -12851 0 55 0
1242 12 1100 742 -6 24 0 55 51
1243 8 609 0 24 -12851 1 55 0
1244 12 609 742 6 -24 0 55 55
1245 12 742 903 6 -24 1 55 55
1246 8 742 0 -6 -12851 0 60 0
1247 8 742 0 -24 -12851 0 60 0
1248 8 903 0 24 -12851 0 55 0
1249 8 1100 0 -24 -12851 1 60 0
1250 12 742 609 6 -24 1 55 55
1251 12 742 1100 -6 24 1 51 51
1252 8 609 0 6 -12851 1 55 0
1253 12 742 609 -6 24 1 51 51
1254 12 1100 742 -6 24 1 51 55
1255 8 1100 0 -24 -12851 1 55 0
1256 8 609 0 -24 -12851 1 60 0
1257 8 1100 0 6 -12851 1 60 0
1258 8 903 0 -6 -12851 0 55 0
1259 12 500 742 -6 24 0 55 55
1260 8 742 0 -6 -12851 1 60 0
1261 8 500 0 24 -12851 1 55 0
1262 8 903 0 24 -12851 1 60 0
1263 12 500 742 -6 24 1 51 51
1264 8 500 0 6 -12851 1 60 0
1265 8 500 0 -24 -12851 1 60 0
1266 8 903 0 6 -12851 1 60 0
1267 8 903 0 6 -12851 1 55 0
1268 8 903 0 6 -12851 1 55 0
1269 8 742 0 -6 -12851 1 55 0
1270 8 742 0 -6 -12851 1 60 0
1271 12 742 903 -6 24 0 51 51
1272 12 1100 742 6 -24 0 51 55
1273 8 609 0 24 -12851 1 55 0
1274 12 609 742 6 -24 1 55 55
1275 12 500 742 6 -24 0 55 55
1276 8 742 0 24 -12851 1 55 0
1277 8 609 0 -24 -12851 1 55 0
1278 8 500 0 -6 -12851 1 55 0
1279 8 500 0 6 -12851 1 60 0
1280 8 1100 0 6 -12851 1 55 0
1281 8 1100 0 24 -12851 0 60 0
1282 8 609 0 -24 -12851 1 60 0
1283 8 903 0 6 -12851 1 55 0
1284 8 1100 0 -6 -12851 0 55 0
1285 8 500 0 24 -12851 1 60 0
1286 8 742 0 -6 -12851 0 55 0
1287 12 903 742 -6 24 0 51 55
1288 8 742 0 6 -12851 1 60 0
1289 8 742 0 6 -12851 0 55 0
1290 8 500 0 24 -12851 1 60 0
1291 8 1100 0 -6 -12851 0 55 0
1292 12 742 1100 6 -24 0 51 51
1293 12 1100 742 6 -24 0 55 51
1294 12 742 1100 -6 24 1 55 55
1295 12 609 742 6 -24 1 51 55
1296 12 500 742 -6 24 1 51 51
1297 8 742 0 6 -12851 1 60 0
1298 12 903 742 6 -24 0 55 55
1299 8 500 0 -6 -12851 1 55 0
1300 8 1100 0 -6 -12851 1 55 0
1301 12 903 742 -6 24 0 51 55
1302 12 1100 742 -6 24 1 51 55
1303 12 1100 742 6 -24 0 55 51
1304 12 742 1100 6 -24 1 51 51
1305 8 609 0 -24 -12851 1 55 0
1306 8 609 0 -24 -12851 1 55 0
1307 8 1100 0 -6 -12851 0 60 0
1308 8 609 0 -6 -12851 1 55 0
1309 12 1100 742 -6 24 0 51 55
1310 8 903 0 24 -12851 1 55 0
1311 8 903 0 -6 -12851 0 60 0
1312 8 903 0 24 -12851 0 55 0
1313 8 500 0 -24 -12851 1 60 0
1314 12 609 742 -6 24 1 51 51
1315 12 500 742 6 -24 1 51 55
1316 8 1100 0 -24 -12851 1 60 0
1317 12 742 500 6 -24 1 51 55
1318 8 1100 0 6 -12851 1 60 0
1319 8 742 0 24 -12851 0 55 0
1320 8 903 0 -6 -12851 0 60 0
1321 8 742 0 -24 -12851 1 55 0
1322 12 742 1100 6 -24 1 51 55
1323 12 500 742 -6 24 0 55 55
1324 8 609 0 -6 -12851 1 55 0
1325 8 903 0 -6 -12851 0 60 0
1326 12 742 609 6 -24 0 55 51
1327 8 742 0 24 -12851 0 55 0
1328 12 742 1100 -6 24 0 51 51
1329 8 500 0 -24 -12851 0 55 0
1330 8 500 0 6 -12851 1 55 0
1331 8 903 0 6 -12851 1 60 0
1332 12 500 742 -6 24 0 55 51
1333 12 742 903 6 -24 1 51 51
1334 8 609 0 -6 -12851 1 60 0
1335 8 1100 0 6 -12851 1 60 0
1336 8 1100 0 24 -12851 1 55 0
1337 8 500 0 -24 -12851 1 55 0
1338 8 609 0 -24 -12851 1 60 0
1339 8 742 0 24 -12851 1 55 0
1340 8 742 0 24 -12851 1 60 0
1341 12 742 609 -6 24 0 51 51
1342 8 742 0 -24 -12851 1 60 0
1343 12 609 742 -6 24 0 51 51
1344 8 1100 0 -6 -12851 1 55 0
1345 8 742 0 24 -12851 1 55 0
1346 8 903 0 -24 -12851 1 55 0
1347 8 1100 0 6 -12851 1 55 0
1348 12 742 903 -6 24 1 51 55
1349 8 1100 0 -6 -12851 0 55 0
1350 8 903 0 -24 -12851 1 55 0
1351 8 609 0 -24 -12851 1 55 0
1352 8 500 0 6 -12851 1 60 0
1353 8 500 0 -6 -12851 0 55 0
1354 8 609 0 -24 -12851 1 55 0
1355 12 742 1100 6 -24 0 55 51
1356 8 500 0 24 -12851 0 60 0
1357 12 742 903 -6 24 1 51 55
1358 12 903 742 -6 24 1 51 55
1359 8 903 0 -24 -12851 1 55 0
1360 8 609 0 24 -12851 0 60 0
1361 8 1100 0 -6 -12851 0 60 0
1362 8 1100 0 6 -12851 0 60 0
1363 8 742 0 24 -12851 1 60 0
1364 12 742 500 6 -24 1 51 55
1365 8 903 0 -24 -12851 1 60 0
1366 8 609 0 6 -12851 1 60 0
1367 12 1100 742 6 -24 1 51 55
1368 8 903 0 24 -12851 1 55 0
1369 8 903 0 6 -12851 0 55 0
1370 8 742 0 -24 -12851 1 60 0
1371 12 903 742 6 -24 0 55 51
1372 12 742 609 -6 24 0 55 55
1373 12 609 742 6 -24 0 55 55
1374 12 609 742 -6 24 0 51 51
1375 8 742 0 -6 -12851 1 55 0
1376 12 903 742 6 -24 0 55 51
1377 8 500 0 -6 -12851 1 55 0
1378 8 609 0 6 -12851 1 55 0
1379 8 500 0 -24 -12851 1 60 0
1380 8 1100 0 -24 -12851 1 60 0
1381 12 1100 742 6 -24 1 51 55
1382 8 609 0 24 -12851 1 60 0
1383 12 609 742 -6 24 0 51 55
1384 8 500 0 24 -12851 1 55 0
1385 12 609 742 6 -24 1 51 51
1386 8 1100 0 -24 -12851 0 55 0
1387 12 742 903 6 -24 1 55 55
1388 12 1100 742 -6 24 0 55 55
1389 12 903 742 -6 24 1 55 51
1390 12 903 742 -6 24 1 51 51
1391 8 500 0 -6 -12851 0 55 0
1392 12 742 500 6 -24 0 51 51
1393 12 903 742 6 -24 1 55 51
1394 8 500 0 -24 -12851 1 55 0
1395 8 1100 0 6 -12851 1 60 0
1396 8 1100 0 24 -12851 1 55 0
1397 8 903 0 -6 -12851 0 55 0
1398 8 903 0 24 -12851 1 55 0
1399 12 742 609 6 -24 0 55 51
1400 12 742 1100 -6 24 1 51 55
1401 8 1100 0 24 -12851 1 55 0
1402 8 500 0 -24 -12851 1 60 0
1403 8 609 0 24 -12851 1 55 0
1404 12 609 742 -6 24 1 55 51
1405 8 903 0 -24 -12851 0 60 0
1406 12 903 742 -6 24 1 51 55
1407 12 742 500 -6 24 1 51 55
1408 8 500 0 -24 -12851 1 55 0
1409 12 742 500 -6 24 1 51 55
1410 8 742 0 6 -12851 1 55 0
1411 8 609 0 -24 -12851 1 55 0
1412 12 609 742 -6 24 1 51 51
1413 8 609 0 6 -12851 1 60 0
1414 8 742 0 24 -12851 1 55 0
1415 8 742 0 6 -12851 1 55 0
1416 12 500 742 -6 24 1 51 55
1417 12 609 742 6 -24 0 51 51
1418 8 609 0 24 -12851 1 55 0
1419 12 742 609 -6 24 1 51 51
1420 8 609 0 -24 -12851 1 60 0
1421 8 742 0 -6 -12851 0 55 0
1422 12 742 500 -6 24 1 51 55
1423 12 609 742 6 -24 0 51 55
1424 8 742 0 6 -12851 1 60 0
1425 8 609 0 6 -12851 1 55 0
1426 8 742 0 6 -12851 1 55 0
1427 8 903 0 6 -12851 1 55 0
1428 8 500 0 -6 -12851 0 60 0
1429 12 742 609 6 -24 0 51 55
1430 8 903 0 24 -12851 1 55 0
1431 8 1100 0 -24 -12851 1 60 0
1432 12 742 903 6 -24 0 51 51
1433 8 500 0 24 -12851 1 55 0
1434 8 500 0 -6 -12851 1 60 0
1435 12 609 742 -6 24 0 55 55
1436 8 903 0 -24 -12851 1 60 0
1437 8 1100 0 24 -12851 1 55 0
1438 8 1100 0 24 -12851 1 55 0
1439 12 500 742 6 -24 0 51 51
1440 12 500 742 6 -24 0 55 55
1441 12 742 1100 6 -24 0 55 51
1442 12 500 742 6 -24 1 55 51
1443 8 609 0 -6 -12851 0 60 0
1444 8 500 0 24 -12851 1 60 0
1445 8 500 0 -24 -12851 0 55 0
1446 12 742 500 6 -24 0 51 55
1447 8 500 0 -6 -12851 0 60 0
1448 12 609 742 6 -24 1 55 51
1449 8 742 0 24 -12851 1 55 0
1450 8 742 0 6 -12851 1 60 0
1451 8 903 0 -24 -12851 1 60 0
1452 12 742 500 6 -24 0 51 51
1453 8 903 0 24 -12851 1 55 0
1454 8 742 0 24 -12851 1 55 0
1455 8 1100 0 -6 -12851 1 55 0
1456 12 742 500 6 -24 0 55 55
1457 12 500 742 -6 24 1 55 51
1458 12 500 742 6 -24 0 55 51
1459 12 742 500 6 -24 1 55 55
1460 8 1100 0 6 -12851 1 55 0
1461 12 500 742 -6 24 0 51 51
1462 8 609 0 24 -12851 1 55 0
1463 8 1100 0 -6 -12851 1 55 0
1464 8 500 0 6 -12851 0 60 0
1465 8 609 0 -6 -12851 0 60 0
1466 12 1100 742 -6 24 1 55 55
1467 12 742 500 -6 24 0 51 55
1468 12 742 903 -6 24 0 55 51
1469 8 903 0 -6 -12851 1 55 0
1470 8 609 0 -6 -12851 1 55 0
1471 8 742 0 6 -12851 1 60 0
1472 8 742 0 -24 -12851 0 55 0
1473 12 742 609 -6 24 0 55 55
1474 8 1100 0 -6 -12851 1 55 0
1475 8 1100 0 24 -12851 0 60 0
1476 8 609 0 6 -12851 1 55 0
1477 8 609 0 24 -12851 1 60 0
1478 8 742 0 -24 -12851 1 55 0
1479 12 742 500 6 -24 1 51 55
1480 8 1100 0 -24 -12851 0 60 0
1481 12 742 903 -6 24 0 51 51
1482 8 903 0 -24 -12851 1 60 0
1483 12 1100 742 6 -24 0 55 55
1484 8 742 0 -6 -12851 1 55 0
1485 8 609 0 -6 -12851 1 60 0
1486 8 500 0 6 -12851 1 55 0
1487 12 500 742 6 -24 1 51 51
1488 8 903 0 -6 -12851 1 60 0
1489 8 500 0 -6 -12851 0 60 0
1490 8 500 0 24 -12851 1 60 0
1491 12 903 742 6 -24 1 51 51
1492 8 903 0 24 -12851 1 60 0
1493 12 742 1100 -6 24 0 51 55
1494 8 1100 0 6 -12851 1 60 0
1495 8 1100 0 -24 -12851 1 55 0
1496 8 1100 0 -6 -12851 0 60 0
1497 8 903 0 6 -12851 0 55 0
1498 12 609 742 -6 24 0 51 55
1499 12 1100 742 -6 24 1 55 51
1500 12 1100 742 6 -24 1 51 51
1501 12 742 1100 6 -24 1 51 55
1502 8 609 0 24 -12851 1 55 0
1503 12 742 500 -6 24 0 51 51
1504 12 742 903 -6 24 0 55 55
1505 8 742 0 -24 -12851 0 55 0
1506 12 742 500 -6 24 0 55 51
1507 12 1100 742 6 -24 0 51 51
1508 8 609 0 -24 -12851 1 55 0
1509 12 742 1100 6 -24 0 55 55
1510 12 742 609 6 -24 0 55 51
1511 8 742 0 -24 -12851 1 55 0
1512 8 903 0 24 -12851 0 55 0
1513 8 903 0 -6 -12851 1 55 0
1514 8 609 0 6 -12851 1 55 0
1515 8 1100 0 -6 -12851 1 55 0
1516 8 500 0 6 -12851 1 60 0
1517 12 609 742 6 -24 0 51 51
1518 12 742 500 -6 24 1 51 51
1519 8 500 0 -24 -12851 1 55 0
1520 8 500 0 -24 -12851 0 55 0
1521 8 742 0 -24 -12851 1 60 0
1522 8 1100 0 24 -12851 1 55 0
1523 12 742 903 -6 24 1 55 55
1524 8 1100 0 -24 -12851 0 55 0
1525 12 1100 742 -6 24 1 55 55
1526 12 903 742 -6 24 1 55 55
1527 8 609 0 6 -12851 1 60 0
1528 8 1100 0 24 -12851 1 60 0
1529 12 609 742 6 -24 0 55 51
1530 8 500 0 6 -12851 1 55 0
1531 12 742 1100 -6 24 1 55 51
1532 8 742 0 -24 -12851 0 55 0
1533 12 742 1100 -6 24 0 55 51
1534 12 609 742 -6 24 0 51 55
1535 8 609 0 -24 -12851 0 55 0
1536 12 742 500 -6 24 0 51 55
1537 12 903 742 -6 24 0 55 55
1538 8 609 0 -24 -12851 0 60 0
1539 8 1100 0 -24 -12851 0 55 0
1540 12 742 903 6 -24 0 55 55
1541 8 742 0 6 -12851 0 60 0
1542 12 742 903 -6 24 0 51 51
1543 8 500 0 24 -12851 0 60 0
1544 8 903 0 -6 -12851 0 55 0
1545 8 500 0 -24 -12851 1 60 0
1546 12 1100 742 -6 24 0 55 55
1547 8 903 0 6 -12851 1 60 0
1548 8 903 0 -24 -12851 0 60 0
1549 12 742 1100 6 -24 0 55 55
1550 12 500 742 -6 24 0 51 51
1551 8 742 0 -24 -12851 0 55 0
1552 12 1100 742 6 -24 0 51 55
1553 12 742 903 -6 24 0 55 55
1554 8 500 0 6 -12851 0 55 0
1555 12 1100 742 -6 24 0 55 55
1556 12 742 609 6 -24 0 51 51
1557 8 500 0 -24 -12851 0 60 0
1558 12 742 1100 -6 24 0 51 51
1559 12 742 500 -6 24 1 55 55
1560 8 903 0 24 -12851 1 60 0
1561 12 903 742 6 -24 0 51 55
1562 8 742 0 24 -12851 0 55 0
1563 8 500 0 -24 -12851 0 55 0
1564 12 742 1100 -6 24 0 55 55
1565 8 500 0 24 -12851 0 55 0
1566 12 742 609 6 -24 0 55 55
1567 8 1100 0 6 -12851 0 55 0
1568 8 903 0 -24 -12851 0 55 0
1569 8 1100 0 -24 -12851 0 55 0
1570 8 1100 0 -6 -12851 0 60 0
1571 8 903 0 -6 -12851 0 60 0
1572 8 742 0 24 -12851 0 55 0
1573 12 742 903 -6 24 0 51 55
1574 12 742 1100 6 -24 0 55 55
1575 8 742 0 6 -12851 0 60 0
1576 8 609 0 -24 -12851 0 60 0
1577 8 609 0 -6 -12851 0 60 0
1578 8 609 0 6 -12851 0 60 0
1579 12 903 742 6 -24 0 55 55
1580 12 500 742 -6 24 0 51 51
1581 8 1100 0 24 -12851 0 55 0
1582 8 1100 0 24 -12851 0 60 0
1583 8 742 0 24 -12851 0 55 0
1584 8 903 0 6 -12851 0 55 0
1585 12 903 742 6 -24 0 51 55
1586 8 609 0 -6 -12851 0 60 0
1587 12 500 742 -6 24 0 51 51
1588 8 903 0 -6 -12851 0 55 0
1589 8 903 0 -24 -12851 0 60 0
1590 12 742 500 6 -24 0 51 51
1591 8 742 0 -24 -12851 0 60 0
1592 8 742 0 -24 -12851 0 60 0
1593 12 609 742 -6 24 0 51 51
1594 8 500 0 -24 -12851 0 55 0
1595 12 903 742 -6 24 0 51 55
1596 12 742 609 6 -24 0 51 55
1597 8 609 0 -24 -12851 0 55 0
1598 12 609 742 -6 24 0 51 55
1599 12 609 742 -6 24 0 51 51
1600 12 1100 742 -6 24 0 51 51
1601 8 500 0 -24 -12851 0 60 0
1602 8 1100 0 24 -12851 0 55 0
1603 8 609 0 6 -12851 0 60 0
1604 8 500 0 -6 -12851 0 60 0
1605 8 1100 0 6 -12851 0 60 0
1606 8 500 0 -6 -12851 0 60 0
1607 8 500 0 6 -12851 0 60 0
1608 12 742 500 -6 24 0 55 55
1609 8 903 0 -24 -12851 0 60 0
1610 8 1100 0 24 -12851 0 60 0
1611 12 742 903 -6 24 0 51 55
1612 8 609 0 -6 -12851 0 55 0
1613 12 500 742 6 -24 0 55 51
1614 8 903 0 24 -12851 0 60 0
1615 12 903 742 -6 24 0 51 51
1616 8 500 0 -6 -12851 0 60 0
1617 12 742 1100 -6 24 0 55 51
1618 8 609 0 6 -12851 0 60 0
1619 12 500 742 -6 24 0 51 55
1620 12 1100 742 6 -24 0 55 55
1621 12 742 609 -6 24 0 51 51
1622 8 903 0 -6 -12851 0 60 0
1623 12 742 903 -6 24 0 51 55
1624 8 742 0 -24 -12851 0 60 0
1625 8 1100 0 6 -12851 0 55 0
1626 8 609 0 24 -12851 0 55 0
1627 8 500 0 24 -12851 0 60 0
1628 12 742 609 -6 24 0 55 55
1629 12 742 609 -6 24 0 51 51
1630 8 1100 0 6 -12851 0 55 0
1631 12 742 609 6 -24 0 51 51
1632 8 742 0 24 -12851 0 60 0
1633 8 742 0 6 -12851 0 55 0
1634 12 742 903 6 -24 0 51 51
1635 8 1100 0 24 -12851 0 60 0
1636 8 1100 0 -24 -12851 0 60 0
1637 12 742 1100 6 -24 0 51 51
1638 8 742 0 24 -12851 0 60 0
1639 8 903 0 24 -12851 0 55 0
1640 8 609 0 -24 -12851 0 55 0
1641 8 903 0 -24 -12851 0 60 0
1642 8 903 0 -6 -12851 1 55 0
1643 12 609 742 6 -24 0 51 51
1644 12 742 1100 -6 24 0 55 51
1645 12 1100 742 -6 24 0 51 51
1646 8 742 0 6 -12851 0 60 0
1647 8 742 0 -6 -12851 0 55 0
1648 8 500 0 6 -12851 0 55 0
1649 12 742 500 -6 24 0 55 51
