352 12 742 609 -6 24 0 51 55
353 12 742 903 -6 24 0 55 51
354 8 500 0 24 -12851 0 60 0
355 12 903 742 -6 24 1 51 55
356 12 742 903 -6 24 0 55 55
357 8 1100 0 6 -12851 1 55 0
358 12 1100 742 6 -24 1 55 55
359 8 1100 0 -6 -12851 1 60 0
360 8 1100 0 6 -12851 1 60 0
361 8 742 0 -24 -12851 0 55 0
362 8 500 0 24 -12851 0 60 0
363 12 742 903 6 -24 0 55 55
364 8 903 0 -24 -12851 0 60 0
365 12 742 903 -6 24 1 55 55
366 12 903 742 -6 24 1 51 55
367 8 609 0 6 -12851 0 60 0
368 8 609 0 6 -12851 1 55 0
369 12 742 1100 6 -24 0 51 55
370 12 609 742 -6 24 1 55 51
371 8 742 0 -6 -12851 0 55 0
372 8 903 0 -6 -12851 0 55 0
373 8 609 0 -24 -12851 0 60 0
374 8 609 0 -24 -12851 0 55 0
375 8 609 0 24 -12851 0 60 0
376 12 742 903 -6 24 0 51 51
377 8 903 0 6 -12851 0 55 0
378 12 742 903 -6 24 0 55 51
379 8 500 0 -24 -12851 1 55 0
380 8 742 0 -24 -12851 0 60 0
381 12 742 500 -6 24 0 55 51
382 12 742 500 6 -24 0 51 55
383 12 609 742 6 -24 1 55 51
384 8 500 0 24 -12851 0 60 0
385 12 903 742 -6 24 0 55 55
386 8 742 0 -24 -12851 1 55 0
387 8 1100 0 -24 -12851 1 55 0
388 8 903 0 6 -12851 1 60 0
389 8 903 0 -6 -12851 0 55 0
390 8 1100 0 24 -12851 1 55 0
391 12 1100 742 -6 24 1 51 55
392 8 609 0 -6 -12851 0 55 0
393 8 1100 0 6 -12851 1 60 0
394 12 742 1100 -6 24 0 51 51
395 8 609 0 6 -12851 1 60 0
396 12 742 1100 6 -24 0 51 51
397 12 742 609 -6 24 0 51 55
398 8 742 0 6 -12851 1 60 0
399 8 500 0 6 -12851 1 55 0
400 12 500 742 -6 24 1 51 51
401 8 903 0 -24 -12851 0 60 0
402 8 903 0 6 -12851 1 60 0
403 12 742 1100 -6 24 0 51 51
404 8 500 0 -24 -12851 0 55 0
405 12 742 903 6 -24 1 51 55
406 8 1100 0 -6 -12851 1 60 0
407 8 1100 0 6 -12851 1 55 0
408 8 903 0 -6 -12851 0 60 0
409 8 1100 0 -6 -12851 0 60 0
410 12 1100 742 -6 24 0 51 51
411 8 742 0 -24 -12851 1 55 0
412 12 609 742 -6 24 1 51 55
413 12 742 500 -6 24 0 51 51
414 8 903 0 6 -12851 1 60 0
415 12 1100 742 6 -24 0 51 55
416 8 742 0 6 -12851 1 60 0
417 12 500 742 -6 24 0 55 51
418 8 742 0 -24 -12851 0 60 0
419 8 609 0 -6 -12851 0 55 0
420 12 742 903 -6 24 1 51 55
421 8 500 0 6 -12851 1 60 0
422 12 742 1100 -6 24 0 51 51
423 8 500 0 -6 -12851 0 60 0
424 8 609 0 -6 -12851 0 55 0
425 8 609 0 -24 -12851 0 60 0
426 8 609 0 24 -12851 0 55 0
427 8 609 0 -6 -12851 1 60 0
428 8 500 0 -6 -12851 0 55 0
429 12 742 1100 6 -24 1 51 55
430 8 1100 0 -24 -12851 1 55 0
431 12 742 500 6 -24 1 55 51
432 8 903 0 24 -12851 1 60 0
433 12 742 609 -6 24 0 51 55
434 8 609 0 6 -12851 1 55 0
435 8 1100 0 6 -12851 1 60 0
436 12 742 903 -6 24 0 51 55
437 12 742 500 -6 24 0 51 51
438 8 742 0 6 -12851 1 55 0
439 8 742 0 24 -12851 1 60 0
440 12 500 742 -6 24 0 51 55
441 12 742 500 -6 24 0 55 55
442 12 742 500 -6 24 0 55 55
443 12 903 742 -6 24 0 55 51
444 8 1100 0 -6 -12851 0 55 0
445 12 609 742 -6 24 1 55 51
446 8 500 0 -6 -12851 0 55 0
447 12 742 609 -6 24 1 55 55
448 12 500 742 6 -24 0 55 51
449 8 500 0 -6 -12851 1 55 0
450 8 903 0 -6 -12851 1 55 0
451 12 609 742 -6 24 0 55 51
452 12 609 742 -6 24 1 55 55
453 12 742 1100 -6 24 0 55 55
454 8 609 0 24 -12851 0 55 0
455 8 742 0 -24 -12851 1 55 0
456 8 903 0 -6 -12851 1 60 0
457 12 742 500 -6 24 0 51 55
458 12 742 903 -6 24 0 55 51
459 12 742 609 -6 24 0 51 51
460 12 742 609 -6 24 1 55 55
461 12 742 1100 6 -24 0 55 51
462 12 742 1100 6 -24 1 55 55
463 12 742 609 -6 24 0 55 51
464 8 500 0 24 -12851 1 55 0
465 8 500 0 6 -12851 0 55 0
466 8 1100 0 -6 -12851 1 60 0
467 8 609 0 24 -12851 0 60 0
468 12 500 742 6 -24 1 55 51
469 8 609 0 -24 -12851 0 60 0
470 8 1100 0 24 -12851 0 55 0
471 12 742 500 -6 24 1 51 51
472 12 742 500 -6 24 0 51 55
473 8 903 0 -6 -12851 1 55 0
474 8 903 0 -6 -12851 0 60 0
475 12 609 742 -6 24 0 51 51
476 8 1100 0 -24 -12851 1 55 0
477 8 609 0 6 -12851 1 55 0
478 12 742 903 -6 24 0 55 55
479 12 742 500 6 -24 1 55 51
480 8 742 0 6 -12851 0 55 0
481 8 500 0 6 -12851 1 55 0
482 12 742 903 -6 24 0 51 55
483 8 742 0 24 -12851 1 60 0
484 8 903 0 -24 -12851 1 55 0
485 8 500 0 -24 -12851 0 60 0
486 8 742 0 -6 -12851 1 55 0
487 12 500 742 6 -24 1 55 55
488 12 500 742 6 -24 1 51 55
489 8 500 0 6 -12851 1 55 0
490 12 742 1100 6 -24 0 55 55
491 8 500 0 -24 -12851 0 60 0
492 8 742 0 -24 -12851 0 55 0
493 12 742 500 6 -24 0 55 55
494 12 1100 742 6 -24 0 55 55
495 8 1100 0 -6 -12851 0 55 0
496 8 903 0 24 -12851 0 55 0
497 12 742 500 -6 24 0 55 55
498 12 903 742 -6 24 1 55 55
499 8 500 0 -24 -12851 0 55 0
500 12 742 500 -6 24 1 55 51
501 8 500 0 24 -12851 1 55 0
502 8 1100 0 -6 -12851 0 60 0
503 12 1100 742 6 -24 0 55 51
504 8 609 0 6 -12851 0 55 0
505 12 500 742 6 -24 0 55 51
506 12 742 1100 -6 24 0 55 51
507 12 903 742 6 -24 0 55 51
508 8 1100 0 -6 -12851 0 55 0
509 12 742 1100 6 -24 1 51 55
510 8 609 0 6 -12851 0 55 0
511 8 903 0 -6 -12851 1 60 0
512 12 742 609 6 -24 0 55 55
513 12 742 1100 6 -24 1 51 55
514 12 1100 742 -6 24 0 55 55
515 8 903 0 -24 -12851 1 60 0
516 8 742 0 24 -12851 1 60 0
517 8 742 0 -6 -12851 0 60 0
518 8 609 0 24 -12851 1 55 0
519 12 609 742 6 -24 1 55 55
520 8 742 0 24 -12851 1 55 0
521 8 742 0 -24 -12851 1 55 0
522 12 500 742 6 -24 1 51 51
523 12 903 742 6 -24 1 51 51
524 8 1100 0 -6 -12851 0 55 0
525 12 609 742 6 -24 1 55 51
526 8 1100 0 -6 -12851 0 55 0
527 8 609 0 -24 -12851 1 60 0
528 8 500 0 -6 -12851 0 55 0
529 8 1100 0 -6 -12851 1 60 0
530 8 500 0 24 -12851 1 60 0
531 8 609 0 6 -12851 0 55 0
532 12 742 903 -6 24 0 55 55
533 8 500 0 24 -12851 1 60 0
534 8 609 0 -24 -12851 0 60 0
535 8 742 0 -6 -12851 1 55 0
536 12 742 1100 6 -24 0 55 55
537 12 742 1100 -6 24 1 55 55
538 12 742 500 -6 24 1 51 55
539 12 742 903 6 -24 0 51 51
540 8 742 0 -24 -12851 1 55 0
541 8 903 0 -24 -12851 0 60 0
542 8 903 0 6 -12851 0 55 0
543 8 903 0 24 -12851 1 55 0
544 8 609 0 24 -12851 1 60 0
545 12 609 742 6 -24 1 51 51
546 12 1100 742 6 -24 1 55 51
547 12 742 903 6 -24 0 51 51
548 12 500 742 6 -24 1 55 55
549 12 500 742 6 -24 1 51 51
550 8 609 0 -24 -12851 1 55 0
551 8 742 0 -24 -12851 1 60 0
552 12 742 500 -6 24 0 55 51
553 12 742 903 -6 24 0 55 55
554 8 742 0 24 -12851 1 60 0
555 8 609 0 24 -12851 0 60 0
556 8 903 0 6 -12851 1 55 0
557 8 742 0 -6 -12851 0 60 0
558 12 742 500 -6 24 0 51 55
559 8 1100 0 -6 -12851 0 60 0
560 12 742 903 -6 24 0 51 55
561 12 742 609 6 -24 0 51 51
562 12 742 1100 -6 24 0 51 51
563 8 609 0 -6 -12851 0 55 0
564 8 1100 0 -24 -12851 0 60 0
565 8 903 0 24 -12851 0 55 0
566 8 1100 0 -24 -12851 0 60 0
567 12 500 742 -6 24 0 51 55
568 8 500 0 6 -12851 1 55 0
569 12 1100 742 6 -24 1 55 51
570 8 500 0 -6 -12851 1 60 0
571 12 500 742 6 -24 0 51 55
572 8 500 0 24 -12851 1 60 0
573 8 903 0 -24 -12851 1 60 0
574 8 903 0 6 -12851 1 60 0
575 12 742 903 6 -24 1 51 51
576 8 903 0 -6 -12851 0 55 0
577 12 500 742 -6 24 0 51 55
578 8 609 0 -24 -12851 1 60 0
579 8 1100 0 -6 -12851 1 60 0
580 8 903 0 -24 -12851 1 55 0
581 8 609 0 6 -12851 1 55 0
582 12 500 742 6 -24 1 51 55
583 8 500 0 -6 -12851 1 55 0
584 12 742 609 6 -24 1 51 51
585 12 742 500 -6 24 0 55 51
586 12 742 500 -6 24 0 55 51
587 8 500 0 -6 -12851 0 55 0
588 12 903 742 -6 24 0 55 55
589 8 903 0 6 -12851 1 55 0
590 12 903 742 6 -24 1 55 51
591 12 742 903 6 -24 1 55 51
592 8 742 0 -6 -12851 1 55 0
593 12 609 742 6 -24 1 51 51
594 8 609 0 -24 -12851 1 60 0
595 12 1100 742 -6 24 0 51 51
596 12 1100 742 6 -24 1 55 51
597 8 1100 0 24 -12851 1 55 0
598 12 742 609 6 -24 1 55 55
599 8 500 0 6 -12851 0 60 0
600 8 742 0 6 -12851 0 55 0
601 12 609 742 6 -24 0 55 55
602 12 742 903 -6 24 0 55 51
603 8 742 0 -6 -12851 0 55 0
604 8 1100 0 24 -12851 0 60 0
605 12 742 609 6 -24 0 51 51
606 12 903 742 -6 24 1 55 55
607 8 609 0 24 -12851 0 55 0
608 12 1100 742 -6 24 0 55 51
609 8 609 0 24 -12851 0 55 0
610 8 609 0 -24 -12851 1 60 0
611 8 609 0 -6 -12851 0 60 0
612 8 1100 0 -24 -12851 1 60 0
613 12 742 1100 6 -24 0 51 55
614 12 742 609 -6 24 0 55 51
615 12 500 742 6 -24 1 51 51
616 8 742 0 -24 -12851 1 60 0
617 12 742 1100 -6 24 0 51 55
618 8 500 0 24 -12851 1 55 0
619 12 609 742 6 -24 1 51 51
620 12 742 500 6 -24 1 51 55
621 12 742 1100 -6 24 0 55 55
622 8 1100 0 -24 -12851 1 55 0
623 8 500 0 -24 -12851 1 60 0
624 12 903 742 -6 24 0 51 51
625 8 903 0 -24 -12851 0 55 0
626 12 742 1100 -6 24 1 55 51
627 8 742 0 -6 -12851 1 60 0
628 8 742 0 -24 -12851 0 60 0
629 8 1100 0 -24 -12851 1 55 0
630 8 500 0 -24 -12851 1 60 0
631 12 609 742 -6 24 1 55 55
632 8 903 0 -24 -12851 1 55 0
633 8 903 0 -24 -12851 1 55 0
634 12 1100 742 6 -24 1 51 51
635 8 609 0 6 -12851 1 55 0
636 12 742 500 -6 24 0 55 51
637 12 742 500 -6 24 1 51 55
638 8 609 0 6 -12851 1 55 0
639 12 742 1100 6 -24 1 51 55
640 8 609 0 24 -12851 1 55 0
641 8 500 0 -6 -12851 1 60 0
642 8 1100 0 24 -12851 1 55 0
643 12 500 742 -6 24 1 55 55
644 8 742 0 6 -12851 1 60 0
645 8 742 0 -6 -12851 1 55 0
646 12 1100 742 6 -24 1 55 51
647 12 742 609 6 -24 1 55 55
648 8 903 0 24 -12851 0 55 0
649 12 742 903 -6 24 0 51 51
650 12 742 1100 -6 24 0 55 51
651 8 609 0 -24 -12851 1 60 0
652 8 742 0 6 -12851 1 55 0
653 8 1100 0 24 -12851 1 55 0
654 8 903 0 24 -12851 1 60 0
655 8 500 0 -6 -12851 1 55 0
656 12 742 1100 -6 24 0 55 51
657 8 1100 0 24 -12851 1 60 0
658 8 903 0 -6 -12851 0 55 0
659 12 742 609 -6 24 1 51 51
660 8 500 0 24 -12851 1 55 0
661 8 903 0 6 -12851 1 55 0
662 12 742 609 6 -24 1 51 51
663 8 903 0 -6 -12851 0 60 0
664 8 742 0 -6 -12851 1 55 0
665 8 609 0 -6 -12851 1 55 0
666 8 609 0 6 -12851 0 60 0
667 12 903 742 -6 24 0 55 51
668 12 742 903 -6 24 0 55 55
669 8 609 0 -24 -12851 1 55 0
670 12 500 742 -6 24 1 51 51
671 12 1100 742 -6 24 0 55 55
672 12 903 742 6 -24 1 55 55
673 8 742 0 -6 -12851 1 60 0
674 8 1100 0 6 -12851 1 60 0
675 8 500 0 24 -12851 1 55 0
676 12 742 609 -6 24 1 51 55
677 12 742 500 -6 24 0 51 51
678 12 500 742 -6 24 1 51 55
679 8 500 0 -24 -12851 0 55 0
680 8 742 0 -6 -12851 0 60 0
681 12 742 903 6 -24 1 55 51
682 12 742 903 6 -24 1 55 51
683 12 742 1100 6 -24 0 55 55
684 12 742 1100 6 -24 1 55 51
685 12 500 742 6 -24 1 55 55
686 8 903 0 -6 -12851 1 60 0
687 12 742 1100 6 -24 1 55 55
688 12 609 742 6 -24 0 55 55
689 8 500 0 6 -12851 1 60 0
690 12 609 742 -6 24 0 51 55
691 8 903 0 -6 -12851 0 55 0
692 12 609 742 -6 24 0 51 55
693 8 1100 0 -24 -12851 1 55 0
694 8 1100 0 24 -12851 0 60 0
695 12 742 609 -6 24 0 55 55
696 8 609 0 6 -12851 1 60 0
697 12 1100 742 6 -24 0 51 51
698 8 609 0 -6 -12851 0 55 0
699 8 742 0 -24 -12851 0 60 0
700 8 742 0 6 -12851 1 60 0
701 12 742 1100 6 -24 1 55 51
702 12 742 1100 6 -24 0 51 51
703 12 742 609 -6 24 0 51 51
704 8 609 0 -24 -12851 1 55 0
705 12 500 742 -6 24 0 55 51
706 8 609 0 -6 -12851 1 60 0
707 12 742 903 6 -24 0 55 51
708 8 903 0 -24 -12851 1 55 0
709 12 500 742 -6 24 1 51 55
710 8 1100 0 -6 -12851 0 55 0
711 12 500 742 6 -24 1 51 55
712 8 1100 0 24 -12851 1 60 0
713 12 742 1100 6 -24 1 51 51
714 8 500 0 6 -12851 1 60 0
715 12 742 500 6 -24 1 55 55
716 8 903 0 -24 -12851 1 55 0
717 12 742 1100 6 -24 1 51 51
718 8 742 0 -6 -12851 1 60 0
719 12 500 742 -6 24 0 55 55
720 8 500 0 -6 -12851 1 60 0
721 8 903 0 6 -12851 1 60 0
722 8 500 0 6 -12851 1 60 0
723 12 903 742 6 -24 1 51 51
724 12 903 742 6 -24 1 51 55
725 8 1100 0 -24 -12851 1 55 0
726 8 609 0 24 -12851 1 60 0
727 12 1100 742 -6 24 0 55 51
728 8 609 0 24 -12851 1 55 0
729 12 903 742 -6 24 0 51 51
730 12 742 609 6 -24 0 55 51
731 8 500 0 24 -12851 1 55 0
732 8 609 0 -24 -12851 1 55 0
733 8 903 0 24 -12851 0 55 0
734 12 742 609 6 -24 0 55 51
735 12 1100 742 -6 24 0 55 55
736 12 742 500 -6 24 0 55 51
737 12 903 742 6 -24 0 55 51
738 8 903 0 24 -12851 0 60 0
739 12 742 903 -6 24 0 51 51
740 12 742 609 -6 24 0 51 51
741 12 742 500 -6 24 0 55 55
742 12 742 1100 -6 24 1 55 51
743 8 500 0 -6 -12851 0 60 0
744 12 742 903 6 -24 0 51 55
745 8 609 0 6 -12851 0 60 0
746 8 500 0 24 -12851 0 60 0
747 8 903 0 -24 -12851 1 55 0
748 8 1100 0 24 -12851 0 60 0
749 12 742 500 6 -24 1 55 55
750 8 1100 0 -24 -12851 1 60 0
751 12 742 500 6 -24 1 55 55
752 8 1100 0 -24 -12851 1 55 0
753 12 742 500 -6 24 0 51 55
754 12 742 500 -6 24 1 55 55
755 8 742 0 24 -12851 1 60 0
756 8 742 0 -6 -12851 1 55 0
757 12 742 500 6 -24 1 51 51
758 8 742 0 24 -12851 0 55 0
759 8 742 0 6 -12851 0 55 0
760 12 742 903 -6 24 0 55 55
761 8 742 0 -6 -12851 0 60 0
762 12 742 1100 -6 24 1 55 51
763 12 500 742 -6 24 0 55 55
764 8 903 0 -6 -12851 0 60 0
765 8 742 0 24 -12851 1 60 0
766 12 1100 742 6 -24 1 55 51
767 8 1100 0 6 -12851 1 55 0
768 12 609 742 -6 24 0 55 55
769 12 903 742 -6 24 1 51 51
770 12 1100 742 -6 24 1 55 55
771 8 742 0 6 -12851 0 60 0
772 12 1100 742 6 -24 1 55 51
773 12 742 609 -6 24 0 55 51
774 12 742 1100 -6 24 0 51 51
775 12 742 609 -6 24 0 55 55
776 8 1100 0 6 -12851 0 55 0
777 8 903 0 -6 -12851 1 55 0
778 12 1100 742 -6 24 1 51 51
779 12 742 609 -6 24 0 51 51
780 12 742 609 6 -24 1 55 51
781 8 609 0 -6 -12851 1 55 0
782 8 1100 0 -6 -12851 1 60 0
783 8 903 0 6 -12851 1 60 0
784 8 609 0 -6 -12851 0 55 0
785 8 500 0 6 -12851 1 60 0
786 8 500 0 24 -12851 1 55 0
787 8 609 0 6 -12851 1 55 0
788 8 500 0 -24 -12851 1 55 0
789 8 742 0 -6 -12851 1 60 0
790 8 742 0 24 -12851 0 55 0
791 12 742 500 6 -24 0 51 51
792 8 1100 0 -24 -12851 1 60 0
793 8 1100 0 -6 -12851 1 60 0
794 8 903 0 -24 -12851 1 60 0
795 8 903 0 6 -12851 1 60 0
796 12 742 609 -6 24 1 51 55
797 12 903 742 -6 24 0 51 51
798 8 500 0 6 -12851 1 60 0
799 8 1100 0 6 -12851 1 55 0
800 12 500 742 -6 24 0 51 51
801 8 903 0 24 -12851 0 60 0
802 8 742 0 -24 -12851 1 60 0
803 12 742 1100 -6 24 1 51 55
804 12 742 903 -6 24 0 55 51
805 8 500 0 -6 -12851 0 60 0
806 12 1100 742 -6 24 0 51 55
807 8 609 0 -6 -12851 1 55 0
808 8 742 0 6 -12851 0 60 0
809 12 742 903 -6 24 1 51 55
810 12 742 903 6 -24 1 51 55
811 8 500 0 24 -12851 1 60 0
812 12 742 500 -6 24 1 55 51
813 8 609 0 6 -12851 1 55 0
814 12 609 742 -6 24 0 55 51
815 8 609 0 24 -12851 0 55 0
816 8 903 0 -24 -12851 1 60 0
817 12 742 500 6 -24 0 55 55
818 8 903 0 -6 -12851 0 60 0
819 8 609 0 -24 -12851 0 60 0
820 8 1100 0 -6 -12851 1 60 0
821 12 609 742 6 -24 1 51 55
822 12 742 1100 -6 24 0 51 51
823 12 903 742 -6 24 0 55 51
824 8 903 0 6 -12851 1 60 0
825 12 1100 742 -6 24 1 55 55
826 12 609 742 6 -24 0 51 51
827 12 609 742 6 -24 1 51 51
828 8 609 0 6 -12851 0 60 0
829 12 742 903 6 -24 0 51 55
830 8 500 0 -6 -12851 0 60 0
831 12 609 742 6 -24 0 51 51
832 8 500 0 6 -12851 0 60 0
833 12 609 742 6 -24 0 55 55
834 12 1100 742 -6 24 0 51 51
835 8 903 0 6 -12851 1 55 0
836 12 742 500 -6 24 0 55 55
837 12 742 500 6 -24 1 55 55
838 8 742 0 -24 -12851 1 60 0
839 12 742 609 6 -24 1 55 55
840 8 609 0 -24 -12851 1 60 0
841 12 742 500 6 -24 0 55 55
842 12 1100 742 -6 24 0 55 51
843 12 609 742 6 -24 0 51 51
844 12 742 500 -6 24 0 55 55
845 8 1100 0 24 -12851 0 60 0
846 12 742 609 6 -24 0 51 55
847 12 742 609 6 -24 0 51 55
848 8 500 0 -6 -12851 0 60 0
849 8 742 0 -6 -12851 1 55 0
850 12 609 742 6 -24 0 55 55
851 8 742 0 24 -12851 1 60 0
852 12 742 903 6 -24 1 55 51
853 8 1100 0 -6 -12851 0 60 0
854 12 742 500 -6 24 0 51 51
855 8 742 0 -24 -12851 1 55 0
856 12 609 742 -6 24 1 51 55
857 12 1100 742 6 -24 1 55 51
858 12 742 1100 -6 24 0 55 51
859 8 742 0 24 -12851 0 55 0
860 8 1100 0 6 -12851 0 60 0
861 8 500 0 24 -12851 0 60 0
862 8 609 0 -24 -12851 0 55 0
863 8 500 0 6 -12851 0 55 0
864 8 903 0 -24 -12851 0 60 0
865 8 742 0 -24 -12851 0 60 0
866 12 742 1100 6 -24 0 51 51
867 12 742 903 6 -24 0 55 51
868 12 742 500 -6 24 0 51 51
869 12 1100 742 6 -24 0 55 55
870 12 742 903 -6 24 0 55 55
871 12 742 500 -6 24 0 51 55
872 12 742 903 -6 24 0 55 51
873 12 609 742 6 -24 0 51 55
874 8 500 0 24 -12851 0 60 0
875 8 609 0 -24 -12851 1 55 0
876 8 609 0 24 -12851 0 60 0
877 8 903 0 24 -12851 1 55 0
878 8 742 0 6 -12851 1 55 0
879 12 742 903 -6 24 0 55 51
880 12 609 742 -6 24 0 55 55
881 8 903 0 -24 -12851 1 60 0
882 12 903 742 6 -24 0 51 55
883 12 742 500 -6 24 0 55 55
884 12 1100 742 6 -24 0 55 55
885 8 1100 0 6 -12851 0 60 0
886 12 609 742 -6 24 0 51 51
887 8 1100 0 24 -12851 0 60 0
888 8 903 0 -24 -12851 1 55 0
889 12 609 742 6 -24 0 55 51
890 12 500 742 6 -24 0 55 51
891 8 903 0 -6 -12851 0 60 0
892 8 500 0 24 -12851 0 55 0
893 8 500 0 -24 -12851 0 55 0
894 12 500 742 6 -24 0 55 51
895 8 1100 0 -24 -12851 0 60 0
896 12 903 742 -6 24 0 51 51
897 8 1100 0 6 -12851 0 55 0
898 8 609 0 -6 -12851 0 55 0
899 8 742 0 24 -12851 0 60 0
900 12 742 1100 -6 24 0 51 55
901 8 742 0 -6 -12851 0 55 0
902 12 742 609 6 -24 0 51 55
903 8 500 0 6 -12851 1 55 0
904 12 742 500 6 -24 0 55 51
905 8 1100 0 -24 -12851 1 60 0
906 12 903 742 6 -24 0 55 55
907 8 609 0 24 -12851 0 55 0
908 8 903 0 24 -12851 0 60 0
909 12 500 742 -6 24 0 51 55
910 12 742 609 -6 24 0 55 51
911 12 903 742 6 -24 0 51 55
912 8 742 0 -24 -12851 0 55 0
913 12 742 1100 -6 24 0 51 51
914 12 742 903 6 -24 0 51 51
915 12 742 903 -6 24 0 51 55
916 8 609 0 24 -12851 1 60 0
917 8 903 0 24 -12851 0 60 0
918 12 742 903 -6 24 0 51 55
919 12 903 742 6 -24 0 51 51
920 12 609 742 -6 24 0 55 55
921 8 903 0 24 -12851 0 55 0
922 8 903 0 6 -12851 1 55 0
923 8 609 0 -24 -12851 1 55 0
924 12 742 609 6 -24 0 51 55
925 12 903 742 -6 24 0 55 55
926 12 742 1100 6 -24 1 55 55
927 12 609 742 6 -24 0 55 51
928 8 903 0 6 -12851 0 55 0
929 12 500 742 -6 24 0 55 51
930 8 903 0 -24 -12851 0 60 0
931 8 500 0 6 -12851 0 55 0
932 8 742 0 -6 -12851 0 60 0
933 8 1100 0 -24 -12851 1 60 0
934 8 500 0 24 -12851 0 55 0
935 12 609 742 6 -24 1 51 51
936 8 500 0 24 -12851 0 55 0
937 8 609 0 -24 -12851 0 60 0
938 8 742 0 6 -12851 0 55 0
939 12 500 742 6 -24 0 55 55
940 12 742 500 6 -24 0 55 51
941 8 1100 0 -24 -12851 0 55 0
942 12 500 742 6 -24 1 51 55
943 8 1100 0 24 -12851 0 55 0
944 8 609 0 -6 -12851 0 55 0
945 12 1100 742 6 -24 0 51 51
946 12 609 742 6 -24 0 55 55
947 8 742 0 6 -12851 0 60 0
948 8 500 0 24 -12851 0 55 0
949 12 742 609 6 -24 0 55 51
950 8 500 0 24 -12851 0 60 0
951 8 1100 0 6 -12851 0 60 0
952 8 500 0 24 -12851 0 60 0
953 8 500 0 24 -12851 0 55 0
954 8 609 0 -6 -12851 0 55 0
955 12 742 903 6 -24 0 55 55
956 12 500 742 6 -24 0 51 55
957 12 1100 742 6 -24 0 55 51
958 8 609 0 -6 -12851 0 60 0
959 8 609 0 -24 -12851 0 55 0
960 12 742 500 -6 24 0 51 55
961 8 1100 0 -6 -12851 0 55 0
962 8 1100 0 -24 -12851 0 60 0
963 8 742 0 24 -12851 0 55 0
964 12 609 742 -6 24 0 55 55
965 8 903 0 6 -12851 0 55 0
966 12 903 742 6 -24 0 51 51
967 12 742 500 -6 24 0 55 55
968 8 903 0 6 -12851 0 60 0
969 8 742 0 24 -12851 0 55 0
970 12 903 742 6 -24 0 55 51
971 8 903 0 -6 -12851 0 60 0
972 12 500 742 6 -24 1 55 55
973 8 742 0 24 -12851 0 55 0
974 8 742 0 6 -12851 1 55 0
975 8 742 0 -24 -12851 1 60 0
976 12 500 742 -6 24 0 51 51
977 8 742 0 6 -12851 0 60 0
978 8 742 0 6 -12851 0 60 0
979 12 742 500 6 -24 0 51 55
980 12 903 742 -6 24 0 55 55
981 8 500 0 -6 -12851 0 55 0
982 8 609 0 6 -12851 0 60 0
983 8 1100 0 -6 -12851 0 60 0
984 12 742 1100 6 -24 0 55 55
985 12 903 742 6 -24 0 55 55
986 8 903 0 24 -12851 0 55 0
987 12 500 742 -6 24 0 51 51
988 12 742 1100 6 -24 0 55 55
989 8 903 0 -6 -12851 0 60 0
990 8 903 0 -24 -12851 0 60 0
991 8 500 0 -24 -12851 0 60 0
992 8 609 0 -24 -12851 0 55 0
993 8 1100 0 -24 -12851 0 60 0
994 8 1100 0 6 -12851 0 60 0
995 12 903 742 6 -24 0 51 51
996 12 1100 742 6 -24 0 55 51
997 8 609 0 6 -12851 0 55 0
998 8 500 0 -6 -12851 0 60 0
999 8 903 0 -6 -12851 1 55 0
1000 12 1100 742 6 -24 0 55 51
1001 12 742 500 6 -24 0 55 51
1002 12 500 742 -6 24 0 55 51
1003 12 742 1100 6 -24 0 55 55
1004 8 903 0 24 -12851 0 60 0
1005 8 500 0 24 -12851 0 55 0
1006 8 903 0 -6 -12851 0 60 0
1007 8 1100 0 -6 -12851 0 55 0
1008 12 742 1100 6 -24 0 51 55
1009 12 742 903 -6 24 0 55 55
1010 12 903 742 -6 24 0 55 51
1011 12 742 500 -6 24 0 55 55
1012 8 742 0 -24 -12851 0 60 0
1013 8 903 0 6 -12851 1 60 0
1014 12 742 1100 -6 24 0 51 51
1015 12 1100 742 6 -24 0 51 55
1016 8 500 0 -6 -12851 0 60 0
1017 12 742 609 -6 24 0 51 51
1018 12 742 500 6 -24 0 55 51
1019 8 742 0 6 -12851 1 55 0
1020 12 500 742 6 -24 0 55 55
1021 8 609 0 -24 -12851 0 55 0
1022 12 742 1100 6 -24 0 55 55
1023 12 1100 742 -6 24 0 51 55
1024 8 742 0 6 -12851 1 55 0
1025 12 742 609 -6 24 0 55 55
1026 12 1100 742 -6 24 0 51 51
1027 12 742 500 -6 24 0 55 55
1028 8 500 0 -24 -12851 0 60 0
1029 8 1100 0 -6 -12851 1 60 0
1030 12 742 609 -6 24 0 55 51
1031 12 742 903 -6 24 0 51 51
1032 8 1100 0 -6 -12851 0 60 0
1033 12 903 742 -6 24 0 51 55
1034 12 609 742 -6 24 0 55 51
1035 12 742 609 6 -24 0 51 55
1036 12 742 1100 6 -24 0 51 51
1037 12 742 609 -6 24 0 55 55
1038 12 903 742 -6 24 0 51 55
1039 12 742 500 6 -24 0 51 55
1040 8 609 0 -24 -12851 0 60 0
1041 12 742 903 6 -24 0 55 55
1042 12 742 1100 6 -24 0 55 51
1043 12 609 742 -6 24 0 51 51
1044 8 609 0 24 -12851 0 60 0
1045 8 742 0 24 -12851 0 55 0
1046 8 742 0 6 -12851 1 60 0
1047 12 742 903 -6 24 0 55 51
1048 8 1100 0 -6 -12851 0 60 0
1049 12 742 903 6 -24 0 51 55
1050 12 903 742 -6 24 0 51 51
1051 8 1100 0 24 -12851 0 55 0
1052 12 742 903 -6 24 0 55 55
1053 8 903 0 24 -12851 0 55 0
1054 8 903 0 -6 -12851 1 55 0
1055 8 500 0 -24 -12851 1 55 0
1056 12 609 742 6 -24 0 55 55
1057 12 500 742 -6 24 0 51 51
1058 8 1100 0 -24 -12851 0 60 0
1059 12 742 1100 6 -24 0 55 55
1060 8 903 0 -6 -12851 0 60 0
1061 8 742 0 6 -12851 0 60 0
1062 8 500 0 24 -12851 0 60 0
1063 12 742 903 6 -24 0 55 55
1064 8 609 0 -24 -12851 0 60 0
1065 8 742 0 6 -12851 1 55 0
1066 12 609 742 6 -24 1 51 55
1067 8 500 0 -24 -12851 0 55 0
1068 12 1100 742 6 -24 0 55 55
1069 12 500 742 -6 24 0 55 51
1070 8 609 0 -6 -12851 0 60 0
1071 12 742 609 6 -24 0 51 51
1072 12 742 903 6 -24 0 55 55
1073 8 609 0 6 -12851 0 60 0
1074 8 742 0 -24 -12851 1 55 0
1075 12 742 903 -6 24 0 55 55
1076 12 742 500 -6 24 0 55 55
1077 8 742 0 -6 -12851 1 55 0
1078 12 500 742 -6 24 0 55 51
1079 12 903 742 -6 24 0 51 51
1080 12 742 903 6 -24 0 51 51
1081 12 742 609 -6 24 0 51 51
1082 8 903 0 24 -12851 0 60 0
1083 8 742 0 24 -12851 0 55 0
1084 12 1100 742 6 -24 0 55 51
1085 12 609 742 6 -24 0 55 51
1086 8 609 0 -24 -12851 0 60 0
1087 12 500 742 6 -24 0 51 51
1088 12 609 742 -6 24 0 51 51
1089 12 742 500 -6 24 0 51 51
1090 12 742 1100 6 -24 0 51 51
1091 12 500 742 -6 24 0 51 55
1092 12 903 742 6 -24 0 55 51
1093 12 742 1100 -6 24 0 55 55
1094 8 903 0 6 -12851 0 55 0
1095 8 903 0 -24 -12851 0 55 0
1096 12 500 742 -6 24 0 51 55
1097 8 609 0 -6 -12851 0 60 0
1098 12 742 1100 6 -24 0 55 51
1099 8 500 0 24 -12851 0 55 0
1100 12 1100 742 -6 24 0 55 55
1101 8 742 0 -24 -12851 0 55 0
1102 8 609 0 24 -12851 0 55 0
1103 8 1100 0 6 -12851 0 55 0
1104 8 1100 0 6 -12851 0 60 0
1105 12 903 742 6 -24 0 51 51
1106 12 742 500 -6 24 0 51 55
1107 8 500 0 -6 -12851 0 55 0
1108 8 1100 0 24 -12851 0 60 0
1109 12 500 742 -6 24 0 55 55
1110 12 742 609 -6 24 0 55 51
1111 8 500 0 24 -12851 0 55 0
1112 8 903 0 -6 -12851 0 55 0
1113 8 903 0 -24 -12851 0 60 0
1114 8 609 0 24 -12851 0 55 0
1115 8 903 0 -24 -12851 0 55 0
1116 8 903 0 -24 -12851 0 60 0
1117 12 742 903 6 -24 0 55 51
1118 8 500 0 6 -12851 0 60 0
1119 8 742 0 -6 -12851 0 60 0
1120 8 1100 0 -24 -12851 0 60 0
1121 12 742 1100 6 -24 0 51 51
1122 12 742 1100 6 -24 0 51 55
1123 8 500 0 6 -12851 0 60 0
1124 12 1100 742 6 -24 0 55 51
1125 8 500 0 6 -12851 0 60 0
1126 8 609 0 -6 -12851 0 60 0
1127 12 742 1100 -6 24 0 55 55
1128 8 742 0 -24 -12851 0 55 0
1129 12 1100 742 6 -24 0 55 51
1130 12 742 903 6 -24 0 55 51
1131 8 1100 0 24 -12851 0 55 0
1132 8 1100 0 -24 -12851 0 55 0
1133 12 903 742 6 -24 0 55 55
1134 8 609 0 6 -12851 0 60 0
1135 8 742 0 6 -12851 0 60 0
1136 8 742 0 6 -12851 0 55 0
1137 12 742 903 -6 24 0 55 55
1138 12 903 742 -6 24 0 51 51
1139 8 742 0 6 -12851 0 60 0
1140 12 609 742 6 -24 0 55 51
1141 8 609 0 -24 -12851 0 60 0
1142 8 903 0 -24 -12851 0 60 0
1143 12 742 609 6 -24 0 51 51
1144 8 1100 0 -6 -12851 0 60 0
1145 12 500 742 6 -24 0 51 55
1146 12 903 742 6 -24 0 55 51
1147 8 500 0 6 -12851 0 55 0
1148 8 500 0 24 -12851 0 60 0
1149 12 742 500 6 -24 0 55 55
1150 8 609 0 -6 -12851 0 60 0
1151 12 742 903 6 -24 0 55 55
1152 8 500 0 6 -12851 0 55 0
1153 8 609 0 6 -12851 0 55 0
1154 12 1100 742 -6 24 0 51 55
1155 12 742 500 -6 24 0 55 55
1156 12 742 500 6 -24 0 51 51
1157 12 609 742 -6 24 0 51 55
1158 12 742 1100 -6 24 0 55 55
1159 12 609 742 -6 24 0 55 55
1160 12 742 609 -6 24 0 51 55
1161 12 742 609 -6 24 0 51 55
1162 8 903 0 24 -12851 0 55 0
1163 8 903 0 -24 -12851 0 55 0
1164 8 1100 0 6 -12851 0 55 0
1165 12 609 742 6 -24 0 51 51
1166 8 1100 0 -6 -12851 0 55 0
1167 8 742 0 24 -12851 0 55 0
1168 8 742 0 -24 -12851 0 55 0
1169 8 609 0 -6 -12851 0 60 0
1170 8 609 0 -24 -12851 0 55 0
1171 8 903 0 6 -12851 0 60 0
1172 8 742 0 -6 -12851 0 60 0
1173 12 742 500 6 -24 0 55 55
1174 8 903 0 -6 -12851 0 60 0
1175 8 1100 0 -24 -12851 0 55 0
1176 12 903 742 6 -24 0 55 55
1177 12 903 742 -6 24 0 51 51
1178 12 742 609 -6 24 0 55 55
1179 12 742 903 -6 24 0 51 51
1180 12 1100 742 6 -24 0 51 55
1181 8 1100 0 -24 -12851 0 55 0
1182 8 1100 0 6 -12851 0 55 0
1183 12 742 903 -6 24 0 55 55
1184 12 903 742 -6 24 0 55 51
1185 8 609 0 -24 -12851 0 55 0
1186 12 1100 742 6 -24 0 51 55
1187 12 742 500 6 -24 0 51 51
1188 12 742 903 -6 24 0 51 55
1189 8 742 0 -6 -12851 0 60 0
1190 12 500 742 6 -24 0 55 51
1191 12 742 1100 -6 24 0 55 55
1192 8 742 0 -6 -12851 0 55 0
1193 8 903 0 24 -12851 0 55 0
1194 12 1100 742 -6 24 0 51 55
1195 8 500 0 -6 -12851 0 55 0
1196 12 742 500 6 -24 0 51 51
1197 8 500 0 6 -12851 0 55 0
1198 12 742 1100 6 -24 0 51 55
1199 12 742 1100 6 -24 0 51 51
1200 8 500 0 -6 -12851 0 60 0
1201 8 609 0 -6 -12851 0 55 0
1202 12 500 742 -6 24 0 51 51
1203 8 903 0 24 -12851 0 55 0
1204 12 742 500 -6 24 0 51 55
1205 8 903 0 24 -12851 0 55 0
1206 8 742 0 -24 -12851 0 60 0
1207 8 742 0 -24 -12851 0 60 0
1208 8 903 0 -24 -12851 0 55 0
1209 12 903 742 -6 24 0 55 55
1210 8 500 0 24 -12851 0 55 0
1211 12 742 1100 -6 24 0 55 55
1212 8 609 0 24 -12851 0 60 0
1213 12 742 609 -6 24 0 51 51
1214 8 742 0 6 -12851 0 60 0
1215 12 903 742 6 -24 0 55 51
1216 8 609 0 -6 -12851 0 55 0
1217 12 500 742 -6 24 0 51 55
1218 12 742 609 6 -24 0 55 55
1219 8 500 0 -24 -12851 0 55 0
1220 12 1100 742 6 -24 0 51 51
1221 8 1100 0 6 -12851 0 60 0
1222 8 500 0 6 -12851 0 60 0
1223 12 742 1100 -6 24 0 51 51
1224 12 742 609 6 -24 0 51 55
1225 12 742 1100 6 -24 0 51 55
1226 8 903 0 -24 -12851 0 55 0
1227 12 742 500 6 -24 0 55 55
1228 8 609 0 -24 -12851 0 60 0
1229 8 1100 0 -24 -12851 0 60 0
1230 8 1100 0 24 -12851 0 60 0
1231 8 500 0 -24 -12851 0 60 0
1232 8 500 0 -6 -12851 0 55 0
1233 8 609 0 -24 -12851 0 55 0
1234 12 742 1100 -6 24 0 51 51
1235 8 742 0 24 -12851 0 60 0
1236 12 742 903 6 -24 0 51 55
1237 8 1100 0 24 -12851 0 55 0
1238 8 903 0 6 -12851 0 60 0
1239 8 903 0 6 -12851 0 55 0
1240 12 1100 742 6 -24 0 51 51
1241 8 903 0 -24 -12851 0 60 0
1242 12 609 742 6 -24 0 51 55
1243 12 742 609 6 -24 0 51 55
1244 8 609 0 -6 -12851 0 60 0
1245 8 609 0 -6 -12851 0 60 0
1246 12 903 742 6 -24 0 55 55
1247 8 742 0 24 -12851 0 55 0
1248 12 609 742 6 -24 0 51 55
1249 8 742 0 -24 -12851 0 55 0
1250 8 500 0 -6 -12851 0 60 0
1251 8 1100 0 -24 -12851 0 60 0
1252 8 500 0 -6 -12851 0 55 0
1253 12 742 1100 -6 24 0 51 55
1254 12 609 742 -6 24 0 55 55
1255 8 1100 0 24 -12851 0 55 0
1256 8 903 0 6 -12851 0 60 0
1257 12 500 742 -6 24 0 55 55
1258 8 903 0 6 -12851 0 55 0
1259 8 742 0 6 -12851 0 60 0
1260 8 609 0 6 -12851 0 60 0
1261 8 609 0 24 -12851 0 60 0
1262 8 609 0 6 -12851 0 60 0
1263 8 742 0 -24 -12851 0 55 0
1264 12 742 1100 6 -24 0 51 55
1265 8 1100 0 -24 -12851 0 60 0
1266 12 742 1100 6 -24 0 51 55
1267 8 500 0 24 -12851 0 55 0
1268 8 500 0 24 -12851 0 55 0
1269 8 742 0 6 -12851 0 60 0
1270 12 742 903 6 -24 0 51 55
1271 12 742 903 -6 24 0 55 55
1272 8 903 0 -24 -12851 0 55 0
1273 12 500 742 -6 24 0 55 55
1274 8 500 0 -6 -12851 0 55 0
1275 8 903 0 6 -12851 0 55 0
1276 8 1100 0 24 -12851 0 60 0
1277 8 1100 0 6 -12851 0 60 0
1278 12 742 1100 -6 24 0 51 51
1279 8 609 0 -6 -12851 0 60 0
1280 12 742 609 6 -24 0 51 51
1281 12 1100 742 -6 24 0 51 51
1282 8 609 0 -24 -12851 0 55 0
1283 8 903 0 -6 -12851 0 55 0
1284 8 742 0 -6 -12851 0 60 0
1285 8 903 0 -6 -12851 0 60 0
1286 8 1100 0 -24 -12851 0 60 0
1287 12 500 742 -6 24 0 55 55
1288 12 500 742 -6 24 0 55 55
1289 8 1100 0 -24 -12851 0 55 0
1290 8 1100 0 -6 -12851 0 60 0
1291 12 742 903 -6 24 0 51 51
1292 8 609 0 6 -12851 0 55 0
1293 8 742 0 6 -12851 0 55 0
1294 12 742 609 6 -24 0 55 55
1295 8 742 0 -6 -12851 0 60 0
1296 12 500 742 6 -24 0 55 51
1297 8 903 0 24 -12851 0 60 0
1298 8 500 0 6 -12851 0 60 0
1299 8 500 0 -24 -12851 0 55 0
1300 12 742 903 -6 24 0 51 55
1301 12 609 742 -6 24 0 55 55
1302 8 500 0 -6 -12851 0 60 0
1303 12 742 609 6 -24 0 55 51
1304 8 609 0 -24 -12851 0 55 0
1305 12 742 500 -6 24 0 51 55
1306 12 742 903 -6 24 0 51 55
1307 8 500 0 24 -12851 0 55 0
1308 12 1100 742 -6 24 0 51 55
1309 8 500 0 24 -12851 0 60 0
1310 8 609 0 -24 -12851 0 60 0
1311 8 903 0 24 -12851 0 60 0
1312 8 1100 0 6 -12851 0 60 0
1313 12 742 903 -6 24 0 55 55
1314 12 742 1100 6 -24 0 55 55
1315 8 903 0 24 -12851 0 55 0
1316 8 742 0 24 -12851 0 55 0
1317 8 609 0 24 -12851 0 60 0
1318 12 742 500 6 -24 0 51 51
1319 8 609 0 24 -12851 0 55 0
1320 8 903 0 -6 -12851 0 60 0
1321 8 500 0 -24 -12851 0 60 0
1322 12 742 500 6 -24 0 51 55
1323 12 609 742 6 -24 0 55 51
1324 12 742 903 6 -24 0 51 51
1325 8 500 0 24 -12851 0 55 0
1326 8 1100 0 -6 -12851 0 60 0
1327 8 742 0 -6 -12851 0 60 0
1328 8 742 0 6 -12851 0 55 0
1329 8 1100 0 -24 -12851 0 55 0
1330 12 742 903 6 -24 0 51 51
1331 8 1100 0 24 -12851 0 60 0
1332 8 1100 0 -6 -12851 0 55 0
1333 12 742 500 6 -24 0 51 55
1334 8 742 0 -6 -12851 0 60 0
1335 12 903 742 -6 24 0 55 51
1336 12 742 609 6 -24 0 51 51
1337 8 609 0 -24 -12851 0 55 0
1338 12 903 742 6 -24 0 51 51
1339 8 609 0 -24 -12851 0 55 0
1340 8 609 0 -6 -12851 0 55 0
1341 12 742 1100 6 -24 0 55 51
1342 12 609 742 -6 24 0 51 51
1343 12 742 1100 -6 24 0 55 51
1344 12 742 500 -6 24 0 51 55
1345 12 500 742 -6 24 0 51 51
1346 8 742 0 6 -12851 0 55 0
1347 12 903 742 6 -24 0 55 51
1348 8 742 0 -24 -12851 0 60 0
1349 12 742 1100 -6 24 0 55 55
1350 12 742 1100 -6 24 0 51 51
1351 12 742 609 -6 24 0 51 55
1352 8 1100 0 -24 -12851 0 60 0
1353 12 609 742 -6 24 0 51 55
1354 8 1100 0 6 -12851 0 55 0
1355 8 903 0 24 -12851 0 55 0
1356 12 742 609 6 -24 0 55 55
1357 8 903 0 -6 -12851 0 60 0
1358 12 742 1100 6 -24 0 51 55
1359 12 500 742 6 -24 0 55 55
1360 12 903 742 -6 24 0 55 51
1361 12 742 609 6 -24 0 51 51
1362 12 742 1100 -6 24 0 51 55
1363 8 903 0 -24 -12851 0 55 0
1364 12 609 742 6 -24 0 51 51
1365 8 500 0 24 -12851 0 60 0
1366 12 742 903 6 -24 0 55 51
1367 12 609 742 -6 24 0 51 55
1368 8 500 0 24 -12851 0 60 0
1369 8 500 0 -24 -12851 0 55 0
1370 12 742 500 -6 24 0 51 51
1371 12 742 609 -6 24 0 51 55
1372 8 742 0 -6 -12851 0 55 0
1373 8 742 0 6 -12851 0 55 0
1374 12 742 500 6 -24 0 55 55
1375 8 1100 0 6 -12851 0 60 0
1376 8 500 0 -6 -12851 0 60 0
1377 12 742 903 -6 24 0 51 55
1378 12 742 1100 6 -24 0 55 51
1379 12 500 742 -6 24 0 51 55
1380 8 742 0 -24 -12851 0 55 0
1381 8 903 0 6 -12851 0 60 0
1382 12 742 903 6 -24 0 51 51
1383 12 742 609 6 -24 0 55 55
1384 12 742 1100 -6 24 0 55 51
1385 8 1100 0 -6 -12851 0 60 0
1386 8 1100 0 24 -12851 0 60 0
1387 12 742 609 6 -24 0 55 55
1388 8 903 0 -24 -12851 0 55 0
1389 12 903 742 -6 24 0 55 55
1390 12 609 742 -6 24 0 51 55
1391 12 742 500 -6 24 0 51 55
1392 12 903 742 6 -24 0 55 55
1393 8 609 0 6 -12851 0 60 0
1394 12 903 742 6 -24 0 55 51
1395 8 500 0 24 -12851 0 60 0
1396 8 742 0 -6 -12851 0 60 0
1397 8 609 0 24 -12851 0 60 0
1398 12 500 742 6 -24 0 55 51
1399 12 742 500 -6 24 0 55 55
1400 8 903 0 -6 -12851 0 60 0
1401 8 609 0 -6 -12851 0 55 0
1402 12 500 742 6 -24 0 55 55
1403 12 742 500 6 -24 0 51 51
1404 12 742 609 6 -24 0 55 55
1405 12 903 742 6 -24 0 55 55
1406 8 500 0 6 -12851 0 55 0
1407 8 500 0 24 -12851 0 55 0
1408 12 742 609 -6 24 0 55 55
1409 8 500 0 6 -12851 0 60 0
1410 12 1100 742 -6 24 0 51 51
1411 12 903 742 6 -24 0 55 55
1412 8 1100 0 24 -12851 0 60 0
1413 8 500 0 24 -12851 0 60 0
1414 8 1100 0 6 -12851 0 55 0
1415 8 500 0 -24 -12851 0 55 0
1416 8 742 0 6 -12851 0 55 0
1417 8 1100 0 -24 -12851 0 55 0
1418 12 742 609 -6 24 0 51 51
1419 8 742 0 -6 -12851 0 60 0
1420 12 742 1100 -6 24 0 55 51
1421 12 742 609 6 -24 0 51 51
