1 12 1100 742 -6 24 0 51 55
2 12 742 609 -6 24 1 55 51
3 12 500 742 -6 24 1 55 51
4 12 1100 742 -6 24 0 55 51
5 12 609 742 -6 24 0 55 55
6 12 903 742 -6 24 0 55 51
7 12 1100 742 6 -24 1 51 55
8 12 903 742 -6 24 1 55 51
9 12 609 742 -6 24 0 55 55
10 12 742 609 -6 24 0 51 51
11 12 742 1100 6 -24 1 51 55
12 12 742 609 -6 24 1 51 55
13 12 742 609 6 -24 1 51 51
14 12 1100 742 -6 24 0 55 55
15 12 742 1100 6 -24 0 51 55
16 12 500 742 -6 24 1 55 55
17 12 1100 742 6 -24 1 51 51
18 12 742 903 -6 24 1 55 55
19 12 500 742 -6 24 0 55 55
20 12 742 1100 6 -24 1 51 51
21 12 609 742 6 -24 1 55 55
22 12 742 903 6 -24 1 55 55
23 12 742 1100 -6 24 0 55 55
24 12 742 1100 -6 24 1 55 55
25 12 500 742 6 -24 1 51 51
26 12 500 742 6 -24 0 55 51
27 12 903 742 6 -24 1 55 55
28 12 742 609 -6 24 0 51 55
29 12 742 903 -6 24 1 55 55
30 12 609 742 6 -24 0 51 55
31 12 742 1100 6 -24 1 51 51
32 12 903 742 6 -24 1 51 51
33 12 609 742 -6 24 0 51 51
34 12 609 742 6 -24 1 51 51
35 12 609 742 -6 24 0 51 51
36 12 500 742 6 -24 0 51 55
37 12 1100 742 -6 24 1 55 51
38 12 903 742 -6 24 1 55 51
39 12 742 609 -6 24 0 51 51
40 12 742 1100 -6 24 1 55 51
41 12 609 742 -6 24 1 55 51
42 12 500 742 -6 24 1 51 51
43 12 1100 742 -6 24 1 51 51
44 12 742 903 -6 24 0 55 51
45 12 903 742 -6 24 1 55 55
46 12 742 903 -6 24 1 55 51
47 12 609 742 -6 24 1 55 51
48 12 742 1100 -6 24 1 55 51
49 12 742 903 -6 24 1 51 55
50 12 742 609 -6 24 0 55 51
51 12 742 903 6 -24 0 55 55
52 12 1100 742 -6 24 0 55 55
53 12 903 742 -6 24 0 55 51
54 12 742 609 6 -24 1 51 51
55 12 742 500 -6 24 1 55 55
56 12 742 500 6 -24 1 55 51
57 12 903 742 6 -24 1 55 55
58 12 742 903 6 -24 1 51 51
59 12 742 1100 -6 24 1 55 51
60 12 609 742 -6 24 0 51 55
61 12 742 903 6 -24 1 55 51
62 12 609 742 6 -24 0 51 55
63 12 500 742 6 -24 0 55 55
64 12 500 742 -6 24 0 55 55
65 12 609 742 6 -24 1 55 55
66 12 903 742 -6 24 1 51 55
67 12 1100 742 -6 24 0 55 51
68 12 609 742 6 -24 1 51 51
69 12 742 500 -6 24 1 51 51
70 12 742 500 6 -24 1 51 55
71 12 742 903 -6 24 0 55 51
72 12 609 742 -6 24 1 55 51
73 12 742 1100 -6 24 0 55 51
74 12 742 1100 6 -24 1 55 55
75 12 500 742 6 -24 0 55 55
76 12 742 609 -6 24 0 55 55
77 12 609 742 -6 24 0 51 51
78 12 742 1100 6 -24 1 51 51
79 12 500 742 6 -24 1 55 51
80 12 903 742 -6 24 1 51 55
81 12 742 1100 -6 24 1 55 55
82 12 903 742 -6 24 0 55 55
83 12 742 609 6 -24 0 51 55
84 12 742 1100 -6 24 0 55 55
85 12 742 1100 6 -24 1 55 55
86 12 500 742 6 -24 1 55 51
87 12 903 742 -6 24 1 51 51
88 12 903 742 -6 24 1 55 55
89 12 742 1100 6 -24 1 51 51
90 12 742 1100 -6 24 0 55 51
91 12 742 500 6 -24 0 55 55
92 12 609 742 6 -24 1 51 55
93 12 1100 742 -6 24 1 55 55
94 12 742 903 6 -24 1 51 51
95 12 903 742 6 -24 1 55 55
96 12 742 1100 -6 24 1 51 55
97 12 903 742 6 -24 0 51 55
98 12 500 742 6 -24 0 55 51
99 12 609 742 6 -24 0 51 55
100 12 500 742 6 -24 1 51 55
101 12 903 742 6 -24 0 51 51
102 12 742 609 -6 24 1 55 55
103 12 742 903 6 -24 1 51 51
104 12 742 609 6 -24 1 55 51
105 12 1100 742 6 -24 1 51 55
106 12 500 742 6 -24 0 51 55
107 12 742 609 6 -24 1 55 55
108 12 1100 742 -6 24 1 51 51
109 12 903 742 -6 24 0 51 51
110 12 742 609 -6 24 1 55 55
111 12 742 1100 6 -24 0 51 51
112 12 609 742 -6 24 0 51 51
113 12 609 742 6 -24 1 55 55
114 12 742 903 -6 24 0 55 55
115 12 903 742 -6 24 1 51 55
116 12 742 609 -6 24 1 55 51
117 12 1100 742 6 -24 1 51 55
118 12 742 1100 6 -24 1 55 51
119 12 500 742 -6 24 1 51 51
120 12 742 500 -6 24 0 55 55
121 12 742 903 6 -24 1 51 55
122 12 609 742 6 -24 0 51 51
123 12 500 742 6 -24 1 55 55
124 12 500 742 -6 24 1 51 55
125 12 742 903 -6 24 1 55 55
126 12 609 742 -6 24 1 51 55
127 12 500 742 -6 24 1 55 55
128 12 742 903 6 -24 1 51 55
129 12 742 903 6 -24 1 51 51
130 12 1100 742 -6 24 1 55 51
131 12 500 742 6 -24 1 55 55
132 12 609 742 6 -24 1 51 51
133 12 903 742 -6 24 1 55 55
134 12 500 742 -6 24 1 55 51
135 12 500 742 6 -24 1 51 55
136 12 903 742 -6 24 1 55 55
137 12 742 1100 -6 24 0 51 51
138 12 742 500 6 -24 1 55 51
139 12 742 609 -6 24 1 55 51
140 12 903 742 -6 24 1 51 55
141 12 500 742 -6 24 1 51 55
142 12 742 1100 -6 24 0 55 55
143 12 609 742 6 -24 0 51 51
144 12 500 742 6 -24 0 51 51
145 12 500 742 -6 24 1 55 51
146 12 903 742 -6 24 0 51 51
147 12 742 903 6 -24 1 55 51
148 12 742 500 6 -24 1 55 55
149 12 742 500 -6 24 0 55 51
150 12 609 742 6 -24 1 55 55
151 12 742 903 -6 24 1 51 51
152 12 742 500 6 -24 1 51 51
153 12 742 609 6 -24 1 55 55
154 12 742 609 -6 24 0 55 55
155 12 500 742 -6 24 0 55 55
156 12 742 609 6 -24 1 51 51
157 12 609 742 -6 24 1 51 55
158 12 742 500 -6 24 1 55 55
159 12 609 742 6 -24 1 51 55
160 12 742 903 6 -24 1 51 51
161 12 500 742 6 -24 0 51 51
162 12 742 903 -6 24 0 55 51
163 12 500 742 -6 24 0 55 51
164 12 1100 742 -6 24 0 55 51
165 12 1100 742 -6 24 1 55 51
166 12 742 903 -6 24 1 51 55
167 12 742 903 6 -24 1 51 55
168 12 609 742 6 -24 0 51 55
169 12 742 1100 -6 24 1 55 51
170 12 742 1100 6 -24 0 55 55
171 12 903 742 -6 24 0 55 51
172 12 609 742 -6 24 0 55 51
173 12 742 609 6 -24 1 55 51
174 12 742 500 6 -24 1 55 55
175 12 742 609 6 -24 1 51 51
176 12 742 903 -6 24 1 55 51
177 12 500 742 6 -24 1 55 51
178 12 609 742 6 -24 1 51 51
179 12 903 742 6 -24 1 55 51
180 12 1100 742 -6 24 1 55 51
181 12 742 1100 -6 24 0 51 51
182 12 500 742 -6 24 1 55 51
183 12 742 500 6 -24 0 51 51
184 12 742 1100 6 -24 0 55 55
185 12 1100 742 -6 24 0 55 55
186 12 742 500 -6 24 1 55 55
187 12 609 742 -6 24 1 51 51
188 12 742 903 6 -24 1 51 51
189 12 742 609 -6 24 0 51 55
190 12 500 742 -6 24 0 55 55
191 12 742 903 -6 24 1 55 55
192 12 742 500 -6 24 1 51 55
193 12 609 742 -6 24 1 51 51
194 12 742 903 -6 24 0 55 55
195 12 742 609 -6 24 0 55 51
196 12 742 500 6 -24 1 51 55
197 12 903 742 -6 24 1 55 51
198 12 1100 742 6 -24 0 55 55
199 12 742 500 6 -24 1 51 55
200 12 742 500 6 -24 1 51 55
201 12 742 1100 -6 24 0 55 51
202 12 1100 742 6 -24 1 55 55
203 12 500 742 -6 24 1 55 51
204 12 903 742 -6 24 0 55 51
205 12 742 1100 -6 24 0 55 55
206 12 742 1100 -6 24 0 55 51
207 12 903 742 6 -24 1 51 55
208 12 742 500 -6 24 0 51 51
209 12 742 903 6 -24 1 55 55
210 12 742 609 -6 24 0 55 55
211 12 500 742 6 -24 1 55 55
212 12 742 609 6 -24 1 55 55
213 12 742 609 -6 24 0 55 55
214 12 903 742 -6 24 0 51 51
215 12 903 742 6 -24 1 55 51
216 12 742 609 -6 24 0 51 51
217 12 742 609 6 -24 1 55 55
218 12 742 1100 -6 24 1 55 55
219 12 742 609 -6 24 1 51 55
220 12 903 742 6 -24 1 51 55
221 12 742 903 -6 24 1 51 55
222 12 742 609 -6 24 0 51 55
223 12 609 742 -6 24 0 51 51
224 12 742 1100 -6 24 1 51 51
225 12 742 500 -6 24 0 51 55
226 12 1100 742 6 -24 1 55 55
227 12 742 500 -6 24 1 55 55
228 12 742 903 -6 24 0 55 55
229 12 742 500 -6 24 0 55 55
230 12 742 903 -6 24 0 51 55
231 12 903 742 -6 24 1 51 51
232 12 609 742 -6 24 1 55 51
233 12 742 500 -6 24 0 55 55
234 12 1100 742 -6 24 1 55 55
235 12 742 500 -6 24 0 51 51
236 12 903 742 -6 24 0 51 55
237 12 742 500 6 -24 1 51 51
238 12 742 1100 -6 24 1 55 51
239 12 742 1100 -6 24 1 51 55
240 12 742 903 -6 24 0 55 51
241 12 742 1100 -6 24 0 55 55
242 12 500 742 -6 24 1 55 55
243 12 742 500 6 -24 1 51 51
244 12 742 903 -6 24 0 55 51
245 12 500 742 6 -24 1 55 55
246 12 742 903 6 -24 1 51 51
247 12 500 742 6 -24 1 51 55
248 12 742 1100 -6 24 1 51 55
249 12 742 500 -6 24 1 55 55
250 12 742 609 -6 24 0 55 51
251 12 903 742 6 -24 1 55 55
252 12 1100 742 -6 24 0 55 51
253 12 742 500 -6 24 0 55 55
254 12 742 1100 -6 24 0 51 51
255 12 609 742 -6 24 0 51 51
256 12 609 742 -6 24 1 51 55
257 12 609 742 6 -24 1 51 55
258 12 742 903 -6 24 1 51 51
259 12 609 742 -6 24 1 55 51
260 12 609 742 -6 24 0 51 55
261 12 500 742 -6 24 0 51 51
262 12 609 742 -6 24 0 55 55
263 12 903 742 6 -24 0 55 51
264 12 742 1100 -6 24 1 55 51
265 12 1100 742 -6 24 0 55 51
266 12 742 609 -6 24 0 51 55
267 12 742 500 -6 24 0 51 55
268 12 903 742 -6 24 1 51 51
269 12 500 742 -6 24 0 51 51
270 12 500 742 6 -24 1 55 55
271 12 742 903 -6 24 0 55 55
272 12 742 500 6 -24 1 55 55
273 12 1100 742 -6 24 0 51 51
274 12 742 1100 6 -24 1 55 55
275 12 609 742 -6 24 0 55 51
276 12 742 1100 -6 24 0 51 51
277 12 742 1100 6 -24 1 51 55
278 12 742 609 -6 24 0 51 51
279 12 742 500 -6 24 0 55 55
280 12 903 742 -6 24 0 51 55
281 12 742 903 -6 24 1 55 55
282 12 500 742 -6 24 0 55 55
283 12 742 500 -6 24 0 51 51
284 12 742 1100 -6 24 1 51 55
285 12 1100 742 6 -24 1 51 51
286 12 742 609 -6 24 1 55 51
287 12 903 742 6 -24 0 55 51
288 12 500 742 -6 24 1 55 51
289 12 609 742 6 -24 1 51 51
290 12 903 742 6 -24 1 55 55
291 12 742 609 -6 24 0 55 55
292 12 742 1100 -6 24 0 51 51
293 12 742 903 6 -24 1 51 51
294 12 500 742 -6 24 0 51 55
295 12 500 742 6 -24 1 51 55
296 12 742 1100 -6 24 1 55 55
297 12 742 609 6 -24 0 51 51
298 12 1100 742 6 -24 0 51 55
299 12 609 742 -6 24 0 51 51
300 12 742 1100 -6 24 0 55 55
301 12 742 903 -6 24 1 51 51
302 12 742 500 6 -24 1 51 55
303 12 903 742 -6 24 0 55 55
304 12 742 1100 -6 24 1 51 55
305 12 500 742 6 -24 1 51 51
306 12 742 609 6 -24 0 51 55
307 12 500 742 6 -24 0 55 51
308 12 742 903 -6 24 1 51 51
309 12 742 609 6 -24 0 51 55
310 12 500 742 6 -24 0 51 51
311 12 742 1100 6 -24 1 55 51
312 12 742 1100 6 -24 1 55 51
313 12 903 742 -6 24 1 51 55
314 12 742 1100 6 -24 1 55 55
315 12 903 742 6 -24 0 55 55
316 12 609 742 -6 24 1 55 55
317 12 742 500 6 -24 1 51 51
318 12 742 903 6 -24 1 51 51
319 12 609 742 -6 24 1 51 55
320 12 609 742 -6 24 0 51 51
321 12 1100 742 -6 24 0 51 55
322 12 742 903 6 -24 1 51 51
323 12 742 500 6 -24 1 51 51
324 12 609 742 6 -24 1 55 55
325 12 903 742 -6 24 1 55 55
326 12 1100 742 6 -24 1 51 51
327 12 903 742 6 -24 1 51 51
328 12 742 1100 6 -24 1 51 51
329 12 1100 742 -6 24 0 51 55
330 12 742 903 6 -24 1 51 51
331 12 609 742 6 -24 0 51 55
332 12 500 742 -6 24 0 55 55
333 12 609 742 6 -24 1 55 55
334 12 903 742 6 -24 1 51 51
335 12 609 742 -6 24 1 51 51
336 12 742 609 -6 24 0 55 51
337 12 742 500 -6 24 1 55 51
338 12 609 742 6 -24 1 55 55
339 12 742 500 6 -24 1 51 51
340 12 903 742 -6 24 0 55 51
341 12 742 609 -6 24 1 55 55
342 12 742 609 6 -24 1 55 55
343 12 742 903 -6 24 1 55 55
344 12 903 742 -6 24 0 55 55
345 12 742 609 -6 24 1 55 51
346 12 742 1100 6 -24 1 55 55
347 12 609 742 -6 24 0 51 51
348 12 609 742 -6 24 0 51 55
349 12 609 742 -6 24 0 55 55
350 12 500 742 6 -24 1 55 51
351 12 500 742 -6 24 0 55 51
352 12 742 609 -6 24 1 51 55
353 12 742 609 6 -24 1 55 55
354 12 742 500 6 -24 1 55 55
355 12 742 609 -6 24 1 55 55
356 12 903 742 6 -24 1 55 55
357 12 742 1100 6 -24 1 51 55
358 12 742 500 6 -24 1 55 55
359 12 500 742 6 -24 0 55 51
360 12 1100 742 -6 24 1 51 51
361 12 742 903 -6 24 0 55 55
362 12 742 500 6 -24 1 55 55
363 12 742 1100 6 -24 1 51 55
364 12 742 1100 -6 24 0 55 55
365 12 742 500 6 -24 1 55 51
366 12 609 742 -6 24 0 55 55
367 12 742 609 -6 24 1 55 51
368 12 742 500 6 -24 1 55 55
369 12 903 742 6 -24 1 51 55
370 12 742 609 -6 24 0 51 51
371 12 1100 742 6 -24 1 51 55
372 12 742 609 -6 24 1 55 55
373 12 742 1100 6 -24 1 51 55
374 12 742 500 6 -24 1 55 55
375 12 500 742 -6 24 1 51 55
376 12 742 903 -6 24 0 55 55
377 12 903 742 6 -24 0 55 55
378 12 742 903 6 -24 1 51 51
379 12 500 742 6 -24 1 51 55
380 12 742 1100 6 -24 1 51 51
381 12 500 742 -6 24 1 51 55
382 12 742 500 6 -24 1 51 55
383 12 903 742 6 -24 1 55 55
384 12 742 609 6 -24 1 55 55
385 12 609 742 -6 24 0 51 51
386 12 742 500 -6 24 0 55 51
387 12 742 1100 6 -24 1 55 55
388 12 609 742 -6 24 0 55 51
389 12 903 742 -6 24 0 55 55
390 12 500 742 6 -24 1 55 55
391 12 742 903 6 -24 1 55 51
392 12 742 1100 -6 24 0 51 55
393 12 742 609 6 -24 1 55 55
394 12 609 742 6 -24 1 51 51
395 12 1100 742 -6 24 0 51 51
396 12 903 742 6 -24 1 51 51
397 12 500 742 6 -24 1 51 55
398 12 500 742 6 -24 1 55 51
399 12 742 903 6 -24 0 51 55
400 12 742 903 -6 24 1 51 55
401 12 742 609 -6 24 0 55 55
402 12 500 742 -6 24 0 51 55
403 12 742 903 -6 24 0 55 51
404 12 500 742 -6 24 1 51 51
405 12 742 903 6 -24 1 51 51
406 12 742 609 6 -24 1 51 51
407 12 609 742 -6 24 0 55 51
408 12 500 742 6 -24 0 51 55
409 12 742 1100 -6 24 1 55 51
410 12 903 742 -6 24 0 51 51
411 12 903 742 6 -24 1 55 55
412 12 742 500 -6 24 0 51 51
413 12 1100 742 -6 24 0 51 55
414 12 500 742 -6 24 1 51 51
415 12 742 609 6 -24 1 55 55
416 12 742 500 -6 24 0 55 55
417 12 1100 742 -6 24 1 51 51
418 12 742 500 6 -24 1 55 51
419 12 500 742 -6 24 0 55 51
420 12 903 742 -6 24 1 51 55
421 12 742 500 6 -24 1 51 51
422 12 742 500 6 -24 1 51 55
423 12 1100 742 6 -24 1 55 55
424 12 609 742 6 -24 1 55 51
425 12 903 742 -6 24 0 55 55
426 12 742 609 6 -24 1 51 51
427 12 742 903 -6 24 1 51 55
428 12 903 742 6 -24 1 51 51
429 12 500 742 6 -24 0 51 51
430 12 742 609 6 -24 1 51 51
431 12 500 742 -6 24 0 51 51
432 12 742 609 6 -24 1 51 51
433 12 742 1100 6 -24 0 51 51
434 12 500 742 -6 24 1 51 55
435 12 903 742 -6 24 1 51 51
436 12 609 742 -6 24 0 51 51
437 12 500 742 6 -24 1 55 55
438 12 742 609 6 -24 0 51 55
439 12 742 1100 6 -24 1 55 51
440 12 742 1100 6 -24 0 55 55
441 12 742 500 -6 24 1 51 51
442 12 903 742 -6 24 0 51 51
443 12 903 742 6 -24 0 55 51
444 12 742 609 -6 24 0 51 55
445 12 742 609 6 -24 1 55 55
446 12 903 742 -6 24 0 55 51
447 12 742 609 6 -24 1 51 51
448 12 742 500 -6 24 0 51 55
449 12 609 742 6 -24 1 55 51
450 12 742 903 6 -24 1 51 51
451 12 500 742 6 -24 1 51 55
452 12 742 500 6 -24 0 51 51
453 12 742 903 -6 24 0 51 55
454 12 742 500 6 -24 1 51 55
455 12 609 742 6 -24 1 55 51
456 12 742 500 6 -24 1 55 55
457 12 742 609 6 -24 0 55 55
458 12 742 500 -6 24 0 55 51
459 12 742 500 -6 24 0 55 55
460 12 609 742 6 -24 0 51 55
461 12 1100 742 6 -24 1 51 51
462 12 903 742 6 -24 0 51 55
463 12 1100 742 6 -24 0 55 51
464 12 609 742 6 -24 1 51 51
465 12 903 742 6 -24 1 51 51
466 12 742 1100 6 -24 1 51 55
467 12 742 500 -6 24 0 51 51
468 12 742 609 6 -24 0 55 55
469 12 742 500 6 -24 0 55 55
470 12 742 500 6 -24 0 55 51
471 12 1100 742 -6 24 1 55 55
472 12 742 903 -6 24 0 51 55
473 12 903 742 -6 24 1 51 55
474 12 609 742 6 -24 1 55 51
475 12 500 742 6 -24 1 55 55
476 12 742 1100 6 -24 1 55 51
477 12 903 742 6 -24 1 55 51
478 12 742 903 6 -24 1 51 55
479 12 742 903 -6 24 0 55 55
480 12 500 742 6 -24 0 55 55
481 12 1100 742 -6 24 1 55 55
482 12 742 903 6 -24 0 55 51
483 12 1100 742 6 -24 0 51 51
484 12 742 609 6 -24 0 55 51
485 12 742 903 6 -24 0 51 55
486 12 742 609 -6 24 1 51 51
487 12 500 742 6 -24 1 55 51
488 12 500 742 6 -24 0 51 51
489 12 742 500 6 -24 0 55 55
490 12 1100 742 -6 24 0 55 51
491 12 742 903 -6 24 1 55 51
492 12 609 742 -6 24 0 51 51
493 12 903 742 6 -24 1 55 51
494 12 742 609 6 -24 1 51 51
495 12 500 742 6 -24 1 51 55
496 12 903 742 -6 24 0 55 51
497 12 742 903 -6 24 0 51 51
498 12 903 742 6 -24 1 51 55
499 12 742 903 6 -24 1 55 55
500 12 742 609 6 -24 1 51 51
501 12 609 742 -6 24 0 55 55
502 12 1100 742 6 -24 1 55 51
503 12 609 742 6 -24 0 51 55
504 12 742 500 -6 24 0 55 51
505 12 1100 742 -6 24 0 55 51
506 12 742 1100 6 -24 0 51 55
507 12 903 742 -6 24 1 51 55
508 12 903 742 -6 24 0 51 55
509 12 742 500 -6 24 0 55 55
510 12 742 609 -6 24 0 55 55
511 12 903 742 6 -24 1 51 55
512 12 1100 742 6 -24 1 51 51
513 12 742 500 6 -24 1 55 51
514 12 742 500 -6 24 0 51 55
515 12 903 742 6 -24 1 55 55
516 12 903 742 6 -24 1 51 51
517 12 742 609 -6 24 0 51 51
518 12 742 903 6 -24 1 55 55
519 12 609 742 -6 24 1 55 55
520 12 500 742 -6 24 0 55 55
521 12 609 742 6 -24 1 51 51
522 12 903 742 -6 24 0 55 51
523 12 742 1100 -6 24 1 51 51
524 12 742 903 6 -24 1 55 51
525 12 609 742 -6 24 0 51 55
526 12 742 500 6 -24 1 55 51
527 12 742 903 6 -24 1 55 51
528 12 609 742 6 -24 1 55 51
529 12 742 609 6 -24 0 55 55
530 12 742 903 -6 24 0 55 55
531 12 742 1100 -6 24 0 51 55
532 12 1100 742 -6 24 1 51 55
533 12 742 500 -6 24 0 51 55
534 12 742 609 -6 24 0 55 51
535 12 500 742 -6 24 1 55 55
536 12 742 1100 6 -24 1 51 51
537 12 1100 742 -6 24 1 55 51
538 12 1100 742 -6 24 1 55 51
539 12 903 742 -6 24 0 51 55
540 12 609 742 -6 24 1 51 51
541 12 742 609 6 -24 0 55 51
542 12 500 742 -6 24 0 51 55
543 12 742 609 -6 24 1 51 51
544 12 742 500 -6 24 1 55 51
545 12 500 742 -6 24 1 55 51
546 12 609 742 6 -24 1 51 51
547 12 903 742 -6 24 0 55 51
548 12 742 903 6 -24 1 51 51
549 12 742 609 6 -24 1 51 55
550 12 903 742 6 -24 1 51 55
551 12 742 903 -6 24 0 55 55
552 12 903 742 -6 24 0 55 51
553 12 500 742 -6 24 0 55 51
554 12 500 742 6 -24 1 55 51
555 12 609 742 -6 24 1 51 55
556 12 742 500 -6 24 1 55 55
557 12 742 609 6 -24 1 55 55
558 12 742 500 -6 24 0 55 51
559 12 742 1100 6 -24 1 55 51
560 12 1100 742 6 -24 1 51 51
561 12 500 742 6 -24 0 51 55
562 12 742 1100 -6 24 0 55 55
563 12 1100 742 -6 24 1 51 55
564 12 903 742 -6 24 1 51 55
565 12 609 742 -6 24 0 55 51
566 12 1100 742 6 -24 0 55 55
567 12 500 742 -6 24 0 55 55
568 12 609 742 6 -24 1 51 55
569 12 609 742 -6 24 0 55 55
570 12 742 903 -6 24 1 51 51
571 12 742 609 -6 24 1 51 51
572 12 742 500 -6 24 1 55 51
573 12 1100 742 6 -24 1 51 51
574 12 742 609 6 -24 1 55 51
575 12 742 903 -6 24 0 51 51
576 12 742 903 -6 24 0 55 51
577 12 609 742 6 -24 0 55 55
578 12 742 1100 -6 24 1 55 51
579 12 500 742 6 -24 1 51 55
580 12 742 903 -6 24 0 55 55
581 12 742 500 6 -24 1 55 55
582 12 1100 742 -6 24 1 51 55
583 12 500 742 6 -24 0 55 55
584 12 742 609 6 -24 1 55 55
585 12 742 1100 6 -24 0 51 55
586 12 609 742 -6 24 0 55 55
587 12 742 500 6 -24 1 51 55
588 12 742 903 -6 24 1 51 55
589 12 742 903 -6 24 1 55 51
590 12 903 742 -6 24 0 55 55
591 12 742 1100 -6 24 1 55 55
592 12 742 1100 -6 24 1 51 51
593 12 742 500 -6 24 1 55 55
594 12 742 903 6 -24 1 51 51
595 12 742 609 6 -24 1 55 55
596 12 500 742 6 -24 1 55 51
597 12 903 742 6 -24 1 55 51
598 12 742 903 6 -24 0 51 51
599 12 609 742 -6 24 0 51 51
600 12 742 500 6 -24 1 55 55
601 12 1100 742 6 -24 0 51 51
602 12 500 742 6 -24 1 55 55
603 12 742 903 -6 24 0 55 55
604 12 609 742 6 -24 1 51 51
605 12 1100 742 6 -24 0 55 51
606 12 1100 742 6 -24 1 55 55
607 12 742 903 -6 24 0 51 55
608 12 609 742 6 -24 1 51 51
609 12 742 903 6 -24 1 51 51
610 12 609 742 -6 24 0 55 51
611 12 742 1100 -6 24 0 51 55
612 12 742 903 6 -24 1 55 51
613 12 1100 742 -6 24 0 51 55
614 12 742 500 -6 24 0 55 55
615 12 742 500 6 -24 1 51 51
616 12 742 1100 -6 24 1 55 55
617 12 742 903 -6 24 0 55 55
618 12 742 609 6 -24 0 51 51
619 12 742 500 -6 24 1 55 55
620 12 742 903 -6 24 1 55 55
621 12 1100 742 -6 24 1 51 51
622 12 500 742 -6 24 0 51 51
623 12 903 742 -6 24 0 51 55
624 12 609 742 -6 24 1 51 55
625 12 500 742 -6 24 0 55 51
626 12 742 903 6 -24 1 55 51
627 12 609 742 6 -24 1 55 55
628 12 742 1100 6 -24 0 55 55
629 12 742 1100 6 -24 0 51 51
630 12 1100 742 6 -24 1 51 51
631 12 742 903 -6 24 1 51 51
632 12 742 500 -6 24 1 55 51
633 12 500 742 6 -24 0 51 51
634 12 609 742 6 -24 1 55 51
635 12 742 903 6 -24 1 55 51
636 12 742 500 -6 24 0 55 51
637 12 609 742 -6 24 0 55 51
638 12 742 500 6 -24 1 51 51
639 12 742 500 -6 24 0 51 51
640 12 742 1100 -6 24 1 55 55
641 12 742 609 -6 24 0 55 51
642 12 1100 742 6 -24 1 51 51
643 12 742 1100 6 -24 1 55 55
644 12 903 742 6 -24 1 51 51
645 12 903 742 6 -24 1 51 51
646 12 742 1100 6 -24 0 51 55
647 12 742 1100 -6 24 0 51 55
648 12 1100 742 6 -24 1 55 51
649 12 500 742 6 -24 1 55 55
650 12 500 742 6 -24 1 51 51
651 12 742 609 -6 24 0 55 51
652 12 903 742 -6 24 0 51 51
653 12 742 609 6 -24 0 51 51
654 12 609 742 6 -24 1 51 51
655 12 742 609 -6 24 1 51 55
656 12 500 742 6 -24 1 55 55
657 12 742 903 -6 24 1 55 51
658 12 1100 742 6 -24 0 51 55
659 12 742 609 -6 24 0 51 51
660 12 1100 742 6 -24 1 55 55
661 12 903 742 -6 24 1 51 55
662 12 742 500 6 -24 0 55 55
663 12 742 500 6 -24 0 55 51
664 12 1100 742 -6 24 0 51 55
665 12 742 500 -6 24 0 55 51
666 12 742 903 6 -24 0 51 55
667 12 742 500 6 -24 1 51 55
668 12 742 500 6 -24 0 51 55
669 12 609 742 6 -24 0 55 55
670 12 500 742 -6 24 0 55 51
671 12 742 1100 -6 24 0 51 51
672 12 500 742 6 -24 1 51 51
673 12 609 742 6 -24 1 51 51
674 12 609 742 6 -24 1 51 51
675 12 742 500 -6 24 1 55 55
676 12 742 903 6 -24 1 51 51
677 8 1100 0 24 -12851 1 55 0
678 8 609 0 24 -12851 1 55 0
679 8 1100 0 -6 -12851 1 55 0
680 8 1100 0 -6 -12851 1 55 0
681 8 500 0 -6 -12851 1 55 0
682 8 500 0 -6 -12851 1 55 0
683 8 500 0 -24 -12851 1 55 0
684 8 609 0 -6 -12851 1 55 0
685 8 609 0 -6 -12851 0 55 0
686 8 903 0 24 -12851 1 55 0
687 8 609 0 6 -12851 1 55 0
688 8 903 0 -24 -12851 1 55 0
689 8 903 0 -24 -12851 1 55 0
690 8 1100 0 24 -12851 1 55 0
691 8 500 0 6 -12851 1 55 0
692 8 1100 0 6 -12851 1 55 0
693 8 1100 0 24 -12851 1 55 0
694 8 742 0 -24 -12851 1 55 0
695 8 742 0 -24 -12851 1 55 0
696 8 742 0 24 -12851 0 55 0
697 8 609 0 24 -12851 1 55 0
698 8 609 0 24 -12851 0 55 0
699 8 609 0 6 -12851 1 55 0
700 8 903 0 -6 -12851 1 55 0
701 8 1100 0 6 -12851 1 55 0
702 8 742 0 -6 -12851 1 55 0
703 8 742 0 6 -12851 1 55 0
704 8 742 0 -6 -12851 1 55 0
705 8 903 0 -24 -12851 1 55 0
706 8 903 0 -24 -12851 1 55 0
707 8 1100 0 6 -12851 1 55 0
708 8 609 0 6 -12851 0 55 0
709 8 500 0 -6 -12851 0 55 0
710 8 500 0 24 -12851 0 55 0
711 8 1100 0 -6 -12851 1 55 0
712 8 500 0 -6 -12851 1 55 0
713 8 609 0 -24 -12851 1 55 0
714 8 609 0 24 -12851 0 55 0
715 8 500 0 -24 -12851 0 55 0
716 8 742 0 -24 -12851 1 55 0
717 8 1100 0 24 -12851 1 55 0
718 8 903 0 6 -12851 1 55 0
719 8 609 0 6 -12851 1 55 0
720 8 500 0 -24 -12851 1 55 0
721 8 742 0 -24 -12851 1 55 0
722 8 742 0 6 -12851 0 55 0
723 8 903 0 -24 -12851 1 55 0
724 8 1100 0 -24 -12851 1 55 0
725 8 1100 0 24 -12851 0 55 0
726 8 609 0 -6 -12851 1 55 0
727 8 903 0 6 -12851 0 55 0
728 8 500 0 6 -12851 1 55 0
729 8 903 0 24 -12851 1 55 0
730 8 903 0 24 -12851 1 55 0
731 8 500 0 -6 -12851 0 55 0
732 8 742 0 -6 -12851 1 55 0
733 8 1100 0 6 -12851 1 55 0
734 8 1100 0 6 -12851 1 55 0
735 8 609 0 -24 -12851 1 55 0
736 8 903 0 6 -12851 1 55 0
737 8 500 0 6 -12851 1 55 0
738 8 609 0 24 -12851 1 55 0
739 8 609 0 -6 -12851 0 55 0
740 8 742 0 -6 -12851 1 55 0
741 8 1100 0 24 -12851 1 55 0
742 8 742 0 -24 -12851 1 55 0
743 8 500 0 -24 -12851 1 55 0
744 8 903 0 -6 -12851 0 55 0
745 8 500 0 24 -12851 1 55 0
746 8 500 0 6 -12851 1 55 0
747 8 1100 0 6 -12851 1 55 0
748 8 903 0 -6 -12851 1 55 0
749 8 609 0 6 -12851 1 55 0
750 8 903 0 -24 -12851 1 55 0
751 8 742 0 6 -12851 1 55 0
752 8 903 0 -6 -12851 0 55 0
753 8 500 0 -6 -12851 0 55 0
754 8 742 0 -24 -12851 1 55 0
755 8 609 0 24 -12851 1 55 0
756 8 609 0 -24 -12851 1 55 0
757 8 1100 0 24 -12851 1 55 0
758 8 500 0 24 -12851 0 55 0
759 8 742 0 -24 -12851 0 55 0
760 8 1100 0 -24 -12851 1 55 0
761 8 903 0 -24 -12851 1 55 0
762 8 903 0 -24 -12851 1 55 0
763 8 500 0 -6 -12851 1 55 0
764 8 500 0 24 -12851 0 55 0
765 8 609 0 -6 -12851 1 55 0
766 8 1100 0 6 -12851 1 55 0
767 8 742 0 -6 -12851 1 55 0
768 8 500 0 24 -12851 0 55 0
769 8 1100 0 6 -12851 1 55 0
770 8 1100 0 24 -12851 1 55 0
771 8 742 0 6 -12851 1 55 0
772 8 609 0 6 -12851 0 55 0
773 8 903 0 6 -12851 1 55 0
774 8 609 0 -24 -12851 1 55 0
775 8 903 0 -6 -12851 1 55 0
776 8 742 0 -6 -12851 1 55 0
777 8 609 0 -6 -12851 0 55 0
778 8 609 0 6 -12851 1 55 0
779 8 903 0 -24 -12851 1 55 0
780 8 903 0 -24 -12851 1 55 0
781 8 1100 0 24 -12851 0 55 0
782 8 903 0 6 -12851 1 55 0
783 8 500 0 24 -12851 0 55 0
784 8 1100 0 24 -12851 1 55 0
785 8 1100 0 6 -12851 1 55 0
786 8 500 0 6 -12851 0 55 0
787 8 500 0 -6 -12851 1 55 0
788 8 609 0 6 -12851 1 55 0
789 8 742 0 -24 -12851 1 55 0
790 8 742 0 -24 -12851 1 55 0
791 8 742 0 -6 -12851 0 55 0
792 8 609 0 6 -12851 0 55 0
793 8 1100 0 -24 -12851 0 55 0
794 8 1100 0 24 -12851 0 55 0
795 8 1100 0 -6 -12851 1 55 0
796 8 609 0 24 -12851 1 55 0
797 8 742 0 24 -12851 1 55 0
798 8 500 0 -6 -12851 1 55 0
799 8 1100 0 -6 -12851 0 55 0
800 8 609 0 -24 -12851 0 55 0
801 8 903 0 -24 -12851 1 55 0
802 8 500 0 24 -12851 0 55 0
803 8 500 0 -24 -12851 1 55 0
804 8 903 0 6 -12851 1 55 0
805 8 903 0 24 -12851 0 55 0
806 8 609 0 6 -12851 1 55 0
807 8 742 0 -6 -12851 0 55 0
808 8 742 0 24 -12851 0 55 0
809 8 742 0 -6 -12851 0 55 0
810 8 742 0 6 -12851 1 55 0
811 8 609 0 -6 -12851 1 55 0
812 8 609 0 -6 -12851 0 55 0
813 8 742 0 24 -12851 1 55 0
814 8 609 0 -24 -12851 1 55 0
815 8 1100 0 -24 -12851 1 55 0
816 8 903 0 24 -12851 0 55 0
817 8 500 0 -6 -12851 0 55 0
818 8 1100 0 6 -12851 0 55 0
819 8 500 0 24 -12851 1 55 0
820 8 903 0 -24 -12851 1 55 0
821 8 903 0 6 -12851 1 55 0
822 8 1100 0 6 -12851 1 55 0
823 8 742 0 -6 -12851 1 55 0
824 8 500 0 -24 -12851 0 55 0
825 8 742 0 -24 -12851 1 55 0
826 8 742 0 6 -12851 1 55 0
827 8 742 0 -24 -12851 1 55 0
828 8 903 0 24 -12851 1 55 0
829 8 609 0 24 -12851 1 55 0
830 8 903 0 24 -12851 1 55 0
831 8 1100 0 -24 -12851 0 55 0
832 8 903 0 -6 -12851 1 55 0
833 8 609 0 6 -12851 1 55 0
834 8 609 0 -6 -12851 1 55 0
835 8 742 0 -6 -12851 1 55 0
836 8 1100 0 6 -12851 1 55 0
837 8 1100 0 -24 -12851 0 55 0
838 8 500 0 -24 -12851 1 55 0
839 8 500 0 -24 -12851 1 55 0
840 8 500 0 24 -12851 1 55 0
841 8 903 0 -24 -12851 1 55 0
842 8 903 0 6 -12851 1 55 0
843 8 903 0 6 -12851 1 55 0
844 8 500 0 6 -12851 1 55 0
845 8 903 0 -6 -12851 1 55 0
846 8 609 0 -6 -12851 1 55 0
847 8 609 0 24 -12851 0 55 0
848 8 500 0 -6 -12851 1 55 0
849 8 1100 0 24 -12851 1 55 0
850 8 742 0 6 -12851 0 55 0
851 8 500 0 6 -12851 0 55 0
852 8 742 0 6 -12851 0 55 0
853 8 1100 0 6 -12851 1 55 0
854 8 1100 0 24 -12851 1 55 0
855 8 742 0 24 -12851 1 55 0
856 8 609 0 24 -12851 1 55 0
857 8 609 0 -6 -12851 1 55 0
858 8 609 0 -6 -12851 1 55 0
859 8 500 0 -6 -12851 1 55 0
860 8 742 0 -24 -12851 1 55 0
861 8 1100 0 -24 -12851 1 55 0
862 8 903 0 -24 -12851 1 55 0
863 8 609 0 -6 -12851 0 55 0
864 8 500 0 -6 -12851 1 55 0
865 8 742 0 -6 -12851 1 55 0
866 8 742 0 -24 -12851 1 55 0
867 8 903 0 -24 -12851 1 55 0
868 8 1100 0 24 -12851 1 55 0
869 8 1100 0 -24 -12851 1 55 0
870 8 609 0 6 -12851 1 55 0
871 8 903 0 -6 -12851 1 55 0
872 8 500 0 6 -12851 1 55 0
873 8 742 0 6 -12851 1 55 0
874 8 742 0 24 -12851 1 55 0
875 8 903 0 24 -12851 1 55 0
876 8 1100 0 6 -12851 1 55 0
877 8 500 0 6 -12851 1 55 0
878 8 742 0 6 -12851 1 55 0
879 8 1100 0 6 -12851 1 55 0
880 8 903 0 24 -12851 1 55 0
881 8 609 0 24 -12851 0 55 0
882 8 500 0 24 -12851 1 55 0
883 8 742 0 -6 -12851 1 55 0
884 8 500 0 -6 -12851 1 55 0
885 8 903 0 -6 -12851 1 55 0
886 8 609 0 -24 -12851 1 55 0
887 8 1100 0 -24 -12851 0 55 0
888 8 609 0 -24 -12851 0 55 0
889 8 903 0 -6 -12851 1 55 0
890 8 903 0 -6 -12851 0 55 0
891 8 609 0 -24 -12851 1 55 0
892 8 903 0 24 -12851 1 55 0
893 8 742 0 24 -12851 1 55 0
894 8 500 0 24 -12851 1 55 0
895 8 742 0 6 -12851 1 55 0
896 8 500 0 6 -12851 1 55 0
897 8 500 0 -6 -12851 1 55 0
898 8 742 0 -6 -12851 1 55 0
899 8 1100 0 -24 -12851 1 55 0
900 8 903 0 -24 -12851 1 55 0
901 8 609 0 6 -12851 1 55 0
902 8 609 0 6 -12851 1 55 0
903 8 1100 0 6 -12851 1 55 0
904 8 1100 0 -6 -12851 1 55 0
905 8 1100 0 -24 -12851 0 55 0
906 8 1100 0 6 -12851 1 55 0
907 8 903 0 -24 -12851 1 55 0
908 8 1100 0 -6 -12851 1 55 0
909 8 1100 0 -24 -12851 1 55 0
910 8 903 0 6 -12851 1 55 0
911 8 500 0 -6 -12851 1 55 0
912 8 609 0 24 -12851 1 55 0
913 8 903 0 24 -12851 1 55 0
914 8 609 0 24 -12851 1 55 0
915 8 500 0 -6 -12851 1 55 0
916 8 609 0 -6 -12851 0 55 0
917 8 500 0 24 -12851 1 55 0
918 8 742 0 -24 -12851 1 55 0
919 8 742 0 -6 -12851 1 55 0
920 8 742 0 -24 -12851 1 55 0
921 8 1100 0 -6 -12851 1 55 0
922 8 1100 0 24 -12851 1 55 0
923 8 500 0 -24 -12851 1 55 0
924 8 500 0 6 -12851 1 55 0
925 8 500 0 6 -12851 1 55 0
926 8 903 0 24 -12851 1 55 0
927 8 609 0 6 -12851 1 55 0
928 8 1100 0 -24 -12851 1 55 0
929 8 609 0 -24 -12851 0 55 0
930 8 1100 0 24 -12851 1 55 0
931 8 903 0 6 -12851 1 55 0
932 8 609 0 24 -12851 1 55 0
933 8 903 0 -6 -12851 1 55 0
934 8 742 0 -24 -12851 1 55 0
935 8 742 0 -6 -12851 1 55 0
936 8 742 0 -6 -12851 1 55 0
937 8 1100 0 -24 -12851 0 55 0
938 8 1100 0 24 -12851 1 55 0
939 8 903 0 6 -12851 1 55 0
940 8 903 0 6 -12851 1 55 0
941 8 500 0 -6 -12851 1 55 0
942 8 742 0 -6 -12851 1 55 0
943 8 609 0 -24 -12851 0 55 0
944 8 609 0 6 -12851 1 55 0
945 8 903 0 -24 -12851 0 55 0
946 8 500 0 -6 -12851 0 55 0
947 8 1100 0 24 -12851 0 55 0
948 8 1100 0 6 -12851 1 55 0
949 8 500 0 6 -12851 1 55 0
950 8 609 0 24 -12851 1 55 0
951 8 742 0 24 -12851 1 55 0
952 8 742 0 -6 -12851 1 55 0
953 8 903 0 -24 -12851 1 55 0
954 8 903 0 -24 -12851 1 55 0
955 8 1100 0 -24 -12851 1 55 0
956 8 609 0 -24 -12851 1 55 0
957 8 742 0 -6 -12851 1 55 0
958 8 609 0 -6 -12851 0 55 0
959 8 742 0 -6 -12851 1 55 0
960 8 1100 0 24 -12851 1 55 0
961 8 903 0 6 -12851 1 55 0
962 8 1100 0 -24 -12851 1 55 0
963 8 500 0 6 -12851 1 55 0
964 8 903 0 6 -12851 0 55 0
965 8 609 0 24 -12851 0 55 0
966 8 742 0 24 -12851 1 55 0
967 8 500 0 -6 -12851 0 55 0
968 8 500 0 -6 -12851 1 55 0
969 8 742 0 24 -12851 1 55 0
970 8 742 0 6 -12851 1 55 0
971 8 1100 0 -24 -12851 1 55 0
972 8 742 0 6 -12851 1 55 0
973 8 742 0 24 -12851 1 55 0
974 8 609 0 -24 -12851 0 55 0
975 8 1100 0 6 -12851 0 55 0
976 8 609 0 24 -12851 0 55 0
977 8 500 0 -6 -12851 0 55 0
978 8 609 0 -6 -12851 1 55 0
979 8 500 0 -24 -12851 1 55 0
980 8 500 0 -6 -12851 0 55 0
981 8 1100 0 -6 -12851 1 55 0
982 8 903 0 24 -12851 1 55 0
983 8 903 0 -24 -12851 1 55 0
984 8 903 0 -6 -12851 0 55 0
985 8 500 0 -24 -12851 1 55 0
986 8 500 0 -6 -12851 1 55 0
987 8 742 0 24 -12851 1 55 0
988 8 609 0 -24 -12851 0 55 0
989 8 1100 0 6 -12851 0 55 0
990 8 500 0 6 -12851 1 55 0
991 8 609 0 24 -12851 1 55 0
992 8 609 0 6 -12851 1 55 0
993 8 500 0 24 -12851 0 55 0
994 8 903 0 24 -12851 0 55 0
995 8 903 0 24 -12851 0 55 0
996 8 1100 0 -24 -12851 1 55 0
997 8 1100 0 6 -12851 1 55 0
998 8 742 0 -24 -12851 0 55 0
999 8 903 0 -6 -12851 1 55 0
1000 8 742 0 -24 -12851 0 55 0
1001 8 609 0 24 -12851 1 55 0
1002 8 609 0 -6 -12851 1 55 0
1003 8 609 0 6 -12851 1 55 0
1004 8 903 0 6 -12851 1 55 0
1005 8 1100 0 -6 -12851 1 55 0
1006 8 742 0 24 -12851 0 55 0
1007 8 742 0 24 -12851 1 55 0
1008 8 742 0 -24 -12851 1 55 0
1009 8 903 0 6 -12851 1 55 0
1010 8 903 0 -24 -12851 1 55 0
1011 8 1100 0 6 -12851 1 55 0
1012 8 609 0 -24 -12851 1 55 0
1013 8 500 0 -6 -12851 1 55 0
1014 8 500 0 -6 -12851 1 55 0
1015 8 1100 0 24 -12851 0 55 0
1016 8 500 0 6 -12851 1 55 0
1017 8 500 0 -6 -12851 1 55 0
1018 8 500 0 24 -12851 0 55 0
1019 8 742 0 6 -12851 1 55 0
1020 8 742 0 6 -12851 1 55 0
1021 8 500 0 -24 -12851 0 55 0
1022 8 742 0 24 -12851 1 55 0
1023 8 1100 0 -24 -12851 1 55 0
1024 8 1100 0 -6 -12851 1 55 0
1025 8 1100 0 24 -12851 1 55 0
1026 8 609 0 -24 -12851 0 55 0
1027 8 903 0 -6 -12851 1 55 0
1028 8 500 0 -6 -12851 1 55 0
1029 8 903 0 24 -12851 1 55 0
1030 8 903 0 6 -12851 0 55 0
1031 8 609 0 6 -12851 1 55 0
1032 8 609 0 6 -12851 1 55 0
1033 8 609 0 6 -12851 1 55 0
1034 8 609 0 6 -12851 1 55 0
1035 8 1100 0 6 -12851 1 55 0
1036 8 742 0 24 -12851 1 55 0
1037 8 903 0 24 -12851 1 55 0
1038 8 500 0 24 -12851 1 55 0
1039 8 609 0 -6 -12851 1 55 0
1040 8 500 0 -6 -12851 0 55 0
1041 8 903 0 -6 -12851 1 55 0
1042 8 1100 0 -24 -12851 1 55 0
1043 8 742 0 -24 -12851 1 55 0
1044 8 500 0 -24 -12851 1 55 0
1045 8 1100 0 -24 -12851 1 55 0
1046 8 609 0 -24 -12851 1 55 0
1047 8 742 0 -24 -12851 1 55 0
1048 8 903 0 -24 -12851 0 55 0
1049 8 903 0 -6 -12851 1 55 0
1050 8 903 0 6 -12851 1 55 0
1051 8 609 0 6 -12851 1 55 0
1052 8 903 0 6 -12851 1 55 0
1053 8 742 0 -6 -12851 0 55 0
1054 8 500 0 -6 -12851 1 55 0
1055 8 742 0 24 -12851 0 55 0
1056 8 500 0 24 -12851 0 55 0
1057 8 500 0 24 -12851 0 55 0
1058 8 742 0 24 -12851 1 55 0
1059 8 1100 0 24 -12851 1 55 0
1060 8 903 0 24 -12851 1 55 0
1061 8 609 0 -6 -12851 1 55 0
1062 8 609 0 6 -12851 1 55 0
1063 8 1100 0 6 -12851 1 55 0
1064 8 1100 0 6 -12851 1 55 0
1065 8 609 0 -24 -12851 0 55 0
1066 8 609 0 -6 -12851 1 55 0
1067 8 1100 0 -6 -12851 0 55 0
1068 8 742 0 24 -12851 1 55 0
1069 8 742 0 -24 -12851 1 55 0
1070 8 500 0 -24 -12851 1 55 0
1071 8 742 0 -6 -12851 1 55 0
1072 8 1100 0 -6 -12851 1 55 0
1073 8 903 0 -24 -12851 0 55 0
1074 8 1100 0 6 -12851 0 55 0
1075 8 903 0 -6 -12851 1 55 0
1076 8 609 0 -6 -12851 1 55 0
1077 8 903 0 -24 -12851 1 55 0
1078 8 609 0 24 -12851 1 55 0
1079 8 500 0 6 -12851 1 55 0
1080 8 500 0 6 -12851 1 55 0
1081 8 742 0 -24 -12851 0 55 0
1082 8 742 0 24 -12851 1 55 0
1083 8 742 0 24 -12851 1 55 0
1084 8 609 0 24 -12851 1 55 0
1085 8 903 0 24 -12851 1 55 0
1086 8 903 0 24 -12851 1 55 0
1087 8 903 0 6 -12851 1 55 0
1088 8 609 0 -24 -12851 1 55 0
1089 8 500 0 -6 -12851 1 55 0
1090 8 609 0 -6 -12851 1 55 0
1091 8 500 0 -24 -12851 0 55 0
1092 8 742 0 6 -12851 1 55 0
1093 8 500 0 6 -12851 0 55 0
1094 8 1100 0 24 -12851 0 55 0
1095 8 1100 0 -24 -12851 1 55 0
1096 8 1100 0 -6 -12851 1 55 0
1097 8 742 0 -24 -12851 1 55 0
1098 8 742 0 -24 -12851 0 55 0
1099 8 742 0 24 -12851 0 55 0
1100 8 742 0 6 -12851 1 55 0
1101 8 500 0 24 -12851 0 55 0
1102 8 609 0 24 -12851 1 55 0
1103 8 903 0 -24 -12851 1 55 0
1104 8 500 0 -6 -12851 1 55 0
1105 8 903 0 -6 -12851 1 55 0
1106 8 1100 0 6 -12851 1 55 0
1107 8 903 0 -6 -12851 1 55 0
1108 8 500 0 -24 -12851 1 55 0
1109 8 1100 0 6 -12851 1 55 0
1110 8 609 0 24 -12851 1 55 0
1111 8 1100 0 24 -12851 1 55 0
1112 8 609 0 24 -12851 1 55 0
1113 8 742 0 24 -12851 0 55 0
1114 8 742 0 6 -12851 1 55 0
1115 8 742 0 6 -12851 1 55 0
1116 8 609 0 6 -12851 1 55 0
1117 8 903 0 -6 -12851 1 55 0
1118 8 903 0 -6 -12851 0 55 0
1119 8 903 0 -6 -12851 1 55 0
1120 8 609 0 -24 -12851 0 55 0
1121 8 500 0 -24 -12851 0 55 0
1122 8 609 0 -24 -12851 0 55 0
1123 8 500 0 24 -12851 0 55 0
1124 8 742 0 24 -12851 1 55 0
1125 8 500 0 24 -12851 1 55 0
1126 8 1100 0 24 -12851 0 55 0
1127 8 1100 0 6 -12851 1 55 0
1128 8 1100 0 6 -12851 1 55 0
1129 8 1100 0 6 -12851 1 55 0
1130 8 1100 0 -6 -12851 1 55 0
1131 8 1100 0 -6 -12851 1 55 0
1132 8 500 0 -6 -12851 1 55 0
1133 8 609 0 -24 -12851 0 55 0
1134 8 1100 0 -24 -12851 0 55 0
1135 8 609 0 -24 -12851 0 55 0
1136 8 903 0 24 -12851 1 55 0
1137 8 742 0 24 -12851 0 55 0
1138 8 742 0 6 -12851 0 55 0
1139 8 609 0 24 -12851 0 55 0
1140 8 500 0 6 -12851 0 55 0
1141 8 903 0 24 -12851 1 55 0
1142 8 903 0 -24 -12851 1 55 0
1143 8 500 0 -24 -12851 0 55 0
1144 8 742 0 -6 -12851 1 55 0
1145 8 609 0 -6 -12851 1 55 0
1146 8 609 0 -6 -12851 1 55 0
1147 8 1100 0 6 -12851 1 55 0
1148 8 742 0 -24 -12851 1 55 0
1149 8 742 0 24 -12851 1 55 0
1150 8 500 0 24 -12851 1 55 0
1151 8 742 0 24 -12851 1 55 0
1152 8 1100 0 24 -12851 1 55 0
1153 8 903 0 6 -12851 1 55 0
1154 8 1100 0 6 -12851 1 55 0
1155 8 903 0 6 -12851 1 55 0
1156 8 609 0 -6 -12851 0 55 0
1157 8 903 0 -6 -12851 1 55 0
1158 8 609 0 -6 -12851 1 55 0
1159 8 500 0 -24 -12851 0 55 0
1160 8 500 0 -24 -12851 0 55 0
1161 8 1100 0 -24 -12851 1 55 0
1162 8 1100 0 -24 -12851 1 55 0
1163 8 742 0 -24 -12851 1 55 0
1164 8 903 0 -24 -12851 0 55 0
1165 8 1100 0 6 -12851 1 55 0
1166 8 609 0 -24 -12851 1 55 0
1167 8 1100 0 -6 -12851 1 55 0
1168 8 609 0 6 -12851 0 55 0
1169 8 903 0 24 -12851 0 55 0
1170 8 903 0 24 -12851 0 55 0
1171 8 500 0 -6 -12851 0 55 0
1172 8 500 0 6 -12851 0 55 0
1173 8 500 0 -6 -12851 1 55 0
1174 8 609 0 24 -12851 1 55 0
1175 8 742 0 -24 -12851 1 55 0
1176 8 742 0 -24 -12851 1 55 0
1177 8 903 0 24 -12851 1 55 0
1178 8 903 0 6 -12851 0 55 0
1179 8 500 0 -6 -12851 0 55 0
1180 8 742 0 -6 -12851 1 55 0
1181 8 742 0 24 -12851 1 55 0
1182 8 742 0 24 -12851 1 55 0
1183 8 903 0 -24 -12851 0 55 0
1184 8 609 0 -6 -12851 1 55 0
1185 8 903 0 6 -12851 1 55 0
1186 8 500 0 6 -12851 0 55 0
1187 8 1100 0 -24 -12851 0 55 0
1188 8 1100 0 -24 -12851 0 55 0
1189 8 609 0 -24 -12851 1 55 0
1190 8 500 0 24 -12851 0 55 0
1191 8 609 0 -6 -12851 0 55 0
1192 8 1100 0 24 -12851 1 55 0
1193 8 609 0 6 -12851 1 55 0
1194 8 609 0 -24 -12851 1 55 0
1195 8 1100 0 -6 -12851 1 55 0
1196 8 609 0 6 -12851 1 55 0
1197 8 609 0 24 -12851 0 55 0
1198 8 1100 0 6 -12851 1 55 0
1199 8 1100 0 -24 -12851 0 55 0
1200 8 903 0 -6 -12851 0 55 0
1201 8 500 0 6 -12851 0 55 0
1202 8 742 0 6 -12851 0 55 0
1203 8 903 0 -6 -12851 0 55 0
1204 8 903 0 -24 -12851 0 55 0
1205 8 500 0 -24 -12851 0 55 0
1206 8 742 0 6 -12851 1 55 0
1207 8 500 0 -24 -12851 0 55 0
1208 8 742 0 -6 -12851 0 55 0
1209 8 609 0 6 -12851 0 55 0
1210 8 609 0 -6 -12851 0 55 0
1211 8 500 0 24 -12851 0 55 0
1212 8 742 0 24 -12851 1 55 0
1213 8 1100 0 24 -12851 1 55 0
1214 8 903 0 24 -12851 1 55 0
1215 8 609 0 24 -12851 0 55 0
1216 8 500 0 -24 -12851 1 55 0
1217 8 742 0 6 -12851 1 55 0
1218 8 742 0 -24 -12851 0 55 0
1219 8 903 0 6 -12851 1 55 0
1220 8 1100 0 -24 -12851 1 55 0
1221 8 1100 0 -6 -12851 0 55 0
1222 8 609 0 -6 -12851 0 55 0
1223 8 903 0 24 -12851 0 55 0
1224 8 500 0 6 -12851 0 55 0
1225 8 1100 0 -6 -12851 0 55 0
1226 8 1100 0 24 -12851 1 55 0
1227 8 1100 0 6 -12851 1 55 0
1228 8 609 0 6 -12851 0 55 0
1229 8 742 0 -6 -12851 1 55 0
1230 8 500 0 6 -12851 1 55 0
1231 8 1100 0 -24 -12851 1 55 0
1232 8 609 0 -24 -12851 1 55 0
1233 8 903 0 -6 -12851 1 55 0
1234 8 500 0 6 -12851 1 55 0
1235 8 500 0 -24 -12851 0 55 0
1236 8 903 0 24 -12851 1 55 0
1237 8 903 0 -6 -12851 0 55 0
1238 8 609 0 24 -12851 0 55 0
1239 8 742 0 24 -12851 0 55 0
1240 8 742 0 24 -12851 0 55 0
1241 8 609 0 24 -12851 0 55 0
1242 8 609 0 6 -12851 0 55 0
1243 8 500 0 24 -12851 0 55 0
1244 8 903 0 -24 -12851 1 55 0
1245 8 500 0 6 -12851 1 55 0
1246 8 500 0 6 -12851 0 55 0
1247 8 609 0 24 -12851 0 55 0
1248 8 1100 0 -6 -12851 1 55 0
1249 8 742 0 -24 -12851 1 55 0
1250 8 609 0 -6 -12851 1 55 0
1251 8 742 0 -24 -12851 1 55 0
1252 8 742 0 -6 -12851 1 55 0
1253 8 903 0 -24 -12851 0 55 0
1254 8 903 0 -24 -12851 0 55 0
1255 8 1100 0 24 -12851 0 55 0
1256 8 1100 0 6 -12851 0 55 0
1257 8 609 0 24 -12851 0 55 0
1258 8 609 0 24 -12851 0 55 0
1259 8 903 0 -24 -12851 0 55 0
1260 8 500 0 -6 -12851 0 55 0
1261 8 742 0 -6 -12851 0 55 0
1262 8 1100 0 6 -12851 0 55 0
1263 8 500 0 -6 -12851 0 55 0
1264 8 742 0 -24 -12851 0 55 0
1265 8 500 0 6 -12851 1 55 0
1266 8 1100 0 -6 -12851 1 55 0
1267 8 903 0 -6 -12851 1 55 0
1268 8 903 0 -24 -12851 1 55 0
1269 8 1100 0 6 -12851 1 55 0
1270 8 609 0 -24 -12851 1 55 0
1271 8 609 0 -6 -12851 1 55 0
1272 8 742 0 24 -12851 1 55 0
1273 8 609 0 6 -12851 0 55 0
1274 8 609 0 6 -12851 0 55 0
1275 8 903 0 24 -12851 0 55 0
1276 8 500 0 24 -12851 0 55 0
1277 8 903 0 -6 -12851 0 55 0
1278 8 742 0 -24 -12851 0 55 0
1279 8 1100 0 6 -12851 0 55 0
1280 8 500 0 6 -12851 0 55 0
1281 8 1100 0 -24 -12851 0 55 0
1282 8 1100 0 24 -12851 0 55 0
1283 8 903 0 -24 -12851 1 55 0
1284 8 742 0 -6 -12851 1 55 0
1285 8 500 0 24 -12851 0 55 0
1286 8 609 0 -24 -12851 0 55 0
1287 8 609 0 -6 -12851 0 55 0
1288 8 742 0 -6 -12851 0 55 0
1289 8 1100 0 24 -12851 0 55 0
1290 8 1100 0 6 -12851 0 55 0
1291 8 903 0 6 -12851 0 55 0
1292 8 609 0 -24 -12851 0 55 0
1293 8 609 0 -24 -12851 0 55 0
1294 8 903 0 6 -12851 1 55 0
1295 8 903 0 -24 -12851 1 55 0
1296 8 1100 0 -6 -12851 1 55 0
1297 8 609 0 -6 -12851 1 55 0
1298 8 500 0 6 -12851 1 55 0
1299 8 1100 0 -6 -12851 1 55 0
1300 8 500 0 -24 -12851 1 55 0
1301 8 500 0 24 -12851 1 55 0
1302 8 742 0 6 -12851 1 55 0
1303 8 742 0 24 -12851 1 55 0
1304 8 742 0 24 -12851 1 55 0
1305 8 742 0 6 -12851 1 55 0
1306 8 742 0 6 -12851 1 55 0
1307 8 903 0 -24 -12851 0 55 0
1308 8 609 0 -6 -12851 1 55 0
1309 8 742 0 -6 -12851 1 55 0
1310 8 1100 0 -6 -12851 0 55 0
1311 8 609 0 6 -12851 0 55 0
1312 8 1100 0 -24 -12851 1 55 0
1313 8 609 0 -24 -12851 0 55 0
1314 8 742 0 24 -12851 0 55 0
1315 8 1100 0 6 -12851 0 55 0
1316 8 903 0 24 -12851 0 55 0
1317 8 500 0 24 -12851 0 55 0
1318 8 500 0 -24 -12851 0 55 0
1319 8 500 0 -24 -12851 1 55 0
1320 8 903 0 -24 -12851 1 55 0
1321 8 903 0 -6 -12851 1 55 0
1322 8 903 0 -24 -12851 0 55 0
1323 8 1100 0 -6 -12851 0 55 0
1324 8 500 0 24 -12851 0 55 0
1325 8 742 0 24 -12851 0 55 0
