259 8 903 0 24 -12851 0 55 0
260 8 609 0 24 -12851 0 55 0
261 12 500 742 -6 24 1 55 51
262 8 500 0 24 -12851 1 60 0
263 12 903 742 -6 24 1 51 51
264 12 1100 742 -6 24 1 51 55
265 8 500 0 -24 -12851 0 55 0
266 8 903 0 -24 -12851 0 55 0
267 12 500 742 -6 24 0 51 51
268 8 742 0 24 -12851 1 60 0
269 8 742 0 -24 -12851 0 55 0
270 12 742 609 -6 24 0 51 55
271 12 742 609 6 -24 0 51 51
272 12 609 742 6 -24 0 51 51
273 8 1100 0 -6 -12851 0 55 0
274 12 609 742 6 -24 0 55 55
275 12 742 1100 -6 24 0 51 51
276 8 903 0 24 -12851 1 55 0
277 8 903 0 -6 -12851 0 60 0
278 8 609 0 6 -12851 0 60 0
279 8 903 0 -24 -12851 0 60 0
280 12 742 1100 -6 24 0 51 55
281 12 742 609 6 -24 0 55 55
282 12 742 903 -6 24 0 51 51
283 8 742 0 -24 -12851 0 55 0
284 8 609 0 24 -12851 0 55 0
285 12 903 742 -6 24 0 55 55
286 8 500 0 24 -12851 0 55 0
287 12 903 742 6 -24 0 55 55
288 8 1100 0 6 -12851 0 55 0
289 12 609 742 -6 24 0 51 51
290 12 742 500 6 -24 0 51 55
291 12 903 742 6 -24 0 51 51
292 12 1100 742 6 -24 0 55 55
293 8 500 0 -6 -12851 0 55 0
294 8 609 0 -24 -12851 1 60 0
295 8 500 0 6 -12851 1 55 0
296 8 1100 0 -24 -12851 0 55 0
297 12 903 742 -6 24 1 55 55
298 12 742 609 -6 24 0 55 51
299 8 742 0 -6 -12851 0 55 0
300 12 742 1100 -6 24 0 51 55
301 8 1100 0 6 -12851 0 60 0
302 12 742 903 6 -24 0 55 51
303 12 500 742 -6 24 1 55 55
304 8 1100 0 24 -12851 1 55 0
305 8 903 0 -6 -12851 1 60 0
306 8 500 0 24 -12851 1 60 0
307 8 609 0 6 -12851 1 55 0
308 8 500 0 6 -12851 0 55 0
309 8 500 0 24 -12851 0 60 0
310 8 1100 0 6 -12851 1 60 0
311 8 609 0 -6 -12851 1 55 0
312 12 1100 742 6 -24 1 55 55
313 12 500 742 6 -24 1 55 51
314 8 742 0 24 -12851 1 55 0
315 8 742 0 24 -12851 1 55 0
316 12 742 609 -6 24 1 55 55
317 8 609 0 6 -12851 0 55 0
318 8 742 0 -6 -12851 1 60 0
319 12 742 500 6 -24 1 51 51
320 12 742 500 6 -24 1 51 55
321 8 903 0 6 -12851 1 55 0
322 8 1100 0 24 -12851 1 55 0
323 8 903 0 -24 -12851 1 55 0
324 8 742 0 -6 -12851 1 55 0
325 12 609 742 -6 24 0 55 51
326 12 1100 742 -6 24 1 55 51
327 8 742 0 -6 -12851 0 60 0
328 8 742 0 24 -12851 1 60 0
329 12 742 500 -6 24 1 55 55
330 12 903 742 -6 24 1 55 55
331 8 742 0 6 -12851 1 60 0
332 8 1100 0 6 -12851 1 55 0
333 12 742 500 6 -24 0 51 55
334 8 500 0 -6 -12851 0 55 0
335 12 609 742 6 -24 1 51 51
336 8 500 0 6 -12851 1 55 0
337 8 1100 0 24 -12851 1 55 0
338 8 500 0 6 -12851 1 60 0
339 8 1100 0 24 -12851 0 55 0
340 8 903 0 6 -12851 1 60 0
341 8 609 0 6 -12851 0 55 0
342 8 609 0 -24 -12851 0 60 0
343 8 609 0 24 -12851 0 60 0
344 12 742 1100 6 -24 0 51 51
345 8 903 0 6 -12851 0 55 0
346 8 903 0 24 -12851 1 55 0
347 12 1100 742 6 -24 1 55 55
348 12 609 742 6 -24 0 51 55
349 12 609 742 6 -24 0 55 55
350 8 742 0 6 -12851 0 60 0
351 12 609 742 -6 24 1 51 55
352 12 1100 742 6 -24 1 55 55
353 8 742 0 -24 -12851 1 55 0
354 12 500 742 6 -24 0 55 55
355 8 903 0 -24 -12851 1 60 0
356 12 742 500 -6 24 0 51 55
357 12 742 903 6 -24 0 55 51
358 12 742 1100 6 -24 1 51 51
359 8 609 0 24 -12851 1 60 0
360 12 903 742 -6 24 0 55 55
361 12 742 609 -6 24 1 51 51
362 8 500 0 24 -12851 1 60 0
363 8 609 0 -24 -12851 1 55 0
364 8 742 0 -24 -12851 1 55 0
365 8 609 0 6 -12851 1 55 0
366 12 1100 742 6 -24 1 55 55
367 8 742 0 -24 -12851 0 60 0
368 8 1100 0 6 -12851 1 55 0
369 8 1100 0 6 -12851 1 60 0
370 8 1100 0 -6 -12851 0 55 0
371 8 903 0 24 -12851 0 60 0
372 8 500 0 -24 -12851 0 55 0
373 8 500 0 -6 -12851 1 55 0
374 12 500 742 -6 24 0 55 55
375 8 903 0 -24 -12851 0 55 0
376 12 1100 742 6 -24 1 51 51
377 12 742 609 -6 24 1 51 51
378 8 742 0 -6 -12851 0 60 0
379 8 742 0 6 -12851 1 55 0
380 8 500 0 6 -12851 1 55 0
381 12 500 742 6 -24 1 51 51
382 8 500 0 -24 -12851 1 55 0
383 8 1100 0 24 -12851 0 55 0
384 12 500 742 -6 24 1 51 51
385 8 903 0 24 -12851 1 55 0
386 8 1100 0 -24 -12851 1 55 0
387 8 609 0 -6 -12851 1 60 0
388 8 500 0 24 -12851 1 55 0
389 8 1100 0 6 -12851 1 60 0
390 12 742 903 6 -24 1 55 51
391 12 742 609 6 -24 0 51 55
392 12 742 500 6 -24 1 55 51
393 8 903 0 6 -12851 1 55 0
394 12 742 500 -6 24 1 55 51
395 8 609 0 6 -12851 1 55 0
396 12 903 742 6 -24 0 51 51
397 12 1100 742 6 -24 0 51 55
398 8 903 0 24 -12851 1 60 0
399 8 609 0 24 -12851 1 60 0
400 8 742 0 -24 -12851 0 55 0
401 8 742 0 6 -12851 0 60 0
402 12 609 742 6 -24 0 55 55
403 8 742 0 -24 -12851 1 60 0
404 8 742 0 -24 -12851 1 60 0
405 8 500 0 24 -12851 0 55 0
406 8 1100 0 24 -12851 0 55 0
407 8 742 0 -6 -12851 0 60 0
408 8 609 0 -24 -12851 1 55 0
409 12 903 742 6 -24 0 55 51
410 8 1100 0 24 -12851 0 60 0
411 8 500 0 24 -12851 1 55 0
412 12 500 742 6 -24 1 55 55
413 8 1100 0 6 -12851 1 55 0
414 8 903 0 6 -12851 1 55 0
415 8 903 0 -24 -12851 1 55 0
416 8 609 0 24 -12851 1 60 0
417 12 500 742 -6 24 0 55 55
418 8 742 0 6 -12851 0 55 0
419 8 500 0 6 -12851 0 60 0
420 12 609 742 -6 24 1 55 55
421 8 903 0 -24 -12851 1 60 0
422 8 609 0 6 -12851 1 60 0
423 8 1100 0 6 -12851 1 55 0
424 8 1100 0 -6 -12851 1 60 0
425 8 1100 0 -24 -12851 1 55 0
426 12 903 742 6 -24 1 51 51
427 12 500 742 6 -24 1 51 51
428 12 609 742 6 -24 1 51 55
429 12 742 903 6 -24 1 51 51
430 8 1100 0 -6 -12851 1 60 0
431 12 742 500 -6 24 0 51 51
432 12 1100 742 -6 24 1 55 51
433 12 903 742 -6 24 1 55 55
434 12 742 609 6 -24 1 55 55
435 12 742 903 6 -24 1 55 55
436 12 742 500 -6 24 1 55 55
437 8 903 0 24 -12851 1 55 0
438 12 742 1100 -6 24 0 51 55
439 8 609 0 -24 -12851 0 55 0
440 12 742 903 6 -24 1 55 51
441 12 742 500 -6 24 1 55 55
442 8 609 0 24 -12851 1 55 0
443 12 609 742 6 -24 1 51 51
444 8 903 0 6 -12851 1 60 0
445 8 903 0 -24 -12851 0 60 0
446 12 1100 742 -6 24 1 55 51
447 8 742 0 -24 -12851 0 60 0
448 12 742 500 6 -24 0 51 55
449 12 742 903 -6 24 0 55 51
450 8 500 0 -24 -12851 1 60 0
451 12 742 903 -6 24 1 55 55
452 8 742 0 6 -12851 0 60 0
453 12 609 742 -6 24 1 55 55
454 8 742 0 -24 -12851 0 60 0
455 8 500 0 -6 -12851 1 60 0
456 8 500 0 -6 -12851 1 55 0
457 8 609 0 -6 -12851 1 55 0
458 8 903 0 -24 -12851 1 60 0
459 12 903 742 6 -24 0 55 51
460 8 903 0 24 -12851 1 60 0
461 8 609 0 -6 -12851 0 55 0
462 12 1100 742 -6 24 1 55 51
463 8 1100 0 -24 -12851 1 55 0
464 8 609 0 6 -12851 0 55 0
465 12 742 609 6 -24 0 55 55
466 8 903 0 -24 -12851 1 55 0
467 8 903 0 24 -12851 1 60 0
468 12 609 742 -6 24 1 55 55
469 8 1100 0 -6 -12851 1 60 0
470 12 1100 742 6 -24 0 55 51
471 12 742 500 -6 24 0 51 55
472 8 500 0 24 -12851 1 55 0
473 8 609 0 6 -12851 0 55 0
474 8 1100 0 -24 -12851 0 60 0
475 12 903 742 6 -24 0 55 55
476 12 1100 742 -6 24 0 55 51
477 12 1100 742 6 -24 0 51 51
478 12 742 500 6 -24 0 55 55
479 8 742 0 -6 -12851 0 60 0
480 12 500 742 6 -24 0 55 55
481 12 609 742 -6 24 0 51 51
482 8 742 0 -24 -12851 0 60 0
483 8 742 0 24 -12851 0 55 0
484 12 609 742 6 -24 0 55 55
485 8 500 0 -6 -12851 1 55 0
486 8 500 0 24 -12851 0 55 0
487 8 1100 0 6 -12851 1 55 0
488 8 1100 0 24 -12851 1 60 0
489 8 1100 0 -6 -12851 1 55 0
490 8 1100 0 -6 -12851 1 60 0
491 8 742 0 24 -12851 1 55 0
492 8 742 0 6 -12851 1 60 0
493 12 609 742 -6 24 0 51 51
494 8 742 0 6 -12851 1 60 0
495 12 742 609 6 -24 0 55 55
496 12 609 742 -6 24 0 51 55
497 12 742 500 -6 24 0 51 51
498 8 609 0 -6 -12851 0 55 0
499 12 1100 742 -6 24 0 55 55
500 12 609 742 6 -24 0 55 55
501 8 609 0 -6 -12851 0 60 0
502 8 500 0 6 -12851 0 55 0
503 12 609 742 6 -24 0 55 51
504 12 742 500 6 -24 0 55 55
505 8 609 0 -24 -12851 1 60 0
506 8 500 0 24 -12851 1 55 0
507 12 742 609 6 -24 1 55 51
508 8 903 0 -24 -12851 0 55 0
509 8 903 0 -6 -12851 1 60 0
510 8 903 0 -6 -12851 1 60 0
511 12 742 1100 6 -24 1 55 55
512 8 500 0 -24 -12851 0 55 0
513 8 1100 0 -6 -12851 1 55 0
514 12 742 903 6 -24 1 55 51
515 12 742 1100 -6 24 1 55 51
516 8 1100 0 6 -12851 1 55 0
517 12 1100 742 -6 24 0 55 51
518 12 500 742 -6 24 0 51 51
519 12 742 1100 6 -24 0 55 51
520 12 742 500 6 -24 0 55 51
521 8 1100 0 6 -12851 1 55 0
522 8 500 0 -24 -12851 0 60 0
523 8 1100 0 -24 -12851 1 55 0
524 8 903 0 -6 -12851 0 55 0
525 8 609 0 -6 -12851 0 55 0
526 8 903 0 -6 -12851 1 60 0
527 12 500 742 6 -24 1 55 51
528 8 903 0 -24 -12851 1 55 0
529 8 742 0 6 -12851 0 60 0
530 12 742 1100 6 -24 1 55 55
531 12 742 500 6 -24 1 51 51
532 8 500 0 -24 -12851 1 55 0
533 12 742 500 6 -24 0 55 51
534 8 500 0 6 -12851 1 55 0
535 8 742 0 -6 -12851 1 55 0
536 8 742 0 6 -12851 0 60 0
537 12 500 742 -6 24 1 51 51
538 8 609 0 24 -12851 1 60 0
539 12 609 742 6 -24 1 51 55
540 8 609 0 -24 -12851 1 55 0
541 12 742 1100 -6 24 0 55 51
542 8 1100 0 -6 -12851 0 60 0
543 8 1100 0 6 -12851 1 55 0
544 8 903 0 24 -12851 1 55 0
545 8 1100 0 -6 -12851 0 55 0
546 12 903 742 6 -24 1 55 55
547 12 742 1100 6 -24 0 51 55
548 8 903 0 -6 -12851 0 55 0
549 8 500 0 -24 -12851 0 60 0
550 8 500 0 6 -12851 0 60 0
551 12 742 1100 6 -24 0 51 55
552 8 903 0 -24 -12851 0 55 0
553 8 609 0 24 -12851 0 60 0
554 12 742 500 -6 24 0 51 51
555 8 742 0 -6 -12851 1 55 0
556 12 609 742 6 -24 0 51 55
557 12 609 742 -6 24 0 51 51
558 8 1100 0 -24 -12851 1 55 0
559 8 500 0 -24 -12851 0 60 0
560 8 742 0 -24 -12851 0 60 0
561 12 742 903 -6 24 0 51 55
562 12 1100 742 6 -24 0 51 55
563 8 742 0 -6 -12851 1 55 0
564 12 742 903 6 -24 1 55 55
565 8 609 0 24 -12851 0 60 0
566 12 609 742 -6 24 1 51 51
567 8 609 0 -24 -12851 0 55 0
568 12 742 609 -6 24 0 51 51
569 12 1100 742 6 -24 0 51 55
570 12 903 742 -6 24 0 55 55
571 12 903 742 -6 24 0 51 55
572 8 1100 0 -24 -12851 0 60 0
573 12 742 609 6 -24 0 51 55
574 12 742 609 -6 24 0 51 55
575 8 1100 0 -6 -12851 0 55 0
576 12 903 742 6 -24 0 55 55
577 12 742 1100 -6 24 0 51 51
578 12 742 903 -6 24 0 55 55
579 8 500 0 -24 -12851 0 55 0
580 12 742 609 6 -24 0 51 51
581 8 742 0 24 -12851 0 60 0
582 12 903 742 -6 24 0 55 51
583 8 742 0 6 -12851 0 60 0
584 12 742 609 -6 24 0 51 51
585 12 500 742 6 -24 0 55 55
586 8 609 0 6 -12851 0 60 0
587 12 500 742 6 -24 0 51 55
588 8 500 0 6 -12851 0 60 0
589 8 742 0 -6 -12851 0 55 0
590 12 742 500 6 -24 0 55 51
591 12 500 742 -6 24 0 55 51
592 12 742 1100 -6 24 0 51 55
593 8 1100 0 6 -12851 0 55 0
594 8 500 0 -6 -12851 0 55 0
595 8 903 0 -6 -12851 0 60 0
596 8 1100 0 6 -12851 0 60 0
597 12 742 1100 6 -24 0 51 55
598 8 903 0 24 -12851 0 60 0
599 12 1100 742 -6 24 0 51 55
600 8 903 0 -6 -12851 0 55 0
601 12 742 903 6 -24 0 55 55
602 12 500 742 6 -24 0 55 51
603 8 609 0 -6 -12851 0 60 0
604 8 609 0 -6 -12851 0 55 0
605 12 609 742 6 -24 0 51 51
606 8 609 0 -6 -12851 0 55 0
607 12 500 742 -6 24 0 55 51
608 12 500 742 6 -24 0 51 51
609 8 609 0 -6 -12851 0 60 0
610 8 500 0 6 -12851 0 55 0
611 12 500 742 6 -24 0 55 55
612 12 742 609 6 -24 0 55 51
613 8 1100 0 6 -12851 0 60 0
614 12 742 903 6 -24 0 55 55
615 8 500 0 -24 -12851 0 60 0
616 8 1100 0 24 -12851 0 60 0
617 12 742 609 6 -24 0 51 55
618 8 903 0 24 -12851 0 60 0
619 12 742 500 -6 24 0 51 51
620 12 609 742 6 -24 0 51 55
621 8 742 0 -24 -12851 0 55 0
622 8 609 0 24 -12851 0 55 0
623 8 500 0 24 -12851 0 55 0
624 12 500 742 6 -24 0 55 51
625 12 903 742 6 -24 0 55 55
626 12 609 742 -6 24 0 55 55
627 12 1100 742 6 -24 0 55 51
628 12 742 500 6 -24 0 55 55
629 8 609 0 -6 -12851 0 60 0
630 12 742 903 6 -24 0 51 51
631 12 742 500 -6 24 0 51 51
632 8 1100 0 24 -12851 0 55 0
633 8 903 0 -6 -12851 0 60 0
634 8 903 0 24 -12851 0 60 0
635 12 609 742 6 -24 0 55 51
636 8 742 0 24 -12851 0 55 0
637 8 742 0 -6 -12851 0 60 0
638 12 742 1100 6 -24 0 51 51
639 8 609 0 -6 -12851 0 60 0
640 8 609 0 24 -12851 0 55 0
641 8 1100 0 -24 -12851 0 55 0
642 12 903 742 -6 24 0 51 55
643 12 742 609 6 -24 0 51 51
644 8 903 0 -6 -12851 0 55 0
645 8 1100 0 -6 -12851 0 60 0
646 8 500 0 24 -12851 0 60 0
647 8 500 0 -6 -12851 0 60 0
648 8 500 0 -6 -12851 0 55 0
649 8 742 0 6 -12851 0 60 0
650 12 742 500 6 -24 0 51 51
651 8 742 0 -6 -12851 0 55 0
652 12 742 500 6 -24 0 51 51
653 8 903 0 24 -12851 0 55 0
654 12 742 903 -6 24 0 55 51
655 8 903 0 -6 -12851 0 60 0
656 8 742 0 6 -12851 0 55 0
657 12 1100 742 6 -24 0 51 51
658 12 609 742 6 -24 0 55 55
659 8 609 0 -24 -12851 0 55 0
660 12 742 500 6 -24 0 51 55
661 8 1100 0 6 -12851 0 60 0
662 12 742 609 6 -24 0 51 51
663 12 742 903 -6 24 0 51 51
664 12 609 742 6 -24 0 55 51
665 12 1100 742 -6 24 0 55 51
666 8 609 0 6 -12851 0 55 0
667 12 742 903 6 -24 0 51 51
668 8 903 0 24 -12851 0 60 0
669 8 903 0 6 -12851 0 55 0
670 12 1100 742 -6 24 0 55 55
671 8 742 0 -24 -12851 0 55 0
672 8 742 0 -6 -12851 0 60 0
673 8 500 0 6 -12851 0 55 0
674 8 903 0 6 -12851 0 60 0
675 12 500 742 6 -24 0 51 51
676 12 903 742 6 -24 0 55 55
677 12 742 609 6 -24 0 55 51
678 12 742 500 -6 24 0 55 51
679 8 609 0 24 -12851 0 55 0
680 8 742 0 6 -12851 0 60 0
681 12 903 742 6 -24 0 55 51
682 8 903 0 -24 -12851 0 60 0
683 12 742 1100 -6 24 0 55 51
684 12 500 742 -6 24 0 55 51
685 12 500 742 -6 24 0 51 51
686 8 609 0 -24 -12851 0 55 0
687 12 742 1100 6 -24 0 51 51
688 12 903 742 6 -24 0 55 55
689 8 609 0 -24 -12851 0 60 0
690 8 1100 0 24 -12851 0 60 0
691 12 742 1100 6 -24 0 51 51
692 8 500 0 -24 -12851 0 55 0
693 12 742 903 -6 24 0 55 51
694 12 742 500 6 -24 0 55 51
695 8 1100 0 -24 -12851 0 55 0
696 8 500 0 6 -12851 0 60 0
697 12 500 742 6 -24 0 51 51
698 8 1100 0 6 -12851 0 55 0
699 12 742 609 6 -24 0 55 55
700 8 903 0 -24 -12851 0 60 0
701 8 903 0 6 -12851 0 60 0
702 8 609 0 6 -12851 0 60 0
703 8 1100 0 24 -12851 0 55 0
704 8 609 0 24 -12851 0 55 0
705 8 903 0 -24 -12851 0 55 0
706 12 742 1100 -6 24 0 51 51
707 12 742 1100 6 -24 0 51 51
708 8 903 0 -24 -12851 0 60 0
709 8 1100 0 -6 -12851 0 55 0
710 8 500 0 -6 -12851 0 60 0
711 8 609 0 24 -12851 0 60 0
712 8 1100 0 6 -12851 0 55 0
713 8 742 0 -6 -12851 0 55 0
714 12 742 903 6 -24 0 55 51
715 12 903 742 -6 24 0 51 51
716 8 742 0 6 -12851 0 60 0
717 8 742 0 -24 -12851 0 55 0
718 8 500 0 -24 -12851 0 55 0
719 8 500 0 -6 -12851 0 55 0
720 8 1100 0 6 -12851 0 60 0
721 8 1100 0 24 -12851 0 60 0
722 8 1100 0 24 -12851 0 55 0
723 8 609 0 24 -12851 0 60 0
724 12 742 500 -6 24 0 55 51
725 8 500 0 6 -12851 0 55 0
726 8 742 0 6 -12851 0 55 0
727 8 742 0 6 -12851 0 55 0
728 8 1100 0 24 -12851 0 60 0
729 8 609 0 -24 -12851 0 60 0
730 12 742 1100 -6 24 0 55 55
731 12 742 500 6 -24 0 55 51
732 12 903 742 -6 24 0 55 51
733 8 500 0 -24 -12851 0 55 0
734 8 500 0 24 -12851 0 55 0
735 12 500 742 -6 24 0 55 55
736 12 1100 742 6 -24 0 51 55
737 12 609 742 -6 24 0 55 55
738 8 742 0 24 -12851 0 55 0
739 8 609 0 6 -12851 0 55 0
740 8 903 0 24 -12851 0 55 0
741 8 903 0 -24 -12851 0 55 0
742 8 903 0 -6 -12851 0 55 0
743 12 500 742 6 -24 0 51 55
744 12 742 609 6 -24 0 55 55
745 8 500 0 -24 -12851 0 55 0
746 12 500 742 6 -24 0 51 51
747 12 742 1100 6 -24 0 55 51
748 8 500 0 6 -12851 0 55 0
749 8 742 0 6 -12851 0 60 0
750 12 609 742 -6 24 0 55 55
751 12 742 609 6 -24 0 55 51
752 12 1100 742 -6 24 0 55 55
753 8 500 0 6 -12851 0 60 0
754 12 903 742 6 -24 0 51 55
755 8 500 0 -6 -12851 0 60 0
756 8 903 0 -24 -12851 0 60 0
757 12 742 1100 -6 24 0 55 55
758 12 609 742 6 -24 0 51 51
759 8 609 0 6 -12851 0 60 0
760 8 1100 0 -24 -12851 0 55 0
761 8 903 0 -6 -12851 0 55 0
762 8 903 0 24 -12851 0 55 0
763 8 1100 0 -24 -12851 0 60 0
764 12 742 500 -6 24 0 51 51
765 8 1100 0 6 -12851 0 55 0
766 8 742 0 24 -12851 0 60 0
767 8 609 0 -6 -12851 0 55 0
768 8 742 0 -24 -12851 0 55 0
769 8 609 0 24 -12851 0 55 0
770 8 903 0 24 -12851 0 55 0
771 8 903 0 6 -12851 0 55 0
772 8 609 0 -24 -12851 0 60 0
773 8 1100 0 24 -12851 0 60 0
774 8 609 0 24 -12851 0 55 0
775 8 903 0 -6 -12851 0 60 0
776 8 903 0 -24 -12851 0 55 0
777 8 1100 0 -6 -12851 0 55 0
778 8 500 0 24 -12851 0 55 0
779 12 742 903 6 -24 0 51 51
780 12 742 1100 -6 24 0 51 55
781 8 609 0 -6 -12851 0 55 0
782 12 1100 742 6 -24 0 51 51
783 8 1100 0 6 -12851 0 60 0
784 12 1100 742 6 -24 0 55 55
785 12 742 1100 -6 24 0 51 51
786 8 742 0 24 -12851 0 60 0
787 12 1100 742 6 -24 0 55 55
788 12 609 742 -6 24 0 51 55
789 8 742 0 6 -12851 0 55 0
790 8 742 0 6 -12851 0 55 0
791 12 500 742 6 -24 0 51 51
792 8 500 0 -24 -12851 0 60 0
793 8 500 0 24 -12851 0 55 0
794 8 1100 0 -6 -12851 0 55 0
795 8 1100 0 6 -12851 0 55 0
796 12 500 742 -6 24 0 51 51
797 8 1100 0 -24 -12851 0 55 0
798 12 742 609 -6 24 0 55 55
799 8 500 0 -6 -12851 0 60 0
800 12 1100 742 6 -24 0 51 55
801 12 903 742 -6 24 0 51 51
802 8 1100 0 -6 -12851 0 55 0
803 8 903 0 24 -12851 0 60 0
804 12 903 742 6 -24 0 55 55
805 8 609 0 6 -12851 0 55 0
806 12 1100 742 -6 24 0 55 51
807 12 903 742 6 -24 0 51 55
808 12 1100 742 6 -24 0 55 55
809 12 903 742 -6 24 0 51 55
810 12 903 742 6 -24 0 55 51
811 8 903 0 6 -12851 0 55 0
812 8 903 0 -6 -12851 0 55 0
813 8 742 0 -6 -12851 0 55 0
814 8 500 0 6 -12851 0 55 0
815 8 500 0 24 -12851 0 60 0
816 8 742 0 -6 -12851 0 60 0
817 8 742 0 24 -12851 0 55 0
818 8 609 0 6 -12851 0 60 0
819 8 609 0 6 -12851 0 55 0
820 12 742 500 6 -24 0 55 55
821 12 609 742 6 -24 0 51 51
822 8 1100 0 6 -12851 0 60 0
823 8 1100 0 24 -12851 0 60 0
824 8 609 0 -24 -12851 0 55 0
825 8 1100 0 -6 -12851 0 55 0
826 8 742 0 -6 -12851 0 60 0
827 8 742 0 6 -12851 0 55 0
828 12 609 742 6 -24 0 51 51
829 12 742 903 6 -24 0 55 55
830 8 903 0 -6 -12851 0 60 0
831 8 742 0 6 -12851 0 55 0
832 8 903 0 6 -12851 0 55 0
833 8 609 0 -24 -12851 0 55 0
834 12 609 742 -6 24 0 51 51
835 8 1100 0 -24 -12851 0 60 0
836 8 903 0 -6 -12851 0 55 0
837 12 609 742 6 -24 0 55 51
838 8 500 0 24 -12851 0 60 0
839 8 609 0 -24 -12851 0 60 0
840 12 903 742 -6 24 0 51 51
841 8 500 0 -24 -12851 0 55 0
842 8 500 0 6 -12851 0 60 0
843 8 609 0 24 -12851 0 55 0
844 8 609 0 -6 -12851 0 55 0
845 12 1100 742 6 -24 0 55 55
846 8 1100 0 6 -12851 0 55 0
847 8 500 0 -6 -12851 0 55 0
848 8 1100 0 -6 -12851 0 60 0
849 8 742 0 6 -12851 0 60 0
850 12 1100 742 -6 24 0 55 55
851 8 1100 0 24 -12851 0 55 0
852 8 500 0 24 -12851 0 60 0
853 8 609 0 24 -12851 0 55 0
854 8 903 0 -6 -12851 0 55 0
855 8 742 0 24 -12851 0 60 0
856 8 500 0 -24 -12851 0 55 0
857 8 609 0 -24 -12851 0 55 0
858 8 742 0 -24 -12851 0 60 0
859 8 903 0 24 -12851 0 55 0
860 8 903 0 6 -12851 0 55 0
861 12 903 742 -6 24 0 55 55
862 8 609 0 -24 -12851 0 55 0
863 8 609 0 -6 -12851 0 60 0
864 8 742 0 -6 -12851 0 55 0
865 8 742 0 24 -12851 0 55 0
866 8 500 0 -24 -12851 0 60 0
867 8 903 0 -24 -12851 0 60 0
868 8 903 0 -6 -12851 0 60 0
869 8 742 0 6 -12851 0 60 0
870 8 1100 0 -24 -12851 0 55 0
871 8 500 0 -6 -12851 0 55 0
872 8 500 0 24 -12851 0 55 0
873 8 609 0 6 -12851 0 55 0
874 8 1100 0 6 -12851 0 60 0
875 8 903 0 -6 -12851 0 60 0
876 8 1100 0 24 -12851 0 55 0
877 12 742 1100 6 -24 0 55 51
878 8 609 0 -24 -12851 0 55 0
879 12 903 742 -6 24 0 55 55
880 12 1100 742 6 -24 0 51 55
881 12 742 500 6 -24 0 51 55
882 12 742 500 -6 24 0 55 55
883 12 500 742 6 -24 0 51 51
884 8 1100 0 -24 -12851 0 55 0
885 8 1100 0 -6 -12851 0 60 0
886 8 1100 0 -6 -12851 0 60 0
887 8 609 0 -6 -12851 0 60 0
888 12 1100 742 6 -24 0 51 55
889 8 500 0 -24 -12851 0 60 0
890 8 742 0 6 -12851 0 55 0
891 8 742 0 6 -12851 0 55 0
892 12 742 903 -6 24 0 55 55
893 12 903 742 6 -24 0 51 51
894 12 742 1100 -6 24 0 55 51
895 8 1100 0 6 -12851 0 60 0
896 8 609 0 24 -12851 0 55 0
897 12 742 500 -6 24 0 55 55
898 12 742 903 -6 24 0 51 55
899 12 903 742 6 -24 0 51 55
900 8 500 0 6 -12851 0 60 0
901 8 500 0 -6 -12851 0 55 0
902 8 742 0 -6 -12851 0 60 0
903 8 609 0 6 -12851 0 60 0
904 8 903 0 24 -12851 0 55 0
905 12 742 903 6 -24 0 55 55
906 8 903 0 -6 -12851 0 60 0
907 8 903 0 -24 -12851 0 60 0
908 8 500 0 -24 -12851 0 55 0
909 8 500 0 6 -12851 0 55 0
910 12 1100 742 6 -24 0 51 51
911 8 609 0 -6 -12851 0 55 0
912 12 1100 742 6 -24 0 51 55
913 8 609 0 -6 -12851 0 55 0
914 8 742 0 6 -12851 0 55 0
915 8 500 0 -24 -12851 0 60 0
916 8 742 0 -6 -12851 0 60 0
917 8 903 0 24 -12851 0 55 0
918 8 903 0 -24 -12851 0 60 0
919 8 742 0 6 -12851 0 60 0
920 8 609 0 24 -12851 0 55 0
921 8 1100 0 -6 -12851 0 60 0
922 8 1100 0 -24 -12851 0 60 0
923 12 742 609 -6 24 0 51 51
924 8 500 0 6 -12851 0 60 0
925 8 1100 0 24 -12851 0 55 0
926 12 903 742 -6 24 0 51 51
927 8 903 0 6 -12851 0 55 0
928 12 742 500 6 -24 0 51 51
929 12 609 742 -6 24 0 55 51
930 12 742 500 6 -24 0 51 51
931 8 609 0 -24 -12851 0 55 0
932 8 609 0 6 -12851 0 55 0
933 12 609 742 -6 24 0 55 51
934 8 1100 0 24 -12851 0 60 0
935 12 742 903 6 -24 0 51 55
936 8 1100 0 -24 -12851 0 60 0
937 12 609 742 6 -24 0 51 51
938 8 609 0 24 -12851 0 55 0
939 8 742 0 6 -12851 0 55 0
940 8 1100 0 6 -12851 0 55 0
941 8 742 0 24 -12851 0 55 0
942 12 500 742 -6 24 0 51 51
943 12 1100 742 6 -24 0 55 51
944 8 742 0 6 -12851 0 60 0
945 12 500 742 -6 24 0 55 55
946 12 742 609 -6 24 0 51 55
947 8 903 0 6 -12851 0 55 0
948 8 903 0 -6 -12851 0 55 0
949 12 742 903 -6 24 0 55 55
950 8 500 0 24 -12851 0 55 0
951 8 903 0 -6 -12851 0 60 0
952 12 903 742 6 -24 0 51 55
953 8 500 0 -6 -12851 0 60 0
954 8 609 0 24 -12851 0 55 0
955 12 903 742 6 -24 0 55 55
956 8 500 0 24 -12851 0 60 0
957 8 609 0 -24 -12851 0 55 0
958 12 742 903 6 -24 0 51 55
959 8 609 0 24 -12851 0 55 0
960 8 742 0 6 -12851 0 55 0
961 8 742 0 6 -12851 0 55 0
962 12 1100 742 -6 24 0 51 55
963 12 742 609 6 -24 0 55 55
964 8 500 0 -6 -12851 0 55 0
965 12 500 742 6 -24 0 51 51
966 12 742 1100 6 -24 0 55 51
967 12 609 742 -6 24 0 55 51
968 8 903 0 6 -12851 0 60 0
969 12 500 742 6 -24 0 51 55
970 12 742 903 -6 24 0 55 55
971 12 742 500 6 -24 0 51 55
972 8 903 0 6 -12851 0 60 0
973 8 742 0 6 -12851 0 60 0
974 12 742 609 6 -24 0 55 51
975 8 1100 0 24 -12851 0 55 0
976 12 500 742 6 -24 0 51 51
977 8 500 0 -24 -12851 0 60 0
978 8 500 0 24 -12851 0 55 0
979 12 742 1100 6 -24 0 55 51
980 8 609 0 6 -12851 0 60 0
981 8 1100 0 24 -12851 0 60 0
982 8 903 0 -6 -12851 0 60 0
983 8 1100 0 -6 -12851 0 60 0
984 8 609 0 24 -12851 0 55 0
985 12 742 609 6 -24 0 55 55
986 8 609 0 6 -12851 0 60 0
987 8 609 0 6 -12851 0 55 0
988 8 742 0 -24 -12851 0 55 0
989 8 742 0 24 -12851 0 60 0
990 8 500 0 24 -12851 0 60 0
991 12 742 500 -6 24 0 55 51
992 8 903 0 -24 -12851 0 60 0
993 8 903 0 -6 -12851 0 55 0
994 12 742 609 6 -24 0 51 55
995 8 742 0 -6 -12851 0 55 0
996 12 500 742 6 -24 0 55 51
997 8 1100 0 24 -12851 0 60 0
998 12 742 903 6 -24 0 55 55
999 12 500 742 6 -24 0 51 51
1000 12 742 903 6 -24 0 55 51
1001 8 500 0 -6 -12851 0 60 0
1002 8 500 0 -6 -12851 0 60 0
1003 8 609 0 24 -12851 0 60 0
1004 8 1100 0 -24 -12851 0 55 0
1005 8 903 0 6 -12851 0 60 0
1006 8 1100 0 -6 -12851 0 60 0
1007 8 609 0 -24 -12851 0 60 0
1008 8 742 0 -24 -12851 0 55 0
1009 8 742 0 -6 -12851 0 55 0
1010 8 500 0 6 -12851 0 55 0
1011 8 500 0 6 -12851 0 60 0
1012 8 1100 0 -24 -12851 0 60 0
1013 12 609 742 6 -24 0 51 51
1014 12 742 1100 -6 24 0 51 55
1015 8 903 0 -24 -12851 0 55 0
1016 12 742 500 6 -24 0 51 55
1017 8 1100 0 6 -12851 0 60 0
1018 8 609 0 -6 -12851 0 55 0
1019 8 500 0 6 -12851 0 60 0
1020 8 1100 0 6 -12851 0 55 0
1021 12 500 742 6 -24 0 51 55
1022 12 1100 742 -6 24 0 51 55
1023 8 903 0 24 -12851 0 60 0
1024 12 903 742 6 -24 0 51 55
1025 8 609 0 -24 -12851 0 60 0
1026 8 903 0 6 -12851 0 55 0
1027 12 1100 742 6 -24 0 55 51
1028 12 742 609 -6 24 0 55 55
1029 8 609 0 -6 -12851 0 55 0
1030 8 742 0 6 -12851 0 55 0
1031 8 742 0 6 -12851 0 55 0
1032 12 742 609 -6 24 0 51 55
1033 12 742 1100 -6 24 0 51 55
1034 8 609 0 6 -12851 0 60 0
1035 12 742 903 -6 24 0 51 55
1036 8 609 0 -24 -12851 0 55 0
1037 12 742 1100 -6 24 0 55 51
1038 12 742 903 6 -24 0 55 55
1039 8 500 0 24 -12851 0 55 0
1040 12 903 742 6 -24 0 51 55
1041 8 903 0 -6 -12851 0 60 0
1042 12 903 742 6 -24 0 55 51
1043 8 1100 0 24 -12851 0 55 0
1044 12 609 742 6 -24 0 55 55
1045 12 500 742 -6 24 0 51 55
1046 12 742 903 -6 24 0 51 51
1047 8 742 0 6 -12851 0 60 0
1048 8 609 0 24 -12851 0 60 0
1049 8 609 0 24 -12851 0 60 0
1050 12 742 500 6 -24 0 55 55
1051 8 500 0 -6 -12851 0 55 0
1052 12 609 742 6 -24 0 55 51
1053 8 500 0 -6 -12851 0 60 0
1054 8 742 0 -24 -12851 0 55 0
1055 8 742 0 -24 -12851 0 55 0
1056 8 903 0 6 -12851 0 55 0
1057 8 1100 0 24 -12851 0 60 0
1058 8 1100 0 -24 -12851 0 60 0
1059 12 742 500 6 -24 0 51 51
1060 8 903 0 -6 -12851 0 55 0
1061 8 609 0 6 -12851 0 55 0
1062 8 609 0 -6 -12851 0 55 0
1063 12 742 609 6 -24 0 55 55
1064 12 742 500 6 -24 0 51 55
1065 8 500 0 -6 -12851 0 60 0
1066 12 903 742 -6 24 0 51 51
1067 8 1100 0 -6 -12851 0 60 0
1068 12 1100 742 6 -24 0 51 51
1069 8 500 0 24 -12851 0 60 0
1070 12 500 742 -6 24 0 55 55
1071 12 742 1100 -6 24 0 51 55
1072 8 1100 0 -6 -12851 0 60 0
1073 12 903 742 -6 24 0 51 51
1074 8 903 0 24 -12851 0 55 0
1075 8 742 0 -24 -12851 0 60 0
1076 8 609 0 24 -12851 0 55 0
1077 12 742 609 6 -24 0 51 55
1078 8 500 0 6 -12851 0 60 0
1079 12 609 742 -6 24 0 51 51
1080 8 609 0 -24 -12851 0 60 0
1081 8 1100 0 -6 -12851 0 55 0
1082 8 903 0 6 -12851 0 60 0
1083 8 903 0 6 -12851 0 60 0
1084 8 742 0 -6 -12851 0 60 0
1085 8 742 0 -24 -12851 0 55 0
1086 12 500 742 6 -24 0 51 55
1087 12 742 1100 -6 24 0 51 55
1088 12 742 500 6 -24 0 51 55
1089 8 609 0 6 -12851 0 55 0
1090 8 609 0 6 -12851 0 60 0
1091 8 903 0 24 -12851 0 55 0
1092 8 742 0 -24 -12851 0 60 0
1093 8 903 0 6 -12851 0 60 0
1094 12 742 903 6 -24 0 55 55
1095 8 903 0 6 -12851 0 55 0
1096 12 1100 742 6 -24 0 51 51
1097 8 742 0 24 -12851 0 55 0
1098 8 609 0 24 -12851 0 60 0
1099 12 742 609 6 -24 0 51 51
1100 8 609 0 24 -12851 0 60 0
1101 8 500 0 6 -12851 0 55 0
1102 12 609 742 6 -24 0 55 55
1103 8 742 0 24 -12851 0 60 0
1104 12 1100 742 6 -24 0 55 51
1105 12 1100 742 -6 24 0 55 55
1106 8 1100 0 6 -12851 0 55 0
1107 8 1100 0 6 -12851 0 60 0
1108 12 742 609 6 -24 0 51 51
1109 12 500 742 -6 24 0 51 51
1110 8 500 0 24 -12851 0 55 0
1111 12 742 903 6 -24 0 55 55
1112 8 500 0 -6 -12851 0 55 0
1113 8 1100 0 6 -12851 0 55 0
1114 8 609 0 24 -12851 0 60 0
1115 8 609 0 -24 -12851 0 55 0
1116 12 1100 742 -6 24 0 51 51
1117 8 903 0 6 -12851 0 55 0
1118 12 742 609 -6 24 0 55 51
1119 8 742 0 -24 -12851 0 55 0
1120 8 903 0 6 -12851 0 60 0
1121 12 742 500 6 -24 0 51 55
1122 8 903 0 6 -12851 0 55 0
1123 8 742 0 -6 -12851 0 55 0
1124 8 609 0 -6 -12851 0 55 0
1125 8 609 0 24 -12851 0 60 0
1126 8 500 0 6 -12851 0 60 0
1127 12 742 903 6 -24 0 51 51
1128 12 609 742 -6 24 0 55 51
1129 12 1100 742 -6 24 0 55 51
1130 8 742 0 24 -12851 0 55 0
1131 8 1100 0 -24 -12851 0 55 0
1132 8 1100 0 24 -12851 0 60 0
1133 12 500 742 6 -24 0 51 51
1134 12 500 742 6 -24 0 55 51
1135 12 500 742 6 -24 0 51 55
1136 12 742 903 -6 24 0 51 51
1137 8 500 0 -24 -12851 0 55 0
1138 12 742 1100 -6 24 0 55 55
1139 8 500 0 -24 -12851 0 60 0
1140 12 742 500 6 -24 0 51 55
1141 8 1100 0 6 -12851 0 55 0
1142 8 742 0 -6 -12851 0 55 0
1143 12 903 742 6 -24 0 51 55
1144 12 742 1100 -6 24 0 51 55
1145 8 742 0 6 -12851 0 55 0
1146 8 500 0 6 -12851 0 55 0
1147 12 742 1100 -6 24 0 55 55
1148 12 742 500 6 -24 0 51 55
1149 8 500 0 6 -12851 0 60 0
1150 8 1100 0 -6 -12851 0 60 0
1151 8 903 0 -6 -12851 0 55 0
1152 8 1100 0 -24 -12851 0 60 0
1153 8 609 0 -6 -12851 0 55 0
1154 8 500 0 6 -12851 0 60 0
1155 8 1100 0 -24 -12851 0 60 0
1156 12 903 742 -6 24 0 55 55
1157 12 1100 742 6 -24 0 55 51
1158 12 609 742 -6 24 0 51 51
1159 8 903 0 -24 -12851 0 55 0
1160 8 609 0 6 -12851 0 60 0
1161 12 742 609 6 -24 0 55 51
1162 8 903 0 -24 -12851 0 55 0
1163 8 609 0 -24 -12851 0 55 0
1164 8 742 0 24 -12851 0 60 0
1165 12 742 1100 6 -24 0 51 51
1166 8 742 0 -6 -12851 0 60 0
1167 8 903 0 -24 -12851 0 60 0
1168 12 742 1100 6 -24 0 55 55
1169 8 903 0 -24 -12851 0 55 0
1170 8 500 0 -6 -12851 0 55 0
1171 8 1100 0 24 -12851 0 60 0
1172 8 903 0 -6 -12851 0 60 0
1173 8 500 0 -6 -12851 0 55 0
1174 8 1100 0 6 -12851 0 60 0
1175 8 609 0 24 -12851 0 60 0
1176 8 742 0 24 -12851 0 60 0
1177 12 500 742 6 -24 0 51 55
1178 8 609 0 -6 -12851 0 60 0
1179 12 903 742 -6 24 0 51 55
1180 12 742 500 6 -24 0 55 51
1181 12 742 903 -6 24 0 55 51
1182 12 609 742 -6 24 0 55 51
1183 12 742 1100 6 -24 0 51 51
1184 8 742 0 -6 -12851 0 55 0
1185 12 609 742 -6 24 0 55 55
1186 12 1100 742 -6 24 0 55 55
1187 12 609 742 6 -24 0 55 51
1188 8 1100 0 6 -12851 0 60 0
1189 8 500 0 24 -12851 0 55 0
1190 12 742 609 6 -24 0 55 51
1191 8 742 0 6 -12851 0 55 0
1192 12 609 742 -6 24 0 55 51
1193 8 903 0 6 -12851 0 55 0
1194 12 1100 742 -6 24 0 51 51
1195 8 609 0 6 -12851 0 55 0
1196 12 1100 742 6 -24 0 51 55
1197 8 1100 0 6 -12851 0 55 0
1198 8 1100 0 -6 -12851 0 55 0
1199 8 903 0 6 -12851 0 60 0
1200 8 500 0 -6 -12851 0 60 0
1201 8 609 0 -6 -12851 0 55 0
1202 8 500 0 -24 -12851 0 55 0
1203 8 500 0 6 -12851 0 60 0
1204 12 742 1100 6 -24 0 51 55
1205 8 1100 0 -6 -12851 0 55 0
1206 12 742 903 -6 24 0 55 55
1207 12 500 742 -6 24 0 51 51
1208 8 609 0 -24 -12851 0 60 0
1209 12 903 742 6 -24 0 51 51
1210 12 742 1100 -6 24 0 55 55
1211 8 742 0 -6 -12851 0 55 0
1212 12 742 500 6 -24 0 51 51
1213 8 742 0 24 -12851 0 60 0
1214 12 1100 742 6 -24 0 51 51
1215 12 742 903 6 -24 0 51 55
1216 12 1100 742 6 -24 0 51 51
1217 12 742 903 6 -24 0 51 55
1218 8 609 0 -6 -12851 0 60 0
1219 8 742 0 24 -12851 0 55 0
1220 12 742 500 -6 24 0 51 51
1221 12 742 500 -6 24 0 55 51
1222 8 903 0 24 -12851 0 60 0
1223 8 1100 0 -24 -12851 0 55 0
1224 12 903 742 -6 24 0 55 55
1225 12 742 609 6 -24 0 51 55
1226 12 742 903 6 -24 0 55 55
1227 12 903 742 -6 24 0 55 55
1228 8 903 0 6 -12851 0 60 0
1229 8 742 0 -6 -12851 0 55 0
1230 12 1100 742 -6 24 0 51 55
1231 8 742 0 -6 -12851 0 60 0
1232 12 742 1100 -6 24 0 51 51
1233 12 903 742 6 -24 0 55 51
1234 8 903 0 -6 -12851 0 60 0
1235 12 1100 742 6 -24 0 51 55
1236 12 742 1100 6 -24 0 51 55
1237 8 903 0 6 -12851 0 60 0
1238 8 500 0 -6 -12851 0 60 0
1239 8 1100 0 6 -12851 0 60 0
1240 12 742 500 -6 24 0 55 51
1241 12 500 742 6 -24 0 55 51
1242 8 1100 0 -24 -12851 0 55 0
1243 8 500 0 -24 -12851 0 55 0
1244 8 742 0 6 -12851 0 60 0
1245 8 742 0 24 -12851 0 55 0
1246 8 903 0 6 -12851 0 55 0
1247 8 609 0 -24 -12851 0 55 0
1248 12 742 609 -6 24 0 51 55
1249 12 742 903 -6 24 0 51 55
1250 12 742 903 6 -24 0 55 55
1251 12 903 742 -6 24 0 55 55
1252 12 1100 742 -6 24 0 55 51
1253 8 1100 0 6 -12851 0 55 0
1254 12 903 742 -6 24 0 51 51
1255 8 609 0 -6 -12851 0 55 0
1256 8 609 0 -24 -12851 0 60 0
1257 8 500 0 24 -12851 0 60 0
1258 8 609 0 -6 -12851 0 60 0
1259 8 609 0 -6 -12851 0 60 0
1260 8 1100 0 24 -12851 0 60 0
1261 8 1100 0 -6 -12851 0 55 0
1262 8 609 0 -6 -12851 0 60 0
1263 8 742 0 24 -12851 0 60 0
1264 8 1100 0 6 -12851 0 55 0
1265 8 742 0 6 -12851 0 60 0
1266 8 742 0 -6 -12851 0 55 0
1267 8 903 0 -6 -12851 0 55 0
1268 8 903 0 -6 -12851 0 55 0
1269 12 742 903 6 -24 0 51 55
1270 8 500 0 6 -12851 0 55 0
1271 12 742 500 6 -24 0 55 55
1272 12 742 903 6 -24 0 55 55
1273 8 903 0 24 -12851 0 60 0
1274 8 500 0 -6 -12851 0 60 0
1275 8 609 0 -24 -12851 0 55 0
1276 8 500 0 6 -12851 0 55 0
1277 8 1100 0 -6 -12851 0 55 0
1278 12 1100 742 -6 24 1 51 51
1279 8 1100 0 -6 -12851 0 55 0
1280 12 1100 742 -6 24 0 55 55
1281 8 609 0 -24 -12851 0 55 0
1282 12 742 903 6 -24 0 51 55
1283 12 609 742 -6 24 0 51 51
1284 8 1100 0 -24 -12851 0 55 0
1285 8 742 0 24 -12851 0 55 0
1286 12 1100 742 6 -24 0 55 51
1287 8 742 0 -6 -12851 0 60 0
1288 8 903 0 -6 -12851 0 60 0
1289 8 742 0 6 -12851 0 55 0
1290 12 903 742 -6 24 0 55 55
1291 12 500 742 6 -24 0 51 55
1292 12 742 609 6 -24 0 51 51
1293 12 500 742 6 -24 0 55 51
1294 12 500 742 -6 24 0 51 51
1295 12 1100 742 6 -24 0 55 55
1296 8 903 0 -24 -12851 0 60 0
1297 12 1100 742 6 -24 0 51 55
1298 12 742 903 -6 24 0 55 55
1299 8 609 0 -6 -12851 1 60 0
1300 8 1100 0 24 -12851 0 55 0
1301 8 903 0 -6 -12851 0 55 0
1302 8 500 0 6 -12851 0 60 0
1303 8 609 0 6 -12851 0 60 0
1304 8 500 0 -24 -12851 0 55 0
1305 12 742 1100 6 -24 0 51 51
1306 12 742 609 -6 24 1 51 51
1307 8 500 0 -24 -12851 0 55 0
1308 12 742 609 6 -24 0 55 55
1309 8 903 0 24 -12851 0 60 0
1310 8 903 0 -6 -12851 0 60 0
1311 8 500 0 -6 -12851 0 55 0
1312 12 742 500 6 -24 0 55 51
1313 12 742 1100 6 -24 0 55 55
1314 8 609 0 -24 -12851 1 55 0
1315 12 742 609 -6 24 0 55 51
1316 12 903 742 6 -24 0 55 55
1317 8 1100 0 24 -12851 0 60 0
1318 12 742 1100 6 -24 0 51 55
1319 12 609 742 -6 24 0 51 55
1320 12 500 742 6 -24 0 55 55
1321 8 500 0 24 -12851 0 60 0
1322 12 1100 742 6 -24 0 51 51
1323 8 500 0 -6 -12851 0 60 0
1324 8 742 0 -24 -12851 0 55 0
1325 8 1100 0 24 -12851 0 60 0
1326 8 609 0 -6 -12851 0 55 0
1327 12 500 742 6 -24 0 55 55
1328 12 903 742 6 -24 0 51 55
1329 12 742 903 6 -24 0 55 51
1330 12 1100 742 -6 24 0 51 51
1331 12 742 609 -6 24 0 51 51
1332 8 903 0 24 -12851 0 55 0
1333 12 742 903 -6 24 0 55 55
1334 12 742 609 6 -24 0 55 55
1335 8 742 0 6 -12851 0 55 0
1336 12 903 742 6 -24 0 55 55
1337 8 1100 0 -24 -12851 0 60 0
1338 12 903 742 6 -24 0 55 55
1339 8 903 0 6 -12851 0 60 0
1340 8 609 0 -6 -12851 0 55 0
1341 8 742 0 -6 -12851 0 55 0
1342 8 1100 0 -24 -12851 0 60 0
1343 8 1100 0 -24 -12851 0 55 0
1344 8 1100 0 -6 -12851 1 60 0
1345 12 742 1100 -6 24 1 51 55
1346 12 609 742 -6 24 0 51 55
1347 8 500 0 24 -12851 1 55 0
1348 12 903 742 -6 24 1 55 51
1349 8 1100 0 -24 -12851 1 55 0
1350 12 903 742 -6 24 0 55 51
1351 12 903 742 -6 24 1 55 51
1352 8 903 0 24 -12851 1 60 0
1353 12 742 609 6 -24 0 51 51
1354 12 1100 742 -6 24 0 55 55
1355 8 609 0 6 -12851 0 60 0
1356 8 903 0 24 -12851 1 55 0
1357 8 903 0 -6 -12851 1 60 0
1358 12 742 1100 -6 24 1 51 55
1359 8 742 0 -24 -12851 0 60 0
1360 8 500 0 -6 -12851 0 55 0
1361 8 500 0 24 -12851 1 55 0
1362 8 742 0 -24 -12851 1 60 0
1363 8 742 0 24 -12851 1 60 0
1364 8 609 0 6 -12851 1 55 0
1365 8 609 0 -24 -12851 0 55 0
1366 12 742 1100 -6 24 0 51 55
1367 12 742 1100 -6 24 1 55 55
1368 12 1100 742 -6 24 0 51 51
1369 12 1100 742 -6 24 0 55 51
1370 8 903 0 -24 -12851 1 55 0
1371 8 903 0 24 -12851 0 55 0
1372 12 500 742 6 -24 0 55 55
1373 8 742 0 -24 -12851 0 60 0
1374 12 1100 742 -6 24 0 51 51
1375 12 903 742 -6 24 0 51 55
1376 12 742 500 6 -24 0 51 55
1377 8 742 0 -24 -12851 0 60 0
1378 8 500 0 6 -12851 0 60 0
1379 8 903 0 6 -12851 0 60 0
1380 8 609 0 6 -12851 0 55 0
1381 8 742 0 -24 -12851 0 55 0
1382 8 903 0 -6 -12851 0 55 0
1383 8 609 0 6 -12851 1 60 0
1384 12 500 742 6 -24 0 51 51
1385 12 500 742 6 -24 0 51 55
1386 8 609 0 -24 -12851 1 60 0
1387 8 1100 0 -6 -12851 1 55 0
1388 8 500 0 6 -12851 1 60 0
1389 8 1100 0 24 -12851 1 60 0
1390 8 500 0 -24 -12851 0 60 0
1391 8 1100 0 -6 -12851 1 55 0
1392 8 903 0 -6 -12851 1 60 0
1393 8 903 0 24 -12851 1 55 0
1394 8 609 0 -6 -12851 1 55 0
1395 8 500 0 24 -12851 1 55 0
1396 12 742 609 6 -24 0 55 51
1397 8 500 0 -24 -12851 1 60 0
1398 8 903 0 -6 -12851 1 60 0
1399 8 1100 0 -6 -12851 0 55 0
1400 8 742 0 6 -12851 1 60 0
1401 12 609 742 -6 24 0 55 55
1402 8 903 0 24 -12851 0 60 0
1403 8 500 0 -24 -12851 0 60 0
1404 8 609 0 6 -12851 1 55 0
1405 8 609 0 6 -12851 1 55 0
1406 8 1100 0 6 -12851 1 55 0
1407 12 1100 742 -6 24 0 51 55
1408 12 742 1100 -6 24 0 51 51
1409 8 742 0 -6 -12851 1 55 0
1410 8 742 0 24 -12851 1 60 0
1411 8 1100 0 -24 -12851 1 60 0
1412 8 609 0 -24 -12851 1 55 0
1413 12 609 742 6 -24 1 55 55
1414 8 609 0 24 -12851 1 60 0
1415 8 1100 0 -6 -12851 1 55 0
1416 8 742 0 24 -12851 1 55 0
1417 8 903 0 6 -12851 1 55 0
1418 8 500 0 -6 -12851 1 60 0
1419 8 1100 0 6 -12851 1 60 0
1420 12 609 742 6 -24 0 51 51
1421 12 1100 742 6 -24 0 55 51
1422 12 742 903 6 -24 1 51 51
1423 8 742 0 -6 -12851 1 60 0
1424 8 500 0 -6 -12851 0 55 0
1425 8 1100 0 24 -12851 1 55 0
1426 8 609 0 6 -12851 1 55 0
1427 12 903 742 6 -24 0 51 51
1428 12 742 1100 6 -24 0 55 55
1429 8 903 0 -24 -12851 0 55 0
1430 8 742 0 -24 -12851 1 60 0
1431 8 500 0 6 -12851 1 60 0
1432 12 609 742 -6 24 1 55 55
1433 12 742 903 6 -24 1 51 51
1434 8 609 0 24 -12851 1 60 0
1435 8 903 0 -6 -12851 1 55 0
1436 12 1100 742 -6 24 0 55 51
1437 8 742 0 6 -12851 1 55 0
1438 8 742 0 -24 -12851 0 55 0
1439 8 609 0 -6 -12851 0 60 0
1440 8 903 0 24 -12851 0 60 0
1441 8 500 0 24 -12851 0 60 0
1442 12 742 609 6 -24 0 55 55
1443 8 903 0 6 -12851 0 55 0
1444 8 742 0 24 -12851 1 55 0
1445 8 1100 0 6 -12851 1 55 0
1446 8 500 0 -24 -12851 0 55 0
1447 12 742 500 6 -24 0 51 51
1448 12 609 742 -6 24 1 51 51
1449 12 903 742 -6 24 1 51 55
1450 12 742 500 6 -24 1 51 51
1451 8 500 0 24 -12851 1 55 0
1452 12 742 1100 6 -24 1 51 51
1453 8 742 0 -6 -12851 1 60 0
1454 12 903 742 6 -24 0 51 55
1455 12 742 1100 -6 24 0 51 55
1456 12 1100 742 6 -24 0 55 55
1457 8 1100 0 24 -12851 0 60 0
1458 8 903 0 24 -12851 0 60 0
1459 8 609 0 -24 -12851 0 60 0
1460 12 500 742 6 -24 0 51 51
1461 8 609 0 6 -12851 0 55 0
1462 8 1100 0 6 -12851 0 60 0
1463 12 742 903 6 -24 0 51 51
1464 8 742 0 -6 -12851 0 60 0
1465 8 742 0 6 -12851 0 60 0
1466 8 1100 0 24 -12851 0 60 0
1467 12 742 903 6 -24 0 51 55
1468 8 903 0 6 -12851 1 55 0
1469 12 742 1100 6 -24 0 51 51
1470 8 903 0 -24 -12851 0 55 0
1471 12 903 742 -6 24 1 55 51
1472 8 609 0 -6 -12851 1 55 0
1473 12 609 742 -6 24 1 55 51
1474 8 903 0 -6 -12851 1 55 0
1475 8 742 0 -24 -12851 1 55 0
1476 12 742 609 -6 24 1 51 51
1477 8 609 0 -6 -12851 0 55 0
1478 12 609 742 6 -24 1 55 55
1479 8 500 0 -6 -12851 1 60 0
1480 12 742 500 6 -24 0 55 55
1481 12 742 903 -6 24 1 51 51
1482 12 1100 742 6 -24 0 55 51
1483 12 609 742 6 -24 0 55 55
1484 8 1100 0 -6 -12851 1 55 0
1485 8 500 0 24 -12851 1 55 0
1486 8 609 0 24 -12851 1 60 0
1487 12 742 903 6 -24 1 55 55
1488 12 742 500 6 -24 0 51 51
1489 12 903 742 6 -24 0 51 51
1490 8 500 0 24 -12851 0 55 0
1491 8 1100 0 -6 -12851 0 60 0
1492 8 742 0 -24 -12851 0 55 0
1493 8 609 0 -6 -12851 0 55 0
1494 8 609 0 24 -12851 0 55 0
1495 12 1100 742 -6 24 0 51 55
1496 8 609 0 24 -12851 0 55 0
1497 8 742 0 6 -12851 0 55 0
1498 12 742 1100 -6 24 1 55 55
1499 8 609 0 -24 -12851 0 60 0
1500 8 903 0 -24 -12851 1 60 0
1501 12 742 609 -6 24 1 55 51
1502 12 903 742 6 -24 1 55 51
1503 12 500 742 6 -24 1 51 55
1504 12 742 609 6 -24 1 51 51
1505 12 742 903 -6 24 1 55 55
1506 8 500 0 -24 -12851 1 55 0
1507 8 742 0 6 -12851 1 60 0
1508 12 1100 742 -6 24 1 55 51
1509 12 903 742 -6 24 0 55 51
1510 8 500 0 6 -12851 1 60 0
1511 8 742 0 -24 -12851 1 55 0
1512 8 1100 0 6 -12851 1 55 0
1513 8 1100 0 -24 -12851 1 60 0
1514 12 742 1100 6 -24 0 51 51
1515 8 500 0 -24 -12851 1 55 0
1516 8 903 0 24 -12851 1 60 0
1517 8 903 0 -6 -12851 0 60 0
1518 8 1100 0 -24 -12851 0 55 0
1519 8 500 0 6 -12851 0 60 0
1520 8 500 0 24 -12851 1 60 0
1521 12 1100 742 -6 24 1 51 55
1522 8 903 0 24 -12851 0 60 0
1523 12 742 1100 -6 24 0 55 55
1524 8 500 0 -6 -12851 1 55 0
1525 12 742 903 -6 24 0 51 51
1526 8 903 0 -24 -12851 0 60 0
1527 12 609 742 6 -24 1 51 55
1528 8 903 0 24 -12851 1 55 0
1529 12 903 742 6 -24 1 55 51
1530 12 742 1100 6 -24 1 55 55
1531 8 500 0 24 -12851 0 55 0
1532 8 609 0 -6 -12851 0 60 0
1533 8 742 0 -6 -12851 1 60 0
1534 12 903 742 6 -24 1 51 51
1535 8 1100 0 -6 -12851 1 60 0
1536 8 742 0 24 -12851 1 60 0
1537 8 742 0 6 -12851 0 60 0
1538 8 1100 0 6 -12851 1 60 0
1539 8 609 0 -6 -12851 0 55 0
1540 8 1100 0 6 -12851 1 55 0
1541 8 609 0 -6 -12851 1 60 0
1542 8 903 0 24 -12851 1 60 0
1543 8 903 0 24 -12851 0 55 0
1544 8 903 0 -24 -12851 1 60 0
1545 12 742 500 -6 24 1 51 51
1546 12 742 609 6 -24 1 51 55
1547 8 903 0 24 -12851 1 60 0
1548 8 742 0 -6 -12851 1 60 0
1549 8 742 0 6 -12851 1 55 0
1550 8 500 0 -24 -12851 1 55 0
1551 8 1100 0 -6 -12851 1 55 0
1552 12 742 609 -6 24 1 51 51
1553 12 742 500 6 -24 0 51 55
1554 12 742 903 -6 24 0 55 51
1555 8 609 0 -24 -12851 0 55 0
1556 8 609 0 -24 -12851 0 60 0
1557 8 609 0 24 -12851 0 55 0
1558 8 1100 0 -6 -12851 0 55 0
1559 12 609 742 6 -24 0 51 55
1560 8 500 0 6 -12851 0 55 0
1561 8 500 0 -24 -12851 0 60 0
1562 8 1100 0 24 -12851 0 60 0
1563 8 742 0 24 -12851 0 60 0
1564 12 609 742 6 -24 0 51 51
1565 12 609 742 -6 24 1 55 51
1566 12 742 500 -6 24 1 55 55
1567 8 1100 0 6 -12851 0 55 0
1568 12 742 500 6 -24 0 51 55
1569 12 742 903 -6 24 0 55 51
1570 8 1100 0 -6 -12851 0 55 0
1571 12 500 742 -6 24 0 55 55
1572 8 609 0 6 -12851 0 60 0
1573 8 903 0 6 -12851 0 60 0
1574 8 609 0 24 -12851 0 60 0
1575 12 742 903 6 -24 0 51 51
1576 12 609 742 -6 24 0 55 55
1577 8 742 0 -6 -12851 0 60 0
1578 8 609 0 24 -12851 0 60 0
1579 12 500 742 6 -24 0 51 55
