289 8 500 0 -6 -12851 1 55 0
290 8 903 0 24 -12851 0 55 0
291 12 1100 742 6 -24 1 55 51
292 8 500 0 -6 -12851 1 60 0
293 8 500 0 24 -12851 1 55 0
294 12 1100 742 6 -24 1 51 55
295 8 742 0 -6 -12851 1 55 0
296 8 1100 0 -24 -12851 1 55 0
297 12 742 1100 -6 24 1 55 55
298 12 1100 742 6 -24 0 55 51
299 8 1100 0 6 -12851 1 60 0
300 12 742 609 -6 24 0 51 55
301 12 1100 742 -6 24 1 55 55
302 12 903 742 6 -24 1 55 55
303 8 609 0 -24 -12851 1 55 0
304 8 609 0 -6 -12851 1 60 0
305 8 609 0 -24 -12851 1 60 0
306 12 500 742 6 -24 0 51 51
307 12 742 609 6 -24 1 55 51
308 8 1100 0 6 -12851 1 60 0
309 8 1100 0 6 -12851 1 55 0
310 8 609 0 -6 -12851 0 55 0
311 12 742 903 6 -24 1 51 55
312 8 609 0 6 -12851 1 55 0
313 8 742 0 -24 -12851 1 60 0
314 12 500 742 6 -24 0 55 55
315 8 742 0 24 -12851 1 60 0
316 8 609 0 6 -12851 1 60 0
317 8 742 0 24 -12851 1 60 0
318 8 500 0 6 -12851 0 60 0
319 8 903 0 6 -12851 1 60 0
320 12 742 903 6 -24 1 55 55
321 12 742 500 6 -24 0 55 51
322 8 500 0 24 -12851 0 60 0
323 12 609 742 -6 24 0 55 51
324 8 903 0 -24 -12851 1 55 0
325 12 742 609 -6 24 1 55 51
326 8 1100 0 -6 -12851 0 60 0
327 12 742 500 -6 24 0 55 51
328 8 903 0 -24 -12851 0 55 0
329 8 500 0 -24 -12851 1 60 0
330 8 1100 0 6 -12851 1 60 0
331 8 903 0 24 -12851 1 60 0
332 8 903 0 -24 -12851 1 60 0
333 8 609 0 -6 -12851 1 55 0
334 12 742 609 6 -24 1 55 55
335 12 742 903 -6 24 0 55 55
336 8 903 0 6 -12851 1 60 0
337 12 609 742 -6 24 1 55 51
338 8 1100 0 -6 -12851 1 60 0
339 8 500 0 24 -12851 1 55 0
340 8 500 0 6 -12851 1 55 0
341 8 609 0 -24 -12851 1 60 0
342 12 742 1100 6 -24 1 55 55
343 12 742 1100 -6 24 1 51 55
344 12 742 500 6 -24 1 51 51
345 8 903 0 -6 -12851 0 55 0
346 8 500 0 6 -12851 1 55 0
347 8 1100 0 6 -12851 1 55 0
348 8 1100 0 6 -12851 1 55 0
349 12 1100 742 -6 24 1 51 55
350 8 742 0 24 -12851 1 60 0
351 8 742 0 -6 -12851 1 60 0
352 8 609 0 -6 -12851 0 55 0
353 8 742 0 24 -12851 0 60 0
354 8 742 0 -6 -12851 0 55 0
355 8 742 0 24 -12851 1 60 0
356 8 742 0 6 -12851 1 55 0
357 12 742 609 6 -24 1 55 55
358 8 742 0 6 -12851 1 60 0
359 8 500 0 24 -12851 1 55 0
360 8 500 0 -6 -12851 0 60 0
361 8 500 0 -6 -12851 1 55 0
362 8 609 0 24 -12851 1 60 0
363 12 742 500 6 -24 1 55 55
364 12 1100 742 6 -24 0 55 51
365 8 609 0 24 -12851 1 55 0
366 8 903 0 24 -12851 1 60 0
367 12 742 500 6 -24 1 55 51
368 12 609 742 -6 24 1 55 55
369 8 1100 0 6 -12851 1 55 0
370 8 903 0 -6 -12851 0 60 0
371 8 903 0 24 -12851 1 60 0
372 12 742 500 6 -24 1 51 55
373 8 1100 0 -24 -12851 1 60 0
374 12 742 1100 -6 24 1 55 55
375 8 1100 0 -6 -12851 0 55 0
376 8 609 0 -6 -12851 1 55 0
377 8 742 0 24 -12851 1 60 0
378 12 609 742 6 -24 1 51 55
379 8 742 0 -24 -12851 1 60 0
380 12 903 742 -6 24 1 55 55
381 12 609 742 -6 24 0 55 51
382 8 742 0 -6 -12851 1 60 0
383 12 742 500 6 -24 1 55 51
384 8 1100 0 -24 -12851 0 60 0
385 8 500 0 -6 -12851 0 60 0
386 8 500 0 6 -12851 1 55 0
387 8 500 0 -24 -12851 1 55 0
388 12 903 742 6 -24 1 55 55
389 8 1100 0 6 -12851 1 60 0
390 8 903 0 24 -12851 1 60 0
391 12 1100 742 6 -24 1 51 55
392 12 609 742 6 -24 1 51 51
393 12 609 742 -6 24 1 55 55
394 8 609 0 24 -12851 1 60 0
395 12 742 500 6 -24 1 55 51
396 8 1100 0 6 -12851 1 55 0
397 12 742 1100 6 -24 0 51 55
398 12 500 742 -6 24 0 51 51
399 8 903 0 6 -12851 1 55 0
400 8 903 0 24 -12851 1 55 0
401 12 500 742 -6 24 1 51 55
402 12 742 903 6 -24 1 51 55
403 8 609 0 -24 -12851 1 55 0
404 8 609 0 24 -12851 1 55 0
405 12 742 903 -6 24 0 55 55
406 8 742 0 6 -12851 1 60 0
407 8 500 0 24 -12851 0 55 0
408 8 500 0 -6 -12851 0 60 0
409 12 1100 742 6 -24 1 55 55
410 8 742 0 24 -12851 1 55 0
411 8 903 0 -6 -12851 1 60 0
412 8 903 0 -6 -12851 1 55 0
413 12 742 609 -6 24 0 55 51
414 12 742 500 -6 24 0 51 55
415 8 500 0 6 -12851 1 55 0
416 8 903 0 24 -12851 1 55 0
417 8 742 0 -24 -12851 1 60 0
418 8 742 0 -6 -12851 0 60 0
419 8 500 0 -24 -12851 1 55 0
420 12 742 500 -6 24 1 51 51
421 8 1100 0 24 -12851 1 60 0
422 12 500 742 6 -24 0 55 55
423 8 609 0 6 -12851 1 55 0
424 8 609 0 -6 -12851 1 55 0
425 12 500 742 -6 24 0 55 51
426 12 742 609 -6 24 1 55 55
427 12 742 903 -6 24 1 51 55
428 8 609 0 -24 -12851 1 55 0
429 12 609 742 6 -24 1 51 55
430 12 742 903 -6 24 1 51 55
431 8 1100 0 -24 -12851 1 55 0
432 8 1100 0 -24 -12851 0 60 0
433 12 500 742 6 -24 1 55 55
434 8 500 0 -24 -12851 1 55 0
435 8 500 0 24 -12851 1 55 0
436 8 609 0 6 -12851 1 55 0
437 8 609 0 6 -12851 1 60 0
438 8 742 0 24 -12851 1 60 0
439 8 500 0 -24 -12851 1 60 0
440 8 500 0 6 -12851 1 55 0
441 8 1100 0 24 -12851 1 60 0
442 8 1100 0 -6 -12851 0 60 0
443 8 742 0 -24 -12851 1 60 0
444 12 742 1100 -6 24 1 51 55
445 12 1100 742 6 -24 1 51 51
446 8 903 0 -24 -12851 0 60 0
447 8 609 0 -24 -12851 0 60 0
448 8 742 0 6 -12851 1 55 0
449 12 742 1100 -6 24 1 51 51
450 8 903 0 6 -12851 1 60 0
451 12 742 609 6 -24 1 51 55
452 12 1100 742 -6 24 1 51 55
453 12 609 742 -6 24 0 51 51
454 8 1100 0 24 -12851 1 60 0
455 8 903 0 -6 -12851 1 60 0
456 8 903 0 -6 -12851 0 55 0
457 12 609 742 -6 24 1 51 51
458 12 742 609 6 -24 1 55 55
459 8 903 0 -24 -12851 1 55 0
460 8 742 0 -6 -12851 0 60 0
461 8 742 0 -6 -12851 0 60 0
462 8 500 0 24 -12851 1 55 0
463 8 1100 0 -24 -12851 0 60 0
464 12 742 609 -6 24 1 55 51
465 12 609 742 6 -24 1 51 51
466 12 742 1100 -6 24 1 51 51
467 8 742 0 -24 -12851 1 55 0
468 12 742 500 -6 24 0 55 55
469 8 500 0 -6 -12851 0 60 0
470 12 903 742 -6 24 1 55 55
471 12 903 742 6 -24 1 51 55
472 8 1100 0 -6 -12851 1 60 0
473 12 742 500 6 -24 1 55 51
474 8 1100 0 24 -12851 1 60 0
475 8 500 0 -6 -12851 0 60 0
476 8 903 0 -6 -12851 0 55 0
477 8 609 0 -24 -12851 1 55 0
478 8 903 0 24 -12851 1 60 0
479 8 609 0 -24 -12851 1 55 0
480 12 742 1100 -6 24 0 55 55
481 12 609 742 -6 24 0 55 55
482 8 609 0 -6 -12851 1 55 0
483 8 1100 0 24 -12851 1 55 0
484 8 1100 0 6 -12851 1 55 0
485 8 742 0 -6 -12851 1 55 0
486 8 609 0 -6 -12851 0 55 0
487 12 609 742 6 -24 1 55 55
488 8 742 0 -6 -12851 1 55 0
489 8 500 0 6 -12851 1 55 0
490 8 742 0 -6 -12851 0 55 0
491 8 500 0 -24 -12851 1 60 0
492 12 1100 742 -6 24 1 51 51
493 12 742 903 6 -24 1 55 55
494 8 1100 0 -6 -12851 0 55 0
495 8 1100 0 -6 -12851 0 55 0
496 8 500 0 -6 -12851 0 60 0
497 8 903 0 24 -12851 1 60 0
498 12 1100 742 -6 24 0 55 51
499 8 903 0 -6 -12851 1 60 0
500 8 609 0 -6 -12851 0 60 0
501 12 903 742 6 -24 1 55 55
502 8 609 0 24 -12851 0 60 0
503 8 903 0 6 -12851 1 60 0
504 12 742 500 6 -24 1 55 55
505 8 609 0 24 -12851 1 55 0
506 8 609 0 -24 -12851 1 60 0
507 8 1100 0 -6 -12851 1 55 0
508 8 742 0 -24 -12851 1 55 0
509 8 609 0 6 -12851 1 55 0
510 12 742 609 -6 24 1 51 51
511 12 742 500 6 -24 1 55 51
512 8 903 0 6 -12851 1 55 0
513 8 609 0 -6 -12851 0 55 0
514 8 903 0 6 -12851 1 60 0
515 12 742 609 -6 24 1 55 51
516 8 500 0 24 -12851 1 60 0
517 8 742 0 6 -12851 1 55 0
518 8 1100 0 6 -12851 1 60 0
519 8 742 0 -24 -12851 1 55 0
520 12 742 903 6 -24 0 51 55
521 8 500 0 24 -12851 1 60 0
522 8 500 0 -24 -12851 1 60 0
523 8 903 0 24 -12851 1 60 0
524 8 1100 0 -6 -12851 0 55 0
525 8 500 0 -24 -12851 1 60 0
526 8 500 0 -24 -12851 1 55 0
527 8 742 0 -6 -12851 0 60 0
528 8 500 0 6 -12851 1 55 0
529 12 1100 742 6 -24 1 55 51
530 8 742 0 24 -12851 1 55 0
531 8 500 0 6 -12851 1 60 0
532 8 742 0 6 -12851 1 60 0
533 8 903 0 24 -12851 1 60 0
534 8 903 0 -24 -12851 1 60 0
535 8 903 0 -6 -12851 0 60 0
536 8 609 0 -24 -12851 1 60 0
537 8 1100 0 24 -12851 1 55 0
538 8 609 0 -24 -12851 1 55 0
539 8 1100 0 -24 -12851 1 55 0
540 8 609 0 6 -12851 1 55 0
541 8 1100 0 -6 -12851 1 60 0
542 8 500 0 -6 -12851 1 60 0
543 8 500 0 -24 -12851 1 60 0
544 12 903 742 6 -24 1 55 55
545 8 1100 0 24 -12851 1 55 0
546 8 609 0 6 -12851 1 55 0
547 8 500 0 6 -12851 1 55 0
548 8 903 0 24 -12851 1 55 0
549 8 742 0 6 -12851 1 55 0
550 8 1100 0 -6 -12851 0 55 0
551 8 742 0 6 -12851 1 60 0
552 12 1100 742 6 -24 0 55 55
553 12 500 742 6 -24 1 51 51
554 8 742 0 6 -12851 1 60 0
555 8 500 0 -6 -12851 0 60 0
556 8 1100 0 -24 -12851 1 55 0
557 8 609 0 24 -12851 1 55 0
558 8 903 0 -24 -12851 1 60 0
559 8 609 0 -24 -12851 1 55 0
560 8 903 0 -6 -12851 1 55 0
561 12 742 609 -6 24 1 55 55
562 8 609 0 6 -12851 1 60 0
563 8 609 0 -6 -12851 0 55 0
564 8 609 0 6 -12851 1 55 0
565 12 609 742 6 -24 1 51 51
566 12 742 609 6 -24 1 55 55
567 8 742 0 -6 -12851 0 60 0
568 8 1100 0 -6 -12851 0 55 0
569 12 742 903 6 -24 0 55 55
570 8 742 0 6 -12851 1 55 0
571 8 742 0 6 -12851 1 60 0
572 12 500 742 -6 24 1 55 55
573 8 903 0 24 -12851 1 60 0
574 8 500 0 -6 -12851 1 55 0
575 8 903 0 -6 -12851 0 55 0
576 8 903 0 6 -12851 1 60 0
577 8 500 0 -24 -12851 1 60 0
578 12 500 742 -6 24 1 51 51
579 12 742 1100 6 -24 0 51 55
580 8 609 0 24 -12851 1 60 0
581 8 500 0 6 -12851 1 60 0
582 8 1100 0 -24 -12851 1 60 0
583 8 1100 0 -24 -12851 0 55 0
584 12 1100 742 -6 24 0 51 55
585 8 609 0 -24 -12851 1 60 0
586 8 609 0 24 -12851 1 60 0
587 8 742 0 -6 -12851 0 55 0
588 8 1100 0 24 -12851 0 60 0
589 8 742 0 24 -12851 1 60 0
590 8 500 0 -24 -12851 1 60 0
591 12 742 500 6 -24 1 55 55
592 8 742 0 24 -12851 1 60 0
593 8 500 0 -24 -12851 1 55 0
594 8 500 0 24 -12851 1 55 0
595 12 742 1100 6 -24 0 55 55
596 12 903 742 -6 24 1 51 55
597 12 1100 742 6 -24 0 51 55
598 8 609 0 -6 -12851 1 55 0
599 8 1100 0 -24 -12851 1 60 0
600 8 1100 0 24 -12851 1 60 0
601 12 742 903 -6 24 0 51 51
602 8 609 0 -24 -12851 1 55 0
603 12 609 742 6 -24 1 51 55
604 8 903 0 24 -12851 1 55 0
605 8 903 0 -6 -12851 0 60 0
606 8 903 0 24 -12851 1 55 0
607 8 742 0 -6 -12851 0 55 0
608 8 742 0 -24 -12851 1 60 0
609 12 742 903 6 -24 1 51 51
610 8 742 0 24 -12851 1 55 0
611 8 742 0 -24 -12851 0 55 0
612 12 609 742 6 -24 1 55 55
613 8 1100 0 24 -12851 1 55 0
614 8 903 0 6 -12851 1 55 0
615 12 500 742 -6 24 0 51 55
616 8 903 0 24 -12851 1 55 0
617 8 609 0 -6 -12851 1 60 0
618 8 1100 0 6 -12851 1 55 0
619 8 903 0 24 -12851 0 55 0
620 8 1100 0 -24 -12851 1 55 0
621 8 500 0 24 -12851 1 60 0
622 8 609 0 -24 -12851 1 55 0
623 12 742 609 6 -24 1 51 55
624 8 609 0 6 -12851 1 60 0
625 8 500 0 6 -12851 1 60 0
626 12 500 742 6 -24 1 51 51
627 8 500 0 -24 -12851 1 60 0
628 8 903 0 -24 -12851 1 60 0
629 8 903 0 6 -12851 1 60 0
630 8 1100 0 6 -12851 1 60 0
631 12 742 609 -6 24 0 51 55
632 12 903 742 6 -24 1 51 55
633 8 500 0 24 -12851 1 60 0
634 12 742 500 6 -24 1 51 51
635 12 742 609 -6 24 0 51 51
636 12 742 1100 6 -24 0 55 51
637 8 742 0 -24 -12851 0 60 0
638 8 742 0 6 -12851 1 60 0
639 8 742 0 -24 -12851 1 60 0
640 12 903 742 -6 24 1 51 51
641 8 903 0 -24 -12851 1 60 0
642 8 1100 0 -6 -12851 1 55 0
643 12 903 742 6 -24 1 51 51
644 8 1100 0 -24 -12851 1 60 0
645 8 903 0 -6 -12851 0 55 0
646 8 500 0 -24 -12851 1 60 0
647 8 609 0 -24 -12851 1 55 0
648 8 500 0 -24 -12851 0 60 0
649 12 742 609 6 -24 1 51 51
650 8 609 0 -6 -12851 0 60 0
651 12 500 742 6 -24 1 51 51
652 12 742 1100 -6 24 1 51 51
653 12 903 742 6 -24 1 51 51
654 8 609 0 -6 -12851 0 60 0
655 12 742 500 6 -24 1 51 55
656 12 903 742 -6 24 0 51 55
657 8 742 0 -6 -12851 0 55 0
658 8 742 0 -6 -12851 0 60 0
659 8 903 0 6 -12851 0 60 0
660 12 1100 742 -6 24 1 51 55
661 8 1100 0 24 -12851 1 55 0
662 12 1100 742 6 -24 0 51 51
663 12 903 742 -6 24 0 51 55
664 12 903 742 -6 24 1 51 51
665 8 609 0 6 -12851 1 60 0
666 8 1100 0 6 -12851 1 60 0
667 8 903 0 6 -12851 1 60 0
668 12 903 742 6 -24 1 51 55
669 8 742 0 6 -12851 1 55 0
670 12 500 742 6 -24 1 51 51
671 12 742 903 6 -24 1 51 55
672 8 903 0 -24 -12851 0 60 0
673 8 609 0 -24 -12851 1 60 0
674 8 742 0 24 -12851 1 60 0
675 8 1100 0 -24 -12851 1 55 0
676 8 609 0 -6 -12851 1 55 0
677 12 609 742 -6 24 1 55 55
678 8 500 0 -24 -12851 1 55 0
679 8 500 0 6 -12851 1 60 0
680 12 742 903 6 -24 1 55 51
681 8 500 0 24 -12851 1 60 0
682 8 742 0 -24 -12851 0 55 0
683 8 742 0 6 -12851 1 55 0
684 8 1100 0 -24 -12851 1 55 0
685 8 742 0 24 -12851 1 60 0
686 12 742 609 -6 24 1 51 55
687 8 500 0 -24 -12851 0 55 0
688 8 609 0 6 -12851 1 55 0
689 12 903 742 6 -24 1 51 55
690 8 742 0 -6 -12851 0 55 0
691 12 742 903 6 -24 0 55 55
692 12 500 742 -6 24 1 51 55
693 8 500 0 -24 -12851 0 60 0
694 8 1100 0 24 -12851 1 55 0
695 8 609 0 24 -12851 1 60 0
696 8 609 0 -6 -12851 0 60 0
697 8 1100 0 24 -12851 1 60 0
698 8 903 0 6 -12851 1 55 0
699 12 742 1100 -6 24 0 55 51
700 8 500 0 -6 -12851 1 55 0
701 12 1100 742 -6 24 0 51 55
702 8 903 0 6 -12851 1 55 0
703 8 903 0 -6 -12851 0 60 0
704 12 609 742 -6 24 1 55 51
705 8 609 0 6 -12851 1 60 0
706 12 903 742 6 -24 1 55 55
707 12 742 903 -6 24 1 51 51
708 8 609 0 24 -12851 1 55 0
709 8 609 0 -6 -12851 0 60 0
710 12 742 1100 6 -24 1 55 51
711 8 609 0 24 -12851 1 60 0
712 12 1100 742 6 -24 1 55 55
713 12 903 742 -6 24 0 51 55
714 12 742 903 6 -24 1 51 51
715 12 742 500 6 -24 1 55 51
716 12 500 742 6 -24 0 55 51
717 12 742 1100 6 -24 0 51 51
718 8 742 0 -24 -12851 1 60 0
719 8 1100 0 -24 -12851 1 60 0
720 12 903 742 -6 24 0 55 55
721 8 500 0 -6 -12851 1 60 0
722 8 742 0 -6 -12851 0 60 0
723 12 742 609 6 -24 1 55 55
724 8 500 0 -6 -12851 0 55 0
725 12 500 742 -6 24 1 55 55
726 8 903 0 -6 -12851 1 60 0
727 12 742 903 6 -24 1 51 51
728 12 742 500 -6 24 0 51 55
729 12 500 742 6 -24 1 55 55
730 12 500 742 -6 24 1 51 51
731 12 742 1100 6 -24 0 51 55
732 8 903 0 -6 -12851 0 60 0
733 12 1100 742 -6 24 1 51 51
734 8 500 0 -24 -12851 1 60 0
735 8 1100 0 -24 -12851 1 55 0
736 12 742 903 -6 24 1 55 51
737 8 903 0 -24 -12851 1 55 0
738 12 903 742 6 -24 1 51 51
739 8 1100 0 -24 -12851 1 55 0
740 8 742 0 -6 -12851 0 60 0
741 8 500 0 24 -12851 1 55 0
742 12 742 1100 -6 24 1 51 55
743 12 500 742 6 -24 1 51 51
744 8 500 0 -24 -12851 1 60 0
745 8 609 0 -6 -12851 0 55 0
746 12 500 742 -6 24 1 55 55
747 12 1100 742 -6 24 0 55 55
748 8 609 0 24 -12851 1 60 0
749 8 742 0 24 -12851 1 60 0
750 8 500 0 -24 -12851 1 55 0
751 12 742 609 -6 24 1 55 55
752 12 500 742 -6 24 0 55 55
753 8 500 0 -6 -12851 0 55 0
754 12 742 500 6 -24 1 55 51
755 12 903 742 6 -24 1 51 51
756 8 1100 0 -24 -12851 1 55 0
757 8 1100 0 -6 -12851 1 55 0
758 12 1100 742 6 -24 1 55 51
759 12 609 742 -6 24 0 51 51
760 8 742 0 6 -12851 1 60 0
761 8 903 0 -24 -12851 1 55 0
762 8 609 0 -6 -12851 1 55 0
763 8 742 0 6 -12851 1 55 0
764 8 903 0 6 -12851 1 55 0
765 8 1100 0 24 -12851 1 55 0
766 12 742 609 6 -24 1 51 51
767 12 742 500 6 -24 1 55 51
768 8 903 0 -6 -12851 1 55 0
769 8 742 0 -6 -12851 0 55 0
770 12 609 742 6 -24 1 55 55
771 8 742 0 -6 -12851 0 60 0
772 12 903 742 6 -24 1 55 55
773 8 742 0 -24 -12851 1 60 0
774 8 903 0 -24 -12851 1 60 0
775 8 609 0 6 -12851 1 55 0
776 8 609 0 -6 -12851 0 60 0
777 8 903 0 -24 -12851 1 55 0
778 8 903 0 24 -12851 1 55 0
779 8 1100 0 -6 -12851 0 55 0
780 8 609 0 6 -12851 1 55 0
781 8 1100 0 -6 -12851 0 55 0
782 12 742 609 -6 24 1 51 51
783 8 1100 0 6 -12851 1 60 0
784 12 903 742 -6 24 0 55 51
785 8 742 0 6 -12851 1 60 0
786 8 500 0 -6 -12851 0 55 0
787 8 500 0 -6 -12851 0 55 0
788 8 500 0 -24 -12851 1 55 0
789 12 742 609 -6 24 1 55 55
790 8 742 0 -24 -12851 1 60 0
791 8 742 0 24 -12851 1 55 0
792 12 500 742 -6 24 1 51 51
793 8 742 0 6 -12851 1 55 0
794 8 903 0 -6 -12851 0 55 0
795 12 903 742 6 -24 0 51 55
796 12 1100 742 -6 24 0 55 55
797 12 500 742 6 -24 0 51 51
798 8 609 0 6 -12851 1 60 0
799 8 609 0 -24 -12851 1 55 0
800 8 903 0 24 -12851 0 60 0
801 8 903 0 6 -12851 1 55 0
802 8 1100 0 24 -12851 1 60 0
803 12 742 903 -6 24 1 55 55
804 12 742 1100 -6 24 1 55 51
805 8 609 0 24 -12851 1 55 0
806 8 1100 0 -6 -12851 0 55 0
807 8 1100 0 6 -12851 1 60 0
808 8 742 0 6 -12851 1 55 0
809 12 742 500 -6 24 1 51 51
810 12 500 742 6 -24 0 51 55
811 12 742 609 -6 24 1 51 51
812 12 742 903 -6 24 0 55 51
813 8 500 0 6 -12851 1 55 0
814 8 500 0 -6 -12851 1 60 0
815 12 742 903 -6 24 1 55 51
816 12 742 1100 6 -24 0 51 55
817 8 500 0 -6 -12851 1 60 0
818 12 742 1100 -6 24 0 55 51
819 12 742 1100 -6 24 1 55 55
820 12 1100 742 -6 24 1 51 51
821 12 1100 742 -6 24 0 55 55
822 8 609 0 24 -12851 1 60 0
823 12 742 903 6 -24 1 51 55
824 12 1100 742 6 -24 1 51 51
825 12 742 1100 -6 24 1 51 55
826 8 609 0 24 -12851 0 55 0
827 8 1100 0 -24 -12851 1 55 0
828 8 500 0 -6 -12851 1 55 0
829 8 609 0 24 -12851 1 60 0
830 8 903 0 -6 -12851 0 60 0
831 12 742 500 6 -24 1 51 55
832 8 1100 0 -24 -12851 1 60 0
833 12 742 903 6 -24 0 55 55
834 8 742 0 6 -12851 1 60 0
835 12 742 903 6 -24 0 51 55
836 8 609 0 -24 -12851 1 60 0
837 8 1100 0 24 -12851 1 60 0
838 12 500 742 6 -24 1 55 55
839 12 1100 742 6 -24 1 51 51
840 12 903 742 -6 24 1 55 51
841 8 742 0 6 -12851 1 60 0
842 8 500 0 24 -12851 1 60 0
843 8 903 0 -6 -12851 0 55 0
844 8 742 0 24 -12851 1 55 0
845 8 500 0 -6 -12851 0 60 0
846 8 903 0 6 -12851 1 60 0
847 8 742 0 6 -12851 1 60 0
848 12 609 742 6 -24 1 55 55
849 8 742 0 24 -12851 1 60 0
850 8 500 0 -6 -12851 0 60 0
851 8 1100 0 24 -12851 1 55 0
852 8 1100 0 6 -12851 1 55 0
853 8 1100 0 -6 -12851 1 60 0
854 8 903 0 -6 -12851 1 60 0
855 8 500 0 -6 -12851 0 55 0
856 8 609 0 6 -12851 1 60 0
857 8 609 0 6 -12851 1 55 0
858 8 903 0 24 -12851 1 60 0
859 8 742 0 -24 -12851 1 60 0
860 12 609 742 6 -24 1 55 51
861 8 903 0 24 -12851 0 55 0
862 12 742 903 6 -24 0 55 55
863 8 609 0 6 -12851 1 60 0
864 8 500 0 24 -12851 1 55 0
865 8 742 0 -24 -12851 1 55 0
866 8 609 0 24 -12851 1 60 0
867 8 609 0 6 -12851 1 60 0
868 12 500 742 -6 24 1 55 55
869 12 609 742 -6 24 0 51 55
870 12 1100 742 -6 24 0 51 51
871 12 609 742 6 -24 1 51 51
872 8 1100 0 24 -12851 1 60 0
873 8 903 0 24 -12851 1 55 0
874 8 742 0 -24 -12851 1 60 0
875 8 1100 0 24 -12851 1 55 0
876 12 1100 742 6 -24 1 51 51
877 8 903 0 24 -12851 1 55 0
878 12 903 742 6 -24 1 51 55
879 8 1100 0 24 -12851 1 60 0
880 12 742 500 -6 24 1 51 51
881 8 609 0 6 -12851 1 55 0
882 8 500 0 24 -12851 1 60 0
883 8 609 0 -6 -12851 0 60 0
884 12 742 903 -6 24 1 51 51
885 12 1100 742 6 -24 1 55 55
886 8 500 0 6 -12851 1 60 0
887 12 742 903 -6 24 1 55 55
888 8 500 0 6 -12851 1 55 0
889 12 742 500 6 -24 1 55 55
890 8 742 0 24 -12851 1 55 0
891 12 742 1100 6 -24 1 55 55
892 8 742 0 -24 -12851 1 60 0
893 8 903 0 24 -12851 1 55 0
894 12 742 1100 6 -24 1 55 55
895 8 742 0 -24 -12851 1 55 0
896 12 742 500 6 -24 0 51 55
897 12 609 742 6 -24 1 51 55
898 8 742 0 -24 -12851 1 55 0
899 8 1100 0 24 -12851 1 55 0
900 12 1100 742 6 -24 0 55 55
901 12 742 1100 -6 24 1 51 51
902 8 609 0 24 -12851 0 60 0
903 12 500 742 -6 24 1 55 55
904 8 609 0 -24 -12851 1 55 0
905 8 742 0 24 -12851 1 60 0
906 12 742 500 6 -24 1 55 55
907 8 903 0 24 -12851 1 60 0
908 12 742 500 6 -24 1 51 51
909 8 1100 0 -24 -12851 1 60 0
910 12 742 903 6 -24 1 51 55
911 12 742 500 6 -24 1 51 55
912 8 903 0 -6 -12851 1 55 0
913 8 609 0 -6 -12851 0 60 0
914 12 742 1100 -6 24 1 55 55
915 12 609 742 -6 24 1 55 55
916 8 500 0 -24 -12851 1 60 0
917 12 609 742 6 -24 1 55 55
918 8 1100 0 -6 -12851 1 55 0
919 12 609 742 6 -24 0 55 51
920 12 1100 742 -6 24 1 51 51
921 12 609 742 -6 24 0 55 55
922 8 500 0 -24 -12851 1 55 0
923 12 903 742 6 -24 1 51 51
924 8 742 0 6 -12851 1 55 0
925 8 500 0 -6 -12851 0 55 0
926 12 742 609 6 -24 1 51 51
927 12 609 742 -6 24 1 51 51
928 8 903 0 6 -12851 1 55 0
929 8 903 0 6 -12851 1 55 0
930 8 903 0 24 -12851 1 60 0
931 12 742 903 6 -24 0 55 55
932 12 742 1100 -6 24 1 51 55
933 8 903 0 -6 -12851 0 55 0
934 8 742 0 -6 -12851 0 55 0
935 8 742 0 6 -12851 1 60 0
936 8 1100 0 -6 -12851 0 55 0
937 8 500 0 -24 -12851 1 60 0
938 8 903 0 -6 -12851 0 55 0
939 12 500 742 -6 24 1 55 51
940 12 742 1100 -6 24 0 55 51
941 8 500 0 -6 -12851 1 55 0
942 8 500 0 -24 -12851 1 55 0
943 8 742 0 -6 -12851 1 55 0
944 8 1100 0 6 -12851 1 60 0
945 12 742 903 6 -24 1 55 55
946 8 1100 0 -24 -12851 1 55 0
947 8 609 0 6 -12851 1 60 0
948 8 609 0 -24 -12851 1 60 0
949 12 742 1100 -6 24 1 51 55
950 8 609 0 6 -12851 1 60 0
951 8 500 0 24 -12851 1 60 0
952 12 1100 742 -6 24 1 51 51
953 8 500 0 6 -12851 1 60 0
954 8 500 0 24 -12851 1 55 0
955 12 1100 742 6 -24 0 51 51
956 8 1100 0 6 -12851 1 60 0
957 12 742 500 6 -24 1 51 55
958 8 609 0 -6 -12851 0 55 0
959 8 1100 0 -24 -12851 1 60 0
960 12 742 609 -6 24 1 51 51
961 8 609 0 24 -12851 1 60 0
962 8 903 0 24 -12851 1 55 0
963 8 1100 0 24 -12851 1 60 0
964 12 500 742 -6 24 0 51 51
965 8 500 0 6 -12851 1 55 0
966 8 903 0 -24 -12851 0 60 0
967 12 1100 742 -6 24 1 51 51
968 12 500 742 6 -24 0 55 51
969 8 742 0 24 -12851 1 60 0
970 8 903 0 6 -12851 1 60 0
971 12 742 903 -6 24 0 51 55
972 8 742 0 24 -12851 1 60 0
973 12 1100 742 6 -24 1 51 51
974 8 609 0 -6 -12851 1 60 0
975 8 742 0 6 -12851 1 55 0
976 12 500 742 -6 24 0 55 55
977 12 500 742 -6 24 0 55 55
978 12 742 500 6 -24 1 55 55
979 8 500 0 -6 -12851 1 60 0
980 8 500 0 24 -12851 1 55 0
981 12 742 609 6 -24 1 51 51
982 12 903 742 -6 24 0 55 55
983 12 742 500 -6 24 1 51 51
984 12 742 500 -6 24 1 55 55
985 8 500 0 -6 -12851 1 55 0
986 8 742 0 24 -12851 1 55 0
987 8 500 0 -6 -12851 0 60 0
988 8 742 0 -24 -12851 0 55 0
989 12 609 742 -6 24 0 55 55
990 12 500 742 -6 24 1 55 51
991 12 500 742 6 -24 1 55 51
992 12 742 1100 6 -24 0 55 51
993 8 609 0 -6 -12851 0 55 0
994 12 742 903 -6 24 1 51 51
995 8 903 0 24 -12851 1 60 0
996 12 742 500 6 -24 1 55 51
997 12 1100 742 6 -24 0 55 55
998 8 742 0 -6 -12851 0 55 0
999 12 903 742 -6 24 0 51 55
1000 8 609 0 -24 -12851 1 60 0
1001 8 903 0 24 -12851 1 55 0
1002 12 742 609 6 -24 0 55 55
1003 12 742 609 -6 24 0 55 55
1004 8 1100 0 6 -12851 1 60 0
1005 8 903 0 24 -12851 1 55 0
1006 8 1100 0 -24 -12851 1 60 0
1007 12 903 742 -6 24 1 51 51
1008 12 742 500 6 -24 1 51 51
1009 8 1100 0 -6 -12851 1 55 0
1010 8 609 0 -24 -12851 1 55 0
1011 12 1100 742 6 -24 1 51 55
1012 8 609 0 -6 -12851 1 60 0
1013 8 609 0 -6 -12851 1 55 0
1014 12 742 903 6 -24 1 51 55
1015 12 742 1100 6 -24 0 55 55
1016 12 742 500 6 -24 0 51 55
1017 8 1100 0 -6 -12851 0 55 0
1018 8 609 0 -24 -12851 1 60 0
1019 12 742 500 6 -24 0 51 55
1020 8 903 0 -24 -12851 1 55 0
1021 8 609 0 -6 -12851 0 55 0
1022 8 903 0 -6 -12851 0 55 0
1023 8 903 0 -24 -12851 1 60 0
1024 8 500 0 -24 -12851 1 55 0
1025 8 742 0 6 -12851 1 60 0
1026 8 500 0 -24 -12851 1 60 0
1027 12 609 742 -6 24 1 51 51
1028 12 742 1100 6 -24 0 55 51
1029 8 500 0 -24 -12851 1 55 0
1030 8 1100 0 6 -12851 1 60 0
1031 8 1100 0 24 -12851 1 60 0
1032 12 500 742 6 -24 1 51 51
1033 8 742 0 6 -12851 1 55 0
1034 12 1100 742 -6 24 0 51 55
1035 12 742 609 -6 24 0 51 55
1036 8 742 0 -24 -12851 1 60 0
1037 8 742 0 6 -12851 1 55 0
1038 12 742 1100 -6 24 1 55 51
1039 12 903 742 6 -24 1 55 55
1040 8 742 0 -24 -12851 1 55 0
1041 12 742 1100 -6 24 0 55 55
1042 8 742 0 -6 -12851 0 55 0
1043 8 742 0 -6 -12851 0 60 0
1044 8 1100 0 6 -12851 1 55 0
1045 8 903 0 6 -12851 1 60 0
1046 12 500 742 6 -24 1 55 51
1047 8 903 0 24 -12851 1 55 0
1048 8 609 0 24 -12851 1 60 0
1049 12 742 1100 6 -24 1 55 51
1050 8 1100 0 -6 -12851 0 55 0
1051 12 742 500 -6 24 0 51 51
1052 8 903 0 -24 -12851 1 55 0
1053 12 500 742 -6 24 0 55 51
1054 12 742 1100 -6 24 1 51 55
1055 8 1100 0 24 -12851 0 55 0
1056 8 500 0 24 -12851 0 60 0
1057 12 500 742 -6 24 1 55 51
1058 12 742 500 -6 24 1 55 51
1059 12 609 742 -6 24 0 51 55
1060 12 742 609 6 -24 1 51 51
1061 12 609 742 -6 24 1 55 55
1062 12 1100 742 6 -24 0 55 51
1063 8 609 0 -6 -12851 1 60 0
1064 8 609 0 6 -12851 1 60 0
1065 8 500 0 -24 -12851 1 60 0
1066 12 742 500 -6 24 0 55 55
1067 8 500 0 6 -12851 0 60 0
1068 8 609 0 -6 -12851 1 60 0
1069 8 609 0 6 -12851 0 55 0
1070 8 500 0 24 -12851 1 55 0
1071 8 500 0 -24 -12851 1 55 0
1072 8 903 0 6 -12851 1 60 0
1073 12 742 903 6 -24 1 55 51
1074 12 609 742 6 -24 1 55 51
1075 8 903 0 -6 -12851 0 60 0
1076 12 742 903 -6 24 1 51 51
1077 8 1100 0 -24 -12851 1 60 0
1078 8 1100 0 -6 -12851 0 60 0
1079 12 742 1100 6 -24 1 51 51
1080 12 609 742 6 -24 0 51 55
1081 8 609 0 -24 -12851 0 55 0
1082 8 609 0 -6 -12851 1 55 0
1083 8 903 0 -24 -12851 1 55 0
1084 8 1100 0 6 -12851 1 60 0
1085 8 742 0 -6 -12851 1 55 0
1086 8 742 0 -24 -12851 1 60 0
1087 12 903 742 6 -24 1 51 55
1088 12 1100 742 -6 24 1 51 51
1089 12 742 609 6 -24 1 55 51
1090 12 742 903 6 -24 0 51 55
1091 12 500 742 6 -24 0 51 51
1092 12 500 742 -6 24 0 55 55
1093 12 742 500 6 -24 0 55 55
1094 8 500 0 -6 -12851 0 60 0
1095 12 1100 742 6 -24 0 55 51
1096 8 742 0 6 -12851 1 60 0
1097 8 742 0 6 -12851 0 55 0
1098 12 742 500 -6 24 0 51 55
1099 8 742 0 6 -12851 1 60 0
1100 12 903 742 -6 24 0 51 55
1101 12 903 742 -6 24 0 51 51
1102 8 1100 0 6 -12851 0 60 0
1103 8 742 0 6 -12851 0 60 0
1104 12 742 609 -6 24 0 51 51
1105 12 742 903 6 -24 0 51 55
1106 8 500 0 -6 -12851 0 55 0
1107 12 742 500 6 -24 0 55 55
1108 12 609 742 -6 24 0 51 51
1109 8 1100 0 24 -12851 0 55 0
1110 8 609 0 24 -12851 0 60 0
1111 8 1100 0 -24 -12851 1 60 0
1112 12 500 742 -6 24 0 55 51
1113 12 742 903 6 -24 1 55 55
1114 12 742 1100 6 -24 1 51 55
1115 8 500 0 24 -12851 0 60 0
1116 12 903 742 -6 24 1 55 51
1117 8 500 0 24 -12851 0 60 0
1118 12 742 609 6 -24 0 55 55
1119 8 903 0 -6 -12851 0 60 0
1120 8 903 0 -24 -12851 0 55 0
1121 12 500 742 6 -24 0 51 51
1122 8 742 0 -6 -12851 0 60 0
1123 12 903 742 6 -24 0 51 55
1124 12 609 742 -6 24 0 55 55
1125 8 609 0 24 -12851 0 60 0
1126 8 609 0 -6 -12851 0 60 0
1127 8 903 0 6 -12851 0 55 0
1128 8 609 0 -6 -12851 1 60 0
1129 12 742 1100 6 -24 0 51 51
1130 8 609 0 24 -12851 1 55 0
1131 8 1100 0 -24 -12851 0 60 0
1132 8 609 0 24 -12851 0 60 0
1133 8 903 0 -24 -12851 0 55 0
1134 8 609 0 -6 -12851 0 55 0
1135 8 903 0 6 -12851 0 55 0
1136 8 903 0 24 -12851 0 60 0
1137 8 500 0 -6 -12851 0 60 0
1138 12 500 742 6 -24 0 55 51
1139 8 742 0 24 -12851 0 60 0
1140 12 742 609 -6 24 0 55 55
1141 8 500 0 6 -12851 0 55 0
1142 8 500 0 -6 -12851 0 60 0
1143 8 1100 0 24 -12851 0 60 0
1144 12 742 500 6 -24 0 55 55
1145 12 742 1100 -6 24 0 51 55
1146 12 609 742 6 -24 0 55 55
1147 12 742 903 6 -24 0 55 51
1148 12 500 742 -6 24 0 55 55
1149 8 1100 0 -24 -12851 0 55 0
1150 8 742 0 24 -12851 0 55 0
1151 8 742 0 6 -12851 0 55 0
1152 8 903 0 24 -12851 0 60 0
1153 12 500 742 6 -24 0 55 55
1154 8 903 0 -24 -12851 0 60 0
1155 8 742 0 24 -12851 0 55 0
1156 8 500 0 -24 -12851 0 55 0
1157 12 742 609 -6 24 0 51 51
1158 8 609 0 24 -12851 0 55 0
1159 12 742 1100 -6 24 0 55 51
1160 12 903 742 6 -24 0 55 55
1161 12 742 609 -6 24 0 51 55
1162 8 1100 0 6 -12851 0 60 0
1163 8 742 0 24 -12851 0 60 0
1164 12 742 903 -6 24 0 55 51
1165 8 742 0 -24 -12851 0 55 0
1166 8 1100 0 -24 -12851 0 55 0
1167 12 742 1100 6 -24 0 51 51
1168 12 742 903 6 -24 0 55 55
1169 8 903 0 -24 -12851 0 55 0
1170 12 742 609 -6 24 0 55 55
1171 12 742 500 6 -24 0 55 55
1172 12 903 742 -6 24 0 55 55
1173 8 609 0 24 -12851 0 60 0
1174 8 609 0 6 -12851 0 60 0
1175 12 903 742 6 -24 0 55 51
1176 12 903 742 6 -24 0 51 51
1177 12 500 742 6 -24 0 51 51
1178 8 1100 0 -6 -12851 0 55 0
1179 12 1100 742 6 -24 0 55 51
1180 12 1100 742 6 -24 0 51 51
1181 12 609 742 -6 24 0 55 55
1182 12 1100 742 6 -24 0 55 55
1183 8 903 0 24 -12851 0 60 0
1184 12 903 742 -6 24 0 55 55
1185 12 742 609 -6 24 0 55 51
1186 8 500 0 6 -12851 0 55 0
1187 8 500 0 24 -12851 0 60 0
1188 8 1100 0 6 -12851 0 55 0
1189 8 1100 0 6 -12851 0 60 0
1190 12 609 742 6 -24 0 51 55
1191 8 609 0 24 -12851 0 55 0
1192 12 1100 742 -6 24 0 55 55
1193 8 903 0 24 -12851 0 55 0
1194 12 500 742 6 -24 0 51 55
1195 8 609 0 24 -12851 0 60 0
1196 12 742 609 -6 24 0 51 55
1197 8 500 0 6 -12851 0 55 0
1198 8 500 0 24 -12851 0 60 0
1199 8 903 0 -6 -12851 0 55 0
1200 12 742 500 -6 24 0 51 51
1201 12 742 500 6 -24 0 55 55
1202 8 500 0 24 -12851 0 55 0
1203 12 742 903 6 -24 0 51 51
1204 8 903 0 6 -12851 0 60 0
1205 12 609 742 6 -24 0 51 51
1206 12 742 500 -6 24 0 55 55
1207 8 742 0 6 -12851 0 55 0
1208 12 1100 742 6 -24 0 51 55
1209 8 609 0 6 -12851 0 55 0
1210 12 500 742 6 -24 0 55 51
1211 8 742 0 -6 -12851 0 60 0
1212 8 1100 0 6 -12851 0 55 0
1213 8 742 0 -24 -12851 0 60 0
1214 8 1100 0 -6 -12851 0 55 0
1215 8 500 0 6 -12851 0 60 0
1216 8 500 0 6 -12851 0 55 0
1217 12 1100 742 -6 24 0 51 55
1218 12 742 903 -6 24 0 51 55
1219 8 903 0 -6 -12851 0 55 0
1220 8 1100 0 6 -12851 0 60 0
1221 8 903 0 -6 -12851 0 55 0
1222 8 500 0 6 -12851 0 60 0
1223 8 500 0 6 -12851 0 60 0
1224 8 1100 0 -6 -12851 0 55 0
1225 8 609 0 -24 -12851 0 60 0
1226 8 903 0 -24 -12851 0 55 0
1227 12 609 742 -6 24 0 55 55
1228 8 742 0 24 -12851 0 60 0
1229 8 742 0 -6 -12851 0 55 0
1230 8 609 0 24 -12851 0 60 0
1231 8 609 0 6 -12851 0 55 0
1232 8 742 0 6 -12851 0 60 0
1233 12 742 609 -6 24 0 55 55
1234 8 1100 0 6 -12851 0 60 0
1235 12 609 742 -6 24 0 51 55
1236 8 903 0 -24 -12851 0 55 0
1237 12 500 742 6 -24 0 51 55
1238 8 903 0 -6 -12851 0 60 0
1239 8 742 0 24 -12851 0 60 0
1240 8 742 0 24 -12851 0 55 0
1241 8 609 0 -6 -12851 0 60 0
1242 8 609 0 24 -12851 0 60 0
1243 8 500 0 6 -12851 0 55 0
1244 8 742 0 -6 -12851 0 60 0
1245 8 500 0 -24 -12851 0 55 0
1246 8 1100 0 24 -12851 0 55 0
1247 12 500 742 6 -24 0 55 51
1248 8 903 0 24 -12851 0 55 0
1249 12 742 500 -6 24 0 51 51
1250 8 903 0 -6 -12851 0 55 0
1251 8 609 0 24 -12851 0 60 0
1252 8 1100 0 6 -12851 0 60 0
1253 8 500 0 -24 -12851 0 60 0
1254 12 500 742 6 -24 0 55 51
1255 8 1100 0 -24 -12851 0 60 0
1256 8 609 0 24 -12851 0 60 0
1257 8 609 0 24 -12851 0 55 0
1258 12 500 742 6 -24 0 51 55
1259 8 500 0 24 -12851 0 55 0
1260 8 500 0 6 -12851 0 60 0
1261 8 903 0 24 -12851 0 60 0
1262 12 500 742 -6 24 0 55 51
1263 8 609 0 -6 -12851 0 60 0
1264 8 903 0 6 -12851 0 60 0
1265 8 1100 0 6 -12851 0 60 0
1266 8 1100 0 -6 -12851 0 60 0
1267 8 903 0 -6 -12851 0 55 0
1268 8 500 0 24 -12851 0 60 0
1269 12 903 742 -6 24 0 55 51
1270 12 742 609 6 -24 0 51 51
1271 8 1100 0 6 -12851 0 55 0
1272 8 742 0 -24 -12851 0 60 0
1273 8 742 0 24 -12851 0 60 0
1274 12 500 742 -6 24 0 55 51
1275 8 742 0 -24 -12851 0 60 0
1276 12 609 742 -6 24 0 51 51
1277 12 742 609 6 -24 0 51 51
1278 12 742 500 6 -24 0 55 55
1279 12 742 1100 -6 24 0 55 55
1280 12 1100 742 -6 24 0 51 55
1281 12 1100 742 6 -24 0 55 55
1282 8 609 0 -24 -12851 0 55 0
1283 8 742 0 6 -12851 0 55 0
1284 12 742 500 6 -24 0 51 51
1285 8 742 0 24 -12851 0 60 0
1286 8 742 0 -24 -12851 0 55 0
1287 8 1100 0 -6 -12851 0 55 0
1288 12 742 609 -6 24 0 51 55
1289 12 609 742 6 -24 0 55 51
1290 8 500 0 24 -12851 0 55 0
1291 8 903 0 -6 -12851 0 60 0
1292 12 742 500 6 -24 0 51 51
1293 8 1100 0 -24 -12851 0 60 0
1294 8 742 0 6 -12851 0 55 0
1295 12 609 742 -6 24 0 55 55
1296 8 609 0 -24 -12851 0 55 0
1297 12 742 1100 -6 24 0 55 55
1298 8 903 0 24 -12851 0 55 0
1299 8 1100 0 -6 -12851 0 55 0
1300 8 903 0 -24 -12851 0 55 0
1301 12 1100 742 6 -24 0 51 55
1302 12 500 742 -6 24 0 51 55
1303 8 500 0 24 -12851 0 55 0
1304 12 500 742 6 -24 0 51 51
1305 8 500 0 6 -12851 0 55 0
1306 8 609 0 6 -12851 0 60 0
1307 12 609 742 -6 24 0 55 55
1308 12 609 742 6 -24 0 51 51
1309 8 609 0 6 -12851 0 60 0
1310 8 500 0 -6 -12851 0 55 0
1311 8 500 0 -6 -12851 0 55 0
1312 8 609 0 24 -12851 0 60 0
1313 8 609 0 6 -12851 0 60 0
1314 12 500 742 -6 24 0 51 51
1315 12 742 609 -6 24 0 55 55
1316 8 500 0 6 -12851 0 60 0
1317 8 903 0 -6 -12851 0 55 0
1318 8 903 0 24 -12851 0 60 0
1319 8 500 0 -24 -12851 0 55 0
1320 8 609 0 6 -12851 0 55 0
1321 12 742 500 6 -24 0 55 55
1322 8 742 0 -24 -12851 0 60 0
1323 8 903 0 6 -12851 0 60 0
1324 12 742 609 6 -24 0 55 51
1325 8 1100 0 -6 -12851 0 60 0
1326 8 742 0 24 -12851 0 55 0
1327 12 609 742 6 -24 0 51 55
1328 8 742 0 6 -12851 0 55 0
1329 8 1100 0 24 -12851 0 60 0
1330 8 1100 0 6 -12851 0 55 0
1331 8 609 0 -6 -12851 0 55 0
1332 12 742 609 -6 24 0 55 51
1333 8 609 0 6 -12851 0 60 0
1334 8 500 0 24 -12851 0 60 0
1335 12 500 742 -6 24 0 55 51
1336 8 500 0 -24 -12851 0 60 0
1337 8 903 0 6 -12851 0 55 0
1338 8 903 0 -24 -12851 0 60 0
1339 8 1100 0 -24 -12851 0 55 0
1340 8 1100 0 6 -12851 0 60 0
1341 12 742 903 6 -24 0 55 51
1342 8 609 0 -6 -12851 0 60 0
1343 8 609 0 6 -12851 0 55 0
1344 12 742 903 -6 24 0 51 51
1345 8 903 0 -24 -12851 0 60 0
1346 8 1100 0 -6 -12851 0 55 0
1347 8 742 0 24 -12851 0 55 0
1348 12 742 500 6 -24 0 51 51
1349 12 500 742 -6 24 0 51 55
1350 12 500 742 6 -24 0 55 55
1351 12 1100 742 6 -24 0 51 51
1352 12 500 742 -6 24 0 51 51
1353 8 742 0 -24 -12851 0 60 0
1354 12 742 903 6 -24 0 55 51
1355 8 500 0 24 -12851 0 60 0
1356 8 742 0 24 -12851 0 55 0
1357 8 742 0 -6 -12851 0 60 0
1358 12 742 1100 -6 24 0 51 51
1359 12 742 609 -6 24 0 51 55
1360 8 742 0 -6 -12851 0 60 0
1361 12 500 742 -6 24 0 51 51
1362 12 500 742 6 -24 0 55 51
1363 8 742 0 -6 -12851 0 55 0
1364 12 500 742 -6 24 0 51 51
1365 12 742 1100 -6 24 0 55 55
1366 8 500 0 -24 -12851 0 60 0
1367 12 500 742 6 -24 0 55 55
1368 12 742 500 6 -24 0 55 55
1369 12 742 609 6 -24 0 51 51
1370 12 742 1100 6 -24 0 51 51
1371 8 609 0 -6 -12851 0 55 0
1372 8 903 0 -6 -12851 0 60 0
1373 12 500 742 6 -24 0 51 51
1374 12 903 742 6 -24 0 51 55
1375 8 500 0 -6 -12851 0 55 0
1376 12 742 500 6 -24 0 51 55
1377 12 1100 742 -6 24 0 51 55
1378 8 903 0 -24 -12851 0 60 0
1379 8 609 0 -24 -12851 0 60 0
1380 12 903 742 -6 24 0 51 55
1381 8 903 0 24 -12851 0 60 0
1382 8 742 0 6 -12851 0 60 0
1383 8 500 0 -6 -12851 0 60 0
1384 12 1100 742 6 -24 0 51 55
1385 12 903 742 -6 24 0 51 51
1386 8 1100 0 6 -12851 0 55 0
1387 8 609 0 -24 -12851 0 55 0
1388 12 1100 742 6 -24 0 55 51
1389 8 1100 0 -24 -12851 0 60 0
1390 8 1100 0 -24 -12851 0 60 0
1391 12 742 609 6 -24 0 51 51
1392 8 609 0 24 -12851 0 55 0
1393 8 609 0 -24 -12851 0 55 0
1394 8 500 0 6 -12851 0 60 0
1395 8 500 0 -6 -12851 0 55 0
1396 12 742 903 -6 24 0 51 55
1397 8 903 0 -6 -12851 0 55 0
1398 12 742 609 -6 24 0 55 51
1399 8 903 0 -6 -12851 0 60 0
1400 8 1100 0 6 -12851 0 55 0
1401 12 1100 742 6 -24 0 51 51
1402 12 1100 742 6 -24 0 51 51
1403 8 500 0 -6 -12851 0 55 0
1404 12 742 1100 -6 24 0 51 51
1405 8 1100 0 -6 -12851 0 55 0
1406 12 903 742 -6 24 0 55 55
1407 8 903 0 -6 -12851 0 60 0
1408 8 1100 0 -24 -12851 0 55 0
1409 12 903 742 -6 24 0 55 51
1410 12 609 742 -6 24 0 51 51
1411 12 609 742 6 -24 0 55 55
1412 8 742 0 6 -12851 0 55 0
1413 12 609 742 -6 24 0 55 51
1414 12 500 742 -6 24 0 55 55
1415 8 742 0 -24 -12851 0 55 0
1416 12 742 609 6 -24 0 51 55
1417 12 742 500 -6 24 0 51 55
1418 12 1100 742 6 -24 0 55 55
1419 8 609 0 -24 -12851 0 55 0
1420 8 609 0 -24 -12851 0 60 0
1421 8 742 0 -6 -12851 0 55 0
1422 12 742 1100 6 -24 0 55 55
1423 12 742 903 -6 24 0 51 51
1424 8 1100 0 -24 -12851 0 55 0
1425 12 609 742 6 -24 0 55 55
1426 12 500 742 -6 24 0 51 51
1427 8 1100 0 24 -12851 0 60 0
1428 8 903 0 -6 -12851 0 55 0
1429 8 903 0 24 -12851 0 60 0
1430 12 1100 742 -6 24 0 55 51
1431 12 742 609 6 -24 0 51 51
1432 8 500 0 -6 -12851 0 55 0
1433 8 609 0 6 -12851 0 60 0
1434 8 609 0 24 -12851 0 60 0
1435 8 742 0 -6 -12851 0 60 0
1436 12 742 903 6 -24 0 55 55
1437 8 609 0 -6 -12851 0 55 0
1438 12 500 742 6 -24 0 55 55
1439 8 1100 0 -24 -12851 0 60 0
1440 8 742 0 -24 -12851 0 60 0
1441 12 742 609 -6 24 0 51 55
1442 8 500 0 6 -12851 0 60 0
1443 8 742 0 -24 -12851 0 55 0
1444 8 1100 0 -24 -12851 0 60 0
1445 8 903 0 -24 -12851 0 60 0
1446 8 500 0 24 -12851 0 55 0
1447 8 742 0 24 -12851 0 60 0
1448 8 742 0 -6 -12851 0 60 0
1449 12 742 500 -6 24 0 55 51
1450 12 742 609 -6 24 0 51 51
1451 12 609 742 -6 24 0 55 51
1452 8 903 0 -6 -12851 1 60 0
1453 12 500 742 6 -24 0 55 51
1454 12 742 903 -6 24 0 51 51
1455 8 1100 0 -6 -12851 0 55 0
1456 8 609 0 24 -12851 0 60 0
1457 8 1100 0 24 -12851 0 60 0
1458 8 903 0 -6 -12851 0 55 0
1459 8 742 0 -6 -12851 1 55 0
1460 8 903 0 24 -12851 0 55 0
1461 8 609 0 6 -12851 0 60 0
1462 12 903 742 -6 24 0 55 51
1463 8 742 0 6 -12851 0 60 0
1464 8 1100 0 6 -12851 0 55 0
1465 8 609 0 -24 -12851 0 60 0
1466 8 500 0 24 -12851 0 60 0
1467 8 500 0 24 -12851 0 60 0
1468 12 742 500 -6 24 0 51 51
1469 12 1100 742 -6 24 0 51 51
1470 12 1100 742 6 -24 0 55 55
1471 12 742 903 -6 24 0 51 51
1472 12 500 742 6 -24 0 51 55
1473 8 500 0 -24 -12851 0 55 0
1474 12 742 609 -6 24 0 51 51
1475 8 742 0 -6 -12851 0 60 0
1476 12 742 903 6 -24 0 55 55
1477 12 903 742 -6 24 0 51 51
1478 8 742 0 -6 -12851 1 60 0
1479 8 742 0 -6 -12851 1 60 0
1480 12 500 742 6 -24 1 51 55
1481 12 500 742 6 -24 0 51 51
1482 12 1100 742 6 -24 1 51 51
1483 8 742 0 -6 -12851 0 55 0
1484 8 500 0 6 -12851 1 55 0
1485 12 742 1100 -6 24 1 55 55
1486 8 500 0 24 -12851 1 60 0
1487 8 500 0 -6 -12851 1 55 0
1488 8 609 0 -24 -12851 1 55 0
1489 8 609 0 -6 -12851 1 60 0
1490 12 1100 742 -6 24 0 51 55
1491 8 903 0 24 -12851 1 60 0
1492 12 742 903 -6 24 1 55 55
1493 8 1100 0 6 -12851 1 55 0
1494 8 903 0 24 -12851 0 60 0
1495 8 903 0 -24 -12851 1 60 0
1496 8 1100 0 -6 -12851 1 60 0
1497 8 1100 0 -6 -12851 0 55 0
1498 8 609 0 6 -12851 1 55 0
1499 8 609 0 -24 -12851 1 55 0
1500 12 742 609 -6 24 0 51 51
1501 12 500 742 -6 24 0 51 55
1502 12 742 903 6 -24 0 51 51
1503 8 609 0 6 -12851 1 60 0
1504 8 1100 0 -24 -12851 1 60 0
1505 8 742 0 6 -12851 1 60 0
1506 8 609 0 -24 -12851 1 55 0
1507 12 903 742 -6 24 1 55 55
1508 12 609 742 6 -24 1 51 51
1509 8 903 0 24 -12851 1 55 0
1510 8 609 0 -24 -12851 1 60 0
1511 12 903 742 6 -24 1 51 51
1512 12 500 742 -6 24 1 51 51
1513 12 500 742 6 -24 0 51 51
1514 8 903 0 -6 -12851 1 60 0
1515 8 500 0 -6 -12851 1 60 0
1516 12 903 742 6 -24 1 51 51
1517 8 742 0 24 -12851 1 60 0
1518 8 1100 0 6 -12851 0 55 0
1519 8 742 0 -24 -12851 1 60 0
1520 8 500 0 6 -12851 1 60 0
1521 12 500 742 6 -24 0 55 51
1522 8 500 0 -6 -12851 0 55 0
1523 8 903 0 -24 -12851 0 55 0
1524 8 1100 0 -24 -12851 1 60 0
1525 8 609 0 6 -12851 1 60 0
1526 8 609 0 6 -12851 1 55 0
1527 12 609 742 -6 24 1 55 55
1528 8 609 0 -24 -12851 1 60 0
1529 12 500 742 6 -24 1 51 55
1530 8 500 0 -24 -12851 1 55 0
1531 8 1100 0 6 -12851 1 60 0
1532 12 1100 742 -6 24 1 51 51
1533 8 500 0 6 -12851 1 55 0
1534 8 500 0 6 -12851 1 55 0
1535 8 742 0 -6 -12851 0 55 0
1536 8 1100 0 -6 -12851 0 60 0
1537 12 742 903 6 -24 1 55 55
1538 8 1100 0 6 -12851 1 60 0
1539 12 903 742 6 -24 1 55 51
1540 12 903 742 6 -24 1 55 55
1541 8 903 0 6 -12851 1 55 0
1542 12 742 1100 6 -24 1 55 55
1543 8 609 0 24 -12851 1 55 0
1544 8 742 0 -24 -12851 1 55 0
1545 8 903 0 -24 -12851 1 55 0
1546 8 742 0 6 -12851 1 60 0
1547 8 903 0 -6 -12851 1 55 0
1548 12 903 742 6 -24 1 55 55
1549 8 1100 0 6 -12851 1 60 0
1550 8 1100 0 24 -12851 1 55 0
1551 8 742 0 -6 -12851 0 55 0
1552 8 742 0 6 -12851 1 60 0
1553 12 609 742 6 -24 1 55 51
1554 8 903 0 -6 -12851 0 55 0
1555 8 500 0 -6 -12851 1 60 0
1556 8 609 0 -6 -12851 0 60 0
1557 12 903 742 6 -24 1 51 51
1558 12 609 742 -6 24 0 55 55
1559 8 500 0 -6 -12851 0 55 0
1560 8 1100 0 6 -12851 1 55 0
1561 12 742 609 -6 24 0 55 55
1562 8 903 0 -24 -12851 0 60 0
1563 8 1100 0 24 -12851 1 60 0
1564 8 742 0 6 -12851 1 55 0
1565 8 903 0 -6 -12851 0 55 0
1566 8 500 0 -6 -12851 0 60 0
1567 12 500 742 6 -24 0 51 55
1568 8 609 0 24 -12851 1 60 0
1569 8 609 0 -24 -12851 0 60 0
1570 12 609 742 6 -24 0 55 51
1571 12 500 742 6 -24 1 55 55
1572 12 742 1100 -6 24 0 55 55
1573 8 500 0 6 -12851 1 60 0
1574 12 500 742 -6 24 1 55 51
1575 8 500 0 6 -12851 0 55 0
1576 12 742 500 -6 24 0 55 55
1577 8 742 0 24 -12851 1 60 0
1578 8 500 0 -24 -12851 1 60 0
1579 8 742 0 -24 -12851 0 60 0
1580 12 500 742 -6 24 0 51 55
1581 8 1100 0 24 -12851 1 60 0
1582 8 1100 0 -6 -12851 1 55 0
1583 12 500 742 6 -24 0 51 55
1584 12 500 742 6 -24 1 51 51
1585 12 742 903 -6 24 1 51 55
1586 8 500 0 24 -12851 1 55 0
1587 8 1100 0 6 -12851 1 60 0
1588 8 903 0 -24 -12851 1 55 0
1589 12 903 742 6 -24 0 55 51
1590 12 903 742 6 -24 1 51 51
1591 12 742 500 6 -24 0 55 55
1592 8 609 0 6 -12851 1 60 0
1593 12 1100 742 6 -24 0 55 55
1594 8 742 0 24 -12851 1 55 0
1595 8 903 0 -24 -12851 1 60 0
1596 8 609 0 6 -12851 1 55 0
1597 8 609 0 24 -12851 1 60 0
1598 12 742 500 -6 24 1 51 51
1599 8 903 0 6 -12851 1 55 0
1600 8 742 0 -6 -12851 0 60 0
1601 8 742 0 -6 -12851 0 55 0
1602 12 500 742 6 -24 1 55 55
1603 8 903 0 6 -12851 1 55 0
1604 12 742 903 -6 24 1 51 55
1605 8 903 0 6 -12851 1 60 0
1606 8 609 0 -24 -12851 1 55 0
1607 8 742 0 -6 -12851 1 60 0
1608 8 903 0 24 -12851 1 55 0
1609 8 609 0 -6 -12851 1 60 0
1610 8 742 0 6 -12851 1 55 0
1611 12 742 500 6 -24 1 55 55
1612 8 500 0 24 -12851 0 60 0
1613 8 609 0 -6 -12851 1 55 0
1614 8 1100 0 -6 -12851 1 60 0
1615 12 742 609 6 -24 1 51 51
1616 12 903 742 6 -24 1 55 51
1617 8 500 0 -6 -12851 0 60 0
1618 12 609 742 6 -24 1 51 55
1619 12 742 609 -6 24 1 55 51
1620 12 742 1100 6 -24 1 55 55
1621 12 609 742 6 -24 1 55 51
1622 8 1100 0 6 -12851 1 55 0
1623 8 1100 0 24 -12851 1 55 0
1624 12 609 742 6 -24 0 51 55
1625 12 742 609 -6 24 1 55 55
1626 8 500 0 -24 -12851 1 55 0
1627 8 609 0 6 -12851 0 60 0
1628 12 903 742 6 -24 1 55 55
1629 12 742 1100 6 -24 0 55 51
1630 8 609 0 -24 -12851 0 55 0
1631 8 500 0 24 -12851 1 55 0
1632 12 903 742 6 -24 1 55 51
1633 12 500 742 -6 24 0 55 55
1634 8 500 0 -24 -12851 0 60 0
1635 12 742 903 6 -24 1 51 55
1636 8 903 0 -24 -12851 1 60 0
1637 12 742 903 6 -24 1 55 55
1638 8 903 0 6 -12851 1 55 0
1639 12 742 500 -6 24 0 55 51
1640 12 742 903 -6 24 0 55 55
1641 12 742 1100 6 -24 1 51 55
1642 8 1100 0 -6 -12851 0 60 0
1643 8 1100 0 -24 -12851 1 55 0
1644 12 742 903 -6 24 0 55 55
1645 8 609 0 6 -12851 1 55 0
1646 12 903 742 6 -24 0 51 51
1647 8 609 0 6 -12851 1 60 0
1648 8 903 0 24 -12851 1 60 0
1649 8 1100 0 6 -12851 1 55 0
1650 8 742 0 24 -12851 1 55 0
1651 8 742 0 -6 -12851 0 55 0
1652 8 500 0 6 -12851 1 55 0
1653 12 742 500 6 -24 1 51 55
1654 12 1100 742 6 -24 1 55 55
1655 8 742 0 6 -12851 0 55 0
1656 12 609 742 -6 24 0 55 55
1657 8 1100 0 6 -12851 1 60 0
1658 8 1100 0 -24 -12851 1 55 0
1659 8 500 0 -6 -12851 1 60 0
1660 12 500 742 -6 24 0 51 51
1661 12 742 1100 6 -24 0 51 55
1662 8 903 0 24 -12851 0 55 0
1663 8 1100 0 -6 -12851 1 55 0
1664 8 500 0 -24 -12851 1 55 0
1665 12 903 742 6 -24 1 55 51
1666 8 500 0 -6 -12851 0 55 0
1667 8 742 0 6 -12851 0 60 0
1668 12 500 742 6 -24 1 55 51
1669 8 742 0 -24 -12851 1 55 0
1670 8 609 0 -6 -12851 1 60 0
1671 8 1100 0 -6 -12851 1 55 0
1672 8 609 0 -6 -12851 1 60 0
1673 12 903 742 6 -24 1 51 55
1674 8 903 0 6 -12851 1 55 0
1675 12 742 500 -6 24 0 55 55
1676 12 742 500 -6 24 0 51 51
1677 8 903 0 -24 -12851 1 55 0
1678 8 609 0 -24 -12851 1 60 0
1679 8 742 0 6 -12851 1 60 0
1680 8 609 0 -6 -12851 1 60 0
1681 8 609 0 -6 -12851 0 55 0
1682 8 903 0 -24 -12851 0 60 0
1683 8 609 0 -6 -12851 0 55 0
1684 8 609 0 24 -12851 0 60 0
1685 12 742 1100 -6 24 0 55 51
1686 8 903 0 6 -12851 1 55 0
1687 12 742 903 6 -24 0 55 55
1688 8 742 0 6 -12851 1 60 0
1689 8 1100 0 24 -12851 1 55 0
1690 8 1100 0 -6 -12851 1 60 0
1691 8 500 0 -24 -12851 1 60 0
1692 8 742 0 -6 -12851 1 60 0
1693 12 742 500 -6 24 0 51 55
1694 8 742 0 6 -12851 1 60 0
1695 8 1100 0 -6 -12851 1 55 0
1696 8 903 0 -24 -12851 1 55 0
1697 8 500 0 6 -12851 1 55 0
1698 12 742 500 -6 24 1 55 51
1699 12 742 1100 -6 24 0 55 51
1700 8 500 0 -6 -12851 1 55 0
1701 8 609 0 24 -12851 0 55 0
1702 8 609 0 6 -12851 1 60 0
1703 8 742 0 6 -12851 1 60 0
1704 8 500 0 -24 -12851 0 55 0
1705 12 742 500 -6 24 1 51 51
1706 8 903 0 6 -12851 1 55 0
1707 12 742 903 -6 24 1 51 51
1708 8 500 0 -24 -12851 1 55 0
1709 12 609 742 -6 24 0 55 55
1710 8 903 0 -6 -12851 0 60 0
1711 8 609 0 6 -12851 1 55 0
1712 12 500 742 6 -24 1 51 51
1713 8 1100 0 24 -12851 1 55 0
1714 12 1100 742 -6 24 0 55 51
1715 8 500 0 6 -12851 1 55 0
1716 8 742 0 24 -12851 1 60 0
1717 8 742 0 6 -12851 1 55 0
1718 8 1100 0 24 -12851 1 55 0
1719 8 1100 0 6 -12851 1 55 0
1720 8 609 0 -6 -12851 0 55 0
1721 8 903 0 24 -12851 0 55 0
1722 12 903 742 -6 24 0 55 55
1723 8 500 0 6 -12851 1 55 0
1724 8 500 0 -6 -12851 1 60 0
1725 12 1100 742 -6 24 1 51 55
1726 12 609 742 6 -24 0 55 55
1727 8 609 0 -24 -12851 0 55 0
1728 12 903 742 6 -24 0 51 51
1729 8 609 0 24 -12851 0 55 0
1730 8 742 0 -6 -12851 0 55 0
1731 8 500 0 -24 -12851 1 55 0
1732 12 742 609 6 -24 0 55 55
1733 8 500 0 -6 -12851 1 55 0
1734 12 500 742 6 -24 0 51 55
1735 8 1100 0 -6 -12851 1 60 0
1736 12 742 609 -6 24 0 51 51
1737 12 742 500 6 -24 0 51 51
1738 8 1100 0 24 -12851 0 60 0
1739 12 742 500 6 -24 0 51 55
1740 12 609 742 6 -24 0 51 55
1741 12 1100 742 6 -24 0 51 51
