409 8 609 0 24 -12851 0 60 0
410 12 742 903 -6 24 1 55 51
411 12 742 903 6 -24 0 55 55
412 12 903 742 6 -24 0 55 51
413 8 609 0 24 -12851 0 55 0
414 12 903 742 -6 24 0 55 51
415 8 903 0 -24 -12851 1 60 0
416 8 903 0 -24 -12851 1 55 0
417 8 500 0 6 -12851 0 55 0
418 8 500 0 -24 -12851 1 55 0
419 8 500 0 -24 -12851 0 60 0
420 12 1100 742 6 -24 0 51 51
421 8 1100 0 6 -12851 1 55 0
422 12 742 903 -6 24 1 51 51
423 12 742 500 6 -24 0 55 51
424 8 742 0 24 -12851 0 55 0
425 8 742 0 6 -12851 1 60 0
426 8 1100 0 24 -12851 1 55 0
427 8 903 0 -24 -12851 0 60 0
428 12 903 742 -6 24 1 51 55
429 8 609 0 6 -12851 1 60 0
430 8 609 0 -24 -12851 1 60 0
431 8 742 0 24 -12851 1 55 0
432 8 903 0 -24 -12851 1 60 0
433 8 1100 0 24 -12851 1 55 0
434 8 609 0 -24 -12851 1 60 0
435 8 609 0 -24 -12851 0 60 0
436 12 1100 742 6 -24 0 55 55
437 12 609 742 6 -24 1 51 55
438 8 609 0 -24 -12851 0 55 0
439 12 903 742 6 -24 0 51 55
440 8 500 0 -6 -12851 0 55 0
441 8 903 0 24 -12851 1 55 0
442 8 500 0 -6 -12851 1 55 0
443 12 742 903 -6 24 0 55 51
444 8 903 0 -6 -12851 0 55 0
445 8 500 0 -6 -12851 0 60 0
446 8 903 0 6 -12851 1 55 0
447 12 609 742 6 -24 0 51 51
448 8 742 0 6 -12851 1 60 0
449 12 500 742 -6 24 0 51 51
450 8 1100 0 6 -12851 1 60 0
451 12 1100 742 -6 24 1 55 55
452 8 742 0 -6 -12851 1 60 0
453 8 742 0 -6 -12851 1 60 0
454 12 742 1100 -6 24 0 55 55
455 12 500 742 6 -24 0 51 51
456 12 742 609 -6 24 0 55 55
457 12 742 609 -6 24 0 55 55
458 8 1100 0 24 -12851 0 60 0
459 8 1100 0 6 -12851 0 60 0
460 12 742 609 6 -24 0 51 51
461 12 742 609 6 -24 0 51 51
462 8 609 0 -6 -12851 1 55 0
463 8 609 0 24 -12851 0 60 0
464 8 609 0 24 -12851 1 60 0
465 8 609 0 6 -12851 1 55 0
466 8 742 0 6 -12851 1 55 0
467 12 742 500 -6 24 0 51 55
468 12 742 500 -6 24 0 51 55
469 12 903 742 -6 24 0 51 55
470 12 742 903 6 -24 0 51 51
471 12 609 742 -6 24 0 55 55
472 8 500 0 24 -12851 0 55 0
473 12 742 1100 6 -24 0 51 51
474 8 742 0 24 -12851 1 55 0
475 12 742 609 -6 24 1 51 55
476 8 903 0 6 -12851 1 60 0
477 12 903 742 -6 24 0 55 55
478 8 1100 0 -6 -12851 1 60 0
479 8 742 0 24 -12851 1 55 0
480 8 500 0 -24 -12851 1 55 0
481 12 742 500 -6 24 0 55 51
482 12 742 1100 6 -24 1 55 51
483 8 903 0 24 -12851 0 60 0
484 12 742 500 6 -24 1 51 51
485 8 609 0 6 -12851 1 55 0
486 12 1100 742 -6 24 1 51 55
487 12 500 742 6 -24 1 51 51
488 12 1100 742 -6 24 0 55 55
489 12 609 742 -6 24 0 55 55
490 8 500 0 -6 -12851 0 60 0
491 8 609 0 -24 -12851 1 55 0
492 12 903 742 6 -24 0 55 55
493 8 1100 0 -24 -12851 1 60 0
494 8 1100 0 -6 -12851 0 60 0
495 8 903 0 6 -12851 0 55 0
496 8 1100 0 6 -12851 0 55 0
497 12 500 742 6 -24 0 51 51
498 12 903 742 6 -24 0 51 51
499 8 1100 0 -24 -12851 1 55 0
500 8 1100 0 -24 -12851 1 55 0
501 8 903 0 -6 -12851 0 55 0
502 8 609 0 6 -12851 1 60 0
503 8 1100 0 -6 -12851 1 55 0
504 8 609 0 -24 -12851 1 55 0
505 8 500 0 -24 -12851 1 60 0
506 8 903 0 24 -12851 1 55 0
507 12 1100 742 6 -24 1 51 51
508 12 609 742 -6 24 1 51 51
509 12 742 1100 -6 24 0 55 55
510 8 742 0 -24 -12851 1 60 0
511 8 609 0 24 -12851 0 60 0
512 8 742 0 -6 -12851 0 60 0
513 12 742 1100 -6 24 0 55 51
514 8 500 0 -6 -12851 0 55 0
515 8 500 0 -24 -12851 1 55 0
516 8 903 0 -24 -12851 1 60 0
517 8 742 0 -6 -12851 1 60 0
518 12 903 742 -6 24 1 55 51
519 8 742 0 -24 -12851 1 60 0
520 8 742 0 -6 -12851 1 60 0
521 8 903 0 -24 -12851 1 60 0
522 8 609 0 -6 -12851 0 55 0
523 8 903 0 -24 -12851 1 55 0
524 12 742 1100 -6 24 0 55 51
525 8 500 0 -6 -12851 0 55 0
526 8 609 0 6 -12851 1 60 0
527 12 742 500 6 -24 1 55 55
528 8 1100 0 -24 -12851 1 55 0
529 12 742 609 6 -24 0 55 55
530 12 742 500 -6 24 0 51 51
531 8 500 0 24 -12851 0 60 0
532 8 500 0 6 -12851 1 55 0
533 12 500 742 -6 24 0 51 51
534 8 903 0 6 -12851 1 60 0
535 8 1100 0 6 -12851 1 55 0
536 8 742 0 -6 -12851 1 60 0
537 12 742 609 -6 24 0 51 55
538 8 609 0 -6 -12851 1 60 0
539 12 500 742 -6 24 0 55 55
540 8 1100 0 -24 -12851 1 60 0
541 12 609 742 -6 24 1 51 55
542 8 742 0 24 -12851 1 60 0
543 8 742 0 24 -12851 1 55 0
544 8 742 0 -24 -12851 1 60 0
545 12 500 742 -6 24 0 51 55
546 8 609 0 -6 -12851 0 60 0
547 8 609 0 6 -12851 1 60 0
548 8 903 0 -6 -12851 1 60 0
549 12 500 742 -6 24 0 51 55
550 12 742 1100 6 -24 0 51 51
551 12 609 742 -6 24 1 55 51
552 8 903 0 24 -12851 0 60 0
553 8 609 0 24 -12851 0 60 0
554 8 742 0 24 -12851 1 55 0
555 12 903 742 6 -24 1 55 55
556 12 903 742 -6 24 0 55 51
557 8 500 0 -6 -12851 1 60 0
558 8 903 0 6 -12851 1 60 0
559 8 500 0 6 -12851 0 55 0
560 8 742 0 -6 -12851 0 60 0
561 12 742 609 6 -24 0 51 51
562 8 500 0 -24 -12851 1 60 0
563 8 1100 0 24 -12851 1 55 0
564 8 1100 0 6 -12851 1 55 0
565 8 1100 0 24 -12851 1 60 0
566 12 500 742 6 -24 1 55 55
567 12 742 903 6 -24 0 51 55
568 8 1100 0 6 -12851 0 60 0
569 8 1100 0 24 -12851 0 60 0
570 8 903 0 -6 -12851 0 60 0
571 8 609 0 -6 -12851 0 55 0
572 8 609 0 -6 -12851 0 55 0
573 12 742 500 6 -24 0 55 55
574 8 903 0 24 -12851 0 55 0
575 8 1100 0 24 -12851 0 55 0
576 8 609 0 6 -12851 1 60 0
577 8 742 0 -6 -12851 1 60 0
578 12 742 500 -6 24 0 51 55
579 8 500 0 -24 -12851 0 55 0
580 12 742 903 -6 24 0 55 55
581 12 742 1100 6 -24 0 55 51
582 8 742 0 6 -12851 1 60 0
583 12 1100 742 -6 24 0 55 55
584 8 903 0 -24 -12851 1 55 0
585 8 1100 0 6 -12851 0 60 0
586 8 500 0 6 -12851 1 60 0
587 8 500 0 -24 -12851 1 60 0
588 12 742 500 6 -24 0 55 51
589 12 500 742 -6 24 0 51 55
590 12 903 742 6 -24 0 51 55
591 8 742 0 -6 -12851 0 60 0
592 8 903 0 6 -12851 0 60 0
593 8 903 0 6 -12851 0 55 0
594 12 1100 742 6 -24 0 55 51
595 8 500 0 -6 -12851 0 60 0
596 8 1100 0 -24 -12851 0 60 0
597 12 742 1100 6 -24 0 51 55
598 12 609 742 6 -24 0 55 51
599 8 1100 0 24 -12851 0 60 0
600 12 1100 742 6 -24 0 55 51
601 12 1100 742 6 -24 0 55 51
602 8 742 0 24 -12851 0 55 0
603 8 500 0 24 -12851 0 60 0
604 8 609 0 -6 -12851 0 55 0
605 12 742 609 -6 24 0 51 55
606 8 500 0 24 -12851 0 60 0
607 8 609 0 24 -12851 0 55 0
608 8 742 0 -24 -12851 0 55 0
609 8 609 0 24 -12851 0 60 0
610 8 1100 0 6 -12851 0 55 0
611 8 903 0 24 -12851 0 60 0
612 8 742 0 24 -12851 0 60 0
613 8 903 0 -6 -12851 0 60 0
614 12 742 500 -6 24 0 51 51
615 12 609 742 6 -24 0 55 55
616 8 500 0 6 -12851 0 55 0
617 8 500 0 24 -12851 0 60 0
618 12 742 1100 6 -24 0 55 51
619 12 742 609 6 -24 0 55 51
620 8 1100 0 6 -12851 1 60 0
621 12 1100 742 6 -24 0 55 51
622 12 742 500 6 -24 0 55 51
623 8 903 0 6 -12851 0 60 0
624 8 903 0 -6 -12851 0 55 0
625 8 1100 0 -6 -12851 0 55 0
626 12 742 609 6 -24 0 55 51
627 8 1100 0 6 -12851 0 60 0
628 12 742 500 6 -24 0 55 55
629 12 742 500 -6 24 0 55 51
630 8 609 0 -24 -12851 0 60 0
631 12 742 903 6 -24 0 55 55
632 12 742 1100 6 -24 0 55 55
633 8 609 0 24 -12851 0 55 0
634 8 903 0 -24 -12851 0 55 0
635 8 500 0 6 -12851 0 55 0
636 12 609 742 -6 24 0 51 51
637 8 609 0 -24 -12851 0 55 0
638 12 609 742 6 -24 0 55 55
639 12 1100 742 6 -24 0 51 51
640 12 742 903 -6 24 0 55 51
641 12 1100 742 6 -24 0 51 55
642 12 742 609 6 -24 0 55 51
643 8 742 0 -6 -12851 1 55 0
644 8 500 0 6 -12851 0 60 0
645 12 742 609 6 -24 0 51 51
646 12 1100 742 -6 24 0 55 51
647 8 742 0 -24 -12851 0 55 0
648 8 742 0 -24 -12851 0 55 0
649 12 742 609 -6 24 0 55 55
650 8 742 0 24 -12851 0 60 0
651 8 742 0 -24 -12851 0 60 0
652 12 1100 742 -6 24 0 51 51
653 8 1100 0 24 -12851 0 60 0
654 12 903 742 6 -24 0 51 51
655 12 1100 742 6 -24 0 51 51
656 12 742 500 -6 24 0 51 51
657 8 1100 0 6 -12851 0 55 0
658 8 500 0 6 -12851 0 60 0
659 12 742 1100 6 -24 0 55 55
660 12 903 742 6 -24 0 51 55
661 8 500 0 -6 -12851 0 55 0
662 12 1100 742 6 -24 0 55 55
663 8 500 0 -24 -12851 0 60 0
664 8 609 0 -24 -12851 0 55 0
665 12 500 742 -6 24 0 51 51
666 8 742 0 6 -12851 0 55 0
667 8 903 0 24 -12851 0 60 0
668 8 903 0 6 -12851 0 55 0
669 8 742 0 -24 -12851 0 60 0
670 12 500 742 6 -24 0 51 51
671 12 1100 742 6 -24 0 55 55
672 12 903 742 -6 24 0 51 51
673 8 903 0 -6 -12851 0 60 0
674 8 609 0 6 -12851 0 60 0
675 12 742 609 6 -24 0 51 55
676 8 609 0 -24 -12851 0 60 0
677 8 1100 0 -6 -12851 0 55 0
678 12 500 742 -6 24 0 51 51
679 12 742 903 6 -24 0 51 55
680 12 609 742 -6 24 0 55 51
681 8 903 0 6 -12851 0 60 0
682 8 903 0 24 -12851 0 55 0
683 12 903 742 6 -24 0 51 51
684 12 500 742 6 -24 0 51 55
685 12 742 500 -6 24 0 51 55
686 8 742 0 -24 -12851 0 60 0
687 12 742 1100 -6 24 0 55 55
688 12 500 742 6 -24 0 55 55
689 12 500 742 6 -24 0 55 55
690 12 903 742 6 -24 0 55 51
691 12 742 609 -6 24 0 55 51
692 8 742 0 24 -12851 0 55 0
693 8 500 0 -24 -12851 0 60 0
694 8 742 0 -6 -12851 0 55 0
695 8 609 0 -6 -12851 0 55 0
696 8 903 0 24 -12851 0 55 0
697 12 609 742 6 -24 0 51 51
698 8 609 0 -6 -12851 0 55 0
699 12 903 742 -6 24 0 55 51
700 12 742 903 6 -24 0 51 55
701 8 1100 0 -24 -12851 0 55 0
702 12 742 609 -6 24 0 51 51
703 8 903 0 -24 -12851 0 55 0
704 12 742 903 -6 24 0 55 55
705 12 742 903 6 -24 0 51 51
706 8 1100 0 -6 -12851 0 60 0
707 8 1100 0 -6 -12851 0 55 0
708 8 609 0 24 -12851 0 60 0
709 8 500 0 -6 -12851 0 55 0
710 8 500 0 6 -12851 0 60 0
711 12 500 742 -6 24 0 51 51
712 12 1100 742 6 -24 0 55 55
713 12 742 609 -6 24 0 55 55
714 8 742 0 -6 -12851 0 60 0
715 8 742 0 -24 -12851 0 55 0
716 12 742 1100 6 -24 0 51 55
717 12 742 500 6 -24 0 51 51
718 12 742 903 -6 24 0 55 51
719 8 1100 0 6 -12851 0 55 0
720 8 1100 0 -24 -12851 0 60 0
721 8 609 0 -6 -12851 0 60 0
722 12 500 742 -6 24 0 51 55
723 8 742 0 -6 -12851 0 60 0
724 12 742 609 6 -24 0 55 55
725 8 609 0 -6 -12851 0 55 0
726 8 903 0 -24 -12851 0 55 0
727 8 1100 0 -24 -12851 0 55 0
728 8 742 0 24 -12851 0 60 0
729 12 742 903 6 -24 0 55 55
730 8 609 0 24 -12851 0 60 0
731 8 903 0 -24 -12851 0 60 0
732 12 609 742 -6 24 0 51 51
733 8 500 0 -24 -12851 0 60 0
734 8 903 0 24 -12851 0 60 0
735 8 500 0 -24 -12851 0 60 0
736 8 500 0 -24 -12851 0 55 0
737 8 500 0 -24 -12851 0 55 0
738 8 500 0 -6 -12851 0 55 0
739 8 609 0 24 -12851 0 60 0
740 8 903 0 -24 -12851 0 55 0
741 12 1100 742 6 -24 0 55 51
742 12 742 1100 6 -24 0 51 51
743 12 742 500 -6 24 0 51 55
744 8 1100 0 -6 -12851 0 55 0
745 8 742 0 -24 -12851 0 60 0
746 12 500 742 6 -24 0 51 55
747 12 609 742 -6 24 0 55 51
748 12 609 742 6 -24 0 55 51
749 12 1100 742 6 -24 0 51 51
750 12 742 609 -6 24 0 55 51
751 12 742 500 6 -24 0 51 51
752 12 742 500 -6 24 0 51 55
753 12 742 500 6 -24 0 51 55
754 8 1100 0 -6 -12851 0 55 0
755 8 1100 0 -6 -12851 0 55 0
756 12 1100 742 -6 24 0 51 51
757 8 903 0 24 -12851 0 60 0
758 12 903 742 6 -24 0 55 55
759 8 742 0 24 -12851 0 60 0
760 12 609 742 6 -24 0 55 55
761 8 742 0 6 -12851 0 60 0
762 12 742 609 -6 24 0 55 55
763 8 609 0 -6 -12851 0 60 0
764 12 1100 742 -6 24 0 55 51
765 8 903 0 6 -12851 0 55 0
766 8 609 0 24 -12851 0 55 0
767 12 742 609 -6 24 0 51 55
768 12 742 903 6 -24 0 55 55
769 12 1100 742 6 -24 0 51 55
770 12 609 742 6 -24 0 51 51
771 12 742 500 6 -24 0 55 51
772 12 500 742 -6 24 0 51 51
773 8 500 0 6 -12851 0 55 0
774 12 609 742 6 -24 0 51 51
775 12 742 1100 6 -24 0 55 51
776 8 500 0 24 -12851 0 55 0
777 12 742 609 6 -24 0 51 55
778 8 500 0 6 -12851 0 55 0
779 8 500 0 -24 -12851 0 55 0
780 12 609 742 -6 24 0 55 55
781 12 742 903 6 -24 0 55 51
782 12 742 609 -6 24 0 51 51
783 12 903 742 6 -24 0 51 55
784 8 609 0 -6 -12851 0 55 0
785 12 742 1100 -6 24 0 51 51
786 12 903 742 -6 24 0 55 55
787 8 1100 0 -24 -12851 0 60 0
788 8 903 0 6 -12851 0 60 0
789 12 742 903 6 -24 0 51 51
790 8 1100 0 -24 -12851 0 55 0
791 12 500 742 6 -24 0 51 55
792 12 742 609 -6 24 0 55 55
793 8 609 0 -6 -12851 0 55 0
794 8 609 0 -6 -12851 0 55 0
795 8 903 0 24 -12851 0 55 0
796 8 500 0 24 -12851 0 60 0
797 12 903 742 -6 24 0 55 55
798 8 1100 0 6 -12851 0 55 0
799 12 742 609 -6 24 0 55 51
800 8 742 0 24 -12851 0 55 0
801 12 742 903 -6 24 0 55 55
802 12 742 1100 6 -24 0 51 51
803 12 742 609 -6 24 0 55 51
804 12 500 742 6 -24 0 55 55
805 8 500 0 24 -12851 0 60 0
806 8 903 0 24 -12851 0 55 0
807 8 742 0 -24 -12851 0 55 0
808 8 742 0 -6 -12851 0 55 0
809 8 500 0 6 -12851 0 55 0
810 12 742 903 -6 24 0 55 51
811 8 500 0 -24 -12851 0 60 0
812 12 742 609 6 -24 0 55 51
813 12 742 500 -6 24 0 51 55
814 12 1100 742 -6 24 0 55 55
815 12 903 742 -6 24 0 51 55
816 8 500 0 -6 -12851 0 55 0
817 12 742 903 -6 24 0 55 51
818 8 1100 0 -24 -12851 0 60 0
819 12 500 742 6 -24 0 55 51
820 12 742 500 6 -24 0 55 55
821 8 500 0 -24 -12851 0 55 0
822 8 1100 0 6 -12851 0 60 0
823 8 903 0 24 -12851 0 55 0
824 12 609 742 -6 24 0 51 55
825 8 742 0 -24 -12851 0 60 0
826 12 742 1100 -6 24 0 55 55
827 8 609 0 24 -12851 0 60 0
828 8 609 0 -24 -12851 0 60 0
829 8 609 0 6 -12851 0 55 0
830 8 742 0 6 -12851 0 55 0
831 8 1100 0 24 -12851 0 55 0
832 12 500 742 -6 24 0 55 55
833 12 742 609 -6 24 0 51 55
834 8 742 0 -6 -12851 0 55 0
835 8 903 0 -6 -12851 0 55 0
836 8 903 0 -6 -12851 0 60 0
837 12 500 742 -6 24 0 55 55
838 8 742 0 6 -12851 0 55 0
839 12 609 742 -6 24 0 55 55
840 8 742 0 24 -12851 0 55 0
841 8 903 0 -24 -12851 0 60 0
842 8 1100 0 24 -12851 0 60 0
843 12 742 903 -6 24 0 55 51
844 8 1100 0 6 -12851 0 55 0
845 12 609 742 -6 24 0 51 55
846 8 742 0 -24 -12851 0 55 0
847 8 742 0 -6 -12851 0 60 0
848 8 903 0 6 -12851 0 60 0
849 8 903 0 -6 -12851 0 60 0
850 8 609 0 -24 -12851 0 60 0
851 8 1100 0 6 -12851 0 55 0
852 12 742 609 6 -24 0 55 51
853 8 500 0 -6 -12851 0 60 0
854 12 742 1100 -6 24 0 55 55
855 8 609 0 -24 -12851 0 55 0
856 8 609 0 24 -12851 0 55 0
857 8 500 0 24 -12851 0 60 0
858 8 500 0 -6 -12851 0 55 0
859 12 903 742 6 -24 0 51 55
860 8 609 0 -24 -12851 0 55 0
861 8 609 0 6 -12851 0 60 0
862 8 609 0 6 -12851 0 55 0
863 12 742 500 6 -24 0 51 51
864 8 609 0 24 -12851 0 60 0
865 12 742 903 6 -24 0 51 55
866 12 1100 742 6 -24 0 55 51
867 8 742 0 -24 -12851 0 55 0
868 12 609 742 6 -24 0 55 55
869 8 1100 0 -6 -12851 0 55 0
870 12 609 742 -6 24 0 55 55
871 8 1100 0 -24 -12851 0 60 0
872 8 1100 0 6 -12851 0 55 0
873 8 500 0 6 -12851 0 55 0
874 8 500 0 6 -12851 0 60 0
875 8 903 0 6 -12851 0 55 0
876 8 903 0 -24 -12851 0 55 0
877 12 742 903 6 -24 0 55 51
878 12 742 609 -6 24 0 55 55
879 8 500 0 -24 -12851 0 60 0
880 8 903 0 -24 -12851 0 55 0
881 8 742 0 -6 -12851 0 60 0
882 8 742 0 -6 -12851 0 60 0
883 8 500 0 -24 -12851 0 60 0
884 12 742 903 -6 24 0 55 55
885 12 742 903 -6 24 0 55 55
886 8 500 0 -24 -12851 0 60 0
887 8 742 0 6 -12851 0 55 0
888 12 742 903 6 -24 0 51 51
889 12 742 609 6 -24 0 55 55
890 8 609 0 -6 -12851 0 60 0
891 8 609 0 24 -12851 0 60 0
892 12 742 903 -6 24 0 51 55
893 8 609 0 24 -12851 0 55 0
894 12 500 742 -6 24 0 55 51
895 8 500 0 6 -12851 0 55 0
896 12 742 903 -6 24 0 55 55
897 8 742 0 -24 -12851 0 60 0
898 8 1100 0 24 -12851 0 55 0
899 8 903 0 24 -12851 0 55 0
900 8 903 0 6 -12851 0 60 0
901 12 609 742 6 -24 0 51 55
902 8 1100 0 24 -12851 0 55 0
903 8 742 0 -24 -12851 0 60 0
904 8 500 0 -24 -12851 0 55 0
905 8 903 0 -24 -12851 0 55 0
906 8 1100 0 6 -12851 0 60 0
907 12 609 742 6 -24 0 51 55
908 8 742 0 -6 -12851 0 55 0
909 8 742 0 -24 -12851 0 55 0
910 8 609 0 24 -12851 0 55 0
911 12 1100 742 6 -24 0 51 55
912 12 742 609 -6 24 0 55 55
913 8 500 0 24 -12851 0 55 0
914 8 903 0 6 -12851 0 55 0
915 8 1100 0 -24 -12851 0 55 0
916 12 1100 742 -6 24 0 55 51
917 8 742 0 -24 -12851 0 55 0
918 8 609 0 24 -12851 0 55 0
919 8 903 0 -6 -12851 0 60 0
920 12 609 742 6 -24 0 55 55
921 12 1100 742 -6 24 0 55 55
922 8 500 0 -6 -12851 0 55 0
923 8 742 0 6 -12851 0 55 0
924 8 609 0 -24 -12851 0 60 0
925 12 742 903 -6 24 0 51 55
926 8 903 0 6 -12851 0 60 0
927 8 500 0 -6 -12851 0 55 0
928 12 742 609 -6 24 0 55 51
929 12 742 500 -6 24 0 55 55
930 12 742 1100 -6 24 0 51 55
931 8 1100 0 24 -12851 0 60 0
932 8 1100 0 -24 -12851 0 55 0
933 12 500 742 6 -24 0 55 51
934 8 500 0 -6 -12851 0 55 0
935 12 1100 742 -6 24 0 51 55
936 8 500 0 6 -12851 0 60 0
937 8 609 0 6 -12851 0 60 0
938 8 500 0 -24 -12851 0 60 0
939 8 903 0 24 -12851 0 55 0
940 8 609 0 -24 -12851 0 55 0
941 8 1100 0 24 -12851 0 60 0
942 8 742 0 6 -12851 0 55 0
943 8 742 0 -24 -12851 0 60 0
944 8 500 0 -6 -12851 0 55 0
945 8 903 0 -24 -12851 0 55 0
946 8 609 0 24 -12851 0 60 0
947 8 1100 0 -6 -12851 0 55 0
948 8 1100 0 6 -12851 0 60 0
949 8 742 0 6 -12851 0 60 0
950 8 903 0 24 -12851 0 60 0
951 12 500 742 6 -24 0 55 51
952 12 742 500 6 -24 0 55 55
953 8 1100 0 -6 -12851 0 60 0
954 12 742 500 -6 24 0 51 51
955 12 742 500 6 -24 0 51 51
956 8 1100 0 -6 -12851 0 55 0
957 12 609 742 6 -24 0 51 51
958 12 1100 742 -6 24 0 51 55
959 8 903 0 6 -12851 0 55 0
960 8 903 0 -6 -12851 0 60 0
961 8 1100 0 24 -12851 0 60 0
962 12 609 742 -6 24 0 51 55
963 8 609 0 6 -12851 0 60 0
964 8 500 0 -24 -12851 0 55 0
965 8 903 0 24 -12851 0 60 0
966 8 609 0 -24 -12851 0 55 0
967 8 1100 0 6 -12851 0 60 0
968 12 500 742 -6 24 0 55 51
969 8 500 0 24 -12851 0 60 0
970 8 500 0 6 -12851 0 55 0
971 8 609 0 -24 -12851 0 60 0
972 8 742 0 -24 -12851 0 60 0
973 8 742 0 6 -12851 0 55 0
974 12 609 742 -6 24 0 55 51
975 8 742 0 24 -12851 0 55 0
976 12 742 500 6 -24 0 55 55
977 8 609 0 -6 -12851 0 55 0
978 12 742 1100 -6 24 0 55 55
979 12 742 1100 6 -24 0 55 55
980 12 742 903 6 -24 0 51 51
981 8 609 0 6 -12851 0 55 0
982 8 500 0 -6 -12851 0 60 0
983 12 500 742 6 -24 0 51 51
984 8 903 0 6 -12851 0 60 0
985 12 903 742 6 -24 0 55 55
986 8 500 0 6 -12851 0 55 0
987 8 903 0 -6 -12851 0 60 0
988 12 1100 742 6 -24 0 51 55
989 12 1100 742 6 -24 0 51 51
990 8 500 0 6 -12851 0 55 0
991 8 903 0 6 -12851 0 55 0
992 8 742 0 -24 -12851 0 60 0
993 8 1100 0 24 -12851 0 60 0
994 8 742 0 24 -12851 0 55 0
995 12 609 742 6 -24 0 55 55
996 8 742 0 -24 -12851 0 60 0
997 8 1100 0 -24 -12851 0 60 0
998 12 742 1100 6 -24 0 55 51
999 8 1100 0 -6 -12851 0 55 0
1000 8 609 0 -24 -12851 0 60 0
1001 12 742 500 -6 24 0 55 51
1002 12 742 500 -6 24 0 51 51
1003 8 609 0 24 -12851 0 60 0
1004 8 903 0 24 -12851 0 55 0
1005 12 742 500 6 -24 0 51 51
1006 12 903 742 6 -24 0 55 51
1007 8 903 0 -6 -12851 0 55 0
1008 8 500 0 24 -12851 0 60 0
1009 8 1100 0 -24 -12851 0 60 0
1010 8 500 0 24 -12851 0 55 0
1011 12 742 903 -6 24 0 55 55
1012 8 1100 0 -6 -12851 0 60 0
1013 12 742 1100 -6 24 0 55 51
1014 8 742 0 6 -12851 0 60 0
1015 8 1100 0 6 -12851 0 55 0
1016 8 609 0 -6 -12851 0 55 0
1017 8 500 0 -24 -12851 0 55 0
1018 8 903 0 24 -12851 0 55 0
1019 8 903 0 -24 -12851 0 55 0
1020 8 742 0 -6 -12851 0 60 0
1021 12 742 609 -6 24 0 51 55
1022 8 609 0 24 -12851 0 60 0
1023 12 742 500 -6 24 0 55 51
1024 12 1100 742 -6 24 0 51 55
1025 8 609 0 24 -12851 0 60 0
1026 8 742 0 6 -12851 0 55 0
1027 8 500 0 -6 -12851 0 55 0
1028 8 500 0 24 -12851 0 55 0
1029 8 500 0 24 -12851 0 60 0
1030 12 742 500 6 -24 0 55 51
1031 8 609 0 -6 -12851 0 55 0
1032 8 609 0 6 -12851 0 55 0
1033 12 1100 742 -6 24 0 55 51
1034 8 609 0 6 -12851 0 60 0
1035 12 742 500 -6 24 0 51 51
1036 12 609 742 -6 24 0 55 55
1037 8 903 0 -6 -12851 0 60 0
1038 8 1100 0 24 -12851 0 60 0
1039 12 903 742 -6 24 0 51 51
1040 12 500 742 6 -24 0 51 55
1041 12 742 609 -6 24 0 55 51
1042 12 1100 742 6 -24 0 51 51
1043 12 500 742 6 -24 0 51 55
1044 12 742 609 6 -24 0 51 51
1045 8 1100 0 24 -12851 0 60 0
1046 8 500 0 -6 -12851 0 60 0
1047 8 1100 0 6 -12851 0 55 0
1048 12 609 742 6 -24 0 51 55
1049 8 742 0 6 -12851 0 55 0
1050 8 903 0 6 -12851 0 60 0
1051 12 742 1100 -6 24 0 51 55
1052 8 903 0 24 -12851 0 55 0
1053 8 742 0 -6 -12851 0 55 0
1054 8 742 0 -6 -12851 0 55 0
1055 12 609 742 6 -24 0 51 51
1056 8 903 0 6 -12851 0 60 0
1057 8 903 0 -6 -12851 0 60 0
1058 12 742 1100 -6 24 0 55 55
1059 8 609 0 -24 -12851 0 55 0
1060 12 1100 742 -6 24 0 51 51
1061 8 742 0 24 -12851 0 60 0
1062 8 742 0 -6 -12851 0 60 0
1063 12 1100 742 6 -24 0 51 55
1064 12 742 500 6 -24 0 55 51
1065 8 1100 0 6 -12851 0 55 0
1066 8 500 0 24 -12851 0 60 0
1067 12 903 742 -6 24 0 51 55
1068 8 903 0 24 -12851 0 55 0
1069 8 1100 0 6 -12851 0 60 0
1070 8 1100 0 -6 -12851 0 55 0
1071 8 742 0 -6 -12851 0 55 0
1072 8 903 0 24 -12851 0 60 0
1073 8 609 0 24 -12851 0 55 0
1074 8 609 0 6 -12851 0 55 0
1075 12 903 742 -6 24 0 55 55
1076 12 609 742 -6 24 0 51 51
1077 12 500 742 -6 24 0 55 51
1078 12 903 742 -6 24 0 55 51
1079 8 500 0 6 -12851 0 55 0
1080 8 500 0 -24 -12851 0 60 0
1081 8 903 0 6 -12851 0 60 0
1082 12 742 903 -6 24 0 55 51
1083 8 903 0 6 -12851 0 60 0
1084 8 742 0 -6 -12851 0 60 0
1085 12 609 742 -6 24 0 55 51
1086 8 742 0 24 -12851 0 55 0
1087 8 742 0 6 -12851 0 55 0
1088 8 903 0 6 -12851 0 60 0
1089 12 1100 742 -6 24 0 55 51
1090 12 903 742 -6 24 0 55 51
1091 8 609 0 -24 -12851 0 60 0
1092 12 742 609 6 -24 0 51 55
1093 12 742 500 6 -24 0 51 51
1094 8 903 0 -6 -12851 0 55 0
1095 12 742 609 6 -24 0 55 51
1096 12 742 500 6 -24 0 55 51
1097 8 609 0 24 -12851 0 55 0
1098 12 742 609 -6 24 0 55 51
1099 8 609 0 -24 -12851 0 60 0
1100 12 742 500 6 -24 0 51 51
1101 12 742 1100 -6 24 0 51 55
1102 8 500 0 6 -12851 0 60 0
1103 8 1100 0 6 -12851 0 60 0
1104 8 500 0 -24 -12851 0 55 0
1105 8 1100 0 6 -12851 0 60 0
1106 8 1100 0 24 -12851 0 60 0
1107 8 500 0 24 -12851 0 55 0
1108 12 500 742 -6 24 0 51 51
1109 12 1100 742 -6 24 0 51 51
1110 8 609 0 6 -12851 0 60 0
1111 8 609 0 24 -12851 0 55 0
1112 8 500 0 -24 -12851 0 60 0
1113 8 500 0 -24 -12851 0 60 0
1114 8 1100 0 -6 -12851 0 55 0
1115 12 742 500 -6 24 0 51 51
1116 12 742 1100 6 -24 0 55 51
1117 8 500 0 24 -12851 0 60 0
1118 8 742 0 -6 -12851 0 55 0
1119 12 742 903 -6 24 0 51 51
1120 8 609 0 -6 -12851 0 55 0
1121 8 609 0 -6 -12851 0 60 0
1122 8 903 0 6 -12851 0 60 0
1123 12 903 742 6 -24 0 55 55
1124 8 1100 0 -6 -12851 0 55 0
1125 8 742 0 -6 -12851 0 55 0
1126 8 903 0 6 -12851 0 55 0
1127 8 742 0 -6 -12851 0 55 0
1128 8 903 0 6 -12851 0 55 0
1129 8 1100 0 24 -12851 0 55 0
1130 12 742 609 6 -24 0 55 51
1131 8 500 0 -6 -12851 0 60 0
1132 12 609 742 -6 24 0 51 51
1133 8 500 0 6 -12851 0 60 0
1134 8 609 0 -24 -12851 0 60 0
1135 8 500 0 -6 -12851 0 60 0
1136 12 903 742 6 -24 0 51 51
1137 8 903 0 -24 -12851 0 60 0
1138 12 1100 742 -6 24 0 51 55
1139 8 609 0 -6 -12851 0 55 0
1140 12 742 500 6 -24 0 55 51
1141 8 1100 0 -24 -12851 0 60 0
1142 8 742 0 24 -12851 0 60 0
1143 8 742 0 -6 -12851 0 55 0
1144 12 742 903 6 -24 0 55 51
1145 8 500 0 -6 -12851 0 60 0
1146 8 903 0 -24 -12851 0 60 0
1147 12 1100 742 6 -24 0 51 51
1148 12 742 1100 -6 24 0 55 55
1149 8 609 0 6 -12851 0 60 0
1150 8 1100 0 -24 -12851 0 60 0
1151 12 742 609 6 -24 0 51 51
1152 8 1100 0 -6 -12851 0 55 0
1153 12 1100 742 6 -24 0 51 55
1154 12 742 1100 6 -24 0 51 51
1155 8 742 0 6 -12851 0 55 0
1156 12 742 609 6 -24 0 51 51
1157 12 609 742 6 -24 0 55 51
1158 12 903 742 -6 24 0 51 51
1159 8 903 0 24 -12851 0 55 0
1160 8 500 0 -6 -12851 0 60 0
1161 8 500 0 6 -12851 0 55 0
1162 12 742 609 6 -24 0 51 51
1163 12 742 1100 6 -24 0 51 51
1164 12 742 1100 -6 24 0 55 51
1165 12 903 742 6 -24 0 55 51
1166 12 903 742 -6 24 0 51 55
1167 8 500 0 -24 -12851 0 60 0
1168 8 609 0 -24 -12851 0 60 0
1169 12 903 742 -6 24 0 55 55
1170 12 742 1100 6 -24 0 55 51
1171 12 1100 742 -6 24 0 55 51
1172 12 742 500 -6 24 0 51 55
1173 8 609 0 6 -12851 0 60 0
1174 12 500 742 -6 24 0 51 51
1175 12 1100 742 6 -24 0 55 51
1176 8 609 0 24 -12851 0 55 0
1177 12 1100 742 -6 24 0 51 51
1178 8 903 0 -24 -12851 0 60 0
1179 8 1100 0 -24 -12851 0 55 0
1180 8 1100 0 24 -12851 0 55 0
1181 8 500 0 -6 -12851 0 60 0
1182 8 1100 0 6 -12851 0 60 0
1183 8 742 0 -6 -12851 0 60 0
1184 8 903 0 -6 -12851 0 55 0
1185 8 903 0 -6 -12851 0 60 0
1186 8 742 0 -24 -12851 0 55 0
1187 8 742 0 24 -12851 0 55 0
1188 8 742 0 6 -12851 0 55 0
1189 8 742 0 -6 -12851 0 55 0
1190 8 1100 0 -24 -12851 0 60 0
1191 8 1100 0 24 -12851 0 55 0
1192 8 500 0 24 -12851 0 55 0
1193 8 500 0 24 -12851 0 60 0
1194 8 500 0 -24 -12851 0 60 0
1195 8 609 0 6 -12851 0 55 0
1196 8 742 0 -6 -12851 0 60 0
1197 12 742 1100 6 -24 0 55 51
1198 12 1100 742 6 -24 0 55 55
1199 12 500 742 -6 24 0 55 55
1200 8 903 0 -6 -12851 0 60 0
1201 8 903 0 -6 -12851 0 55 0
1202 12 500 742 -6 24 0 55 55
1203 8 742 0 6 -12851 0 55 0
1204 8 903 0 -24 -12851 0 60 0
1205 8 609 0 -24 -12851 0 60 0
1206 8 609 0 6 -12851 0 60 0
1207 8 1100 0 -24 -12851 0 60 0
1208 8 500 0 -6 -12851 0 55 0
1209 8 500 0 6 -12851 0 55 0
1210 12 609 742 -6 24 0 51 51
1211 8 1100 0 -6 -12851 0 55 0
1212 8 742 0 -24 -12851 0 55 0
1213 12 500 742 6 -24 0 55 55
1214 12 1100 742 6 -24 0 51 51
1215 8 903 0 -6 -12851 0 55 0
1216 8 1100 0 -6 -12851 0 60 0
1217 12 742 1100 -6 24 0 55 51
1218 12 500 742 -6 24 0 51 51
1219 8 500 0 6 -12851 0 55 0
1220 12 609 742 -6 24 0 55 55
1221 8 500 0 6 -12851 0 60 0
1222 12 609 742 6 -24 0 51 51
1223 8 1100 0 -24 -12851 0 60 0
1224 8 609 0 24 -12851 0 55 0
1225 8 742 0 -6 -12851 0 55 0
1226 8 609 0 -24 -12851 0 55 0
1227 12 1100 742 -6 24 0 51 51
1228 8 903 0 24 -12851 0 55 0
1229 8 742 0 -6 -12851 0 60 0
1230 8 903 0 24 -12851 0 55 0
1231 8 609 0 24 -12851 0 60 0
1232 8 742 0 -24 -12851 0 55 0
1233 8 742 0 -6 -12851 0 60 0
1234 8 903 0 -24 -12851 0 60 0
1235 12 1100 742 6 -24 0 51 55
1236 8 609 0 -6 -12851 0 60 0
1237 8 903 0 24 -12851 0 55 0
1238 12 903 742 6 -24 0 55 55
1239 12 742 500 -6 24 0 51 55
1240 12 500 742 -6 24 0 55 51
1241 8 500 0 24 -12851 0 60 0
1242 8 609 0 6 -12851 0 55 0
1243 12 903 742 -6 24 0 51 51
1244 8 1100 0 -24 -12851 0 60 0
1245 8 500 0 -6 -12851 0 60 0
1246 8 500 0 -6 -12851 0 55 0
1247 8 903 0 6 -12851 0 55 0
1248 12 742 500 6 -24 0 51 55
1249 8 1100 0 6 -12851 0 60 0
1250 12 1100 742 6 -24 0 55 55
1251 8 742 0 -6 -12851 0 60 0
1252 8 609 0 24 -12851 0 60 0
1253 8 1100 0 -6 -12851 0 55 0
1254 8 742 0 24 -12851 0 60 0
1255 12 903 742 -6 24 0 55 55
1256 8 903 0 -24 -12851 0 55 0
1257 8 903 0 24 -12851 0 60 0
1258 8 742 0 -6 -12851 0 60 0
1259 12 500 742 6 -24 0 55 51
1260 12 742 500 -6 24 0 51 55
1261 12 903 742 -6 24 0 51 51
1262 12 742 500 -6 24 0 51 51
1263 8 742 0 -24 -12851 0 60 0
1264 12 742 500 6 -24 0 55 55
1265 12 1100 742 6 -24 0 51 55
1266 8 1100 0 24 -12851 0 60 0
1267 12 742 1100 6 -24 0 51 55
1268 8 1100 0 -24 -12851 0 60 0
1269 8 1100 0 -24 -12851 0 55 0
1270 12 1100 742 -6 24 0 51 51
1271 8 500 0 -24 -12851 0 60 0
1272 8 742 0 -24 -12851 0 55 0
1273 12 500 742 6 -24 0 55 51
1274 12 1100 742 6 -24 0 51 51
1275 8 903 0 -6 -12851 0 55 0
1276 8 903 0 -24 -12851 0 55 0
1277 12 742 1100 -6 24 0 55 51
1278 8 609 0 -24 -12851 0 60 0
1279 8 609 0 24 -12851 0 60 0
1280 8 609 0 6 -12851 0 60 0
1281 8 500 0 6 -12851 0 60 0
1282 8 500 0 -24 -12851 0 55 0
1283 8 903 0 6 -12851 1 60 0
1284 12 742 500 -6 24 0 51 51
1285 8 903 0 -24 -12851 0 55 0
1286 12 500 742 6 -24 1 51 55
1287 8 1100 0 24 -12851 0 60 0
1288 8 1100 0 6 -12851 1 60 0
1289 8 609 0 24 -12851 0 55 0
1290 12 742 1100 6 -24 0 55 55
1291 12 742 609 -6 24 0 55 55
1292 8 1100 0 6 -12851 1 60 0
1293 8 609 0 6 -12851 1 55 0
1294 12 500 742 -6 24 0 51 51
1295 12 742 609 6 -24 0 55 51
1296 12 609 742 -6 24 0 51 55
1297 8 500 0 6 -12851 0 60 0
1298 8 609 0 24 -12851 0 60 0
1299 12 742 1100 6 -24 0 51 51
1300 12 500 742 -6 24 0 55 51
1301 8 500 0 24 -12851 0 60 0
1302 12 1100 742 6 -24 0 55 55
1303 8 903 0 -6 -12851 0 60 0
1304 12 903 742 6 -24 0 51 55
1305 8 903 0 -24 -12851 0 55 0
1306 12 742 903 6 -24 0 51 55
1307 12 742 500 6 -24 0 51 51
1308 12 500 742 6 -24 0 51 55
1309 8 500 0 -24 -12851 0 60 0
1310 8 742 0 -6 -12851 1 60 0
1311 8 742 0 -6 -12851 1 60 0
1312 12 500 742 6 -24 0 55 55
1313 8 742 0 24 -12851 0 60 0
1314 8 742 0 -24 -12851 1 55 0
1315 8 742 0 -6 -12851 1 60 0
1316 8 742 0 6 -12851 1 60 0
1317 8 609 0 -6 -12851 1 55 0
1318 12 742 500 6 -24 1 51 55
1319 8 1100 0 -24 -12851 1 60 0
1320 12 609 742 6 -24 0 51 51
1321 12 742 609 -6 24 1 51 51
1322 12 742 609 -6 24 0 51 55
1323 12 742 500 -6 24 0 51 51
1324 8 903 0 6 -12851 0 55 0
1325 8 609 0 24 -12851 0 60 0
1326 12 500 742 6 -24 0 55 51
1327 8 903 0 24 -12851 0 60 0
1328 8 903 0 -24 -12851 1 55 0
1329 12 742 609 -6 24 0 51 51
1330 8 609 0 24 -12851 0 60 0
1331 12 500 742 6 -24 0 55 51
1332 8 500 0 6 -12851 1 55 0
1333 12 742 903 -6 24 1 55 55
1334 12 903 742 6 -24 0 55 55
1335 12 742 903 6 -24 0 55 51
1336 8 1100 0 24 -12851 0 60 0
1337 12 903 742 -6 24 0 55 55
1338 12 500 742 6 -24 0 51 51
1339 12 903 742 6 -24 0 55 55
1340 12 742 609 -6 24 0 55 51
1341 8 1100 0 6 -12851 1 60 0
1342 12 1100 742 -6 24 0 51 51
1343 8 742 0 -24 -12851 1 60 0
1344 12 742 903 -6 24 0 51 55
1345 8 500 0 -6 -12851 1 55 0
1346 12 609 742 6 -24 0 55 51
1347 12 500 742 6 -24 1 51 51
1348 12 1100 742 6 -24 0 51 51
1349 8 500 0 -6 -12851 1 60 0
1350 8 742 0 6 -12851 1 55 0
1351 8 742 0 6 -12851 1 60 0
1352 12 1100 742 -6 24 0 55 55
1353 12 742 1100 6 -24 0 55 55
1354 8 1100 0 -24 -12851 1 55 0
1355 8 1100 0 6 -12851 0 55 0
1356 12 742 500 6 -24 0 55 51
1357 12 1100 742 6 -24 0 55 55
1358 12 742 500 6 -24 1 55 55
1359 8 609 0 -6 -12851 0 60 0
1360 12 742 1100 6 -24 0 51 55
1361 8 742 0 24 -12851 0 60 0
1362 12 742 903 6 -24 0 51 51
1363 8 609 0 24 -12851 1 60 0
1364 8 903 0 -6 -12851 1 60 0
1365 8 1100 0 6 -12851 1 60 0
1366 8 742 0 6 -12851 1 55 0
1367 8 609 0 -24 -12851 1 60 0
1368 8 903 0 24 -12851 1 55 0
1369 8 500 0 -24 -12851 1 60 0
1370 12 500 742 -6 24 0 55 55
1371 8 903 0 -6 -12851 1 60 0
1372 12 903 742 6 -24 1 55 51
1373 12 742 609 -6 24 0 55 55
1374 8 500 0 6 -12851 0 60 0
1375 8 500 0 24 -12851 0 60 0
1376 8 500 0 -6 -12851 0 55 0
1377 12 742 1100 -6 24 0 55 51
1378 12 742 1100 6 -24 0 51 51
1379 8 500 0 6 -12851 1 60 0
1380 12 742 1100 -6 24 1 51 51
1381 8 500 0 24 -12851 1 60 0
1382 8 1100 0 -24 -12851 1 60 0
1383 12 742 500 6 -24 0 55 55
1384 12 903 742 -6 24 0 51 55
1385 8 500 0 24 -12851 1 55 0
1386 12 742 1100 -6 24 1 51 51
1387 12 500 742 -6 24 0 55 55
1388 8 1100 0 -6 -12851 1 55 0
1389 12 609 742 6 -24 0 55 55
1390 12 609 742 -6 24 0 51 55
1391 8 903 0 6 -12851 1 60 0
1392 8 742 0 6 -12851 1 55 0
1393 12 742 1100 -6 24 1 51 51
1394 8 609 0 6 -12851 1 55 0
1395 12 1100 742 6 -24 0 55 51
1396 12 903 742 6 -24 0 55 51
1397 12 742 500 -6 24 0 51 55
1398 8 609 0 24 -12851 0 55 0
1399 8 609 0 6 -12851 1 60 0
1400 12 742 609 -6 24 0 55 51
1401 12 609 742 -6 24 0 55 55
1402 8 742 0 6 -12851 1 60 0
1403 12 742 609 6 -24 0 51 55
1404 8 1100 0 24 -12851 1 60 0
1405 8 742 0 24 -12851 0 60 0
1406 8 903 0 24 -12851 1 55 0
1407 12 742 1100 6 -24 1 51 51
1408 12 1100 742 6 -24 1 51 55
1409 12 742 903 -6 24 0 55 51
1410 8 903 0 -24 -12851 1 55 0
1411 8 1100 0 -6 -12851 1 55 0
1412 8 1100 0 -6 -12851 1 60 0
1413 12 500 742 -6 24 1 55 51
1414 12 742 609 6 -24 0 51 51
1415 12 1100 742 -6 24 0 55 51
1416 8 500 0 6 -12851 1 55 0
1417 8 742 0 24 -12851 1 55 0
1418 8 609 0 24 -12851 0 55 0
1419 8 500 0 -24 -12851 1 60 0
1420 12 742 500 6 -24 0 55 55
1421 8 742 0 6 -12851 1 60 0
1422 8 742 0 6 -12851 1 60 0
1423 8 609 0 24 -12851 1 55 0
1424 8 903 0 -24 -12851 1 60 0
1425 8 903 0 -6 -12851 1 60 0
1426 12 742 500 6 -24 1 51 55
1427 8 1100 0 -6 -12851 0 55 0
1428 8 609 0 6 -12851 1 60 0
1429 8 1100 0 6 -12851 1 55 0
1430 8 903 0 -24 -12851 1 55 0
1431 8 500 0 24 -12851 1 60 0
1432 8 903 0 6 -12851 0 60 0
1433 8 903 0 -6 -12851 0 55 0
1434 8 500 0 6 -12851 0 55 0
1435 8 1100 0 6 -12851 0 55 0
1436 12 742 609 -6 24 0 51 51
1437 12 609 742 -6 24 0 55 51
1438 12 742 500 6 -24 0 55 55
1439 12 1100 742 -6 24 1 51 55
1440 8 500 0 24 -12851 0 60 0
1441 8 1100 0 24 -12851 0 55 0
1442 8 742 0 6 -12851 0 55 0
1443 8 1100 0 -6 -12851 1 60 0
1444 12 742 500 -6 24 1 51 55
1445 12 742 609 6 -24 0 51 55
1446 8 609 0 -24 -12851 1 60 0
1447 12 500 742 -6 24 1 55 51
1448 12 609 742 -6 24 1 51 51
1449 12 609 742 -6 24 1 55 55
1450 8 500 0 -24 -12851 1 60 0
1451 12 742 903 6 -24 0 55 51
1452 12 609 742 -6 24 0 51 51
1453 8 903 0 6 -12851 1 55 0
1454 8 903 0 -24 -12851 1 60 0
1455 8 742 0 -6 -12851 0 55 0
1456 8 609 0 -6 -12851 0 60 0
1457 8 609 0 -6 -12851 1 55 0
1458 12 903 742 -6 24 1 55 55
1459 8 742 0 6 -12851 1 60 0
1460 12 500 742 -6 24 1 55 55
1461 8 742 0 6 -12851 0 55 0
1462 8 742 0 6 -12851 1 55 0
1463 8 903 0 -6 -12851 0 60 0
1464 12 903 742 -6 24 1 55 51
1465 8 609 0 -24 -12851 1 60 0
1466 8 903 0 24 -12851 1 55 0
1467 8 500 0 -6 -12851 0 60 0
1468 8 609 0 -24 -12851 1 60 0
1469 8 1100 0 -6 -12851 0 55 0
1470 12 903 742 -6 24 1 51 51
1471 8 500 0 6 -12851 0 55 0
1472 8 500 0 -6 -12851 0 60 0
1473 12 609 742 6 -24 1 55 55
1474 12 500 742 6 -24 0 55 51
1475 8 903 0 24 -12851 1 55 0
1476 8 1100 0 -24 -12851 1 60 0
1477 8 742 0 6 -12851 1 60 0
1478 8 609 0 6 -12851 1 60 0
1479 8 1100 0 -6 -12851 1 60 0
1480 8 742 0 6 -12851 1 60 0
1481 8 609 0 -6 -12851 1 55 0
1482 8 609 0 6 -12851 1 55 0
1483 12 609 742 -6 24 1 51 51
1484 8 742 0 -6 -12851 1 55 0
1485 8 742 0 -24 -12851 1 60 0
1486 12 742 1100 6 -24 0 55 51
1487 8 500 0 6 -12851 1 60 0
1488 8 742 0 -6 -12851 1 60 0
1489 8 903 0 -24 -12851 1 60 0
1490 8 903 0 6 -12851 0 55 0
1491 12 1100 742 6 -24 0 51 51
1492 8 609 0 -6 -12851 1 60 0
1493 8 500 0 -24 -12851 1 55 0
1494 12 742 500 6 -24 0 51 55
1495 8 609 0 6 -12851 1 60 0
1496 8 903 0 -24 -12851 1 60 0
1497 12 1100 742 6 -24 0 51 51
1498 12 500 742 6 -24 1 55 51
1499 8 1100 0 24 -12851 1 55 0
1500 8 1100 0 -6 -12851 0 55 0
1501 12 903 742 6 -24 0 51 51
1502 8 500 0 -24 -12851 0 55 0
1503 12 1100 742 -6 24 0 51 55
1504 8 1100 0 6 -12851 1 55 0
1505 8 500 0 24 -12851 1 60 0
1506 8 500 0 6 -12851 1 55 0
1507 12 742 609 -6 24 1 51 51
1508 12 742 903 -6 24 1 55 55
1509 12 609 742 6 -24 0 55 51
1510 12 742 1100 6 -24 1 55 55
1511 12 742 500 6 -24 0 55 51
1512 12 1100 742 6 -24 0 55 51
1513 12 1100 742 6 -24 0 51 51
1514 12 903 742 -6 24 1 51 55
1515 12 609 742 -6 24 1 55 51
1516 8 1100 0 -6 -12851 1 60 0
1517 12 742 609 6 -24 1 51 51
1518 12 742 1100 -6 24 0 55 55
1519 12 903 742 6 -24 0 51 55
1520 8 903 0 6 -12851 1 55 0
1521 12 742 609 -6 24 0 55 51
1522 8 609 0 -24 -12851 0 60 0
1523 12 609 742 6 -24 1 55 55
1524 8 609 0 -6 -12851 1 60 0
1525 8 1100 0 -6 -12851 0 55 0
1526 12 903 742 6 -24 0 51 51
1527 12 609 742 6 -24 0 55 55
1528 8 609 0 6 -12851 1 55 0
1529 8 1100 0 24 -12851 1 60 0
1530 8 500 0 6 -12851 1 55 0
1531 8 742 0 6 -12851 1 55 0
1532 12 742 903 -6 24 0 55 51
1533 8 742 0 -24 -12851 1 60 0
1534 8 742 0 -6 -12851 0 55 0
1535 8 500 0 24 -12851 1 60 0
1536 8 903 0 6 -12851 1 60 0
1537 12 903 742 6 -24 0 51 51
1538 12 742 1100 6 -24 1 55 51
1539 8 903 0 6 -12851 1 60 0
1540 8 609 0 -24 -12851 1 55 0
1541 8 609 0 6 -12851 1 55 0
1542 8 609 0 -6 -12851 0 60 0
1543 12 500 742 6 -24 1 55 55
1544 8 1100 0 24 -12851 1 60 0
1545 8 1100 0 24 -12851 1 60 0
1546 12 742 1100 -6 24 0 51 55
1547 8 609 0 -24 -12851 1 60 0
1548 8 742 0 6 -12851 1 55 0
1549 12 742 1100 -6 24 0 51 51
1550 8 742 0 6 -12851 1 60 0
1551 12 742 1100 6 -24 1 55 55
1552 8 903 0 -6 -12851 0 55 0
1553 8 903 0 24 -12851 0 55 0
1554 8 500 0 24 -12851 0 55 0
1555 12 500 742 -6 24 0 51 55
1556 8 500 0 6 -12851 0 60 0
1557 12 1100 742 6 -24 1 51 55
1558 12 500 742 -6 24 1 55 55
1559 8 903 0 -24 -12851 1 60 0
1560 12 903 742 -6 24 1 55 55
1561 12 1100 742 -6 24 1 51 51
1562 8 742 0 -24 -12851 1 60 0
1563 8 500 0 6 -12851 1 55 0
1564 12 1100 742 6 -24 1 51 55
1565 12 1100 742 -6 24 1 51 51
1566 8 1100 0 6 -12851 1 60 0
1567 12 742 903 -6 24 1 51 51
1568 8 742 0 -24 -12851 1 60 0
1569 12 500 742 -6 24 0 55 51
1570 8 742 0 24 -12851 1 55 0
1571 12 609 742 6 -24 0 55 51
1572 8 1100 0 -24 -12851 1 55 0
1573 12 742 903 6 -24 1 51 51
1574 12 609 742 -6 24 0 51 51
1575 8 609 0 6 -12851 1 60 0
1576 8 903 0 -6 -12851 0 55 0
1577 8 609 0 -24 -12851 0 60 0
1578 8 609 0 -24 -12851 1 55 0
1579 8 500 0 -24 -12851 1 55 0
1580 12 500 742 -6 24 0 51 55
1581 8 903 0 6 -12851 1 55 0
1582 8 903 0 -6 -12851 1 55 0
1583 8 1100 0 24 -12851 0 60 0
1584 8 742 0 6 -12851 1 55 0
1585 8 742 0 24 -12851 1 60 0
1586 8 1100 0 -24 -12851 1 60 0
1587 8 500 0 6 -12851 1 60 0
1588 8 500 0 6 -12851 1 55 0
1589 8 1100 0 6 -12851 0 60 0
1590 8 1100 0 24 -12851 1 60 0
1591 12 1100 742 6 -24 0 55 51
1592 12 500 742 -6 24 0 55 55
1593 8 609 0 24 -12851 1 55 0
1594 8 903 0 -24 -12851 1 55 0
1595 8 742 0 -6 -12851 1 60 0
1596 8 903 0 24 -12851 0 60 0
1597 12 742 609 -6 24 0 51 55
1598 12 903 742 6 -24 0 55 55
1599 8 1100 0 -6 -12851 1 60 0
1600 8 742 0 6 -12851 1 60 0
1601 8 1100 0 -24 -12851 0 55 0
1602 12 903 742 -6 24 1 55 55
1603 8 903 0 -24 -12851 1 60 0
1604 12 1100 742 -6 24 1 51 51
1605 8 500 0 6 -12851 1 55 0
1606 12 500 742 -6 24 0 51 55
1607 12 742 903 -6 24 1 51 55
1608 8 500 0 24 -12851 0 55 0
1609 12 742 1100 6 -24 1 55 51
1610 12 500 742 6 -24 0 51 55
1611 12 742 609 -6 24 1 55 51
1612 8 500 0 6 -12851 0 55 0
1613 8 609 0 -6 -12851 1 55 0
1614 12 742 500 -6 24 1 55 55
1615 8 609 0 -6 -12851 0 55 0
1616 8 742 0 -24 -12851 0 55 0
1617 8 500 0 -6 -12851 0 55 0
1618 8 500 0 -6 -12851 0 55 0
1619 8 742 0 24 -12851 1 55 0
1620 12 903 742 -6 24 1 55 51
1621 8 903 0 6 -12851 1 60 0
1622 12 742 1100 -6 24 0 55 55
1623 12 742 609 6 -24 0 51 51
1624 8 1100 0 6 -12851 1 60 0
1625 12 1100 742 -6 24 0 51 51
1626 12 1100 742 -6 24 0 51 51
1627 12 742 903 6 -24 0 51 55
1628 12 500 742 -6 24 0 55 55
1629 8 609 0 -24 -12851 0 55 0
1630 8 500 0 -24 -12851 0 60 0
1631 8 500 0 24 -12851 0 60 0
1632 8 609 0 24 -12851 0 60 0
1633 8 609 0 -6 -12851 0 55 0
1634 12 500 742 6 -24 0 55 51
1635 8 742 0 24 -12851 0 55 0
1636 8 1100 0 6 -12851 1 55 0
1637 8 742 0 -24 -12851 1 60 0
1638 8 903 0 -6 -12851 1 55 0
1639 8 903 0 -24 -12851 1 60 0
1640 8 1100 0 24 -12851 1 55 0
1641 8 903 0 -24 -12851 1 60 0
1642 8 903 0 24 -12851 1 55 0
1643 12 609 742 6 -24 0 55 55
1644 8 742 0 -6 -12851 1 55 0
1645 8 742 0 -6 -12851 1 55 0
1646 8 500 0 6 -12851 1 55 0
1647 8 742 0 24 -12851 0 60 0
1648 12 903 742 6 -24 0 55 55
1649 8 609 0 -6 -12851 0 55 0
1650 8 903 0 6 -12851 0 60 0
1651 8 609 0 -24 -12851 0 55 0
1652 8 1100 0 -24 -12851 1 60 0
1653 12 1100 742 6 -24 0 55 51
1654 12 742 903 -6 24 0 55 51
1655 8 903 0 24 -12851 1 60 0
1656 8 1100 0 -24 -12851 1 60 0
1657 8 1100 0 24 -12851 0 60 0
1658 8 609 0 -24 -12851 0 55 0
1659 8 500 0 6 -12851 0 60 0
1660 12 903 742 -6 24 0 51 55
1661 8 500 0 -24 -12851 0 55 0
1662 12 1100 742 -6 24 0 51 55
1663 8 742 0 6 -12851 0 55 0
1664 12 742 609 -6 24 0 51 55
1665 8 742 0 24 -12851 0 60 0
1666 12 742 500 6 -24 0 51 55
1667 8 609 0 24 -12851 0 55 0
1668 8 609 0 24 -12851 0 60 0
1669 8 1100 0 -24 -12851 0 60 0
1670 8 742 0 -24 -12851 0 55 0
1671 12 903 742 -6 24 0 51 51
1672 12 742 500 6 -24 0 55 51
1673 8 742 0 24 -12851 0 55 0
1674 8 609 0 6 -12851 0 60 0
1675 12 742 903 6 -24 0 55 55
1676 8 1100 0 -6 -12851 0 55 0
1677 8 903 0 -6 -12851 0 60 0
1678 8 903 0 -6 -12851 0 55 0
1679 8 500 0 -24 -12851 0 55 0
1680 12 742 500 6 -24 0 55 51
1681 12 903 742 6 -24 0 51 51
1682 12 742 609 6 -24 0 51 51
1683 12 742 903 6 -24 0 55 55
1684 8 500 0 -6 -12851 0 60 0
1685 12 500 742 6 -24 0 55 55
1686 8 903 0 -24 -12851 0 60 0
1687 12 1100 742 6 -24 0 51 51
1688 8 1100 0 24 -12851 0 55 0
1689 8 500 0 24 -12851 0 55 0
1690 12 903 742 6 -24 0 51 55
1691 8 500 0 6 -12851 0 55 0
1692 8 500 0 -6 -12851 0 60 0
1693 8 500 0 -24 -12851 0 55 0
1694 8 903 0 -6 -12851 0 60 0
1695 8 903 0 -6 -12851 0 55 0
1696 8 1100 0 -24 -12851 0 60 0
1697 8 1100 0 24 -12851 0 55 0
1698 8 500 0 6 -12851 0 60 0
1699 12 742 1100 -6 24 0 51 51
1700 8 1100 0 24 -12851 0 55 0
1701 12 742 500 -6 24 0 55 51
1702 12 1100 742 -6 24 0 51 51
1703 12 903 742 -6 24 0 51 51
1704 12 742 500 6 -24 0 51 55
1705 12 1100 742 6 -24 0 55 55
1706 8 903 0 -6 -12851 0 55 0
1707 8 609 0 -6 -12851 0 60 0
1708 12 742 903 6 -24 0 51 51
1709 12 1100 742 -6 24 0 51 51
1710 12 742 609 -6 24 0 55 51
1711 8 742 0 -24 -12851 0 60 0
1712 8 609 0 6 -12851 0 55 0
1713 8 609 0 -24 -12851 0 60 0
1714 8 742 0 24 -12851 0 60 0
1715 12 742 609 -6 24 0 51 55
1716 8 742 0 6 -12851 0 55 0
1717 12 609 742 -6 24 0 51 51
1718 8 500 0 -24 -12851 0 55 0
1719 12 742 903 -6 24 0 55 55
1720 8 500 0 24 -12851 0 60 0
1721 12 742 903 -6 24 0 51 51
1722 12 742 1100 -6 24 0 51 51
1723 8 500 0 24 -12851 0 60 0
1724 8 903 0 -24 -12851 0 55 0
1725 8 903 0 24 -12851 0 55 0
1726 12 742 1100 6 -24 0 55 55
1727 12 903 742 -6 24 0 55 51
1728 12 500 742 -6 24 0 55 55
1729 8 1100 0 -24 -12851 0 55 0
