343 8 903 0 -24 -12851 1 55 0
344 12 742 609 -6 24 1 55 55
345 8 500 0 24 -12851 1 55 0
346 8 903 0 6 -12851 1 55 0
347 8 500 0 24 -12851 0 60 0
348 12 742 609 -6 24 0 55 55
349 8 742 0 -24 -12851 0 55 0
350 8 609 0 -6 -12851 0 55 0
351 12 903 742 6 -24 1 51 55
352 12 500 742 -6 24 1 55 55
353 8 903 0 24 -12851 1 60 0
354 12 742 1100 -6 24 1 51 51
355 12 742 903 6 -24 1 51 51
356 12 609 742 -6 24 0 51 51
357 12 742 609 -6 24 1 55 55
358 8 1100 0 24 -12851 1 60 0
359 8 1100 0 -6 -12851 1 55 0
360 8 500 0 -6 -12851 0 60 0
361 12 1100 742 6 -24 1 51 51
362 8 903 0 6 -12851 1 60 0
363 8 742 0 -6 -12851 1 55 0
364 12 609 742 -6 24 1 55 51
365 8 742 0 24 -12851 1 60 0
366 8 609 0 -24 -12851 1 55 0
367 8 903 0 6 -12851 1 55 0
368 8 1100 0 6 -12851 0 60 0
369 8 903 0 6 -12851 0 60 0
370 12 742 903 -6 24 0 55 55
371 12 742 903 6 -24 1 51 55
372 8 1100 0 -6 -12851 1 55 0
373 8 609 0 6 -12851 1 55 0
374 12 609 742 6 -24 1 51 51
375 8 742 0 24 -12851 1 60 0
376 12 742 903 6 -24 1 55 55
377 12 742 1100 6 -24 1 55 51
378 12 742 609 -6 24 0 55 55
379 12 742 903 6 -24 1 51 55
380 12 742 609 6 -24 1 55 55
381 8 609 0 24 -12851 0 55 0
382 12 742 903 6 -24 0 55 55
383 8 500 0 6 -12851 1 60 0
384 12 500 742 6 -24 1 51 51
385 12 1100 742 6 -24 1 55 55
386 12 742 903 -6 24 1 55 55
387 12 742 903 6 -24 1 55 55
388 8 500 0 -24 -12851 1 55 0
389 8 609 0 6 -12851 1 55 0
390 8 609 0 -24 -12851 1 55 0
391 12 1100 742 -6 24 0 55 51
392 8 903 0 -6 -12851 1 55 0
393 12 903 742 6 -24 1 51 55
394 8 500 0 6 -12851 1 55 0
395 8 500 0 24 -12851 1 60 0
396 8 903 0 24 -12851 1 60 0
397 12 742 903 6 -24 1 55 55
398 12 1100 742 6 -24 1 51 55
399 8 1100 0 -24 -12851 0 55 0
400 12 742 903 -6 24 1 51 51
401 12 609 742 -6 24 0 55 55
402 12 742 609 6 -24 1 55 55
403 12 742 903 6 -24 1 55 51
404 8 500 0 -6 -12851 1 55 0
405 12 742 609 6 -24 1 51 55
406 8 742 0 -24 -12851 1 55 0
407 12 1100 742 6 -24 1 51 51
408 8 609 0 6 -12851 1 55 0
409 8 742 0 24 -12851 1 55 0
410 8 903 0 6 -12851 1 60 0
411 8 742 0 24 -12851 1 60 0
412 8 609 0 6 -12851 1 60 0
413 12 742 1100 6 -24 1 55 55
414 12 742 903 -6 24 0 55 55
415 8 1100 0 24 -12851 1 55 0
416 12 903 742 -6 24 0 51 55
417 12 1100 742 6 -24 1 55 55
418 12 903 742 6 -24 1 55 51
419 8 1100 0 -24 -12851 1 55 0
420 12 1100 742 6 -24 1 51 55
421 12 64607 742 6 -24 0 55 55
422 12 742 903 -6 24 0 55 51
423 8 1100 0 -24 -12851 0 60 0
424 12 1100 742 -6 24 1 51 51
425 12 1100 742 -6 24 0 51 51
426 12 742 903 6 -24 1 55 55
427 12 742 500 6 -24 1 51 55
428 8 1100 0 24 -12851 1 55 0
429 8 500 0 6 -12851 1 60 0
430 8 903 0 -24 -12851 1 55 0
431 8 742 0 -6 -12851 0 55 0
432 8 742 0 6 -12851 1 60 0
433 12 742 609 6 -24 0 55 51
434 8 609 0 6 -12851 1 60 0
435 12 500 742 6 -24 0 51 51
436 8 903 0 -6 -12851 1 55 0
437 12 742 609 6 -24 0 55 51
438 8 1100 0 -6 -12851 0 60 0
439 8 903 0 6 -12851 0 55 0
440 8 1100 0 6 -12851 0 60 0
441 8 609 0 -24 -12851 1 60 0
442 8 742 0 -24 -12851 1 55 0
443 8 609 0 24 -12851 1 60 0
444 12 500 742 6 -24 1 51 51
445 8 500 0 -6 -12851 0 55 0
446 8 500 0 24 -12851 1 55 0
447 8 609 0 24 -12851 1 60 0
448 12 742 903 6 -24 1 51 51
449 8 609 0 -24 -12851 1 60 0
450 8 742 0 24 -12851 1 60 0
451 12 742 903 6 -24 1 51 55
452 8 500 0 6 -12851 1 55 0
453 12 742 609 -6 24 0 51 51
454 8 609 0 6 -12851 1 55 0
455 8 742 0 -24 -12851 1 60 0
456 8 500 0 -24 -12851 1 60 0
457 8 742 0 6 -12851 0 60 0
458 8 903 0 -6 -12851 0 55 0
459 8 609 0 -6 -12851 0 55 0
460 8 1100 0 -24 -12851 1 60 0
461 8 1100 0 6 -12851 0 60 0
462 8 500 0 6 -12851 1 60 0
463 12 1100 742 -6 24 1 55 55
464 8 1100 0 -6 -12851 0 60 0
465 8 903 0 24 -12851 1 60 0
466 12 903 742 6 -24 0 55 55
467 12 742 903 -6 24 1 51 51
468 8 903 0 -24 -12851 1 55 0
469 8 500 0 -6 -12851 0 55 0
470 12 742 609 -6 24 0 51 55
471 8 500 0 -6 -12851 1 55 0
472 8 500 0 -24 -12851 1 60 0
473 12 742 903 -6 24 1 55 51
474 8 1100 0 -24 -12851 1 60 0
475 8 1100 0 -6 -12851 1 55 0
476 8 903 0 6 -12851 1 55 0
477 12 903 742 -6 24 1 51 55
478 8 742 0 6 -12851 0 55 0
479 12 903 742 6 -24 0 51 51
480 8 903 0 24 -12851 1 60 0
481 12 742 500 -6 24 0 55 55
482 8 903 0 6 -12851 1 55 0
483 12 742 1100 -6 24 1 55 55
484 12 609 742 6 -24 1 51 55
485 8 500 0 6 -12851 0 55 0
486 12 742 500 -6 24 1 55 55
487 8 742 0 -24 -12851 0 55 0
488 8 742 0 24 -12851 1 60 0
489 8 1100 0 -6 -12851 0 55 0
490 12 609 742 6 -24 0 51 51
491 8 609 0 6 -12851 1 55 0
492 12 742 500 -6 24 1 51 51
493 12 742 500 6 -24 1 55 51
494 8 609 0 24 -12851 1 55 0
495 12 742 903 6 -24 1 51 51
496 8 609 0 6 -12851 1 55 0
497 8 1100 0 -24 -12851 0 60 0
498 8 1100 0 6 -12851 1 60 0
499 8 903 0 24 -12851 1 55 0
500 12 742 500 6 -24 0 51 55
501 8 903 0 -6 -12851 0 55 0
502 8 1100 0 -6 -12851 1 55 0
503 8 742 0 6 -12851 1 55 0
504 12 742 500 6 -24 1 55 51
505 8 609 0 6 -12851 1 60 0
506 8 609 0 -6 -12851 1 55 0
507 8 903 0 -6 -12851 1 60 0
508 8 1100 0 24 -12851 1 60 0
509 8 500 0 -24 -12851 1 55 0
510 8 609 0 6 -12851 1 55 0
511 8 742 0 6 -12851 0 55 0
512 12 609 742 6 -24 0 55 55
513 12 500 742 -6 24 1 55 55
514 8 742 0 -24 -12851 1 55 0
515 8 500 0 -24 -12851 1 60 0
516 8 500 0 -24 -12851 0 55 0
517 12 742 903 6 -24 1 55 55
518 12 742 903 -6 24 1 51 55
519 8 609 0 24 -12851 1 60 0
520 8 609 0 -24 -12851 1 60 0
521 8 609 0 24 -12851 0 55 0
522 8 1100 0 24 -12851 1 60 0
523 12 742 500 6 -24 0 55 51
524 8 1100 0 24 -12851 1 55 0
525 8 742 0 -24 -12851 1 55 0
526 12 742 1100 -6 24 1 55 51
527 12 500 742 -6 24 1 51 51
528 12 1100 742 -6 24 1 51 55
529 8 500 0 24 -12851 1 60 0
530 12 742 500 6 -24 1 55 55
531 12 500 742 -6 24 0 55 55
532 8 1100 0 -6 -12851 0 55 0
533 8 742 0 -24 -12851 0 55 0
534 8 903 0 6 -12851 0 60 0
535 8 500 0 -24 -12851 0 60 0
536 8 903 0 -6 -12851 0 60 0
537 8 500 0 6 -12851 1 60 0
538 12 903 742 -6 24 0 51 55
539 8 742 0 -24 -12851 0 60 0
540 8 609 0 6 -12851 0 55 0
541 8 903 0 24 -12851 0 55 0
542 8 1100 0 -6 -12851 0 60 0
543 12 1100 742 6 -24 0 55 55
544 8 1100 0 -6 -12851 1 60 0
545 12 1100 742 6 -24 0 51 55
546 12 742 1100 -6 24 0 51 51
547 8 1100 0 6 -12851 0 55 0
548 12 903 742 6 -24 0 55 51
549 8 609 0 -6 -12851 0 55 0
550 12 609 742 -6 24 1 55 51
551 12 742 1100 6 -24 1 51 55
552 12 742 903 -6 24 0 51 55
553 8 1100 0 -6 -12851 1 55 0
554 8 742 0 6 -12851 1 60 0
555 8 500 0 -24 -12851 0 60 0
556 12 903 742 -6 24 0 55 55
557 8 609 0 24 -12851 1 55 0
558 8 903 0 -24 -12851 1 60 0
559 12 742 500 6 -24 0 51 55
560 8 903 0 -24 -12851 0 60 0
561 12 742 609 -6 24 0 51 55
562 8 609 0 -6 -12851 0 55 0
563 8 903 0 -24 -12851 0 55 0
564 8 742 0 24 -12851 0 55 0
565 8 742 0 -24 -12851 0 55 0
566 8 500 0 -24 -12851 0 60 0
567 8 500 0 -6 -12851 0 60 0
568 8 609 0 6 -12851 0 55 0
569 8 609 0 -24 -12851 1 55 0
570 8 1100 0 -6 -12851 1 55 0
571 8 1100 0 6 -12851 1 55 0
572 12 1100 742 6 -24 0 55 55
573 8 500 0 6 -12851 1 55 0
574 12 609 742 6 -24 1 51 55
575 8 609 0 -24 -12851 1 60 0
576 8 903 0 -6 -12851 0 55 0
577 8 742 0 -24 -12851 0 60 0
578 8 903 0 -24 -12851 0 55 0
579 8 609 0 -6 -12851 1 60 0
580 8 1100 0 24 -12851 0 55 0
581 8 903 0 -24 -12851 1 60 0
582 12 742 500 -6 24 0 55 55
583 8 742 0 -24 -12851 1 60 0
584 8 742 0 24 -12851 1 55 0
585 8 500 0 6 -12851 0 60 0
586 8 500 0 -6 -12851 1 55 0
587 8 742 0 -6 -12851 1 55 0
588 8 742 0 24 -12851 0 60 0
589 8 500 0 -24 -12851 1 55 0
590 12 742 500 6 -24 0 55 55
591 8 500 0 6 -12851 1 60 0
592 8 500 0 -24 -12851 1 55 0
593 12 903 742 6 -24 0 51 51
594 12 742 1100 -6 24 0 51 51
595 8 1100 0 24 -12851 1 55 0
596 12 742 903 6 -24 1 55 51
597 8 742 0 6 -12851 1 55 0
598 12 903 742 -6 24 0 51 55
599 8 742 0 -6 -12851 1 55 0
600 8 903 0 -24 -12851 0 55 0
601 8 1100 0 -24 -12851 0 55 0
602 8 1100 0 6 -12851 1 55 0
603 8 903 0 -24 -12851 0 55 0
604 12 500 742 6 -24 1 55 51
605 8 903 0 24 -12851 1 60 0
606 12 742 1100 6 -24 1 55 51
607 8 609 0 -24 -12851 0 55 0
608 8 609 0 6 -12851 0 60 0
609 8 609 0 6 -12851 0 55 0
610 8 742 0 -6 -12851 0 60 0
611 8 742 0 6 -12851 0 60 0
612 8 500 0 6 -12851 0 60 0
613 8 500 0 -24 -12851 0 60 0
614 8 742 0 6 -12851 0 60 0
615 12 742 1100 6 -24 0 51 55
616 8 609 0 -6 -12851 1 60 0
617 12 742 1100 6 -24 0 51 55
618 12 742 609 -6 24 0 51 51
619 8 742 0 6 -12851 1 60 0
620 12 609 742 -6 24 0 51 51
621 12 742 500 -6 24 0 51 55
622 12 742 500 6 -24 0 51 51
623 8 609 0 6 -12851 0 60 0
624 8 903 0 24 -12851 0 55 0
625 8 609 0 -24 -12851 0 60 0
626 8 500 0 6 -12851 0 60 0
627 8 903 0 -6 -12851 0 55 0
628 12 1100 742 -6 24 0 55 55
629 8 1100 0 -24 -12851 0 55 0
630 12 742 1100 6 -24 0 51 51
631 8 1100 0 24 -12851 0 55 0
632 8 1100 0 -6 -12851 0 60 0
633 12 742 500 6 -24 0 51 55
634 8 903 0 -6 -12851 0 60 0
635 8 609 0 6 -12851 0 55 0
636 8 609 0 24 -12851 0 60 0
637 12 609 742 6 -24 0 51 51
638 12 742 500 6 -24 0 55 51
639 12 609 742 -6 24 0 55 51
640 8 609 0 24 -12851 0 55 0
641 8 903 0 6 -12851 0 60 0
642 8 1100 0 -24 -12851 0 60 0
643 12 742 500 -6 24 0 51 51
644 8 742 0 6 -12851 0 55 0
645 12 742 903 -6 24 0 55 51
646 8 500 0 24 -12851 0 60 0
647 12 903 742 -6 24 0 55 55
648 8 903 0 -24 -12851 0 55 0
649 8 742 0 -24 -12851 0 55 0
650 12 609 742 -6 24 1 51 51
651 8 500 0 24 -12851 0 60 0
652 8 903 0 24 -12851 0 60 0
653 8 500 0 -24 -12851 0 55 0
654 8 742 0 -6 -12851 0 60 0
655 8 1100 0 -6 -12851 0 55 0
656 12 903 742 -6 24 0 55 55
657 8 609 0 -6 -12851 0 55 0
658 8 1100 0 6 -12851 0 60 0
659 8 742 0 6 -12851 0 55 0
660 12 742 500 6 -24 0 51 55
661 8 742 0 -6 -12851 0 60 0
662 8 1100 0 24 -12851 0 60 0
663 12 742 903 -6 24 0 55 51
664 8 1100 0 6 -12851 0 55 0
665 8 1100 0 24 -12851 0 55 0
666 8 742 0 -24 -12851 0 60 0
667 8 609 0 -24 -12851 0 55 0
668 8 500 0 6 -12851 0 55 0
669 8 609 0 24 -12851 0 60 0
670 8 500 0 -6 -12851 0 55 0
671 8 742 0 24 -12851 0 55 0
672 12 742 903 -6 24 0 51 55
673 12 742 609 6 -24 0 51 51
674 8 500 0 -24 -12851 0 55 0
675 12 500 742 6 -24 0 55 51
676 8 903 0 24 -12851 0 60 0
677 12 742 903 6 -24 0 55 51
678 12 1100 742 -6 24 0 51 51
679 8 609 0 6 -12851 0 60 0
680 12 742 1100 6 -24 0 55 51
681 8 903 0 24 -12851 0 55 0
682 12 742 903 -6 24 0 51 51
683 12 742 500 -6 24 0 55 51
684 8 903 0 24 -12851 0 55 0
685 8 903 0 -6 -12851 0 55 0
686 8 903 0 6 -12851 0 55 0
687 8 742 0 24 -12851 0 60 0
688 8 903 0 6 -12851 0 55 0
689 12 903 742 -6 24 0 51 55
690 8 609 0 24 -12851 0 55 0
691 8 500 0 -24 -12851 0 60 0
692 12 742 903 6 -24 0 51 51
693 12 1100 742 -6 24 0 55 55
694 12 1100 742 -6 24 0 55 55
695 8 609 0 -24 -12851 0 55 0
696 8 609 0 24 -12851 0 60 0
697 8 903 0 -24 -12851 0 55 0
698 12 903 742 -6 24 0 55 51
699 12 500 742 6 -24 0 51 51
700 12 1100 742 -6 24 0 51 51
701 8 1100 0 -24 -12851 0 55 0
702 12 742 1100 -6 24 0 55 51
703 8 500 0 -6 -12851 0 55 0
704 12 742 903 6 -24 0 55 51
705 8 1100 0 6 -12851 0 55 0
706 8 742 0 -24 -12851 0 55 0
707 8 742 0 6 -12851 0 60 0
708 8 500 0 -6 -12851 0 55 0
709 8 1100 0 6 -12851 0 60 0
710 12 500 742 6 -24 0 51 51
711 12 1100 742 6 -24 0 55 55
712 8 903 0 -24 -12851 0 60 0
713 12 742 500 6 -24 0 55 55
714 8 903 0 -24 -12851 0 60 0
715 8 500 0 6 -12851 0 60 0
716 8 500 0 24 -12851 0 60 0
717 12 742 1100 -6 24 0 51 51
718 8 903 0 6 -12851 0 60 0
719 8 1100 0 24 -12851 0 55 0
720 8 742 0 6 -12851 0 55 0
721 12 742 609 6 -24 0 55 51
722 12 609 742 6 -24 0 55 55
723 8 500 0 -6 -12851 0 55 0
724 8 1100 0 -24 -12851 0 60 0
725 8 1100 0 24 -12851 0 60 0
726 8 742 0 6 -12851 0 60 0
727 8 903 0 -24 -12851 0 60 0
728 8 742 0 6 -12851 0 60 0
729 8 609 0 -6 -12851 0 55 0
730 8 609 0 6 -12851 0 55 0
731 8 609 0 6 -12851 0 55 0
732 12 1100 742 6 -24 0 51 55
733 12 742 500 6 -24 0 51 55
734 8 903 0 -6 -12851 0 60 0
735 8 903 0 -6 -12851 0 55 0
736 8 742 0 -24 -12851 0 60 0
737 12 742 903 6 -24 0 51 51
738 12 742 1100 6 -24 0 51 51
739 8 742 0 -6 -12851 0 55 0
740 8 742 0 6 -12851 0 55 0
741 8 1100 0 6 -12851 0 60 0
742 12 500 742 -6 24 0 51 51
743 12 500 742 -6 24 0 55 55
744 8 500 0 6 -12851 0 60 0
745 12 1100 742 -6 24 0 51 51
746 12 742 609 -6 24 0 55 55
747 12 742 1100 -6 24 0 51 55
748 12 742 609 -6 24 0 51 51
749 8 903 0 -6 -12851 0 60 0
750 12 742 500 6 -24 0 51 55
751 8 609 0 -6 -12851 0 55 0
752 8 903 0 -6 -12851 0 55 0
753 8 500 0 24 -12851 0 55 0
754 8 500 0 24 -12851 0 55 0
755 8 609 0 -6 -12851 0 60 0
756 12 609 742 -6 24 0 51 55
757 8 1100 0 -24 -12851 0 60 0
758 8 1100 0 24 -12851 0 60 0
759 8 609 0 6 -12851 0 60 0
760 8 1100 0 6 -12851 0 60 0
761 8 1100 0 6 -12851 0 60 0
762 12 903 742 6 -24 0 51 51
763 12 500 742 -6 24 0 51 51
764 8 903 0 24 -12851 0 60 0
765 12 1100 742 6 -24 0 55 55
766 12 609 742 -6 24 0 55 51
767 8 609 0 -24 -12851 0 60 0
768 8 903 0 -6 -12851 0 60 0
769 12 1100 742 6 -24 0 55 51
770 12 742 500 6 -24 0 51 51
771 12 742 1100 -6 24 0 51 51
772 8 609 0 -6 -12851 0 55 0
773 8 742 0 -24 -12851 0 60 0
774 8 500 0 24 -12851 0 55 0
775 8 742 0 6 -12851 0 60 0
776 8 903 0 -6 -12851 0 60 0
777 8 609 0 24 -12851 0 55 0
778 12 1100 742 -6 24 0 55 51
779 8 500 0 -24 -12851 0 60 0
780 12 609 742 -6 24 0 55 51
781 12 742 1100 -6 24 0 55 55
782 8 1100 0 6 -12851 0 60 0
783 8 500 0 6 -12851 0 55 0
784 12 1100 742 -6 24 0 55 55
785 8 742 0 -6 -12851 0 60 0
786 12 500 742 6 -24 0 55 51
787 8 1100 0 -24 -12851 0 60 0
788 12 742 903 6 -24 0 55 55
789 8 1100 0 -24 -12851 0 55 0
790 12 742 500 -6 24 0 55 51
791 8 1100 0 24 -12851 0 55 0
792 8 1100 0 6 -12851 0 55 0
793 8 903 0 24 -12851 0 60 0
794 12 742 1100 6 -24 0 51 51
795 8 1100 0 -6 -12851 0 55 0
796 8 903 0 -6 -12851 0 60 0
797 12 903 742 6 -24 0 55 55
798 8 742 0 6 -12851 0 55 0
799 8 609 0 6 -12851 0 60 0
800 8 609 0 -24 -12851 0 60 0
801 8 903 0 24 -12851 0 60 0
802 12 903 742 -6 24 0 51 51
803 12 742 1100 6 -24 0 55 55
804 12 742 500 -6 24 0 55 51
805 8 742 0 -24 -12851 0 55 0
806 8 742 0 -24 -12851 0 55 0
807 8 500 0 24 -12851 0 60 0
808 12 903 742 -6 24 0 55 51
809 8 500 0 6 -12851 0 60 0
810 8 500 0 24 -12851 0 55 0
811 12 609 742 6 -24 0 55 55
812 12 742 609 6 -24 0 51 55
813 12 1100 742 -6 24 0 55 55
814 12 742 1100 6 -24 0 51 51
815 8 609 0 24 -12851 0 55 0
816 12 742 903 -6 24 0 51 55
817 8 500 0 -24 -12851 0 60 0
818 8 500 0 -24 -12851 0 55 0
819 12 903 742 6 -24 0 51 55
820 12 742 1100 6 -24 0 55 55
821 8 903 0 24 -12851 0 60 0
822 8 903 0 -6 -12851 0 60 0
823 8 742 0 6 -12851 0 55 0
824 8 1100 0 -6 -12851 0 60 0
825 12 903 742 -6 24 0 51 51
826 8 609 0 24 -12851 0 55 0
827 8 609 0 -6 -12851 0 55 0
828 12 500 742 6 -24 0 55 55
829 8 609 0 -24 -12851 0 60 0
830 12 903 742 -6 24 0 51 55
831 12 742 609 6 -24 0 51 51
832 12 903 742 -6 24 0 55 55
833 12 903 742 -6 24 0 55 51
834 12 742 1100 6 -24 0 51 51
835 12 742 1100 6 -24 0 55 51
836 12 500 742 6 -24 0 55 55
837 8 903 0 24 -12851 0 55 0
838 8 742 0 -6 -12851 0 55 0
839 12 742 609 6 -24 0 51 51
840 8 1100 0 -6 -12851 0 60 0
841 12 742 500 6 -24 0 55 51
842 8 742 0 6 -12851 0 55 0
843 8 500 0 24 -12851 0 60 0
844 12 903 742 6 -24 0 51 51
845 12 742 903 -6 24 0 51 51
846 8 500 0 24 -12851 0 60 0
847 12 742 1100 -6 24 0 55 55
848 12 742 1100 -6 24 0 51 51
849 12 609 742 6 -24 0 51 55
850 8 1100 0 -24 -12851 0 60 0
851 12 742 903 -6 24 0 55 55
852 12 742 609 6 -24 0 55 55
853 12 609 742 -6 24 0 51 51
854 12 742 1100 6 -24 0 51 51
855 12 742 500 6 -24 0 51 51
856 12 1100 742 6 -24 0 55 55
857 8 903 0 -24 -12851 0 55 0
858 12 742 1100 -6 24 0 55 55
859 8 903 0 24 -12851 0 55 0
860 12 742 903 -6 24 0 51 51
861 12 742 903 -6 24 0 55 51
862 12 742 1100 6 -24 0 51 51
863 8 742 0 -24 -12851 0 60 0
864 12 500 742 -6 24 0 51 51
865 8 903 0 -6 -12851 0 55 0
866 8 903 0 -6 -12851 0 55 0
867 8 609 0 6 -12851 0 60 0
868 12 500 742 6 -24 0 51 55
869 12 500 742 6 -24 0 51 51
870 8 1100 0 -24 -12851 0 55 0
871 8 609 0 -24 -12851 0 60 0
872 12 742 903 -6 24 0 51 51
873 12 609 742 6 -24 0 51 55
874 12 742 609 6 -24 0 55 51
875 8 609 0 6 -12851 0 55 0
876 12 742 1100 6 -24 0 51 55
877 8 742 0 6 -12851 0 60 0
878 12 609 742 6 -24 0 51 51
879 12 742 609 6 -24 0 55 51
880 8 500 0 6 -12851 0 60 0
881 8 1100 0 24 -12851 0 55 0
882 8 742 0 24 -12851 0 55 0
883 12 500 742 -6 24 0 51 51
884 12 742 1100 -6 24 0 51 51
885 12 500 742 6 -24 0 55 55
886 8 1100 0 -6 -12851 0 55 0
887 12 742 1100 -6 24 0 55 51
888 8 500 0 6 -12851 0 55 0
889 12 742 903 -6 24 0 55 55
890 8 500 0 -24 -12851 0 55 0
891 8 742 0 24 -12851 0 60 0
892 8 742 0 6 -12851 0 55 0
893 8 903 0 -6 -12851 0 55 0
894 8 500 0 -6 -12851 0 55 0
895 8 500 0 6 -12851 0 60 0
896 12 609 742 -6 24 0 51 51
897 8 903 0 24 -12851 0 55 0
898 8 500 0 6 -12851 0 60 0
899 8 1100 0 -6 -12851 0 55 0
900 8 609 0 24 -12851 0 55 0
901 12 500 742 -6 24 0 55 55
902 12 903 742 -6 24 0 51 55
903 12 903 742 6 -24 0 55 51
904 8 1100 0 -6 -12851 0 55 0
905 8 1100 0 24 -12851 0 60 0
906 12 742 903 6 -24 0 51 51
907 8 742 0 24 -12851 0 60 0
908 8 742 0 -6 -12851 0 55 0
909 12 500 742 -6 24 0 55 55
910 8 903 0 6 -12851 0 55 0
911 8 609 0 24 -12851 0 60 0
912 8 609 0 6 -12851 0 60 0
913 8 500 0 -24 -12851 0 60 0
914 8 500 0 6 -12851 0 60 0
915 8 609 0 6 -12851 0 60 0
916 8 500 0 -24 -12851 0 60 0
917 12 742 903 -6 24 0 51 55
918 8 1100 0 6 -12851 0 60 0
919 12 742 609 -6 24 0 51 51
920 8 609 0 24 -12851 0 60 0
921 8 742 0 -6 -12851 0 55 0
922 8 903 0 -24 -12851 0 55 0
923 8 1100 0 -6 -12851 0 55 0
924 8 742 0 -6 -12851 0 60 0
925 12 742 903 6 -24 0 51 55
926 8 1100 0 -24 -12851 0 55 0
927 8 742 0 6 -12851 0 55 0
928 8 903 0 -6 -12851 0 60 0
929 12 903 742 6 -24 0 51 51
930 8 903 0 6 -12851 0 60 0
931 8 609 0 24 -12851 0 55 0
932 12 742 500 -6 24 0 55 55
933 12 903 742 6 -24 0 55 55
934 8 500 0 6 -12851 0 60 0
935 8 742 0 -6 -12851 0 55 0
936 8 742 0 24 -12851 0 55 0
937 8 742 0 -24 -12851 0 60 0
938 12 1100 742 -6 24 0 51 55
939 8 609 0 -6 -12851 0 55 0
940 8 1100 0 24 -12851 0 55 0
941 12 742 609 -6 24 0 55 51
942 8 609 0 -24 -12851 0 55 0
943 8 903 0 6 -12851 0 60 0
944 8 500 0 6 -12851 0 60 0
945 12 742 1100 6 -24 0 51 55
946 8 903 0 24 -12851 0 55 0
947 8 500 0 6 -12851 0 55 0
948 12 500 742 6 -24 0 55 51
949 12 500 742 6 -24 0 55 51
950 12 903 742 6 -24 0 55 51
951 8 609 0 24 -12851 0 60 0
952 8 1100 0 -6 -12851 0 55 0
953 8 500 0 -24 -12851 0 60 0
954 12 742 1100 -6 24 0 55 55
955 12 903 742 -6 24 0 51 55
956 8 903 0 -24 -12851 0 60 0
957 8 742 0 -6 -12851 0 55 0
958 8 1100 0 -6 -12851 0 60 0
959 8 742 0 -6 -12851 0 60 0
960 8 742 0 -24 -12851 0 55 0
961 8 1100 0 -6 -12851 0 60 0
962 8 500 0 -24 -12851 0 60 0
963 12 742 1100 -6 24 0 55 55
964 8 609 0 24 -12851 0 55 0
965 8 903 0 6 -12851 0 60 0
966 12 742 609 6 -24 0 51 55
967 8 609 0 24 -12851 0 55 0
968 12 1100 742 -6 24 0 51 51
969 8 500 0 6 -12851 0 55 0
970 8 903 0 6 -12851 0 60 0
971 12 500 742 6 -24 0 51 55
972 8 609 0 24 -12851 0 60 0
973 8 500 0 -6 -12851 0 55 0
974 8 1100 0 24 -12851 0 60 0
975 12 609 742 -6 24 0 55 51
976 8 903 0 -24 -12851 0 55 0
977 12 1100 742 6 -24 0 55 55
978 12 742 500 -6 24 0 55 55
979 8 1100 0 24 -12851 0 55 0
980 12 742 609 -6 24 0 51 51
981 8 742 0 24 -12851 0 60 0
982 8 742 0 24 -12851 0 55 0
983 8 500 0 -24 -12851 0 60 0
984 12 742 609 -6 24 0 55 55
985 8 500 0 -6 -12851 0 60 0
986 8 609 0 6 -12851 0 60 0
987 8 1100 0 24 -12851 0 55 0
988 8 903 0 -24 -12851 0 60 0
989 8 742 0 24 -12851 0 60 0
990 8 500 0 -6 -12851 0 55 0
991 8 500 0 24 -12851 0 60 0
992 8 1100 0 24 -12851 0 55 0
993 12 742 903 -6 24 0 51 55
994 8 742 0 6 -12851 0 60 0
995 8 742 0 -24 -12851 0 55 0
996 8 1100 0 -24 -12851 0 55 0
997 12 742 903 -6 24 0 51 55
998 8 903 0 -24 -12851 0 60 0
999 12 500 742 -6 24 0 55 51
1000 8 903 0 6 -12851 0 55 0
1001 12 742 500 -6 24 0 55 51
1002 12 742 903 6 -24 0 51 55
1003 12 742 903 6 -24 0 55 51
1004 8 609 0 24 -12851 0 55 0
1005 8 609 0 -24 -12851 0 55 0
1006 12 1100 742 6 -24 0 55 55
1007 8 742 0 24 -12851 0 60 0
1008 8 742 0 6 -12851 0 60 0
1009 12 903 742 -6 24 0 51 51
1010 8 903 0 6 -12851 0 60 0
1011 8 500 0 6 -12851 0 55 0
1012 8 1100 0 -6 -12851 0 60 0
1013 8 1100 0 -24 -12851 0 55 0
1014 8 903 0 -6 -12851 0 60 0
1015 8 1100 0 24 -12851 0 60 0
1016 8 500 0 6 -12851 0 55 0
1017 12 742 500 -6 24 0 51 55
1018 8 903 0 6 -12851 0 60 0
1019 12 742 500 -6 24 0 51 55
1020 8 742 0 -6 -12851 0 55 0
1021 12 742 609 -6 24 0 55 51
1022 8 742 0 6 -12851 0 60 0
1023 12 742 1100 -6 24 0 55 55
1024 8 500 0 -6 -12851 0 60 0
1025 8 609 0 -6 -12851 0 55 0
1026 8 609 0 -6 -12851 0 55 0
1027 8 609 0 24 -12851 0 55 0
1028 8 742 0 -24 -12851 0 55 0
1029 12 742 1100 6 -24 0 51 51
1030 8 742 0 6 -12851 0 55 0
1031 8 903 0 6 -12851 0 55 0
1032 12 609 742 -6 24 0 55 55
1033 12 500 742 -6 24 0 51 51
1034 8 500 0 6 -12851 0 55 0
1035 12 903 742 -6 24 0 55 55
1036 8 500 0 -6 -12851 0 55 0
1037 8 903 0 -24 -12851 0 55 0
1038 8 500 0 24 -12851 0 55 0
1039 8 1100 0 6 -12851 0 60 0
1040 8 609 0 6 -12851 0 55 0
1041 12 1100 742 6 -24 0 51 55
1042 8 1100 0 -6 -12851 0 60 0
1043 12 742 609 -6 24 0 55 55
1044 12 742 903 6 -24 0 55 51
1045 12 742 903 6 -24 0 51 55
1046 8 1100 0 6 -12851 0 55 0
1047 8 742 0 24 -12851 0 55 0
1048 12 609 742 6 -24 0 55 51
1049 12 903 742 -6 24 0 55 51
1050 8 742 0 24 -12851 0 60 0
1051 12 609 742 -6 24 0 55 55
1052 8 903 0 -6 -12851 0 55 0
1053 8 609 0 6 -12851 0 55 0
1054 8 609 0 6 -12851 0 60 0
1055 12 742 500 -6 24 0 51 55
1056 8 609 0 -6 -12851 0 55 0
1057 8 609 0 -6 -12851 0 60 0
1058 8 609 0 -24 -12851 0 55 0
1059 12 903 742 6 -24 0 55 55
1060 8 903 0 24 -12851 0 60 0
1061 8 500 0 6 -12851 0 55 0
1062 12 742 903 6 -24 0 51 51
1063 8 903 0 -24 -12851 0 60 0
1064 12 903 742 6 -24 0 55 55
1065 12 742 609 -6 24 0 51 51
1066 12 1100 742 6 -24 0 55 51
1067 12 742 609 6 -24 0 55 51
1068 12 500 742 -6 24 0 55 55
1069 12 742 500 -6 24 0 55 55
1070 12 742 500 6 -24 0 51 51
1071 12 742 609 6 -24 0 51 51
1072 12 903 742 -6 24 0 55 55
1073 8 742 0 24 -12851 0 60 0
1074 8 609 0 -6 -12851 0 60 0
1075 8 903 0 6 -12851 0 55 0
1076 8 742 0 -6 -12851 0 60 0
1077 8 1100 0 24 -12851 0 60 0
1078 12 742 609 -6 24 0 51 55
1079 12 500 742 -6 24 0 55 55
1080 8 1100 0 -24 -12851 0 60 0
1081 12 609 742 6 -24 0 51 51
1082 8 500 0 -24 -12851 0 55 0
1083 12 742 609 -6 24 0 51 55
1084 8 500 0 24 -12851 0 55 0
1085 8 742 0 -24 -12851 0 60 0
1086 8 1100 0 24 -12851 0 60 0
1087 8 609 0 6 -12851 0 55 0
1088 12 1100 742 -6 24 0 51 51
1089 12 742 903 -6 24 0 51 55
1090 8 609 0 24 -12851 0 55 0
1091 8 1100 0 -24 -12851 0 60 0
1092 8 742 0 24 -12851 0 55 0
1093 8 500 0 -6 -12851 0 60 0
1094 8 903 0 -24 -12851 0 55 0
1095 8 500 0 24 -12851 0 60 0
1096 8 903 0 -6 -12851 0 60 0
1097 8 903 0 24 -12851 0 55 0
1098 12 500 742 -6 24 0 55 55
1099 12 742 609 6 -24 0 55 51
1100 8 500 0 24 -12851 0 55 0
1101 8 609 0 6 -12851 0 55 0
1102 8 742 0 24 -12851 0 55 0
1103 8 1100 0 6 -12851 0 55 0
1104 8 609 0 -24 -12851 0 55 0
1105 8 742 0 24 -12851 0 55 0
1106 8 1100 0 -24 -12851 0 60 0
1107 8 1100 0 6 -12851 0 55 0
1108 12 742 1100 6 -24 0 55 55
1109 8 1100 0 24 -12851 0 55 0
1110 8 500 0 -6 -12851 0 60 0
1111 12 742 609 6 -24 0 55 51
1112 8 903 0 24 -12851 0 55 0
1113 12 742 609 -6 24 0 55 51
1114 8 742 0 24 -12851 0 55 0
1115 12 742 903 6 -24 0 51 51
1116 8 1100 0 -24 -12851 0 55 0
1117 12 742 903 6 -24 0 51 55
1118 8 903 0 -24 -12851 0 55 0
1119 12 903 742 6 -24 0 55 55
1120 12 903 742 -6 24 0 51 51
1121 8 609 0 6 -12851 0 55 0
1122 8 609 0 6 -12851 0 60 0
1123 8 500 0 -6 -12851 0 55 0
1124 8 742 0 6 -12851 0 60 0
1125 8 1100 0 -6 -12851 0 60 0
1126 12 742 609 6 -24 0 51 51
1127 12 500 742 6 -24 0 51 51
1128 8 903 0 -24 -12851 0 55 0
1129 8 609 0 -6 -12851 0 55 0
1130 8 742 0 6 -12851 0 60 0
1131 8 500 0 -24 -12851 0 60 0
1132 8 609 0 24 -12851 0 55 0
1133 8 609 0 6 -12851 0 60 0
1134 8 903 0 -6 -12851 0 60 0
1135 8 1100 0 -6 -12851 0 60 0
1136 8 500 0 -6 -12851 0 55 0
1137 8 1100 0 -6 -12851 0 60 0
1138 8 1100 0 24 -12851 0 60 0
1139 12 500 742 -6 24 0 51 51
1140 12 742 1100 6 -24 0 55 51
1141 8 609 0 6 -12851 0 55 0
1142 12 903 742 6 -24 0 55 51
1143 12 500 742 6 -24 0 55 55
1144 12 609 742 -6 24 0 51 51
1145 12 742 500 6 -24 0 51 55
1146 12 742 1100 6 -24 0 51 51
1147 12 742 609 -6 24 0 51 55
1148 8 742 0 -24 -12851 0 55 0
1149 12 500 742 -6 24 0 51 51
1150 8 609 0 -24 -12851 0 55 0
1151 8 742 0 -6 -12851 0 60 0
1152 8 742 0 -24 -12851 0 55 0
1153 8 500 0 -6 -12851 0 55 0
1154 12 1100 742 6 -24 0 51 51
1155 12 500 742 -6 24 0 51 55
1156 12 500 742 -6 24 0 51 51
1157 8 903 0 24 -12851 0 60 0
1158 8 903 0 -24 -12851 0 60 0
1159 8 500 0 6 -12851 0 60 0
1160 12 742 500 -6 24 0 55 51
1161 12 742 500 -6 24 0 51 51
1162 12 500 742 -6 24 0 51 51
1163 8 1100 0 6 -12851 0 60 0
1164 8 1100 0 -6 -12851 0 60 0
1165 8 500 0 24 -12851 0 55 0
1166 8 903 0 -24 -12851 0 60 0
1167 12 1100 742 -6 24 0 51 51
1168 8 742 0 6 -12851 0 55 0
1169 8 742 0 -24 -12851 0 60 0
1170 12 742 903 -6 24 0 55 51
1171 8 609 0 -6 -12851 0 60 0
1172 8 903 0 -24 -12851 0 60 0
1173 12 742 500 6 -24 0 51 51
1174 8 1100 0 6 -12851 0 55 0
1175 8 903 0 -6 -12851 0 55 0
1176 8 1100 0 6 -12851 0 60 0
1177 8 609 0 6 -12851 0 60 0
1178 12 742 609 6 -24 0 55 51
1179 8 742 0 24 -12851 0 55 0
1180 8 609 0 6 -12851 0 60 0
1181 8 500 0 6 -12851 0 55 0
1182 8 500 0 -24 -12851 0 60 0
1183 8 609 0 -6 -12851 0 60 0
1184 8 609 0 6 -12851 0 55 0
1185 8 500 0 24 -12851 0 55 0
1186 8 1100 0 24 -12851 0 60 0
1187 8 903 0 6 -12851 0 55 0
1188 12 609 742 6 -24 0 51 51
1189 8 609 0 -6 -12851 0 55 0
1190 8 609 0 -24 -12851 0 60 0
1191 8 500 0 6 -12851 0 60 0
1192 8 1100 0 -6 -12851 0 55 0
1193 12 742 1100 -6 24 0 51 51
1194 8 742 0 6 -12851 0 55 0
1195 12 742 1100 6 -24 0 51 51
1196 8 500 0 24 -12851 0 55 0
1197 12 903 742 -6 24 0 55 55
1198 8 1100 0 6 -12851 0 60 0
1199 12 742 1100 -6 24 0 51 51
1200 12 742 903 -6 24 0 55 55
1201 8 742 0 -24 -12851 0 55 0
1202 8 903 0 -6 -12851 0 60 0
1203 12 742 903 6 -24 0 51 51
1204 8 903 0 -24 -12851 0 55 0
1205 12 500 742 -6 24 0 55 51
1206 12 742 1100 -6 24 0 55 51
1207 8 742 0 -6 -12851 0 60 0
1208 12 742 1100 6 -24 0 51 51
1209 8 1100 0 6 -12851 0 60 0
1210 8 1100 0 -24 -12851 0 60 0
1211 12 742 609 -6 24 0 55 55
1212 12 742 500 6 -24 0 55 55
1213 12 742 1100 -6 24 0 55 51
1214 8 1100 0 -24 -12851 0 60 0
1215 8 742 0 6 -12851 0 55 0
1216 8 500 0 -6 -12851 0 55 0
1217 8 742 0 -6 -12851 0 60 0
1218 8 903 0 6 -12851 0 55 0
1219 12 742 1100 -6 24 0 51 55
1220 8 1100 0 -24 -12851 0 60 0
1221 12 609 742 -6 24 0 55 51
1222 8 609 0 24 -12851 0 60 0
1223 8 500 0 -6 -12851 0 60 0
1224 12 742 500 -6 24 0 51 51
1225 8 742 0 -24 -12851 0 60 0
1226 12 500 742 6 -24 0 51 51
1227 12 742 1100 6 -24 0 51 55
1228 8 609 0 -24 -12851 0 55 0
1229 8 903 0 -24 -12851 0 55 0
1230 8 903 0 24 -12851 0 55 0
1231 12 742 1100 -6 24 0 55 55
1232 8 500 0 -24 -12851 0 60 0
1233 12 609 742 6 -24 0 55 55
1234 12 1100 742 -6 24 0 55 51
1235 12 903 742 -6 24 0 51 51
1236 12 742 903 6 -24 0 55 51
1237 12 500 742 -6 24 0 55 51
1238 12 742 609 -6 24 0 55 51
1239 12 742 1100 6 -24 0 55 55
1240 8 609 0 -24 -12851 0 55 0
1241 8 903 0 -24 -12851 0 55 0
1242 8 903 0 6 -12851 0 55 0
1243 12 500 742 -6 24 0 51 55
1244 12 903 742 -6 24 0 51 51
1245 8 500 0 6 -12851 0 55 0
1246 8 1100 0 -24 -12851 0 60 0
1247 8 1100 0 -6 -12851 0 60 0
1248 12 742 500 6 -24 1 55 55
1249 12 903 742 -6 24 0 51 51
1250 12 742 500 6 -24 0 51 55
1251 12 742 1100 -6 24 0 51 51
1252 12 742 903 6 -24 0 55 55
1253 8 609 0 6 -12851 0 55 0
1254 8 500 0 6 -12851 0 60 0
1255 12 500 742 -6 24 0 51 51
1256 8 1100 0 -24 -12851 0 60 0
1257 8 903 0 -24 -12851 0 55 0
1258 8 903 0 -6 -12851 0 55 0
1259 8 609 0 24 -12851 0 60 0
1260 8 609 0 6 -12851 0 60 0
1261 12 500 742 6 -24 0 51 51
1262 8 742 0 -24 -12851 0 55 0
1263 8 500 0 -24 -12851 0 60 0
1264 12 742 609 -6 24 0 55 55
1265 8 742 0 -6 -12851 0 55 0
1266 8 742 0 6 -12851 0 55 0
1267 8 500 0 -24 -12851 0 60 0
1268 8 500 0 -24 -12851 0 55 0
1269 12 742 903 -6 24 0 55 55
1270 8 903 0 -24 -12851 0 60 0
1271 8 500 0 -6 -12851 0 60 0
1272 12 609 742 6 -24 0 55 55
1273 12 1100 742 6 -24 0 55 51
1274 12 609 742 -6 24 0 51 55
1275 12 742 903 -6 24 0 55 51
1276 12 903 742 6 -24 0 51 51
1277 8 500 0 24 -12851 0 55 0
1278 8 742 0 -24 -12851 1 60 0
1279 8 1100 0 6 -12851 0 60 0
1280 12 1100 742 -6 24 0 55 55
1281 8 742 0 -6 -12851 1 55 0
1282 12 609 742 -6 24 0 51 55
1283 8 1100 0 -6 -12851 0 55 0
1284 8 742 0 -24 -12851 1 60 0
1285 8 903 0 6 -12851 0 55 0
1286 12 742 903 -6 24 0 55 55
1287 12 742 1100 -6 24 0 55 51
1288 8 1100 0 -24 -12851 0 55 0
1289 8 609 0 -6 -12851 0 60 0
1290 12 903 742 -6 24 0 55 55
1291 12 742 500 -6 24 0 55 55
1292 12 903 742 -6 24 0 51 51
1293 8 903 0 -24 -12851 0 55 0
1294 8 609 0 -24 -12851 0 55 0
1295 8 609 0 6 -12851 0 55 0
1296 8 609 0 24 -12851 0 55 0
1297 8 609 0 6 -12851 0 55 0
1298 12 609 742 6 -24 1 51 55
1299 12 609 742 6 -24 0 51 55
1300 8 903 0 -24 -12851 1 60 0
1301 8 903 0 -24 -12851 1 60 0
1302 8 500 0 -24 -12851 0 55 0
1303 8 500 0 24 -12851 0 55 0
1304 8 609 0 24 -12851 0 60 0
1305 8 903 0 -24 -12851 1 60 0
1306 12 742 500 -6 24 0 51 51
1307 12 742 1100 -6 24 0 51 55
1308 8 1100 0 6 -12851 1 60 0
1309 8 609 0 24 -12851 1 60 0
1310 8 742 0 -6 -12851 1 55 0
1311 12 500 742 -6 24 0 55 51
1312 12 500 742 6 -24 0 51 51
1313 12 742 609 6 -24 1 55 51
1314 8 1100 0 24 -12851 1 55 0
1315 8 500 0 24 -12851 1 55 0
1316 12 903 742 -6 24 0 51 51
1317 8 1100 0 -6 -12851 1 60 0
1318 8 742 0 -24 -12851 1 60 0
1319 8 742 0 -6 -12851 1 60 0
1320 8 609 0 6 -12851 1 55 0
1321 12 742 500 -6 24 0 55 55
1322 8 609 0 -6 -12851 0 55 0
1323 8 903 0 6 -12851 0 60 0
1324 8 500 0 6 -12851 1 60 0
1325 12 742 500 -6 24 0 55 51
1326 8 500 0 -24 -12851 1 60 0
1327 8 903 0 6 -12851 0 55 0
1328 8 1100 0 24 -12851 1 55 0
1329 12 609 742 -6 24 0 51 51
1330 8 500 0 24 -12851 1 60 0
1331 12 1100 742 6 -24 1 55 51
1332 8 742 0 -6 -12851 0 55 0
1333 8 609 0 -6 -12851 1 60 0
1334 8 742 0 6 -12851 1 55 0
1335 12 742 1100 -6 24 0 51 55
1336 8 903 0 6 -12851 1 55 0
1337 8 742 0 24 -12851 1 55 0
1338 8 609 0 24 -12851 1 55 0
1339 8 1100 0 6 -12851 1 55 0
1340 8 1100 0 24 -12851 1 60 0
1341 12 1100 742 -6 24 0 51 51
1342 12 1100 742 6 -24 1 55 51
1343 8 609 0 6 -12851 1 55 0
1344 12 903 742 6 -24 1 51 51
1345 8 609 0 -24 -12851 1 55 0
1346 8 903 0 -24 -12851 1 60 0
1347 8 609 0 -6 -12851 0 60 0
1348 8 903 0 6 -12851 1 55 0
1349 12 500 742 6 -24 0 55 51
1350 8 500 0 24 -12851 1 60 0
1351 12 742 903 -6 24 1 55 51
1352 8 1100 0 -24 -12851 0 60 0
1353 12 742 609 -6 24 0 55 55
1354 8 742 0 -24 -12851 0 55 0
1355 8 1100 0 24 -12851 0 55 0
1356 8 903 0 6 -12851 0 55 0
1357 8 742 0 -24 -12851 0 55 0
1358 8 609 0 6 -12851 0 60 0
1359 12 609 742 -6 24 1 51 55
1360 12 742 500 -6 24 1 51 55
1361 8 1100 0 24 -12851 1 55 0
1362 12 742 1100 6 -24 1 51 51
1363 8 500 0 -24 -12851 1 55 0
1364 12 742 500 6 -24 1 55 51
1365 8 500 0 -6 -12851 0 55 0
1366 8 742 0 -24 -12851 1 60 0
1367 8 903 0 -24 -12851 1 60 0
1368 8 903 0 6 -12851 1 60 0
1369 8 500 0 -6 -12851 0 55 0
1370 12 500 742 6 -24 1 55 55
1371 12 903 742 6 -24 1 55 55
1372 8 1100 0 24 -12851 1 55 0
1373 8 1100 0 -6 -12851 1 55 0
1374 8 609 0 6 -12851 1 60 0
1375 12 742 1100 6 -24 1 51 51
1376 8 500 0 -24 -12851 1 60 0
1377 12 609 742 -6 24 0 55 51
1378 8 1100 0 24 -12851 0 60 0
1379 8 903 0 6 -12851 0 55 0
1380 8 903 0 -24 -12851 1 60 0
1381 8 609 0 -24 -12851 1 60 0
1382 8 609 0 6 -12851 1 55 0
1383 8 742 0 6 -12851 1 60 0
1384 8 500 0 -24 -12851 1 55 0
1385 12 903 742 -6 24 0 51 51
1386 12 500 742 -6 24 0 55 55
1387 8 742 0 24 -12851 0 60 0
1388 12 742 500 6 -24 1 51 55
1389 8 742 0 -6 -12851 1 60 0
1390 12 742 609 -6 24 0 51 51
1391 8 609 0 -24 -12851 1 60 0
1392 8 609 0 24 -12851 1 60 0
1393 12 742 1100 6 -24 1 51 55
1394 12 742 500 6 -24 1 51 51
1395 12 903 742 -6 24 1 51 51
1396 8 903 0 -24 -12851 1 55 0
1397 12 609 742 6 -24 1 51 51
1398 8 609 0 -6 -12851 1 55 0
1399 8 903 0 -24 -12851 1 55 0
1400 8 500 0 6 -12851 1 60 0
1401 12 500 742 -6 24 1 55 55
1402 8 1100 0 -6 -12851 0 60 0
1403 8 742 0 24 -12851 1 55 0
1404 8 1100 0 6 -12851 1 60 0
1405 8 903 0 24 -12851 0 55 0
1406 12 1100 742 6 -24 1 51 51
1407 12 609 742 6 -24 1 55 51
1408 12 609 742 6 -24 1 55 55
1409 8 742 0 24 -12851 1 55 0
1410 8 609 0 24 -12851 1 55 0
1411 8 1100 0 24 -12851 1 55 0
1412 12 500 742 6 -24 1 55 55
1413 12 742 903 -6 24 0 55 55
1414 8 500 0 24 -12851 1 55 0
1415 8 500 0 -6 -12851 0 55 0
1416 12 742 903 -6 24 1 51 51
1417 8 742 0 -24 -12851 1 60 0
1418 8 609 0 -24 -12851 1 55 0
1419 12 742 500 6 -24 1 51 51
1420 8 609 0 -24 -12851 1 55 0
1421 8 742 0 -24 -12851 1 60 0
1422 8 609 0 -6 -12851 1 55 0
1423 8 742 0 6 -12851 1 55 0
1424 8 500 0 24 -12851 1 55 0
1425 12 742 903 6 -24 1 51 55
1426 8 903 0 -24 -12851 1 55 0
1427 8 609 0 24 -12851 1 60 0
1428 8 742 0 6 -12851 1 60 0
1429 8 500 0 6 -12851 1 60 0
1430 12 742 609 6 -24 1 51 51
1431 12 742 1100 6 -24 1 55 55
1432 8 500 0 6 -12851 1 60 0
1433 8 903 0 -6 -12851 0 55 0
1434 8 903 0 6 -12851 1 55 0
1435 8 1100 0 -6 -12851 0 55 0
1436 8 1100 0 6 -12851 0 60 0
1437 8 1100 0 -6 -12851 0 60 0
1438 12 500 742 6 -24 1 51 51
1439 8 1100 0 -24 -12851 1 55 0
1440 8 1100 0 6 -12851 1 55 0
1441 12 609 742 6 -24 1 55 55
1442 12 742 903 -6 24 1 51 51
1443 8 500 0 6 -12851 1 55 0
1444 8 903 0 24 -12851 1 55 0
1445 8 742 0 -6 -12851 1 55 0
1446 8 609 0 24 -12851 1 60 0
1447 12 742 609 -6 24 0 55 51
1448 8 500 0 -24 -12851 1 60 0
1449 12 500 742 6 -24 1 55 51
1450 12 742 1100 6 -24 1 51 51
1451 12 1100 742 6 -24 1 51 51
1452 12 1100 742 -6 24 0 55 55
1453 12 742 609 6 -24 1 55 51
1454 8 903 0 24 -12851 1 55 0
1455 12 903 742 6 -24 1 55 55
1456 8 1100 0 6 -12851 1 55 0
1457 12 742 1100 6 -24 0 55 55
1458 12 609 742 6 -24 0 51 55
1459 8 1100 0 24 -12851 0 60 0
1460 12 609 742 6 -24 0 55 51
1461 8 609 0 6 -12851 0 55 0
1462 8 742 0 -24 -12851 0 55 0
1463 8 500 0 -6 -12851 0 60 0
1464 8 609 0 6 -12851 1 55 0
1465 12 500 742 6 -24 1 55 55
1466 12 500 742 6 -24 0 55 55
1467 12 742 1100 6 -24 0 51 55
1468 8 903 0 -6 -12851 0 55 0
1469 8 742 0 -24 -12851 1 55 0
1470 8 903 0 24 -12851 1 60 0
1471 8 903 0 -6 -12851 1 55 0
1472 8 903 0 -24 -12851 1 55 0
1473 12 742 903 -6 24 0 51 55
1474 8 903 0 -24 -12851 0 55 0
1475 12 742 609 -6 24 0 51 51
1476 12 742 609 6 -24 1 51 55
1477 8 742 0 6 -12851 1 60 0
1478 8 609 0 6 -12851 1 60 0
1479 8 609 0 6 -12851 0 60 0
1480 8 500 0 -24 -12851 1 55 0
1481 8 742 0 -24 -12851 0 55 0
1482 8 1100 0 -24 -12851 1 55 0
1483 8 500 0 -6 -12851 1 55 0
1484 8 1100 0 6 -12851 1 60 0
1485 12 500 742 -6 24 1 51 51
1486 8 742 0 24 -12851 0 60 0
1487 12 742 1100 6 -24 1 55 55
1488 8 1100 0 6 -12851 1 60 0
1489 8 500 0 -24 -12851 1 55 0
1490 12 742 609 6 -24 1 51 55
1491 12 742 609 6 -24 1 55 51
1492 12 742 609 -6 24 1 55 55
1493 8 609 0 -24 -12851 1 60 0
1494 12 742 500 6 -24 1 55 51
1495 8 903 0 24 -12851 0 60 0
1496 12 903 742 -6 24 1 51 51
1497 12 609 742 -6 24 0 55 55
1498 8 903 0 -24 -12851 1 55 0
1499 8 609 0 -24 -12851 0 55 0
1500 12 742 903 -6 24 0 51 51
1501 12 903 742 6 -24 1 51 51
1502 12 742 500 -6 24 1 51 55
1503 12 742 903 -6 24 0 51 55
1504 12 903 742 -6 24 0 55 55
1505 12 500 742 -6 24 0 51 55
1506 8 903 0 24 -12851 0 60 0
1507 12 609 742 -6 24 0 55 51
1508 8 742 0 6 -12851 1 55 0
1509 12 742 1100 6 -24 0 51 51
1510 12 1100 742 6 -24 0 51 51
1511 12 500 742 -6 24 0 51 51
1512 8 500 0 6 -12851 1 60 0
1513 8 500 0 -24 -12851 1 55 0
1514 12 903 742 6 -24 0 55 51
1515 12 742 609 -6 24 0 55 51
1516 8 903 0 -24 -12851 0 60 0
1517 8 609 0 -24 -12851 1 55 0
1518 8 500 0 -24 -12851 1 60 0
1519 8 1100 0 -24 -12851 1 60 0
1520 12 742 609 6 -24 1 55 51
1521 8 742 0 24 -12851 1 60 0
1522 8 742 0 -24 -12851 1 55 0
1523 8 609 0 24 -12851 1 55 0
1524 8 1100 0 6 -12851 1 60 0
1525 8 1100 0 6 -12851 0 60 0
1526 8 500 0 -6 -12851 1 55 0
1527 8 500 0 24 -12851 0 55 0
1528 8 500 0 -24 -12851 0 55 0
1529 12 609 742 6 -24 0 55 55
1530 12 742 609 6 -24 0 51 55
1531 8 903 0 24 -12851 0 60 0
1532 8 609 0 24 -12851 0 60 0
1533 8 903 0 -6 -12851 0 60 0
1534 12 742 903 6 -24 0 51 51
1535 8 742 0 -24 -12851 0 60 0
1536 8 1100 0 24 -12851 0 55 0
1537 8 1100 0 6 -12851 0 60 0
1538 12 742 903 6 -24 0 51 51
1539 12 742 1100 -6 24 0 51 51
1540 8 609 0 -24 -12851 0 55 0
1541 12 609 742 -6 24 0 51 51
1542 8 1100 0 24 -12851 0 60 0
1543 12 609 742 -6 24 0 55 55
1544 12 742 1100 -6 24 0 51 55
1545 12 742 609 6 -24 0 55 55
1546 12 1100 742 -6 24 0 55 55
1547 12 742 609 -6 24 0 55 51
1548 12 742 500 -6 24 0 51 55
1549 8 609 0 6 -12851 0 55 0
1550 8 500 0 6 -12851 0 60 0
1551 12 742 500 -6 24 0 51 55
1552 8 742 0 -6 -12851 0 60 0
1553 8 903 0 -6 -12851 0 60 0
1554 8 742 0 -6 -12851 0 60 0
1555 12 742 1100 -6 24 0 51 51
1556 8 609 0 -24 -12851 0 60 0
1557 12 742 903 -6 24 0 51 55
1558 12 903 742 6 -24 0 55 51
1559 12 742 1100 -6 24 0 55 55
1560 8 609 0 -24 -12851 0 60 0
1561 8 742 0 -24 -12851 0 60 0
1562 8 609 0 24 -12851 0 55 0
1563 8 742 0 24 -12851 0 60 0
1564 12 742 609 -6 24 0 51 51
1565 8 500 0 -24 -12851 0 60 0
1566 12 742 609 6 -24 1 55 51
1567 8 903 0 6 -12851 1 60 0
1568 12 609 742 -6 24 0 55 55
1569 12 742 1100 -6 24 0 51 51
1570 8 609 0 6 -12851 0 55 0
1571 8 742 0 -24 -12851 0 55 0
1572 8 500 0 24 -12851 0 55 0
1573 8 500 0 -6 -12851 0 55 0
1574 8 903 0 -6 -12851 1 60 0
1575 8 903 0 -6 -12851 0 60 0
1576 12 742 1100 6 -24 1 55 51
1577 12 742 609 6 -24 0 51 55
1578 8 1100 0 6 -12851 1 55 0
1579 8 1100 0 -6 -12851 0 60 0
1580 8 1100 0 24 -12851 0 60 0
1581 8 742 0 24 -12851 0 60 0
1582 8 742 0 -6 -12851 0 60 0
1583 12 742 903 -6 24 0 51 51
1584 12 1100 742 6 -24 0 51 55
1585 8 742 0 6 -12851 0 55 0
1586 8 903 0 6 -12851 0 60 0
1587 8 609 0 -24 -12851 0 55 0
1588 12 500 742 6 -24 0 51 51
1589 8 1100 0 6 -12851 0 55 0
1590 8 609 0 -6 -12851 0 60 0
1591 8 500 0 -24 -12851 0 60 0
1592 12 500 742 6 -24 0 51 55
1593 8 500 0 -6 -12851 0 55 0
1594 12 500 742 6 -24 0 51 55
1595 8 742 0 24 -12851 0 60 0
1596 8 1100 0 6 -12851 0 60 0
1597 8 500 0 -24 -12851 0 60 0
1598 8 903 0 24 -12851 0 55 0
1599 8 903 0 24 -12851 0 60 0
1600 12 742 1100 6 -24 0 55 51
1601 8 609 0 6 -12851 0 60 0
1602 8 1100 0 -24 -12851 0 55 0
1603 8 742 0 6 -12851 0 60 0
1604 8 742 0 -6 -12851 0 60 0
1605 12 742 500 6 -24 0 51 51
1606 12 742 500 6 -24 0 55 51
1607 8 903 0 6 -12851 0 55 0
1608 8 500 0 6 -12851 0 55 0
1609 12 742 1100 -6 24 0 51 51
1610 8 1100 0 24 -12851 0 60 0
1611 12 742 500 -6 24 0 55 55
1612 8 1100 0 -24 -12851 0 60 0
1613 12 1100 742 6 -24 0 55 51
1614 8 903 0 -24 -12851 0 60 0
1615 12 742 500 6 -24 0 51 55
1616 8 1100 0 -6 -12851 0 55 0
1617 12 609 742 -6 24 0 51 55
1618 8 500 0 -6 -12851 0 55 0
1619 8 903 0 24 -12851 0 60 0
1620 8 742 0 -24 -12851 0 55 0
1621 12 500 742 -6 24 0 55 55
1622 8 742 0 6 -12851 0 55 0
1623 8 500 0 24 -12851 0 60 0
1624 12 742 609 6 -24 0 51 55
1625 8 609 0 -24 -12851 0 55 0
1626 12 742 500 6 -24 0 51 51
1627 8 609 0 -6 -12851 0 60 0
1628 12 500 742 6 -24 0 55 51
1629 8 609 0 6 -12851 0 55 0
1630 8 609 0 6 -12851 0 60 0
1631 8 609 0 -6 -12851 0 60 0
1632 12 742 903 6 -24 0 55 55
1633 12 742 1100 6 -24 0 51 55
1634 12 742 609 -6 24 0 51 51
1635 12 742 609 -6 24 0 55 55
1636 8 742 0 -6 -12851 0 60 0
1637 12 1100 742 6 -24 0 51 55
1638 8 500 0 -6 -12851 0 55 0
1639 8 903 0 6 -12851 0 55 0
1640 12 500 742 -6 24 0 51 55
1641 8 1100 0 -24 -12851 0 60 0
1642 8 609 0 -6 -12851 0 60 0
1643 12 742 500 6 -24 0 51 51
1644 12 742 903 -6 24 0 51 51
1645 8 742 0 -24 -12851 0 60 0
1646 12 742 500 6 -24 0 51 51
1647 12 609 742 -6 24 0 55 55
1648 8 609 0 24 -12851 0 55 0
1649 8 903 0 -24 -12851 0 60 0
1650 8 742 0 -6 -12851 0 60 0
1651 8 500 0 24 -12851 0 60 0
1652 12 903 742 -6 24 0 51 55
1653 8 500 0 -24 -12851 0 60 0
1654 8 903 0 -6 -12851 0 60 0
1655 8 1100 0 -6 -12851 0 60 0
1656 8 1100 0 24 -12851 0 60 0
1657 8 903 0 -24 -12851 0 55 0
1658 12 903 742 6 -24 0 51 51
1659 12 500 742 -6 24 0 55 55
1660 12 742 903 -6 24 0 55 51
1661 8 903 0 -24 -12851 0 60 0
1662 12 609 742 -6 24 0 51 51
1663 8 742 0 -24 -12851 0 60 0
1664 12 1100 742 -6 24 0 51 55
1665 12 742 903 -6 24 0 51 51
1666 8 742 0 24 -12851 0 55 0
1667 12 609 742 6 -24 0 51 55
1668 12 903 742 -6 24 0 51 51
1669 12 903 742 -6 24 0 55 51
1670 8 609 0 24 -12851 0 60 0
1671 12 903 742 -6 24 0 55 51
1672 12 500 742 -6 24 0 51 55
1673 8 903 0 -6 -12851 0 60 0
1674 8 903 0 24 -12851 0 60 0
1675 12 500 742 -6 24 0 55 55
1676 8 500 0 -24 -12851 0 55 0
1677 12 609 742 -6 24 0 51 51
1678 8 1100 0 -6 -12851 0 55 0
1679 12 742 609 -6 24 0 51 55
1680 8 609 0 6 -12851 0 55 0
1681 8 1100 0 -24 -12851 0 55 0
1682 12 1100 742 6 -24 0 51 51
1683 8 500 0 24 -12851 0 60 0
1684 8 742 0 -6 -12851 0 60 0
1685 12 742 1100 6 -24 0 55 55
1686 8 609 0 -6 -12851 0 60 0
1687 8 500 0 -24 -12851 0 55 0
1688 8 1100 0 -6 -12851 0 60 0
1689 8 742 0 24 -12851 0 60 0
1690 8 742 0 6 -12851 0 55 0
1691 12 742 500 -6 24 0 51 51
1692 8 500 0 -6 -12851 0 55 0
1693 8 500 0 24 -12851 0 55 0
1694 12 742 500 6 -24 0 55 55
1695 8 1100 0 -24 -12851 0 55 0
1696 8 742 0 6 -12851 0 60 0
1697 12 609 742 -6 24 0 55 55
1698 12 742 609 -6 24 0 51 55
1699 8 609 0 24 -12851 0 55 0
1700 8 903 0 -6 -12851 0 55 0
1701 8 903 0 6 -12851 0 55 0
1702 8 742 0 6 -12851 0 55 0
1703 12 500 742 -6 24 0 51 51
1704 8 1100 0 24 -12851 0 60 0
1705 8 500 0 6 -12851 0 60 0
1706 12 1100 742 -6 24 0 55 51
1707 8 1100 0 6 -12851 0 60 0
1708 12 742 903 6 -24 0 55 55
1709 12 742 500 -6 24 0 51 51
1710 12 609 742 6 -24 0 51 55
1711 12 742 1100 -6 24 0 51 51
1712 12 742 609 -6 24 0 51 55
1713 8 903 0 -24 -12851 0 55 0
1714 8 609 0 6 -12851 0 55 0
1715 12 742 500 -6 24 0 55 51
1716 8 609 0 6 -12851 0 55 0
1717 12 500 742 6 -24 0 51 51
1718 8 609 0 6 -12851 0 60 0
1719 8 609 0 24 -12851 0 60 0
1720 8 1100 0 24 -12851 0 60 0
1721 12 742 903 -6 24 0 51 55
1722 12 742 500 6 -24 0 55 51
1723 12 500 742 -6 24 0 51 51
1724 8 742 0 -6 -12851 0 60 0
1725 8 500 0 6 -12851 0 60 0
1726 8 903 0 -6 -12851 0 55 0
1727 12 903 742 6 -24 0 51 51
1728 8 500 0 -24 -12851 0 60 0
1729 8 903 0 24 -12851 0 55 0
1730 8 903 0 -24 -12851 0 60 0
1731 12 742 1100 -6 24 0 55 55
1732 8 500 0 -24 -12851 0 60 0
1733 8 609 0 6 -12851 0 55 0
1734 8 742 0 6 -12851 0 60 0
1735 12 742 500 6 -24 0 51 55
1736 8 1100 0 24 -12851 0 60 0
1737 12 742 903 -6 24 0 51 55
1738 8 609 0 -24 -12851 0 55 0
1739 12 903 742 -6 24 0 51 51
1740 12 742 903 -6 24 0 55 55
1741 8 742 0 -24 -12851 0 55 0
1742 8 1100 0 6 -12851 0 55 0
1743 12 500 742 6 -24 0 51 51
1744 8 500 0 24 -12851 0 60 0
1745 8 500 0 -6 -12851 0 55 0
1746 8 742 0 24 -12851 0 55 0
1747 8 500 0 -6 -12851 0 55 0
1748 8 1100 0 -24 -12851 0 60 0
1749 12 1100 742 6 -24 0 55 51
1750 8 609 0 -24 -12851 0 60 0
1751 8 1100 0 24 -12851 0 55 0
1752 8 903 0 24 -12851 0 55 0
1753 8 742 0 -24 -12851 0 55 0
1754 12 742 1100 -6 24 0 51 51
1755 8 609 0 -24 -12851 0 55 0
1756 8 1100 0 -24 -12851 0 55 0
1757 12 903 742 -6 24 0 55 55
1758 12 742 500 6 -24 0 51 51
1759 12 903 742 -6 24 0 51 51
1760 12 742 1100 6 -24 0 55 51
1761 12 500 742 -6 24 0 51 51
1762 12 742 903 6 -24 0 51 55
1763 8 903 0 -24 -12851 0 55 0
1764 8 609 0 -6 -12851 0 60 0
1765 8 742 0 24 -12851 0 60 0
1766 8 500 0 24 -12851 0 60 0
1767 8 903 0 24 -12851 0 60 0
1768 12 742 609 6 -24 0 51 51
1769 12 609 742 6 -24 0 51 55
1770 8 500 0 24 -12851 0 55 0
1771 12 1100 742 -6 24 0 51 51
1772 8 500 0 -24 -12851 0 60 0
1773 8 609 0 6 -12851 0 60 0
1774 12 742 903 6 -24 0 55 55
1775 12 903 742 6 -24 0 55 51
1776 8 500 0 -6 -12851 0 60 0
1777 8 1100 0 -24 -12851 0 60 0
1778 8 609 0 24 -12851 0 55 0
1779 8 742 0 24 -12851 0 60 0
1780 8 903 0 6 -12851 0 60 0
1781 12 742 609 -6 24 0 55 51
1782 12 742 1100 6 -24 0 55 51
1783 8 1100 0 24 -12851 0 55 0
1784 8 742 0 -24 -12851 0 55 0
1785 8 1100 0 24 -12851 0 60 0
1786 8 742 0 6 -12851 0 55 0
1787 12 1100 742 6 -24 0 51 55
1788 12 742 609 6 -24 0 51 51
1789 12 1100 742 -6 24 0 55 55
1790 8 903 0 6 -12851 0 60 0
1791 12 903 742 -6 24 0 55 55
1792 8 903 0 -6 -12851 0 55 0
1793 8 609 0 -24 -12851 0 60 0
1794 8 500 0 -24 -12851 0 60 0
1795 8 1100 0 6 -12851 0 60 0
1796 8 1100 0 -24 -12851 0 60 0
1797 8 1100 0 -6 -12851 0 55 0
1798 12 742 500 -6 24 0 55 51
1799 8 609 0 -6 -12851 0 60 0
1800 12 1100 742 6 -24 0 55 55
1801 12 742 903 -6 24 0 51 55
1802 8 1100 0 -6 -12851 0 60 0
1803 8 742 0 24 -12851 0 60 0
1804 8 500 0 -24 -12851 0 60 0
1805 12 742 1100 -6 24 0 55 55
1806 8 609 0 24 -12851 0 55 0
1807 8 903 0 -24 -12851 0 55 0
1808 12 742 1100 6 -24 0 51 51
1809 8 903 0 -24 -12851 0 55 0
1810 12 1100 742 6 -24 0 51 51
1811 8 609 0 -24 -12851 0 60 0
1812 12 500 742 6 -24 0 55 55
1813 12 742 1100 -6 24 0 51 51
1814 8 903 0 24 -12851 0 60 0
1815 8 742 0 6 -12851 0 60 0
1816 12 1100 742 6 -24 0 51 51
1817 12 742 903 6 -24 0 51 51
1818 8 742 0 -24 -12851 0 60 0
1819 12 742 903 6 -24 0 55 55
1820 12 1100 742 6 -24 0 55 51
1821 12 903 742 -6 24 0 55 55
1822 8 500 0 -6 -12851 0 55 0
1823 8 500 0 -24 -12851 0 55 0
1824 12 609 742 6 -24 0 55 51
1825 8 609 0 -24 -12851 0 55 0
1826 12 742 903 6 -24 0 55 55
1827 8 609 0 -24 -12851 0 55 0
1828 12 903 742 -6 24 0 51 55
1829 12 742 903 -6 24 0 51 51
1830 8 742 0 -6 -12851 0 60 0
1831 8 500 0 -6 -12851 0 60 0
1832 8 609 0 24 -12851 0 55 0
1833 8 742 0 -6 -12851 0 55 0
1834 12 903 742 6 -24 0 55 51
1835 12 500 742 -6 24 0 51 51
1836 12 609 742 6 -24 0 55 51
1837 12 903 742 -6 24 0 55 55
1838 12 742 903 -6 24 0 55 51
1839 8 500 0 -24 -12851 0 60 0
1840 12 742 609 -6 24 0 55 51
1841 8 742 0 -24 -12851 0 60 0
1842 8 903 0 6 -12851 0 60 0
1843 8 609 0 24 -12851 0 55 0
1844 8 1100 0 -6 -12851 0 60 0
1845 12 742 500 -6 24 0 55 55
1846 8 1100 0 -6 -12851 0 55 0
1847 8 500 0 -24 -12851 0 60 0
1848 8 1100 0 -6 -12851 0 55 0
