1 12 742 903 6 -24 1 51 55
2 12 609 742 -6 24 0 51 51
3 12 500 742 6 -24 1 51 51
4 12 742 903 6 -24 1 55 55
5 12 903 742 -6 24 0 55 55
6 12 742 903 -6 24 0 51 51
7 12 742 609 -6 24 0 55 51
8 12 742 1100 -6 24 0 51 51
9 12 742 609 -6 24 0 55 51
10 12 742 609 6 -24 0 51 51
11 12 609 742 -6 24 0 55 55
12 12 1100 742 -6 24 0 51 51
13 12 742 500 6 -24 1 55 55
14 12 742 500 6 -24 1 55 51
15 12 903 742 -6 24 0 55 55
16 12 742 500 -6 24 0 51 51
17 12 742 609 -6 24 0 51 51
18 12 500 742 6 -24 0 55 55
19 12 742 903 -6 24 0 51 55
20 12 742 903 -6 24 0 51 51
21 12 500 742 -6 24 1 55 51
22 12 742 500 -6 24 0 55 51
23 12 500 742 6 -24 1 55 55
24 12 742 500 -6 24 0 51 51
25 12 742 1100 6 -24 1 55 51
26 12 742 500 -6 24 0 51 51
27 12 609 742 6 -24 0 55 55
28 12 609 742 -6 24 0 55 55
29 12 742 903 -6 24 0 55 55
30 12 742 903 6 -24 1 51 55
31 12 500 742 -6 24 0 55 55
32 12 500 742 -6 24 0 55 55
33 12 742 609 -6 24 0 55 51
34 12 742 500 6 -24 0 55 55
35 12 742 903 -6 24 0 51 55
36 12 742 609 6 -24 1 55 55
37 12 1100 742 -6 24 0 55 51
38 12 742 903 -6 24 0 51 55
39 12 1100 742 6 -24 1 55 55
40 12 742 903 -6 24 0 55 55
41 12 742 903 6 -24 1 55 51
42 12 500 742 -6 24 1 51 55
43 12 742 609 -6 24 1 51 55
44 12 500 742 -6 24 1 51 51
45 12 742 1100 -6 24 1 55 51
46 12 609 742 6 -24 1 55 55
47 12 742 903 6 -24 1 55 51
48 12 1100 742 6 -24 0 55 55
49 12 1100 742 -6 24 1 55 51
50 12 742 500 6 -24 1 51 55
51 12 742 609 -6 24 0 55 55
52 12 609 742 -6 24 0 55 51
53 12 1100 742 6 -24 1 55 55
54 12 742 903 -6 24 1 51 55
55 12 903 742 6 -24 0 51 55
56 12 609 742 6 -24 1 51 51
57 12 500 742 -6 24 0 51 51
58 12 1100 742 6 -24 0 51 55
59 12 903 742 6 -24 0 55 55
60 12 500 742 -6 24 0 55 55
61 12 742 500 -6 24 0 55 55
62 12 742 1100 -6 24 1 51 55
63 12 609 742 -6 24 0 51 55
64 12 742 1100 -6 24 0 51 51
65 12 500 742 -6 24 1 55 51
66 12 903 742 6 -24 1 51 51
67 12 609 742 -6 24 0 51 51
68 12 500 742 -6 24 0 51 55
69 12 1100 742 -6 24 0 51 55
70 12 742 903 -6 24 0 51 51
71 12 609 742 -6 24 0 51 55
72 12 742 1100 -6 24 1 51 55
73 12 1100 742 -6 24 0 51 55
74 12 742 500 -6 24 0 55 55
75 12 903 742 6 -24 1 55 55
76 12 903 742 6 -24 1 51 51
77 12 742 500 -6 24 0 55 55
78 12 609 742 -6 24 1 51 51
79 12 742 609 -6 24 1 51 51
80 12 903 742 -6 24 0 51 51
81 12 903 742 -6 24 0 55 51
82 12 609 742 -6 24 0 55 51
83 12 742 500 -6 24 0 55 55
84 12 500 742 -6 24 1 55 51
85 12 609 742 -6 24 1 51 51
86 12 742 500 6 -24 0 55 51
87 12 1100 742 6 -24 0 51 51
88 12 500 742 -6 24 0 55 51
89 12 742 1100 -6 24 0 55 51
90 12 742 500 6 -24 1 51 51
91 12 742 609 6 -24 0 51 51
92 12 903 742 6 -24 0 51 51
93 12 742 500 -6 24 0 51 55
94 12 500 742 -6 24 0 51 55
95 12 609 742 6 -24 1 55 51
96 12 742 903 -6 24 0 51 51
97 12 742 1100 6 -24 1 51 51
98 12 903 742 -6 24 0 55 51
99 12 500 742 6 -24 1 55 51
100 12 742 903 6 -24 1 55 51
101 12 742 609 6 -24 0 51 51
102 12 742 500 -6 24 0 51 55
103 12 903 742 6 -24 1 55 55
104 12 903 742 -6 24 1 55 51
105 12 903 742 -6 24 0 55 51
106 12 609 742 6 -24 0 55 55
107 12 742 500 6 -24 0 55 51
108 12 903 742 6 -24 1 55 55
109 12 903 742 6 -24 1 51 55
110 12 609 742 6 -24 1 55 51
111 12 742 1100 -6 24 1 51 55
112 12 742 903 6 -24 1 55 51
113 12 609 742 6 -24 0 51 55
114 12 500 742 6 -24 1 51 51
115 12 500 742 6 -24 1 55 51
116 12 609 742 -6 24 1 55 51
117 12 742 500 6 -24 1 51 51
118 12 742 1100 -6 24 0 55 55
119 12 742 903 -6 24 0 51 55
120 12 903 742 6 -24 1 55 51
121 12 742 903 -6 24 0 51 51
122 12 742 1100 -6 24 0 51 51
123 12 500 742 -6 24 0 51 55
124 12 742 609 -6 24 1 51 55
125 12 500 742 6 -24 1 51 55
126 12 1100 742 -6 24 0 55 51
127 12 742 903 -6 24 0 51 51
128 12 500 742 -6 24 1 55 51
129 12 609 742 -6 24 0 51 55
130 12 609 742 -6 24 1 55 51
131 12 903 742 -6 24 0 55 51
132 12 742 903 -6 24 1 51 51
133 12 742 500 -6 24 0 55 55
134 12 742 1100 -6 24 1 51 55
135 12 903 742 -6 24 1 55 55
136 12 500 742 6 -24 1 51 55
137 12 609 742 -6 24 0 55 51
138 12 500 742 -6 24 0 55 55
139 12 742 1100 -6 24 1 55 55
140 12 742 903 -6 24 0 51 55
141 12 609 742 6 -24 1 55 51
142 12 903 742 6 -24 1 55 55
143 12 609 742 -6 24 1 55 55
144 12 500 742 6 -24 1 55 55
145 12 742 903 -6 24 0 51 55
146 12 742 609 6 -24 1 51 55
147 12 1100 742 -6 24 0 51 55
148 12 742 609 -6 24 0 55 51
149 12 500 742 -6 24 0 51 51
150 12 742 609 6 -24 0 55 51
151 12 1100 742 6 -24 1 51 51
152 12 500 742 -6 24 0 51 55
153 12 903 742 -6 24 0 55 51
154 12 609 742 -6 24 0 51 51
155 12 609 742 6 -24 1 55 55
156 12 742 1100 6 -24 1 51 55
157 12 742 903 -6 24 0 55 51
158 12 500 742 -6 24 0 55 55
159 12 742 903 6 -24 0 51 51
160 12 609 742 -6 24 1 51 55
161 12 742 609 -6 24 0 51 51
162 12 742 903 6 -24 0 51 51
163 12 742 903 -6 24 0 55 51
164 12 1100 742 -6 24 0 51 55
165 12 609 742 -6 24 0 55 51
166 12 903 742 -6 24 0 51 51
167 12 742 1100 -6 24 1 55 55
168 12 742 1100 -6 24 0 55 51
169 12 500 742 -6 24 1 51 51
170 12 742 609 6 -24 1 51 51
171 12 903 742 -6 24 0 55 55
172 12 1100 742 -6 24 0 51 55
173 12 1100 742 6 -24 1 51 51
174 12 742 500 -6 24 1 51 51
175 12 742 903 -6 24 0 55 51
176 12 1100 742 -6 24 0 51 51
177 12 742 500 -6 24 0 51 55
178 12 742 903 -6 24 1 51 55
179 12 1100 742 6 -24 1 51 55
180 12 742 609 -6 24 0 51 51
181 12 609 742 6 -24 1 51 51
182 12 742 609 -6 24 0 55 55
183 12 742 1100 -6 24 1 51 51
184 12 742 903 -6 24 0 51 55
185 12 609 742 -6 24 1 55 51
186 12 500 742 -6 24 1 55 51
187 12 742 903 6 -24 1 55 55
188 12 609 742 -6 24 1 55 51
189 12 609 742 -6 24 0 51 51
190 12 742 1100 -6 24 1 55 55
191 12 500 742 6 -24 0 55 55
192 12 903 742 -6 24 1 51 55
193 12 742 500 -6 24 0 55 51
194 12 609 742 -6 24 0 55 55
195 12 1100 742 -6 24 1 55 55
196 12 500 742 -6 24 1 55 51
197 12 742 903 6 -24 1 51 51
198 12 742 903 -6 24 0 55 55
199 12 742 609 -6 24 0 55 55
200 12 742 609 -6 24 1 51 51
201 12 500 742 -6 24 0 51 55
202 12 1100 742 -6 24 0 51 51
203 12 742 500 -6 24 0 55 55
204 12 742 1100 6 -24 1 51 51
205 12 500 742 -6 24 0 55 55
206 12 500 742 -6 24 1 51 51
207 12 742 609 -6 24 1 55 55
208 12 903 742 -6 24 1 51 51
209 12 609 742 -6 24 1 55 55
210 12 742 500 -6 24 0 55 55
211 12 903 742 -6 24 0 55 51
212 12 1100 742 -6 24 0 51 51
213 12 742 903 -6 24 1 55 55
214 12 500 742 -6 24 1 55 55
215 12 742 609 6 -24 1 55 51
216 12 742 903 -6 24 0 55 55
217 12 742 609 6 -24 1 55 51
218 12 742 903 -6 24 0 55 55
219 12 742 1100 -6 24 0 55 55
220 12 742 500 -6 24 1 55 55
221 12 1100 742 6 -24 1 55 55
222 12 1100 742 -6 24 0 51 51
223 12 500 742 -6 24 1 51 55
224 12 1100 742 -6 24 0 55 55
225 12 500 742 6 -24 1 55 55
226 12 1100 742 -6 24 0 55 51
227 12 500 742 -6 24 1 55 55
228 12 903 742 -6 24 0 51 51
229 12 742 500 -6 24 0 51 51
230 12 500 742 6 -24 0 51 51
231 12 609 742 -6 24 0 55 55
232 12 903 742 -6 24 0 51 51
233 12 609 742 -6 24 1 55 55
234 12 903 742 6 -24 0 51 51
235 12 742 1100 -6 24 0 51 51
236 12 742 500 -6 24 0 51 55
237 12 742 500 -6 24 0 55 55
238 12 609 742 -6 24 0 55 55
239 12 742 903 -6 24 1 51 55
240 12 742 609 -6 24 1 51 55
241 12 742 903 -6 24 1 55 51
242 12 500 742 -6 24 1 51 51
243 12 500 742 -6 24 1 55 55
244 12 1100 742 -6 24 1 55 55
245 12 742 903 -6 24 1 51 55
246 12 742 500 -6 24 0 51 51
247 12 609 742 6 -24 1 51 51
248 12 742 1100 -6 24 0 51 51
249 12 742 500 6 -24 1 55 55
250 12 903 742 -6 24 0 55 55
251 12 1100 742 6 -24 1 55 51
252 12 742 903 -6 24 0 51 51
253 12 500 742 6 -24 1 55 55
254 12 742 500 -6 24 0 55 51
255 12 742 903 -6 24 0 55 55
256 12 742 1100 -6 24 0 55 51
257 12 742 500 6 -24 1 51 55
258 12 1100 742 6 -24 0 55 55
259 12 742 903 -6 24 1 51 55
260 12 1100 742 6 -24 1 55 55
261 12 500 742 6 -24 1 51 51
262 12 500 742 6 -24 1 55 55
263 12 609 742 6 -24 1 55 55
264 12 903 742 6 -24 1 55 55
265 12 903 742 -6 24 0 51 55
266 12 742 1100 -6 24 0 55 55
267 12 742 500 -6 24 0 55 55
268 12 1100 742 -6 24 0 55 55
269 12 742 500 -6 24 0 51 55
270 12 742 903 6 -24 0 51 51
271 12 742 903 -6 24 0 51 51
272 12 742 500 -6 24 1 55 55
273 12 742 1100 -6 24 1 55 55
274 12 1100 742 -6 24 0 51 51
275 12 742 903 -6 24 1 55 51
276 12 500 742 -6 24 1 55 51
277 12 742 903 -6 24 1 51 51
278 12 742 903 -6 24 0 55 55
279 12 742 1100 6 -24 1 55 51
280 12 742 609 -6 24 0 55 55
281 12 609 742 6 -24 0 51 51
282 12 903 742 -6 24 0 55 55
283 12 742 1100 -6 24 0 55 51
284 12 903 742 -6 24 0 55 55
285 12 742 609 6 -24 1 51 55
286 12 609 742 6 -24 1 55 55
287 12 903 742 -6 24 0 51 55
288 12 742 1100 -6 24 1 55 55
289 12 903 742 -6 24 0 55 51
290 12 903 742 6 -24 1 55 51
291 12 1100 742 6 -24 1 55 51
292 12 903 742 6 -24 1 55 51
293 12 742 609 -6 24 0 51 51
294 12 742 1100 -6 24 0 51 55
295 12 742 903 -6 24 0 51 51
296 12 1100 742 6 -24 1 51 51
297 12 1100 742 6 -24 0 51 55
298 12 742 609 6 -24 1 55 55
299 12 903 742 -6 24 0 51 55
300 12 609 742 6 -24 1 51 51
301 12 609 742 -6 24 0 55 51
302 12 742 903 -6 24 0 51 51
303 12 742 1100 -6 24 0 55 55
304 12 609 742 6 -24 1 51 51
305 12 609 742 6 -24 0 55 55
306 12 1100 742 -6 24 0 55 51
307 12 742 903 -6 24 0 51 55
308 12 609 742 6 -24 1 51 51
309 12 1100 742 -6 24 0 55 51
310 12 742 609 6 -24 1 51 51
311 12 500 742 -6 24 0 51 51
312 12 742 500 -6 24 0 51 55
313 12 742 609 6 -24 1 51 55
314 12 742 609 -6 24 0 51 51
315 12 742 1100 -6 24 0 51 51
316 12 903 742 -6 24 0 55 51
317 12 500 742 6 -24 1 55 51
318 12 1100 742 6 -24 0 51 55
319 12 609 742 -6 24 0 51 51
320 12 903 742 6 -24 0 55 55
321 12 500 742 -6 24 1 55 55
322 12 500 742 6 -24 0 55 51
323 12 742 609 6 -24 0 51 51
324 12 609 742 -6 24 0 55 51
325 12 742 609 -6 24 0 55 55
326 12 742 1100 6 -24 1 55 55
327 12 1100 742 6 -24 0 55 55
328 12 742 1100 -6 24 0 51 51
329 12 609 742 6 -24 0 55 51
330 12 742 500 -6 24 1 55 51
331 12 1100 742 -6 24 0 55 55
332 12 742 500 -6 24 1 51 51
333 12 609 742 -6 24 0 55 51
334 12 742 1100 -6 24 1 55 51
335 12 609 742 -6 24 1 51 51
336 12 609 742 6 -24 1 51 51
337 12 742 903 -6 24 0 51 51
338 12 500 742 6 -24 1 55 55
339 12 742 609 -6 24 0 55 55
340 12 742 1100 -6 24 1 55 55
341 12 903 742 -6 24 0 51 55
342 12 500 742 -6 24 0 51 51
343 12 609 742 6 -24 1 55 55
344 12 1100 742 -6 24 0 55 55
345 12 742 1100 -6 24 1 51 55
346 12 742 903 6 -24 1 51 51
347 12 742 1100 -6 24 1 55 51
348 12 742 1100 -6 24 0 55 51
349 12 609 742 -6 24 1 51 51
350 12 1100 742 6 -24 1 55 55
351 12 500 742 -6 24 0 51 55
352 12 742 500 -6 24 1 51 55
353 12 742 500 -6 24 0 55 55
354 12 1100 742 -6 24 1 55 55
355 12 742 903 -6 24 1 55 51
356 12 500 742 6 -24 1 51 51
357 12 500 742 -6 24 0 55 55
358 12 1100 742 6 -24 1 51 55
359 12 903 742 -6 24 0 55 55
360 12 1100 742 -6 24 0 55 51
361 12 742 903 -6 24 1 55 51
362 12 742 1100 -6 24 0 55 51
363 12 500 742 -6 24 1 51 55
364 12 742 500 6 -24 0 51 51
365 12 742 609 -6 24 0 55 55
366 12 742 500 -6 24 0 51 55
367 12 500 742 6 -24 1 51 51
368 12 742 1100 -6 24 0 55 51
369 12 742 609 -6 24 0 55 55
370 12 903 742 -6 24 1 51 55
371 12 742 609 -6 24 1 55 55
372 12 742 500 6 -24 1 51 51
373 12 1100 742 6 -24 1 55 55
374 12 742 609 6 -24 1 51 55
375 12 742 903 -6 24 0 55 55
376 12 742 903 -6 24 1 55 55
377 12 903 742 6 -24 1 55 55
378 12 903 742 -6 24 0 51 51
379 12 742 500 6 -24 1 51 55
380 12 903 742 6 -24 1 55 51
381 12 742 1100 6 -24 0 55 51
382 12 742 500 -6 24 1 55 51
383 12 903 742 -6 24 1 51 51
384 12 903 742 6 -24 1 51 55
385 12 742 1100 6 -24 0 55 51
386 12 903 742 -6 24 1 51 55
387 12 742 609 -6 24 1 51 55
388 12 742 500 -6 24 1 55 55
389 12 1100 742 -6 24 1 55 55
390 12 609 742 -6 24 1 51 51
391 12 742 609 6 -24 1 55 55
392 12 500 742 6 -24 1 51 55
393 12 742 500 -6 24 0 55 55
394 12 500 742 6 -24 1 55 51
395 12 742 609 6 -24 1 51 55
396 12 903 742 -6 24 0 51 51
397 12 1100 742 -6 24 1 51 51
398 12 609 742 -6 24 1 51 55
399 12 903 742 -6 24 1 51 51
400 12 609 742 -6 24 1 55 55
401 12 903 742 -6 24 0 51 51
402 12 1100 742 6 -24 1 55 55
403 12 1100 742 -6 24 1 51 51
404 12 742 609 6 -24 1 51 55
405 12 903 742 -6 24 0 55 55
406 12 742 609 -6 24 0 55 55
407 12 500 742 -6 24 0 51 51
408 12 742 1100 6 -24 1 51 51
409 12 742 500 -6 24 0 55 55
410 12 742 903 6 -24 1 55 55
411 12 903 742 -6 24 0 51 51
412 12 903 742 -6 24 1 51 51
413 12 609 742 6 -24 1 51 51
414 12 742 500 -6 24 0 55 55
415 12 742 903 6 -24 1 51 51
416 12 742 609 6 -24 1 51 55
417 12 742 609 6 -24 1 51 51
418 12 742 1100 -6 24 0 51 55
419 12 1100 742 -6 24 1 55 51
420 12 742 1100 -6 24 0 55 55
421 12 609 742 -6 24 0 51 51
422 12 742 903 6 -24 1 55 51
423 12 742 1100 -6 24 0 51 55
424 12 903 742 -6 24 1 51 55
425 12 742 609 -6 24 1 55 55
426 12 609 742 -6 24 0 51 51
427 12 742 1100 -6 24 0 55 55
428 12 742 1100 -6 24 0 51 55
429 12 500 742 -6 24 1 55 55
430 12 1100 742 -6 24 0 55 51
431 12 742 500 -6 24 1 55 51
432 12 609 742 -6 24 0 55 55
433 12 742 903 6 -24 1 55 55
434 12 1100 742 -6 24 1 51 51
435 12 609 742 -6 24 1 51 51
436 12 742 500 6 -24 1 55 55
437 12 742 1100 6 -24 1 51 51
438 12 500 742 -6 24 0 55 55
439 12 742 500 -6 24 0 51 51
440 12 903 742 6 -24 1 51 55
441 12 742 609 6 -24 1 55 51
442 12 903 742 -6 24 0 55 51
443 12 742 500 -6 24 0 51 51
444 12 609 742 -6 24 1 55 55
445 12 742 500 -6 24 1 55 51
446 12 609 742 6 -24 1 55 51
447 12 742 500 6 -24 0 51 55
448 12 742 500 -6 24 0 55 55
449 12 742 1100 -6 24 1 55 51
450 12 742 500 6 -24 1 55 55
451 12 1100 742 -6 24 1 55 55
452 12 742 609 -6 24 1 51 51
453 12 903 742 6 -24 0 55 55
454 12 742 903 -6 24 1 51 55
455 12 742 1100 6 -24 1 55 51
456 12 500 742 -6 24 0 55 55
457 12 903 742 -6 24 1 51 55
458 12 500 742 6 -24 1 51 55
459 12 500 742 6 -24 0 55 55
460 12 1100 742 -6 24 0 55 51
461 12 500 742 -6 24 1 55 55
462 12 742 903 -6 24 1 51 51
463 12 609 742 6 -24 0 55 55
464 12 742 1100 -6 24 0 55 55
465 12 742 500 -6 24 0 51 51
466 12 742 1100 -6 24 1 51 51
467 12 903 742 -6 24 1 55 55
468 12 742 1100 -6 24 1 51 55
469 12 500 742 6 -24 1 55 55
470 12 903 742 6 -24 1 51 55
471 12 1100 742 -6 24 1 55 55
472 12 742 1100 -6 24 1 51 51
473 12 742 609 -6 24 0 51 55
474 12 742 1100 6 -24 1 51 51
475 12 903 742 -6 24 0 51 55
476 12 742 903 -6 24 1 55 55
477 12 742 609 -6 24 1 55 55
478 12 742 500 6 -24 0 55 55
479 12 609 742 -6 24 1 55 51
480 12 742 500 -6 24 1 51 51
481 12 1100 742 -6 24 0 55 55
482 12 903 742 -6 24 0 51 51
483 12 609 742 6 -24 0 55 55
484 12 742 903 -6 24 1 51 51
485 12 1100 742 6 -24 1 55 51
486 12 903 742 6 -24 1 51 51
487 12 742 1100 -6 24 1 51 55
488 12 742 1100 6 -24 1 55 51
489 12 742 903 -6 24 0 51 51
490 12 609 742 -6 24 1 51 55
491 12 742 1100 -6 24 1 55 51
492 12 742 500 -6 24 1 55 55
493 12 500 742 6 -24 1 55 51
494 12 609 742 -6 24 0 55 55
495 12 742 1100 -6 24 1 51 51
496 12 609 742 -6 24 0 55 55
497 12 903 742 -6 24 1 55 51
498 12 742 500 -6 24 1 55 51
499 12 903 742 -6 24 1 55 55
500 12 1100 742 6 -24 0 51 55
501 12 742 609 6 -24 1 51 51
502 12 903 742 -6 24 0 51 51
503 12 742 500 -6 24 0 55 55
504 12 742 500 -6 24 1 51 55
505 12 1100 742 -6 24 1 55 51
506 12 742 1100 -6 24 1 51 55
507 12 500 742 -6 24 1 51 51
508 12 742 609 -6 24 0 55 55
509 12 609 742 -6 24 0 55 55
510 12 742 500 6 -24 0 51 55
511 12 742 903 -6 24 1 51 55
512 12 609 742 6 -24 0 51 55
513 12 500 742 -6 24 0 55 51
514 12 903 742 -6 24 1 55 51
515 12 609 742 6 -24 1 55 55
516 12 742 1100 -6 24 1 51 51
517 12 1100 742 6 -24 0 51 51
518 12 609 742 6 -24 1 51 51
519 12 903 742 6 -24 0 51 55
520 12 609 742 6 -24 1 55 55
521 12 742 500 6 -24 0 51 55
522 12 609 742 -6 24 1 55 51
523 12 903 742 -6 24 0 55 55
524 12 742 609 6 -24 1 51 51
525 12 742 1100 -6 24 1 55 55
526 12 1100 742 6 -24 1 51 51
527 12 903 742 -6 24 1 55 55
528 12 609 742 6 -24 0 51 51
529 12 609 742 6 -24 1 55 51
530 12 1100 742 -6 24 1 51 51
531 12 742 609 -6 24 0 55 55
532 12 742 1100 6 -24 1 55 55
533 12 742 1100 6 -24 0 51 51
534 12 903 742 -6 24 1 55 55
535 12 500 742 6 -24 1 55 55
536 12 742 500 6 -24 1 55 51
537 12 1100 742 6 -24 0 55 51
538 12 742 500 -6 24 0 55 51
539 12 609 742 6 -24 1 55 55
540 12 609 742 -6 24 1 51 55
541 12 742 609 6 -24 1 55 51
542 12 903 742 6 -24 0 51 55
543 12 500 742 -6 24 0 55 51
544 12 903 742 6 -24 1 51 55
545 12 742 500 6 -24 0 55 55
546 12 903 742 -6 24 0 51 55
547 12 742 500 -6 24 1 51 55
548 12 903 742 -6 24 1 51 55
549 12 500 742 -6 24 0 51 51
550 12 742 609 -6 24 0 55 55
551 12 500 742 6 -24 1 55 55
552 12 1100 742 -6 24 0 55 55
553 12 742 1100 -6 24 0 51 51
554 12 742 903 6 -24 0 55 51
555 12 742 1100 6 -24 0 55 55
556 12 1100 742 6 -24 0 55 55
557 12 609 742 6 -24 1 55 51
558 12 742 609 -6 24 1 51 55
559 12 1100 742 -6 24 0 51 51
560 12 742 1100 -6 24 0 51 55
561 12 742 1100 -6 24 0 55 55
562 12 609 742 -6 24 1 55 51
563 12 1100 742 -6 24 0 55 55
564 12 742 1100 6 -24 1 55 55
565 12 500 742 -6 24 0 55 51
566 12 742 903 -6 24 1 55 55
567 12 742 903 -6 24 1 55 55
568 12 742 500 6 -24 0 51 51
569 12 742 1100 -6 24 1 51 51
570 12 742 609 -6 24 1 51 55
571 12 742 903 6 -24 1 55 55
572 12 903 742 6 -24 0 51 55
573 12 742 1100 -6 24 0 55 55
574 12 500 742 -6 24 0 51 51
575 12 903 742 6 -24 1 51 55
576 12 1100 742 6 -24 1 55 55
577 12 742 1100 6 -24 1 51 51
578 12 609 742 -6 24 1 55 51
579 12 609 742 -6 24 0 55 55
580 12 609 742 -6 24 0 55 51
581 12 742 500 -6 24 0 51 51
582 12 742 1100 -6 24 0 55 55
583 12 903 742 -6 24 0 55 51
584 12 1100 742 -6 24 0 51 51
585 12 742 500 -6 24 1 51 51
586 12 1100 742 6 -24 1 55 51
587 12 903 742 -6 24 1 51 51
588 12 742 903 -6 24 1 55 55
589 12 742 500 -6 24 1 51 55
590 12 742 500 -6 24 0 55 51
591 12 742 609 -6 24 1 51 55
592 12 742 903 -6 24 1 55 51
593 12 742 609 6 -24 1 55 55
594 12 609 742 6 -24 0 51 51
595 12 742 1100 -6 24 0 55 55
596 12 903 742 -6 24 0 55 55
597 12 1100 742 -6 24 1 55 55
598 12 500 742 6 -24 0 51 55
599 12 742 500 -6 24 0 51 55
600 8 500 0 -24 -12851 1 55 0
601 8 1100 0 6 -12851 1 55 0
602 8 500 0 6 -12851 1 55 0
603 8 1100 0 -24 -12851 1 55 0
604 8 1100 0 -24 -12851 0 55 0
605 8 1100 0 24 -12851 1 55 0
606 8 903 0 24 -12851 0 55 0
607 8 500 0 -6 -12851 1 55 0
608 8 500 0 -24 -12851 1 55 0
609 8 609 0 -24 -12851 0 55 0
610 8 742 0 -24 -12851 1 55 0
611 8 1100 0 24 -12851 1 55 0
612 8 500 0 -6 -12851 0 55 0
613 8 742 0 -24 -12851 1 55 0
614 8 1100 0 -6 -12851 1 55 0
615 8 609 0 -6 -12851 1 55 0
616 8 903 0 24 -12851 1 55 0
617 8 609 0 6 -12851 0 55 0
618 8 742 0 6 -12851 1 55 0
619 8 903 0 24 -12851 1 55 0
620 8 1100 0 6 -12851 0 55 0
621 8 1100 0 -24 -12851 1 55 0
622 8 500 0 -24 -12851 1 55 0
623 8 609 0 6 -12851 1 55 0
624 8 742 0 24 -12851 0 55 0
625 8 742 0 24 -12851 0 55 0
626 8 609 0 -24 -12851 0 55 0
627 8 903 0 6 -12851 0 55 0
628 8 609 0 24 -12851 0 55 0
629 8 742 0 -6 -12851 1 55 0
630 8 903 0 -24 -12851 1 55 0
631 8 903 0 6 -12851 1 55 0
632 8 500 0 -6 -12851 1 55 0
633 8 500 0 -6 -12851 0 55 0
634 8 1100 0 -24 -12851 1 55 0
635 8 1100 0 -24 -12851 1 55 0
636 8 609 0 -6 -12851 1 55 0
637 8 609 0 6 -12851 0 55 0
638 8 609 0 -24 -12851 1 55 0
639 8 500 0 -24 -12851 0 55 0
640 8 903 0 6 -12851 0 55 0
641 8 1100 0 6 -12851 1 55 0
642 8 903 0 24 -12851 0 55 0
643 8 1100 0 -6 -12851 0 55 0
644 8 500 0 -6 -12851 0 55 0
645 8 609 0 24 -12851 1 55 0
646 8 903 0 24 -12851 1 55 0
647 8 742 0 24 -12851 1 55 0
648 8 742 0 24 -12851 0 55 0
649 8 1100 0 -6 -12851 1 55 0
650 8 500 0 -24 -12851 0 55 0
651 8 742 0 -6 -12851 1 55 0
652 8 1100 0 6 -12851 0 55 0
653 8 1100 0 -6 -12851 1 55 0
654 8 500 0 24 -12851 1 55 0
655 8 1100 0 24 -12851 0 55 0
656 8 1100 0 6 -12851 0 55 0
657 8 903 0 6 -12851 0 55 0
658 8 500 0 -24 -12851 0 55 0
659 8 742 0 -24 -12851 0 55 0
660 8 742 0 -6 -12851 0 55 0
661 8 500 0 -6 -12851 1 55 0
662 8 609 0 24 -12851 1 55 0
663 8 609 0 -6 -12851 1 55 0
664 8 903 0 -24 -12851 0 55 0
665 8 903 0 -24 -12851 1 55 0
666 8 742 0 24 -12851 1 55 0
667 8 609 0 -24 -12851 0 55 0
668 8 1100 0 6 -12851 0 55 0
669 8 1100 0 6 -12851 0 55 0
670 8 1100 0 6 -12851 0 55 0
671 8 1100 0 -6 -12851 1 55 0
672 8 903 0 24 -12851 1 55 0
673 8 609 0 24 -12851 1 55 0
674 8 742 0 24 -12851 0 55 0
675 8 500 0 -6 -12851 0 55 0
676 8 500 0 -24 -12851 0 55 0
677 8 500 0 -6 -12851 0 55 0
678 8 742 0 -24 -12851 0 55 0
679 8 903 0 -24 -12851 1 55 0
680 8 609 0 6 -12851 1 55 0
681 8 903 0 24 -12851 0 55 0
682 8 609 0 -6 -12851 1 55 0
683 8 742 0 6 -12851 1 55 0
684 8 500 0 6 -12851 0 55 0
685 8 500 0 24 -12851 1 55 0
686 8 903 0 -6 -12851 0 55 0
687 8 742 0 -6 -12851 0 55 0
688 8 903 0 6 -12851 1 55 0
689 8 500 0 -6 -12851 1 55 0
690 8 742 0 -6 -12851 0 55 0
691 8 742 0 6 -12851 0 55 0
692 8 1100 0 6 -12851 1 55 0
693 8 609 0 -24 -12851 1 55 0
694 8 500 0 24 -12851 1 55 0
695 8 903 0 24 -12851 0 55 0
696 8 1100 0 -24 -12851 0 55 0
697 8 1100 0 24 -12851 1 55 0
698 8 609 0 -24 -12851 0 55 0
699 8 609 0 24 -12851 1 55 0
700 8 903 0 24 -12851 0 55 0
701 8 903 0 24 -12851 1 55 0
702 8 1100 0 -24 -12851 0 55 0
703 8 1100 0 -24 -12851 1 55 0
704 8 500 0 6 -12851 0 55 0
705 8 742 0 -6 -12851 1 55 0
706 8 903 0 -6 -12851 1 55 0
707 8 609 0 6 -12851 1 55 0
708 8 1100 0 24 -12851 0 55 0
709 8 742 0 6 -12851 1 55 0
710 8 742 0 -24 -12851 1 55 0
711 8 903 0 -6 -12851 0 55 0
712 8 500 0 6 -12851 1 55 0
713 8 500 0 6 -12851 0 55 0
714 8 609 0 24 -12851 1 55 0
715 8 609 0 -24 -12851 1 55 0
716 8 609 0 -24 -12851 0 55 0
717 8 609 0 -24 -12851 0 55 0
718 8 903 0 24 -12851 0 55 0
719 8 500 0 -6 -12851 1 55 0
720 8 742 0 24 -12851 0 55 0
721 8 742 0 -6 -12851 0 55 0
722 8 742 0 -6 -12851 1 55 0
723 8 500 0 6 -12851 1 55 0
724 8 609 0 6 -12851 0 55 0
725 8 500 0 24 -12851 1 55 0
726 8 1100 0 24 -12851 1 55 0
727 8 609 0 -6 -12851 1 55 0
728 8 903 0 6 -12851 0 55 0
729 8 1100 0 -24 -12851 1 55 0
730 8 903 0 -6 -12851 1 55 0
731 8 1100 0 24 -12851 1 55 0
732 8 500 0 -24 -12851 1 55 0
733 8 500 0 -6 -12851 0 55 0
734 8 500 0 6 -12851 1 55 0
735 8 1100 0 -24 -12851 1 55 0
736 8 609 0 24 -12851 0 55 0
737 8 903 0 6 -12851 1 55 0
738 8 609 0 -6 -12851 1 55 0
739 8 500 0 -6 -12851 0 55 0
740 8 742 0 -24 -12851 1 55 0
741 8 609 0 -24 -12851 0 55 0
742 8 1100 0 6 -12851 1 55 0
743 8 1100 0 -6 -12851 0 55 0
744 8 742 0 -24 -12851 1 55 0
745 8 903 0 -6 -12851 1 55 0
746 8 742 0 24 -12851 1 55 0
747 8 903 0 6 -12851 0 55 0
748 8 742 0 6 -12851 1 55 0
749 8 742 0 24 -12851 1 55 0
750 8 500 0 24 -12851 0 55 0
751 8 609 0 24 -12851 0 55 0
752 8 742 0 24 -12851 0 55 0
753 8 903 0 -24 -12851 1 55 0
754 8 609 0 -6 -12851 1 55 0
755 8 903 0 6 -12851 1 55 0
756 8 903 0 6 -12851 1 55 0
757 8 609 0 -24 -12851 0 55 0
758 8 500 0 -6 -12851 0 55 0
759 8 1100 0 24 -12851 1 55 0
760 8 742 0 6 -12851 1 55 0
761 8 1100 0 -6 -12851 0 55 0
762 8 500 0 -24 -12851 0 55 0
763 8 1100 0 24 -12851 0 55 0
764 8 609 0 6 -12851 1 55 0
765 8 609 0 6 -12851 0 55 0
766 8 1100 0 -6 -12851 1 55 0
767 8 609 0 -6 -12851 1 55 0
768 8 903 0 6 -12851 1 55 0
769 8 500 0 24 -12851 0 55 0
770 8 742 0 24 -12851 1 55 0
771 8 1100 0 24 -12851 1 55 0
772 8 903 0 6 -12851 1 55 0
773 8 609 0 -6 -12851 0 55 0
774 8 1100 0 -24 -12851 1 55 0
775 8 903 0 -24 -12851 1 55 0
776 8 500 0 -24 -12851 1 55 0
777 8 742 0 6 -12851 1 55 0
778 8 500 0 6 -12851 0 55 0
779 8 742 0 24 -12851 0 55 0
780 8 609 0 24 -12851 0 55 0
781 8 609 0 -6 -12851 1 55 0
782 8 742 0 -6 -12851 0 55 0
783 8 500 0 24 -12851 1 55 0
784 8 903 0 6 -12851 1 55 0
785 8 1100 0 -24 -12851 1 55 0
786 8 1100 0 -6 -12851 1 55 0
787 8 500 0 6 -12851 0 55 0
788 8 742 0 -24 -12851 1 55 0
789 8 609 0 -24 -12851 0 55 0
790 8 609 0 6 -12851 1 55 0
791 8 903 0 6 -12851 0 55 0
792 8 903 0 -24 -12851 1 55 0
793 8 500 0 24 -12851 0 55 0
794 8 1100 0 6 -12851 0 55 0
795 8 742 0 -24 -12851 0 55 0
796 8 1100 0 -24 -12851 1 55 0
797 8 1100 0 -6 -12851 0 55 0
798 8 500 0 24 -12851 0 55 0
799 8 609 0 -6 -12851 0 55 0
800 8 742 0 24 -12851 1 55 0
801 8 742 0 6 -12851 1 55 0
802 8 609 0 -6 -12851 0 55 0
803 8 903 0 6 -12851 1 55 0
804 8 609 0 6 -12851 1 55 0
805 8 742 0 6 -12851 1 55 0
806 8 903 0 24 -12851 1 55 0
807 8 903 0 -6 -12851 0 55 0
808 8 500 0 6 -12851 0 55 0
809 8 500 0 -24 -12851 0 55 0
810 8 1100 0 -6 -12851 0 55 0
811 8 1100 0 -24 -12851 0 55 0
812 8 903 0 -6 -12851 1 55 0
813 8 903 0 24 -12851 0 55 0
814 8 742 0 -24 -12851 1 55 0
815 8 903 0 24 -12851 1 55 0
816 8 1100 0 24 -12851 1 55 0
817 8 742 0 24 -12851 1 55 0
818 8 609 0 6 -12851 1 55 0
819 8 742 0 24 -12851 0 55 0
820 8 500 0 24 -12851 1 55 0
821 8 500 0 6 -12851 1 55 0
822 8 903 0 -24 -12851 1 55 0
823 8 609 0 -6 -12851 0 55 0
824 8 609 0 6 -12851 0 55 0
825 8 500 0 -24 -12851 0 55 0
826 8 1100 0 -6 -12851 0 55 0
827 8 1100 0 -6 -12851 1 55 0
828 8 1100 0 -24 -12851 0 55 0
829 8 1100 0 -6 -12851 1 55 0
830 8 903 0 -6 -12851 0 55 0
831 8 1100 0 24 -12851 0 55 0
832 8 742 0 6 -12851 1 55 0
833 8 500 0 -6 -12851 0 55 0
834 8 1100 0 -24 -12851 1 55 0
835 8 500 0 -24 -12851 1 55 0
836 8 742 0 -6 -12851 1 55 0
837 8 609 0 6 -12851 1 55 0
838 8 742 0 24 -12851 1 55 0
839 8 500 0 -24 -12851 1 55 0
840 8 903 0 6 -12851 0 55 0
841 8 903 0 24 -12851 1 55 0
842 8 609 0 -6 -12851 1 55 0
843 8 609 0 -6 -12851 1 55 0
844 8 500 0 24 -12851 1 55 0
845 8 500 0 6 -12851 1 55 0
846 8 742 0 -6 -12851 0 55 0
847 8 609 0 -6 -12851 1 55 0
848 8 742 0 24 -12851 0 55 0
849 8 500 0 6 -12851 1 55 0
850 8 903 0 -24 -12851 0 55 0
851 8 609 0 6 -12851 1 55 0
852 8 903 0 24 -12851 0 55 0
853 8 1100 0 -24 -12851 1 55 0
854 8 742 0 -24 -12851 0 55 0
855 8 500 0 -6 -12851 1 55 0
856 8 1100 0 -6 -12851 0 55 0
857 8 609 0 -6 -12851 1 55 0
858 8 1100 0 24 -12851 0 55 0
859 8 903 0 6 -12851 0 55 0
860 8 742 0 -24 -12851 1 55 0
861 8 742 0 6 -12851 1 55 0
862 8 903 0 6 -12851 0 55 0
863 8 742 0 -24 -12851 0 55 0
864 8 903 0 -24 -12851 0 55 0
865 8 742 0 24 -12851 0 55 0
866 8 903 0 24 -12851 0 55 0
867 8 1100 0 -6 -12851 1 55 0
868 8 609 0 -6 -12851 1 55 0
869 8 500 0 -6 -12851 1 55 0
870 8 609 0 -6 -12851 1 55 0
871 8 500 0 6 -12851 1 55 0
872 8 500 0 6 -12851 0 55 0
873 8 1100 0 -24 -12851 1 55 0
874 8 1100 0 -24 -12851 0 55 0
875 8 609 0 24 -12851 1 55 0
876 8 742 0 6 -12851 1 55 0
877 8 742 0 -24 -12851 0 55 0
878 8 903 0 -6 -12851 1 55 0
879 8 903 0 24 -12851 1 55 0
880 8 1100 0 24 -12851 1 55 0
881 8 1100 0 -24 -12851 1 55 0
882 8 609 0 -24 -12851 0 55 0
883 8 903 0 24 -12851 1 55 0
884 8 609 0 -6 -12851 1 55 0
885 8 742 0 6 -12851 1 55 0
886 8 742 0 -6 -12851 1 55 0
887 8 1100 0 24 -12851 1 55 0
888 8 609 0 -6 -12851 1 55 0
889 8 500 0 6 -12851 1 55 0
890 8 500 0 -24 -12851 0 55 0
891 8 500 0 6 -12851 1 55 0
892 8 500 0 -24 -12851 0 55 0
893 8 500 0 24 -12851 0 55 0
894 8 1100 0 6 -12851 0 55 0
895 8 903 0 6 -12851 0 55 0
896 8 1100 0 6 -12851 1 55 0
897 8 1100 0 6 -12851 1 55 0
898 8 903 0 24 -12851 1 55 0
899 8 903 0 -6 -12851 1 55 0
900 8 742 0 24 -12851 1 55 0
901 8 500 0 24 -12851 1 55 0
902 8 742 0 -6 -12851 0 55 0
903 8 742 0 -6 -12851 0 55 0
904 8 500 0 -24 -12851 0 55 0
905 8 609 0 -24 -12851 1 55 0
906 8 609 0 -24 -12851 0 55 0
907 8 609 0 -24 -12851 0 55 0
908 8 1100 0 -24 -12851 1 55 0
909 8 1100 0 24 -12851 0 55 0
910 8 742 0 6 -12851 0 55 0
911 8 903 0 24 -12851 0 55 0
912 8 903 0 6 -12851 0 55 0
913 8 609 0 6 -12851 1 55 0
914 8 1100 0 24 -12851 0 55 0
915 8 609 0 -6 -12851 1 55 0
916 8 1100 0 -24 -12851 1 55 0
917 8 742 0 -24 -12851 0 55 0
918 8 903 0 -6 -12851 1 55 0
919 8 500 0 -6 -12851 1 55 0
920 8 609 0 6 -12851 1 55 0
921 8 500 0 6 -12851 1 55 0
922 8 742 0 6 -12851 1 55 0
923 8 500 0 6 -12851 1 55 0
924 8 1100 0 24 -12851 0 55 0
925 8 1100 0 -6 -12851 1 55 0
926 8 1100 0 24 -12851 1 55 0
927 8 742 0 24 -12851 1 55 0
928 8 742 0 -24 -12851 1 55 0
929 8 1100 0 -6 -12851 1 55 0
930 8 609 0 -24 -12851 1 55 0
931 8 609 0 -6 -12851 0 55 0
932 8 903 0 -24 -12851 1 55 0
933 8 903 0 24 -12851 1 55 0
934 8 742 0 24 -12851 1 55 0
935 8 609 0 24 -12851 1 55 0
936 8 500 0 -24 -12851 1 55 0
937 8 903 0 -24 -12851 1 55 0
938 8 500 0 6 -12851 1 55 0
939 8 500 0 -6 -12851 1 55 0
940 8 500 0 -6 -12851 1 55 0
941 8 500 0 6 -12851 0 55 0
942 8 742 0 24 -12851 0 55 0
943 8 1100 0 6 -12851 1 55 0
944 8 903 0 -24 -12851 1 55 0
945 8 500 0 -6 -12851 1 55 0
946 8 609 0 24 -12851 0 55 0
947 8 609 0 24 -12851 0 55 0
948 8 1100 0 6 -12851 0 55 0
949 8 742 0 24 -12851 0 55 0
950 8 500 0 24 -12851 0 55 0
951 8 903 0 6 -12851 0 55 0
952 8 742 0 -24 -12851 0 55 0
953 8 609 0 -6 -12851 0 55 0
954 8 903 0 6 -12851 0 55 0
955 8 1100 0 -24 -12851 0 55 0
956 8 742 0 -6 -12851 1 55 0
957 8 742 0 -6 -12851 0 55 0
958 8 742 0 -24 -12851 0 55 0
959 8 742 0 6 -12851 0 55 0
960 8 1100 0 6 -12851 0 55 0
961 8 1100 0 24 -12851 0 55 0
962 8 500 0 24 -12851 0 55 0
963 8 903 0 -6 -12851 1 55 0
964 8 500 0 -6 -12851 1 55 0
965 8 609 0 24 -12851 0 55 0
966 8 609 0 6 -12851 0 55 0
967 8 903 0 -24 -12851 1 55 0
968 8 903 0 -6 -12851 1 55 0
969 8 1100 0 6 -12851 1 55 0
970 8 609 0 -24 -12851 1 55 0
971 8 500 0 -24 -12851 0 55 0
972 8 500 0 -6 -12851 1 55 0
973 8 500 0 -6 -12851 1 55 0
974 8 1100 0 24 -12851 1 55 0
975 8 500 0 6 -12851 1 55 0
976 8 609 0 -6 -12851 1 55 0
977 8 742 0 -6 -12851 1 55 0
978 8 1100 0 24 -12851 0 55 0
979 8 742 0 6 -12851 1 55 0
980 8 742 0 -24 -12851 1 55 0
981 8 1100 0 6 -12851 1 55 0
982 8 903 0 24 -12851 1 55 0
983 8 903 0 -24 -12851 1 55 0
984 8 609 0 -24 -12851 1 55 0
985 8 609 0 -24 -12851 0 55 0
986 8 903 0 -24 -12851 1 55 0
987 8 500 0 24 -12851 0 55 0
988 8 609 0 -24 -12851 0 55 0
989 8 609 0 24 -12851 1 55 0
990 8 903 0 -24 -12851 1 55 0
991 8 500 0 -6 -12851 1 55 0
992 8 742 0 6 -12851 1 55 0
993 8 742 0 24 -12851 0 55 0
994 8 742 0 -6 -12851 1 55 0
995 8 500 0 6 -12851 1 55 0
996 8 609 0 -6 -12851 1 55 0
997 8 500 0 6 -12851 1 55 0
998 8 1100 0 24 -12851 1 55 0
999 8 609 0 24 -12851 0 55 0
1000 8 903 0 24 -12851 1 55 0
1001 8 1100 0 -24 -12851 1 55 0
1002 8 903 0 -24 -12851 1 55 0
1003 8 1100 0 6 -12851 1 55 0
1004 8 500 0 -6 -12851 1 55 0
1005 8 500 0 -6 -12851 1 55 0
1006 8 903 0 6 -12851 1 55 0
1007 8 742 0 24 -12851 0 55 0
1008 8 903 0 6 -12851 1 55 0
1009 8 500 0 -24 -12851 1 55 0
1010 8 742 0 -6 -12851 1 55 0
1011 8 742 0 24 -12851 1 55 0
1012 8 1100 0 24 -12851 1 55 0
1013 8 609 0 -24 -12851 0 55 0
1014 8 500 0 6 -12851 1 55 0
1015 8 903 0 -6 -12851 0 55 0
1016 8 1100 0 -6 -12851 1 55 0
1017 8 1100 0 6 -12851 1 55 0
1018 8 609 0 -6 -12851 0 55 0
1019 8 609 0 -24 -12851 0 55 0
1020 8 1100 0 24 -12851 0 55 0
1021 8 1100 0 -24 -12851 1 55 0
1022 8 903 0 24 -12851 0 55 0
1023 8 500 0 6 -12851 1 55 0
1024 8 500 0 24 -12851 0 55 0
1025 8 609 0 24 -12851 1 55 0
1026 8 742 0 -24 -12851 1 55 0
1027 8 1100 0 24 -12851 1 55 0
1028 8 500 0 -6 -12851 1 55 0
1029 8 742 0 -6 -12851 1 55 0
1030 8 1100 0 24 -12851 0 55 0
1031 8 609 0 -24 -12851 1 55 0
1032 8 903 0 -24 -12851 0 55 0
1033 8 609 0 6 -12851 0 55 0
1034 8 742 0 -6 -12851 1 55 0
1035 8 903 0 6 -12851 1 55 0
1036 8 609 0 6 -12851 0 55 0
1037 8 609 0 6 -12851 1 55 0
1038 8 903 0 6 -12851 0 55 0
1039 8 903 0 -24 -12851 1 55 0
1040 8 609 0 24 -12851 0 55 0
1041 8 742 0 6 -12851 0 55 0
1042 8 1100 0 6 -12851 0 55 0
1043 8 903 0 24 -12851 0 55 0
1044 8 742 0 24 -12851 1 55 0
1045 8 742 0 -24 -12851 1 55 0
1046 8 609 0 -24 -12851 0 55 0
1047 8 500 0 -6 -12851 1 55 0
1048 8 500 0 -6 -12851 1 55 0
1049 8 500 0 -6 -12851 1 55 0
1050 8 1100 0 24 -12851 1 55 0
1051 8 1100 0 24 -12851 1 55 0
1052 8 903 0 -6 -12851 1 55 0
1053 8 903 0 -24 -12851 0 55 0
1054 8 742 0 -6 -12851 1 55 0
1055 8 903 0 6 -12851 0 55 0
1056 8 609 0 -6 -12851 1 55 0
1057 8 609 0 24 -12851 1 55 0
1058 8 500 0 24 -12851 0 55 0
1059 8 609 0 6 -12851 1 55 0
1060 8 500 0 6 -12851 0 55 0
1061 8 903 0 -24 -12851 1 55 0
1062 8 742 0 -24 -12851 1 55 0
1063 8 1100 0 6 -12851 1 55 0
1064 8 742 0 6 -12851 0 55 0
1065 8 1100 0 -24 -12851 0 55 0
1066 8 1100 0 -6 -12851 1 55 0
1067 8 500 0 -6 -12851 0 55 0
1068 8 1100 0 -24 -12851 0 55 0
1069 8 1100 0 -6 -12851 1 55 0
1070 8 500 0 6 -12851 1 55 0
1071 8 1100 0 6 -12851 1 55 0
1072 8 1100 0 -24 -12851 0 55 0
1073 8 903 0 24 -12851 0 55 0
1074 8 500 0 24 -12851 0 55 0
1075 8 742 0 24 -12851 0 55 0
1076 8 742 0 24 -12851 1 55 0
1077 8 500 0 24 -12851 0 55 0
1078 8 609 0 6 -12851 1 55 0
1079 8 609 0 6 -12851 0 55 0
1080 8 903 0 24 -12851 0 55 0
1081 8 903 0 -24 -12851 0 55 0
1082 8 742 0 24 -12851 1 55 0
1083 8 609 0 -6 -12851 0 55 0
1084 8 742 0 -6 -12851 0 55 0
1085 8 742 0 -24 -12851 1 55 0
1086 8 500 0 6 -12851 0 55 0
1087 8 903 0 -24 -12851 1 55 0
1088 8 1100 0 -6 -12851 0 55 0
1089 8 903 0 -24 -12851 1 55 0
1090 8 1100 0 -24 -12851 1 55 0
1091 8 742 0 6 -12851 1 55 0
1092 8 742 0 24 -12851 0 55 0
1093 8 903 0 -24 -12851 0 55 0
1094 8 1100 0 -6 -12851 0 55 0
1095 8 500 0 -6 -12851 0 55 0
1096 8 500 0 24 -12851 0 55 0
1097 8 609 0 -24 -12851 0 55 0
1098 8 609 0 24 -12851 0 55 0
1099 8 609 0 -6 -12851 1 55 0
1100 8 500 0 6 -12851 1 55 0
1101 8 500 0 6 -12851 0 55 0
1102 8 903 0 6 -12851 1 55 0
1103 8 742 0 6 -12851 1 55 0
1104 8 903 0 -6 -12851 0 55 0
1105 8 500 0 6 -12851 0 55 0
1106 8 742 0 -24 -12851 0 55 0
1107 8 742 0 -24 -12851 0 55 0
1108 8 1100 0 24 -12851 0 55 0
1109 8 609 0 24 -12851 0 55 0
1110 8 500 0 24 -12851 0 55 0
1111 8 903 0 -24 -12851 0 55 0
1112 8 1100 0 -6 -12851 1 55 0
1113 8 1100 0 -6 -12851 1 55 0
1114 8 609 0 6 -12851 1 55 0
1115 8 609 0 -6 -12851 0 55 0
1116 8 500 0 -6 -12851 1 55 0
1117 8 500 0 6 -12851 0 55 0
1118 8 742 0 24 -12851 0 55 0
1119 8 609 0 -24 -12851 0 55 0
1120 8 742 0 -6 -12851 1 55 0
1121 8 500 0 -6 -12851 0 55 0
1122 8 903 0 6 -12851 1 55 0
1123 8 609 0 -24 -12851 0 55 0
1124 8 903 0 6 -12851 0 55 0
1125 8 1100 0 24 -12851 0 55 0
1126 8 742 0 24 -12851 1 55 0
1127 8 500 0 -24 -12851 0 55 0
1128 8 1100 0 6 -12851 1 55 0
1129 8 609 0 6 -12851 1 55 0
1130 8 1100 0 -6 -12851 1 55 0
1131 8 903 0 -6 -12851 0 55 0
1132 8 500 0 -24 -12851 0 55 0
1133 8 500 0 6 -12851 1 55 0
1134 8 1100 0 24 -12851 1 55 0
1135 8 1100 0 24 -12851 0 55 0
1136 8 609 0 24 -12851 0 55 0
1137 8 1100 0 6 -12851 0 55 0
1138 8 903 0 -24 -12851 1 55 0
1139 8 609 0 -6 -12851 1 55 0
1140 8 609 0 -24 -12851 1 55 0
1141 8 903 0 6 -12851 1 55 0
1142 8 742 0 6 -12851 1 55 0
1143 8 742 0 24 -12851 1 55 0
1144 8 903 0 24 -12851 1 55 0
1145 8 500 0 -6 -12851 1 55 0
1146 8 742 0 -24 -12851 0 55 0
1147 8 500 0 24 -12851 1 55 0
1148 8 742 0 6 -12851 1 55 0
1149 8 742 0 6 -12851 1 55 0
1150 8 500 0 -24 -12851 1 55 0
1151 8 1100 0 -24 -12851 0 55 0
1152 8 500 0 -6 -12851 0 55 0
1153 8 1100 0 -6 -12851 1 55 0
1154 8 500 0 6 -12851 1 55 0
1155 8 742 0 6 -12851 1 55 0
1156 8 903 0 -24 -12851 1 55 0
1157 8 903 0 6 -12851 0 55 0
1158 8 903 0 6 -12851 0 55 0
1159 8 1100 0 24 -12851 0 55 0
1160 8 742 0 -6 -12851 0 55 0
1161 8 609 0 24 -12851 0 55 0
1162 8 609 0 -6 -12851 0 55 0
1163 8 609 0 24 -12851 1 55 0
1164 8 500 0 -24 -12851 0 55 0
1165 8 500 0 -24 -12851 1 55 0
1166 8 742 0 -6 -12851 0 55 0
1167 8 742 0 -24 -12851 1 55 0
1168 8 500 0 -24 -12851 0 55 0
1169 8 742 0 24 -12851 0 55 0
1170 8 1100 0 6 -12851 0 55 0
1171 8 1100 0 24 -12851 0 55 0
1172 8 1100 0 6 -12851 0 55 0
1173 8 903 0 6 -12851 0 55 0
1174 8 500 0 24 -12851 0 55 0
1175 8 609 0 -6 -12851 0 55 0
1176 8 903 0 -24 -12851 0 55 0
1177 8 609 0 -24 -12851 0 55 0
1178 8 609 0 -6 -12851 1 55 0
1179 8 903 0 -6 -12851 1 55 0
1180 8 500 0 -6 -12851 0 55 0
1181 8 500 0 -6 -12851 0 55 0
1182 8 903 0 24 -12851 0 55 0
1183 8 1100 0 -24 -12851 0 55 0
1184 8 1100 0 -24 -12851 1 55 0
1185 8 1100 0 6 -12851 0 55 0
1186 8 742 0 24 -12851 0 55 0
1187 8 903 0 -6 -12851 0 55 0
1188 8 742 0 6 -12851 0 55 0
1189 8 500 0 24 -12851 0 55 0
1190 8 742 0 6 -12851 0 55 0
1191 8 903 0 -6 -12851 0 55 0
1192 8 609 0 -24 -12851 0 55 0
1193 8 500 0 24 -12851 0 55 0
1194 8 609 0 24 -12851 0 55 0
1195 8 609 0 -24 -12851 0 55 0
1196 8 742 0 6 -12851 1 55 0
1197 8 742 0 24 -12851 0 55 0
1198 8 903 0 6 -12851 0 55 0
1199 8 742 0 24 -12851 0 55 0
1200 8 903 0 -24 -12851 1 55 0
1201 8 742 0 -6 -12851 0 55 0
1202 8 903 0 -6 -12851 1 55 0
1203 8 1100 0 6 -12851 0 55 0
1204 8 609 0 -24 -12851 0 55 0
1205 8 500 0 -6 -12851 0 55 0
1206 8 609 0 24 -12851 0 55 0
1207 8 500 0 24 -12851 0 55 0
1208 8 500 0 6 -12851 0 55 0
1209 8 1100 0 24 -12851 0 55 0
1210 8 1100 0 24 -12851 0 55 0
1211 8 609 0 6 -12851 0 55 0
1212 8 742 0 -24 -12851 0 55 0
1213 8 742 0 -6 -12851 0 55 0
1214 8 903 0 6 -12851 0 55 0
1215 8 1100 0 -24 -12851 0 55 0
1216 8 609 0 -6 -12851 0 55 0
1217 8 500 0 -6 -12851 0 55 0
