1 12 742 903 -6 24 1 55 55
2 12 609 742 -6 24 1 55 55
3 12 742 500 6 -24 1 55 55
4 12 1100 742 -6 24 1 51 51
5 12 742 500 -6 24 0 51 55
6 12 609 742 6 -24 1 55 51
7 12 500 742 -6 24 1 55 55
8 12 742 903 -6 24 0 51 55
9 12 1100 742 -6 24 1 51 55
10 12 742 903 6 -24 1 55 55
11 12 742 609 -6 24 0 55 55
12 12 903 742 -6 24 1 55 55
13 12 742 500 6 -24 1 55 55
14 12 903 742 -6 24 0 55 51
15 12 742 1100 -6 24 0 55 51
16 12 1100 742 -6 24 0 55 51
17 12 903 742 -6 24 1 51 51
18 12 742 609 6 -24 0 51 51
19 12 500 742 -6 24 0 51 55
20 12 742 903 -6 24 0 51 51
21 12 742 500 6 -24 1 55 51
22 12 903 742 6 -24 1 51 51
23 12 903 742 -6 24 1 51 51
24 12 500 742 -6 24 1 55 51
25 12 742 500 -6 24 0 51 51
26 12 609 742 -6 24 0 55 51
27 12 1100 742 -6 24 1 55 55
28 12 500 742 -6 24 1 51 51
29 12 500 742 -6 24 0 51 51
30 12 500 742 6 -24 1 55 55
31 12 742 609 -6 24 1 51 51
32 12 742 500 -6 24 1 51 51
33 12 742 500 6 -24 1 55 51
34 12 500 742 -6 24 1 55 55
35 12 742 609 -6 24 1 55 51
36 12 1100 742 6 -24 1 55 55
37 12 742 500 -6 24 0 55 55
38 12 742 609 -6 24 1 55 55
39 12 500 742 6 -24 1 55 55
40 12 742 903 -6 24 1 51 51
41 12 742 1100 -6 24 1 51 51
42 12 1100 742 6 -24 0 55 51
43 12 903 742 -6 24 1 51 55
44 12 742 1100 6 -24 1 55 55
45 12 742 609 6 -24 1 55 51
46 12 500 742 6 -24 0 51 51
47 12 742 1100 6 -24 1 51 55
48 12 609 742 6 -24 1 55 55
49 12 742 609 -6 24 1 55 51
50 12 742 903 -6 24 0 55 51
51 12 742 500 6 -24 1 51 51
52 12 742 500 6 -24 1 51 51
53 12 903 742 6 -24 1 55 55
54 12 609 742 -6 24 1 51 51
55 12 742 1100 -6 24 1 55 55
56 12 1100 742 -6 24 1 51 51
57 12 742 609 -6 24 0 51 55
58 12 742 903 6 -24 1 51 55
59 12 609 742 -6 24 1 55 51
60 12 903 742 6 -24 1 51 55
61 12 742 609 6 -24 1 51 51
62 12 1100 742 -6 24 0 51 51
63 12 742 903 6 -24 1 55 55
64 12 1100 742 -6 24 0 55 55
65 12 742 1100 -6 24 1 51 55
66 12 742 1100 6 -24 1 51 51
67 12 742 903 -6 24 0 55 51
68 12 742 500 -6 24 0 55 55
69 12 609 742 6 -24 1 55 51
70 12 500 742 6 -24 1 51 55
71 12 742 1100 -6 24 1 55 51
72 12 742 609 -6 24 1 51 55
73 12 903 742 6 -24 1 51 55
74 12 742 1100 -6 24 0 51 51
75 12 742 609 -6 24 0 55 55
76 12 500 742 6 -24 0 51 51
77 12 742 609 -6 24 0 55 51
78 12 903 742 -6 24 0 51 51
79 12 1100 742 -6 24 1 51 51
80 12 742 500 6 -24 0 51 51
81 12 1100 742 6 -24 1 51 51
82 12 742 903 -6 24 1 55 51
83 12 742 609 6 -24 1 55 51
84 12 742 903 6 -24 1 51 51
85 12 742 1100 -6 24 0 55 51
86 12 742 903 6 -24 1 55 51
87 12 609 742 -6 24 1 55 55
88 12 742 609 6 -24 1 51 51
89 12 742 1100 -6 24 0 55 55
90 12 903 742 -6 24 0 55 55
91 12 742 609 6 -24 1 51 51
92 12 742 609 -6 24 0 51 51
93 12 609 742 6 -24 1 55 51
94 12 903 742 6 -24 1 51 55
95 12 742 1100 -6 24 1 51 55
96 12 742 903 -6 24 1 55 55
97 12 742 1100 -6 24 1 51 55
98 12 1100 742 -6 24 0 55 51
99 12 609 742 -6 24 0 55 55
100 12 1100 742 -6 24 1 55 55
101 12 742 903 6 -24 1 51 55
102 12 742 903 -6 24 1 55 55
103 12 1100 742 6 -24 1 51 55
104 12 742 609 -6 24 1 51 51
105 12 742 903 -6 24 1 55 55
106 12 500 742 6 -24 1 55 55
107 12 1100 742 -6 24 1 55 55
108 12 742 1100 -6 24 0 55 55
109 12 1100 742 6 -24 1 51 55
110 12 1100 742 6 -24 1 51 51
111 12 742 1100 -6 24 1 55 55
112 12 742 500 -6 24 1 51 51
113 12 742 500 -6 24 0 51 51
114 12 742 500 -6 24 1 55 51
115 12 1100 742 -6 24 0 55 51
116 12 500 742 -6 24 0 55 51
117 12 742 1100 -6 24 0 55 55
118 12 742 500 6 -24 1 55 51
119 12 903 742 6 -24 1 51 55
120 12 742 609 6 -24 1 51 51
121 12 742 609 6 -24 1 55 51
122 12 1100 742 -6 24 1 55 55
123 12 742 1100 6 -24 1 55 55
124 12 903 742 -6 24 0 55 55
125 12 742 903 -6 24 1 55 55
126 12 742 1100 6 -24 1 51 51
127 12 742 609 -6 24 0 55 55
128 12 742 1100 -6 24 1 51 51
129 12 742 1100 -6 24 1 55 51
130 12 742 609 -6 24 1 55 51
131 12 742 500 -6 24 0 55 55
132 12 500 742 6 -24 1 51 51
133 12 742 903 6 -24 1 55 51
134 12 1100 742 -6 24 1 55 51
135 12 742 1100 -6 24 1 55 51
136 12 903 742 6 -24 1 55 55
137 12 609 742 -6 24 0 55 55
138 12 609 742 6 -24 1 55 55
139 12 742 1100 -6 24 0 55 51
140 12 742 500 6 -24 1 55 51
141 12 609 742 -6 24 0 55 51
142 12 742 1100 -6 24 1 55 55
143 12 742 1100 6 -24 1 51 55
144 12 742 500 6 -24 1 51 51
145 12 500 742 6 -24 1 51 51
146 12 742 903 -6 24 1 51 51
147 12 742 500 -6 24 0 51 55
148 12 742 1100 6 -24 1 51 51
149 12 609 742 -6 24 0 55 55
150 12 1100 742 -6 24 1 51 55
151 12 1100 742 6 -24 1 55 55
152 12 742 500 -6 24 0 51 51
153 12 742 903 6 -24 1 51 55
154 12 742 609 -6 24 0 55 51
155 12 742 1100 -6 24 1 55 51
156 12 903 742 -6 24 1 55 55
157 12 742 609 -6 24 0 51 55
158 12 742 500 -6 24 0 55 55
159 12 609 742 -6 24 0 51 51
160 12 1100 742 6 -24 1 51 51
161 12 903 742 6 -24 1 51 55
162 12 742 1100 -6 24 0 55 55
163 12 742 609 6 -24 1 51 55
164 12 742 609 6 -24 1 55 55
165 12 742 500 -6 24 0 51 51
166 12 742 609 -6 24 0 55 55
167 12 742 500 -6 24 0 55 55
168 12 742 903 6 -24 0 55 51
169 12 742 903 -6 24 1 55 55
170 12 500 742 -6 24 1 51 55
171 12 903 742 6 -24 1 55 55
172 12 742 609 -6 24 1 55 55
173 12 609 742 -6 24 0 51 55
174 12 609 742 6 -24 1 55 51
175 12 742 1100 6 -24 1 55 51
176 12 903 742 -6 24 1 51 55
177 12 903 742 6 -24 1 51 51
178 12 742 1100 -6 24 0 51 51
179 12 1100 742 -6 24 1 51 55
180 12 500 742 6 -24 1 51 55
181 12 742 609 6 -24 1 51 51
182 12 1100 742 -6 24 0 55 51
183 12 903 742 -6 24 0 55 51
184 12 1100 742 -6 24 0 55 51
185 12 742 609 -6 24 1 51 55
186 12 903 742 -6 24 1 51 51
187 12 1100 742 -6 24 0 55 51
188 12 742 609 6 -24 1 51 51
189 12 742 903 -6 24 1 51 55
190 12 500 742 -6 24 1 55 51
191 12 742 903 -6 24 1 51 51
192 12 742 1100 -6 24 1 55 51
193 12 742 1100 6 -24 1 51 55
194 12 742 1100 -6 24 1 51 51
195 12 903 742 -6 24 1 55 51
196 12 609 742 -6 24 0 55 51
197 12 742 500 -6 24 0 55 55
198 12 903 742 6 -24 1 55 55
199 12 742 903 -6 24 0 55 55
200 12 1100 742 6 -24 0 55 51
201 12 742 1100 6 -24 1 51 55
202 12 742 609 -6 24 0 55 55
203 12 500 742 -6 24 0 55 55
204 12 903 742 6 -24 1 55 55
205 12 742 903 -6 24 0 55 51
206 12 742 1100 -6 24 1 51 55
207 12 500 742 -6 24 0 55 51
208 12 1100 742 -6 24 1 55 55
209 12 742 1100 -6 24 0 55 51
210 12 1100 742 6 -24 1 51 51
211 12 500 742 6 -24 1 51 55
212 12 742 903 6 -24 1 55 51
213 12 742 1100 -6 24 0 51 55
214 12 609 742 -6 24 0 51 51
215 12 609 742 6 -24 1 55 55
216 12 742 1100 -6 24 0 51 55
217 12 609 742 6 -24 0 51 51
218 12 609 742 6 -24 0 51 55
219 12 742 1100 -6 24 1 55 51
220 12 903 742 -6 24 0 51 51
221 12 742 500 6 -24 1 55 51
222 12 903 742 -6 24 1 55 51
223 12 742 1100 -6 24 1 51 55
224 12 609 742 6 -24 1 55 55
225 12 903 742 -6 24 1 55 55
226 12 742 609 -6 24 0 55 55
227 12 903 742 -6 24 0 51 55
228 12 609 742 -6 24 0 55 55
229 12 903 742 -6 24 0 51 55
230 12 609 742 -6 24 0 55 55
231 12 742 500 -6 24 0 55 51
232 12 1100 742 6 -24 1 51 55
233 12 742 1100 6 -24 1 51 51
234 12 742 609 -6 24 0 51 55
235 12 1100 742 -6 24 0 51 55
236 12 903 742 -6 24 1 51 51
237 12 742 500 -6 24 0 51 55
238 12 742 609 6 -24 1 55 55
239 12 742 1100 6 -24 1 51 51
240 12 903 742 -6 24 1 51 55
241 12 742 1100 -6 24 1 55 55
242 12 903 742 6 -24 1 55 55
243 12 609 742 -6 24 0 51 55
244 12 742 1100 6 -24 0 55 51
245 12 1100 742 6 -24 1 55 51
246 12 742 903 6 -24 1 51 51
247 12 742 903 6 -24 1 55 51
248 12 742 1100 -6 24 0 55 55
249 12 742 903 -6 24 0 51 51
250 12 1100 742 6 -24 1 55 55
251 12 742 609 -6 24 0 51 51
252 12 742 903 -6 24 0 51 55
253 12 500 742 6 -24 1 51 55
254 12 742 1100 -6 24 1 55 51
255 12 1100 742 -6 24 0 55 51
256 12 609 742 -6 24 0 51 51
257 12 742 609 -6 24 0 51 55
258 12 609 742 -6 24 0 55 55
259 12 742 903 -6 24 1 55 51
260 12 903 742 6 -24 0 55 55
261 12 742 609 -6 24 1 55 55
262 12 903 742 6 -24 1 51 51
263 12 903 742 6 -24 1 51 51
264 12 903 742 -6 24 0 51 51
265 12 742 903 -6 24 0 55 51
266 12 742 1100 6 -24 1 51 55
267 12 500 742 6 -24 1 51 55
268 12 742 500 -6 24 0 51 51
269 12 500 742 6 -24 1 51 51
270 12 903 742 6 -24 1 55 55
271 12 742 500 -6 24 0 55 51
272 12 609 742 6 -24 1 55 51
273 12 742 1100 6 -24 1 55 55
274 12 742 500 -6 24 0 51 55
275 12 500 742 6 -24 1 51 51
276 12 903 742 -6 24 0 55 51
277 12 742 609 6 -24 1 55 51
278 12 903 742 6 -24 1 55 51
279 12 1100 742 -6 24 0 55 55
280 12 742 500 6 -24 1 51 51
281 12 742 903 -6 24 0 55 55
282 12 609 742 -6 24 1 55 51
283 12 742 609 -6 24 1 55 55
284 12 903 742 -6 24 0 51 51
285 12 742 1100 -6 24 0 51 55
286 12 742 1100 6 -24 1 55 51
287 12 609 742 6 -24 1 51 51
288 12 609 742 -6 24 0 55 51
289 12 742 609 -6 24 1 51 51
290 12 903 742 -6 24 0 55 55
291 12 742 1100 -6 24 1 51 55
292 12 742 500 -6 24 0 51 55
293 12 742 609 -6 24 0 55 55
294 12 500 742 -6 24 0 55 55
295 12 903 742 -6 24 0 51 51
296 12 742 1100 -6 24 0 51 55
297 12 742 1100 -6 24 1 51 55
298 12 742 500 -6 24 0 55 51
299 12 500 742 -6 24 1 51 55
300 12 903 742 -6 24 0 55 51
301 12 742 500 6 -24 0 55 55
302 12 1100 742 6 -24 1 51 55
303 12 903 742 -6 24 1 55 51
304 12 742 609 6 -24 0 55 55
305 12 1100 742 -6 24 1 51 51
306 12 903 742 -6 24 0 51 51
307 12 742 609 -6 24 0 51 55
308 12 742 609 -6 24 0 55 55
309 12 742 500 -6 24 1 51 51
310 12 500 742 -6 24 1 55 55
311 12 742 500 -6 24 0 55 55
312 12 1100 742 -6 24 0 55 55
313 12 742 1100 -6 24 1 55 55
314 12 1100 742 6 -24 1 55 55
315 12 742 1100 -6 24 1 51 55
316 12 742 609 -6 24 1 55 51
317 12 1100 742 -6 24 1 51 51
318 12 500 742 6 -24 1 55 51
319 12 903 742 -6 24 0 51 55
320 12 500 742 -6 24 0 51 55
321 12 742 903 6 -24 1 55 55
322 12 742 500 -6 24 0 51 55
323 12 609 742 -6 24 1 51 55
324 12 903 742 -6 24 1 51 51
325 12 1100 742 -6 24 0 55 51
326 12 742 1100 -6 24 0 55 51
327 12 500 742 -6 24 1 51 55
328 12 903 742 6 -24 1 55 51
329 12 742 500 -6 24 0 51 55
330 12 1100 742 -6 24 0 51 51
331 12 1100 742 6 -24 1 55 51
332 12 742 1100 -6 24 0 51 51
333 12 500 742 -6 24 0 55 55
334 12 500 742 -6 24 0 51 55
335 12 1100 742 -6 24 1 51 51
336 12 903 742 -6 24 0 55 55
337 12 903 742 6 -24 1 55 55
338 12 742 609 -6 24 0 55 51
339 12 742 500 6 -24 1 51 55
340 12 609 742 -6 24 1 55 51
341 12 609 742 -6 24 0 51 55
342 12 742 500 -6 24 0 51 51
343 12 742 500 -6 24 0 51 51
344 12 742 1100 6 -24 1 55 55
345 12 742 903 -6 24 0 51 51
346 12 742 500 -6 24 1 55 55
347 12 903 742 6 -24 1 51 51
348 12 742 903 6 -24 1 55 55
349 12 500 742 -6 24 0 51 51
350 12 903 742 -6 24 0 51 55
351 12 742 903 6 -24 0 55 55
352 12 742 903 -6 24 0 55 51
353 12 609 742 -6 24 0 55 55
354 12 609 742 -6 24 0 51 55
355 12 742 1100 6 -24 1 51 55
356 12 742 1100 -6 24 0 51 55
357 12 742 1100 -6 24 0 55 55
358 12 1100 742 -6 24 1 51 51
359 12 742 500 -6 24 0 51 51
360 12 903 742 -6 24 0 55 55
361 12 903 742 -6 24 1 55 55
362 12 500 742 6 -24 1 51 51
363 12 609 742 6 -24 1 51 51
364 12 609 742 -6 24 0 55 55
365 12 903 742 6 -24 1 51 51
366 12 742 1100 -6 24 1 55 51
367 12 500 742 6 -24 1 51 51
368 12 742 903 -6 24 0 55 51
369 12 609 742 -6 24 0 55 51
370 12 609 742 6 -24 1 51 55
371 12 742 903 6 -24 1 51 55
372 12 742 1100 6 -24 1 55 51
373 12 742 500 -6 24 0 51 51
374 12 742 903 -6 24 0 51 51
375 12 609 742 6 -24 1 51 55
376 12 742 903 -6 24 0 55 55
377 12 742 903 -6 24 1 51 51
378 12 742 903 -6 24 1 51 55
379 12 742 609 -6 24 0 51 55
380 12 742 903 -6 24 0 55 55
381 12 742 609 6 -24 1 51 51
382 12 742 903 -6 24 0 55 55
383 12 500 742 -6 24 0 55 51
384 12 742 1100 -6 24 1 55 51
385 12 903 742 6 -24 1 51 55
386 12 500 742 6 -24 0 51 55
387 12 500 742 -6 24 1 51 55
388 12 742 609 -6 24 1 51 51
389 12 1100 742 -6 24 1 51 55
390 12 903 742 -6 24 0 55 51
391 12 742 500 6 -24 1 51 55
392 12 742 609 -6 24 1 55 51
393 12 1100 742 -6 24 0 55 55
394 12 742 903 -6 24 1 51 51
395 12 1100 742 6 -24 1 51 55
396 12 609 742 6 -24 1 51 55
397 12 609 742 -6 24 0 51 51
398 12 609 742 -6 24 0 55 51
399 12 742 1100 -6 24 1 55 51
400 12 903 742 -6 24 1 55 51
401 12 500 742 -6 24 1 55 51
402 12 609 742 -6 24 1 55 51
403 12 500 742 -6 24 0 51 51
404 12 742 903 -6 24 0 55 51
405 12 742 1100 -6 24 0 51 55
406 12 500 742 -6 24 0 55 51
407 12 742 903 6 -24 1 55 51
408 12 500 742 -6 24 0 55 55
409 12 609 742 6 -24 1 55 51
410 12 742 500 -6 24 1 51 51
411 12 1100 742 -6 24 1 51 51
412 12 1100 742 -6 24 1 55 55
413 12 500 742 6 -24 1 51 51
414 12 500 742 6 -24 0 51 51
415 12 742 609 6 -24 0 51 51
416 12 742 1100 -6 24 0 55 55
417 12 903 742 -6 24 0 51 51
418 12 742 609 6 -24 1 55 55
419 12 742 1100 6 -24 1 55 51
420 12 500 742 6 -24 1 51 55
421 12 903 742 6 -24 1 55 51
422 12 609 742 6 -24 0 55 51
423 12 1100 742 -6 24 0 55 51
424 12 500 742 6 -24 1 51 55
425 12 742 609 6 -24 1 51 55
426 12 1100 742 6 -24 0 51 55
427 12 742 903 -6 24 1 55 55
428 12 903 742 -6 24 0 55 55
429 12 742 1100 6 -24 1 51 55
430 12 500 742 -6 24 1 51 51
431 12 742 500 -6 24 1 51 51
432 12 742 903 6 -24 0 55 55
433 12 742 500 6 -24 1 51 55
434 12 609 742 6 -24 0 55 51
435 12 742 903 -6 24 1 51 51
436 12 500 742 6 -24 1 55 55
437 12 742 903 -6 24 0 51 51
438 12 742 500 -6 24 1 51 51
439 12 903 742 -6 24 1 55 55
440 12 1100 742 -6 24 1 51 55
441 12 742 500 6 -24 1 55 51
442 12 742 500 6 -24 0 55 51
443 12 1100 742 6 -24 1 55 51
444 12 609 742 -6 24 0 55 51
445 12 609 742 6 -24 1 55 55
446 12 742 609 -6 24 1 55 51
447 12 903 742 -6 24 0 51 55
448 12 903 742 6 -24 1 51 51
449 12 742 500 6 -24 1 55 51
450 12 609 742 -6 24 0 51 55
451 12 742 903 6 -24 1 51 55
452 12 742 609 6 -24 0 55 51
453 12 742 609 -6 24 0 55 51
454 12 742 903 -6 24 1 51 51
455 12 742 609 6 -24 1 51 51
456 12 742 500 -6 24 0 51 55
457 12 1100 742 6 -24 1 51 51
458 12 742 500 -6 24 0 51 51
459 12 903 742 -6 24 1 55 55
460 12 609 742 -6 24 1 51 51
461 12 742 609 -6 24 1 51 55
462 12 742 903 6 -24 1 51 55
463 12 742 903 -6 24 0 51 55
464 12 609 742 -6 24 0 51 51
465 12 742 609 -6 24 1 55 55
466 12 609 742 6 -24 1 51 55
467 12 903 742 -6 24 1 51 51
468 12 742 903 6 -24 0 51 55
469 12 742 903 6 -24 1 51 51
470 12 903 742 -6 24 0 51 51
471 12 1100 742 -6 24 0 51 55
472 12 609 742 6 -24 1 55 51
473 12 742 609 -6 24 0 55 55
474 12 500 742 -6 24 0 51 55
475 12 903 742 -6 24 0 55 55
476 12 742 903 -6 24 0 51 51
477 12 742 903 -6 24 0 51 55
478 12 742 609 -6 24 0 55 51
479 12 1100 742 -6 24 1 55 51
480 12 1100 742 -6 24 1 51 55
481 12 742 903 6 -24 1 51 51
482 12 742 1100 -6 24 1 51 51
483 12 903 742 6 -24 1 55 51
484 12 742 500 6 -24 0 51 55
485 12 1100 742 -6 24 1 55 51
486 12 742 1100 6 -24 1 51 55
487 12 500 742 -6 24 0 55 55
488 12 742 903 6 -24 1 51 51
489 12 742 609 -6 24 0 55 51
490 12 742 609 6 -24 1 55 51
491 12 742 609 -6 24 1 55 51
492 12 500 742 -6 24 1 51 51
493 12 742 609 -6 24 0 51 51
494 12 1100 742 -6 24 0 55 51
495 12 742 1100 -6 24 1 55 51
496 12 500 742 -6 24 1 51 51
497 12 609 742 -6 24 1 51 51
498 12 903 742 -6 24 0 51 51
499 12 1100 742 -6 24 0 51 55
500 12 609 742 6 -24 0 55 55
501 12 1100 742 -6 24 1 55 55
502 12 903 742 -6 24 0 51 51
503 12 903 742 6 -24 1 51 51
504 12 1100 742 -6 24 0 55 55
505 12 903 742 6 -24 0 55 55
506 12 742 500 -6 24 0 55 51
507 12 742 609 -6 24 0 55 55
508 12 1100 742 6 -24 1 51 55
509 12 1100 742 -6 24 0 51 51
510 12 742 500 -6 24 1 55 51
511 12 903 742 -6 24 1 51 51
512 12 903 742 -6 24 0 51 51
513 12 1100 742 6 -24 0 51 55
514 12 609 742 -6 24 1 51 51
515 12 742 903 6 -24 1 55 51
516 12 1100 742 6 -24 1 51 51
517 12 742 609 6 -24 1 55 55
518 12 742 1100 -6 24 0 55 55
519 12 1100 742 -6 24 0 55 51
520 12 742 1100 6 -24 0 51 55
521 12 742 903 -6 24 0 51 51
522 12 609 742 -6 24 1 51 51
523 12 500 742 -6 24 0 55 55
524 12 903 742 -6 24 0 51 51
525 12 500 742 6 -24 0 55 51
526 12 742 1100 -6 24 0 55 51
527 12 742 609 -6 24 1 55 51
528 12 742 500 -6 24 1 51 51
529 12 742 903 -6 24 0 55 55
530 12 742 500 -6 24 0 55 51
531 12 500 742 -6 24 1 55 51
532 12 609 742 -6 24 1 51 55
533 12 742 903 6 -24 1 51 51
534 12 742 609 -6 24 0 55 55
535 12 609 742 6 -24 1 55 55
536 12 903 742 6 -24 1 51 51
537 12 742 903 -6 24 1 55 55
538 12 609 742 -6 24 0 51 55
539 12 903 742 -6 24 1 51 51
540 12 1100 742 -6 24 0 51 51
541 12 1100 742 6 -24 1 51 55
542 12 742 609 -6 24 0 55 51
543 12 609 742 -6 24 0 55 55
544 12 1100 742 6 -24 1 51 55
545 12 500 742 -6 24 1 51 51
546 12 742 1100 -6 24 1 55 55
547 12 742 903 6 -24 0 55 51
548 12 742 903 -6 24 0 55 55
549 12 742 609 6 -24 1 55 55
550 12 500 742 -6 24 1 51 55
551 12 742 903 -6 24 1 55 51
552 12 500 742 -6 24 1 51 55
553 12 742 500 -6 24 1 55 55
554 12 500 742 6 -24 1 51 51
555 12 1100 742 6 -24 1 51 51
556 12 1100 742 6 -24 1 51 51
557 12 742 1100 -6 24 1 51 51
558 12 1100 742 -6 24 0 55 51
559 12 742 500 6 -24 0 51 55
560 12 742 1100 -6 24 0 51 51
561 12 742 609 -6 24 0 55 55
562 12 903 742 -6 24 0 51 55
563 12 742 609 6 -24 0 55 55
564 12 609 742 6 -24 1 51 55
565 12 1100 742 6 -24 1 55 51
566 12 500 742 -6 24 1 55 55
567 12 1100 742 -6 24 0 55 55
568 12 609 742 -6 24 1 51 55
569 12 742 903 6 -24 1 55 55
570 12 742 1100 -6 24 1 55 51
571 12 742 500 6 -24 0 55 51
572 12 1100 742 -6 24 0 51 55
573 12 609 742 -6 24 0 51 55
574 12 742 609 -6 24 1 51 55
575 12 742 609 6 -24 1 51 55
576 12 742 903 6 -24 1 55 55
577 12 500 742 -6 24 0 51 51
578 12 1100 742 6 -24 1 51 55
579 12 742 1100 6 -24 1 51 51
580 12 742 903 -6 24 0 55 55
581 12 903 742 6 -24 1 51 55
582 12 742 500 6 -24 0 55 55
583 12 742 609 -6 24 1 51 51
584 12 742 1100 -6 24 1 55 51
585 12 742 500 -6 24 0 51 55
586 12 500 742 6 -24 1 51 55
587 12 609 742 6 -24 0 55 55
588 12 903 742 -6 24 1 55 55
589 12 742 903 6 -24 1 55 55
590 12 609 742 -6 24 0 55 55
591 12 903 742 6 -24 0 55 51
592 12 609 742 -6 24 0 55 51
593 12 742 1100 -6 24 0 55 55
594 12 500 742 -6 24 0 51 55
595 12 903 742 6 -24 1 55 55
596 12 742 1100 -6 24 1 55 55
597 12 1100 742 -6 24 1 55 51
598 12 742 609 -6 24 1 55 55
599 12 742 609 -6 24 1 55 55
600 12 1100 742 -6 24 1 55 55
601 12 742 903 -6 24 0 55 51
602 12 903 742 6 -24 1 55 51
603 12 903 742 6 -24 0 55 51
604 12 742 500 6 -24 1 51 51
605 12 742 903 6 -24 0 51 51
606 12 742 1100 -6 24 0 55 55
607 12 742 500 6 -24 0 51 55
608 12 903 742 6 -24 0 51 51
609 12 742 1100 -6 24 0 55 55
610 12 742 903 -6 24 0 55 55
611 12 742 1100 -6 24 1 55 55
612 12 1100 742 -6 24 0 51 51
613 12 742 609 6 -24 1 51 55
614 12 903 742 6 -24 1 51 55
615 12 742 609 6 -24 1 55 55
616 12 903 742 -6 24 1 55 55
617 12 742 609 -6 24 1 55 51
618 12 903 742 -6 24 1 51 55
619 12 609 742 6 -24 0 55 55
620 12 742 1100 -6 24 1 55 51
621 12 742 500 -6 24 0 51 55
622 12 609 742 -6 24 0 55 51
623 12 500 742 -6 24 0 51 55
624 12 742 609 -6 24 0 51 51
625 12 903 742 -6 24 0 51 55
626 12 1100 742 6 -24 0 55 55
627 12 742 1100 -6 24 0 55 51
628 12 742 903 6 -24 1 55 55
629 12 903 742 6 -24 0 55 51
630 12 742 1100 6 -24 1 55 55
631 12 742 1100 -6 24 0 51 51
632 12 742 903 -6 24 0 51 51
633 12 1100 742 -6 24 0 51 55
634 12 742 1100 -6 24 0 51 55
635 12 742 1100 6 -24 1 55 55
636 12 742 500 -6 24 0 51 51
637 12 742 609 -6 24 0 55 55
638 12 742 903 6 -24 0 51 55
639 12 742 1100 -6 24 0 55 55
640 12 609 742 -6 24 0 55 51
641 12 903 742 -6 24 0 51 55
642 12 1100 742 -6 24 1 55 55
643 12 742 609 6 -24 1 51 51
644 12 742 1100 6 -24 1 55 55
645 12 903 742 6 -24 0 55 55
646 12 609 742 -6 24 0 51 51
647 12 500 742 6 -24 1 55 51
648 12 742 1100 -6 24 1 51 51
649 12 1100 742 6 -24 0 55 55
650 12 742 609 -6 24 0 51 51
651 12 742 500 -6 24 0 51 55
652 12 742 500 6 -24 1 55 51
653 12 742 500 6 -24 0 55 51
654 12 742 903 6 -24 0 55 55
655 12 742 1100 -6 24 0 55 55
656 12 609 742 -6 24 0 55 51
657 12 500 742 -6 24 0 51 51
658 8 500 0 -24 -12851 1 55 0
659 8 500 0 -24 -12851 1 55 0
660 8 609 0 6 -12851 1 55 0
661 8 742 0 6 -12851 1 55 0
662 8 1100 0 24 -12851 1 55 0
663 8 609 0 24 -12851 0 55 0
664 8 742 0 6 -12851 1 55 0
665 8 609 0 24 -12851 1 55 0
666 8 742 0 6 -12851 1 55 0
667 8 742 0 -24 -12851 0 55 0
668 8 742 0 -6 -12851 1 55 0
669 8 742 0 -24 -12851 1 55 0
670 8 500 0 -24 -12851 1 55 0
671 8 500 0 -6 -12851 1 55 0
672 8 609 0 -6 -12851 1 55 0
673 8 1100 0 -24 -12851 0 55 0
674 8 903 0 -24 -12851 1 55 0
675 8 609 0 6 -12851 1 55 0
676 8 500 0 -6 -12851 1 55 0
677 8 1100 0 6 -12851 1 55 0
678 8 742 0 -24 -12851 1 55 0
679 8 609 0 -6 -12851 1 55 0
680 8 1100 0 -6 -12851 1 55 0
681 8 903 0 -24 -12851 1 55 0
682 8 903 0 6 -12851 1 55 0
683 8 742 0 24 -12851 1 55 0
684 8 742 0 24 -12851 1 55 0
685 8 609 0 24 -12851 1 55 0
686 8 1100 0 6 -12851 1 55 0
687 8 609 0 6 -12851 1 55 0
688 8 1100 0 -6 -12851 1 55 0
689 8 903 0 24 -12851 1 55 0
690 8 903 0 -6 -12851 0 55 0
691 8 500 0 6 -12851 1 55 0
692 8 1100 0 24 -12851 0 55 0
693 8 500 0 24 -12851 1 55 0
694 8 500 0 6 -12851 1 55 0
695 8 742 0 -24 -12851 1 55 0
696 8 903 0 -6 -12851 1 55 0
697 8 742 0 -24 -12851 1 55 0
698 8 609 0 -24 -12851 1 55 0
699 8 1100 0 -24 -12851 1 55 0
700 8 1100 0 -24 -12851 0 55 0
701 8 1100 0 -6 -12851 0 55 0
702 8 500 0 24 -12851 0 55 0
703 8 500 0 24 -12851 1 55 0
704 8 609 0 -6 -12851 1 55 0
705 8 903 0 6 -12851 1 55 0
706 8 609 0 -6 -12851 1 55 0
707 8 1100 0 24 -12851 1 55 0
708 8 500 0 6 -12851 1 55 0
709 8 609 0 6 -12851 1 55 0
710 8 903 0 -24 -12851 1 55 0
711 8 742 0 -24 -12851 1 55 0
712 8 903 0 24 -12851 1 55 0
713 8 742 0 24 -12851 0 55 0
714 8 742 0 -24 -12851 1 55 0
715 8 1100 0 -6 -12851 1 55 0
716 8 1100 0 -24 -12851 1 55 0
717 8 500 0 -6 -12851 0 55 0
718 8 1100 0 24 -12851 1 55 0
719 8 500 0 -24 -12851 1 55 0
720 8 903 0 24 -12851 0 55 0
721 8 609 0 -6 -12851 1 55 0
722 8 609 0 6 -12851 1 55 0
723 8 609 0 6 -12851 1 55 0
724 8 1100 0 6 -12851 1 55 0
725 8 500 0 24 -12851 0 55 0
726 8 903 0 24 -12851 1 55 0
727 8 742 0 24 -12851 1 55 0
728 8 903 0 6 -12851 0 55 0
729 8 742 0 -6 -12851 1 55 0
730 8 742 0 6 -12851 1 55 0
731 8 1100 0 -6 -12851 1 55 0
732 8 1100 0 -6 -12851 1 55 0
733 8 609 0 24 -12851 0 55 0
734 8 1100 0 -24 -12851 1 55 0
735 8 742 0 -24 -12851 0 55 0
736 8 609 0 -24 -12851 1 55 0
737 8 609 0 6 -12851 1 55 0
738 8 903 0 -6 -12851 1 55 0
739 8 903 0 -6 -12851 1 55 0
740 8 1100 0 6 -12851 1 55 0
741 8 500 0 24 -12851 0 55 0
742 8 500 0 -24 -12851 1 55 0
743 8 903 0 6 -12851 1 55 0
744 8 500 0 -24 -12851 1 55 0
745 8 742 0 6 -12851 0 55 0
746 8 742 0 24 -12851 1 55 0
747 8 903 0 -24 -12851 1 55 0
748 8 903 0 24 -12851 1 55 0
749 8 742 0 -6 -12851 1 55 0
750 8 903 0 -6 -12851 1 55 0
751 8 742 0 -6 -12851 1 55 0
752 8 742 0 -6 -12851 0 55 0
753 8 1100 0 -24 -12851 1 55 0
754 8 903 0 6 -12851 0 55 0
755 8 500 0 -6 -12851 1 55 0
756 8 609 0 24 -12851 0 55 0
757 8 500 0 6 -12851 1 55 0
758 8 500 0 6 -12851 1 55 0
759 8 1100 0 24 -12851 0 55 0
760 8 609 0 -6 -12851 1 55 0
761 8 609 0 -24 -12851 1 55 0
762 8 1100 0 -24 -12851 0 55 0
763 8 742 0 24 -12851 0 55 0
764 8 742 0 -24 -12851 1 55 0
765 8 609 0 -24 -12851 1 55 0
766 8 903 0 6 -12851 1 55 0
767 8 1100 0 -24 -12851 1 55 0
768 8 742 0 6 -12851 1 55 0
769 8 1100 0 -24 -12851 0 55 0
770 8 609 0 6 -12851 0 55 0
771 8 500 0 24 -12851 0 55 0
772 8 742 0 24 -12851 1 55 0
773 8 500 0 -6 -12851 1 55 0
774 8 1100 0 24 -12851 0 55 0
775 8 903 0 -6 -12851 1 55 0
776 8 609 0 -6 -12851 1 55 0
777 8 903 0 6 -12851 1 55 0
778 8 500 0 6 -12851 0 55 0
779 8 903 0 -6 -12851 0 55 0
780 8 903 0 24 -12851 0 55 0
781 8 903 0 6 -12851 1 55 0
782 8 500 0 -6 -12851 1 55 0
783 8 903 0 6 -12851 1 55 0
784 8 500 0 -6 -12851 1 55 0
785 8 1100 0 -24 -12851 0 55 0
786 8 1100 0 -24 -12851 1 55 0
787 8 742 0 24 -12851 0 55 0
788 8 609 0 -24 -12851 1 55 0
789 8 1100 0 24 -12851 0 55 0
790 8 609 0 -24 -12851 1 55 0
791 8 609 0 -24 -12851 0 55 0
792 8 742 0 -6 -12851 1 55 0
793 8 742 0 6 -12851 1 55 0
794 8 500 0 6 -12851 1 55 0
795 8 609 0 6 -12851 1 55 0
796 8 609 0 -24 -12851 1 55 0
797 8 903 0 24 -12851 0 55 0
798 8 1100 0 24 -12851 1 55 0
799 8 742 0 -6 -12851 0 55 0
800 8 609 0 -24 -12851 0 55 0
801 8 500 0 -6 -12851 1 55 0
802 8 903 0 24 -12851 1 55 0
803 8 903 0 6 -12851 1 55 0
804 8 742 0 6 -12851 1 55 0
805 8 1100 0 -6 -12851 1 55 0
806 8 609 0 24 -12851 1 55 0
807 8 500 0 -6 -12851 0 55 0
808 8 500 0 6 -12851 0 55 0
809 8 742 0 24 -12851 1 55 0
810 8 1100 0 24 -12851 1 55 0
811 8 609 0 6 -12851 1 55 0
812 8 609 0 -24 -12851 1 55 0
813 8 903 0 -6 -12851 0 55 0
814 8 1100 0 -24 -12851 0 55 0
815 8 500 0 -24 -12851 1 55 0
816 8 609 0 24 -12851 0 55 0
817 8 609 0 24 -12851 0 55 0
818 8 903 0 24 -12851 0 55 0
819 8 903 0 6 -12851 1 55 0
820 8 500 0 -6 -12851 1 55 0
821 8 1100 0 6 -12851 0 55 0
822 8 742 0 -6 -12851 1 55 0
823 8 1100 0 -6 -12851 1 55 0
824 8 742 0 24 -12851 1 55 0
825 8 742 0 -24 -12851 1 55 0
826 8 500 0 -24 -12851 1 55 0
827 8 742 0 -24 -12851 1 55 0
828 8 742 0 6 -12851 1 55 0
829 8 742 0 6 -12851 1 55 0
830 8 742 0 6 -12851 1 55 0
831 8 903 0 -6 -12851 0 55 0
832 8 1100 0 24 -12851 0 55 0
833 8 609 0 -6 -12851 0 55 0
834 8 903 0 6 -12851 0 55 0
835 8 903 0 24 -12851 0 55 0
836 8 500 0 24 -12851 0 55 0
837 8 1100 0 6 -12851 1 55 0
838 8 500 0 -24 -12851 1 55 0
839 8 609 0 -6 -12851 1 55 0
840 8 500 0 -24 -12851 0 55 0
841 8 609 0 -24 -12851 1 55 0
842 8 1100 0 -6 -12851 1 55 0
843 8 500 0 -6 -12851 1 55 0
844 8 500 0 6 -12851 1 55 0
845 8 742 0 -24 -12851 1 55 0
846 8 903 0 -24 -12851 1 55 0
847 8 903 0 -24 -12851 1 55 0
848 8 500 0 24 -12851 0 55 0
849 8 742 0 -6 -12851 1 55 0
850 8 903 0 6 -12851 1 55 0
851 8 742 0 -6 -12851 1 55 0
852 8 500 0 6 -12851 1 55 0
853 8 1100 0 24 -12851 1 55 0
854 8 609 0 24 -12851 0 55 0
855 8 1100 0 -6 -12851 1 55 0
856 8 1100 0 -6 -12851 1 55 0
857 8 609 0 6 -12851 1 55 0
858 8 609 0 -24 -12851 1 55 0
859 8 742 0 -24 -12851 1 55 0
860 8 742 0 6 -12851 1 55 0
861 8 500 0 -6 -12851 1 55 0
862 8 1100 0 24 -12851 1 55 0
863 8 742 0 -24 -12851 1 55 0
864 8 1100 0 -6 -12851 1 55 0
865 8 742 0 6 -12851 1 55 0
866 8 500 0 24 -12851 1 55 0
867 8 1100 0 24 -12851 0 55 0
868 8 500 0 -6 -12851 0 55 0
869 8 903 0 -6 -12851 0 55 0
870 8 903 0 -6 -12851 0 55 0
871 8 903 0 -24 -12851 1 55 0
872 8 609 0 24 -12851 0 55 0
873 8 609 0 -6 -12851 1 55 0
874 8 609 0 -24 -12851 1 55 0
875 8 1100 0 24 -12851 0 55 0
876 8 1100 0 24 -12851 0 55 0
877 8 1100 0 6 -12851 0 55 0
878 8 500 0 -24 -12851 0 55 0
879 8 742 0 6 -12851 0 55 0
880 8 500 0 6 -12851 0 55 0
881 8 903 0 24 -12851 1 55 0
882 8 500 0 24 -12851 1 55 0
883 8 1100 0 6 -12851 1 55 0
884 8 903 0 24 -12851 1 55 0
885 8 609 0 24 -12851 1 55 0
886 8 903 0 6 -12851 1 55 0
887 8 742 0 6 -12851 1 55 0
888 8 609 0 -6 -12851 0 55 0
889 8 742 0 -6 -12851 1 55 0
890 8 609 0 -6 -12851 1 55 0
891 8 903 0 -24 -12851 1 55 0
892 8 903 0 -24 -12851 1 55 0
893 8 609 0 -24 -12851 0 55 0
894 8 609 0 6 -12851 1 55 0
895 8 1100 0 6 -12851 1 55 0
896 8 742 0 24 -12851 1 55 0
897 8 903 0 -6 -12851 1 55 0
898 8 742 0 24 -12851 0 55 0
899 8 1100 0 24 -12851 0 55 0
900 8 742 0 -6 -12851 1 55 0
901 8 609 0 6 -12851 1 55 0
902 8 500 0 -24 -12851 1 55 0
903 8 1100 0 -24 -12851 1 55 0
904 8 500 0 -6 -12851 1 55 0
905 8 500 0 6 -12851 1 55 0
906 8 903 0 -24 -12851 1 55 0
907 8 1100 0 -24 -12851 1 55 0
908 8 1100 0 -24 -12851 1 55 0
909 8 1100 0 -6 -12851 1 55 0
910 8 609 0 6 -12851 1 55 0
911 8 609 0 6 -12851 1 55 0
912 8 1100 0 6 -12851 1 55 0
913 8 500 0 -24 -12851 1 55 0
914 8 903 0 24 -12851 1 55 0
915 8 609 0 24 -12851 0 55 0
916 8 742 0 -6 -12851 1 55 0
917 8 742 0 -24 -12851 1 55 0
918 8 500 0 -6 -12851 1 55 0
919 8 742 0 24 -12851 0 55 0
920 8 903 0 -6 -12851 0 55 0
921 8 903 0 -6 -12851 0 55 0
922 8 500 0 -6 -12851 1 55 0
923 8 903 0 6 -12851 1 55 0
924 8 903 0 6 -12851 1 55 0
925 8 742 0 6 -12851 1 55 0
926 8 903 0 24 -12851 1 55 0
927 8 742 0 -24 -12851 0 55 0
928 8 742 0 -24 -12851 1 55 0
929 8 1100 0 -6 -12851 1 55 0
930 8 903 0 24 -12851 0 55 0
931 8 500 0 24 -12851 0 55 0
932 8 609 0 -24 -12851 1 55 0
933 8 500 0 6 -12851 1 55 0
934 8 500 0 6 -12851 1 55 0
935 8 1100 0 6 -12851 0 55 0
936 8 609 0 6 -12851 1 55 0
937 8 609 0 -24 -12851 1 55 0
938 8 1100 0 -6 -12851 1 55 0
939 8 609 0 24 -12851 1 55 0
940 8 609 0 -24 -12851 1 55 0
941 8 1100 0 -6 -12851 1 55 0
942 8 609 0 24 -12851 1 55 0
943 8 742 0 -24 -12851 1 55 0
944 8 903 0 24 -12851 1 55 0
945 8 500 0 -6 -12851 1 55 0
946 8 609 0 24 -12851 1 55 0
947 8 903 0 24 -12851 0 55 0
948 8 500 0 6 -12851 0 55 0
949 8 903 0 6 -12851 1 55 0
950 8 742 0 6 -12851 0 55 0
951 8 742 0 -6 -12851 1 55 0
952 8 1100 0 -6 -12851 1 55 0
953 8 500 0 24 -12851 1 55 0
954 8 1100 0 -24 -12851 1 55 0
955 8 742 0 -6 -12851 1 55 0
956 8 742 0 -24 -12851 1 55 0
957 8 1100 0 -24 -12851 1 55 0
958 8 742 0 24 -12851 0 55 0
959 8 500 0 -24 -12851 0 55 0
960 8 742 0 -24 -12851 0 55 0
961 8 903 0 -6 -12851 0 55 0
962 8 500 0 6 -12851 1 55 0
963 8 903 0 6 -12851 1 55 0
964 8 500 0 24 -12851 1 55 0
965 8 1100 0 -24 -12851 1 55 0
966 8 609 0 -6 -12851 1 55 0
967 8 903 0 -6 -12851 1 55 0
968 8 609 0 -24 -12851 1 55 0
969 8 1100 0 6 -12851 1 55 0
970 8 609 0 24 -12851 1 55 0
971 8 903 0 24 -12851 1 55 0
972 8 903 0 24 -12851 0 55 0
973 8 1100 0 24 -12851 0 55 0
974 8 500 0 -6 -12851 0 55 0
975 8 609 0 -6 -12851 0 55 0
976 8 609 0 24 -12851 0 55 0
977 8 500 0 -6 -12851 0 55 0
978 8 903 0 24 -12851 1 55 0
979 8 609 0 -24 -12851 0 55 0
980 8 742 0 6 -12851 1 55 0
981 8 500 0 -24 -12851 1 55 0
982 8 742 0 -24 -12851 1 55 0
983 8 903 0 6 -12851 1 55 0
984 8 1100 0 6 -12851 1 55 0
985 8 742 0 6 -12851 1 55 0
986 8 1100 0 6 -12851 1 55 0
987 8 609 0 6 -12851 1 55 0
988 8 609 0 -6 -12851 1 55 0
989 8 742 0 -24 -12851 1 55 0
990 8 1100 0 -24 -12851 0 55 0
991 8 742 0 6 -12851 1 55 0
992 8 742 0 -6 -12851 1 55 0
993 8 609 0 -24 -12851 1 55 0
994 8 609 0 24 -12851 0 55 0
995 8 500 0 24 -12851 0 55 0
996 8 903 0 24 -12851 1 55 0
997 8 500 0 -6 -12851 0 55 0
998 8 500 0 6 -12851 0 55 0
999 8 1100 0 6 -12851 1 55 0
1000 8 903 0 -6 -12851 0 55 0
1001 8 1100 0 24 -12851 0 55 0
1002 8 903 0 6 -12851 1 55 0
1003 8 742 0 -6 -12851 1 55 0
1004 8 742 0 6 -12851 1 55 0
1005 8 742 0 -6 -12851 1 55 0
1006 8 742 0 -24 -12851 1 55 0
1007 8 903 0 -24 -12851 1 55 0
1008 8 1100 0 24 -12851 1 55 0
1009 8 609 0 -24 -12851 1 55 0
1010 8 903 0 24 -12851 1 55 0
1011 8 903 0 -24 -12851 1 55 0
1012 8 500 0 -24 -12851 1 55 0
1013 8 1100 0 6 -12851 1 55 0
1014 8 500 0 -24 -12851 1 55 0
1015 8 609 0 24 -12851 0 55 0
1016 8 500 0 24 -12851 0 55 0
1017 8 609 0 24 -12851 1 55 0
1018 8 1100 0 -6 -12851 0 55 0
1019 8 1100 0 -6 -12851 0 55 0
1020 8 1100 0 -6 -12851 1 55 0
1021 8 903 0 6 -12851 1 55 0
1022 8 609 0 6 -12851 1 55 0
1023 8 609 0 -24 -12851 1 55 0
1024 8 609 0 -6 -12851 1 55 0
1025 8 742 0 -6 -12851 0 55 0
1026 8 742 0 -6 -12851 0 55 0
1027 8 1100 0 -24 -12851 1 55 0
1028 8 1100 0 -6 -12851 0 55 0
1029 8 500 0 -24 -12851 1 55 0
1030 8 500 0 24 -12851 0 55 0
1031 8 500 0 6 -12851 1 55 0
1032 8 742 0 -24 -12851 1 55 0
1033 8 903 0 6 -12851 0 55 0
1034 8 903 0 24 -12851 1 55 0
1035 8 1100 0 24 -12851 1 55 0
1036 8 1100 0 6 -12851 1 55 0
1037 8 609 0 -6 -12851 1 55 0
1038 8 609 0 -6 -12851 0 55 0
1039 8 609 0 -24 -12851 0 55 0
1040 8 903 0 6 -12851 1 55 0
1041 8 742 0 6 -12851 1 55 0
1042 8 903 0 6 -12851 1 55 0
1043 8 742 0 -24 -12851 1 55 0
1044 8 500 0 -6 -12851 1 55 0
1045 8 903 0 -24 -12851 1 55 0
1046 8 1100 0 -6 -12851 0 55 0
1047 8 500 0 24 -12851 0 55 0
1048 8 500 0 24 -12851 1 55 0
1049 8 742 0 24 -12851 0 55 0
1050 8 1100 0 6 -12851 1 55 0
1051 8 500 0 6 -12851 1 55 0
1052 8 500 0 24 -12851 1 55 0
1053 8 609 0 6 -12851 0 55 0
1054 8 1100 0 24 -12851 1 55 0
1055 8 742 0 24 -12851 1 55 0
1056 8 742 0 -6 -12851 1 55 0
1057 8 609 0 -24 -12851 1 55 0
1058 8 1100 0 -24 -12851 1 55 0
1059 8 903 0 -24 -12851 0 55 0
1060 8 1100 0 -6 -12851 1 55 0
1061 8 500 0 -6 -12851 1 55 0
1062 8 609 0 6 -12851 1 55 0
1063 8 903 0 24 -12851 1 55 0
1064 8 903 0 24 -12851 1 55 0
1065 8 742 0 24 -12851 1 55 0
1066 8 500 0 6 -12851 1 55 0
1067 8 500 0 -6 -12851 1 55 0
1068 8 500 0 -6 -12851 0 55 0
1069 8 742 0 -6 -12851 1 55 0
1070 8 903 0 6 -12851 1 55 0
1071 8 903 0 -24 -12851 1 55 0
1072 8 500 0 -24 -12851 1 55 0
1073 8 742 0 6 -12851 1 55 0
1074 8 903 0 -24 -12851 1 55 0
1075 8 742 0 24 -12851 1 55 0
1076 8 500 0 -6 -12851 0 55 0
1077 8 1100 0 -6 -12851 0 55 0
1078 8 609 0 6 -12851 1 55 0
1079 8 1100 0 -24 -12851 1 55 0
1080 8 1100 0 -6 -12851 0 55 0
1081 8 609 0 24 -12851 0 55 0
1082 8 609 0 -6 -12851 1 55 0
1083 8 742 0 6 -12851 0 55 0
1084 8 742 0 24 -12851 1 55 0
1085 8 742 0 6 -12851 1 55 0
1086 8 1100 0 24 -12851 1 55 0
1087 8 500 0 -24 -12851 1 55 0
1088 8 742 0 -24 -12851 1 55 0
1089 8 903 0 -24 -12851 1 55 0
1090 8 1100 0 -24 -12851 1 55 0
1091 8 903 0 6 -12851 1 55 0
1092 8 1100 0 -24 -12851 1 55 0
1093 8 903 0 -6 -12851 1 55 0
1094 8 609 0 -6 -12851 0 55 0
1095 8 609 0 6 -12851 1 55 0
1096 8 609 0 -24 -12851 1 55 0
1097 8 500 0 24 -12851 0 55 0
1098 8 500 0 6 -12851 1 55 0
1099 8 1100 0 24 -12851 1 55 0
1100 8 1100 0 24 -12851 1 55 0
1101 8 742 0 -6 -12851 0 55 0
1102 8 742 0 -24 -12851 0 55 0
1103 8 903 0 -24 -12851 1 55 0
1104 8 609 0 6 -12851 1 55 0
1105 8 500 0 -24 -12851 1 55 0
1106 8 742 0 6 -12851 1 55 0
1107 8 903 0 6 -12851 0 55 0
1108 8 1100 0 24 -12851 0 55 0
1109 8 500 0 -24 -12851 1 55 0
1110 8 500 0 -6 -12851 1 55 0
1111 8 903 0 24 -12851 0 55 0
1112 8 609 0 -6 -12851 0 55 0
1113 8 609 0 24 -12851 0 55 0
1114 8 1100 0 -6 -12851 0 55 0
1115 8 609 0 -6 -12851 0 55 0
1116 8 609 0 -6 -12851 0 55 0
1117 8 1100 0 6 -12851 0 55 0
1118 8 609 0 24 -12851 1 55 0
1119 8 742 0 -24 -12851 0 55 0
1120 8 903 0 24 -12851 0 55 0
1121 8 500 0 -24 -12851 1 55 0
1122 8 609 0 24 -12851 0 55 0
1123 8 903 0 6 -12851 1 55 0
1124 8 500 0 -6 -12851 1 55 0
1125 8 903 0 -6 -12851 0 55 0
1126 8 742 0 6 -12851 1 55 0
1127 8 742 0 -24 -12851 0 55 0
1128 8 1100 0 24 -12851 1 55 0
1129 8 500 0 24 -12851 0 55 0
1130 8 1100 0 24 -12851 1 55 0
1131 8 500 0 -6 -12851 1 55 0
1132 8 500 0 24 -12851 1 55 0
1133 8 1100 0 6 -12851 1 55 0
1134 8 1100 0 -24 -12851 1 55 0
1135 8 903 0 6 -12851 0 55 0
1136 8 742 0 -6 -12851 0 55 0
1137 8 500 0 -6 -12851 1 55 0
1138 8 609 0 6 -12851 0 55 0
1139 8 500 0 -24 -12851 0 55 0
1140 8 1100 0 -24 -12851 0 55 0
1141 8 742 0 -24 -12851 0 55 0
1142 8 742 0 -24 -12851 1 55 0
1143 8 609 0 -24 -12851 0 55 0
1144 8 609 0 -6 -12851 1 55 0
1145 8 903 0 -24 -12851 1 55 0
1146 8 903 0 6 -12851 1 55 0
1147 8 609 0 -6 -12851 1 55 0
1148 8 609 0 24 -12851 1 55 0
1149 8 500 0 -6 -12851 0 55 0
1150 8 1100 0 6 -12851 1 55 0
1151 8 500 0 6 -12851 1 55 0
1152 8 609 0 24 -12851 0 55 0
1153 8 609 0 24 -12851 1 55 0
1154 8 500 0 -24 -12851 0 55 0
1155 8 1100 0 -24 -12851 1 55 0
1156 8 742 0 6 -12851 1 55 0
1157 8 742 0 -6 -12851 1 55 0
1158 8 742 0 6 -12851 1 55 0
1159 8 903 0 -24 -12851 1 55 0
1160 8 903 0 -6 -12851 0 55 0
1161 8 1100 0 -6 -12851 1 55 0
1162 8 903 0 -24 -12851 1 55 0
1163 8 609 0 6 -12851 1 55 0
1164 8 609 0 24 -12851 1 55 0
1165 8 609 0 24 -12851 1 55 0
1166 8 742 0 24 -12851 1 55 0
1167 8 1100 0 24 -12851 1 55 0
1168 8 500 0 24 -12851 0 55 0
1169 8 903 0 6 -12851 1 55 0
1170 8 500 0 -24 -12851 1 55 0
1171 8 903 0 -24 -12851 1 55 0
1172 8 609 0 24 -12851 1 55 0
1173 8 903 0 -6 -12851 1 55 0
1174 8 500 0 6 -12851 1 55 0
1175 8 1100 0 24 -12851 1 55 0
1176 8 742 0 -24 -12851 0 55 0
1177 8 1100 0 -6 -12851 1 55 0
1178 8 742 0 6 -12851 1 55 0
1179 8 1100 0 -6 -12851 1 55 0
1180 8 1100 0 6 -12851 1 55 0
1181 8 1100 0 6 -12851 1 55 0
1182 8 500 0 6 -12851 1 55 0
1183 8 500 0 6 -12851 1 55 0
1184 8 609 0 24 -12851 1 55 0
1185 8 903 0 24 -12851 1 55 0
1186 8 609 0 -24 -12851 0 55 0
1187 8 1100 0 -6 -12851 0 55 0
1188 8 500 0 -24 -12851 0 55 0
1189 8 609 0 24 -12851 1 55 0
1190 8 903 0 -6 -12851 1 55 0
1191 8 742 0 -6 -12851 1 55 0
1192 8 903 0 -24 -12851 1 55 0
1193 8 742 0 -6 -12851 1 55 0
1194 8 742 0 -6 -12851 1 55 0
1195 8 742 0 6 -12851 1 55 0
1196 8 742 0 -24 -12851 0 55 0
1197 8 742 0 -6 -12851 0 55 0
1198 8 500 0 24 -12851 1 55 0
1199 8 500 0 -6 -12851 1 55 0
1200 8 1100 0 -24 -12851 1 55 0
1201 8 742 0 6 -12851 1 55 0
1202 8 903 0 6 -12851 0 55 0
1203 8 500 0 -24 -12851 1 55 0
1204 8 903 0 24 -12851 1 55 0
1205 8 609 0 24 -12851 1 55 0
1206 8 1100 0 24 -12851 1 55 0
1207 8 609 0 24 -12851 1 55 0
1208 8 903 0 24 -12851 1 55 0
1209 8 1100 0 6 -12851 0 55 0
1210 8 609 0 -6 -12851 0 55 0
1211 8 1100 0 -6 -12851 0 55 0
1212 8 1100 0 -6 -12851 0 55 0
1213 8 903 0 6 -12851 1 55 0
1214 8 903 0 -24 -12851 0 55 0
1215 8 500 0 -24 -12851 1 55 0
1216 8 742 0 6 -12851 1 55 0
1217 8 903 0 -24 -12851 1 55 0
1218 8 742 0 24 -12851 0 55 0
1219 8 742 0 -6 -12851 0 55 0
1220 8 1100 0 -6 -12851 1 55 0
1221 8 500 0 -6 -12851 0 55 0
1222 8 609 0 -24 -12851 1 55 0
1223 8 500 0 24 -12851 0 55 0
1224 8 1100 0 -6 -12851 0 55 0
1225 8 609 0 -24 -12851 0 55 0
1226 8 609 0 24 -12851 1 55 0
1227 8 609 0 24 -12851 1 55 0
1228 8 609 0 6 -12851 1 55 0
1229 8 1100 0 -24 -12851 0 55 0
1230 8 609 0 6 -12851 1 55 0
1231 8 742 0 6 -12851 1 55 0
1232 8 1100 0 24 -12851 1 55 0
1233 8 903 0 24 -12851 1 55 0
1234 8 500 0 24 -12851 0 55 0
1235 8 903 0 -24 -12851 1 55 0
1236 8 1100 0 -6 -12851 0 55 0
1237 8 903 0 6 -12851 0 55 0
1238 8 500 0 24 -12851 1 55 0
1239 8 609 0 -24 -12851 1 55 0
1240 8 742 0 -6 -12851 1 55 0
1241 8 742 0 6 -12851 1 55 0
1242 8 500 0 -6 -12851 1 55 0
1243 8 742 0 -24 -12851 1 55 0
1244 8 742 0 6 -12851 0 55 0
1245 8 609 0 24 -12851 0 55 0
1246 8 903 0 24 -12851 1 55 0
1247 8 1100 0 -24 -12851 0 55 0
1248 8 742 0 6 -12851 0 55 0
1249 8 1100 0 6 -12851 0 55 0
1250 8 609 0 -6 -12851 1 55 0
1251 8 500 0 -6 -12851 0 55 0
1252 8 742 0 6 -12851 0 55 0
1253 8 500 0 24 -12851 1 55 0
1254 8 1100 0 -24 -12851 1 55 0
1255 8 903 0 -6 -12851 1 55 0
1256 8 609 0 24 -12851 1 55 0
1257 8 903 0 -24 -12851 0 55 0
1258 8 500 0 -6 -12851 0 55 0
1259 8 1100 0 -6 -12851 1 55 0
