396 8 609 0 6 -12851 1 60 0
397 8 742 0 24 -12851 1 60 0
398 8 609 0 -24 -12851 1 60 0
399 8 500 0 24 -12851 1 55 0
400 8 1100 0 -6 -12851 1 60 0
401 12 742 903 6 -24 1 51 55
402 8 500 0 6 -12851 1 55 0
403 12 742 500 6 -24 0 51 51
404 8 742 0 -6 -12851 0 60 0
405 12 742 609 6 -24 1 51 51
406 8 1100 0 -6 -12851 1 55 0
407 12 1100 742 -6 24 0 55 51
408 8 903 0 -24 -12851 1 55 0
409 8 500 0 -24 -12851 1 55 0
410 8 903 0 6 -12851 1 60 0
411 8 903 0 -24 -12851 1 60 0
412 12 742 500 -6 24 1 51 55
413 12 742 609 -6 24 0 51 51
414 12 903 742 6 -24 1 51 51
415 8 500 0 -6 -12851 0 60 0
416 8 500 0 24 -12851 1 55 0
417 12 742 609 -6 24 0 51 55
418 12 500 742 6 -24 1 55 51
419 8 609 0 -6 -12851 0 55 0
420 8 903 0 -6 -12851 1 55 0
421 8 742 0 24 -12851 1 60 0
422 12 1100 742 -6 24 1 51 51
423 12 742 903 6 -24 1 51 51
424 8 742 0 -6 -12851 1 60 0
425 12 500 742 6 -24 1 51 51
426 8 609 0 -6 -12851 1 55 0
427 12 903 742 -6 24 1 55 51
428 8 1100 0 6 -12851 1 60 0
429 12 742 1100 6 -24 1 55 51
430 8 903 0 6 -12851 1 55 0
431 12 903 742 6 -24 1 51 55
432 8 500 0 -24 -12851 1 55 0
433 12 742 609 6 -24 0 51 51
434 12 742 609 6 -24 0 55 55
435 12 742 500 -6 24 1 51 55
436 8 609 0 6 -12851 1 55 0
437 12 742 609 -6 24 1 51 55
438 8 742 0 -24 -12851 1 55 0
439 8 1100 0 6 -12851 1 60 0
440 12 1100 742 6 -24 1 55 51
441 8 500 0 24 -12851 1 60 0
442 8 1100 0 6 -12851 1 60 0
443 8 903 0 6 -12851 1 55 0
444 12 742 1100 -6 24 1 55 51
445 12 1100 742 6 -24 1 51 55
446 12 1100 742 6 -24 1 55 51
447 8 903 0 -6 -12851 0 55 0
448 12 742 500 -6 24 0 51 51
449 12 742 903 6 -24 1 55 51
450 12 903 742 -6 24 1 51 51
451 12 609 742 6 -24 1 51 55
452 8 903 0 -24 -12851 1 55 0
453 12 742 903 6 -24 1 55 51
454 8 609 0 -6 -12851 1 55 0
455 12 609 742 6 -24 1 51 51
456 12 742 903 -6 24 1 51 51
457 12 1100 742 -6 24 1 55 55
458 8 742 0 -24 -12851 1 60 0
459 12 742 903 6 -24 1 51 51
460 12 742 1100 6 -24 1 55 55
461 12 609 742 6 -24 0 51 55
462 8 903 0 -24 -12851 1 60 0
463 8 903 0 6 -12851 1 60 0
464 8 742 0 -6 -12851 0 60 0
465 12 742 1100 -6 24 1 51 51
466 12 500 742 -6 24 1 55 55
467 12 609 742 6 -24 1 51 51
468 12 903 742 6 -24 1 51 55
469 8 609 0 24 -12851 1 60 0
470 8 500 0 -6 -12851 0 55 0
471 8 500 0 24 -12851 1 55 0
472 12 903 742 6 -24 1 51 55
473 12 742 500 6 -24 1 55 51
474 12 742 903 6 -24 1 51 51
475 8 742 0 -24 -12851 1 55 0
476 12 742 609 6 -24 1 55 51
477 8 1100 0 24 -12851 1 60 0
478 8 500 0 -6 -12851 0 60 0
479 12 609 742 -6 24 1 55 55
480 12 742 1100 -6 24 0 55 55
481 8 1100 0 24 -12851 1 60 0
482 8 609 0 6 -12851 1 55 0
483 12 742 1100 6 -24 1 55 55
484 12 742 609 -6 24 1 51 55
485 12 1100 742 6 -24 1 51 55
486 12 609 742 -6 24 1 55 51
487 12 742 609 -6 24 0 51 51
488 8 1100 0 -24 -12851 1 55 0
489 8 609 0 24 -12851 1 60 0
490 8 609 0 -24 -12851 1 55 0
491 8 1100 0 -6 -12851 0 55 0
492 8 742 0 -6 -12851 0 55 0
493 8 903 0 6 -12851 1 55 0
494 8 742 0 24 -12851 0 55 0
495 12 742 500 6 -24 1 51 55
496 8 1100 0 -6 -12851 1 60 0
497 8 903 0 -24 -12851 1 60 0
498 12 742 609 -6 24 1 55 55
499 8 609 0 6 -12851 1 55 0
500 12 742 500 -6 24 1 55 51
501 8 609 0 -6 -12851 0 60 0
502 12 903 742 6 -24 1 55 55
503 8 500 0 -24 -12851 1 55 0
504 12 1100 742 6 -24 1 51 55
505 8 742 0 6 -12851 1 55 0
506 12 609 742 6 -24 1 51 51
507 12 742 903 -6 24 1 55 55
508 8 1100 0 -24 -12851 1 60 0
509 8 500 0 6 -12851 1 55 0
510 8 500 0 24 -12851 0 55 0
511 12 742 1100 -6 24 0 55 55
512 12 500 742 6 -24 0 55 55
513 8 903 0 6 -12851 1 60 0
514 8 1100 0 -6 -12851 0 55 0
515 8 1100 0 6 -12851 1 55 0
516 12 500 742 -6 24 1 55 51
517 8 742 0 -24 -12851 1 55 0
518 12 609 742 6 -24 1 51 55
519 8 500 0 6 -12851 1 55 0
520 12 609 742 -6 24 1 55 51
521 8 500 0 6 -12851 1 60 0
522 8 1100 0 24 -12851 1 60 0
523 8 903 0 6 -12851 1 60 0
524 8 742 0 -24 -12851 1 60 0
525 8 1100 0 -24 -12851 1 55 0
526 12 742 1100 6 -24 1 51 55
527 8 500 0 -24 -12851 0 60 0
528 12 609 742 6 -24 1 51 51
529 8 609 0 -24 -12851 1 55 0
530 8 742 0 -6 -12851 0 60 0
531 8 903 0 -24 -12851 0 60 0
532 8 609 0 24 -12851 1 55 0
533 12 609 742 -6 24 0 51 55
534 12 1100 742 6 -24 1 55 55
535 8 609 0 6 -12851 1 60 0
536 12 742 1100 6 -24 1 51 51
537 12 500 742 6 -24 1 55 51
538 8 903 0 24 -12851 1 60 0
539 12 742 903 -6 24 1 55 55
540 12 742 903 6 -24 1 51 55
541 12 742 609 6 -24 1 55 51
542 8 742 0 6 -12851 1 60 0
543 8 742 0 -6 -12851 0 55 0
544 8 742 0 6 -12851 1 55 0
545 12 742 609 6 -24 1 51 51
546 12 742 609 6 -24 1 51 55
547 12 742 1100 -6 24 0 51 51
548 8 903 0 6 -12851 0 55 0
549 8 609 0 -24 -12851 1 55 0
550 12 742 903 6 -24 1 55 55
551 12 609 742 -6 24 0 55 55
552 12 903 742 -6 24 1 51 51
553 8 609 0 -6 -12851 0 60 0
554 8 500 0 -6 -12851 1 60 0
555 8 500 0 24 -12851 1 55 0
556 8 903 0 -24 -12851 1 60 0
557 8 903 0 -24 -12851 0 60 0
558 12 609 742 -6 24 1 55 55
559 12 742 1100 -6 24 1 51 55
560 8 609 0 -6 -12851 0 55 0
561 8 500 0 6 -12851 1 60 0
562 12 903 742 6 -24 1 51 55
563 12 742 609 -6 24 0 51 55
564 12 1100 742 6 -24 1 55 55
565 12 1100 742 -6 24 1 55 55
566 8 742 0 24 -12851 1 55 0
567 8 1100 0 24 -12851 1 55 0
568 8 1100 0 -24 -12851 1 55 0
569 8 1100 0 -24 -12851 0 55 0
570 8 500 0 -24 -12851 1 55 0
571 8 500 0 -6 -12851 0 60 0
572 12 1100 742 -6 24 0 51 51
573 8 903 0 24 -12851 0 60 0
574 12 742 903 -6 24 1 55 55
575 12 1100 742 -6 24 1 51 55
576 8 1100 0 -24 -12851 1 60 0
577 8 1100 0 -6 -12851 0 60 0
578 12 742 500 6 -24 1 55 55
579 12 742 903 6 -24 1 51 51
580 8 1100 0 -6 -12851 0 55 0
581 8 903 0 6 -12851 1 55 0
582 8 742 0 -24 -12851 1 55 0
583 8 500 0 -24 -12851 1 60 0
584 12 609 742 -6 24 1 51 51
585 12 609 742 -6 24 0 55 55
586 8 500 0 6 -12851 1 55 0
587 12 500 742 -6 24 1 51 51
588 12 1100 742 -6 24 1 51 51
589 12 742 500 -6 24 0 55 55
590 8 903 0 -24 -12851 1 55 0
591 12 742 903 -6 24 0 51 55
592 8 742 0 -6 -12851 0 60 0
593 12 609 742 -6 24 1 51 51
594 12 1100 742 6 -24 1 51 51
595 8 609 0 -6 -12851 0 55 0
596 8 609 0 -6 -12851 1 55 0
597 8 609 0 6 -12851 1 55 0
598 12 742 500 6 -24 1 55 55
599 8 742 0 6 -12851 1 55 0
600 8 609 0 24 -12851 1 60 0
601 12 903 742 6 -24 1 51 51
602 12 609 742 6 -24 1 51 55
603 12 742 609 6 -24 0 51 55
604 8 609 0 -24 -12851 1 55 0
605 8 609 0 6 -12851 1 55 0
606 12 742 609 6 -24 1 55 55
607 8 742 0 -6 -12851 1 60 0
608 12 742 1100 -6 24 0 51 51
609 8 1100 0 24 -12851 1 60 0
610 12 903 742 -6 24 1 51 55
611 12 609 742 -6 24 1 51 51
612 8 500 0 -6 -12851 0 60 0
613 8 1100 0 -6 -12851 0 60 0
614 8 903 0 6 -12851 1 60 0
615 8 609 0 -6 -12851 0 60 0
616 8 903 0 -6 -12851 0 55 0
617 8 500 0 6 -12851 0 60 0
618 12 500 742 -6 24 1 55 51
619 12 742 903 6 -24 0 55 55
620 12 742 1100 6 -24 1 51 51
621 12 609 742 6 -24 1 55 55
622 8 903 0 6 -12851 1 55 0
623 8 1100 0 24 -12851 1 60 0
624 12 742 500 -6 24 1 55 55
625 8 500 0 24 -12851 0 60 0
626 8 742 0 24 -12851 1 55 0
627 12 903 742 -6 24 1 51 51
628 12 609 742 6 -24 1 55 55
629 8 742 0 6 -12851 1 55 0
630 8 500 0 -6 -12851 1 55 0
631 8 500 0 -6 -12851 1 55 0
632 12 903 742 6 -24 1 55 55
633 8 903 0 24 -12851 1 55 0
634 8 903 0 6 -12851 1 55 0
635 12 742 609 -6 24 1 55 51
636 8 609 0 -6 -12851 0 60 0
637 12 903 742 6 -24 0 55 55
638 8 903 0 6 -12851 1 60 0
639 12 903 742 6 -24 1 51 55
640 12 500 742 -6 24 1 51 51
641 8 742 0 24 -12851 1 55 0
642 8 742 0 -24 -12851 1 55 0
643 12 742 500 6 -24 0 55 51
644 8 500 0 -6 -12851 1 55 0
645 12 742 609 6 -24 1 55 55
646 8 609 0 -6 -12851 1 55 0
647 8 1100 0 24 -12851 1 60 0
648 8 500 0 -24 -12851 1 55 0
649 8 609 0 -6 -12851 0 60 0
650 12 742 1100 6 -24 1 55 55
651 8 742 0 24 -12851 1 55 0
652 8 1100 0 6 -12851 1 60 0
653 8 1100 0 24 -12851 1 55 0
654 8 609 0 -6 -12851 0 55 0
655 8 609 0 24 -12851 1 55 0
656 12 742 609 -6 24 0 55 55
657 8 609 0 -24 -12851 1 60 0
658 8 742 0 -24 -12851 1 55 0
659 12 742 609 6 -24 1 55 55
660 8 609 0 6 -12851 1 55 0
661 8 742 0 -6 -12851 1 55 0
662 8 1100 0 24 -12851 1 60 0
663 12 609 742 6 -24 1 55 55
664 8 742 0 6 -12851 1 55 0
665 12 742 1100 -6 24 0 55 55
666 8 500 0 -24 -12851 1 60 0
667 12 903 742 6 -24 1 51 51
668 8 1100 0 -24 -12851 0 60 0
669 8 1100 0 6 -12851 1 55 0
670 8 500 0 24 -12851 1 55 0
671 8 903 0 24 -12851 1 60 0
672 12 500 742 6 -24 1 55 51
673 12 903 742 -6 24 0 51 51
674 8 903 0 -6 -12851 0 60 0
675 8 903 0 24 -12851 1 55 0
676 8 500 0 24 -12851 1 55 0
677 8 903 0 -6 -12851 1 60 0
678 12 742 609 6 -24 1 51 51
679 12 500 742 -6 24 1 51 51
680 12 742 500 6 -24 1 51 51
681 8 903 0 -24 -12851 1 55 0
682 8 742 0 -24 -12851 1 55 0
683 8 903 0 -6 -12851 1 60 0
684 8 609 0 6 -12851 1 60 0
685 8 500 0 -6 -12851 0 55 0
686 8 609 0 6 -12851 0 55 0
687 8 609 0 -6 -12851 0 60 0
688 8 742 0 24 -12851 1 55 0
689 8 903 0 -6 -12851 1 55 0
690 12 742 903 -6 24 0 51 51
691 12 609 742 -6 24 0 51 55
692 12 609 742 6 -24 1 55 51
693 8 500 0 24 -12851 1 60 0
694 8 1100 0 -24 -12851 1 55 0
695 8 742 0 6 -12851 1 60 0
696 8 500 0 -6 -12851 0 55 0
697 8 1100 0 6 -12851 1 60 0
698 8 1100 0 24 -12851 1 55 0
699 12 1100 742 -6 24 0 55 55
700 8 609 0 24 -12851 1 55 0
701 8 609 0 -24 -12851 0 60 0
702 8 500 0 -24 -12851 1 60 0
703 8 609 0 -6 -12851 0 60 0
704 8 500 0 24 -12851 1 55 0
705 12 609 742 6 -24 1 51 51
706 8 500 0 6 -12851 1 55 0
707 8 609 0 -24 -12851 1 60 0
708 12 500 742 6 -24 1 51 51
709 8 1100 0 -6 -12851 1 60 0
710 8 903 0 6 -12851 1 55 0
711 8 1100 0 -24 -12851 1 60 0
712 12 903 742 6 -24 1 55 51
713 12 500 742 -6 24 0 55 55
714 12 742 903 -6 24 1 51 55
715 8 1100 0 6 -12851 1 60 0
716 8 742 0 -24 -12851 1 55 0
717 8 903 0 -24 -12851 1 60 0
718 8 903 0 6 -12851 1 55 0
719 8 742 0 -24 -12851 1 60 0
720 12 903 742 -6 24 0 55 55
721 8 742 0 24 -12851 1 60 0
722 8 1100 0 6 -12851 1 55 0
723 8 1100 0 24 -12851 1 60 0
724 8 609 0 -24 -12851 1 60 0
725 12 500 742 -6 24 1 55 55
726 8 1100 0 6 -12851 1 60 0
727 8 609 0 24 -12851 1 60 0
728 12 1100 742 -6 24 1 55 51
729 8 903 0 -24 -12851 1 55 0
730 12 1100 742 -6 24 1 55 55
731 8 609 0 -6 -12851 0 55 0
732 8 1100 0 24 -12851 1 55 0
733 8 742 0 -24 -12851 0 55 0
734 8 742 0 -6 -12851 1 60 0
735 8 742 0 -24 -12851 1 55 0
736 12 742 1100 -6 24 0 55 51
737 12 500 742 -6 24 1 55 51
738 8 500 0 6 -12851 1 60 0
739 8 500 0 24 -12851 1 60 0
740 12 742 500 -6 24 1 51 55
741 12 609 742 -6 24 1 55 55
742 8 500 0 24 -12851 1 60 0
743 8 903 0 -24 -12851 1 60 0
744 8 903 0 -24 -12851 0 55 0
745 8 500 0 6 -12851 1 55 0
746 8 500 0 -24 -12851 1 60 0
747 8 903 0 -6 -12851 1 55 0
748 8 742 0 24 -12851 1 55 0
749 8 903 0 24 -12851 1 55 0
750 8 742 0 6 -12851 1 60 0
751 8 903 0 6 -12851 1 55 0
752 8 742 0 24 -12851 0 60 0
753 8 609 0 -24 -12851 1 55 0
754 8 1100 0 -6 -12851 1 55 0
755 8 500 0 6 -12851 1 60 0
756 12 742 500 6 -24 1 51 51
757 8 500 0 6 -12851 1 55 0
758 8 609 0 24 -12851 1 55 0
759 12 742 1100 -6 24 0 51 55
760 12 742 903 6 -24 1 55 51
761 8 1100 0 6 -12851 1 55 0
762 8 1100 0 6 -12851 1 55 0
763 12 609 742 -6 24 1 51 55
764 8 609 0 -6 -12851 1 60 0
765 8 1100 0 -24 -12851 1 60 0
766 12 742 500 -6 24 1 51 51
767 8 1100 0 -6 -12851 0 60 0
768 12 903 742 6 -24 1 55 51
769 8 609 0 24 -12851 1 60 0
770 8 1100 0 6 -12851 1 55 0
771 8 1100 0 -6 -12851 0 55 0
772 8 609 0 -24 -12851 1 60 0
773 8 742 0 -6 -12851 0 60 0
774 12 742 609 6 -24 1 51 55
775 8 903 0 6 -12851 1 60 0
776 8 609 0 24 -12851 1 60 0
777 8 742 0 -24 -12851 1 60 0
778 8 903 0 -6 -12851 1 55 0
779 12 609 742 6 -24 1 55 55
780 8 903 0 -24 -12851 1 60 0
781 12 742 903 6 -24 1 51 55
782 8 742 0 24 -12851 1 60 0
783 12 742 903 -6 24 1 51 51
784 12 609 742 -6 24 0 51 55
785 8 500 0 -24 -12851 1 60 0
786 8 500 0 6 -12851 1 60 0
787 12 903 742 -6 24 1 55 55
788 8 500 0 -6 -12851 1 60 0
789 8 500 0 24 -12851 1 60 0
790 8 500 0 -6 -12851 0 55 0
791 12 742 609 -6 24 1 51 51
792 12 1100 742 6 -24 1 55 51
793 8 903 0 -6 -12851 0 55 0
794 12 609 742 6 -24 1 51 51
795 8 742 0 -24 -12851 1 60 0
796 8 903 0 -24 -12851 1 55 0
797 8 742 0 -6 -12851 0 60 0
798 8 903 0 -24 -12851 1 55 0
799 12 742 903 6 -24 1 55 55
800 12 1100 742 -6 24 1 55 55
801 12 609 742 6 -24 0 51 51
802 8 742 0 6 -12851 1 60 0
803 8 609 0 -24 -12851 1 55 0
804 8 1100 0 -6 -12851 0 55 0
805 8 500 0 -24 -12851 1 55 0
806 8 500 0 6 -12851 1 60 0
807 12 1100 742 6 -24 1 51 51
808 8 609 0 24 -12851 1 60 0
809 8 1100 0 24 -12851 1 55 0
810 8 1100 0 -6 -12851 1 60 0
811 12 742 903 -6 24 0 51 55
812 8 609 0 -24 -12851 1 60 0
813 8 609 0 -24 -12851 1 60 0
814 8 609 0 -24 -12851 1 60 0
815 12 742 903 6 -24 1 55 55
816 12 1100 742 -6 24 0 51 55
817 8 500 0 -6 -12851 1 60 0
818 8 609 0 6 -12851 1 55 0
819 8 500 0 24 -12851 1 60 0
820 12 742 500 6 -24 1 51 51
821 8 500 0 6 -12851 0 60 0
822 8 609 0 24 -12851 1 55 0
823 8 1100 0 6 -12851 1 55 0
824 8 903 0 -6 -12851 0 55 0
825 8 1100 0 6 -12851 1 60 0
826 8 1100 0 -24 -12851 1 60 0
827 8 742 0 -24 -12851 1 55 0
828 8 903 0 24 -12851 0 60 0
829 12 1100 742 -6 24 1 55 55
830 8 903 0 -6 -12851 0 55 0
831 8 742 0 24 -12851 1 60 0
832 12 742 1100 -6 24 0 55 51
833 12 742 500 6 -24 0 55 51
834 12 609 742 -6 24 0 51 55
835 8 742 0 -6 -12851 1 60 0
836 8 500 0 6 -12851 1 60 0
837 12 742 903 6 -24 1 51 51
838 8 500 0 6 -12851 1 55 0
839 12 500 742 6 -24 1 55 51
840 12 742 500 -6 24 1 51 51
841 12 1100 742 6 -24 1 55 51
842 12 1100 742 6 -24 1 51 51
843 8 500 0 -24 -12851 1 60 0
844 8 742 0 -24 -12851 1 60 0
845 12 742 500 -6 24 0 55 51
846 8 609 0 -6 -12851 0 55 0
847 8 500 0 24 -12851 0 55 0
848 12 742 609 6 -24 1 51 55
849 12 742 500 6 -24 1 51 55
850 8 1100 0 -24 -12851 1 55 0
851 12 500 742 -6 24 0 51 51
852 12 742 903 6 -24 1 51 51
853 12 609 742 -6 24 0 55 51
854 8 903 0 6 -12851 1 55 0
855 12 742 1100 -6 24 0 51 55
856 8 903 0 -24 -12851 1 60 0
857 8 1100 0 -6 -12851 0 60 0
858 8 742 0 6 -12851 1 55 0
859 12 1100 742 -6 24 0 51 51
860 12 742 903 -6 24 0 51 55
861 12 903 742 6 -24 1 55 51
862 8 1100 0 -24 -12851 0 60 0
863 8 609 0 -6 -12851 1 60 0
864 8 742 0 24 -12851 1 60 0
865 12 742 609 6 -24 1 51 55
866 8 609 0 -24 -12851 1 55 0
867 8 903 0 24 -12851 1 60 0
868 8 903 0 6 -12851 1 60 0
869 12 742 609 -6 24 0 55 55
870 12 903 742 6 -24 1 55 51
871 12 609 742 6 -24 1 51 51
872 8 903 0 -24 -12851 1 55 0
873 8 742 0 -6 -12851 1 55 0
874 12 742 1100 6 -24 1 55 51
875 12 903 742 6 -24 1 55 55
876 8 609 0 -6 -12851 1 55 0
877 8 609 0 6 -12851 1 60 0
878 12 500 742 -6 24 1 55 55
879 8 742 0 6 -12851 1 60 0
880 12 742 609 -6 24 0 55 55
881 12 500 742 -6 24 0 51 55
882 12 903 742 6 -24 0 55 55
883 12 742 1100 6 -24 1 51 51
884 12 609 742 6 -24 0 51 51
885 8 742 0 24 -12851 0 55 0
886 12 500 742 6 -24 0 51 55
887 8 903 0 -6 -12851 0 55 0
888 8 609 0 24 -12851 0 55 0
889 8 1100 0 -6 -12851 0 55 0
890 12 903 742 -6 24 0 55 51
891 8 500 0 6 -12851 1 60 0
892 8 500 0 -6 -12851 1 55 0
893 8 1100 0 24 -12851 1 55 0
894 12 742 609 -6 24 0 51 55
895 12 742 1100 -6 24 1 55 51
896 8 903 0 -24 -12851 1 60 0
897 8 1100 0 24 -12851 1 55 0
898 12 500 742 6 -24 0 55 55
899 8 500 0 24 -12851 1 60 0
900 8 742 0 -24 -12851 0 60 0
901 8 742 0 -24 -12851 1 60 0
902 8 903 0 -24 -12851 1 60 0
903 12 742 1100 -6 24 0 55 51
904 12 500 742 6 -24 1 55 51
905 12 742 609 -6 24 1 51 51
906 12 742 609 6 -24 1 55 55
907 8 1100 0 24 -12851 1 55 0
908 8 903 0 -6 -12851 1 55 0
909 8 609 0 6 -12851 1 60 0
910 8 903 0 -6 -12851 0 55 0
911 8 609 0 -6 -12851 0 60 0
912 12 742 500 -6 24 0 55 55
913 8 742 0 24 -12851 1 55 0
914 8 609 0 24 -12851 1 55 0
915 8 500 0 6 -12851 1 55 0
916 8 500 0 6 -12851 1 55 0
917 8 500 0 -6 -12851 1 60 0
918 8 1100 0 -24 -12851 1 55 0
919 8 742 0 -24 -12851 1 60 0
920 8 1100 0 24 -12851 1 55 0
921 12 742 903 6 -24 1 55 55
922 8 1100 0 6 -12851 0 55 0
923 12 742 903 6 -24 1 55 55
924 8 1100 0 -24 -12851 1 55 0
925 8 500 0 24 -12851 1 55 0
926 12 903 742 6 -24 1 55 55
927 8 742 0 -24 -12851 1 55 0
928 8 609 0 -24 -12851 1 55 0
929 12 742 1100 -6 24 0 55 51
930 8 609 0 -24 -12851 0 60 0
931 8 609 0 -6 -12851 1 55 0
932 8 1100 0 6 -12851 1 60 0
933 12 609 742 -6 24 1 51 55
934 8 742 0 24 -12851 1 60 0
935 8 903 0 6 -12851 1 60 0
936 8 742 0 -24 -12851 1 55 0
937 12 609 742 -6 24 1 55 55
938 12 742 1100 6 -24 0 55 55
939 8 903 0 -6 -12851 0 60 0
940 12 1100 742 -6 24 1 55 55
941 12 500 742 -6 24 1 51 55
942 12 903 742 6 -24 1 55 51
943 12 500 742 6 -24 1 51 51
944 8 903 0 -6 -12851 1 60 0
945 8 500 0 24 -12851 1 60 0
946 12 1100 742 6 -24 0 55 51
947 8 500 0 -6 -12851 1 60 0
948 8 1100 0 -6 -12851 1 55 0
949 12 1100 742 -6 24 0 51 51
950 8 903 0 -6 -12851 0 55 0
951 12 500 742 -6 24 1 55 55
952 8 903 0 6 -12851 1 55 0
953 8 742 0 6 -12851 1 60 0
954 12 903 742 -6 24 0 51 51
955 8 609 0 24 -12851 1 55 0
956 8 609 0 -6 -12851 0 55 0
957 8 742 0 -24 -12851 1 60 0
958 12 1100 742 -6 24 1 51 55
959 8 742 0 6 -12851 1 55 0
960 8 903 0 -24 -12851 1 60 0
961 12 609 742 -6 24 1 55 51
962 12 609 742 -6 24 1 51 55
963 8 609 0 6 -12851 1 55 0
964 8 1100 0 6 -12851 1 55 0
965 12 742 609 -6 24 1 55 51
966 12 742 500 6 -24 1 55 55
967 12 1100 742 -6 24 1 55 55
968 8 500 0 -6 -12851 0 60 0
969 12 742 1100 6 -24 1 55 55
970 12 903 742 -6 24 0 55 51
971 12 742 1100 -6 24 1 51 51
972 8 500 0 24 -12851 1 60 0
973 8 1100 0 6 -12851 1 55 0
974 12 1100 742 -6 24 1 55 55
975 12 742 609 -6 24 0 55 51
976 12 742 903 6 -24 1 55 51
977 12 742 609 -6 24 0 51 55
978 12 903 742 -6 24 1 51 55
979 12 742 500 6 -24 1 55 55
980 8 903 0 -6 -12851 1 55 0
981 8 1100 0 24 -12851 1 60 0
982 8 500 0 6 -12851 1 60 0
983 8 903 0 6 -12851 1 60 0
984 8 903 0 -6 -12851 0 55 0
985 12 742 500 6 -24 0 51 55
986 8 1100 0 -24 -12851 1 60 0
987 12 609 742 6 -24 0 51 51
988 8 500 0 -6 -12851 1 55 0
989 8 903 0 24 -12851 1 55 0
990 12 500 742 -6 24 1 55 55
991 12 742 609 6 -24 1 55 55
992 8 903 0 -6 -12851 1 55 0
993 12 1100 742 6 -24 0 55 51
994 8 1100 0 -24 -12851 1 60 0
995 12 609 742 6 -24 1 55 55
996 8 1100 0 6 -12851 1 60 0
997 12 609 742 6 -24 1 55 55
998 8 742 0 -24 -12851 1 55 0
999 12 742 903 -6 24 0 51 51
1000 8 742 0 -6 -12851 0 55 0
1001 12 1100 742 -6 24 0 51 55
1002 12 742 609 -6 24 0 51 55
1003 8 742 0 6 -12851 1 60 0
1004 8 500 0 24 -12851 1 60 0
1005 12 742 903 6 -24 1 55 55
1006 8 500 0 -24 -12851 0 55 0
1007 12 742 1100 6 -24 1 51 55
1008 12 742 1100 -6 24 0 55 55
1009 12 1100 742 6 -24 0 51 51
1010 8 609 0 6 -12851 1 60 0
1011 12 1100 742 -6 24 0 51 51
1012 12 742 609 -6 24 1 51 55
1013 8 609 0 -24 -12851 1 60 0
1014 8 609 0 6 -12851 1 60 0
1015 8 903 0 -24 -12851 1 55 0
1016 8 903 0 -24 -12851 1 55 0
1017 12 742 609 -6 24 0 55 55
1018 12 903 742 6 -24 1 51 55
1019 12 742 609 -6 24 1 51 55
1020 8 500 0 24 -12851 1 55 0
1021 12 742 903 6 -24 1 55 55
1022 12 742 609 6 -24 1 51 51
1023 12 742 609 -6 24 1 55 51
1024 12 742 500 6 -24 1 55 55
1025 8 609 0 6 -12851 1 55 0
1026 8 903 0 -24 -12851 1 55 0
1027 8 500 0 24 -12851 1 55 0
1028 12 742 609 -6 24 1 55 55
1029 12 903 742 -6 24 1 51 55
1030 8 742 0 6 -12851 1 55 0
1031 12 742 500 -6 24 1 51 51
1032 12 742 903 6 -24 1 55 55
1033 12 742 609 -6 24 1 51 51
1034 12 742 609 -6 24 0 51 51
1035 8 742 0 24 -12851 1 55 0
1036 8 1100 0 24 -12851 1 55 0
1037 8 742 0 -6 -12851 0 55 0
1038 8 1100 0 -6 -12851 1 60 0
1039 8 609 0 24 -12851 1 55 0
1040 8 903 0 -6 -12851 0 60 0
1041 8 500 0 -24 -12851 1 55 0
1042 12 742 903 6 -24 1 51 55
1043 12 742 609 6 -24 0 55 55
1044 8 609 0 6 -12851 1 55 0
1045 12 1100 742 6 -24 1 55 51
1046 12 500 742 6 -24 1 51 51
1047 8 1100 0 -6 -12851 1 55 0
1048 8 903 0 6 -12851 1 55 0
1049 12 500 742 6 -24 1 55 55
1050 8 903 0 -24 -12851 0 60 0
1051 12 609 742 6 -24 1 55 55
1052 8 1100 0 6 -12851 1 60 0
1053 8 609 0 -6 -12851 1 60 0
1054 12 742 1100 -6 24 0 55 55
1055 12 500 742 -6 24 1 51 51
1056 12 742 500 6 -24 0 51 51
1057 8 742 0 6 -12851 0 55 0
1058 12 903 742 6 -24 0 55 55
1059 8 742 0 6 -12851 1 60 0
1060 8 903 0 -24 -12851 1 60 0
1061 12 742 1100 6 -24 1 51 51
1062 8 1100 0 24 -12851 1 60 0
1063 8 903 0 24 -12851 1 55 0
1064 12 609 742 -6 24 0 51 51
1065 12 500 742 6 -24 1 51 51
1066 8 609 0 6 -12851 1 55 0
1067 12 742 500 -6 24 0 55 51
1068 8 1100 0 -6 -12851 0 55 0
1069 12 742 903 -6 24 1 55 51
1070 8 609 0 -6 -12851 0 60 0
1071 12 500 742 -6 24 0 55 51
1072 12 500 742 6 -24 1 51 55
1073 8 500 0 -6 -12851 0 55 0
1074 8 742 0 -6 -12851 0 55 0
1075 12 609 742 6 -24 1 55 51
1076 8 500 0 -24 -12851 1 60 0
1077 8 500 0 6 -12851 0 55 0
1078 12 609 742 6 -24 0 55 55
1079 8 903 0 -6 -12851 1 55 0
1080 12 500 742 6 -24 1 51 55
1081 8 903 0 -6 -12851 0 60 0
1082 8 500 0 24 -12851 0 55 0
1083 8 1100 0 -6 -12851 1 55 0
1084 8 1100 0 6 -12851 1 60 0
1085 12 742 903 -6 24 0 55 51
1086 8 903 0 -6 -12851 1 60 0
1087 12 903 742 -6 24 0 51 51
1088 12 742 500 -6 24 1 55 55
1089 8 609 0 24 -12851 1 55 0
1090 12 500 742 6 -24 1 51 51
1091 12 609 742 6 -24 1 55 55
1092 12 742 500 6 -24 1 51 51
1093 12 1100 742 -6 24 1 51 55
1094 8 1100 0 24 -12851 0 60 0
1095 8 903 0 -6 -12851 1 60 0
1096 12 500 742 -6 24 0 55 51
1097 8 500 0 -6 -12851 1 60 0
1098 12 500 742 6 -24 0 55 51
1099 8 500 0 24 -12851 0 55 0
1100 12 1100 742 6 -24 1 55 55
1101 8 609 0 -24 -12851 1 60 0
1102 12 1100 742 -6 24 0 51 55
1103 8 742 0 -24 -12851 1 55 0
1104 12 609 742 6 -24 1 55 55
1105 12 500 742 -6 24 0 51 51
1106 12 1100 742 6 -24 0 55 55
1107 12 742 609 -6 24 1 55 55
1108 12 742 903 6 -24 1 51 55
1109 8 609 0 24 -12851 1 60 0
1110 12 742 903 6 -24 0 55 55
1111 12 742 903 6 -24 0 51 51
1112 12 742 1100 -6 24 0 55 51
1113 8 742 0 -24 -12851 1 55 0
1114 12 742 1100 6 -24 0 55 55
1115 12 609 742 6 -24 0 55 55
1116 12 742 903 6 -24 1 51 51
1117 8 742 0 6 -12851 1 60 0
1118 8 500 0 24 -12851 0 60 0
1119 12 903 742 -6 24 1 55 55
1120 12 1100 742 6 -24 0 55 51
1121 8 500 0 6 -12851 1 55 0
1122 8 903 0 -6 -12851 1 60 0
1123 8 1100 0 -24 -12851 1 55 0
1124 8 1100 0 24 -12851 1 60 0
1125 8 1100 0 6 -12851 1 55 0
1126 8 903 0 -6 -12851 0 55 0
1127 12 609 742 6 -24 0 55 51
1128 8 742 0 -24 -12851 1 60 0
1129 8 500 0 6 -12851 1 60 0
1130 8 500 0 -6 -12851 0 55 0
1131 8 903 0 -24 -12851 0 55 0
1132 12 742 609 6 -24 0 51 55
1133 8 742 0 6 -12851 1 60 0
1134 12 742 500 -6 24 0 51 51
1135 12 609 742 -6 24 0 55 55
1136 8 609 0 24 -12851 1 60 0
1137 8 609 0 24 -12851 1 60 0
1138 8 609 0 6 -12851 0 55 0
1139 8 742 0 24 -12851 1 60 0
1140 8 742 0 -6 -12851 1 60 0
1141 8 742 0 24 -12851 1 55 0
1142 8 1100 0 24 -12851 1 60 0
1143 12 742 609 -6 24 1 55 55
1144 12 609 742 -6 24 1 55 51
1145 12 742 903 -6 24 1 55 55
1146 8 742 0 24 -12851 1 60 0
1147 12 742 1100 -6 24 0 55 51
1148 12 742 500 6 -24 1 55 51
1149 8 1100 0 24 -12851 1 55 0
1150 8 1100 0 -24 -12851 1 55 0
1151 12 609 742 6 -24 0 55 51
1152 8 609 0 -24 -12851 1 60 0
1153 12 742 903 6 -24 1 55 51
1154 12 1100 742 6 -24 1 55 51
1155 12 609 742 6 -24 0 51 51
1156 8 903 0 -24 -12851 1 60 0
1157 12 1100 742 -6 24 1 55 51
1158 12 742 500 -6 24 1 55 55
1159 8 903 0 6 -12851 0 55 0
1160 12 1100 742 -6 24 1 55 55
1161 12 903 742 -6 24 1 51 55
1162 8 903 0 24 -12851 0 60 0
1163 8 742 0 24 -12851 1 60 0
1164 8 609 0 -6 -12851 1 55 0
1165 12 742 609 6 -24 0 51 55
1166 12 742 903 -6 24 1 55 55
1167 8 609 0 -6 -12851 0 60 0
1168 12 742 609 6 -24 1 55 51
1169 12 742 609 -6 24 1 55 55
1170 8 500 0 -6 -12851 1 55 0
1171 8 500 0 24 -12851 1 55 0
1172 12 742 609 -6 24 0 51 51
1173 8 500 0 6 -12851 1 60 0
1174 8 1100 0 -6 -12851 0 55 0
1175 8 1100 0 6 -12851 1 60 0
1176 12 500 742 -6 24 0 55 55
1177 8 903 0 -24 -12851 1 60 0
1178 8 500 0 -24 -12851 1 55 0
1179 12 742 609 6 -24 0 51 55
1180 12 609 742 -6 24 1 51 55
1181 12 903 742 -6 24 0 55 55
1182 12 742 1100 6 -24 1 51 55
1183 8 609 0 -6 -12851 1 60 0
1184 8 903 0 6 -12851 1 60 0
1185 12 1100 742 6 -24 1 55 51
1186 12 742 1100 -6 24 1 55 55
1187 12 742 609 -6 24 1 55 55
1188 12 742 500 6 -24 1 55 51
1189 8 742 0 -24 -12851 1 60 0
1190 8 1100 0 -24 -12851 1 55 0
1191 12 742 609 6 -24 0 55 55
1192 8 903 0 -6 -12851 1 60 0
1193 8 500 0 -6 -12851 1 60 0
1194 8 500 0 6 -12851 1 60 0
1195 8 1100 0 24 -12851 1 60 0
1196 12 609 742 -6 24 0 51 55
1197 12 742 500 6 -24 1 51 51
1198 12 742 1100 -6 24 1 55 55
1199 12 742 903 6 -24 1 55 55
1200 8 742 0 24 -12851 1 55 0
1201 12 742 903 6 -24 0 51 51
1202 8 609 0 -6 -12851 1 60 0
1203 8 609 0 24 -12851 1 60 0
1204 8 742 0 -6 -12851 0 55 0
1205 12 742 500 6 -24 1 55 55
1206 8 609 0 -6 -12851 1 60 0
1207 12 742 903 6 -24 1 51 51
1208 8 609 0 -6 -12851 0 60 0
1209 8 742 0 6 -12851 1 60 0
1210 8 1100 0 -24 -12851 1 60 0
1211 8 1100 0 -6 -12851 0 60 0
1212 8 742 0 -24 -12851 1 60 0
1213 8 500 0 -24 -12851 0 55 0
1214 8 742 0 -24 -12851 0 60 0
1215 8 903 0 24 -12851 1 55 0
1216 8 609 0 -6 -12851 0 60 0
1217 8 609 0 6 -12851 0 55 0
1218 8 500 0 -24 -12851 1 60 0
1219 8 903 0 -24 -12851 0 60 0
1220 8 1100 0 -6 -12851 0 55 0
1221 8 903 0 -6 -12851 0 55 0
1222 12 742 1100 -6 24 0 55 51
1223 8 500 0 6 -12851 1 55 0
1224 8 1100 0 6 -12851 1 60 0
1225 12 742 1100 6 -24 1 51 51
1226 8 1100 0 24 -12851 1 60 0
1227 12 609 742 -6 24 0 55 55
1228 12 742 1100 6 -24 1 55 55
1229 8 742 0 24 -12851 1 60 0
1230 12 742 903 -6 24 1 51 51
1231 8 1100 0 -6 -12851 1 60 0
1232 12 742 903 6 -24 1 55 51
1233 12 903 742 -6 24 0 55 51
1234 8 609 0 6 -12851 1 60 0
1235 12 500 742 -6 24 0 51 51
1236 8 742 0 6 -12851 1 55 0
1237 8 903 0 24 -12851 1 55 0
1238 8 903 0 -6 -12851 0 60 0
1239 8 1100 0 -6 -12851 1 60 0
1240 8 742 0 -24 -12851 0 60 0
1241 8 903 0 6 -12851 1 60 0
1242 8 609 0 -24 -12851 1 60 0
1243 12 609 742 6 -24 0 51 55
1244 12 742 609 6 -24 1 51 51
1245 8 609 0 6 -12851 1 55 0
1246 8 500 0 24 -12851 1 55 0
1247 8 500 0 -24 -12851 1 55 0
1248 8 500 0 6 -12851 0 60 0
1249 8 903 0 6 -12851 1 55 0
1250 12 742 500 6 -24 0 51 51
1251 12 742 500 -6 24 0 55 51
1252 8 903 0 -24 -12851 0 60 0
1253 8 500 0 24 -12851 1 55 0
1254 8 500 0 24 -12851 1 60 0
1255 8 742 0 6 -12851 1 60 0
1256 8 742 0 -24 -12851 0 60 0
1257 8 742 0 6 -12851 1 55 0
1258 8 500 0 24 -12851 1 55 0
1259 12 903 742 -6 24 1 55 55
1260 12 609 742 6 -24 0 51 55
1261 12 500 742 -6 24 1 51 55
1262 12 742 500 6 -24 1 51 51
1263 8 1100 0 24 -12851 1 60 0
1264 8 609 0 6 -12851 1 55 0
1265 8 903 0 6 -12851 1 55 0
1266 12 742 500 6 -24 1 51 51
1267 12 1100 742 6 -24 1 51 55
1268 12 742 500 -6 24 0 51 51
1269 12 742 500 -6 24 0 51 55
1270 8 609 0 6 -12851 0 60 0
1271 12 609 742 -6 24 0 51 55
1272 8 609 0 24 -12851 0 55 0
1273 12 742 609 -6 24 1 51 55
1274 12 500 742 6 -24 0 55 55
1275 12 742 1100 6 -24 1 51 51
1276 12 742 903 6 -24 1 51 55
1277 12 742 903 -6 24 0 55 55
1278 12 500 742 -6 24 0 51 55
1279 12 742 609 -6 24 0 51 55
1280 8 1100 0 -24 -12851 0 55 0
1281 8 903 0 24 -12851 1 60 0
1282 8 1100 0 -24 -12851 1 55 0
1283 8 500 0 24 -12851 1 55 0
1284 12 903 742 -6 24 0 55 55
1285 12 1100 742 -6 24 0 55 51
1286 12 609 742 -6 24 0 51 51
1287 8 500 0 24 -12851 1 55 0
1288 8 609 0 6 -12851 1 55 0
1289 8 1100 0 -6 -12851 1 55 0
1290 8 903 0 24 -12851 0 55 0
1291 12 742 500 -6 24 0 55 51
1292 12 742 500 -6 24 0 55 51
1293 12 742 1100 -6 24 1 55 55
1294 12 500 742 6 -24 1 55 55
1295 12 1100 742 -6 24 0 55 55
1296 12 1100 742 -6 24 0 55 51
1297 8 1100 0 6 -12851 1 55 0
1298 12 742 609 -6 24 1 51 55
1299 12 609 742 -6 24 1 55 55
1300 12 500 742 6 -24 1 55 51
1301 8 903 0 24 -12851 1 55 0
1302 12 742 903 6 -24 1 51 51
1303 12 903 742 6 -24 1 51 51
1304 12 742 1100 -6 24 1 55 55
1305 12 500 742 6 -24 1 51 51
1306 12 742 609 -6 24 0 51 55
1307 8 903 0 -24 -12851 1 60 0
1308 8 742 0 24 -12851 1 55 0
1309 12 903 742 6 -24 1 55 55
1310 12 609 742 6 -24 0 55 55
1311 12 903 742 6 -24 0 55 51
1312 12 742 1100 6 -24 1 55 55
1313 12 742 903 -6 24 0 51 51
1314 12 609 742 -6 24 0 51 51
1315 12 742 1100 -6 24 1 55 55
1316 8 742 0 -24 -12851 0 60 0
1317 12 742 1100 -6 24 0 55 51
1318 12 742 1100 -6 24 0 55 55
1319 12 742 500 -6 24 0 51 51
1320 12 609 742 -6 24 1 51 55
1321 12 742 609 -6 24 0 51 51
1322 12 742 500 6 -24 0 51 51
1323 8 1100 0 -24 -12851 0 60 0
1324 12 903 742 6 -24 0 51 55
1325 8 742 0 -6 -12851 1 60 0
1326 12 1100 742 6 -24 1 51 55
1327 12 903 742 -6 24 0 55 55
1328 12 742 903 -6 24 1 55 55
1329 8 609 0 24 -12851 0 60 0
1330 12 903 742 6 -24 0 55 51
1331 12 609 742 6 -24 0 55 51
1332 8 609 0 -24 -12851 1 60 0
1333 12 500 742 6 -24 1 51 51
1334 12 500 742 6 -24 0 51 55
1335 12 742 903 -6 24 0 51 51
1336 8 500 0 24 -12851 0 60 0
1337 8 500 0 24 -12851 0 55 0
1338 12 1100 742 -6 24 0 51 51
1339 8 903 0 6 -12851 1 60 0
1340 12 609 742 6 -24 1 55 55
1341 12 742 500 6 -24 0 51 51
1342 12 742 903 6 -24 0 55 51
1343 12 742 1100 -6 24 0 55 51
1344 12 1100 742 -6 24 0 51 55
1345 12 500 742 6 -24 0 55 51
1346 12 742 609 6 -24 1 55 55
1347 12 903 742 6 -24 1 55 55
1348 8 903 0 -6 -12851 0 55 0
1349 12 742 1100 -6 24 0 51 51
1350 12 1100 742 -6 24 0 55 55
1351 12 742 903 6 -24 0 55 51
1352 12 903 742 -6 24 0 55 55
1353 12 742 500 -6 24 0 55 51
1354 12 742 1100 6 -24 1 51 51
1355 8 500 0 -24 -12851 1 60 0
1356 8 609 0 -24 -12851 0 60 0
1357 12 1100 742 -6 24 1 51 51
1358 12 500 742 6 -24 0 55 51
1359 8 742 0 24 -12851 1 60 0
1360 12 742 609 -6 24 0 51 51
1361 12 500 742 -6 24 0 51 55
1362 12 742 609 -6 24 0 55 55
1363 8 742 0 6 -12851 0 55 0
1364 8 903 0 24 -12851 0 55 0
1365 12 742 1100 6 -24 1 55 55
1366 12 742 500 6 -24 0 51 55
1367 8 500 0 -6 -12851 1 55 0
1368 12 742 903 6 -24 1 55 51
1369 12 609 742 -6 24 1 55 55
1370 12 609 742 6 -24 1 51 51
1371 12 742 500 -6 24 1 55 55
1372 12 609 742 -6 24 1 51 51
1373 12 742 609 -6 24 0 51 51
1374 12 1100 742 6 -24 1 51 55
1375 12 742 903 -6 24 0 55 51
1376 8 903 0 24 -12851 0 55 0
1377 12 742 500 6 -24 1 51 55
1378 8 1100 0 -24 -12851 0 55 0
1379 12 500 742 -6 24 0 51 51
1380 12 609 742 -6 24 0 55 51
1381 12 742 903 -6 24 0 51 51
1382 8 1100 0 6 -12851 0 55 0
1383 8 500 0 6 -12851 0 60 0
1384 12 742 903 -6 24 0 55 51
1385 8 1100 0 -6 -12851 0 60 0
1386 12 1100 742 -6 24 1 51 51
1387 12 609 742 6 -24 1 51 55
1388 8 742 0 24 -12851 0 60 0
1389 8 609 0 6 -12851 1 55 0
1390 12 742 1100 -6 24 0 51 55
1391 12 742 903 6 -24 0 51 55
1392 12 742 609 6 -24 1 55 55
1393 12 500 742 6 -24 1 55 55
1394 8 609 0 -24 -12851 1 60 0
1395 8 500 0 6 -12851 0 55 0
1396 8 500 0 -6 -12851 1 60 0
1397 8 1100 0 -24 -12851 1 60 0
1398 8 742 0 6 -12851 1 55 0
1399 12 742 500 -6 24 0 51 51
1400 8 609 0 -6 -12851 1 60 0
1401 12 742 903 6 -24 1 51 55
1402 12 609 742 -6 24 1 51 51
1403 8 903 0 24 -12851 1 55 0
1404 12 742 500 -6 24 1 55 55
1405 12 742 903 -6 24 1 55 51
1406 8 1100 0 24 -12851 1 55 0
1407 8 609 0 -6 -12851 1 60 0
1408 12 903 742 6 -24 1 51 55
1409 12 500 742 -6 24 0 51 55
1410 12 742 500 -6 24 0 51 51
1411 12 609 742 -6 24 0 55 51
1412 8 742 0 24 -12851 1 60 0
1413 12 742 609 -6 24 0 55 55
1414 12 742 609 -6 24 0 51 51
1415 12 742 903 -6 24 1 55 51
1416 12 742 609 6 -24 1 55 55
1417 12 742 1100 -6 24 1 55 55
1418 12 742 500 6 -24 0 55 55
1419 8 500 0 -24 -12851 1 55 0
1420 12 903 742 6 -24 1 55 51
1421 12 609 742 -6 24 0 51 51
1422 12 742 903 6 -24 1 51 55
1423 12 742 500 -6 24 1 55 51
1424 12 742 1100 -6 24 0 51 55
1425 8 903 0 6 -12851 1 55 0
1426 12 742 1100 6 -24 0 55 55
1427 12 903 742 -6 24 0 55 55
1428 12 742 903 6 -24 1 51 51
1429 8 742 0 -24 -12851 0 55 0
1430 8 903 0 24 -12851 1 60 0
1431 12 742 1100 6 -24 0 51 55
1432 8 1100 0 -24 -12851 1 60 0
1433 8 500 0 6 -12851 0 55 0
1434 12 742 1100 -6 24 0 55 55
1435 12 903 742 -6 24 1 55 55
1436 12 742 500 -6 24 0 55 51
1437 12 500 742 6 -24 1 51 55
1438 8 609 0 6 -12851 1 60 0
1439 12 742 1100 6 -24 1 51 55
1440 12 742 609 -6 24 1 51 55
1441 12 1100 742 -6 24 1 51 51
1442 12 742 903 -6 24 1 55 51
1443 8 903 0 -24 -12851 1 60 0
1444 12 1100 742 -6 24 1 55 55
1445 8 903 0 24 -12851 1 60 0
1446 12 742 1100 6 -24 0 55 55
1447 12 742 1100 6 -24 0 55 55
1448 8 609 0 -6 -12851 0 55 0
1449 12 903 742 -6 24 0 55 51
1450 8 609 0 24 -12851 0 55 0
1451 8 742 0 -6 -12851 1 55 0
1452 12 742 500 -6 24 0 55 51
1453 12 500 742 6 -24 0 55 55
1454 8 500 0 6 -12851 0 60 0
1455 8 500 0 24 -12851 0 55 0
1456 12 500 742 6 -24 1 55 55
1457 8 742 0 -24 -12851 1 60 0
1458 12 742 500 6 -24 0 55 51
1459 12 1100 742 -6 24 1 51 51
1460 12 742 609 6 -24 0 51 55
1461 12 742 903 -6 24 0 51 51
1462 8 609 0 6 -12851 0 60 0
1463 8 1100 0 -24 -12851 1 55 0
1464 12 903 742 6 -24 0 55 55
1465 8 1100 0 24 -12851 1 55 0
1466 12 609 742 6 -24 0 51 55
1467 12 903 742 -6 24 0 51 51
1468 12 903 742 -6 24 0 55 55
1469 8 1100 0 -6 -12851 0 60 0
1470 12 903 742 -6 24 0 55 55
1471 8 742 0 6 -12851 1 55 0
1472 12 742 1100 -6 24 0 55 55
1473 12 742 500 6 -24 0 51 51
1474 8 903 0 -24 -12851 0 55 0
1475 8 903 0 -6 -12851 0 60 0
1476 8 500 0 -24 -12851 0 60 0
