299 8 1100 0 6 -12851 0 60 0
300 8 609 0 24 -12851 1 55 0
301 12 742 609 6 -24 0 51 55
302 12 1100 742 -6 24 0 55 51
303 12 903 742 6 -24 0 55 51
304 8 609 0 24 -12851 1 60 0
305 8 742 0 -6 -12851 0 60 0
306 8 609 0 -24 -12851 1 55 0
307 8 609 0 24 -12851 1 60 0
308 12 903 742 6 -24 0 51 55
309 8 1100 0 6 -12851 0 60 0
310 12 742 1100 -6 24 1 51 51
311 12 500 742 -6 24 1 51 51
312 8 1100 0 24 -12851 1 55 0
313 8 1100 0 -6 -12851 0 55 0
314 12 903 742 6 -24 1 51 51
315 8 903 0 -6 -12851 1 55 0
316 8 903 0 -6 -12851 1 60 0
317 8 742 0 -6 -12851 0 60 0
318 12 742 500 -6 24 1 55 55
319 12 903 742 6 -24 0 51 51
320 12 1100 742 6 -24 0 51 55
321 12 1100 742 6 -24 0 51 51
322 8 500 0 -6 -12851 0 55 0
323 12 1100 742 -6 24 0 55 51
324 8 500 0 -6 -12851 1 60 0
325 8 500 0 6 -12851 1 60 0
326 8 903 0 -6 -12851 1 55 0
327 12 903 742 6 -24 0 55 51
328 8 742 0 24 -12851 1 60 0
329 8 500 0 6 -12851 1 55 0
330 12 1100 742 6 -24 0 51 51
331 12 609 742 6 -24 0 51 51
332 8 500 0 -6 -12851 0 55 0
333 8 609 0 24 -12851 1 55 0
334 12 500 742 6 -24 0 51 55
335 8 609 0 -24 -12851 0 60 0
336 8 1100 0 -6 -12851 1 55 0
337 8 903 0 -6 -12851 1 60 0
338 8 1100 0 24 -12851 1 55 0
339 12 742 500 6 -24 0 55 55
340 8 500 0 24 -12851 1 60 0
341 12 1100 742 6 -24 0 51 51
342 12 742 500 -6 24 0 51 55
343 8 903 0 -6 -12851 0 55 0
344 8 903 0 -24 -12851 1 60 0
345 8 742 0 -24 -12851 1 55 0
346 8 1100 0 -24 -12851 0 60 0
347 12 742 1100 6 -24 0 55 51
348 8 742 0 -6 -12851 0 60 0
349 8 609 0 6 -12851 1 60 0
350 12 742 609 6 -24 0 55 51
351 8 500 0 -24 -12851 0 60 0
352 8 742 0 -24 -12851 0 60 0
353 12 742 1100 6 -24 0 51 51
354 12 609 742 6 -24 0 51 51
355 8 1100 0 6 -12851 0 60 0
356 8 1100 0 -6 -12851 0 55 0
357 8 1100 0 -24 -12851 0 60 0
358 12 742 1100 -6 24 0 51 51
359 8 903 0 -24 -12851 0 55 0
360 12 609 742 6 -24 0 55 55
361 12 903 742 6 -24 0 51 55
362 12 1100 742 -6 24 0 55 51
363 8 1100 0 -6 -12851 1 60 0
364 12 742 609 6 -24 0 55 55
365 8 903 0 -6 -12851 0 60 0
366 12 500 742 -6 24 0 55 55
367 12 742 903 -6 24 1 51 51
368 12 742 500 -6 24 1 51 51
369 8 742 0 6 -12851 1 60 0
370 12 1100 742 -6 24 0 51 51
371 8 500 0 -24 -12851 1 55 0
372 12 742 500 -6 24 0 51 51
373 12 742 1100 6 -24 1 51 51
374 8 500 0 -6 -12851 1 60 0
375 8 742 0 6 -12851 1 60 0
376 12 1100 742 -6 24 1 51 55
377 12 742 903 6 -24 1 55 51
378 12 1100 742 -6 24 0 51 55
379 8 609 0 24 -12851 0 55 0
380 8 609 0 6 -12851 1 60 0
381 12 500 742 -6 24 0 55 51
382 12 742 500 -6 24 0 55 55
383 12 1100 742 6 -24 1 51 51
384 12 500 742 -6 24 0 51 51
385 12 500 742 -6 24 0 51 51
386 12 1100 742 6 -24 0 55 51
387 8 742 0 24 -12851 0 60 0
388 8 500 0 -6 -12851 1 55 0
389 12 742 903 -6 24 1 55 51
390 8 609 0 -6 -12851 0 60 0
391 12 742 609 6 -24 1 51 55
392 8 903 0 24 -12851 1 60 0
393 12 609 742 6 -24 1 55 55
394 12 742 903 -6 24 1 51 51
395 8 903 0 -24 -12851 1 60 0
396 8 903 0 -24 -12851 1 55 0
397 12 609 742 -6 24 0 55 55
398 8 500 0 -6 -12851 1 60 0
399 12 742 500 -6 24 0 51 55
400 12 500 742 -6 24 0 51 55
401 8 742 0 24 -12851 1 60 0
402 8 1100 0 24 -12851 1 60 0
403 12 609 742 6 -24 1 55 55
404 8 1100 0 -24 -12851 1 60 0
405 12 742 609 -6 24 0 51 55
406 12 1100 742 6 -24 1 55 51
407 12 1100 742 6 -24 1 51 55
408 12 742 903 -6 24 0 51 51
409 12 500 742 6 -24 1 55 55
410 8 742 0 -6 -12851 1 60 0
411 8 609 0 6 -12851 1 60 0
412 12 609 742 6 -24 1 55 51
413 8 1100 0 24 -12851 0 55 0
414 8 903 0 -6 -12851 0 55 0
415 8 500 0 -6 -12851 1 55 0
416 12 500 742 -6 24 1 55 55
417 12 903 742 6 -24 1 55 51
418 8 903 0 24 -12851 1 60 0
419 8 609 0 -6 -12851 1 55 0
420 8 609 0 -24 -12851 1 55 0
421 12 903 742 -6 24 0 55 51
422 12 903 742 6 -24 1 55 51
423 12 742 500 6 -24 1 51 55
424 12 742 903 -6 24 1 55 51
425 12 609 742 6 -24 1 51 51
426 8 500 0 24 -12851 1 60 0
427 8 742 0 24 -12851 1 55 0
428 12 500 742 -6 24 0 55 55
429 8 903 0 24 -12851 1 60 0
430 12 742 609 6 -24 1 51 51
431 8 903 0 -6 -12851 1 55 0
432 12 903 742 -6 24 0 55 55
433 8 903 0 -24 -12851 1 60 0
434 8 500 0 24 -12851 1 60 0
435 12 742 500 -6 24 0 55 51
436 12 1100 742 6 -24 1 51 51
437 8 1100 0 -24 -12851 1 55 0
438 8 903 0 24 -12851 0 60 0
439 12 742 903 6 -24 1 51 51
440 8 742 0 24 -12851 0 55 0
441 8 500 0 24 -12851 1 55 0
442 8 609 0 -6 -12851 0 55 0
443 12 742 903 6 -24 1 51 51
444 12 500 742 -6 24 0 51 51
445 12 742 609 -6 24 0 55 55
446 12 742 903 6 -24 1 51 55
447 12 609 742 6 -24 1 55 51
448 8 1100 0 24 -12851 1 55 0
449 8 742 0 24 -12851 0 60 0
450 12 742 609 -6 24 0 51 51
451 12 742 609 -6 24 1 55 51
452 8 609 0 -6 -12851 0 60 0
453 8 609 0 6 -12851 1 60 0
454 8 500 0 -6 -12851 1 55 0
455 8 1100 0 -24 -12851 0 55 0
456 12 742 1100 6 -24 1 51 51
457 12 500 742 6 -24 0 51 55
458 8 742 0 6 -12851 0 60 0
459 12 742 1100 6 -24 1 51 51
460 12 742 903 -6 24 0 51 55
461 8 903 0 24 -12851 1 60 0
462 12 1100 742 6 -24 1 51 55
463 12 903 742 -6 24 0 51 55
464 12 903 742 6 -24 1 55 51
465 12 742 500 -6 24 0 55 55
466 8 903 0 24 -12851 1 60 0
467 12 609 742 -6 24 0 51 55
468 12 500 742 6 -24 0 55 55
469 12 742 1100 6 -24 0 51 55
470 8 1100 0 6 -12851 1 60 0
471 8 1100 0 24 -12851 0 55 0
472 8 742 0 6 -12851 1 55 0
473 12 742 609 -6 24 1 51 51
474 8 609 0 24 -12851 1 60 0
475 12 903 742 6 -24 0 55 51
476 8 500 0 -24 -12851 1 55 0
477 8 742 0 -24 -12851 0 55 0
478 12 1100 742 -6 24 1 55 51
479 8 742 0 24 -12851 1 55 0
480 8 903 0 6 -12851 1 60 0
481 8 609 0 6 -12851 1 55 0
482 8 500 0 6 -12851 1 55 0
483 8 609 0 6 -12851 1 60 0
484 12 500 742 6 -24 1 51 51
485 12 742 903 6 -24 1 51 51
486 8 903 0 -24 -12851 1 60 0
487 12 742 609 -6 24 1 51 51
488 8 1100 0 -6 -12851 0 60 0
489 8 500 0 6 -12851 1 55 0
490 8 742 0 24 -12851 1 55 0
491 8 742 0 -24 -12851 1 55 0
492 8 609 0 -24 -12851 0 55 0
493 12 1100 742 -6 24 0 51 51
494 8 500 0 -6 -12851 0 55 0
495 12 1100 742 6 -24 0 55 55
496 12 742 1100 -6 24 0 51 55
497 12 609 742 6 -24 1 55 55
498 8 609 0 -24 -12851 0 60 0
499 8 903 0 -6 -12851 1 60 0
500 8 500 0 -24 -12851 0 55 0
501 12 742 903 6 -24 1 55 51
502 12 742 500 6 -24 1 55 55
503 8 609 0 24 -12851 1 55 0
504 8 1100 0 6 -12851 1 55 0
505 12 903 742 -6 24 1 51 55
506 8 1100 0 -6 -12851 1 60 0
507 12 903 742 6 -24 0 55 55
508 12 1100 742 6 -24 0 51 51
509 8 500 0 24 -12851 1 60 0
510 8 903 0 -6 -12851 0 60 0
511 8 1100 0 24 -12851 1 55 0
512 12 500 742 -6 24 0 51 51
513 8 903 0 -24 -12851 1 55 0
514 12 742 500 6 -24 0 55 51
515 12 1100 742 -6 24 1 55 55
516 12 903 742 -6 24 1 51 51
517 12 742 1100 6 -24 1 51 51
518 8 742 0 -6 -12851 1 55 0
519 12 1100 742 6 -24 0 51 51
520 12 1100 742 -6 24 1 51 51
521 8 742 0 -24 -12851 0 60 0
522 12 1100 742 6 -24 0 51 55
523 12 1100 742 -6 24 1 51 55
524 8 742 0 -24 -12851 0 55 0
525 12 742 500 -6 24 0 51 51
526 8 742 0 -24 -12851 0 55 0
527 8 742 0 6 -12851 1 55 0
528 8 609 0 24 -12851 1 60 0
529 8 903 0 -24 -12851 0 60 0
530 8 742 0 -6 -12851 0 60 0
531 8 1100 0 -6 -12851 1 60 0
532 8 1100 0 -24 -12851 1 60 0
533 8 609 0 24 -12851 0 60 0
534 12 500 742 -6 24 0 55 55
535 8 500 0 -24 -12851 0 55 0
536 12 742 609 -6 24 0 55 51
537 12 1100 742 -6 24 0 55 55
538 8 609 0 24 -12851 1 55 0
539 12 742 903 -6 24 0 55 55
540 12 742 609 -6 24 1 55 55
541 8 903 0 24 -12851 0 55 0
542 12 742 903 -6 24 0 55 51
543 8 1100 0 24 -12851 1 55 0
544 8 903 0 24 -12851 1 55 0
545 8 500 0 24 -12851 0 55 0
546 12 500 742 6 -24 1 55 55
547 8 500 0 6 -12851 1 60 0
548 8 903 0 24 -12851 0 55 0
549 8 903 0 6 -12851 1 55 0
550 8 903 0 24 -12851 0 55 0
551 8 903 0 24 -12851 0 55 0
552 12 742 609 -6 24 0 55 55
553 12 742 903 6 -24 0 55 55
554 8 609 0 -24 -12851 1 60 0
555 12 903 742 6 -24 1 55 55
556 12 742 609 -6 24 0 55 55
557 12 742 1100 6 -24 0 51 55
558 8 742 0 24 -12851 1 60 0
559 8 742 0 -24 -12851 1 55 0
560 8 500 0 -24 -12851 0 55 0
561 8 500 0 -24 -12851 1 60 0
562 8 500 0 -24 -12851 0 60 0
563 12 500 742 6 -24 1 51 51
564 8 1100 0 24 -12851 1 55 0
565 8 742 0 -24 -12851 1 60 0
566 12 1100 742 6 -24 1 51 51
567 12 1100 742 6 -24 1 51 55
568 8 1100 0 -6 -12851 1 55 0
569 8 1100 0 -6 -12851 1 55 0
570 12 742 609 -6 24 0 55 55
571 8 609 0 24 -12851 1 60 0
572 8 609 0 -6 -12851 0 55 0
573 12 903 742 -6 24 1 55 55
574 8 903 0 6 -12851 1 60 0
575 12 1100 742 6 -24 1 55 51
576 12 742 500 -6 24 1 55 55
577 12 500 742 -6 24 0 55 55
578 8 903 0 -24 -12851 1 55 0
579 12 742 903 6 -24 1 51 55
580 8 903 0 -24 -12851 1 60 0
581 12 742 1100 -6 24 0 55 51
582 8 500 0 6 -12851 1 55 0
583 12 609 742 -6 24 1 51 51
584 12 903 742 6 -24 0 55 55
585 8 1100 0 -6 -12851 1 60 0
586 8 903 0 -24 -12851 1 55 0
587 8 742 0 6 -12851 1 60 0
588 8 500 0 -24 -12851 1 55 0
589 8 609 0 6 -12851 0 55 0
590 12 742 1100 -6 24 0 55 55
591 12 742 903 -6 24 1 55 51
592 12 500 742 -6 24 0 55 51
593 8 1100 0 -24 -12851 0 60 0
594 12 742 1100 -6 24 0 51 51
595 8 742 0 -6 -12851 0 60 0
596 12 742 609 -6 24 1 55 55
597 8 609 0 -24 -12851 1 60 0
598 12 742 1100 6 -24 0 51 51
599 12 742 903 -6 24 0 55 51
600 12 1100 742 6 -24 0 51 55
601 12 1100 742 -6 24 0 51 55
602 8 609 0 -24 -12851 1 60 0
603 8 500 0 -6 -12851 1 60 0
604 8 1100 0 24 -12851 0 55 0
605 8 742 0 -6 -12851 0 55 0
606 12 1100 742 -6 24 1 51 51
607 8 742 0 -24 -12851 1 55 0
608 12 742 1100 6 -24 0 55 55
609 8 742 0 -6 -12851 0 60 0
610 8 903 0 -6 -12851 0 60 0
611 8 500 0 24 -12851 1 55 0
612 8 500 0 24 -12851 1 60 0
613 12 500 742 6 -24 1 51 55
614 8 609 0 -6 -12851 0 60 0
615 12 903 742 6 -24 1 55 55
616 8 609 0 24 -12851 0 55 0
617 12 742 1100 6 -24 1 51 55
618 12 500 742 -6 24 0 51 51
619 8 742 0 6 -12851 1 60 0
620 8 609 0 -24 -12851 0 55 0
621 8 742 0 -24 -12851 1 55 0
622 12 742 1100 6 -24 1 55 55
623 12 742 1100 -6 24 0 55 55
624 12 742 609 -6 24 1 55 55
625 8 500 0 24 -12851 1 60 0
626 12 742 609 -6 24 0 55 51
627 8 903 0 6 -12851 1 55 0
628 8 903 0 -6 -12851 1 55 0
629 8 1100 0 6 -12851 1 55 0
630 8 1100 0 -6 -12851 1 55 0
631 12 742 903 -6 24 0 55 51
632 8 1100 0 -24 -12851 1 60 0
633 8 609 0 -6 -12851 0 60 0
634 8 609 0 -24 -12851 0 55 0
635 8 609 0 6 -12851 0 60 0
636 8 500 0 -6 -12851 0 60 0
637 12 742 903 6 -24 0 55 55
638 8 500 0 -24 -12851 0 55 0
639 8 1100 0 6 -12851 0 55 0
640 8 500 0 -6 -12851 0 60 0
641 8 903 0 6 -12851 0 55 0
642 8 609 0 6 -12851 0 55 0
643 8 903 0 24 -12851 0 55 0
644 12 609 742 -6 24 1 51 51
645 12 1100 742 6 -24 1 55 51
646 8 1100 0 -24 -12851 0 55 0
647 12 742 609 -6 24 0 55 55
648 8 903 0 6 -12851 1 55 0
649 8 1100 0 24 -12851 1 60 0
650 12 742 1100 -6 24 0 55 55
651 12 500 742 -6 24 0 55 51
652 8 742 0 6 -12851 0 55 0
653 8 742 0 -24 -12851 1 55 0
654 12 903 742 -6 24 0 55 51
655 8 742 0 -24 -12851 1 55 0
656 12 903 742 -6 24 0 55 55
657 12 742 609 -6 24 0 51 51
658 8 903 0 -6 -12851 0 60 0
659 8 903 0 6 -12851 0 60 0
660 8 742 0 6 -12851 0 60 0
661 8 742 0 24 -12851 0 55 0
662 12 742 609 6 -24 0 55 51
663 12 742 903 6 -24 0 51 55
664 12 609 742 6 -24 0 55 51
665 12 742 609 6 -24 0 55 55
666 8 903 0 -6 -12851 0 55 0
667 8 1100 0 24 -12851 0 60 0
668 8 500 0 24 -12851 0 55 0
669 12 500 742 6 -24 0 55 51
670 8 1100 0 -6 -12851 0 55 0
671 8 1100 0 -6 -12851 0 55 0
672 8 500 0 24 -12851 0 60 0
673 8 609 0 6 -12851 0 55 0
674 8 500 0 -24 -12851 0 60 0
675 8 609 0 6 -12851 0 55 0
676 12 742 1100 -6 24 0 55 55
677 8 609 0 -6 -12851 0 55 0
678 12 742 903 6 -24 0 51 51
679 8 903 0 -6 -12851 0 55 0
680 8 742 0 24 -12851 0 55 0
681 12 500 742 -6 24 0 55 55
682 8 500 0 -6 -12851 0 60 0
683 12 742 1100 -6 24 0 55 55
684 12 742 1100 -6 24 0 51 51
685 12 1100 742 -6 24 0 55 51
686 8 500 0 -6 -12851 0 55 0
687 8 1100 0 24 -12851 0 60 0
688 12 742 609 -6 24 0 55 55
689 8 500 0 24 -12851 0 55 0
690 12 903 742 6 -24 0 55 51
691 8 903 0 6 -12851 0 55 0
692 8 1100 0 -6 -12851 0 60 0
693 8 1100 0 6 -12851 0 55 0
694 8 903 0 24 -12851 0 60 0
695 8 903 0 6 -12851 0 55 0
696 12 609 742 6 -24 0 55 55
697 12 742 903 -6 24 0 55 55
698 8 609 0 24 -12851 0 60 0
699 8 742 0 6 -12851 0 60 0
700 8 609 0 24 -12851 0 55 0
701 12 742 903 6 -24 0 55 55
702 8 742 0 24 -12851 0 60 0
703 8 500 0 -6 -12851 0 60 0
704 8 742 0 24 -12851 0 60 0
705 8 609 0 6 -12851 0 60 0
706 8 903 0 -24 -12851 0 55 0
707 12 742 903 6 -24 0 55 55
708 8 903 0 24 -12851 0 55 0
709 12 742 609 6 -24 0 51 51
710 12 609 742 -6 24 0 51 51
711 8 742 0 6 -12851 0 55 0
712 8 609 0 6 -12851 0 55 0
713 8 903 0 -6 -12851 0 60 0
714 8 609 0 -6 -12851 0 60 0
715 8 500 0 -6 -12851 0 55 0
716 8 903 0 -24 -12851 0 60 0
717 8 1100 0 24 -12851 0 60 0
718 8 742 0 6 -12851 0 55 0
719 12 500 742 6 -24 0 51 51
720 8 609 0 24 -12851 0 60 0
721 8 1100 0 24 -12851 0 60 0
722 8 742 0 -24 -12851 0 55 0
723 12 742 1100 -6 24 0 55 55
724 8 500 0 6 -12851 0 55 0
725 8 500 0 24 -12851 0 55 0
726 8 1100 0 -24 -12851 0 60 0
727 8 1100 0 -6 -12851 0 60 0
728 8 1100 0 -24 -12851 0 60 0
729 8 1100 0 24 -12851 0 60 0
730 12 903 742 6 -24 0 55 55
731 8 1100 0 6 -12851 0 60 0
732 12 1100 742 6 -24 0 55 55
733 8 903 0 6 -12851 0 60 0
734 8 903 0 -24 -12851 0 55 0
735 8 609 0 -6 -12851 0 60 0
736 8 609 0 -24 -12851 0 55 0
737 12 1100 742 -6 24 0 55 55
738 12 1100 742 -6 24 0 55 51
739 12 742 500 -6 24 0 51 55
740 8 609 0 -24 -12851 0 60 0
741 8 500 0 -6 -12851 0 60 0
742 12 742 903 -6 24 0 55 55
743 8 903 0 -6 -12851 0 55 0
744 12 742 903 6 -24 0 55 55
745 8 500 0 24 -12851 0 55 0
746 8 500 0 -24 -12851 0 60 0
747 12 742 609 -6 24 0 55 51
748 12 742 609 6 -24 0 55 51
749 12 609 742 -6 24 0 55 51
750 8 742 0 6 -12851 0 55 0
751 12 500 742 6 -24 0 51 51
752 12 1100 742 6 -24 0 55 51
753 8 742 0 -6 -12851 0 60 0
754 8 742 0 -6 -12851 0 60 0
755 12 609 742 6 -24 0 55 51
756 12 742 500 -6 24 0 51 55
757 12 742 500 6 -24 0 55 55
758 8 609 0 6 -12851 0 55 0
759 12 742 500 6 -24 0 51 51
760 8 609 0 24 -12851 0 55 0
761 12 903 742 -6 24 0 55 51
762 8 500 0 -24 -12851 0 60 0
763 12 903 742 6 -24 0 51 55
764 8 1100 0 -24 -12851 0 55 0
765 12 609 742 -6 24 0 55 55
766 8 1100 0 24 -12851 0 55 0
767 12 742 609 -6 24 0 51 51
768 8 1100 0 6 -12851 0 60 0
769 12 1100 742 6 -24 0 51 51
770 8 500 0 -6 -12851 0 60 0
771 8 500 0 6 -12851 0 60 0
772 8 609 0 -24 -12851 0 55 0
773 12 742 609 6 -24 0 51 55
774 12 742 903 6 -24 0 51 51
775 8 609 0 6 -12851 0 60 0
776 12 1100 742 6 -24 0 51 55
777 8 742 0 -24 -12851 0 60 0
778 12 903 742 -6 24 0 55 55
779 12 742 1100 -6 24 0 51 51
780 8 903 0 -6 -12851 0 55 0
781 12 903 742 -6 24 0 55 51
782 12 1100 742 6 -24 0 55 51
783 12 742 903 6 -24 0 55 55
784 12 1100 742 -6 24 0 51 51
785 8 742 0 6 -12851 0 55 0
786 12 742 1100 6 -24 0 55 55
787 12 742 500 6 -24 0 51 55
788 8 903 0 24 -12851 0 55 0
789 8 742 0 -6 -12851 0 55 0
790 8 903 0 6 -12851 0 60 0
791 8 500 0 -24 -12851 0 60 0
792 8 500 0 -24 -12851 0 60 0
793 8 500 0 -6 -12851 0 60 0
794 12 742 609 6 -24 0 55 51
795 8 609 0 6 -12851 0 55 0
796 12 609 742 -6 24 0 55 51
797 12 742 903 -6 24 0 55 51
798 12 500 742 -6 24 0 55 51
799 8 1100 0 24 -12851 0 55 0
800 12 500 742 -6 24 0 55 55
801 8 1100 0 24 -12851 0 60 0
802 12 1100 742 -6 24 0 55 51
803 12 500 742 6 -24 0 51 51
804 12 500 742 6 -24 0 55 55
805 8 500 0 -6 -12851 0 55 0
806 8 609 0 -6 -12851 0 60 0
807 8 903 0 -24 -12851 0 55 0
808 12 500 742 -6 24 0 55 51
809 8 903 0 -24 -12851 0 60 0
810 8 903 0 24 -12851 0 60 0
811 8 1100 0 24 -12851 0 55 0
812 8 742 0 -6 -12851 0 60 0
813 8 609 0 6 -12851 0 60 0
814 8 742 0 -6 -12851 0 60 0
815 8 742 0 -6 -12851 0 55 0
816 8 742 0 -6 -12851 0 55 0
817 12 609 742 6 -24 0 55 55
818 8 742 0 6 -12851 0 60 0
819 8 1100 0 -6 -12851 0 55 0
820 12 742 500 6 -24 0 51 55
821 12 742 500 -6 24 0 55 51
822 8 500 0 -24 -12851 0 60 0
823 8 903 0 -6 -12851 0 60 0
824 12 903 742 6 -24 0 51 51
825 12 742 903 -6 24 0 51 51
826 8 742 0 6 -12851 0 55 0
827 8 609 0 -24 -12851 0 60 0
828 8 1100 0 24 -12851 0 55 0
829 8 500 0 -6 -12851 0 60 0
830 12 500 742 6 -24 0 55 51
831 8 500 0 6 -12851 0 55 0
832 12 500 742 -6 24 0 55 55
833 12 500 742 -6 24 0 51 51
834 8 1100 0 -6 -12851 0 55 0
835 12 609 742 6 -24 0 55 51
836 8 903 0 -24 -12851 0 60 0
837 12 1100 742 -6 24 0 55 51
838 12 500 742 6 -24 0 51 51
839 8 609 0 24 -12851 0 60 0
840 12 1100 742 -6 24 0 51 51
841 12 500 742 -6 24 0 55 55
842 8 903 0 24 -12851 0 55 0
843 8 609 0 6 -12851 0 55 0
844 8 742 0 -6 -12851 0 55 0
845 12 742 500 6 -24 0 55 51
846 12 742 1100 -6 24 0 51 55
847 8 1100 0 -24 -12851 0 55 0
848 12 1100 742 6 -24 0 55 51
849 8 1100 0 24 -12851 0 60 0
850 8 903 0 -24 -12851 0 55 0
851 12 742 903 6 -24 0 55 51
852 8 500 0 6 -12851 0 60 0
853 8 500 0 6 -12851 0 60 0
854 8 609 0 -24 -12851 0 55 0
855 8 609 0 6 -12851 0 60 0
856 12 1100 742 -6 24 0 55 55
857 8 903 0 -24 -12851 0 60 0
858 12 903 742 -6 24 0 51 51
859 8 742 0 6 -12851 0 55 0
860 8 609 0 6 -12851 0 55 0
861 12 1100 742 6 -24 0 51 51
862 8 1100 0 24 -12851 0 55 0
863 8 1100 0 -24 -12851 0 60 0
864 8 903 0 -24 -12851 0 55 0
865 8 742 0 24 -12851 0 55 0
866 8 742 0 -6 -12851 0 60 0
867 8 500 0 6 -12851 0 55 0
868 8 742 0 6 -12851 0 60 0
869 8 742 0 -6 -12851 0 55 0
870 8 742 0 24 -12851 0 55 0
871 8 742 0 6 -12851 0 55 0
872 12 742 500 -6 24 0 51 55
873 12 609 742 -6 24 0 55 51
874 12 742 903 -6 24 0 55 51
875 12 1100 742 6 -24 0 51 51
876 8 500 0 -6 -12851 0 60 0
877 12 1100 742 -6 24 0 51 55
878 8 1100 0 -6 -12851 0 55 0
879 12 742 609 6 -24 0 51 55
880 12 903 742 -6 24 0 51 55
881 8 609 0 -24 -12851 0 55 0
882 12 742 609 -6 24 0 51 51
883 8 903 0 24 -12851 0 55 0
884 12 903 742 6 -24 0 55 55
885 8 609 0 -24 -12851 0 60 0
886 8 609 0 6 -12851 0 60 0
887 8 500 0 24 -12851 0 55 0
888 12 609 742 6 -24 0 55 55
889 8 1100 0 6 -12851 0 60 0
890 8 500 0 6 -12851 0 55 0
891 8 1100 0 -24 -12851 0 55 0
892 12 742 609 6 -24 0 55 55
893 8 903 0 -24 -12851 0 60 0
894 8 903 0 -24 -12851 0 55 0
895 12 742 1100 -6 24 0 55 55
896 8 500 0 6 -12851 0 60 0
897 8 500 0 24 -12851 0 55 0
898 12 742 609 -6 24 0 55 55
899 12 742 903 6 -24 0 55 51
900 12 1100 742 -6 24 0 51 55
901 8 609 0 24 -12851 0 55 0
902 12 609 742 -6 24 0 51 55
903 8 1100 0 -24 -12851 0 60 0
904 12 742 500 6 -24 0 55 55
905 8 903 0 -24 -12851 0 55 0
906 8 609 0 -24 -12851 0 60 0
907 8 500 0 24 -12851 0 60 0
908 8 500 0 -6 -12851 0 60 0
909 8 1100 0 24 -12851 0 55 0
910 8 742 0 -24 -12851 0 60 0
911 8 1100 0 -24 -12851 0 60 0
912 8 903 0 6 -12851 0 60 0
913 8 742 0 -24 -12851 0 55 0
914 8 609 0 -24 -12851 0 55 0
915 12 742 1100 -6 24 0 55 51
916 12 742 500 -6 24 0 55 51
917 12 903 742 6 -24 0 55 51
918 12 742 609 -6 24 0 55 55
919 8 742 0 24 -12851 0 55 0
920 12 742 609 -6 24 0 51 55
921 12 903 742 6 -24 0 51 51
922 12 609 742 6 -24 0 55 55
923 8 903 0 -6 -12851 0 60 0
924 8 1100 0 -24 -12851 0 60 0
925 12 742 609 6 -24 0 55 55
926 12 742 609 -6 24 0 55 51
927 12 742 903 -6 24 0 51 51
928 8 1100 0 24 -12851 0 60 0
929 8 500 0 -6 -12851 0 60 0
930 8 742 0 24 -12851 0 60 0
931 12 742 500 6 -24 0 51 51
932 12 742 1100 -6 24 0 51 55
933 8 1100 0 6 -12851 0 55 0
934 8 903 0 6 -12851 0 60 0
935 12 1100 742 6 -24 0 51 55
936 8 1100 0 -6 -12851 0 60 0
937 12 742 500 6 -24 0 55 55
938 8 500 0 24 -12851 0 60 0
939 8 609 0 -6 -12851 0 55 0
940 8 609 0 -6 -12851 0 55 0
941 8 609 0 -6 -12851 0 60 0
942 8 903 0 -24 -12851 0 55 0
943 12 742 500 -6 24 0 55 55
944 8 903 0 -24 -12851 0 55 0
945 8 500 0 24 -12851 0 55 0
946 8 742 0 6 -12851 0 55 0
947 8 742 0 -24 -12851 0 60 0
948 12 500 742 6 -24 0 51 55
949 8 903 0 24 -12851 0 60 0
950 12 742 500 -6 24 0 55 55
951 8 903 0 24 -12851 0 55 0
952 8 1100 0 24 -12851 0 60 0
953 12 742 1100 6 -24 0 51 51
954 8 1100 0 -6 -12851 0 55 0
955 8 742 0 6 -12851 0 60 0
956 8 609 0 -6 -12851 0 60 0
957 8 500 0 -24 -12851 0 55 0
958 8 742 0 -24 -12851 0 60 0
959 12 742 1100 -6 24 0 51 51
960 12 609 742 -6 24 0 51 55
961 8 742 0 -6 -12851 0 60 0
962 8 903 0 6 -12851 0 60 0
963 8 609 0 -24 -12851 0 60 0
964 8 500 0 6 -12851 0 60 0
965 12 903 742 6 -24 0 55 55
966 8 609 0 -24 -12851 0 60 0
967 12 609 742 -6 24 0 51 51
968 12 742 903 6 -24 0 51 51
969 8 903 0 -24 -12851 0 55 0
970 8 1100 0 -24 -12851 0 60 0
971 12 742 1100 6 -24 0 55 51
972 8 500 0 24 -12851 0 60 0
973 8 609 0 -6 -12851 0 55 0
974 8 609 0 6 -12851 0 60 0
975 12 742 903 -6 24 0 51 51
976 8 903 0 24 -12851 0 55 0
977 8 903 0 -24 -12851 0 55 0
978 8 903 0 6 -12851 0 60 0
979 8 500 0 24 -12851 0 60 0
980 12 500 742 -6 24 0 51 51
981 8 500 0 -24 -12851 0 55 0
982 8 500 0 -6 -12851 0 60 0
983 12 903 742 -6 24 0 51 51
984 12 1100 742 -6 24 0 55 55
985 12 742 500 -6 24 0 51 55
986 12 742 903 6 -24 0 51 55
987 8 1100 0 24 -12851 0 60 0
988 12 500 742 6 -24 0 55 55
989 8 742 0 -6 -12851 0 60 0
990 12 500 742 -6 24 0 55 55
991 8 742 0 -24 -12851 0 60 0
992 12 742 500 -6 24 0 55 55
993 8 609 0 6 -12851 0 60 0
994 8 609 0 24 -12851 0 60 0
995 8 1100 0 24 -12851 0 60 0
996 8 1100 0 -24 -12851 0 55 0
997 8 742 0 6 -12851 0 60 0
998 12 903 742 6 -24 0 55 55
999 8 500 0 -24 -12851 0 60 0
1000 12 1100 742 -6 24 0 51 51
1001 12 742 1100 6 -24 0 51 51
1002 8 500 0 -6 -12851 0 60 0
1003 12 500 742 -6 24 0 51 51
1004 12 903 742 -6 24 0 55 51
1005 8 500 0 -6 -12851 0 55 0
1006 8 609 0 24 -12851 0 55 0
1007 12 742 609 6 -24 0 51 51
1008 12 1100 742 -6 24 0 55 55
1009 12 500 742 6 -24 0 51 55
1010 12 609 742 6 -24 0 55 51
1011 12 1100 742 6 -24 0 55 51
1012 8 1100 0 -6 -12851 0 55 0
1013 8 1100 0 24 -12851 0 55 0
1014 8 500 0 -24 -12851 0 60 0
1015 12 903 742 6 -24 0 51 51
1016 8 609 0 -6 -12851 0 60 0
1017 12 742 500 -6 24 0 55 55
1018 8 903 0 -6 -12851 0 60 0
1019 8 903 0 24 -12851 0 55 0
1020 12 1100 742 6 -24 0 55 55
1021 8 903 0 24 -12851 0 55 0
1022 12 609 742 6 -24 0 55 51
1023 8 1100 0 6 -12851 0 60 0
1024 8 742 0 6 -12851 0 60 0
1025 8 609 0 6 -12851 0 55 0
1026 8 742 0 -24 -12851 0 60 0
1027 8 742 0 6 -12851 0 60 0
1028 12 742 609 -6 24 0 51 55
1029 8 500 0 -24 -12851 0 55 0
1030 12 609 742 -6 24 0 51 55
1031 8 500 0 24 -12851 0 55 0
1032 12 742 609 6 -24 0 55 55
1033 12 500 742 -6 24 0 51 55
1034 8 903 0 -6 -12851 0 55 0
1035 8 742 0 -24 -12851 0 60 0
1036 8 903 0 6 -12851 0 55 0
1037 8 500 0 24 -12851 0 55 0
1038 8 609 0 -24 -12851 0 60 0
1039 12 742 903 -6 24 0 51 55
1040 12 742 609 -6 24 0 55 55
1041 12 742 903 -6 24 0 55 51
1042 12 609 742 -6 24 0 55 51
1043 12 500 742 6 -24 0 51 51
1044 8 500 0 24 -12851 0 55 0
1045 8 609 0 -6 -12851 0 60 0
1046 12 903 742 -6 24 0 55 55
1047 12 1100 742 -6 24 0 55 55
1048 8 742 0 -24 -12851 0 55 0
1049 8 609 0 6 -12851 0 55 0
1050 12 609 742 6 -24 0 51 51
1051 12 500 742 6 -24 0 51 55
1052 8 742 0 24 -12851 0 55 0
1053 12 500 742 6 -24 0 51 51
1054 8 1100 0 24 -12851 0 60 0
1055 12 742 500 6 -24 0 51 55
1056 8 903 0 -24 -12851 0 60 0
1057 12 1100 742 -6 24 0 51 55
1058 12 500 742 -6 24 0 51 51
1059 8 1100 0 -6 -12851 0 60 0
1060 8 1100 0 -24 -12851 1 55 0
1061 12 903 742 6 -24 0 55 55
1062 8 903 0 24 -12851 0 55 0
1063 12 1100 742 -6 24 0 55 51
1064 8 903 0 -24 -12851 1 60 0
1065 8 1100 0 -6 -12851 1 60 0
1066 8 742 0 -6 -12851 1 55 0
1067 8 609 0 -6 -12851 1 60 0
1068 8 1100 0 -6 -12851 0 55 0
1069 12 742 903 -6 24 0 51 51
1070 8 903 0 -24 -12851 0 60 0
1071 8 500 0 -6 -12851 1 55 0
1072 12 1100 742 6 -24 1 55 51
1073 8 742 0 24 -12851 0 55 0
1074 8 1100 0 6 -12851 0 60 0
1075 12 742 1100 6 -24 0 51 51
1076 8 742 0 24 -12851 0 55 0
1077 12 742 1100 6 -24 0 55 55
1078 12 500 742 -6 24 0 51 55
1079 12 742 500 -6 24 0 55 51
1080 8 609 0 -6 -12851 1 55 0
1081 8 609 0 -6 -12851 0 60 0
1082 12 742 500 -6 24 0 51 55
1083 8 903 0 6 -12851 1 55 0
1084 12 1100 742 6 -24 0 51 55
1085 8 500 0 6 -12851 1 60 0
1086 8 500 0 -6 -12851 1 55 0
1087 8 500 0 -6 -12851 1 60 0
1088 8 500 0 -24 -12851 1 55 0
1089 8 742 0 24 -12851 0 55 0
1090 12 742 903 6 -24 0 55 55
1091 8 903 0 -6 -12851 0 60 0
1092 8 742 0 6 -12851 1 60 0
1093 12 500 742 6 -24 1 55 55
1094 8 903 0 -6 -12851 1 55 0
1095 8 742 0 6 -12851 1 55 0
1096 8 903 0 24 -12851 1 60 0
1097 12 609 742 -6 24 0 55 51
1098 8 609 0 -6 -12851 0 55 0
1099 8 609 0 6 -12851 1 60 0
1100 8 1100 0 -6 -12851 1 55 0
1101 8 609 0 -24 -12851 0 60 0
1102 8 1100 0 -24 -12851 1 60 0
1103 12 742 609 -6 24 0 51 51
1104 8 500 0 -6 -12851 1 60 0
1105 8 1100 0 6 -12851 0 60 0
1106 12 742 903 -6 24 0 51 51
1107 12 742 609 -6 24 0 55 55
1108 8 500 0 24 -12851 0 60 0
1109 8 500 0 -6 -12851 0 60 0
1110 12 1100 742 -6 24 0 51 51
1111 12 742 1100 6 -24 0 51 51
1112 12 609 742 -6 24 0 51 55
1113 8 500 0 -24 -12851 1 60 0
1114 12 500 742 6 -24 1 55 55
1115 8 1100 0 24 -12851 1 60 0
1116 8 500 0 6 -12851 0 60 0
1117 8 903 0 -24 -12851 1 55 0
1118 8 1100 0 -6 -12851 1 60 0
1119 8 1100 0 6 -12851 1 60 0
1120 8 903 0 -6 -12851 0 60 0
1121 8 903 0 6 -12851 1 55 0
1122 8 609 0 6 -12851 1 55 0
1123 8 742 0 6 -12851 1 60 0
1124 12 500 742 -6 24 0 51 51
1125 8 609 0 -6 -12851 0 55 0
1126 8 742 0 -6 -12851 0 60 0
1127 12 742 903 -6 24 0 51 51
1128 8 500 0 -24 -12851 1 55 0
1129 12 1100 742 6 -24 0 51 51
1130 8 742 0 6 -12851 0 55 0
1131 12 742 609 6 -24 0 55 55
1132 8 609 0 24 -12851 0 55 0
1133 12 609 742 6 -24 1 51 55
1134 12 742 903 6 -24 0 51 51
1135 12 1100 742 -6 24 0 51 51
1136 12 742 500 -6 24 0 55 51
1137 8 1100 0 -24 -12851 0 55 0
1138 8 1100 0 6 -12851 0 60 0
1139 12 1100 742 6 -24 0 55 55
1140 12 1100 742 -6 24 1 55 51
1141 8 1100 0 24 -12851 1 55 0
1142 12 742 903 -6 24 1 55 55
1143 12 742 609 6 -24 1 51 51
1144 8 1100 0 -6 -12851 0 55 0
1145 12 500 742 6 -24 1 55 51
1146 12 742 500 -6 24 0 51 55
1147 8 500 0 24 -12851 0 60 0
1148 12 742 1100 -6 24 0 55 55
1149 8 500 0 -24 -12851 0 60 0
1150 8 609 0 6 -12851 0 55 0
1151 8 609 0 24 -12851 0 60 0
1152 12 742 500 6 -24 0 51 55
1153 12 742 903 -6 24 0 51 55
1154 8 742 0 -24 -12851 0 60 0
1155 8 609 0 -24 -12851 0 55 0
1156 8 500 0 6 -12851 0 60 0
1157 12 903 742 6 -24 0 55 51
1158 8 903 0 24 -12851 0 55 0
1159 8 903 0 -6 -12851 0 55 0
1160 8 742 0 -6 -12851 0 55 0
1161 8 742 0 -24 -12851 0 55 0
1162 8 903 0 -24 -12851 0 60 0
1163 12 742 500 -6 24 0 51 55
1164 12 742 1100 -6 24 0 55 51
1165 8 609 0 -6 -12851 1 60 0
1166 8 609 0 -6 -12851 1 55 0
1167 8 742 0 -24 -12851 0 60 0
1168 12 742 1100 -6 24 1 51 55
1169 12 903 742 6 -24 1 51 55
1170 8 742 0 -6 -12851 1 60 0
1171 12 1100 742 -6 24 1 51 51
1172 8 903 0 -24 -12851 1 55 0
1173 12 742 500 6 -24 1 51 51
1174 12 609 742 6 -24 0 51 55
1175 8 500 0 24 -12851 0 60 0
1176 8 903 0 6 -12851 1 55 0
1177 8 903 0 6 -12851 1 60 0
1178 8 609 0 6 -12851 1 60 0
1179 12 500 742 -6 24 1 51 51
1180 8 1100 0 -6 -12851 0 55 0
1181 8 742 0 -6 -12851 1 55 0
1182 8 1100 0 6 -12851 1 60 0
1183 12 742 903 -6 24 0 51 51
1184 12 742 500 6 -24 1 51 51
1185 12 500 742 -6 24 0 51 55
1186 12 1100 742 6 -24 1 51 51
1187 12 500 742 6 -24 1 51 51
1188 8 500 0 -6 -12851 1 60 0
1189 8 1100 0 24 -12851 0 55 0
1190 8 500 0 -6 -12851 0 60 0
1191 12 742 609 6 -24 1 51 55
1192 12 609 742 -6 24 1 55 51
1193 8 609 0 6 -12851 1 55 0
1194 8 500 0 -24 -12851 0 60 0
1195 8 500 0 -6 -12851 0 60 0
1196 8 500 0 6 -12851 1 55 0
1197 12 903 742 -6 24 1 51 51
1198 12 742 609 6 -24 1 51 51
1199 12 1100 742 -6 24 1 51 51
1200 12 742 1100 -6 24 1 55 51
1201 8 609 0 -24 -12851 0 55 0
1202 12 500 742 6 -24 0 51 55
1203 12 742 500 -6 24 1 51 55
1204 12 742 609 -6 24 0 55 51
1205 12 903 742 6 -24 1 55 55
1206 8 1100 0 6 -12851 1 55 0
1207 12 742 1100 -6 24 1 51 51
1208 8 1100 0 -24 -12851 0 55 0
1209 12 609 742 6 -24 1 51 55
1210 12 903 742 -6 24 1 55 55
1211 12 742 609 -6 24 1 51 51
1212 12 742 903 -6 24 1 51 51
1213 8 500 0 6 -12851 1 55 0
1214 8 609 0 -24 -12851 1 55 0
1215 12 742 1100 6 -24 1 51 51
1216 8 903 0 24 -12851 1 55 0
1217 12 903 742 6 -24 0 55 51
1218 8 903 0 -24 -12851 0 55 0
1219 8 903 0 6 -12851 1 60 0
1220 8 1100 0 24 -12851 1 55 0
1221 8 742 0 6 -12851 1 60 0
1222 12 742 903 6 -24 1 51 51
1223 8 609 0 24 -12851 1 60 0
1224 12 1100 742 -6 24 1 51 51
1225 8 742 0 6 -12851 0 55 0
1226 12 903 742 6 -24 1 55 51
1227 12 742 500 6 -24 1 51 55
1228 8 742 0 -24 -12851 1 60 0
1229 12 500 742 -6 24 0 55 51
1230 12 903 742 6 -24 1 55 55
1231 12 903 742 6 -24 1 51 51
1232 12 1100 742 -6 24 1 55 55
1233 12 742 903 -6 24 1 55 55
1234 8 742 0 -24 -12851 0 60 0
1235 8 742 0 -6 -12851 0 60 0
1236 8 1100 0 -24 -12851 1 60 0
1237 8 500 0 6 -12851 1 55 0
1238 12 742 1100 6 -24 1 55 55
1239 8 903 0 -6 -12851 1 55 0
1240 12 742 1100 -6 24 0 55 51
1241 8 742 0 24 -12851 1 60 0
1242 12 903 742 -6 24 1 55 55
1243 12 609 742 -6 24 0 51 51
1244 8 609 0 -24 -12851 0 60 0
1245 8 1100 0 6 -12851 0 60 0
1246 12 742 903 6 -24 1 55 55
1247 8 500 0 24 -12851 1 55 0
1248 8 500 0 -24 -12851 0 55 0
1249 12 500 742 -6 24 0 55 55
1250 12 609 742 6 -24 0 55 51
1251 12 903 742 -6 24 0 51 55
1252 12 742 1100 6 -24 0 55 51
1253 12 742 903 6 -24 0 51 51
1254 8 1100 0 24 -12851 0 55 0
1255 8 903 0 24 -12851 1 60 0
1256 12 742 903 -6 24 0 51 51
1257 12 742 1100 -6 24 1 51 55
1258 12 1100 742 -6 24 1 55 51
1259 8 609 0 -24 -12851 1 60 0
1260 12 742 903 -6 24 1 55 55
1261 12 609 742 -6 24 1 51 51
1262 12 742 609 6 -24 0 55 51
1263 8 903 0 6 -12851 1 60 0
1264 8 609 0 -6 -12851 0 55 0
1265 8 742 0 24 -12851 1 55 0
1266 12 742 609 -6 24 0 51 51
1267 8 1100 0 24 -12851 1 55 0
1268 8 1100 0 -24 -12851 0 55 0
1269 8 500 0 -24 -12851 0 55 0
1270 8 742 0 -24 -12851 1 60 0
1271 12 742 609 6 -24 0 51 55
1272 8 609 0 24 -12851 1 55 0
1273 12 742 500 6 -24 0 51 51
1274 8 609 0 -6 -12851 1 55 0
1275 8 500 0 6 -12851 1 55 0
1276 12 742 609 6 -24 0 55 55
1277 12 1100 742 6 -24 0 55 51
1278 8 500 0 -24 -12851 0 60 0
1279 12 742 500 6 -24 0 55 51
1280 8 609 0 -6 -12851 0 55 0
1281 8 742 0 -24 -12851 1 60 0
1282 8 742 0 -6 -12851 0 55 0
1283 12 500 742 -6 24 1 51 51
1284 12 903 742 6 -24 0 55 55
1285 8 903 0 -24 -12851 1 60 0
1286 8 903 0 -6 -12851 0 55 0
1287 8 1100 0 24 -12851 1 60 0
1288 12 500 742 -6 24 1 51 55
1289 12 742 500 6 -24 1 55 55
1290 12 742 609 6 -24 0 51 51
1291 8 903 0 -6 -12851 0 60 0
1292 12 903 742 6 -24 0 51 51
1293 12 742 500 6 -24 0 55 51
1294 8 1100 0 24 -12851 1 60 0
1295 8 742 0 -24 -12851 0 60 0
1296 8 742 0 -6 -12851 0 60 0
1297 12 500 742 -6 24 1 51 55
1298 8 903 0 24 -12851 1 55 0
1299 8 500 0 6 -12851 1 55 0
1300 8 500 0 -24 -12851 1 55 0
1301 8 609 0 -24 -12851 0 55 0
1302 12 609 742 6 -24 1 55 51
1303 8 609 0 24 -12851 0 60 0
1304 8 742 0 24 -12851 1 55 0
1305 12 903 742 6 -24 1 55 51
1306 12 742 903 -6 24 1 55 51
1307 12 1100 742 6 -24 0 55 55
1308 8 609 0 24 -12851 1 60 0
1309 8 742 0 6 -12851 1 55 0
1310 12 1100 742 -6 24 1 55 55
1311 12 742 609 6 -24 0 55 51
1312 12 742 500 6 -24 0 51 51
1313 8 500 0 -24 -12851 0 60 0
1314 8 903 0 -24 -12851 0 60 0
1315 8 903 0 24 -12851 0 55 0
1316 12 1100 742 -6 24 0 51 51
1317 12 609 742 -6 24 0 55 55
1318 8 1100 0 6 -12851 0 60 0
1319 12 742 1100 -6 24 0 55 51
1320 12 742 609 6 -24 0 51 51
1321 8 1100 0 6 -12851 0 55 0
1322 8 1100 0 -6 -12851 0 55 0
1323 12 500 742 -6 24 0 51 51
1324 8 609 0 24 -12851 0 55 0
1325 8 609 0 6 -12851 0 55 0
1326 8 742 0 -24 -12851 0 60 0
1327 12 1100 742 -6 24 0 55 51
1328 12 1100 742 6 -24 0 55 55
1329 8 609 0 6 -12851 0 60 0
1330 8 609 0 -24 -12851 0 60 0
1331 12 742 609 -6 24 0 51 51
1332 12 742 1100 6 -24 0 55 51
1333 12 609 742 -6 24 0 55 51
1334 8 1100 0 -24 -12851 0 55 0
1335 12 742 500 6 -24 0 51 51
1336 12 1100 742 6 -24 0 51 51
1337 12 742 500 6 -24 0 51 51
1338 8 1100 0 6 -12851 0 60 0
1339 12 742 1100 6 -24 0 51 55
1340 8 1100 0 -24 -12851 0 55 0
1341 8 903 0 6 -12851 0 55 0
1342 8 903 0 -24 -12851 0 55 0
1343 12 742 609 -6 24 0 55 55
1344 12 742 500 6 -24 0 55 51
1345 12 903 742 6 -24 0 55 55
1346 12 742 1100 6 -24 0 51 55
1347 12 609 742 -6 24 0 51 51
1348 12 742 903 6 -24 0 51 55
1349 8 742 0 -24 -12851 0 55 0
1350 12 903 742 6 -24 0 51 55
1351 12 903 742 6 -24 0 51 55
1352 12 742 609 -6 24 0 55 51
1353 12 742 609 -6 24 0 51 51
1354 8 500 0 6 -12851 0 55 0
1355 12 1100 742 -6 24 0 55 55
1356 8 500 0 -24 -12851 0 55 0
1357 8 500 0 24 -12851 0 55 0
1358 12 1100 742 -6 24 0 51 51
1359 8 903 0 -24 -12851 0 60 0
1360 12 742 1100 6 -24 0 51 55
1361 8 742 0 6 -12851 0 60 0
1362 12 742 1100 6 -24 0 51 51
1363 8 903 0 24 -12851 0 55 0
1364 8 903 0 -24 -12851 0 55 0
1365 8 903 0 6 -12851 0 55 0
1366 8 903 0 -24 -12851 0 55 0
1367 8 609 0 -6 -12851 0 60 0
1368 8 742 0 -6 -12851 0 60 0
1369 12 1100 742 -6 24 0 51 51
1370 12 742 1100 6 -24 0 51 55
1371 8 742 0 6 -12851 0 55 0
1372 8 500 0 -24 -12851 0 60 0
1373 8 500 0 24 -12851 0 55 0
1374 8 500 0 -6 -12851 0 55 0
1375 8 1100 0 -24 -12851 0 60 0
1376 8 742 0 -24 -12851 0 55 0
1377 8 1100 0 -24 -12851 0 55 0
1378 8 1100 0 -6 -12851 0 55 0
1379 8 609 0 -24 -12851 0 55 0
1380 8 609 0 -6 -12851 0 55 0
1381 12 1100 742 6 -24 0 55 51
1382 8 742 0 6 -12851 0 55 0
1383 8 742 0 -6 -12851 0 60 0
1384 12 500 742 6 -24 0 51 51
1385 8 742 0 24 -12851 0 60 0
1386 8 609 0 24 -12851 0 55 0
1387 8 903 0 -6 -12851 0 60 0
1388 12 903 742 -6 24 0 51 55
1389 8 742 0 24 -12851 0 55 0
1390 8 1100 0 -6 -12851 0 55 0
1391 8 1100 0 6 -12851 0 60 0
1392 12 742 609 6 -24 0 51 55
1393 12 742 609 6 -24 0 51 55
1394 12 609 742 -6 24 0 51 55
1395 8 609 0 6 -12851 0 60 0
1396 12 742 1100 6 -24 0 55 51
1397 8 500 0 6 -12851 0 55 0
1398 8 609 0 -24 -12851 0 55 0
1399 8 903 0 -6 -12851 0 60 0
1400 8 1100 0 24 -12851 0 55 0
1401 8 903 0 24 -12851 0 55 0
1402 8 500 0 -6 -12851 0 55 0
1403 12 903 742 6 -24 0 55 55
1404 8 500 0 -6 -12851 0 60 0
1405 12 500 742 6 -24 0 55 55
1406 12 609 742 -6 24 0 51 51
1407 8 500 0 24 -12851 0 55 0
1408 12 1100 742 6 -24 0 51 51
1409 12 742 1100 6 -24 0 51 51
1410 12 742 609 -6 24 0 51 51
1411 8 500 0 -24 -12851 0 60 0
1412 8 903 0 24 -12851 0 55 0
1413 12 609 742 6 -24 0 51 55
1414 12 1100 742 6 -24 0 51 51
1415 8 742 0 24 -12851 0 55 0
1416 8 903 0 6 -12851 0 60 0
1417 12 742 1100 6 -24 0 51 55
1418 8 500 0 -24 -12851 0 55 0
1419 12 500 742 -6 24 0 51 51
1420 8 609 0 -6 -12851 0 55 0
1421 12 742 903 -6 24 0 51 55
1422 12 609 742 -6 24 0 55 55
1423 8 500 0 -6 -12851 0 55 0
1424 8 609 0 6 -12851 0 60 0
1425 12 742 609 6 -24 0 51 55
1426 8 742 0 24 -12851 0 60 0
1427 8 609 0 24 -12851 0 55 0
1428 12 742 903 -6 24 0 51 51
1429 12 742 903 6 -24 0 55 51
1430 8 742 0 -24 -12851 0 60 0
1431 12 609 742 6 -24 0 51 51
1432 8 1100 0 24 -12851 0 55 0
1433 12 742 500 -6 24 0 55 55
1434 8 903 0 -24 -12851 0 60 0
1435 8 1100 0 -6 -12851 0 55 0
1436 12 1100 742 -6 24 0 51 51
1437 8 1100 0 6 -12851 0 55 0
1438 8 500 0 -6 -12851 0 60 0
1439 8 500 0 -24 -12851 0 60 0
1440 8 1100 0 24 -12851 0 60 0
1441 8 742 0 6 -12851 0 60 0
1442 12 1100 742 -6 24 0 55 55
1443 12 609 742 -6 24 0 55 55
1444 8 1100 0 -24 -12851 0 55 0
1445 8 1100 0 -6 -12851 0 55 0
1446 8 903 0 -6 -12851 0 60 0
1447 12 903 742 -6 24 0 55 55
1448 8 609 0 -24 -12851 0 55 0
1449 12 500 742 6 -24 0 55 55
1450 12 742 500 6 -24 0 55 55
1451 8 609 0 -6 -12851 0 60 0
1452 8 609 0 24 -12851 0 55 0
1453 8 500 0 24 -12851 0 60 0
1454 8 903 0 6 -12851 0 60 0
1455 12 742 903 6 -24 0 51 55
1456 8 903 0 24 -12851 0 60 0
1457 8 742 0 -6 -12851 0 60 0
1458 8 742 0 24 -12851 0 55 0
1459 8 500 0 -24 -12851 0 55 0
1460 8 742 0 6 -12851 0 60 0
1461 8 742 0 6 -12851 0 55 0
1462 8 742 0 -24 -12851 0 60 0
1463 12 903 742 -6 24 0 51 55
1464 8 609 0 6 -12851 0 60 0
1465 12 903 742 6 -24 0 55 51
1466 8 903 0 24 -12851 0 60 0
1467 8 742 0 -6 -12851 0 55 0
1468 8 1100 0 -24 -12851 0 60 0
1469 12 500 742 6 -24 0 51 55
1470 12 1100 742 -6 24 0 51 51
1471 8 1100 0 24 -12851 0 60 0
1472 8 609 0 -6 -12851 0 60 0
1473 8 500 0 24 -12851 0 55 0
1474 12 742 1100 6 -24 0 55 55
1475 12 500 742 -6 24 0 55 55
1476 8 609 0 24 -12851 0 55 0
1477 8 903 0 -24 -12851 0 60 0
1478 8 1100 0 -24 -12851 0 60 0
1479 12 1100 742 6 -24 0 55 51
1480 12 742 903 6 -24 0 55 55
1481 8 903 0 -24 -12851 0 60 0
1482 12 1100 742 6 -24 0 51 51
1483 8 500 0 -24 -12851 0 55 0
1484 8 500 0 6 -12851 0 60 0
1485 8 903 0 -24 -12851 0 60 0
1486 12 903 742 -6 24 0 55 51
1487 12 500 742 -6 24 0 55 55
1488 12 1100 742 6 -24 0 55 55
1489 8 903 0 24 -12851 0 55 0
1490 12 500 742 -6 24 0 55 51
1491 12 742 903 -6 24 0 55 55
1492 8 1100 0 -24 -12851 0 55 0
1493 8 500 0 24 -12851 0 60 0
1494 8 742 0 6 -12851 0 55 0
1495 12 742 1100 6 -24 0 51 51
1496 8 1100 0 -6 -12851 0 60 0
1497 8 903 0 24 -12851 0 60 0
1498 8 1100 0 24 -12851 0 55 0
1499 12 742 609 6 -24 0 55 55
1500 12 1100 742 -6 24 0 51 55
1501 12 609 742 -6 24 0 51 51
1502 12 500 742 -6 24 0 51 55
1503 12 742 1100 6 -24 0 55 51
1504 8 903 0 6 -12851 0 60 0
1505 12 903 742 6 -24 0 51 51
1506 8 500 0 -24 -12851 0 60 0
1507 8 500 0 -6 -12851 0 60 0
1508 12 742 1100 -6 24 0 51 51
1509 12 742 903 6 -24 0 55 55
1510 12 742 500 6 -24 0 51 55
1511 8 742 0 -24 -12851 0 55 0
1512 12 609 742 6 -24 0 55 55
1513 8 609 0 6 -12851 0 60 0
1514 12 1100 742 6 -24 0 55 55
1515 8 742 0 -6 -12851 0 60 0
1516 8 609 0 -24 -12851 0 60 0
1517 8 609 0 -6 -12851 0 55 0
1518 12 609 742 -6 24 0 55 51
1519 12 742 1100 -6 24 0 51 51
1520 8 742 0 -24 -12851 0 55 0
1521 12 903 742 -6 24 0 51 51
1522 12 742 1100 6 -24 0 51 51
1523 12 742 500 6 -24 0 55 55
1524 8 742 0 24 -12851 0 60 0
1525 12 742 609 6 -24 0 51 55
1526 8 903 0 -24 -12851 0 55 0
1527 12 742 609 6 -24 0 55 55
1528 8 1100 0 -24 -12851 0 55 0
1529 8 903 0 -6 -12851 0 60 0
1530 8 500 0 6 -12851 0 60 0
1531 8 500 0 -6 -12851 0 55 0
1532 8 742 0 24 -12851 0 55 0
1533 12 742 1100 -6 24 0 51 51
1534 12 500 742 -6 24 0 51 51
1535 8 1100 0 -24 -12851 0 55 0
1536 12 742 1100 6 -24 0 55 55
1537 12 1100 742 -6 24 0 51 55
1538 12 742 903 6 -24 0 51 51
1539 8 1100 0 -6 -12851 0 55 0
1540 12 500 742 6 -24 0 51 55
1541 8 903 0 -24 -12851 0 55 0
1542 12 742 1100 6 -24 0 51 55
1543 8 500 0 -24 -12851 0 55 0
1544 8 742 0 -24 -12851 0 60 0
1545 8 609 0 24 -12851 0 60 0
1546 12 742 609 6 -24 0 51 55
1547 12 500 742 -6 24 0 51 51
1548 8 609 0 -24 -12851 0 55 0
1549 8 609 0 -6 -12851 0 55 0
1550 12 742 1100 6 -24 0 55 55
1551 8 903 0 -24 -12851 0 55 0
1552 12 609 742 6 -24 0 55 55
1553 12 609 742 6 -24 0 55 51
1554 12 1100 742 -6 24 0 51 51
1555 12 903 742 6 -24 0 51 55
1556 8 903 0 6 -12851 0 60 0
1557 8 1100 0 24 -12851 0 55 0
1558 8 1100 0 -24 -12851 0 60 0
1559 12 742 500 6 -24 0 51 51
1560 8 742 0 -6 -12851 0 60 0
1561 8 609 0 24 -12851 0 60 0
1562 12 742 609 6 -24 0 55 55
1563 8 500 0 6 -12851 0 55 0
1564 12 742 903 -6 24 0 51 51
1565 8 742 0 -24 -12851 0 55 0
1566 12 500 742 6 -24 0 55 51
1567 8 742 0 24 -12851 0 60 0
1568 8 903 0 6 -12851 0 55 0
1569 8 609 0 24 -12851 0 55 0
1570 8 500 0 6 -12851 0 60 0
1571 12 500 742 6 -24 0 55 51
1572 8 609 0 24 -12851 0 55 0
1573 8 903 0 -6 -12851 0 55 0
1574 12 609 742 6 -24 0 55 51
1575 12 500 742 6 -24 0 51 55
1576 12 1100 742 -6 24 0 51 55
1577 8 1100 0 -6 -12851 0 60 0
1578 12 742 903 -6 24 0 55 55
1579 12 903 742 6 -24 0 55 55
1580 8 500 0 24 -12851 0 55 0
1581 8 903 0 6 -12851 0 60 0
1582 12 742 1100 -6 24 0 55 55
1583 8 903 0 6 -12851 0 55 0
1584 8 500 0 -6 -12851 0 60 0
1585 12 742 1100 -6 24 0 51 51
1586 12 609 742 -6 24 0 55 55
1587 8 609 0 -24 -12851 0 55 0
1588 8 742 0 -24 -12851 0 60 0
1589 12 742 1100 6 -24 0 51 51
1590 12 742 1100 6 -24 0 55 51
1591 8 742 0 -24 -12851 0 55 0
1592 12 742 903 -6 24 0 55 55
1593 8 1100 0 -24 -12851 0 60 0
1594 12 1100 742 -6 24 0 51 51
1595 8 742 0 -6 -12851 0 55 0
1596 8 500 0 -6 -12851 0 60 0
1597 12 742 609 -6 24 0 55 55
1598 8 500 0 6 -12851 0 55 0
1599 12 742 500 -6 24 0 55 55
