364 8 903 0 -6 -12851 0 55 0
365 8 609 0 24 -12851 0 55 0
366 12 742 903 6 -24 1 51 55
367 8 742 0 24 -12851 1 55 0
368 8 500 0 6 -12851 1 60 0
369 8 500 0 -6 -12851 1 60 0
370 12 500 742 -6 24 1 51 51
371 8 500 0 -24 -12851 1 60 0
372 8 609 0 24 -12851 1 55 0
373 12 609 742 6 -24 0 51 55
374 12 903 742 6 -24 0 51 55
375 12 609 742 -6 24 1 51 51
376 8 609 0 -6 -12851 1 60 0
377 8 500 0 -24 -12851 1 55 0
378 8 609 0 -6 -12851 0 55 0
379 8 500 0 -24 -12851 1 60 0
380 8 1100 0 -6 -12851 1 60 0
381 8 500 0 -6 -12851 0 55 0
382 12 742 609 6 -24 0 55 55
383 8 742 0 24 -12851 1 55 0
384 8 609 0 6 -12851 1 55 0
385 12 903 742 -6 24 0 55 55
386 12 1100 742 -6 24 1 55 55
387 12 903 742 -6 24 1 55 51
388 12 903 742 -6 24 0 55 55
389 8 742 0 -24 -12851 0 60 0
390 8 903 0 -6 -12851 0 55 0
391 8 903 0 24 -12851 0 60 0
392 8 742 0 6 -12851 0 55 0
393 12 742 609 -6 24 0 55 51
394 8 1100 0 24 -12851 0 55 0
395 12 500 742 -6 24 0 51 51
396 8 1100 0 24 -12851 0 60 0
397 8 903 0 -24 -12851 1 55 0
398 12 742 609 -6 24 0 51 55
399 12 742 1100 -6 24 1 51 51
400 12 742 1100 -6 24 0 55 55
401 8 500 0 -24 -12851 1 55 0
402 8 500 0 -24 -12851 1 55 0
403 12 742 1100 6 -24 1 55 51
404 12 742 1100 6 -24 0 51 51
405 8 609 0 -6 -12851 1 60 0
406 12 609 742 -6 24 1 51 51
407 12 742 500 6 -24 0 51 55
408 8 903 0 24 -12851 0 55 0
409 8 903 0 24 -12851 0 55 0
410 8 742 0 -6 -12851 0 60 0
411 12 742 609 6 -24 0 51 51
412 8 609 0 24 -12851 1 60 0
413 12 742 1100 -6 24 1 51 51
414 12 903 742 -6 24 1 55 55
415 8 609 0 -6 -12851 1 55 0
416 8 742 0 -6 -12851 0 60 0
417 12 742 500 -6 24 0 55 51
418 12 903 742 -6 24 0 51 55
419 8 742 0 24 -12851 0 60 0
420 8 1100 0 6 -12851 0 60 0
421 8 903 0 24 -12851 0 55 0
422 12 500 742 6 -24 1 51 51
423 12 1100 742 -6 24 1 51 55
424 8 1100 0 6 -12851 1 60 0
425 8 1100 0 -24 -12851 1 55 0
426 8 500 0 -6 -12851 1 60 0
427 8 500 0 -24 -12851 1 55 0
428 8 742 0 24 -12851 0 60 0
429 8 742 0 -24 -12851 1 55 0
430 8 742 0 -24 -12851 1 55 0
431 12 1100 742 6 -24 1 55 51
432 12 742 609 6 -24 0 51 51
433 8 500 0 24 -12851 0 60 0
434 8 742 0 24 -12851 1 55 0
435 12 742 1100 6 -24 1 51 51
436 12 742 500 6 -24 0 51 55
437 8 500 0 -6 -12851 1 55 0
438 8 903 0 -24 -12851 1 55 0
439 12 1100 742 6 -24 1 55 55
440 12 742 1100 6 -24 0 55 55
441 8 500 0 -6 -12851 0 60 0
442 12 742 500 -6 24 0 51 51
443 8 903 0 6 -12851 0 55 0
444 8 609 0 -24 -12851 0 55 0
445 12 742 609 -6 24 0 51 51
446 8 609 0 6 -12851 1 60 0
447 8 609 0 -24 -12851 0 55 0
448 8 1100 0 -24 -12851 0 60 0
449 8 903 0 24 -12851 0 55 0
450 12 609 742 -6 24 0 51 51
451 8 1100 0 -6 -12851 0 60 0
452 8 1100 0 24 -12851 0 60 0
453 8 500 0 -6 -12851 0 55 0
454 8 500 0 -24 -12851 0 55 0
455 12 609 742 6 -24 0 51 51
456 8 609 0 -24 -12851 0 60 0
457 12 1100 742 6 -24 1 55 55
458 8 903 0 6 -12851 0 60 0
459 12 742 903 -6 24 0 51 51
460 8 903 0 -6 -12851 1 60 0
461 12 609 742 -6 24 0 55 55
462 8 742 0 6 -12851 1 55 0
463 12 742 500 6 -24 0 51 51
464 12 903 742 6 -24 0 51 51
465 8 609 0 -24 -12851 1 60 0
466 12 742 903 6 -24 0 55 51
467 8 609 0 -6 -12851 0 55 0
468 8 742 0 24 -12851 0 55 0
469 12 742 903 -6 24 1 55 55
470 8 742 0 24 -12851 0 55 0
471 8 1100 0 -24 -12851 1 60 0
472 12 742 500 -6 24 0 55 51
473 12 742 903 6 -24 1 55 55
474 8 903 0 -24 -12851 1 60 0
475 12 742 500 6 -24 1 51 55
476 12 742 1100 6 -24 1 51 51
477 8 1100 0 -6 -12851 1 55 0
478 12 609 742 6 -24 0 51 55
479 8 1100 0 -24 -12851 1 60 0
480 8 500 0 -24 -12851 1 55 0
481 8 500 0 6 -12851 1 55 0
482 8 500 0 6 -12851 0 60 0
483 8 500 0 -6 -12851 1 60 0
484 12 742 903 6 -24 1 55 55
485 8 1100 0 -6 -12851 1 60 0
486 8 903 0 -24 -12851 1 60 0
487 8 742 0 6 -12851 0 60 0
488 8 1100 0 24 -12851 1 55 0
489 8 500 0 -24 -12851 1 55 0
490 8 742 0 -24 -12851 0 55 0
491 12 903 742 6 -24 0 51 51
492 8 1100 0 24 -12851 1 60 0
493 8 500 0 -6 -12851 1 60 0
494 12 742 1100 6 -24 0 55 51
495 8 742 0 -6 -12851 0 60 0
496 12 742 903 -6 24 0 55 51
497 8 609 0 -24 -12851 1 60 0
498 12 742 500 6 -24 0 51 51
499 8 609 0 -6 -12851 1 60 0
500 8 609 0 -24 -12851 1 60 0
501 12 742 903 6 -24 0 55 51
502 12 742 903 6 -24 1 51 55
503 12 742 903 6 -24 0 51 51
504 8 903 0 -6 -12851 1 60 0
505 8 903 0 24 -12851 1 55 0
506 12 903 742 -6 24 1 51 55
507 8 903 0 -6 -12851 1 60 0
508 8 903 0 6 -12851 1 60 0
509 12 742 903 -6 24 0 51 55
510 8 1100 0 -6 -12851 1 60 0
511 8 500 0 -6 -12851 1 60 0
512 12 903 742 6 -24 1 51 51
513 12 742 500 -6 24 0 51 55
514 12 500 742 -6 24 0 51 51
515 12 742 903 -6 24 1 55 55
516 8 1100 0 -6 -12851 1 55 0
517 8 1100 0 6 -12851 1 60 0
518 12 742 609 -6 24 1 55 51
519 8 742 0 6 -12851 1 60 0
520 8 500 0 -6 -12851 1 55 0
521 8 500 0 24 -12851 1 60 0
522 8 903 0 -24 -12851 1 55 0
523 12 742 609 -6 24 1 55 55
524 8 742 0 6 -12851 1 60 0
525 12 1100 742 -6 24 1 51 51
526 12 609 742 -6 24 1 51 51
527 8 742 0 -6 -12851 1 55 0
528 12 1100 742 -6 24 0 51 55
529 8 903 0 -6 -12851 1 60 0
530 12 742 1100 6 -24 1 51 55
531 12 742 1100 6 -24 1 51 51
532 8 609 0 -6 -12851 1 60 0
533 8 609 0 -24 -12851 1 60 0
534 8 609 0 -24 -12851 1 55 0
535 8 742 0 -6 -12851 1 55 0
536 12 1100 742 -6 24 0 51 51
537 12 1100 742 -6 24 0 51 51
538 12 500 742 -6 24 0 55 55
539 8 742 0 6 -12851 0 55 0
540 12 1100 742 6 -24 1 55 55
541 8 609 0 6 -12851 1 55 0
542 12 609 742 -6 24 1 55 51
543 8 903 0 -6 -12851 1 55 0
544 12 1100 742 -6 24 0 55 55
545 12 903 742 6 -24 1 51 51
546 8 609 0 -6 -12851 0 60 0
547 12 742 500 6 -24 0 51 51
548 8 500 0 -24 -12851 0 60 0
549 12 1100 742 -6 24 1 55 55
550 12 742 500 -6 24 1 51 51
551 8 500 0 24 -12851 1 55 0
552 12 742 903 6 -24 1 55 55
553 8 1100 0 6 -12851 1 55 0
554 8 1100 0 -24 -12851 1 55 0
555 12 742 500 6 -24 1 55 51
556 8 903 0 6 -12851 1 55 0
557 12 903 742 6 -24 1 51 51
558 12 742 609 6 -24 1 55 55
559 8 609 0 6 -12851 0 55 0
560 8 1100 0 -6 -12851 1 55 0
561 8 903 0 6 -12851 0 60 0
562 8 742 0 6 -12851 1 55 0
563 8 500 0 -6 -12851 1 60 0
564 8 742 0 24 -12851 1 60 0
565 8 609 0 -24 -12851 1 55 0
566 8 609 0 -6 -12851 1 60 0
567 12 742 500 -6 24 0 51 55
568 8 609 0 -6 -12851 1 60 0
569 8 500 0 6 -12851 1 60 0
570 12 742 1100 6 -24 1 55 51
571 8 742 0 24 -12851 1 60 0
572 12 1100 742 -6 24 0 55 55
573 8 903 0 24 -12851 0 60 0
574 12 742 609 6 -24 1 51 51
575 8 500 0 -24 -12851 1 60 0
576 12 742 500 -6 24 0 55 51
577 12 742 1100 6 -24 1 51 55
578 12 742 609 -6 24 1 51 55
579 8 1100 0 24 -12851 1 55 0
580 8 742 0 -6 -12851 1 55 0
581 8 500 0 -24 -12851 0 60 0
582 8 903 0 -6 -12851 0 55 0
583 8 903 0 -6 -12851 0 60 0
584 12 500 742 6 -24 0 55 55
585 8 1100 0 6 -12851 1 55 0
586 8 742 0 6 -12851 1 55 0
587 12 500 742 -6 24 1 55 55
588 8 609 0 24 -12851 1 55 0
589 8 1100 0 24 -12851 1 55 0
590 8 500 0 -6 -12851 1 60 0
591 12 742 500 6 -24 0 51 51
592 12 742 1100 -6 24 1 55 55
593 12 903 742 -6 24 0 55 51
594 8 500 0 -6 -12851 1 60 0
595 12 742 500 6 -24 0 51 55
596 12 742 609 6 -24 0 51 51
597 12 742 903 6 -24 0 51 51
598 8 500 0 24 -12851 0 60 0
599 8 609 0 -24 -12851 0 60 0
600 12 742 903 -6 24 0 51 51
601 8 500 0 -6 -12851 0 60 0
602 8 609 0 -24 -12851 1 60 0
603 8 903 0 -24 -12851 1 60 0
604 12 903 742 6 -24 0 51 51
605 8 742 0 6 -12851 0 60 0
606 8 609 0 6 -12851 1 60 0
607 12 742 609 -6 24 0 51 55
608 8 742 0 24 -12851 1 55 0
609 8 1100 0 6 -12851 1 55 0
610 8 742 0 -6 -12851 1 60 0
611 8 903 0 -24 -12851 1 55 0
612 8 903 0 6 -12851 0 60 0
613 12 500 742 -6 24 0 51 51
614 8 1100 0 24 -12851 0 55 0
615 8 1100 0 6 -12851 0 60 0
616 8 742 0 6 -12851 0 60 0
617 8 742 0 -24 -12851 0 55 0
618 12 609 742 -6 24 0 55 55
619 8 742 0 6 -12851 1 55 0
620 12 742 609 -6 24 0 51 55
621 8 609 0 -24 -12851 1 60 0
622 8 1100 0 -6 -12851 1 55 0
623 8 609 0 6 -12851 0 55 0
624 8 1100 0 -6 -12851 0 55 0
625 8 1100 0 6 -12851 0 60 0
626 8 903 0 6 -12851 0 55 0
627 12 742 500 -6 24 0 51 55
628 12 609 742 6 -24 0 55 51
629 12 742 903 6 -24 1 55 51
630 12 742 1100 6 -24 1 51 51
631 8 742 0 -24 -12851 0 55 0
632 8 609 0 24 -12851 0 55 0
633 8 500 0 -6 -12851 0 60 0
634 8 500 0 24 -12851 0 60 0
635 12 742 903 6 -24 0 55 55
636 8 903 0 24 -12851 0 60 0
637 12 742 609 6 -24 0 51 51
638 12 742 500 6 -24 0 51 51
639 8 500 0 -6 -12851 0 60 0
640 8 903 0 24 -12851 0 55 0
641 12 609 742 6 -24 1 51 55
642 8 742 0 6 -12851 1 60 0
643 8 742 0 -24 -12851 1 55 0
644 12 742 1100 6 -24 0 55 55
645 8 742 0 -6 -12851 0 60 0
646 8 500 0 -6 -12851 0 55 0
647 8 742 0 24 -12851 0 60 0
648 8 500 0 6 -12851 0 60 0
649 8 903 0 6 -12851 0 60 0
650 8 500 0 -24 -12851 0 55 0
651 12 742 609 6 -24 1 51 51
652 12 903 742 -6 24 0 55 55
653 12 742 609 6 -24 0 55 55
654 8 903 0 24 -12851 0 60 0
655 8 609 0 6 -12851 1 60 0
656 8 609 0 -6 -12851 1 60 0
657 8 609 0 -6 -12851 1 55 0
658 8 1100 0 -24 -12851 0 60 0
659 8 903 0 24 -12851 0 60 0
660 8 1100 0 6 -12851 0 55 0
661 8 1100 0 24 -12851 0 60 0
662 12 742 500 -6 24 0 51 55
663 12 742 903 6 -24 0 55 55
664 8 903 0 -24 -12851 0 55 0
665 8 903 0 -6 -12851 0 60 0
666 8 1100 0 6 -12851 0 55 0
667 12 609 742 -6 24 0 55 55
668 8 500 0 24 -12851 1 60 0
669 12 742 609 -6 24 0 51 55
670 12 609 742 -6 24 1 55 51
671 8 500 0 -24 -12851 1 60 0
672 12 609 742 -6 24 0 55 55
673 12 903 742 6 -24 0 55 55
674 8 903 0 6 -12851 0 60 0
675 12 742 1100 6 -24 0 55 55
676 8 903 0 -24 -12851 0 60 0
677 8 1100 0 24 -12851 0 55 0
678 12 742 1100 6 -24 1 51 55
679 12 903 742 -6 24 0 55 55
680 12 500 742 -6 24 0 55 51
681 12 742 500 -6 24 0 51 51
682 12 742 903 -6 24 0 51 51
683 8 609 0 -6 -12851 0 60 0
684 8 1100 0 6 -12851 1 55 0
685 8 742 0 6 -12851 1 55 0
686 8 609 0 24 -12851 0 60 0
687 8 609 0 -24 -12851 0 55 0
688 12 1100 742 -6 24 0 55 55
689 8 742 0 -24 -12851 1 55 0
690 8 500 0 6 -12851 0 60 0
691 8 742 0 -24 -12851 0 55 0
692 8 1100 0 -24 -12851 0 55 0
693 12 742 500 -6 24 0 55 55
694 8 1100 0 -24 -12851 0 55 0
695 8 1100 0 24 -12851 0 55 0
696 8 1100 0 6 -12851 1 60 0
697 8 500 0 -24 -12851 0 55 0
698 8 500 0 24 -12851 0 55 0
699 8 742 0 -6 -12851 1 60 0
700 12 903 742 6 -24 1 55 55
701 8 500 0 24 -12851 1 55 0
702 8 609 0 -24 -12851 1 55 0
703 8 609 0 -24 -12851 1 60 0
704 8 903 0 6 -12851 1 55 0
705 8 903 0 24 -12851 1 55 0
706 12 742 1100 -6 24 1 51 55
707 8 903 0 6 -12851 1 55 0
708 8 742 0 -24 -12851 1 55 0
709 12 609 742 -6 24 0 55 51
710 8 609 0 -24 -12851 1 55 0
711 12 609 742 6 -24 1 51 55
712 12 500 742 -6 24 0 51 55
713 12 500 742 6 -24 1 55 51
714 8 742 0 -6 -12851 0 55 0
715 8 609 0 24 -12851 1 55 0
716 12 742 903 -6 24 1 55 55
717 12 1100 742 -6 24 0 51 55
718 8 609 0 6 -12851 1 55 0
719 8 609 0 -6 -12851 1 55 0
720 12 903 742 -6 24 0 51 51
721 12 742 1100 6 -24 0 51 51
722 8 1100 0 -24 -12851 0 55 0
723 12 742 500 -6 24 0 51 55
724 8 1100 0 -24 -12851 0 55 0
725 8 742 0 6 -12851 0 60 0
726 12 500 742 6 -24 0 55 55
727 12 742 1100 -6 24 0 55 55
728 8 903 0 -6 -12851 0 60 0
729 12 1100 742 -6 24 0 51 51
730 12 742 609 6 -24 0 55 55
731 12 1100 742 6 -24 0 55 51
732 8 903 0 -24 -12851 0 55 0
733 8 609 0 -6 -12851 0 60 0
734 8 903 0 24 -12851 0 55 0
735 8 500 0 6 -12851 1 60 0
736 8 1100 0 -6 -12851 1 60 0
737 8 500 0 -6 -12851 0 60 0
738 12 742 903 -6 24 0 51 55
739 8 742 0 24 -12851 0 55 0
740 8 500 0 24 -12851 0 55 0
741 8 742 0 -24 -12851 0 60 0
742 8 903 0 -6 -12851 1 60 0
743 12 609 742 6 -24 0 51 51
744 8 903 0 6 -12851 1 55 0
745 8 903 0 6 -12851 1 60 0
746 8 742 0 24 -12851 0 60 0
747 8 903 0 -24 -12851 0 55 0
748 8 609 0 6 -12851 0 60 0
749 8 742 0 -24 -12851 1 60 0
750 8 1100 0 -24 -12851 0 60 0
751 8 609 0 24 -12851 0 55 0
752 8 609 0 -24 -12851 0 55 0
753 12 500 742 6 -24 1 51 55
754 8 1100 0 24 -12851 0 60 0
755 12 609 742 6 -24 0 55 51
756 8 500 0 6 -12851 0 55 0
757 12 1100 742 -6 24 0 55 51
758 8 742 0 -6 -12851 0 55 0
759 12 500 742 -6 24 0 55 55
760 8 1100 0 24 -12851 0 55 0
761 8 500 0 6 -12851 0 55 0
762 8 500 0 -6 -12851 0 60 0
763 12 1100 742 -6 24 0 51 55
764 12 742 609 -6 24 0 51 55
765 8 609 0 -24 -12851 0 55 0
766 8 609 0 24 -12851 0 60 0
767 8 1100 0 -6 -12851 0 60 0
768 12 500 742 6 -24 0 51 51
769 12 500 742 -6 24 0 51 51
770 8 1100 0 -24 -12851 0 60 0
771 12 742 903 6 -24 1 51 55
772 12 500 742 6 -24 0 55 55
773 8 1100 0 6 -12851 0 60 0
774 12 1100 742 -6 24 0 51 51
775 12 742 1100 -6 24 0 51 55
776 12 903 742 6 -24 0 51 51
777 8 609 0 -24 -12851 0 60 0
778 12 903 742 -6 24 0 51 51
779 12 1100 742 -6 24 0 55 51
780 8 500 0 -6 -12851 0 55 0
781 8 742 0 24 -12851 0 60 0
782 8 500 0 -24 -12851 0 55 0
783 8 903 0 24 -12851 0 60 0
784 12 742 1100 6 -24 0 55 51
785 12 742 903 -6 24 0 55 55
786 8 742 0 -6 -12851 0 55 0
787 12 500 742 6 -24 0 51 51
788 8 903 0 24 -12851 0 55 0
789 12 609 742 6 -24 1 55 55
790 8 500 0 6 -12851 0 55 0
791 8 903 0 24 -12851 0 55 0
792 12 500 742 6 -24 0 51 51
793 8 609 0 24 -12851 0 60 0
794 8 742 0 6 -12851 1 60 0
795 8 742 0 6 -12851 0 60 0
796 12 500 742 6 -24 0 51 51
797 8 742 0 24 -12851 0 60 0
798 8 1100 0 24 -12851 0 55 0
799 8 609 0 -6 -12851 0 60 0
800 8 500 0 -24 -12851 0 60 0
801 8 609 0 -24 -12851 0 55 0
802 8 742 0 24 -12851 0 60 0
803 8 742 0 6 -12851 0 55 0
804 12 500 742 6 -24 0 51 51
805 12 500 742 -6 24 0 55 55
806 12 742 1100 6 -24 0 55 51
807 8 1100 0 24 -12851 0 55 0
808 8 903 0 6 -12851 0 55 0
809 8 609 0 24 -12851 0 60 0
810 12 742 500 6 -24 0 55 55
811 8 500 0 24 -12851 0 60 0
812 12 742 1100 6 -24 0 51 55
813 12 742 1100 6 -24 0 55 55
814 8 1100 0 -24 -12851 0 60 0
815 8 500 0 6 -12851 0 60 0
816 8 903 0 6 -12851 0 60 0
817 8 903 0 6 -12851 0 60 0
818 12 903 742 6 -24 0 55 51
819 8 500 0 -24 -12851 0 60 0
820 8 500 0 6 -12851 0 60 0
821 12 500 742 6 -24 0 55 51
822 8 1100 0 -24 -12851 0 60 0
823 8 903 0 -6 -12851 0 60 0
824 8 903 0 24 -12851 0 55 0
825 12 742 500 -6 24 0 55 55
826 12 609 742 6 -24 0 55 51
827 12 1100 742 -6 24 0 55 55
828 8 742 0 -24 -12851 0 55 0
829 8 1100 0 6 -12851 0 55 0
830 12 742 903 -6 24 0 51 51
831 12 903 742 -6 24 0 55 51
832 12 1100 742 -6 24 0 51 55
833 12 742 903 6 -24 0 55 55
834 8 609 0 -24 -12851 0 55 0
835 8 742 0 -24 -12851 0 60 0
836 8 742 0 6 -12851 0 60 0
837 8 609 0 6 -12851 0 55 0
838 8 500 0 24 -12851 0 60 0
839 8 1100 0 24 -12851 0 60 0
840 12 500 742 -6 24 0 51 51
841 8 609 0 6 -12851 0 55 0
842 8 903 0 24 -12851 0 60 0
843 8 500 0 -6 -12851 0 60 0
844 12 1100 742 -6 24 0 55 55
845 12 742 903 6 -24 0 51 55
846 8 903 0 6 -12851 0 60 0
847 8 903 0 -24 -12851 0 60 0
848 12 742 1100 -6 24 0 51 51
849 8 903 0 24 -12851 0 60 0
850 12 609 742 6 -24 0 55 55
851 12 742 609 6 -24 0 51 55
852 8 903 0 -24 -12851 0 55 0
853 8 500 0 24 -12851 0 55 0
854 12 742 609 -6 24 0 51 55
855 8 500 0 6 -12851 0 60 0
856 12 742 1100 -6 24 0 55 55
857 12 500 742 6 -24 0 51 51
858 8 500 0 24 -12851 0 60 0
859 8 1100 0 -24 -12851 0 60 0
860 12 742 1100 -6 24 0 55 51
861 12 500 742 -6 24 0 55 51
862 8 609 0 -6 -12851 0 60 0
863 12 742 1100 6 -24 0 51 55
864 8 742 0 -6 -12851 0 55 0
865 8 1100 0 -24 -12851 0 55 0
866 8 1100 0 24 -12851 0 60 0
867 8 609 0 -6 -12851 0 55 0
868 8 609 0 6 -12851 0 60 0
869 8 742 0 6 -12851 0 55 0
870 8 742 0 24 -12851 0 55 0
871 12 742 500 6 -24 0 55 51
872 12 742 1100 6 -24 0 55 51
873 8 1100 0 -6 -12851 0 60 0
874 12 742 903 6 -24 0 55 55
875 8 1100 0 6 -12851 0 55 0
876 12 742 903 6 -24 0 55 55
877 8 1100 0 -6 -12851 0 60 0
878 8 742 0 24 -12851 0 55 0
879 12 742 1100 -6 24 0 51 55
880 8 903 0 -24 -12851 0 60 0
881 8 500 0 -24 -12851 0 55 0
882 12 1100 742 -6 24 0 55 51
883 12 903 742 6 -24 0 55 55
884 8 742 0 -6 -12851 0 60 0
885 8 500 0 -24 -12851 0 55 0
886 8 1100 0 -6 -12851 0 60 0
887 8 500 0 -6 -12851 0 60 0
888 8 742 0 24 -12851 0 55 0
889 8 903 0 24 -12851 0 60 0
890 12 609 742 6 -24 0 51 51
891 12 609 742 -6 24 0 51 55
892 12 742 500 -6 24 0 55 55
893 8 609 0 6 -12851 0 55 0
894 8 609 0 -24 -12851 0 60 0
895 8 903 0 -24 -12851 0 60 0
896 12 1100 742 6 -24 0 55 55
897 8 609 0 24 -12851 0 55 0
898 8 903 0 -6 -12851 0 60 0
899 12 742 1100 6 -24 0 51 51
900 8 903 0 -6 -12851 0 55 0
901 8 1100 0 24 -12851 0 60 0
902 12 742 609 -6 24 0 51 51
903 12 903 742 6 -24 0 55 51
904 8 903 0 6 -12851 0 60 0
905 12 742 609 -6 24 0 55 55
906 12 742 1100 6 -24 0 55 51
907 8 742 0 6 -12851 0 55 0
908 12 742 1100 -6 24 0 55 55
909 12 500 742 -6 24 0 55 55
910 8 903 0 6 -12851 0 55 0
911 8 742 0 -24 -12851 0 55 0
912 12 1100 742 -6 24 0 55 55
913 8 1100 0 6 -12851 0 60 0
914 12 609 742 -6 24 0 51 51
915 12 1100 742 -6 24 0 55 51
916 12 609 742 6 -24 0 51 55
917 12 742 1100 6 -24 0 55 51
918 12 903 742 6 -24 0 55 51
919 12 903 742 6 -24 0 51 51
920 8 1100 0 -6 -12851 0 60 0
921 8 500 0 24 -12851 0 55 0
922 8 609 0 6 -12851 0 55 0
923 8 742 0 -24 -12851 0 60 0
924 8 500 0 -6 -12851 0 60 0
925 8 500 0 -24 -12851 0 60 0
926 8 609 0 24 -12851 0 60 0
927 8 609 0 24 -12851 0 60 0
928 12 1100 742 -6 24 0 51 55
929 8 742 0 -6 -12851 0 60 0
930 8 742 0 6 -12851 0 55 0
931 12 1100 742 6 -24 0 51 51
932 12 742 500 -6 24 0 55 51
933 12 609 742 -6 24 0 55 51
934 12 903 742 -6 24 0 55 51
935 12 1100 742 -6 24 0 51 51
936 12 609 742 -6 24 0 55 55
937 12 903 742 6 -24 0 55 51
938 8 903 0 6 -12851 0 55 0
939 8 903 0 24 -12851 0 60 0
940 8 609 0 -6 -12851 0 55 0
941 8 742 0 -6 -12851 0 55 0
942 12 500 742 -6 24 0 51 51
943 12 742 1100 -6 24 0 55 55
944 12 609 742 -6 24 0 55 51
945 12 742 500 6 -24 0 55 55
946 12 1100 742 6 -24 0 51 55
947 8 1100 0 6 -12851 0 60 0
948 12 742 500 -6 24 0 55 51
949 8 903 0 6 -12851 0 55 0
950 8 742 0 -6 -12851 0 60 0
951 8 1100 0 6 -12851 0 60 0
952 8 609 0 24 -12851 0 60 0
953 12 742 500 6 -24 0 51 55
954 8 609 0 -24 -12851 0 60 0
955 8 500 0 24 -12851 0 60 0
956 12 742 903 6 -24 0 55 55
957 12 742 609 6 -24 0 51 51
958 8 1100 0 -6 -12851 0 60 0
959 8 500 0 -24 -12851 0 60 0
960 8 500 0 -24 -12851 0 55 0
961 12 742 500 6 -24 0 55 55
962 12 742 500 6 -24 0 55 51
963 8 500 0 -24 -12851 0 60 0
964 12 742 500 -6 24 0 55 51
965 8 500 0 -24 -12851 0 55 0
966 8 903 0 -24 -12851 0 60 0
967 12 742 609 -6 24 0 55 51
968 12 1100 742 -6 24 0 55 51
969 12 903 742 -6 24 0 51 51
970 8 903 0 -24 -12851 0 60 0
971 12 742 500 -6 24 0 55 51
972 8 903 0 24 -12851 0 55 0
973 8 500 0 24 -12851 0 55 0
974 8 1100 0 -6 -12851 0 55 0
975 12 742 1100 6 -24 0 55 51
976 12 742 500 -6 24 0 51 55
977 8 1100 0 -24 -12851 0 55 0
978 12 903 742 -6 24 0 51 51
979 12 609 742 6 -24 0 55 55
980 8 1100 0 -6 -12851 0 60 0
981 8 609 0 24 -12851 0 55 0
982 8 609 0 24 -12851 0 60 0
983 8 742 0 6 -12851 0 55 0
984 12 742 1100 6 -24 0 51 51
985 8 742 0 24 -12851 0 60 0
986 8 609 0 24 -12851 0 55 0
987 8 742 0 -6 -12851 0 55 0
988 12 742 500 6 -24 0 55 55
989 12 903 742 -6 24 0 51 51
990 8 500 0 6 -12851 0 60 0
991 8 609 0 -6 -12851 0 55 0
992 12 903 742 -6 24 0 55 55
993 12 742 903 6 -24 0 51 55
994 8 609 0 -6 -12851 0 60 0
995 8 903 0 24 -12851 0 55 0
996 8 742 0 6 -12851 0 60 0
997 12 903 742 -6 24 0 51 51
998 8 1100 0 6 -12851 0 60 0
999 8 903 0 6 -12851 0 60 0
1000 8 742 0 6 -12851 0 55 0
1001 8 1100 0 24 -12851 0 55 0
1002 8 903 0 6 -12851 0 60 0
1003 12 609 742 6 -24 0 51 55
1004 12 1100 742 -6 24 0 51 55
1005 12 903 742 -6 24 0 55 55
1006 12 1100 742 -6 24 0 51 51
1007 12 1100 742 -6 24 0 51 51
1008 8 500 0 24 -12851 0 60 0
1009 8 1100 0 -6 -12851 0 60 0
1010 8 742 0 -24 -12851 0 60 0
1011 8 609 0 -24 -12851 0 55 0
1012 12 903 742 -6 24 0 55 55
1013 12 742 1100 -6 24 0 55 51
1014 12 609 742 6 -24 0 51 55
1015 12 742 903 -6 24 0 55 51
1016 8 609 0 -24 -12851 0 60 0
1017 8 500 0 24 -12851 0 55 0
1018 8 500 0 -6 -12851 0 60 0
1019 12 742 1100 6 -24 0 51 55
1020 8 903 0 24 -12851 0 55 0
1021 12 903 742 -6 24 0 51 51
1022 12 609 742 -6 24 0 51 55
1023 8 903 0 6 -12851 0 55 0
1024 8 903 0 6 -12851 0 60 0
1025 12 742 1100 -6 24 0 51 51
1026 8 742 0 24 -12851 0 60 0
1027 8 903 0 24 -12851 0 60 0
1028 12 1100 742 -6 24 0 55 55
1029 8 609 0 -24 -12851 0 60 0
1030 12 500 742 -6 24 0 55 51
1031 12 742 903 -6 24 0 55 51
1032 12 903 742 -6 24 0 55 51
1033 8 742 0 -6 -12851 0 60 0
1034 8 1100 0 -6 -12851 0 60 0
1035 8 609 0 24 -12851 0 60 0
1036 8 609 0 -24 -12851 0 55 0
1037 8 1100 0 -6 -12851 0 60 0
1038 8 500 0 -6 -12851 0 60 0
1039 8 742 0 -6 -12851 0 60 0
1040 12 742 500 6 -24 0 55 51
1041 8 1100 0 6 -12851 0 60 0
1042 8 500 0 6 -12851 0 60 0
1043 12 1100 742 6 -24 0 55 51
1044 12 500 742 6 -24 0 55 55
1045 12 742 903 -6 24 0 55 55
1046 12 742 609 -6 24 0 51 55
1047 8 500 0 -6 -12851 0 60 0
1048 8 609 0 -24 -12851 0 55 0
1049 8 609 0 24 -12851 0 60 0
1050 8 1100 0 24 -12851 0 55 0
1051 8 742 0 -24 -12851 0 55 0
1052 8 742 0 -24 -12851 0 60 0
1053 12 742 500 6 -24 0 55 51
1054 8 1100 0 6 -12851 0 60 0
1055 12 742 903 -6 24 0 51 51
1056 8 742 0 24 -12851 0 55 0
1057 8 609 0 -6 -12851 0 55 0
1058 12 609 742 6 -24 0 51 55
1059 8 903 0 -6 -12851 0 60 0
1060 8 1100 0 -6 -12851 0 60 0
1061 12 742 1100 -6 24 0 51 55
1062 12 742 903 6 -24 0 51 55
1063 8 903 0 -24 -12851 0 60 0
1064 8 609 0 24 -12851 0 60 0
1065 12 903 742 6 -24 0 55 51
1066 8 903 0 24 -12851 0 60 0
1067 8 500 0 6 -12851 0 55 0
1068 8 500 0 -6 -12851 0 60 0
1069 8 500 0 6 -12851 0 60 0
1070 8 742 0 -24 -12851 0 60 0
1071 8 742 0 -6 -12851 0 55 0
1072 12 903 742 -6 24 0 51 55
1073 8 500 0 24 -12851 0 60 0
1074 8 903 0 6 -12851 0 55 0
1075 8 609 0 6 -12851 0 60 0
1076 12 500 742 -6 24 0 55 55
1077 8 1100 0 -6 -12851 0 60 0
1078 12 742 609 6 -24 0 51 55
1079 8 903 0 -24 -12851 0 55 0
1080 12 742 500 -6 24 0 55 51
1081 8 742 0 -24 -12851 0 60 0
1082 8 500 0 -24 -12851 0 60 0
1083 12 742 609 6 -24 0 55 51
1084 8 903 0 24 -12851 0 60 0
1085 8 609 0 24 -12851 0 55 0
1086 8 1100 0 6 -12851 0 60 0
1087 12 742 1100 6 -24 0 51 51
1088 12 742 609 -6 24 0 55 55
1089 8 742 0 6 -12851 0 55 0
1090 8 500 0 -24 -12851 0 60 0
1091 12 742 903 6 -24 0 51 55
1092 12 500 742 -6 24 0 51 55
1093 8 1100 0 -6 -12851 0 55 0
1094 8 609 0 -6 -12851 0 60 0
1095 8 1100 0 -24 -12851 0 55 0
1096 12 742 1100 -6 24 0 51 55
1097 8 1100 0 6 -12851 0 55 0
1098 8 742 0 -24 -12851 0 60 0
1099 12 609 742 -6 24 0 51 51
1100 8 1100 0 6 -12851 0 55 0
1101 8 1100 0 24 -12851 0 55 0
1102 8 500 0 -6 -12851 0 60 0
1103 8 742 0 6 -12851 0 55 0
1104 8 742 0 6 -12851 0 55 0
1105 8 500 0 6 -12851 0 60 0
1106 12 742 500 6 -24 0 51 55
1107 8 903 0 24 -12851 0 60 0
1108 12 742 500 6 -24 0 55 51
1109 8 609 0 24 -12851 0 55 0
1110 8 903 0 -6 -12851 0 55 0
1111 8 903 0 -6 -12851 0 55 0
1112 12 903 742 6 -24 0 55 55
1113 8 500 0 -24 -12851 0 55 0
1114 8 609 0 24 -12851 0 60 0
1115 8 609 0 -6 -12851 0 55 0
1116 8 742 0 -6 -12851 0 60 0
1117 12 1100 742 -6 24 0 55 55
1118 12 742 609 -6 24 0 51 55
1119 8 742 0 24 -12851 0 55 0
1120 8 609 0 -6 -12851 0 55 0
1121 8 609 0 -6 -12851 0 60 0
1122 12 500 742 -6 24 0 51 55
1123 8 609 0 24 -12851 0 60 0
1124 12 903 742 -6 24 0 55 55
1125 12 609 742 -6 24 0 51 51
1126 8 500 0 24 -12851 0 60 0
1127 8 500 0 24 -12851 0 55 0
1128 8 742 0 -24 -12851 0 55 0
1129 8 500 0 -24 -12851 0 60 0
1130 8 1100 0 -24 -12851 0 55 0
1131 8 1100 0 -24 -12851 0 60 0
1132 8 742 0 -6 -12851 0 60 0
1133 8 903 0 6 -12851 0 55 0
1134 12 742 1100 -6 24 0 55 51
1135 12 609 742 6 -24 0 55 55
1136 12 742 609 6 -24 0 55 51
1137 8 1100 0 -24 -12851 0 55 0
1138 12 742 500 -6 24 0 51 51
1139 8 903 0 -24 -12851 0 55 0
1140 8 903 0 -6 -12851 0 60 0
1141 12 742 609 -6 24 0 51 51
1142 12 500 742 6 -24 0 51 55
1143 12 742 903 -6 24 0 51 55
1144 12 742 903 -6 24 0 51 51
1145 8 1100 0 -6 -12851 0 60 0
1146 8 1100 0 6 -12851 0 55 0
1147 8 500 0 6 -12851 0 60 0
1148 8 500 0 24 -12851 0 55 0
1149 8 500 0 -24 -12851 0 55 0
1150 8 903 0 -6 -12851 0 60 0
1151 8 742 0 6 -12851 0 60 0
1152 8 1100 0 24 -12851 0 55 0
1153 12 500 742 -6 24 0 55 55
1154 12 742 500 -6 24 0 51 55
1155 8 742 0 -6 -12851 0 55 0
1156 12 742 609 6 -24 0 51 51
1157 8 609 0 -6 -12851 0 55 0
1158 8 903 0 -24 -12851 0 60 0
1159 8 1100 0 6 -12851 0 60 0
1160 8 903 0 -6 -12851 0 60 0
1161 8 609 0 -6 -12851 0 55 0
1162 8 742 0 6 -12851 0 55 0
1163 8 609 0 24 -12851 0 55 0
1164 8 742 0 -6 -12851 0 55 0
1165 8 742 0 6 -12851 0 60 0
1166 12 609 742 6 -24 0 51 51
1167 8 1100 0 6 -12851 0 60 0
1168 8 609 0 -6 -12851 0 60 0
1169 12 1100 742 -6 24 0 55 55
1170 8 742 0 -6 -12851 0 60 0
1171 8 903 0 6 -12851 0 55 0
1172 12 742 500 -6 24 0 51 55
1173 8 1100 0 6 -12851 0 60 0
1174 12 742 500 -6 24 0 55 55
1175 12 742 609 -6 24 0 55 51
1176 12 500 742 6 -24 0 55 55
1177 8 609 0 -6 -12851 0 60 0
1178 12 742 609 -6 24 0 51 51
1179 8 1100 0 24 -12851 0 55 0
1180 8 903 0 -24 -12851 0 60 0
1181 8 742 0 6 -12851 0 60 0
1182 8 500 0 24 -12851 0 60 0
1183 12 742 903 -6 24 0 55 55
1184 8 500 0 -24 -12851 0 60 0
1185 8 609 0 6 -12851 0 60 0
1186 8 903 0 -6 -12851 0 60 0
1187 8 500 0 6 -12851 0 60 0
1188 12 742 500 -6 24 0 55 51
1189 8 903 0 6 -12851 0 55 0
1190 8 903 0 -6 -12851 0 55 0
1191 12 742 500 6 -24 0 55 55
1192 8 1100 0 24 -12851 0 55 0
1193 8 903 0 -24 -12851 0 60 0
1194 8 742 0 6 -12851 0 60 0
1195 8 903 0 -6 -12851 0 60 0
1196 8 742 0 24 -12851 0 55 0
1197 8 1100 0 -6 -12851 0 60 0
1198 8 1100 0 -24 -12851 0 60 0
1199 12 1100 742 6 -24 0 51 55
1200 12 742 609 -6 24 0 55 51
1201 12 742 1100 6 -24 0 51 55
1202 12 1100 742 6 -24 0 55 55
1203 8 500 0 -6 -12851 0 60 0
1204 12 609 742 -6 24 0 51 55
1205 8 609 0 24 -12851 0 60 0
1206 8 742 0 -24 -12851 0 60 0
1207 12 500 742 -6 24 0 51 55
1208 8 500 0 -6 -12851 0 60 0
1209 8 500 0 24 -12851 0 60 0
1210 12 1100 742 6 -24 0 51 55
1211 8 609 0 -6 -12851 0 60 0
1212 8 609 0 -24 -12851 0 55 0
1213 12 903 742 -6 24 0 51 51
1214 12 1100 742 6 -24 0 55 51
1215 8 742 0 -6 -12851 0 55 0
1216 12 742 609 6 -24 0 51 55
1217 12 742 903 -6 24 0 55 51
1218 8 742 0 24 -12851 0 60 0
1219 12 742 1100 6 -24 0 55 51
1220 12 1100 742 -6 24 0 55 55
1221 8 500 0 -24 -12851 0 60 0
1222 12 742 500 6 -24 0 55 51
1223 12 903 742 6 -24 0 51 51
1224 8 500 0 24 -12851 0 60 0
1225 12 742 500 -6 24 0 55 55
1226 12 500 742 -6 24 0 55 51
1227 8 500 0 24 -12851 0 60 0
1228 12 903 742 6 -24 0 55 51
1229 8 1100 0 -6 -12851 0 60 0
1230 12 742 1100 6 -24 0 51 51
1231 8 1100 0 -24 -12851 0 55 0
1232 12 742 903 -6 24 0 55 51
1233 12 742 903 -6 24 0 51 51
1234 8 742 0 24 -12851 0 55 0
1235 8 609 0 -6 -12851 0 60 0
1236 8 609 0 6 -12851 0 60 0
1237 8 1100 0 -6 -12851 0 60 0
1238 8 903 0 -24 -12851 0 60 0
1239 8 742 0 24 -12851 0 60 0
1240 12 1100 742 6 -24 0 55 51
1241 8 609 0 -24 -12851 0 55 0
1242 12 742 609 -6 24 0 55 55
1243 8 903 0 24 -12851 0 60 0
1244 8 903 0 24 -12851 0 60 0
1245 12 903 742 -6 24 0 55 55
1246 12 903 742 -6 24 0 51 55
1247 12 609 742 -6 24 0 55 55
1248 12 742 609 -6 24 0 51 51
1249 12 742 1100 6 -24 0 51 51
1250 8 1100 0 6 -12851 0 55 0
1251 12 609 742 6 -24 0 51 55
1252 8 1100 0 24 -12851 0 55 0
1253 8 500 0 24 -12851 0 60 0
1254 8 500 0 -24 -12851 0 60 0
1255 8 500 0 -6 -12851 0 55 0
1256 8 903 0 24 -12851 0 60 0
1257 8 742 0 6 -12851 0 55 0
1258 12 500 742 6 -24 0 55 55
1259 12 742 903 -6 24 0 51 51
1260 12 742 1100 6 -24 0 51 55
1261 8 1100 0 6 -12851 0 60 0
1262 8 742 0 -6 -12851 0 60 0
1263 8 609 0 6 -12851 0 55 0
1264 12 742 903 6 -24 0 51 51
1265 8 903 0 -6 -12851 0 55 0
1266 8 1100 0 -24 -12851 0 55 0
1267 12 903 742 -6 24 0 51 55
1268 12 742 1100 6 -24 0 51 51
1269 12 609 742 -6 24 0 55 51
1270 8 903 0 24 -12851 0 55 0
1271 12 742 903 -6 24 0 55 55
1272 12 742 500 6 -24 0 55 51
1273 12 1100 742 -6 24 0 51 55
1274 8 609 0 6 -12851 0 60 0
1275 12 500 742 -6 24 0 51 55
1276 12 1100 742 -6 24 0 55 51
1277 8 742 0 -6 -12851 0 55 0
1278 12 500 742 -6 24 0 55 55
1279 8 609 0 -24 -12851 0 60 0
1280 8 903 0 6 -12851 1 60 0
1281 8 903 0 6 -12851 1 60 0
1282 8 903 0 -6 -12851 0 60 0
1283 8 903 0 -6 -12851 0 60 0
1284 12 742 500 6 -24 0 51 55
1285 8 500 0 24 -12851 0 60 0
1286 12 742 609 -6 24 0 51 51
1287 12 1100 742 6 -24 0 55 55
1288 12 742 1100 -6 24 0 55 51
1289 8 500 0 -6 -12851 0 60 0
1290 12 742 500 -6 24 0 51 51
1291 8 500 0 24 -12851 0 55 0
1292 12 903 742 -6 24 0 55 55
1293 8 1100 0 6 -12851 0 60 0
1294 8 609 0 -6 -12851 0 60 0
1295 8 742 0 -6 -12851 0 55 0
1296 12 742 500 6 -24 1 51 51
1297 12 609 742 6 -24 0 51 51
1298 12 742 1100 -6 24 0 51 55
1299 8 1100 0 24 -12851 0 55 0
1300 8 1100 0 6 -12851 0 60 0
1301 8 609 0 -6 -12851 1 55 0
1302 8 609 0 24 -12851 1 55 0
1303 8 742 0 -24 -12851 0 60 0
1304 8 742 0 -6 -12851 0 60 0
1305 8 1100 0 -24 -12851 0 60 0
1306 8 1100 0 -24 -12851 0 55 0
1307 12 742 1100 6 -24 0 51 51
1308 8 609 0 24 -12851 0 55 0
1309 8 500 0 6 -12851 0 55 0
1310 12 742 1100 -6 24 0 51 51
1311 8 903 0 -6 -12851 0 60 0
1312 8 742 0 -24 -12851 0 55 0
1313 8 742 0 -24 -12851 0 60 0
1314 12 742 1100 6 -24 0 51 51
1315 12 1100 742 -6 24 0 51 55
1316 12 500 742 -6 24 0 55 55
1317 12 500 742 -6 24 0 55 51
1318 12 1100 742 -6 24 0 55 55
1319 8 903 0 24 -12851 0 55 0
1320 8 903 0 -6 -12851 0 60 0
1321 8 609 0 6 -12851 0 60 0
1322 12 742 500 6 -24 0 51 55
1323 8 742 0 -24 -12851 0 60 0
1324 12 609 742 6 -24 0 55 55
1325 12 742 1100 -6 24 0 55 51
1326 8 609 0 -24 -12851 0 55 0
1327 8 1100 0 -6 -12851 0 60 0
1328 8 1100 0 -24 -12851 0 55 0
1329 12 742 500 6 -24 0 55 55
1330 12 742 609 -6 24 0 51 55
1331 8 500 0 -24 -12851 0 55 0
1332 8 500 0 24 -12851 0 60 0
1333 8 500 0 -24 -12851 0 55 0
1334 8 500 0 6 -12851 0 60 0
1335 12 742 609 -6 24 0 55 51
1336 8 609 0 24 -12851 0 55 0
1337 8 609 0 -6 -12851 0 55 0
1338 12 742 903 -6 24 0 51 55
1339 12 742 903 6 -24 0 51 55
1340 12 742 609 6 -24 0 55 55
1341 8 609 0 24 -12851 0 55 0
1342 12 500 742 6 -24 0 55 55
1343 12 609 742 6 -24 0 51 55
1344 12 742 609 -6 24 0 51 51
1345 8 903 0 6 -12851 0 55 0
1346 12 742 500 -6 24 0 51 51
1347 12 500 742 -6 24 0 55 55
1348 8 903 0 6 -12851 0 60 0
1349 8 1100 0 -6 -12851 0 60 0
1350 12 742 1100 6 -24 0 51 55
1351 8 903 0 6 -12851 0 55 0
1352 12 500 742 6 -24 0 51 51
1353 12 742 500 6 -24 0 51 51
1354 12 609 742 -6 24 0 51 51
1355 8 500 0 -24 -12851 0 60 0
1356 8 500 0 6 -12851 0 55 0
1357 8 742 0 -24 -12851 0 60 0
1358 8 742 0 -24 -12851 0 60 0
1359 8 742 0 24 -12851 0 60 0
1360 8 1100 0 24 -12851 0 60 0
1361 8 1100 0 -24 -12851 0 60 0
1362 12 609 742 6 -24 0 55 55
1363 8 1100 0 -24 -12851 0 55 0
1364 8 1100 0 -6 -12851 0 60 0
1365 8 609 0 6 -12851 0 60 0
1366 8 500 0 6 -12851 0 55 0
1367 8 903 0 -6 -12851 0 55 0
1368 8 742 0 6 -12851 0 60 0
1369 8 742 0 -24 -12851 0 55 0
1370 12 609 742 -6 24 0 51 55
1371 8 903 0 6 -12851 0 55 0
1372 8 903 0 24 -12851 0 55 0
1373 8 609 0 6 -12851 0 60 0
1374 8 742 0 -24 -12851 0 60 0
1375 12 1100 742 6 -24 0 51 55
1376 12 500 742 6 -24 0 55 55
1377 12 903 742 6 -24 0 51 51
1378 8 609 0 -6 -12851 0 60 0
1379 12 742 903 -6 24 0 55 55
1380 12 1100 742 -6 24 0 55 55
1381 8 1100 0 24 -12851 0 60 0
1382 12 742 903 -6 24 0 51 55
1383 12 742 500 -6 24 0 55 51
1384 12 742 500 -6 24 0 55 55
1385 8 1100 0 24 -12851 0 60 0
1386 8 500 0 -6 -12851 0 55 0
1387 12 903 742 6 -24 0 55 55
1388 12 742 903 6 -24 0 55 55
1389 12 742 500 6 -24 0 51 55
1390 12 903 742 6 -24 0 55 51
1391 12 500 742 6 -24 0 51 51
1392 8 500 0 6 -12851 0 55 0
1393 12 609 742 6 -24 0 51 51
1394 12 500 742 6 -24 0 55 55
1395 12 742 609 6 -24 0 55 55
1396 8 1100 0 6 -12851 0 55 0
1397 12 742 1100 6 -24 0 55 55
1398 8 1100 0 -6 -12851 0 60 0
1399 8 1100 0 24 -12851 0 55 0
1400 12 742 500 -6 24 0 55 55
1401 8 742 0 -24 -12851 0 55 0
1402 8 903 0 -6 -12851 0 60 0
1403 12 500 742 6 -24 0 55 51
1404 12 609 742 -6 24 0 51 51
1405 8 500 0 6 -12851 0 60 0
1406 8 742 0 24 -12851 0 55 0
1407 12 1100 742 -6 24 0 55 51
1408 8 500 0 -24 -12851 0 55 0
1409 8 1100 0 24 -12851 0 55 0
1410 8 500 0 6 -12851 0 55 0
1411 8 742 0 -6 -12851 0 60 0
1412 8 903 0 -6 -12851 0 55 0
1413 12 742 1100 -6 24 0 55 55
1414 8 609 0 24 -12851 0 55 0
1415 12 903 742 -6 24 0 55 51
1416 8 609 0 -6 -12851 0 60 0
1417 8 903 0 -6 -12851 0 60 0
1418 8 609 0 24 -12851 0 55 0
1419 12 742 903 -6 24 0 51 51
1420 12 1100 742 6 -24 0 51 51
1421 12 609 742 6 -24 0 55 55
1422 8 609 0 6 -12851 0 60 0
1423 12 742 1100 -6 24 0 55 55
1424 12 903 742 -6 24 0 51 55
1425 12 609 742 6 -24 0 51 55
1426 8 609 0 -6 -12851 0 60 0
1427 8 1100 0 -24 -12851 0 55 0
1428 8 609 0 6 -12851 0 55 0
1429 8 742 0 -6 -12851 0 60 0
1430 12 742 609 -6 24 0 55 51
1431 12 500 742 -6 24 0 55 51
1432 12 609 742 6 -24 0 51 55
1433 12 742 903 6 -24 0 51 51
1434 12 742 500 -6 24 0 51 51
1435 12 609 742 -6 24 0 51 55
1436 12 903 742 6 -24 0 51 51
1437 8 1100 0 -6 -12851 0 55 0
1438 12 500 742 -6 24 0 55 51
1439 8 1100 0 -24 -12851 0 55 0
1440 8 903 0 24 -12851 0 60 0
1441 12 609 742 6 -24 0 51 51
1442 8 903 0 -24 -12851 0 60 0
1443 8 742 0 6 -12851 0 55 0
1444 12 500 742 6 -24 0 55 55
1445 8 903 0 24 -12851 0 60 0
1446 8 609 0 -6 -12851 0 55 0
1447 12 1100 742 6 -24 0 51 55
1448 12 742 609 6 -24 0 51 55
1449 12 742 500 6 -24 0 51 51
1450 8 742 0 -24 -12851 0 55 0
1451 12 500 742 6 -24 0 55 51
1452 8 500 0 -24 -12851 0 60 0
1453 8 500 0 6 -12851 0 60 0
1454 8 500 0 -6 -12851 0 60 0
1455 8 1100 0 -24 -12851 0 60 0
1456 8 1100 0 -24 -12851 0 55 0
1457 12 742 609 6 -24 0 51 51
1458 12 742 609 -6 24 0 51 51
1459 8 500 0 -6 -12851 0 60 0
1460 8 500 0 -6 -12851 0 60 0
1461 8 500 0 24 -12851 0 55 0
1462 12 1100 742 -6 24 0 55 55
1463 8 903 0 -6 -12851 0 60 0
1464 8 742 0 -6 -12851 0 55 0
1465 12 609 742 6 -24 0 51 51
1466 8 1100 0 24 -12851 0 60 0
1467 12 742 1100 -6 24 0 51 55
1468 8 742 0 6 -12851 0 60 0
1469 8 609 0 24 -12851 0 55 0
1470 8 903 0 -6 -12851 0 55 0
1471 8 1100 0 6 -12851 0 60 0
1472 8 903 0 24 -12851 0 55 0
1473 8 609 0 -24 -12851 0 60 0
1474 8 742 0 6 -12851 0 55 0
1475 8 609 0 -6 -12851 0 55 0
1476 12 609 742 -6 24 0 51 51
1477 8 1100 0 24 -12851 0 55 0
1478 8 1100 0 -6 -12851 0 55 0
1479 12 742 500 -6 24 0 51 51
1480 8 1100 0 24 -12851 0 60 0
1481 12 742 903 -6 24 0 55 51
1482 8 742 0 24 -12851 0 60 0
1483 12 500 742 -6 24 0 55 55
1484 12 500 742 -6 24 0 55 51
1485 8 903 0 -24 -12851 0 60 0
1486 12 742 903 6 -24 0 55 51
1487 8 500 0 6 -12851 0 60 0
1488 12 1100 742 6 -24 0 55 51
1489 8 742 0 -24 -12851 0 55 0
1490 12 500 742 6 -24 0 51 55
1491 12 903 742 -6 24 0 55 55
1492 12 742 903 6 -24 0 55 55
1493 12 742 609 6 -24 0 55 51
1494 8 500 0 -24 -12851 0 60 0
1495 12 742 1100 6 -24 0 55 55
1496 8 1100 0 -6 -12851 0 60 0
1497 8 500 0 24 -12851 0 60 0
1498 8 742 0 -24 -12851 0 60 0
1499 12 742 609 6 -24 0 55 51
1500 12 903 742 -6 24 0 55 55
1501 12 903 742 6 -24 0 51 51
1502 8 903 0 6 -12851 0 60 0
1503 8 609 0 -24 -12851 0 55 0
1504 8 609 0 -24 -12851 0 60 0
1505 12 742 500 -6 24 0 51 51
1506 12 500 742 -6 24 0 55 51
1507 12 1100 742 -6 24 0 55 51
1508 8 903 0 -6 -12851 0 55 0
1509 12 742 1100 -6 24 0 55 55
1510 8 609 0 -24 -12851 0 60 0
1511 8 1100 0 -24 -12851 0 60 0
1512 8 1100 0 6 -12851 0 55 0
1513 8 903 0 -6 -12851 0 55 0
1514 12 742 903 -6 24 0 55 51
1515 8 609 0 -6 -12851 0 55 0
1516 12 742 500 -6 24 0 51 51
1517 8 742 0 6 -12851 0 60 0
1518 8 609 0 6 -12851 0 55 0
1519 12 903 742 -6 24 0 55 55
1520 12 742 500 6 -24 0 55 55
1521 8 903 0 -6 -12851 0 60 0
1522 8 609 0 6 -12851 0 55 0
1523 8 500 0 6 -12851 0 60 0
1524 8 1100 0 6 -12851 0 55 0
1525 8 742 0 -24 -12851 0 60 0
1526 8 500 0 24 -12851 0 60 0
1527 8 1100 0 -24 -12851 0 60 0
1528 12 500 742 6 -24 0 51 55
1529 8 500 0 6 -12851 0 60 0
1530 8 742 0 24 -12851 0 55 0
1531 12 742 903 6 -24 0 55 55
1532 8 903 0 -6 -12851 0 60 0
1533 12 742 609 6 -24 0 51 55
1534 8 742 0 24 -12851 0 60 0
1535 12 742 500 -6 24 0 51 51
1536 12 742 500 6 -24 0 51 51
1537 12 742 1100 6 -24 0 51 51
1538 8 742 0 -6 -12851 0 60 0
1539 12 903 742 -6 24 0 51 51
1540 8 903 0 24 -12851 0 60 0
1541 8 903 0 -24 -12851 0 60 0
1542 12 609 742 6 -24 0 51 55
1543 8 609 0 -6 -12851 0 60 0
1544 8 1100 0 24 -12851 0 60 0
1545 12 500 742 -6 24 0 55 55
1546 12 500 742 6 -24 0 51 51
1547 12 742 500 -6 24 0 51 51
1548 8 609 0 24 -12851 0 55 0
1549 8 1100 0 24 -12851 0 55 0
1550 8 500 0 6 -12851 0 60 0
1551 8 742 0 -24 -12851 0 55 0
1552 12 500 742 -6 24 0 51 51
1553 8 903 0 -24 -12851 0 60 0
1554 12 742 609 -6 24 0 55 55
1555 8 500 0 -6 -12851 0 60 0
1556 8 742 0 -6 -12851 0 60 0
1557 12 742 1100 6 -24 0 55 51
1558 8 609 0 -24 -12851 0 60 0
1559 8 500 0 24 -12851 0 60 0
1560 8 1100 0 6 -12851 0 55 0
1561 8 609 0 -6 -12851 0 55 0
1562 12 500 742 6 -24 0 55 55
1563 12 742 1100 6 -24 0 51 51
1564 8 609 0 6 -12851 0 60 0
1565 8 742 0 6 -12851 0 60 0
1566 8 609 0 -24 -12851 0 60 0
1567 8 500 0 6 -12851 0 55 0
1568 12 1100 742 6 -24 0 55 55
1569 12 903 742 -6 24 0 55 55
1570 8 609 0 -6 -12851 0 55 0
1571 8 903 0 -6 -12851 0 55 0
1572 8 1100 0 -6 -12851 0 55 0
1573 8 1100 0 6 -12851 0 55 0
1574 8 742 0 6 -12851 0 60 0
1575 12 500 742 -6 24 0 55 51
1576 12 742 609 -6 24 0 55 55
1577 8 903 0 6 -12851 0 55 0
1578 12 742 903 -6 24 0 55 55
1579 12 1100 742 -6 24 0 55 51
1580 8 1100 0 24 -12851 0 60 0
1581 8 903 0 6 -12851 0 60 0
1582 8 742 0 24 -12851 0 55 0
1583 8 500 0 6 -12851 0 60 0
1584 8 500 0 -6 -12851 0 60 0
1585 8 903 0 6 -12851 0 55 0
1586 8 903 0 -6 -12851 0 55 0
1587 12 742 1100 6 -24 0 55 51
1588 8 500 0 24 -12851 0 60 0
1589 8 609 0 -6 -12851 0 55 0
1590 8 609 0 -6 -12851 0 55 0
1591 8 500 0 -24 -12851 0 60 0
1592 12 903 742 6 -24 0 55 55
1593 8 500 0 -6 -12851 0 60 0
1594 8 742 0 24 -12851 0 55 0
1595 12 742 500 -6 24 0 51 55
1596 12 742 500 6 -24 0 55 51
1597 12 609 742 -6 24 0 55 51
1598 8 742 0 -24 -12851 0 60 0
1599 8 609 0 6 -12851 0 60 0
1600 12 742 500 6 -24 0 55 51
1601 8 742 0 24 -12851 0 60 0
1602 8 1100 0 24 -12851 0 55 0
1603 8 903 0 6 -12851 0 55 0
1604 12 609 742 6 -24 0 51 55
1605 12 742 609 -6 24 0 51 55
1606 12 742 1100 6 -24 0 55 55
1607 8 903 0 24 -12851 0 55 0
1608 8 1100 0 24 -12851 0 55 0
1609 8 1100 0 -6 -12851 0 60 0
1610 12 1100 742 -6 24 0 55 55
1611 8 500 0 -24 -12851 0 55 0
1612 12 742 609 -6 24 0 55 55
1613 12 742 609 6 -24 0 55 51
1614 12 742 1100 -6 24 0 51 55
1615 8 500 0 6 -12851 0 60 0
1616 8 903 0 24 -12851 0 55 0
1617 8 903 0 -6 -12851 0 60 0
1618 8 903 0 -24 -12851 0 60 0
1619 8 500 0 -24 -12851 0 55 0
1620 8 1100 0 24 -12851 0 55 0
1621 12 742 1100 6 -24 0 51 51
1622 12 742 500 -6 24 0 51 51
1623 12 742 903 6 -24 0 51 51
1624 12 1100 742 6 -24 0 55 51
1625 8 1100 0 6 -12851 0 55 0
1626 12 609 742 6 -24 0 55 51
1627 8 1100 0 6 -12851 0 60 0
1628 8 609 0 24 -12851 0 60 0
1629 12 500 742 6 -24 0 51 51
1630 12 1100 742 6 -24 0 51 51
1631 12 500 742 -6 24 0 55 51
1632 8 609 0 24 -12851 0 55 0
1633 12 742 1100 -6 24 0 55 55
1634 8 742 0 -24 -12851 0 60 0
1635 8 742 0 -24 -12851 0 55 0
1636 8 609 0 6 -12851 0 60 0
1637 8 742 0 6 -12851 0 55 0
1638 8 500 0 24 -12851 0 60 0
1639 8 500 0 -24 -12851 0 60 0
1640 8 500 0 6 -12851 0 60 0
1641 8 1100 0 -24 -12851 0 60 0
1642 8 500 0 24 -12851 0 55 0
1643 12 742 903 6 -24 0 51 51
1644 12 742 1100 6 -24 0 55 55
1645 12 742 500 -6 24 0 55 51
1646 12 742 903 -6 24 0 51 51
1647 8 500 0 24 -12851 0 60 0
1648 8 1100 0 24 -12851 0 55 0
1649 8 609 0 6 -12851 0 55 0
1650 8 903 0 24 -12851 0 55 0
1651 8 1100 0 24 -12851 0 60 0
1652 12 742 1100 -6 24 0 55 55
1653 8 742 0 -6 -12851 0 60 0
1654 8 609 0 -6 -12851 0 60 0
1655 12 742 1100 6 -24 0 51 55
1656 12 742 500 6 -24 0 55 51
1657 8 742 0 -6 -12851 0 60 0
1658 12 1100 742 6 -24 0 51 51
1659 8 609 0 24 -12851 0 60 0
1660 8 903 0 6 -12851 0 55 0
1661 8 903 0 6 -12851 0 55 0
1662 12 742 903 -6 24 0 55 55
1663 8 742 0 6 -12851 0 55 0
1664 8 903 0 24 -12851 0 60 0
1665 8 903 0 -24 -12851 0 55 0
1666 12 742 609 -6 24 0 55 51
1667 8 903 0 -24 -12851 0 60 0
1668 12 500 742 -6 24 0 51 51
1669 12 903 742 6 -24 0 51 51
1670 8 609 0 -6 -12851 0 55 0
1671 12 609 742 6 -24 0 51 55
1672 12 500 742 -6 24 0 55 55
1673 12 609 742 6 -24 0 51 51
1674 8 500 0 24 -12851 0 55 0
1675 8 1100 0 -6 -12851 0 55 0
1676 8 1100 0 -6 -12851 0 60 0
1677 12 742 609 -6 24 0 51 51
1678 8 903 0 6 -12851 0 55 0
1679 12 500 742 6 -24 0 55 55
1680 12 742 609 6 -24 0 51 55
1681 12 742 500 6 -24 0 51 51
1682 8 1100 0 6 -12851 0 60 0
1683 8 500 0 24 -12851 0 55 0
1684 8 742 0 6 -12851 0 55 0
1685 12 742 609 -6 24 0 55 51
1686 8 609 0 -24 -12851 0 55 0
1687 8 609 0 6 -12851 0 60 0
1688 8 500 0 -24 -12851 0 55 0
