419 8 500 0 24 -12851 1 55 0
420 8 500 0 -24 -12851 1 55 0
421 8 903 0 6 -12851 1 55 0
422 8 1100 0 6 -12851 0 60 0
423 8 1100 0 24 -12851 1 55 0
424 8 742 0 -6 -12851 1 60 0
425 8 742 0 24 -12851 1 60 0
426 8 903 0 -24 -12851 1 55 0
427 12 742 500 6 -24 1 55 51
428 8 903 0 24 -12851 1 60 0
429 12 500 742 6 -24 1 55 51
430 12 742 609 -6 24 1 51 51
431 12 742 1100 -6 24 0 55 55
432 8 609 0 24 -12851 1 55 0
433 8 903 0 6 -12851 1 60 0
434 12 609 742 6 -24 1 55 51
435 12 742 1100 6 -24 0 51 51
436 8 1100 0 -24 -12851 1 55 0
437 8 1100 0 -6 -12851 0 60 0
438 12 742 903 -6 24 0 55 51
439 12 500 742 -6 24 0 51 55
440 12 742 1100 -6 24 0 51 51
441 8 609 0 6 -12851 1 55 0
442 12 742 903 6 -24 1 51 51
443 12 742 1100 6 -24 1 55 55
444 12 609 742 -6 24 1 51 51
445 8 1100 0 24 -12851 1 60 0
446 8 609 0 6 -12851 1 55 0
447 8 500 0 -24 -12851 0 55 0
448 8 742 0 24 -12851 1 55 0
449 8 500 0 24 -12851 0 55 0
450 8 742 0 6 -12851 1 55 0
451 12 742 500 6 -24 1 51 51
452 8 500 0 24 -12851 1 60 0
453 8 903 0 24 -12851 1 60 0
454 8 903 0 6 -12851 1 60 0
455 8 1100 0 24 -12851 1 55 0
456 12 500 742 -6 24 1 55 51
457 8 1100 0 -24 -12851 1 55 0
458 8 903 0 24 -12851 1 55 0
459 8 1100 0 -24 -12851 1 60 0
460 8 609 0 24 -12851 1 60 0
461 8 500 0 -6 -12851 0 55 0
462 12 742 500 -6 24 0 55 51
463 12 500 742 -6 24 1 55 51
464 12 1100 742 6 -24 0 55 55
465 12 609 742 6 -24 1 51 51
466 8 500 0 -6 -12851 1 55 0
467 12 742 609 6 -24 1 55 51
468 8 903 0 24 -12851 0 55 0
469 8 609 0 6 -12851 1 55 0
470 12 742 500 -6 24 1 51 55
471 12 609 742 -6 24 0 51 55
472 8 500 0 24 -12851 1 60 0
473 8 609 0 -6 -12851 1 60 0
474 8 742 0 6 -12851 1 60 0
475 8 742 0 6 -12851 1 55 0
476 8 742 0 6 -12851 1 60 0
477 8 1100 0 -6 -12851 0 60 0
478 8 1100 0 -6 -12851 0 55 0
479 8 500 0 -6 -12851 1 55 0
480 8 742 0 -24 -12851 1 60 0
481 12 742 1100 6 -24 1 55 51
482 8 903 0 -24 -12851 1 60 0
483 12 1100 742 6 -24 0 51 55
484 12 742 609 -6 24 0 51 51
485 8 742 0 6 -12851 1 60 0
486 8 903 0 -24 -12851 1 60 0
487 8 742 0 6 -12851 1 60 0
488 8 609 0 24 -12851 1 55 0
489 8 903 0 -24 -12851 0 60 0
490 8 500 0 -24 -12851 1 60 0
491 12 742 609 6 -24 1 51 51
492 8 500 0 24 -12851 1 55 0
493 8 609 0 6 -12851 1 60 0
494 8 1100 0 6 -12851 1 60 0
495 12 742 1100 -6 24 1 51 51
496 12 742 500 6 -24 1 55 51
497 8 1100 0 24 -12851 1 55 0
498 12 500 742 -6 24 0 51 55
499 12 742 1100 -6 24 0 51 55
500 12 742 609 -6 24 0 55 55
501 8 609 0 -6 -12851 0 55 0
502 12 1100 742 -6 24 0 51 51
503 12 609 742 6 -24 0 51 55
504 8 742 0 -24 -12851 1 60 0
505 8 742 0 6 -12851 1 55 0
506 8 1100 0 6 -12851 1 60 0
507 8 742 0 6 -12851 1 60 0
508 8 500 0 6 -12851 1 60 0
509 8 742 0 -6 -12851 1 55 0
510 8 609 0 -6 -12851 1 55 0
511 12 500 742 6 -24 1 55 55
512 8 609 0 -6 -12851 0 55 0
513 12 742 500 6 -24 0 51 55
514 8 1100 0 -6 -12851 0 55 0
515 8 1100 0 -24 -12851 1 60 0
516 12 500 742 6 -24 1 55 55
517 8 609 0 24 -12851 1 55 0
518 8 903 0 6 -12851 1 60 0
519 8 500 0 6 -12851 0 60 0
520 12 742 609 6 -24 0 51 55
521 8 500 0 24 -12851 0 60 0
522 8 903 0 6 -12851 1 55 0
523 8 903 0 6 -12851 1 55 0
524 12 742 903 -6 24 1 51 51
525 12 742 1100 6 -24 1 55 55
526 8 742 0 -24 -12851 1 60 0
527 8 742 0 -6 -12851 1 60 0
528 12 500 742 6 -24 1 51 55
529 12 742 500 -6 24 1 55 55
530 12 742 609 -6 24 0 51 51
531 8 742 0 6 -12851 1 55 0
532 8 609 0 24 -12851 1 60 0
533 8 1100 0 24 -12851 1 55 0
534 8 1100 0 6 -12851 1 55 0
535 8 500 0 -24 -12851 1 60 0
536 8 742 0 6 -12851 1 55 0
537 12 500 742 6 -24 0 51 55
538 12 1100 742 -6 24 0 51 55
539 8 609 0 -24 -12851 1 55 0
540 12 742 903 -6 24 0 51 51
541 12 742 1100 -6 24 1 55 55
542 12 500 742 -6 24 1 55 51
543 12 1100 742 6 -24 0 51 55
544 8 609 0 6 -12851 0 60 0
545 8 500 0 -6 -12851 1 55 0
546 8 903 0 24 -12851 1 60 0
547 12 742 903 6 -24 1 51 51
548 12 609 742 -6 24 1 55 51
549 12 500 742 6 -24 1 55 55
550 8 1100 0 -6 -12851 1 55 0
551 8 903 0 -24 -12851 1 55 0
552 8 500 0 -24 -12851 1 60 0
553 8 903 0 24 -12851 0 55 0
554 8 903 0 6 -12851 1 55 0
555 12 742 903 6 -24 1 51 51
556 8 903 0 24 -12851 1 55 0
557 12 1100 742 -6 24 1 55 55
558 8 903 0 -6 -12851 1 60 0
559 8 1100 0 -24 -12851 1 60 0
560 12 742 500 6 -24 1 51 51
561 8 742 0 6 -12851 1 55 0
562 8 609 0 24 -12851 1 55 0
563 12 500 742 6 -24 1 51 51
564 12 903 742 -6 24 0 55 55
565 8 500 0 24 -12851 1 60 0
566 8 609 0 -6 -12851 0 55 0
567 8 500 0 -6 -12851 0 55 0
568 8 742 0 6 -12851 1 55 0
569 12 609 742 -6 24 1 51 51
570 8 500 0 24 -12851 1 55 0
571 8 742 0 -6 -12851 1 55 0
572 12 742 609 -6 24 0 55 55
573 8 1100 0 -24 -12851 1 60 0
574 8 1100 0 -24 -12851 1 60 0
575 8 903 0 -6 -12851 0 55 0
576 8 609 0 -24 -12851 1 55 0
577 12 1100 742 6 -24 0 55 55
578 8 1100 0 -6 -12851 1 60 0
579 12 742 1100 -6 24 1 55 55
580 12 609 742 -6 24 0 55 55
581 12 742 500 -6 24 1 51 51
582 8 1100 0 -24 -12851 1 60 0
583 8 500 0 -6 -12851 0 60 0
584 8 609 0 6 -12851 1 60 0
585 8 500 0 24 -12851 1 60 0
586 12 609 742 -6 24 1 55 51
587 8 609 0 -6 -12851 0 55 0
588 8 742 0 24 -12851 1 60 0
589 8 609 0 -24 -12851 1 55 0
590 8 1100 0 24 -12851 1 55 0
591 8 1100 0 -6 -12851 0 55 0
592 8 903 0 -6 -12851 1 60 0
593 8 500 0 -24 -12851 1 55 0
594 12 1100 742 -6 24 0 55 51
595 8 742 0 -24 -12851 1 55 0
596 8 742 0 6 -12851 1 60 0
597 8 903 0 24 -12851 1 55 0
598 12 609 742 -6 24 1 51 55
599 12 500 742 -6 24 0 55 55
600 8 903 0 24 -12851 1 55 0
601 8 903 0 6 -12851 1 60 0
602 8 903 0 6 -12851 1 55 0
603 12 500 742 -6 24 1 55 51
604 12 742 903 6 -24 1 51 51
605 8 500 0 -24 -12851 1 60 0
606 8 742 0 24 -12851 0 60 0
607 12 742 500 6 -24 1 51 55
608 8 500 0 24 -12851 0 60 0
609 8 903 0 -6 -12851 0 55 0
610 8 500 0 -24 -12851 1 55 0
611 8 903 0 6 -12851 1 60 0
612 8 1100 0 -24 -12851 1 55 0
613 8 1100 0 -24 -12851 1 55 0
614 8 609 0 -24 -12851 1 60 0
615 8 1100 0 -24 -12851 1 60 0
616 8 742 0 6 -12851 0 60 0
617 8 609 0 6 -12851 1 60 0
618 8 742 0 24 -12851 1 60 0
619 12 742 903 6 -24 0 51 55
620 8 609 0 -6 -12851 1 55 0
621 12 742 500 6 -24 0 51 55
622 8 500 0 6 -12851 1 60 0
623 12 742 609 6 -24 0 55 55
624 8 500 0 6 -12851 1 55 0
625 12 742 1100 -6 24 1 55 51
626 8 500 0 -24 -12851 1 55 0
627 8 500 0 -24 -12851 1 60 0
628 12 1100 742 -6 24 1 51 51
629 8 609 0 24 -12851 1 55 0
630 8 609 0 24 -12851 1 60 0
631 12 742 903 6 -24 1 51 55
632 12 742 1100 6 -24 1 51 51
633 8 609 0 -6 -12851 0 60 0
634 12 903 742 -6 24 1 51 51
635 8 1100 0 -24 -12851 1 60 0
636 12 609 742 6 -24 1 51 55
637 8 1100 0 -6 -12851 1 55 0
638 8 742 0 -24 -12851 1 55 0
639 12 1100 742 6 -24 1 55 55
640 8 903 0 -24 -12851 1 60 0
641 8 1100 0 -24 -12851 1 60 0
642 12 742 1100 -6 24 1 55 55
643 12 1100 742 6 -24 1 51 55
644 12 742 609 -6 24 0 51 55
645 12 1100 742 -6 24 1 55 55
646 8 742 0 -6 -12851 0 60 0
647 8 742 0 6 -12851 0 60 0
648 12 742 609 -6 24 1 55 51
649 8 903 0 24 -12851 1 60 0
650 8 903 0 24 -12851 1 60 0
651 8 500 0 6 -12851 1 55 0
652 12 742 609 -6 24 1 51 51
653 8 500 0 6 -12851 1 60 0
654 12 742 609 -6 24 1 55 55
655 8 742 0 6 -12851 1 60 0
656 12 903 742 6 -24 0 51 55
657 12 742 1100 -6 24 0 55 51
658 12 742 609 6 -24 1 51 55
659 8 500 0 6 -12851 1 60 0
660 12 742 903 -6 24 0 55 51
661 8 1100 0 6 -12851 1 60 0
662 8 609 0 -6 -12851 1 55 0
663 8 500 0 6 -12851 1 55 0
664 8 1100 0 -6 -12851 1 60 0
665 8 903 0 -6 -12851 1 55 0
666 8 609 0 -24 -12851 1 55 0
667 12 742 903 -6 24 1 55 55
668 8 742 0 -24 -12851 1 55 0
669 8 1100 0 6 -12851 1 60 0
670 8 609 0 -6 -12851 0 55 0
671 12 500 742 -6 24 0 55 51
672 8 903 0 -6 -12851 0 60 0
673 8 903 0 -24 -12851 1 55 0
674 8 742 0 -24 -12851 1 55 0
675 12 903 742 6 -24 1 51 55
676 8 500 0 -6 -12851 0 60 0
677 12 903 742 6 -24 0 51 55
678 12 742 903 6 -24 0 51 51
679 12 903 742 -6 24 0 55 55
680 12 1100 742 6 -24 0 55 55
681 8 500 0 24 -12851 0 55 0
682 12 903 742 -6 24 1 51 51
683 8 742 0 -6 -12851 1 60 0
684 8 1100 0 -6 -12851 1 60 0
685 8 742 0 -24 -12851 1 55 0
686 8 903 0 -24 -12851 1 55 0
687 8 903 0 6 -12851 0 60 0
688 8 500 0 6 -12851 1 55 0
689 8 609 0 -6 -12851 0 60 0
690 8 1100 0 24 -12851 1 60 0
691 12 1100 742 -6 24 0 55 55
692 12 742 609 6 -24 1 55 55
693 8 500 0 -6 -12851 1 55 0
694 12 500 742 -6 24 1 51 51
695 8 609 0 6 -12851 1 55 0
696 8 609 0 6 -12851 1 60 0
697 12 742 500 -6 24 0 55 55
698 12 609 742 6 -24 0 51 55
699 8 742 0 -6 -12851 0 55 0
700 12 742 903 -6 24 0 51 55
701 8 903 0 -24 -12851 0 60 0
702 8 1100 0 -6 -12851 0 55 0
703 8 500 0 -6 -12851 0 55 0
704 8 500 0 24 -12851 1 55 0
705 8 500 0 -6 -12851 1 60 0
706 8 1100 0 6 -12851 1 60 0
707 8 609 0 -24 -12851 1 60 0
708 8 742 0 6 -12851 1 60 0
709 12 1100 742 6 -24 1 55 51
710 12 1100 742 -6 24 1 55 55
711 12 742 1100 6 -24 0 55 55
712 12 1100 742 6 -24 0 51 51
713 8 742 0 -24 -12851 1 55 0
714 8 609 0 6 -12851 1 60 0
715 12 742 1100 -6 24 1 55 51
716 8 903 0 -6 -12851 1 55 0
717 12 742 1100 -6 24 0 55 55
718 8 742 0 6 -12851 0 60 0
719 8 500 0 6 -12851 1 60 0
720 8 1100 0 -24 -12851 1 60 0
721 12 742 1100 6 -24 0 51 51
722 8 609 0 24 -12851 0 55 0
723 8 903 0 24 -12851 1 55 0
724 8 1100 0 -6 -12851 1 60 0
725 12 1100 742 6 -24 1 55 55
726 8 903 0 6 -12851 1 55 0
727 12 742 1100 -6 24 0 51 51
728 8 1100 0 6 -12851 1 60 0
729 8 1100 0 -24 -12851 0 55 0
730 12 742 500 6 -24 1 51 51
731 8 609 0 6 -12851 1 55 0
732 8 609 0 -6 -12851 1 55 0
733 8 742 0 24 -12851 1 55 0
734 8 742 0 -24 -12851 1 55 0
735 8 1100 0 -24 -12851 1 55 0
736 8 903 0 6 -12851 1 60 0
737 12 609 742 6 -24 1 51 51
738 8 903 0 -24 -12851 0 60 0
739 8 1100 0 6 -12851 0 55 0
740 8 742 0 24 -12851 0 60 0
741 8 609 0 -6 -12851 0 55 0
742 12 609 742 6 -24 1 55 51
743 8 500 0 -24 -12851 1 60 0
744 8 500 0 -24 -12851 1 55 0
745 12 742 609 6 -24 0 51 51
746 8 903 0 6 -12851 1 60 0
747 8 500 0 -6 -12851 0 55 0
748 12 903 742 -6 24 0 55 55
749 12 742 609 6 -24 0 55 51
750 12 742 500 -6 24 1 51 55
751 8 609 0 24 -12851 0 55 0
752 8 609 0 -6 -12851 0 55 0
753 8 500 0 -6 -12851 0 60 0
754 8 903 0 6 -12851 1 60 0
755 12 903 742 -6 24 0 51 51
756 12 1100 742 6 -24 0 51 55
757 12 500 742 -6 24 1 51 55
758 8 903 0 -24 -12851 1 55 0
759 8 609 0 6 -12851 1 55 0
760 12 609 742 -6 24 1 51 51
761 12 742 1100 6 -24 0 51 55
762 12 742 500 -6 24 0 51 51
763 12 609 742 6 -24 0 55 55
764 12 903 742 -6 24 0 55 51
765 12 742 903 -6 24 0 55 55
766 8 742 0 24 -12851 0 60 0
767 8 1100 0 -6 -12851 0 60 0
768 12 742 500 6 -24 0 51 51
769 8 609 0 6 -12851 0 60 0
770 8 742 0 24 -12851 0 60 0
771 8 742 0 -6 -12851 0 55 0
772 8 1100 0 -6 -12851 0 55 0
773 8 903 0 24 -12851 0 55 0
774 8 500 0 6 -12851 1 55 0
775 8 500 0 6 -12851 1 60 0
776 8 1100 0 6 -12851 1 55 0
777 12 1100 742 6 -24 1 51 55
778 8 903 0 -6 -12851 1 55 0
779 8 903 0 6 -12851 0 60 0
780 8 1100 0 6 -12851 0 55 0
781 8 1100 0 -24 -12851 1 55 0
782 8 903 0 24 -12851 0 60 0
783 8 1100 0 24 -12851 1 55 0
784 8 609 0 -24 -12851 1 60 0
785 8 500 0 -6 -12851 1 55 0
786 8 500 0 -6 -12851 1 60 0
787 8 903 0 6 -12851 1 55 0
788 8 609 0 24 -12851 1 55 0
789 8 500 0 24 -12851 1 60 0
790 8 609 0 24 -12851 1 60 0
791 8 742 0 -6 -12851 0 60 0
792 12 500 742 -6 24 1 51 51
793 8 742 0 6 -12851 1 60 0
794 8 742 0 -6 -12851 1 60 0
795 8 903 0 -24 -12851 1 55 0
796 8 903 0 6 -12851 0 60 0
797 12 609 742 6 -24 0 55 51
798 8 742 0 6 -12851 0 55 0
799 8 742 0 -24 -12851 1 55 0
800 12 903 742 -6 24 0 55 55
801 8 742 0 -24 -12851 1 55 0
802 8 500 0 -6 -12851 0 60 0
803 8 500 0 6 -12851 1 60 0
804 8 1100 0 6 -12851 1 55 0
805 12 742 903 6 -24 0 51 51
806 8 609 0 -24 -12851 0 55 0
807 12 742 609 6 -24 0 55 51
808 8 609 0 -24 -12851 0 60 0
809 8 609 0 -24 -12851 1 55 0
810 8 1100 0 -24 -12851 1 60 0
811 12 742 1100 6 -24 1 55 51
812 12 609 742 6 -24 1 55 51
813 8 903 0 -6 -12851 0 60 0
814 8 1100 0 6 -12851 0 60 0
815 8 903 0 -6 -12851 0 60 0
816 8 500 0 6 -12851 0 60 0
817 8 500 0 -24 -12851 0 60 0
818 12 742 903 -6 24 1 55 55
819 8 500 0 6 -12851 0 60 0
820 12 742 1100 6 -24 1 55 51
821 8 500 0 24 -12851 1 60 0
822 8 742 0 -24 -12851 1 60 0
823 8 609 0 -24 -12851 1 55 0
824 8 903 0 24 -12851 1 60 0
825 8 1100 0 -6 -12851 0 60 0
826 12 609 742 6 -24 1 55 55
827 12 609 742 6 -24 1 55 55
828 12 903 742 6 -24 0 55 55
829 8 500 0 -6 -12851 0 55 0
830 12 742 1100 -6 24 1 51 51
831 12 742 500 -6 24 1 55 55
832 8 903 0 -24 -12851 1 55 0
833 8 609 0 -6 -12851 1 55 0
834 12 903 742 6 -24 0 55 51
835 8 903 0 -24 -12851 0 55 0
836 12 742 1100 6 -24 0 55 51
837 8 742 0 24 -12851 0 60 0
838 8 742 0 6 -12851 0 60 0
839 12 1100 742 -6 24 0 55 51
840 12 609 742 6 -24 0 55 55
841 8 609 0 -6 -12851 0 60 0
842 8 1100 0 6 -12851 1 55 0
843 12 742 1100 6 -24 1 51 55
844 8 1100 0 24 -12851 1 55 0
845 8 500 0 -24 -12851 0 55 0
846 8 500 0 -6 -12851 0 60 0
847 8 742 0 6 -12851 1 55 0
848 8 500 0 -24 -12851 1 55 0
849 12 1100 742 6 -24 0 55 55
850 8 1100 0 24 -12851 0 55 0
851 12 742 500 6 -24 0 51 55
852 8 609 0 -6 -12851 0 55 0
853 12 742 609 -6 24 0 55 55
854 8 500 0 6 -12851 0 60 0
855 8 1100 0 -6 -12851 0 60 0
856 8 903 0 -24 -12851 0 60 0
857 12 500 742 6 -24 0 55 51
858 8 609 0 6 -12851 0 55 0
859 12 742 609 6 -24 0 55 55
860 12 500 742 6 -24 0 51 55
861 8 742 0 -24 -12851 0 60 0
862 12 903 742 6 -24 0 55 51
863 12 742 609 6 -24 0 55 55
864 8 1100 0 -24 -12851 0 55 0
865 12 742 500 -6 24 0 55 55
866 8 609 0 24 -12851 0 60 0
867 8 903 0 24 -12851 1 55 0
868 12 742 1100 -6 24 0 55 51
869 8 903 0 24 -12851 1 60 0
870 8 742 0 -6 -12851 0 55 0
871 12 742 500 6 -24 0 55 51
872 12 500 742 6 -24 0 55 51
873 12 742 903 6 -24 0 55 51
874 8 609 0 -6 -12851 0 55 0
875 12 609 742 -6 24 0 55 51
876 12 903 742 -6 24 0 55 51
877 12 742 1100 6 -24 0 55 55
878 12 742 903 -6 24 0 51 51
879 12 742 903 6 -24 0 55 55
880 8 609 0 -6 -12851 0 60 0
881 8 500 0 -6 -12851 1 60 0
882 8 609 0 24 -12851 0 55 0
883 12 742 609 6 -24 1 55 55
884 8 609 0 -24 -12851 1 55 0
885 12 742 500 -6 24 0 51 51
886 8 742 0 -6 -12851 0 55 0
887 8 1100 0 -6 -12851 0 60 0
888 8 903 0 -24 -12851 1 60 0
889 12 500 742 6 -24 1 51 51
890 8 1100 0 -6 -12851 0 55 0
891 8 1100 0 24 -12851 1 55 0
892 8 742 0 -24 -12851 1 55 0
893 8 903 0 -6 -12851 0 60 0
894 12 500 742 6 -24 0 55 51
895 12 742 609 -6 24 0 55 51
896 8 903 0 24 -12851 0 60 0
897 12 742 903 6 -24 0 51 55
898 12 742 609 6 -24 0 51 51
899 12 1100 742 6 -24 0 51 51
900 12 609 742 6 -24 0 55 55
901 8 500 0 6 -12851 0 55 0
902 8 742 0 -24 -12851 0 60 0
903 12 500 742 6 -24 0 55 51
904 8 500 0 -24 -12851 0 55 0
905 12 742 500 -6 24 0 51 51
906 12 742 609 6 -24 0 55 55
907 8 903 0 24 -12851 0 55 0
908 12 1100 742 -6 24 0 51 55
909 8 903 0 6 -12851 0 60 0
910 12 500 742 -6 24 0 55 51
911 8 500 0 6 -12851 0 60 0
912 8 742 0 24 -12851 0 55 0
913 8 500 0 6 -12851 0 55 0
914 12 609 742 -6 24 0 55 55
915 12 742 1100 -6 24 0 51 55
916 8 903 0 -6 -12851 0 55 0
917 12 609 742 -6 24 0 55 51
918 12 1100 742 -6 24 0 55 51
919 12 1100 742 -6 24 0 51 51
920 12 742 609 6 -24 0 51 51
921 12 742 500 6 -24 0 55 51
922 12 742 903 -6 24 0 51 55
923 12 500 742 -6 24 0 55 55
924 12 742 903 -6 24 0 55 51
925 8 500 0 24 -12851 0 55 0
926 8 903 0 -24 -12851 0 60 0
927 8 1100 0 -24 -12851 0 60 0
928 12 1100 742 -6 24 0 55 51
929 8 1100 0 -6 -12851 0 60 0
930 12 742 903 -6 24 0 55 55
931 12 742 609 6 -24 0 51 55
932 12 903 742 6 -24 0 55 55
933 8 609 0 24 -12851 0 55 0
934 8 1100 0 -6 -12851 0 60 0
935 8 742 0 -24 -12851 0 60 0
936 8 609 0 -24 -12851 0 60 0
937 12 609 742 -6 24 0 55 51
938 8 742 0 6 -12851 0 55 0
939 8 609 0 24 -12851 0 60 0
940 8 1100 0 24 -12851 0 60 0
941 8 1100 0 -6 -12851 0 55 0
942 8 903 0 24 -12851 0 60 0
943 8 609 0 -24 -12851 0 60 0
944 8 903 0 24 -12851 0 60 0
945 8 903 0 -24 -12851 0 60 0
946 12 742 609 6 -24 0 51 51
947 8 742 0 24 -12851 0 60 0
948 12 500 742 -6 24 0 51 51
949 12 742 1100 -6 24 0 51 55
950 12 742 903 6 -24 0 51 55
951 8 1100 0 6 -12851 0 60 0
952 8 742 0 6 -12851 0 55 0
953 12 742 609 6 -24 0 55 55
954 12 742 1100 6 -24 0 55 55
955 12 742 500 6 -24 0 51 55
956 8 1100 0 24 -12851 0 60 0
957 8 500 0 6 -12851 0 55 0
958 12 742 500 6 -24 0 51 51
959 8 500 0 -24 -12851 0 55 0
960 12 1100 742 -6 24 0 55 55
961 8 500 0 24 -12851 0 55 0
962 8 609 0 -24 -12851 0 55 0
963 8 609 0 24 -12851 0 55 0
964 8 742 0 -6 -12851 0 55 0
965 12 609 742 6 -24 0 51 51
966 12 742 500 -6 24 0 51 55
967 12 500 742 -6 24 0 55 55
968 12 500 742 -6 24 0 51 51
969 8 1100 0 -6 -12851 0 55 0
970 8 1100 0 24 -12851 0 55 0
971 8 903 0 -6 -12851 0 60 0
972 8 609 0 -24 -12851 0 60 0
973 8 903 0 24 -12851 0 55 0
974 8 903 0 -24 -12851 0 60 0
975 8 742 0 6 -12851 0 60 0
976 12 500 742 -6 24 0 51 51
977 8 1100 0 -24 -12851 0 55 0
978 12 609 742 -6 24 0 51 51
979 8 742 0 6 -12851 0 60 0
980 8 1100 0 -24 -12851 0 55 0
981 8 500 0 -6 -12851 0 55 0
982 12 742 609 -6 24 0 55 51
983 8 500 0 -24 -12851 0 60 0
984 8 500 0 24 -12851 0 60 0
985 8 609 0 6 -12851 0 55 0
986 8 609 0 -24 -12851 0 55 0
987 8 742 0 -6 -12851 0 55 0
988 8 609 0 -6 -12851 0 60 0
989 8 609 0 -6 -12851 0 55 0
990 8 903 0 6 -12851 0 60 0
991 12 1100 742 -6 24 0 51 55
992 8 609 0 -6 -12851 0 55 0
993 12 742 1100 -6 24 0 55 51
994 12 742 500 6 -24 0 51 51
995 12 609 742 -6 24 0 55 51
996 8 1100 0 6 -12851 0 55 0
997 12 500 742 6 -24 0 55 51
998 12 742 1100 6 -24 0 55 55
999 8 1100 0 6 -12851 0 60 0
1000 8 903 0 -24 -12851 0 55 0
1001 8 500 0 -24 -12851 0 55 0
1002 8 500 0 -6 -12851 0 55 0
1003 8 609 0 24 -12851 0 55 0
1004 8 742 0 -6 -12851 0 55 0
1005 8 1100 0 24 -12851 0 55 0
1006 12 903 742 6 -24 0 55 55
1007 12 742 903 6 -24 0 55 51
1008 12 742 903 6 -24 0 55 51
1009 12 742 1100 6 -24 0 51 51
1010 8 903 0 -24 -12851 0 55 0
1011 8 500 0 24 -12851 0 55 0
1012 12 742 500 6 -24 0 51 51
1013 12 500 742 -6 24 0 55 55
1014 8 742 0 24 -12851 0 55 0
1015 8 742 0 24 -12851 0 60 0
1016 8 1100 0 6 -12851 0 60 0
1017 8 1100 0 -6 -12851 0 55 0
1018 8 903 0 24 -12851 0 55 0
1019 8 903 0 6 -12851 0 55 0
1020 12 742 1100 6 -24 0 51 55
1021 12 742 500 -6 24 0 51 51
1022 8 500 0 -24 -12851 0 55 0
1023 8 1100 0 6 -12851 0 55 0
1024 12 742 903 -6 24 0 55 51
1025 12 609 742 -6 24 0 55 51
1026 12 742 903 -6 24 0 55 55
1027 8 903 0 24 -12851 0 55 0
1028 12 609 742 6 -24 0 51 51
1029 8 1100 0 -24 -12851 0 55 0
1030 12 1100 742 -6 24 0 55 55
1031 12 500 742 -6 24 0 51 55
1032 8 609 0 -6 -12851 0 60 0
1033 12 609 742 6 -24 0 51 51
1034 12 609 742 6 -24 0 51 51
1035 8 609 0 24 -12851 0 60 0
1036 12 609 742 -6 24 0 51 51
1037 12 742 609 -6 24 0 55 55
1038 8 500 0 -24 -12851 0 55 0
1039 8 742 0 -6 -12851 0 55 0
1040 8 742 0 -6 -12851 0 60 0
1041 12 742 609 -6 24 0 55 55
1042 8 742 0 -6 -12851 0 60 0
1043 8 609 0 6 -12851 0 55 0
1044 8 500 0 -6 -12851 0 55 0
1045 8 500 0 6 -12851 0 60 0
1046 8 500 0 -24 -12851 0 55 0
1047 8 500 0 6 -12851 0 60 0
1048 8 500 0 6 -12851 0 55 0
1049 8 609 0 6 -12851 0 55 0
1050 12 609 742 -6 24 0 51 55
1051 12 742 609 6 -24 0 55 51
1052 8 609 0 6 -12851 0 60 0
1053 12 500 742 6 -24 0 51 55
1054 8 609 0 -24 -12851 0 55 0
1055 8 1100 0 24 -12851 0 60 0
1056 12 742 903 6 -24 0 55 55
1057 8 1100 0 -6 -12851 0 60 0
1058 8 742 0 6 -12851 0 60 0
1059 12 903 742 -6 24 0 55 55
1060 8 903 0 6 -12851 0 55 0
1061 8 1100 0 -24 -12851 0 60 0
1062 8 742 0 -24 -12851 0 55 0
1063 12 742 1100 -6 24 0 55 55
1064 8 742 0 6 -12851 0 60 0
1065 12 1100 742 -6 24 0 51 51
1066 8 903 0 -24 -12851 0 60 0
1067 12 742 903 -6 24 0 51 51
1068 8 903 0 24 -12851 0 60 0
1069 8 903 0 24 -12851 0 60 0
1070 8 903 0 6 -12851 0 55 0
1071 8 500 0 -24 -12851 0 60 0
1072 12 500 742 6 -24 0 51 55
1073 12 903 742 -6 24 0 55 55
1074 8 742 0 -6 -12851 0 60 0
1075 8 500 0 24 -12851 0 60 0
1076 12 903 742 6 -24 0 55 51
1077 12 903 742 6 -24 0 55 51
1078 8 742 0 -6 -12851 0 60 0
1079 8 500 0 6 -12851 0 55 0
1080 8 609 0 6 -12851 0 60 0
1081 12 742 1100 6 -24 0 55 51
1082 12 742 500 -6 24 0 55 55
1083 8 609 0 24 -12851 0 60 0
1084 8 742 0 6 -12851 0 55 0
1085 12 1100 742 6 -24 0 51 51
1086 12 742 500 6 -24 0 55 51
1087 12 609 742 6 -24 0 55 51
1088 12 1100 742 -6 24 0 55 55
1089 8 1100 0 24 -12851 0 60 0
1090 12 609 742 -6 24 0 51 55
1091 8 903 0 -24 -12851 0 60 0
1092 12 903 742 6 -24 0 51 51
1093 8 609 0 -6 -12851 0 60 0
1094 12 500 742 6 -24 0 55 51
1095 12 742 903 6 -24 0 51 55
1096 8 1100 0 24 -12851 0 60 0
1097 8 1100 0 6 -12851 0 60 0
1098 8 903 0 -24 -12851 0 60 0
1099 8 500 0 24 -12851 0 55 0
1100 12 742 1100 -6 24 0 55 55
1101 8 500 0 6 -12851 0 60 0
1102 12 903 742 -6 24 0 51 51
1103 12 903 742 6 -24 0 55 55
1104 8 500 0 24 -12851 0 55 0
1105 8 903 0 -24 -12851 0 55 0
1106 12 500 742 -6 24 0 51 51
1107 8 903 0 24 -12851 0 60 0
1108 8 1100 0 -24 -12851 0 60 0
1109 12 742 500 6 -24 0 51 51
1110 12 742 500 -6 24 0 51 51
1111 12 742 1100 6 -24 0 51 51
1112 8 609 0 24 -12851 0 55 0
1113 8 1100 0 6 -12851 0 60 0
1114 8 609 0 6 -12851 0 60 0
1115 8 1100 0 6 -12851 0 60 0
1116 8 903 0 -24 -12851 0 55 0
1117 8 500 0 -24 -12851 0 55 0
1118 12 742 903 -6 24 0 55 55
1119 12 742 609 -6 24 0 51 55
1120 8 609 0 -6 -12851 0 55 0
1121 8 742 0 -6 -12851 0 55 0
1122 12 500 742 6 -24 0 51 55
1123 12 609 742 -6 24 0 51 55
1124 12 742 500 -6 24 0 51 51
1125 8 742 0 -6 -12851 0 55 0
1126 8 742 0 6 -12851 0 60 0
1127 12 903 742 6 -24 0 51 55
1128 8 500 0 -6 -12851 0 55 0
1129 8 500 0 24 -12851 0 55 0
1130 8 742 0 6 -12851 0 60 0
1131 8 500 0 6 -12851 0 55 0
1132 8 1100 0 -24 -12851 0 60 0
1133 8 609 0 24 -12851 0 55 0
1134 12 742 1100 6 -24 0 55 55
1135 12 500 742 6 -24 0 55 55
1136 12 742 500 6 -24 0 51 55
1137 12 1100 742 6 -24 0 51 55
1138 8 500 0 6 -12851 0 60 0
1139 12 742 903 -6 24 0 51 51
1140 12 742 1100 6 -24 0 55 51
1141 12 500 742 6 -24 0 51 55
1142 12 903 742 6 -24 0 55 55
1143 8 1100 0 -24 -12851 0 55 0
1144 8 903 0 6 -12851 0 55 0
1145 12 742 609 6 -24 0 55 51
1146 8 609 0 24 -12851 0 60 0
1147 8 742 0 6 -12851 0 55 0
1148 8 1100 0 -24 -12851 0 60 0
1149 8 609 0 6 -12851 0 55 0
1150 8 903 0 -24 -12851 0 55 0
1151 12 609 742 -6 24 0 55 55
1152 12 609 742 -6 24 0 51 51
1153 8 903 0 -24 -12851 0 55 0
1154 8 742 0 24 -12851 0 55 0
1155 12 742 1100 -6 24 0 55 55
1156 8 500 0 -6 -12851 0 60 0
1157 8 500 0 -6 -12851 0 55 0
1158 12 609 742 6 -24 0 55 55
1159 8 500 0 -24 -12851 0 60 0
1160 8 1100 0 -24 -12851 0 55 0
1161 12 903 742 -6 24 0 55 55
1162 8 609 0 6 -12851 0 60 0
1163 8 742 0 24 -12851 0 55 0
1164 8 742 0 6 -12851 0 55 0
1165 12 500 742 -6 24 0 55 55
1166 8 609 0 -6 -12851 0 55 0
1167 8 903 0 24 -12851 0 60 0
1168 8 742 0 -6 -12851 0 60 0
1169 8 500 0 -24 -12851 0 55 0
1170 8 1100 0 -24 -12851 0 55 0
1171 8 609 0 6 -12851 0 60 0
1172 12 742 903 -6 24 0 55 55
1173 8 903 0 -6 -12851 0 55 0
1174 12 903 742 6 -24 0 55 51
1175 12 742 1100 6 -24 0 51 51
1176 12 903 742 -6 24 0 51 55
1177 12 742 609 6 -24 0 51 55
1178 8 1100 0 24 -12851 0 55 0
1179 8 903 0 6 -12851 0 55 0
1180 8 903 0 6 -12851 0 55 0
1181 8 903 0 6 -12851 0 60 0
1182 12 742 609 -6 24 0 51 51
1183 8 903 0 6 -12851 0 60 0
1184 12 742 609 6 -24 0 51 51
1185 8 903 0 24 -12851 0 55 0
1186 8 742 0 -24 -12851 0 60 0
1187 8 609 0 -6 -12851 0 55 0
1188 12 1100 742 -6 24 0 55 51
1189 8 1100 0 -24 -12851 0 55 0
1190 8 500 0 -6 -12851 0 55 0
1191 12 742 1100 6 -24 0 51 55
1192 8 609 0 -6 -12851 0 60 0
1193 8 609 0 6 -12851 0 55 0
1194 12 903 742 6 -24 0 51 51
1195 8 742 0 -24 -12851 0 60 0
1196 8 742 0 -6 -12851 0 55 0
1197 8 1100 0 -6 -12851 0 60 0
1198 8 1100 0 -6 -12851 0 55 0
1199 8 500 0 -6 -12851 0 60 0
1200 12 742 609 6 -24 0 55 55
1201 8 500 0 24 -12851 0 60 0
1202 12 500 742 6 -24 0 55 51
1203 8 1100 0 -6 -12851 0 60 0
1204 8 1100 0 6 -12851 0 55 0
1205 12 609 742 -6 24 0 51 55
1206 12 742 1100 -6 24 0 55 51
1207 8 903 0 6 -12851 0 60 0
1208 12 742 500 -6 24 0 51 55
1209 12 609 742 6 -24 0 55 55
1210 12 1100 742 -6 24 0 51 51
1211 8 1100 0 24 -12851 0 60 0
1212 12 742 903 -6 24 0 55 55
1213 8 1100 0 6 -12851 0 60 0
1214 12 1100 742 -6 24 0 51 55
1215 12 742 1100 -6 24 0 55 55
1216 8 500 0 24 -12851 0 60 0
1217 8 903 0 -6 -12851 0 55 0
1218 8 903 0 6 -12851 0 60 0
1219 8 609 0 -6 -12851 0 55 0
1220 8 500 0 -6 -12851 0 55 0
1221 12 903 742 6 -24 0 55 55
1222 8 609 0 6 -12851 0 60 0
1223 8 609 0 6 -12851 0 60 0
1224 8 742 0 -24 -12851 0 55 0
1225 8 742 0 -24 -12851 0 60 0
1226 8 500 0 6 -12851 0 55 0
1227 8 742 0 -24 -12851 0 55 0
1228 8 500 0 6 -12851 0 60 0
1229 12 500 742 6 -24 0 51 55
1230 12 742 609 -6 24 0 51 55
1231 12 500 742 -6 24 0 51 51
1232 8 500 0 -24 -12851 1 60 0
1233 12 903 742 6 -24 0 51 51
1234 8 903 0 -6 -12851 0 55 0
1235 12 742 903 -6 24 0 51 51
1236 12 609 742 6 -24 0 55 55
1237 8 742 0 6 -12851 0 55 0
1238 8 500 0 -24 -12851 0 60 0
1239 12 500 742 -6 24 0 55 51
1240 8 903 0 -6 -12851 0 55 0
1241 12 500 742 6 -24 0 55 51
1242 8 500 0 24 -12851 0 55 0
1243 8 609 0 -6 -12851 0 55 0
1244 8 609 0 24 -12851 0 55 0
1245 8 1100 0 24 -12851 0 60 0
1246 8 609 0 -24 -12851 0 60 0
1247 12 500 742 -6 24 0 51 55
1248 12 742 1100 -6 24 0 51 51
1249 12 742 609 -6 24 0 51 55
1250 8 1100 0 24 -12851 0 60 0
1251 8 742 0 6 -12851 0 55 0
1252 8 742 0 6 -12851 0 60 0
1253 8 1100 0 6 -12851 0 55 0
1254 12 742 903 -6 24 0 55 55
1255 12 742 609 6 -24 0 51 55
1256 8 903 0 -6 -12851 1 55 0
1257 8 500 0 -24 -12851 0 60 0
1258 12 742 500 -6 24 0 51 55
1259 8 500 0 6 -12851 0 55 0
1260 12 742 609 -6 24 0 51 51
1261 8 500 0 24 -12851 0 55 0
1262 12 742 500 6 -24 0 51 55
1263 12 903 742 6 -24 1 55 55
1264 8 742 0 6 -12851 0 60 0
1265 12 742 609 -6 24 0 51 51
1266 12 742 903 6 -24 0 55 51
1267 8 609 0 24 -12851 0 55 0
1268 12 1100 742 -6 24 0 51 51
1269 8 903 0 -6 -12851 0 60 0
1270 8 1100 0 6 -12851 1 60 0
1271 12 903 742 6 -24 0 51 51
1272 12 742 500 6 -24 0 55 51
1273 8 500 0 -6 -12851 0 55 0
1274 8 903 0 24 -12851 0 60 0
1275 8 609 0 24 -12851 0 55 0
1276 8 903 0 6 -12851 1 60 0
1277 8 742 0 -24 -12851 0 55 0
1278 12 742 609 6 -24 0 55 51
1279 12 742 500 6 -24 0 51 51
1280 12 903 742 6 -24 1 51 55
1281 8 742 0 24 -12851 0 55 0
1282 12 903 742 -6 24 0 55 51
1283 8 609 0 24 -12851 0 55 0
1284 12 742 903 -6 24 1 55 51
1285 12 609 742 6 -24 0 51 55
1286 8 1100 0 6 -12851 1 55 0
1287 8 1100 0 -24 -12851 1 60 0
1288 12 742 903 -6 24 0 51 51
1289 8 609 0 -6 -12851 0 60 0
1290 12 903 742 -6 24 0 51 51
1291 8 609 0 24 -12851 1 55 0
1292 12 742 500 6 -24 1 55 51
1293 8 500 0 6 -12851 1 60 0
1294 12 903 742 6 -24 0 55 51
1295 8 1100 0 6 -12851 1 60 0
1296 8 742 0 -24 -12851 1 60 0
1297 8 500 0 -24 -12851 1 60 0
1298 12 903 742 -6 24 1 51 51
1299 12 1100 742 6 -24 1 55 55
1300 12 500 742 6 -24 0 51 51
1301 8 500 0 24 -12851 1 60 0
1302 8 609 0 -6 -12851 1 60 0
1303 8 1100 0 -24 -12851 0 55 0
1304 8 903 0 -24 -12851 1 60 0
1305 12 1100 742 -6 24 0 55 55
1306 8 903 0 -6 -12851 1 55 0
1307 12 742 500 -6 24 0 51 51
1308 8 742 0 24 -12851 1 55 0
1309 12 742 1100 -6 24 0 51 55
1310 8 742 0 -6 -12851 0 60 0
1311 8 1100 0 -24 -12851 1 60 0
1312 8 609 0 24 -12851 1 55 0
1313 8 903 0 -6 -12851 1 55 0
1314 8 500 0 6 -12851 1 60 0
1315 8 500 0 6 -12851 1 60 0
1316 8 500 0 -24 -12851 1 55 0
1317 12 742 903 -6 24 0 51 51
1318 8 903 0 -24 -12851 0 55 0
1319 8 903 0 24 -12851 1 55 0
1320 12 609 742 -6 24 0 51 51
1321 8 1100 0 -6 -12851 1 55 0
1322 8 609 0 -24 -12851 0 60 0
1323 8 1100 0 -6 -12851 0 55 0
1324 8 609 0 -24 -12851 0 55 0
1325 8 1100 0 6 -12851 1 60 0
1326 12 742 609 6 -24 0 51 51
1327 8 903 0 24 -12851 1 55 0
1328 8 500 0 -6 -12851 1 60 0
1329 8 609 0 -6 -12851 1 55 0
1330 8 742 0 -24 -12851 0 60 0
1331 8 742 0 -24 -12851 1 60 0
1332 8 742 0 -24 -12851 1 60 0
1333 8 1100 0 -6 -12851 1 55 0
1334 8 1100 0 6 -12851 1 55 0
1335 8 609 0 -24 -12851 1 60 0
1336 8 742 0 -24 -12851 1 60 0
1337 8 742 0 6 -12851 1 55 0
1338 8 742 0 6 -12851 1 60 0
1339 8 903 0 -6 -12851 1 60 0
1340 12 500 742 6 -24 1 51 51
1341 8 1100 0 6 -12851 0 55 0
1342 12 742 903 -6 24 1 55 55
1343 12 742 1100 6 -24 1 55 55
1344 12 742 1100 -6 24 1 55 55
1345 8 500 0 -6 -12851 1 55 0
1346 12 742 1100 6 -24 0 55 51
1347 8 609 0 6 -12851 1 60 0
1348 12 609 742 -6 24 0 55 51
1349 12 1100 742 6 -24 0 55 55
1350 8 609 0 -6 -12851 0 55 0
1351 8 500 0 -6 -12851 0 55 0
1352 8 1100 0 24 -12851 0 60 0
1353 8 500 0 6 -12851 0 55 0
1354 8 903 0 -24 -12851 0 60 0
1355 8 903 0 24 -12851 0 60 0
1356 8 500 0 6 -12851 0 55 0
1357 12 742 609 6 -24 0 51 51
1358 12 742 500 -6 24 1 51 51
1359 8 500 0 6 -12851 1 55 0
1360 8 500 0 6 -12851 1 55 0
1361 12 609 742 -6 24 0 51 55
1362 8 1100 0 -6 -12851 1 55 0
1363 12 742 1100 -6 24 1 55 55
1364 8 903 0 24 -12851 1 60 0
1365 8 500 0 6 -12851 1 60 0
1366 8 903 0 6 -12851 1 60 0
1367 8 742 0 -24 -12851 1 55 0
1368 12 1100 742 6 -24 1 51 55
1369 12 1100 742 -6 24 0 51 55
1370 8 609 0 -24 -12851 1 60 0
1371 12 903 742 6 -24 1 51 51
1372 8 1100 0 -24 -12851 1 55 0
1373 8 609 0 -6 -12851 1 55 0
1374 12 500 742 -6 24 0 51 55
1375 8 742 0 6 -12851 1 60 0
1376 12 903 742 6 -24 0 55 51
1377 8 609 0 -24 -12851 1 55 0
1378 12 609 742 -6 24 1 55 55
1379 8 1100 0 -24 -12851 1 55 0
1380 12 742 903 -6 24 0 51 51
1381 8 903 0 24 -12851 1 55 0
1382 8 742 0 6 -12851 1 55 0
1383 8 903 0 6 -12851 1 60 0
1384 12 1100 742 6 -24 0 51 51
1385 12 742 1100 -6 24 1 51 51
1386 12 742 1100 6 -24 1 51 51
1387 8 903 0 6 -12851 1 60 0
1388 8 1100 0 -24 -12851 1 60 0
1389 12 609 742 -6 24 1 55 55
1390 8 500 0 24 -12851 1 60 0
1391 8 742 0 24 -12851 1 60 0
1392 8 742 0 -24 -12851 1 55 0
1393 12 1100 742 6 -24 0 51 55
1394 12 742 500 6 -24 0 55 51
1395 8 742 0 6 -12851 1 60 0
1396 12 609 742 6 -24 0 55 51
1397 8 609 0 24 -12851 1 55 0
1398 8 500 0 24 -12851 1 60 0
1399 8 500 0 6 -12851 1 55 0
1400 8 609 0 -24 -12851 1 55 0
1401 8 609 0 24 -12851 1 55 0
1402 12 742 903 6 -24 0 55 51
1403 8 1100 0 6 -12851 1 60 0
1404 8 903 0 -24 -12851 1 60 0
1405 12 609 742 -6 24 0 55 51
1406 8 903 0 6 -12851 1 60 0
1407 8 1100 0 6 -12851 1 60 0
1408 12 742 500 6 -24 0 55 51
1409 12 742 609 6 -24 0 55 55
1410 12 742 1100 6 -24 1 51 55
1411 8 742 0 -24 -12851 1 55 0
1412 12 609 742 6 -24 0 55 51
1413 8 742 0 -6 -12851 1 60 0
1414 8 903 0 24 -12851 1 55 0
1415 8 903 0 24 -12851 1 55 0
1416 8 609 0 24 -12851 1 60 0
1417 12 903 742 -6 24 1 55 55
1418 8 903 0 24 -12851 1 55 0
1419 8 1100 0 6 -12851 1 55 0
1420 8 1100 0 24 -12851 1 55 0
1421 8 609 0 -24 -12851 1 55 0
1422 8 1100 0 6 -12851 1 60 0
1423 8 609 0 6 -12851 1 60 0
1424 12 500 742 -6 24 1 55 51
1425 12 742 1100 6 -24 1 51 55
1426 12 742 903 6 -24 1 51 51
1427 8 500 0 -6 -12851 0 55 0
1428 12 903 742 -6 24 0 55 55
1429 8 742 0 24 -12851 1 55 0
1430 12 742 609 6 -24 0 51 55
1431 8 500 0 24 -12851 1 55 0
1432 8 742 0 24 -12851 1 60 0
1433 12 1100 742 -6 24 1 55 55
1434 12 500 742 6 -24 1 51 55
1435 12 742 500 -6 24 1 51 51
1436 8 500 0 6 -12851 1 55 0
1437 8 609 0 -24 -12851 1 55 0
1438 8 609 0 24 -12851 0 60 0
1439 12 742 1100 -6 24 0 55 55
1440 12 742 609 -6 24 1 51 55
1441 8 903 0 -24 -12851 1 60 0
1442 8 609 0 24 -12851 1 60 0
1443 12 742 1100 -6 24 1 55 55
1444 12 742 903 6 -24 1 55 51
1445 8 1100 0 -24 -12851 0 60 0
1446 12 742 1100 6 -24 0 55 55
1447 12 742 500 -6 24 0 51 51
1448 12 1100 742 -6 24 0 55 51
1449 12 903 742 -6 24 1 55 51
1450 8 1100 0 -6 -12851 1 55 0
1451 8 903 0 6 -12851 0 55 0
1452 8 500 0 -6 -12851 0 60 0
1453 12 742 609 -6 24 1 55 55
1454 8 500 0 6 -12851 1 55 0
1455 12 500 742 6 -24 1 55 55
1456 8 609 0 24 -12851 1 55 0
1457 8 742 0 -6 -12851 0 55 0
1458 8 1100 0 6 -12851 1 55 0
1459 12 742 609 -6 24 0 51 55
1460 8 903 0 -24 -12851 0 55 0
1461 8 500 0 24 -12851 1 60 0
1462 12 742 903 6 -24 1 51 51
1463 8 742 0 -24 -12851 1 55 0
1464 12 500 742 -6 24 1 51 55
1465 8 742 0 24 -12851 1 55 0
1466 12 609 742 6 -24 0 55 51
1467 8 903 0 -6 -12851 1 55 0
1468 12 903 742 -6 24 1 55 55
1469 12 500 742 6 -24 1 51 51
1470 12 742 609 6 -24 0 51 51
1471 8 903 0 6 -12851 1 55 0
1472 12 609 742 6 -24 1 51 55
1473 8 1100 0 -6 -12851 0 60 0
1474 12 500 742 6 -24 0 55 51
1475 12 742 903 -6 24 0 51 55
1476 8 500 0 -24 -12851 1 55 0
1477 12 500 742 -6 24 1 55 51
1478 8 903 0 6 -12851 0 60 0
1479 12 742 609 6 -24 1 51 55
1480 8 1100 0 6 -12851 1 60 0
1481 12 742 1100 -6 24 1 51 51
1482 12 903 742 -6 24 0 51 55
1483 8 609 0 24 -12851 1 60 0
1484 8 1100 0 6 -12851 1 55 0
1485 8 742 0 -24 -12851 1 60 0
1486 12 742 1100 6 -24 1 51 51
1487 8 500 0 -24 -12851 1 60 0
1488 8 500 0 6 -12851 1 55 0
1489 8 609 0 -24 -12851 0 60 0
1490 8 903 0 -24 -12851 1 55 0
1491 8 742 0 -6 -12851 1 55 0
1492 12 903 742 6 -24 0 51 51
1493 8 742 0 -24 -12851 1 60 0
1494 8 609 0 -6 -12851 1 55 0
1495 8 609 0 -6 -12851 0 60 0
1496 12 609 742 -6 24 0 55 55
1497 12 903 742 -6 24 0 55 55
1498 8 609 0 6 -12851 1 55 0
1499 8 500 0 -24 -12851 1 55 0
1500 8 1100 0 6 -12851 1 55 0
1501 12 742 1100 6 -24 1 55 55
1502 12 903 742 6 -24 1 55 55
1503 8 500 0 24 -12851 0 60 0
1504 12 903 742 6 -24 0 51 51
1505 8 609 0 -6 -12851 0 55 0
1506 12 742 500 -6 24 0 51 51
1507 12 742 1100 -6 24 0 55 55
1508 8 500 0 -6 -12851 1 60 0
1509 12 500 742 6 -24 0 51 51
1510 12 742 609 -6 24 0 55 55
1511 12 742 903 6 -24 0 55 51
1512 12 742 903 -6 24 0 51 51
1513 12 742 500 6 -24 0 55 51
1514 12 1100 742 -6 24 0 55 51
1515 12 609 742 -6 24 0 51 55
1516 12 742 903 6 -24 1 51 51
1517 12 742 500 -6 24 0 55 51
1518 8 903 0 -24 -12851 1 60 0
1519 12 500 742 -6 24 1 55 55
1520 12 1100 742 6 -24 0 55 55
1521 12 609 742 6 -24 0 51 51
1522 12 742 500 -6 24 1 51 51
1523 12 500 742 6 -24 0 51 51
1524 12 500 742 -6 24 1 51 55
1525 12 742 609 -6 24 0 51 55
1526 12 1100 742 -6 24 0 55 51
1527 8 1100 0 -6 -12851 0 55 0
1528 12 1100 742 -6 24 0 55 51
1529 12 742 500 -6 24 0 55 51
1530 12 742 903 6 -24 0 51 55
1531 8 609 0 6 -12851 0 55 0
1532 8 742 0 -24 -12851 1 60 0
1533 12 742 500 6 -24 1 51 51
1534 8 903 0 -6 -12851 0 60 0
1535 12 742 500 -6 24 0 51 55
1536 8 742 0 -24 -12851 1 55 0
1537 8 1100 0 -24 -12851 1 60 0
1538 8 903 0 24 -12851 1 55 0
1539 8 742 0 24 -12851 1 60 0
1540 12 903 742 6 -24 1 51 55
1541 8 500 0 24 -12851 1 55 0
1542 12 500 742 -6 24 0 55 51
1543 12 742 903 6 -24 1 55 55
1544 12 742 609 -6 24 0 51 51
1545 12 742 1100 6 -24 1 51 55
1546 8 500 0 24 -12851 1 55 0
1547 8 742 0 -6 -12851 1 55 0
1548 12 1100 742 6 -24 1 51 55
1549 12 609 742 6 -24 1 51 55
1550 8 742 0 24 -12851 1 60 0
1551 8 500 0 24 -12851 1 60 0
1552 8 1100 0 24 -12851 1 55 0
1553 8 1100 0 -6 -12851 1 60 0
1554 8 903 0 -6 -12851 0 55 0
1555 12 903 742 -6 24 1 55 55
1556 8 903 0 6 -12851 1 60 0
1557 12 500 742 -6 24 1 55 55
1558 8 903 0 24 -12851 1 55 0
1559 12 1100 742 -6 24 0 51 55
1560 8 1100 0 6 -12851 1 55 0
1561 12 1100 742 6 -24 0 51 55
1562 8 609 0 -24 -12851 1 60 0
1563 12 903 742 -6 24 0 51 51
1564 12 742 1100 -6 24 1 55 51
1565 8 742 0 -24 -12851 1 55 0
1566 8 609 0 24 -12851 0 55 0
1567 8 500 0 -24 -12851 1 60 0
1568 8 609 0 -6 -12851 0 55 0
1569 8 742 0 -6 -12851 0 60 0
1570 12 1100 742 6 -24 0 51 51
1571 8 742 0 6 -12851 1 60 0
1572 12 742 1100 -6 24 1 51 51
1573 12 742 609 6 -24 1 51 51
1574 8 500 0 -24 -12851 1 60 0
1575 12 742 609 -6 24 0 55 55
1576 12 903 742 -6 24 1 51 51
1577 8 903 0 24 -12851 1 60 0
1578 12 903 742 6 -24 1 51 51
1579 8 742 0 24 -12851 1 55 0
1580 8 742 0 24 -12851 1 60 0
1581 8 609 0 6 -12851 1 55 0
1582 12 742 903 -6 24 1 51 51
1583 12 903 742 6 -24 0 51 55
1584 12 500 742 -6 24 1 51 51
1585 8 500 0 -6 -12851 1 55 0
1586 8 903 0 -6 -12851 1 60 0
1587 12 742 1100 -6 24 0 51 51
1588 12 742 1100 -6 24 1 55 55
1589 8 500 0 -6 -12851 1 55 0
1590 8 1100 0 -24 -12851 1 60 0
1591 8 609 0 -24 -12851 0 55 0
1592 8 609 0 -6 -12851 0 55 0
1593 12 903 742 -6 24 0 51 51
1594 12 742 500 6 -24 0 55 51
1595 12 1100 742 -6 24 0 55 55
1596 8 903 0 24 -12851 0 60 0
1597 8 1100 0 24 -12851 0 55 0
1598 8 1100 0 6 -12851 0 60 0
1599 8 609 0 6 -12851 1 60 0
1600 8 609 0 24 -12851 0 60 0
1601 8 609 0 24 -12851 0 55 0
1602 8 903 0 24 -12851 0 55 0
1603 8 903 0 -6 -12851 0 60 0
1604 12 1100 742 6 -24 0 55 55
1605 8 609 0 6 -12851 0 55 0
1606 12 1100 742 -6 24 0 55 51
1607 8 1100 0 -6 -12851 0 60 0
1608 8 1100 0 -24 -12851 1 60 0
1609 8 1100 0 -6 -12851 0 60 0
1610 8 903 0 24 -12851 0 55 0
1611 8 742 0 24 -12851 0 60 0
1612 8 742 0 24 -12851 1 60 0
1613 8 742 0 -24 -12851 0 60 0
1614 12 609 742 6 -24 0 55 55
1615 8 500 0 6 -12851 1 60 0
1616 8 500 0 -6 -12851 0 55 0
1617 12 500 742 -6 24 0 55 51
1618 8 500 0 -24 -12851 0 60 0
1619 12 742 1100 -6 24 0 51 51
1620 12 742 903 6 -24 0 51 55
1621 8 500 0 -24 -12851 0 60 0
1622 12 609 742 6 -24 1 55 51
1623 8 500 0 24 -12851 0 60 0
1624 12 609 742 6 -24 0 51 51
1625 8 500 0 -24 -12851 0 60 0
1626 8 1100 0 24 -12851 0 60 0
1627 8 609 0 -24 -12851 0 60 0
1628 12 500 742 6 -24 0 51 55
1629 12 1100 742 -6 24 0 51 55
1630 8 742 0 24 -12851 0 55 0
1631 12 742 609 -6 24 0 55 55
1632 8 742 0 -24 -12851 0 60 0
1633 8 609 0 6 -12851 0 60 0
1634 12 903 742 6 -24 0 55 51
1635 12 742 500 6 -24 0 51 55
1636 8 903 0 6 -12851 0 55 0
1637 8 742 0 24 -12851 0 60 0
1638 8 500 0 24 -12851 0 60 0
1639 8 1100 0 -6 -12851 0 60 0
1640 12 609 742 -6 24 0 51 51
1641 8 609 0 24 -12851 0 55 0
1642 12 742 609 6 -24 0 55 51
1643 8 903 0 -6 -12851 0 60 0
1644 8 1100 0 -24 -12851 0 60 0
1645 12 742 500 -6 24 0 51 51
1646 8 903 0 -6 -12851 0 60 0
1647 12 1100 742 6 -24 0 51 55
1648 12 903 742 -6 24 0 51 55
1649 12 903 742 6 -24 0 55 55
1650 12 609 742 -6 24 0 55 55
1651 8 500 0 -6 -12851 0 55 0
1652 8 500 0 6 -12851 0 55 0
1653 12 742 1100 6 -24 0 55 55
1654 8 609 0 6 -12851 0 55 0
1655 12 742 500 -6 24 0 51 51
1656 12 500 742 6 -24 0 51 55
1657 12 1100 742 -6 24 0 55 51
1658 12 742 1100 6 -24 0 51 55
1659 12 742 903 -6 24 0 51 51
1660 12 500 742 6 -24 0 51 51
1661 8 500 0 -24 -12851 0 60 0
1662 8 742 0 -6 -12851 0 60 0
1663 8 609 0 -6 -12851 0 55 0
1664 12 500 742 -6 24 0 55 55
1665 12 742 1100 6 -24 0 55 55
1666 12 742 609 -6 24 0 55 51
1667 8 903 0 -24 -12851 0 60 0
1668 8 742 0 -6 -12851 0 60 0
1669 12 742 903 -6 24 0 51 51
1670 8 609 0 -6 -12851 0 60 0
1671 8 500 0 -24 -12851 0 60 0
1672 8 1100 0 24 -12851 0 55 0
1673 12 742 500 6 -24 0 55 51
1674 8 742 0 -24 -12851 0 60 0
1675 12 500 742 -6 24 0 55 55
1676 12 742 609 -6 24 0 51 55
1677 8 903 0 24 -12851 0 60 0
1678 12 742 1100 6 -24 0 51 55
1679 12 903 742 6 -24 0 55 51
1680 8 1100 0 6 -12851 0 55 0
1681 8 903 0 -6 -12851 0 55 0
1682 8 1100 0 -6 -12851 0 60 0
1683 12 609 742 -6 24 0 55 51
1684 8 500 0 -24 -12851 0 60 0
1685 8 500 0 6 -12851 0 60 0
1686 12 742 903 -6 24 0 55 51
1687 12 742 609 6 -24 0 51 51
1688 8 903 0 -24 -12851 0 60 0
1689 8 903 0 -6 -12851 0 60 0
1690 8 903 0 -6 -12851 0 60 0
1691 8 500 0 -6 -12851 0 55 0
1692 12 742 1100 6 -24 0 55 51
1693 8 1100 0 24 -12851 0 60 0
1694 8 1100 0 -6 -12851 0 55 0
1695 12 903 742 -6 24 0 51 51
1696 8 500 0 24 -12851 0 55 0
1697 8 609 0 -24 -12851 0 60 0
1698 8 742 0 6 -12851 0 55 0
1699 8 742 0 -6 -12851 0 55 0
1700 8 1100 0 24 -12851 0 60 0
1701 12 742 1100 6 -24 0 55 55
1702 8 609 0 -24 -12851 0 55 0
1703 8 742 0 6 -12851 0 55 0
1704 12 500 742 -6 24 0 55 51
1705 8 609 0 -6 -12851 0 60 0
1706 8 609 0 24 -12851 0 60 0
1707 12 1100 742 -6 24 0 55 55
1708 8 609 0 -24 -12851 0 60 0
1709 8 903 0 24 -12851 0 60 0
1710 8 903 0 -24 -12851 0 60 0
1711 8 500 0 -24 -12851 0 55 0
1712 8 609 0 -6 -12851 0 60 0
1713 8 742 0 6 -12851 0 55 0
1714 8 1100 0 -24 -12851 0 60 0
1715 12 742 500 6 -24 0 51 51
1716 8 500 0 -6 -12851 0 55 0
1717 8 1100 0 6 -12851 0 60 0
1718 8 1100 0 6 -12851 1 55 0
1719 8 903 0 6 -12851 0 60 0
