280 8 1100 0 6 -12851 0 55 0
281 12 742 1100 6 -24 1 55 55
282 12 903 742 6 -24 0 55 51
283 8 742 0 6 -12851 0 60 0
284 12 500 742 6 -24 0 51 51
285 8 500 0 -24 -12851 0 60 0
286 12 500 742 -6 24 0 55 55
287 8 1100 0 24 -12851 0 60 0
288 12 609 742 -6 24 0 51 51
289 12 1100 742 -6 24 0 55 51
290 12 500 742 6 -24 0 51 51
291 8 500 0 6 -12851 1 55 0
292 8 609 0 -6 -12851 1 60 0
293 8 609 0 24 -12851 1 60 0
294 8 1100 0 -6 -12851 1 55 0
295 8 500 0 24 -12851 0 60 0
296 8 903 0 24 -12851 1 60 0
297 8 903 0 6 -12851 1 60 0
298 8 500 0 24 -12851 1 55 0
299 8 742 0 6 -12851 1 60 0
300 12 609 742 6 -24 0 51 55
301 12 742 903 -6 24 1 55 55
302 8 903 0 24 -12851 1 60 0
303 8 500 0 -24 -12851 1 60 0
304 8 609 0 -6 -12851 1 55 0
305 8 1100 0 6 -12851 1 55 0
306 8 1100 0 6 -12851 1 55 0
307 8 742 0 6 -12851 1 55 0
308 8 609 0 -24 -12851 1 60 0
309 12 500 742 -6 24 1 55 51
310 8 742 0 24 -12851 1 55 0
311 8 500 0 -6 -12851 0 55 0
312 8 500 0 -24 -12851 1 60 0
313 12 742 903 -6 24 0 51 51
314 12 742 609 6 -24 1 55 55
315 8 742 0 24 -12851 1 60 0
316 8 500 0 6 -12851 1 60 0
317 12 742 500 -6 24 0 55 55
318 8 1100 0 24 -12851 0 55 0
319 8 609 0 6 -12851 1 55 0
320 8 1100 0 6 -12851 1 55 0
321 12 742 1100 6 -24 1 55 55
322 8 903 0 -24 -12851 1 55 0
323 8 1100 0 24 -12851 1 55 0
324 8 903 0 6 -12851 1 60 0
325 12 742 609 6 -24 0 55 51
326 12 1100 742 6 -24 0 55 51
327 12 742 500 -6 24 0 55 51
328 8 742 0 6 -12851 1 55 0
329 8 609 0 6 -12851 1 60 0
330 8 742 0 6 -12851 0 55 0
331 12 742 903 6 -24 0 51 51
332 8 609 0 -6 -12851 1 55 0
333 8 500 0 6 -12851 0 60 0
334 12 742 1100 6 -24 1 55 51
335 8 903 0 -24 -12851 0 55 0
336 8 1100 0 -24 -12851 1 60 0
337 8 1100 0 24 -12851 1 60 0
338 8 742 0 24 -12851 1 55 0
339 8 1100 0 -24 -12851 1 55 0
340 8 903 0 6 -12851 1 55 0
341 8 742 0 6 -12851 1 55 0
342 12 742 903 6 -24 1 51 55
343 12 903 742 6 -24 1 51 55
344 8 500 0 -6 -12851 1 60 0
345 8 609 0 -6 -12851 1 60 0
346 8 742 0 -6 -12851 1 55 0
347 8 903 0 24 -12851 1 60 0
348 8 609 0 -24 -12851 1 55 0
349 12 609 742 6 -24 1 55 55
350 12 742 500 -6 24 1 51 51
351 8 903 0 -24 -12851 0 55 0
352 8 1100 0 -6 -12851 0 55 0
353 12 742 500 6 -24 0 55 55
354 12 609 742 6 -24 1 51 55
355 8 609 0 -24 -12851 0 60 0
356 12 1100 742 -6 24 0 55 55
357 12 742 609 6 -24 1 51 51
358 12 742 609 6 -24 1 51 55
359 8 500 0 24 -12851 0 55 0
360 12 742 903 6 -24 1 55 55
361 12 742 500 -6 24 1 55 51
362 12 742 1100 6 -24 1 51 55
363 8 500 0 -24 -12851 0 55 0
364 12 500 742 6 -24 1 55 51
365 12 742 609 -6 24 0 55 55
366 8 1100 0 24 -12851 1 55 0
367 8 1100 0 6 -12851 1 60 0
368 8 903 0 24 -12851 1 60 0
369 12 742 609 6 -24 1 55 55
370 8 903 0 -24 -12851 1 60 0
371 12 742 500 6 -24 1 51 55
372 8 903 0 6 -12851 1 60 0
373 8 1100 0 6 -12851 1 55 0
374 8 500 0 -6 -12851 1 55 0
375 12 742 1100 6 -24 1 51 55
376 12 742 500 -6 24 0 55 51
377 8 742 0 6 -12851 1 60 0
378 12 609 742 -6 24 0 55 55
379 12 742 1100 6 -24 0 55 51
380 8 500 0 24 -12851 1 55 0
381 8 609 0 6 -12851 1 60 0
382 12 903 742 -6 24 1 51 55
383 8 742 0 6 -12851 1 55 0
384 8 1100 0 24 -12851 1 60 0
385 8 500 0 24 -12851 1 55 0
386 8 609 0 -24 -12851 1 60 0
387 8 609 0 -6 -12851 1 60 0
388 8 742 0 -6 -12851 0 55 0
389 8 500 0 24 -12851 1 55 0
390 8 500 0 -24 -12851 1 55 0
391 12 1100 742 6 -24 1 51 51
392 12 609 742 -6 24 0 55 51
393 8 609 0 -24 -12851 0 60 0
394 8 500 0 -6 -12851 0 60 0
395 12 742 1100 -6 24 0 55 55
396 8 742 0 6 -12851 1 55 0
397 8 742 0 -24 -12851 0 55 0
398 12 500 742 -6 24 0 55 55
399 12 609 742 -6 24 0 55 51
400 12 500 742 -6 24 0 55 55
401 8 1100 0 -6 -12851 0 60 0
402 8 742 0 -24 -12851 1 60 0
403 8 1100 0 24 -12851 1 55 0
404 12 903 742 -6 24 0 51 55
405 8 609 0 -24 -12851 1 60 0
406 8 1100 0 24 -12851 1 60 0
407 12 1100 742 6 -24 1 55 55
408 8 609 0 6 -12851 1 55 0
409 8 500 0 -24 -12851 1 60 0
410 12 742 609 6 -24 1 55 55
411 8 903 0 24 -12851 1 60 0
412 12 1100 742 -6 24 0 55 51
413 8 903 0 6 -12851 1 60 0
414 12 742 903 -6 24 1 51 51
415 12 609 742 6 -24 1 55 55
416 8 903 0 6 -12851 1 60 0
417 12 742 903 6 -24 0 51 55
418 8 500 0 24 -12851 1 60 0
419 8 500 0 -6 -12851 0 55 0
420 12 742 500 6 -24 0 55 55
421 8 500 0 -24 -12851 0 55 0
422 12 1100 742 -6 24 0 55 55
423 8 742 0 -24 -12851 0 60 0
424 8 1100 0 -24 -12851 0 55 0
425 8 903 0 -6 -12851 0 55 0
426 12 609 742 -6 24 1 55 51
427 8 1100 0 24 -12851 1 60 0
428 12 500 742 -6 24 1 51 51
429 8 500 0 6 -12851 1 55 0
430 8 742 0 6 -12851 1 60 0
431 12 742 903 -6 24 0 51 51
432 8 742 0 24 -12851 1 55 0
433 12 742 609 6 -24 0 55 51
434 12 1100 742 6 -24 1 55 51
435 12 742 609 6 -24 0 51 55
436 8 1100 0 6 -12851 1 60 0
437 8 903 0 6 -12851 1 55 0
438 8 903 0 24 -12851 1 55 0
439 12 1100 742 -6 24 1 55 55
440 8 609 0 -6 -12851 0 55 0
441 12 742 609 -6 24 0 55 55
442 8 609 0 -6 -12851 1 60 0
443 12 742 500 6 -24 1 51 55
444 12 1100 742 -6 24 0 55 55
445 12 500 742 6 -24 1 55 51
446 8 609 0 -6 -12851 0 60 0
447 8 609 0 6 -12851 1 60 0
448 8 609 0 -24 -12851 0 55 0
449 12 1100 742 -6 24 0 51 55
450 8 903 0 24 -12851 1 60 0
451 12 500 742 6 -24 1 51 51
452 8 1100 0 -24 -12851 1 60 0
453 8 903 0 6 -12851 0 55 0
454 8 742 0 -24 -12851 1 55 0
455 12 500 742 -6 24 1 51 55
456 12 742 903 -6 24 0 55 51
457 8 742 0 24 -12851 1 55 0
458 8 500 0 -24 -12851 1 55 0
459 12 1100 742 -6 24 0 55 55
460 12 742 1100 -6 24 0 55 55
461 12 903 742 -6 24 0 55 55
462 8 742 0 -6 -12851 1 55 0
463 8 500 0 -24 -12851 0 55 0
464 8 609 0 6 -12851 1 60 0
465 8 500 0 6 -12851 1 55 0
466 12 742 609 -6 24 0 55 55
467 8 1100 0 24 -12851 1 55 0
468 12 742 609 6 -24 1 51 51
469 8 903 0 -24 -12851 1 60 0
470 12 742 609 6 -24 1 51 55
471 12 1100 742 6 -24 1 55 55
472 8 1100 0 6 -12851 1 55 0
473 8 609 0 -24 -12851 0 55 0
474 12 609 742 -6 24 0 51 51
475 8 903 0 24 -12851 1 60 0
476 8 903 0 -24 -12851 0 60 0
477 8 609 0 -24 -12851 0 60 0
478 8 1100 0 -6 -12851 0 55 0
479 8 609 0 24 -12851 0 55 0
480 8 742 0 6 -12851 0 60 0
481 12 742 1100 -6 24 0 55 51
482 8 500 0 6 -12851 1 55 0
483 8 609 0 24 -12851 1 60 0
484 8 500 0 -6 -12851 1 60 0
485 8 742 0 -24 -12851 1 60 0
486 12 609 742 6 -24 0 51 55
487 8 500 0 -6 -12851 1 55 0
488 12 742 609 6 -24 0 55 55
489 8 903 0 -24 -12851 1 60 0
490 8 742 0 24 -12851 1 55 0
491 12 742 903 -6 24 0 51 51
492 12 742 1100 -6 24 1 55 55
493 8 1100 0 -24 -12851 0 60 0
494 12 742 500 6 -24 1 51 55
495 8 1100 0 6 -12851 1 60 0
496 8 903 0 6 -12851 1 60 0
497 12 609 742 -6 24 1 55 51
498 8 742 0 24 -12851 0 55 0
499 12 500 742 6 -24 1 51 51
500 8 742 0 -6 -12851 0 60 0
501 8 742 0 6 -12851 1 55 0
502 8 609 0 6 -12851 1 60 0
503 8 742 0 -6 -12851 1 60 0
504 8 500 0 6 -12851 0 60 0
505 12 1100 742 6 -24 1 55 51
506 12 903 742 6 -24 0 51 51
507 12 742 609 -6 24 1 51 51
508 8 903 0 -6 -12851 1 55 0
509 8 609 0 -24 -12851 1 55 0
510 8 903 0 -6 -12851 0 55 0
511 8 609 0 24 -12851 1 55 0
512 8 1100 0 -24 -12851 1 60 0
513 12 500 742 -6 24 1 55 55
514 12 742 500 6 -24 1 51 51
515 8 1100 0 6 -12851 1 55 0
516 12 742 609 6 -24 1 55 51
517 12 742 609 6 -24 0 55 55
518 12 500 742 6 -24 0 51 55
519 8 903 0 -24 -12851 1 60 0
520 8 1100 0 24 -12851 1 55 0
521 8 500 0 -6 -12851 0 60 0
522 8 500 0 24 -12851 1 60 0
523 8 609 0 -24 -12851 0 60 0
524 8 609 0 6 -12851 1 60 0
525 12 1100 742 -6 24 1 51 55
526 8 1100 0 24 -12851 1 60 0
527 8 500 0 -6 -12851 0 55 0
528 8 903 0 -24 -12851 1 60 0
529 12 903 742 -6 24 0 51 55
530 8 742 0 24 -12851 0 55 0
531 12 742 500 6 -24 1 55 55
532 12 903 742 6 -24 1 55 55
533 8 609 0 -6 -12851 1 60 0
534 12 742 500 6 -24 1 51 55
535 8 500 0 6 -12851 0 60 0
536 8 903 0 24 -12851 1 60 0
537 8 1100 0 -6 -12851 0 55 0
538 8 500 0 -6 -12851 0 60 0
539 8 609 0 6 -12851 1 55 0
540 12 609 742 6 -24 1 55 55
541 8 1100 0 24 -12851 1 60 0
542 12 1100 742 -6 24 1 55 51
543 12 1100 742 6 -24 1 55 51
544 8 903 0 6 -12851 0 55 0
545 12 609 742 6 -24 1 55 51
546 12 609 742 -6 24 1 55 55
547 8 742 0 -24 -12851 1 60 0
548 8 742 0 24 -12851 1 60 0
549 8 609 0 6 -12851 1 55 0
550 12 742 903 -6 24 1 55 55
551 12 742 500 6 -24 1 55 51
552 8 609 0 -6 -12851 0 60 0
553 12 903 742 -6 24 1 51 55
554 8 1100 0 -6 -12851 1 55 0
555 12 1100 742 6 -24 1 55 55
556 8 742 0 -6 -12851 1 60 0
557 8 609 0 -6 -12851 1 60 0
558 8 903 0 6 -12851 0 60 0
559 12 1100 742 6 -24 0 51 51
560 8 500 0 -24 -12851 0 55 0
561 12 742 903 6 -24 1 55 55
562 12 609 742 -6 24 1 55 55
563 8 903 0 6 -12851 1 60 0
564 12 903 742 -6 24 0 55 55
565 8 609 0 -24 -12851 1 60 0
566 12 742 903 6 -24 0 51 51
567 8 903 0 24 -12851 1 55 0
568 8 1100 0 6 -12851 0 55 0
569 8 742 0 -6 -12851 0 60 0
570 8 1100 0 -24 -12851 1 60 0
571 12 742 609 -6 24 1 51 51
572 12 1100 742 6 -24 1 51 55
573 12 903 742 6 -24 1 55 51
574 12 742 903 6 -24 1 51 55
575 12 742 903 -6 24 0 51 51
576 8 500 0 6 -12851 1 60 0
577 8 742 0 -6 -12851 1 55 0
578 8 500 0 24 -12851 0 60 0
579 12 609 742 6 -24 1 55 51
580 8 500 0 -6 -12851 0 60 0
581 12 1100 742 6 -24 0 51 55
582 12 742 903 -6 24 1 51 55
583 8 500 0 -6 -12851 1 60 0
584 8 742 0 24 -12851 1 55 0
585 8 500 0 -6 -12851 1 55 0
586 8 609 0 24 -12851 1 60 0
587 12 742 500 -6 24 1 55 55
588 12 742 500 6 -24 0 51 51
589 12 742 609 -6 24 0 55 55
590 12 742 1100 -6 24 0 55 51
591 8 742 0 6 -12851 0 60 0
592 8 1100 0 -6 -12851 0 60 0
593 8 500 0 6 -12851 0 60 0
594 8 742 0 -6 -12851 1 55 0
595 8 903 0 -6 -12851 0 60 0
596 12 903 742 6 -24 0 55 55
597 12 609 742 -6 24 0 55 51
598 8 903 0 6 -12851 1 55 0
599 8 1100 0 -6 -12851 1 60 0
600 12 1100 742 6 -24 1 51 51
601 12 742 1100 6 -24 1 55 55
602 8 1100 0 6 -12851 1 55 0
603 8 903 0 24 -12851 1 55 0
604 12 742 609 -6 24 0 51 51
605 8 609 0 -6 -12851 1 55 0
606 12 903 742 6 -24 0 51 55
607 8 609 0 -6 -12851 1 60 0
608 8 742 0 24 -12851 1 55 0
609 8 742 0 24 -12851 1 55 0
610 8 500 0 6 -12851 1 60 0
611 8 1100 0 -24 -12851 1 55 0
612 8 1100 0 -6 -12851 1 60 0
613 12 742 903 6 -24 0 55 51
614 12 742 903 -6 24 0 55 51
615 12 742 903 -6 24 0 55 55
616 8 1100 0 24 -12851 0 60 0
617 12 742 903 6 -24 1 55 55
618 12 742 609 6 -24 0 55 51
619 8 903 0 24 -12851 1 55 0
620 8 903 0 24 -12851 0 60 0
621 8 742 0 -24 -12851 1 55 0
622 8 500 0 24 -12851 0 60 0
623 8 903 0 -6 -12851 0 60 0
624 12 742 609 -6 24 1 55 51
625 8 609 0 24 -12851 0 55 0
626 8 609 0 -6 -12851 1 60 0
627 8 742 0 6 -12851 1 60 0
628 8 609 0 6 -12851 1 55 0
629 12 742 903 6 -24 1 55 51
630 12 742 903 6 -24 0 55 51
631 12 1100 742 -6 24 1 55 51
632 8 500 0 24 -12851 1 55 0
633 8 1100 0 -6 -12851 0 60 0
634 12 742 500 -6 24 1 51 55
635 8 1100 0 -24 -12851 1 55 0
636 12 903 742 -6 24 0 55 51
637 12 742 903 -6 24 1 51 55
638 12 742 1100 6 -24 1 55 51
639 8 500 0 6 -12851 1 60 0
640 8 903 0 -6 -12851 1 55 0
641 12 609 742 -6 24 1 51 55
642 12 500 742 6 -24 1 51 51
643 12 609 742 -6 24 1 55 51
644 12 742 1100 -6 24 0 51 51
645 12 742 609 -6 24 0 55 55
646 8 742 0 6 -12851 1 55 0
647 8 609 0 24 -12851 1 60 0
648 8 500 0 -24 -12851 1 60 0
649 12 742 609 -6 24 0 51 51
650 12 742 903 6 -24 0 55 51
651 12 903 742 -6 24 1 55 51
652 12 1100 742 -6 24 1 51 55
653 8 903 0 24 -12851 1 60 0
654 12 500 742 -6 24 1 55 55
655 12 609 742 6 -24 1 55 55
656 8 1100 0 -6 -12851 1 60 0
657 8 609 0 6 -12851 1 60 0
658 8 609 0 6 -12851 0 55 0
659 12 609 742 -6 24 1 51 51
660 8 1100 0 -24 -12851 1 55 0
661 8 500 0 24 -12851 0 60 0
662 12 742 609 -6 24 0 51 55
663 12 500 742 -6 24 0 55 55
664 12 1100 742 6 -24 0 51 55
665 8 742 0 -6 -12851 0 60 0
666 8 742 0 24 -12851 0 55 0
667 12 1100 742 -6 24 0 51 55
668 8 903 0 -6 -12851 0 60 0
669 8 609 0 -24 -12851 1 60 0
670 12 903 742 -6 24 0 51 51
671 8 609 0 -6 -12851 1 60 0
672 8 742 0 -6 -12851 1 55 0
673 12 1100 742 -6 24 0 55 51
674 8 1100 0 -6 -12851 0 55 0
675 8 500 0 24 -12851 0 60 0
676 8 1100 0 -6 -12851 0 60 0
677 8 500 0 -6 -12851 1 55 0
678 8 609 0 24 -12851 1 60 0
679 8 742 0 -6 -12851 0 55 0
680 8 1100 0 24 -12851 0 60 0
681 8 500 0 6 -12851 1 60 0
682 8 742 0 -24 -12851 0 60 0
683 12 742 903 -6 24 0 51 55
684 12 1100 742 6 -24 0 55 55
685 8 903 0 -24 -12851 1 60 0
686 8 903 0 -24 -12851 0 55 0
687 8 903 0 24 -12851 0 55 0
688 12 1100 742 -6 24 0 55 55
689 8 609 0 6 -12851 0 60 0
690 8 609 0 24 -12851 0 60 0
691 8 609 0 -24 -12851 0 55 0
692 8 500 0 24 -12851 0 55 0
693 8 609 0 -6 -12851 0 55 0
694 8 742 0 24 -12851 0 60 0
695 8 500 0 24 -12851 0 55 0
696 8 609 0 6 -12851 0 60 0
697 8 903 0 24 -12851 0 55 0
698 8 1100 0 6 -12851 0 55 0
699 8 742 0 24 -12851 0 55 0
700 8 1100 0 -24 -12851 0 60 0
701 12 742 903 6 -24 0 51 51
702 8 500 0 24 -12851 0 60 0
703 12 742 609 -6 24 0 55 55
704 8 903 0 24 -12851 0 55 0
705 12 742 903 6 -24 0 55 51
706 12 742 903 -6 24 0 51 55
707 12 903 742 6 -24 0 55 51
708 8 903 0 24 -12851 0 60 0
709 12 742 609 6 -24 0 51 51
710 12 742 1100 6 -24 0 55 55
711 12 742 903 6 -24 0 51 51
712 8 742 0 -24 -12851 0 60 0
713 12 742 609 -6 24 0 55 51
714 8 1100 0 6 -12851 0 60 0
715 8 742 0 24 -12851 0 55 0
716 12 609 742 -6 24 0 51 51
717 12 742 1100 -6 24 0 55 51
718 12 1100 742 6 -24 0 55 51
719 12 609 742 6 -24 0 51 51
720 12 609 742 6 -24 0 51 55
721 12 742 609 6 -24 0 55 51
722 8 742 0 -6 -12851 0 60 0
723 8 1100 0 -6 -12851 0 60 0
724 8 742 0 -24 -12851 0 60 0
725 12 742 1100 -6 24 0 51 55
726 12 742 1100 6 -24 0 55 55
727 8 1100 0 -6 -12851 0 55 0
728 8 742 0 -24 -12851 0 60 0
729 8 903 0 -6 -12851 0 55 0
730 8 1100 0 -24 -12851 0 55 0
731 8 609 0 -6 -12851 0 55 0
732 12 742 609 -6 24 0 51 55
733 8 500 0 -6 -12851 0 55 0
734 8 609 0 -6 -12851 0 60 0
735 12 609 742 6 -24 0 51 55
736 12 1100 742 -6 24 0 51 55
737 12 742 500 -6 24 0 55 51
738 8 903 0 -6 -12851 0 55 0
739 12 903 742 -6 24 0 55 55
740 12 742 903 -6 24 0 55 51
741 8 903 0 -24 -12851 0 60 0
742 8 609 0 -6 -12851 0 60 0
743 12 742 500 -6 24 0 51 55
744 8 500 0 6 -12851 0 60 0
745 8 500 0 24 -12851 0 60 0
746 8 742 0 -24 -12851 0 60 0
747 8 742 0 -24 -12851 0 60 0
748 8 500 0 -24 -12851 0 55 0
749 8 609 0 24 -12851 0 60 0
750 12 742 903 -6 24 0 55 55
751 12 500 742 -6 24 0 51 55
752 12 1100 742 -6 24 0 55 51
753 8 903 0 -6 -12851 0 60 0
754 8 1100 0 -24 -12851 0 60 0
755 12 903 742 6 -24 0 55 55
756 8 609 0 24 -12851 0 60 0
757 8 500 0 6 -12851 0 55 0
758 12 1100 742 -6 24 0 55 51
759 12 742 903 -6 24 0 55 51
760 8 1100 0 24 -12851 0 55 0
761 8 500 0 6 -12851 0 55 0
762 8 609 0 24 -12851 0 60 0
763 8 742 0 6 -12851 0 60 0
764 12 500 742 6 -24 0 55 51
765 8 742 0 24 -12851 0 60 0
766 8 903 0 -6 -12851 0 55 0
767 12 742 500 -6 24 0 55 55
768 12 742 903 6 -24 0 55 55
769 12 742 1100 6 -24 0 55 55
770 12 903 742 6 -24 0 51 55
771 8 903 0 -6 -12851 0 60 0
772 12 742 1100 -6 24 0 51 55
773 8 1100 0 -6 -12851 0 55 0
774 8 609 0 -6 -12851 0 60 0
775 12 1100 742 6 -24 0 55 55
776 8 609 0 -6 -12851 0 55 0
777 8 742 0 6 -12851 0 60 0
778 8 609 0 -6 -12851 0 55 0
779 8 500 0 24 -12851 0 60 0
780 8 1100 0 24 -12851 0 55 0
781 8 742 0 -24 -12851 0 60 0
782 8 742 0 -6 -12851 0 55 0
783 12 1100 742 -6 24 0 51 51
784 12 609 742 -6 24 0 51 51
785 8 500 0 24 -12851 0 55 0
786 8 500 0 24 -12851 0 60 0
787 12 903 742 6 -24 0 51 51
788 8 1100 0 24 -12851 0 60 0
789 12 742 609 -6 24 0 55 51
790 8 1100 0 -6 -12851 0 55 0
791 8 609 0 24 -12851 0 55 0
792 8 903 0 24 -12851 0 55 0
793 8 903 0 -24 -12851 0 60 0
794 12 1100 742 -6 24 0 51 51
795 12 609 742 -6 24 0 51 51
796 8 903 0 -24 -12851 0 55 0
797 8 742 0 -6 -12851 0 55 0
798 8 742 0 -6 -12851 0 55 0
799 12 742 500 -6 24 0 51 51
800 8 1100 0 -24 -12851 0 55 0
801 8 742 0 -24 -12851 0 55 0
802 12 742 903 6 -24 0 51 51
803 8 1100 0 -6 -12851 0 60 0
804 8 742 0 24 -12851 0 55 0
805 12 742 500 -6 24 0 51 55
806 8 903 0 24 -12851 0 60 0
807 8 1100 0 -24 -12851 0 55 0
808 8 609 0 6 -12851 0 60 0
809 8 500 0 -6 -12851 0 60 0
810 12 742 609 -6 24 0 51 55
811 8 609 0 6 -12851 0 55 0
812 8 903 0 6 -12851 0 60 0
813 8 903 0 -24 -12851 0 60 0
814 8 609 0 24 -12851 0 60 0
815 12 1100 742 6 -24 0 55 51
816 12 609 742 -6 24 0 51 55
817 8 500 0 -6 -12851 0 60 0
818 8 500 0 6 -12851 0 60 0
819 12 742 609 6 -24 0 51 51
820 8 500 0 6 -12851 0 55 0
821 12 609 742 6 -24 0 51 55
822 8 500 0 -6 -12851 0 55 0
823 8 903 0 24 -12851 0 55 0
824 8 500 0 -24 -12851 0 60 0
825 12 500 742 -6 24 0 55 55
826 12 1100 742 6 -24 0 55 55
827 8 500 0 24 -12851 0 55 0
828 12 742 500 6 -24 0 55 55
829 8 742 0 6 -12851 0 60 0
830 12 742 609 -6 24 0 51 51
831 8 1100 0 -24 -12851 0 60 0
832 8 742 0 24 -12851 0 60 0
833 8 742 0 -24 -12851 0 60 0
834 12 742 609 -6 24 0 55 55
835 8 903 0 24 -12851 0 55 0
836 8 609 0 -24 -12851 0 60 0
837 12 500 742 -6 24 0 51 55
838 12 903 742 -6 24 0 51 55
839 12 742 609 -6 24 0 55 51
840 12 742 1100 6 -24 0 51 51
841 8 1100 0 24 -12851 0 60 0
842 12 742 609 -6 24 0 51 51
843 12 742 500 -6 24 0 55 51
844 12 742 903 -6 24 0 55 51
845 8 903 0 -6 -12851 0 55 0
846 8 1100 0 -6 -12851 0 55 0
847 8 609 0 24 -12851 0 55 0
848 8 609 0 6 -12851 0 60 0
849 8 742 0 6 -12851 0 55 0
850 12 609 742 6 -24 0 51 51
851 8 742 0 6 -12851 0 55 0
852 8 903 0 6 -12851 0 60 0
853 12 1100 742 6 -24 0 55 51
854 12 500 742 -6 24 0 55 51
855 8 742 0 6 -12851 0 60 0
856 8 609 0 6 -12851 0 60 0
857 8 1100 0 24 -12851 0 55 0
858 8 742 0 -6 -12851 0 55 0
859 8 609 0 6 -12851 0 55 0
860 12 903 742 6 -24 0 55 51
861 12 903 742 6 -24 0 55 55
862 12 609 742 -6 24 0 51 51
863 8 903 0 24 -12851 0 55 0
864 12 742 903 6 -24 0 51 55
865 8 500 0 6 -12851 0 55 0
866 12 500 742 -6 24 0 55 55
867 12 742 903 -6 24 0 55 51
868 8 609 0 -24 -12851 0 60 0
869 8 903 0 24 -12851 0 60 0
870 12 500 742 6 -24 0 55 51
871 8 1100 0 -6 -12851 0 55 0
872 8 500 0 -6 -12851 0 55 0
873 12 903 742 6 -24 0 51 55
874 12 742 903 6 -24 0 51 51
875 8 500 0 -24 -12851 0 60 0
876 8 1100 0 6 -12851 0 60 0
877 8 1100 0 -24 -12851 0 60 0
878 12 742 500 6 -24 0 51 51
879 8 1100 0 6 -12851 0 55 0
880 8 742 0 -24 -12851 0 60 0
881 8 609 0 -6 -12851 0 55 0
882 8 609 0 -6 -12851 0 60 0
883 12 742 903 6 -24 0 55 55
884 8 742 0 -24 -12851 0 55 0
885 8 742 0 24 -12851 0 60 0
886 12 742 1100 -6 24 0 55 51
887 12 1100 742 -6 24 0 51 51
888 12 903 742 -6 24 0 55 55
889 8 903 0 24 -12851 0 60 0
890 12 742 500 -6 24 0 51 51
891 8 500 0 -24 -12851 0 55 0
892 8 1100 0 24 -12851 0 55 0
893 8 1100 0 -6 -12851 0 55 0
894 8 609 0 6 -12851 0 60 0
895 8 903 0 24 -12851 0 60 0
896 12 742 1100 -6 24 0 55 55
897 12 742 903 -6 24 0 55 51
898 12 1100 742 6 -24 0 51 51
899 8 500 0 6 -12851 0 60 0
900 12 742 500 6 -24 0 55 55
901 12 609 742 -6 24 0 55 55
902 8 500 0 24 -12851 0 60 0
903 8 903 0 24 -12851 0 55 0
904 8 609 0 -6 -12851 0 60 0
905 8 609 0 -24 -12851 0 55 0
906 8 609 0 -6 -12851 0 55 0
907 8 1100 0 6 -12851 0 60 0
908 8 1100 0 6 -12851 0 55 0
909 12 500 742 -6 24 0 51 55
910 12 1100 742 6 -24 0 55 51
911 8 903 0 24 -12851 0 60 0
912 12 903 742 -6 24 0 55 51
913 8 742 0 -24 -12851 0 60 0
914 12 742 1100 6 -24 0 51 51
915 12 742 1100 6 -24 0 55 55
916 8 609 0 -6 -12851 0 55 0
917 12 903 742 -6 24 0 51 51
918 8 742 0 -24 -12851 0 60 0
919 8 500 0 6 -12851 0 55 0
920 8 500 0 -6 -12851 0 55 0
921 8 1100 0 -6 -12851 0 60 0
922 8 742 0 -24 -12851 0 55 0
923 8 903 0 -6 -12851 0 55 0
924 12 742 609 -6 24 0 51 55
925 8 500 0 -24 -12851 0 55 0
926 8 903 0 -6 -12851 0 55 0
927 12 742 903 6 -24 0 55 55
928 8 500 0 -6 -12851 0 60 0
929 8 500 0 6 -12851 0 60 0
930 8 609 0 24 -12851 0 60 0
931 8 500 0 24 -12851 0 55 0
932 12 500 742 6 -24 0 55 51
933 8 903 0 -6 -12851 0 55 0
934 8 903 0 -6 -12851 0 55 0
935 12 742 609 6 -24 0 55 55
936 8 1100 0 24 -12851 0 60 0
937 8 500 0 -24 -12851 0 60 0
938 12 742 609 6 -24 0 51 55
939 12 742 500 -6 24 0 51 51
940 8 609 0 -24 -12851 0 55 0
941 8 742 0 6 -12851 0 60 0
942 8 903 0 6 -12851 0 55 0
943 8 1100 0 -24 -12851 0 55 0
944 12 1100 742 -6 24 0 55 51
945 8 609 0 -6 -12851 0 55 0
946 12 742 500 -6 24 0 51 51
947 12 742 609 6 -24 0 51 51
948 12 742 1100 -6 24 0 55 51
949 12 500 742 6 -24 0 51 51
950 12 500 742 6 -24 0 51 51
951 12 742 903 -6 24 0 51 55
952 8 742 0 -24 -12851 0 60 0
953 8 1100 0 -24 -12851 0 60 0
954 12 903 742 6 -24 0 55 55
955 8 742 0 -6 -12851 0 60 0
956 8 1100 0 6 -12851 0 60 0
957 12 500 742 -6 24 0 51 55
958 8 1100 0 6 -12851 0 60 0
959 12 742 500 6 -24 0 51 55
960 8 742 0 6 -12851 0 60 0
961 8 609 0 24 -12851 0 60 0
962 12 742 1100 6 -24 0 51 51
963 8 609 0 6 -12851 0 55 0
964 8 742 0 6 -12851 0 60 0
965 12 742 903 6 -24 0 55 55
966 8 742 0 24 -12851 0 60 0
967 8 903 0 -6 -12851 0 60 0
968 8 500 0 -24 -12851 0 55 0
969 8 1100 0 -24 -12851 0 60 0
970 8 1100 0 24 -12851 0 55 0
971 12 742 903 6 -24 0 51 51
972 8 609 0 -6 -12851 0 60 0
973 8 903 0 24 -12851 0 55 0
974 12 609 742 6 -24 0 51 51
975 8 500 0 6 -12851 0 55 0
976 8 500 0 6 -12851 0 55 0
977 8 903 0 -6 -12851 0 55 0
978 8 742 0 -24 -12851 0 55 0
979 8 742 0 24 -12851 0 60 0
980 12 742 1100 6 -24 0 51 55
981 12 609 742 -6 24 0 55 55
982 12 742 500 -6 24 0 55 51
983 12 742 1100 6 -24 0 55 55
984 8 500 0 -6 -12851 0 55 0
985 8 609 0 -24 -12851 0 60 0
986 8 903 0 24 -12851 0 60 0
987 8 1100 0 -24 -12851 0 55 0
988 8 609 0 -6 -12851 0 60 0
989 12 1100 742 6 -24 0 55 51
990 12 1100 742 6 -24 0 55 51
991 8 500 0 6 -12851 0 55 0
992 12 742 609 -6 24 0 55 51
993 12 742 500 6 -24 0 51 51
994 12 742 903 6 -24 0 51 51
995 8 1100 0 -24 -12851 0 55 0
996 8 500 0 -24 -12851 0 55 0
997 8 609 0 6 -12851 0 55 0
998 8 742 0 6 -12851 0 60 0
999 12 500 742 -6 24 0 51 51
1000 12 500 742 -6 24 0 55 51
1001 12 742 609 -6 24 0 55 55
1002 8 742 0 24 -12851 0 60 0
1003 12 742 500 -6 24 0 55 51
1004 8 903 0 6 -12851 0 60 0
1005 12 742 903 6 -24 0 55 55
1006 12 742 609 6 -24 0 55 51
1007 8 903 0 6 -12851 0 60 0
1008 8 1100 0 -24 -12851 0 60 0
1009 8 609 0 6 -12851 0 55 0
1010 8 609 0 -6 -12851 0 60 0
1011 12 742 903 6 -24 0 51 51
1012 8 1100 0 24 -12851 0 60 0
1013 8 1100 0 6 -12851 0 55 0
1014 12 500 742 -6 24 0 51 51
1015 12 742 1100 6 -24 0 55 51
1016 12 742 1100 -6 24 0 55 51
1017 8 500 0 -6 -12851 0 60 0
1018 8 903 0 6 -12851 0 60 0
1019 8 742 0 -24 -12851 0 55 0
1020 12 903 742 6 -24 0 51 51
1021 8 1100 0 -24 -12851 0 60 0
1022 8 742 0 -6 -12851 0 55 0
1023 12 742 1100 6 -24 0 55 51
1024 12 742 1100 6 -24 0 55 55
1025 8 742 0 6 -12851 0 60 0
1026 12 1100 742 6 -24 0 55 51
1027 8 903 0 -6 -12851 0 60 0
1028 12 742 500 6 -24 0 55 51
1029 8 500 0 -6 -12851 0 60 0
1030 8 903 0 6 -12851 0 60 0
1031 12 742 609 -6 24 0 55 55
1032 8 500 0 -6 -12851 0 60 0
1033 8 609 0 -24 -12851 0 55 0
1034 8 609 0 -24 -12851 0 60 0
1035 8 609 0 -24 -12851 0 55 0
1036 8 609 0 6 -12851 0 60 0
1037 12 500 742 -6 24 0 55 55
1038 12 742 500 -6 24 0 55 55
1039 8 1100 0 6 -12851 0 55 0
1040 8 1100 0 24 -12851 0 55 0
1041 12 1100 742 6 -24 0 55 55
1042 12 742 609 6 -24 0 55 51
1043 8 500 0 -6 -12851 0 60 0
1044 8 903 0 -24 -12851 0 60 0
1045 12 500 742 -6 24 0 51 51
1046 8 742 0 6 -12851 0 60 0
1047 8 1100 0 -6 -12851 0 55 0
1048 8 742 0 24 -12851 0 60 0
1049 12 903 742 6 -24 0 55 55
1050 8 742 0 24 -12851 0 55 0
1051 12 609 742 6 -24 0 55 55
1052 12 742 500 -6 24 0 51 55
1053 8 903 0 -6 -12851 0 60 0
1054 8 500 0 -24 -12851 0 60 0
1055 8 903 0 -6 -12851 0 55 0
1056 8 500 0 24 -12851 0 55 0
1057 12 742 609 6 -24 0 51 51
1058 8 609 0 -24 -12851 0 55 0
1059 12 903 742 -6 24 0 51 51
1060 8 609 0 -24 -12851 0 55 0
1061 8 500 0 24 -12851 0 55 0
1062 8 500 0 24 -12851 0 60 0
1063 12 742 609 6 -24 0 51 55
1064 8 609 0 24 -12851 0 60 0
1065 12 903 742 -6 24 0 55 51
1066 12 1100 742 6 -24 0 55 51
1067 12 903 742 -6 24 0 51 55
1068 8 903 0 6 -12851 0 60 0
1069 8 903 0 -6 -12851 0 60 0
1070 8 903 0 24 -12851 0 55 0
1071 12 500 742 -6 24 0 51 51
1072 12 609 742 -6 24 0 55 51
1073 8 1100 0 24 -12851 0 55 0
1074 12 742 500 6 -24 0 55 55
1075 8 1100 0 24 -12851 0 60 0
1076 12 742 609 -6 24 0 51 51
1077 8 1100 0 -6 -12851 0 60 0
1078 12 742 500 -6 24 0 55 55
1079 12 742 609 6 -24 0 55 55
1080 8 609 0 24 -12851 0 55 0
1081 8 742 0 6 -12851 0 55 0
1082 8 609 0 -24 -12851 0 55 0
1083 12 742 1100 6 -24 0 51 55
1084 8 500 0 24 -12851 0 60 0
1085 8 500 0 6 -12851 0 55 0
1086 12 903 742 -6 24 0 51 51
1087 8 742 0 -24 -12851 0 55 0
1088 12 609 742 -6 24 0 51 51
1089 12 742 903 6 -24 0 55 55
1090 8 742 0 -24 -12851 0 55 0
1091 8 500 0 24 -12851 0 60 0
1092 8 500 0 -6 -12851 0 55 0
1093 8 742 0 24 -12851 0 60 0
1094 8 500 0 -24 -12851 0 60 0
1095 8 609 0 6 -12851 0 60 0
1096 8 742 0 24 -12851 0 60 0
1097 12 742 500 6 -24 0 51 55
1098 12 1100 742 6 -24 0 51 51
1099 8 1100 0 6 -12851 0 55 0
1100 12 500 742 -6 24 0 55 51
1101 8 500 0 24 -12851 0 60 0
1102 8 742 0 6 -12851 0 60 0
1103 8 903 0 -24 -12851 0 60 0
1104 8 903 0 -24 -12851 0 60 0
1105 12 742 609 6 -24 0 55 55
1106 12 742 609 -6 24 0 51 55
1107 8 1100 0 -6 -12851 0 55 0
1108 12 1100 742 6 -24 0 51 51
1109 8 1100 0 24 -12851 0 55 0
1110 8 903 0 24 -12851 0 55 0
1111 8 609 0 6 -12851 0 60 0
1112 8 609 0 -24 -12851 0 60 0
1113 12 742 500 6 -24 0 51 55
1114 8 500 0 24 -12851 0 55 0
1115 12 742 609 6 -24 0 55 55
1116 8 500 0 6 -12851 0 55 0
1117 8 903 0 -24 -12851 0 55 0
1118 8 500 0 -6 -12851 0 55 0
1119 12 742 500 -6 24 0 51 55
1120 8 500 0 6 -12851 0 55 0
1121 8 742 0 -24 -12851 0 60 0
1122 12 742 500 -6 24 0 55 55
1123 8 1100 0 24 -12851 0 60 0
1124 8 742 0 24 -12851 0 60 0
1125 12 742 1100 -6 24 0 51 55
1126 12 742 500 -6 24 0 55 51
1127 12 1100 742 6 -24 0 55 55
1128 12 742 609 -6 24 0 51 55
1129 12 742 903 -6 24 0 55 51
1130 8 742 0 -6 -12851 0 55 0
1131 8 903 0 -24 -12851 0 55 0
1132 12 609 742 -6 24 0 55 51
1133 8 609 0 24 -12851 0 60 0
1134 12 1100 742 6 -24 0 55 55
1135 12 742 903 -6 24 0 55 55
1136 8 1100 0 24 -12851 0 55 0
1137 12 742 903 -6 24 0 55 55
1138 12 742 500 6 -24 0 51 55
1139 12 500 742 -6 24 0 51 51
1140 8 903 0 -6 -12851 0 60 0
1141 12 742 1100 -6 24 0 51 51
1142 12 609 742 6 -24 0 55 51
1143 12 1100 742 -6 24 0 51 51
1144 8 1100 0 -6 -12851 0 60 0
1145 8 609 0 -24 -12851 0 55 0
1146 12 742 903 -6 24 0 51 51
1147 8 609 0 -24 -12851 0 55 0
1148 8 903 0 6 -12851 0 60 0
1149 12 742 609 -6 24 0 55 55
1150 8 903 0 -6 -12851 0 55 0
1151 8 500 0 6 -12851 0 60 0
1152 8 742 0 6 -12851 0 60 0
1153 8 742 0 24 -12851 0 55 0
1154 12 500 742 -6 24 0 55 55
1155 8 1100 0 -24 -12851 0 55 0
1156 12 1100 742 6 -24 0 51 55
1157 8 903 0 -6 -12851 0 60 0
1158 8 609 0 -24 -12851 0 55 0
1159 8 609 0 6 -12851 0 55 0
1160 8 903 0 24 -12851 0 55 0
1161 12 500 742 6 -24 0 55 51
1162 8 500 0 -6 -12851 0 60 0
1163 8 609 0 24 -12851 0 55 0
1164 12 500 742 6 -24 0 55 55
1165 12 500 742 -6 24 0 55 51
1166 12 742 1100 -6 24 0 55 55
1167 8 742 0 -6 -12851 0 55 0
1168 12 742 1100 -6 24 0 51 55
1169 8 1100 0 6 -12851 0 55 0
1170 8 1100 0 -6 -12851 0 60 0
1171 12 742 500 -6 24 0 51 51
1172 8 500 0 -6 -12851 0 55 0
1173 8 742 0 -6 -12851 0 60 0
1174 8 742 0 -24 -12851 0 55 0
1175 8 1100 0 24 -12851 0 60 0
1176 12 609 742 -6 24 0 51 51
1177 8 609 0 -24 -12851 0 60 0
1178 8 609 0 6 -12851 0 55 0
1179 12 742 500 -6 24 0 51 51
1180 12 903 742 -6 24 0 55 55
1181 8 903 0 -24 -12851 0 55 0
1182 12 500 742 -6 24 0 55 55
1183 8 742 0 -6 -12851 0 60 0
1184 12 1100 742 -6 24 0 55 55
1185 12 742 500 6 -24 0 51 51
1186 8 500 0 -24 -12851 0 60 0
1187 8 903 0 6 -12851 0 55 0
1188 12 1100 742 6 -24 0 51 55
1189 12 500 742 -6 24 0 55 55
1190 8 903 0 6 -12851 0 55 0
1191 8 1100 0 24 -12851 0 55 0
1192 8 609 0 6 -12851 0 60 0
1193 12 1100 742 6 -24 0 51 55
1194 8 1100 0 6 -12851 0 55 0
1195 8 742 0 -6 -12851 0 60 0
1196 8 500 0 6 -12851 0 55 0
1197 12 500 742 6 -24 0 51 51
1198 8 500 0 6 -12851 0 55 0
1199 8 1100 0 24 -12851 0 60 0
1200 12 742 903 6 -24 0 51 55
1201 12 742 500 -6 24 0 51 55
1202 8 1100 0 -6 -12851 0 60 0
1203 8 500 0 6 -12851 0 55 0
