1 12 742 500 -6 24 0 55 51
2 8 609 0 6 -12851 0 60 0
3 12 903 742 6 -24 0 55 55
4 8 742 0 24 -12851 0 60 0
5 8 742 0 24 -12851 0 55 0
6 8 609 0 24 -12851 0 60 0
7 8 903 0 -6 -12851 0 60 0
282 12 500 742 6 -24 1 55 55
283 8 500 0 24 -12851 1 60 0
284 8 500 0 -6 -12851 0 55 0
285 8 609 0 -24 -12851 0 60 0
286 8 609 0 -6 -12851 1 55 0
287 8 1100 0 6 -12851 0 55 0
288 12 742 903 -6 24 1 55 55
289 8 742 0 -6 -12851 0 60 0
290 8 609 0 -24 -12851 1 55 0
291 8 500 0 -6 -12851 1 55 0
292 12 742 903 -6 24 1 51 51
293 8 903 0 -24 -12851 1 55 0
294 8 1100 0 24 -12851 0 55 0
295 12 742 903 -6 24 1 55 55
296 8 1100 0 6 -12851 0 60 0
297 8 742 0 -24 -12851 0 60 0
298 12 903 742 6 -24 1 55 55
299 8 742 0 6 -12851 1 60 0
300 8 903 0 -6 -12851 0 55 0
301 12 609 742 -6 24 1 55 55
302 12 742 903 -6 24 1 51 51
303 8 903 0 6 -12851 1 55 0
304 8 742 0 -6 -12851 0 55 0
305 12 500 742 6 -24 0 55 55
306 8 742 0 24 -12851 1 60 0
307 12 500 742 6 -24 1 55 51
308 8 903 0 -24 -12851 0 55 0
309 8 903 0 6 -12851 1 55 0
310 12 742 1100 6 -24 1 51 55
311 8 742 0 6 -12851 1 60 0
312 8 1100 0 -6 -12851 1 55 0
313 12 903 742 -6 24 0 51 51
314 12 742 1100 -6 24 0 55 55
315 8 903 0 24 -12851 1 55 0
316 8 500 0 -24 -12851 1 60 0
317 8 500 0 6 -12851 0 55 0
318 8 742 0 -24 -12851 1 55 0
319 8 609 0 -6 -12851 0 55 0
320 12 742 903 6 -24 1 51 55
321 8 609 0 -6 -12851 0 60 0
322 8 500 0 24 -12851 0 60 0
323 8 609 0 -24 -12851 1 55 0
324 8 1100 0 -24 -12851 0 60 0
325 12 742 500 -6 24 1 51 51
326 12 1100 742 6 -24 1 51 51
327 12 742 903 -6 24 0 55 55
328 12 609 742 6 -24 0 55 55
329 12 609 742 6 -24 1 55 55
330 12 1100 742 6 -24 1 51 55
331 8 1100 0 24 -12851 1 60 0
332 8 609 0 -24 -12851 1 55 0
333 8 609 0 -6 -12851 1 60 0
334 8 609 0 24 -12851 0 55 0
335 8 742 0 6 -12851 0 60 0
336 8 742 0 6 -12851 1 60 0
337 8 609 0 -6 -12851 0 60 0
338 8 903 0 -6 -12851 1 60 0
339 12 742 500 6 -24 1 55 55
340 8 742 0 -24 -12851 0 60 0
341 8 1100 0 -6 -12851 0 60 0
342 8 1100 0 6 -12851 0 60 0
343 8 903 0 -24 -12851 0 55 0
344 8 500 0 6 -12851 0 60 0
345 12 742 903 6 -24 0 55 51
346 8 903 0 -24 -12851 0 60 0
347 12 742 903 -6 24 1 55 51
348 12 742 500 -6 24 1 51 55
349 8 500 0 -24 -12851 1 55 0
350 8 500 0 -24 -12851 1 60 0
351 12 609 742 -6 24 1 51 51
352 12 742 1100 6 -24 0 55 55
353 8 1100 0 24 -12851 1 55 0
354 8 609 0 24 -12851 1 60 0
355 12 742 1100 -6 24 1 51 51
356 8 609 0 -24 -12851 1 55 0
357 8 500 0 -6 -12851 1 60 0
358 12 742 609 6 -24 1 55 51
359 8 500 0 24 -12851 1 60 0
360 12 742 1100 6 -24 0 55 51
361 8 1100 0 24 -12851 1 55 0
362 12 609 742 -6 24 1 51 51
363 8 742 0 -24 -12851 0 60 0
364 8 609 0 24 -12851 1 60 0
365 12 1100 742 6 -24 1 51 51
366 8 903 0 -24 -12851 1 60 0
367 8 500 0 6 -12851 1 55 0
368 8 742 0 6 -12851 1 55 0
369 8 903 0 6 -12851 1 55 0
370 8 609 0 24 -12851 1 60 0
371 12 500 742 -6 24 1 51 51
372 8 742 0 -24 -12851 0 60 0
373 8 1100 0 -24 -12851 0 60 0
374 8 903 0 24 -12851 1 60 0
375 12 1100 742 -6 24 0 55 55
376 8 1100 0 6 -12851 1 60 0
377 12 742 500 -6 24 1 51 55
378 8 742 0 6 -12851 1 55 0
379 8 742 0 -24 -12851 0 60 0
380 8 1100 0 -24 -12851 0 55 0
381 8 609 0 -6 -12851 0 60 0
382 12 742 1100 6 -24 1 51 51
383 8 609 0 -24 -12851 1 55 0
384 12 500 742 6 -24 1 51 55
385 8 742 0 -6 -12851 0 55 0
386 12 609 742 6 -24 1 55 51
387 8 742 0 6 -12851 1 60 0
388 8 609 0 6 -12851 1 60 0
389 12 742 903 6 -24 1 51 55
390 8 903 0 -6 -12851 0 55 0
391 8 903 0 24 -12851 0 60 0
392 12 742 1100 -6 24 1 51 55
393 8 903 0 6 -12851 1 55 0
394 12 903 742 -6 24 0 55 51
395 8 1100 0 -6 -12851 0 55 0
396 12 742 500 -6 24 0 51 51
397 12 903 742 6 -24 0 51 51
398 8 1100 0 -24 -12851 0 60 0
399 8 500 0 24 -12851 0 55 0
400 12 742 1100 -6 24 0 51 51
401 12 742 500 -6 24 1 55 55
402 8 500 0 -6 -12851 0 60 0
403 12 1100 742 6 -24 0 51 55
404 8 500 0 24 -12851 0 55 0
405 12 742 903 -6 24 0 55 55
406 12 1100 742 6 -24 0 51 55
407 12 903 742 -6 24 0 51 51
408 8 1100 0 -6 -12851 0 60 0
409 12 609 742 6 -24 0 55 55
410 8 1100 0 6 -12851 0 60 0
411 8 500 0 -24 -12851 1 60 0
412 8 609 0 6 -12851 1 60 0
413 8 742 0 24 -12851 1 55 0
414 8 609 0 -24 -12851 1 60 0
415 12 742 609 6 -24 1 55 51
416 8 500 0 -6 -12851 0 55 0
417 8 903 0 -24 -12851 0 60 0
418 8 500 0 -6 -12851 1 60 0
419 8 903 0 24 -12851 1 60 0
420 12 742 903 -6 24 1 51 51
421 8 903 0 -24 -12851 0 60 0
422 12 609 742 6 -24 1 51 55
423 8 742 0 6 -12851 1 60 0
424 8 609 0 24 -12851 1 60 0
425 8 1100 0 -24 -12851 0 55 0
426 12 1100 742 6 -24 0 51 55
427 12 1100 742 -6 24 1 51 51
428 12 742 500 6 -24 0 51 51
429 8 742 0 24 -12851 1 55 0
430 8 1100 0 -24 -12851 1 60 0
431 12 903 742 6 -24 1 51 55
432 12 742 609 6 -24 0 55 55
433 12 742 903 6 -24 1 55 55
434 8 903 0 -6 -12851 0 55 0
435 12 903 742 6 -24 0 51 51
436 12 1100 742 6 -24 0 51 55
437 8 903 0 -24 -12851 0 55 0
438 12 903 742 6 -24 1 51 51
439 8 500 0 6 -12851 1 60 0
440 8 903 0 6 -12851 0 60 0
441 8 742 0 -24 -12851 1 55 0
442 8 500 0 -6 -12851 0 55 0
443 12 609 742 -6 24 0 55 51
444 8 609 0 6 -12851 1 55 0
445 12 742 1100 6 -24 0 55 55
446 8 609 0 24 -12851 1 55 0
447 8 609 0 6 -12851 1 55 0
448 12 1100 742 6 -24 1 51 55
449 8 1100 0 24 -12851 1 55 0
450 8 500 0 24 -12851 1 60 0
451 8 903 0 -6 -12851 1 55 0
452 12 742 903 6 -24 1 51 51
453 8 1100 0 -24 -12851 0 55 0
454 8 742 0 6 -12851 1 55 0
455 12 742 500 6 -24 1 51 55
456 8 742 0 6 -12851 1 55 0
457 8 1100 0 -24 -12851 1 55 0
458 12 903 742 -6 24 1 51 51
459 12 742 609 6 -24 1 51 55
460 8 1100 0 6 -12851 1 55 0
461 8 1100 0 24 -12851 1 55 0
462 8 742 0 -24 -12851 1 55 0
463 12 500 742 6 -24 1 55 51
464 12 609 742 -6 24 0 55 55
465 8 1100 0 -24 -12851 1 60 0
466 12 903 742 6 -24 1 55 51
467 8 609 0 6 -12851 1 55 0
468 12 742 903 6 -24 0 51 55
469 8 609 0 24 -12851 1 60 0
470 12 742 609 6 -24 1 51 51
471 12 742 609 6 -24 0 55 55
472 12 609 742 6 -24 0 55 51
473 8 609 0 -24 -12851 0 55 0
474 12 1100 742 -6 24 0 51 51
475 8 1100 0 -6 -12851 0 55 0
476 12 742 1100 -6 24 0 55 51
477 8 500 0 6 -12851 0 55 0
478 8 500 0 -24 -12851 0 60 0
479 12 742 500 6 -24 0 51 51
480 8 903 0 -6 -12851 0 55 0
481 12 1100 742 -6 24 0 55 55
482 8 500 0 6 -12851 0 55 0
483 8 903 0 6 -12851 0 55 0
484 12 1100 742 -6 24 0 51 55
485 8 742 0 -24 -12851 1 60 0
486 12 742 609 6 -24 1 51 55
487 8 742 0 -24 -12851 1 60 0
488 12 742 903 -6 24 1 51 55
489 8 903 0 -6 -12851 1 55 0
490 12 1100 742 -6 24 1 51 55
491 8 1100 0 -24 -12851 1 60 0
492 12 742 1100 -6 24 1 55 51
493 8 1100 0 -6 -12851 0 55 0
494 8 903 0 24 -12851 1 55 0
495 8 500 0 -24 -12851 0 60 0
496 8 1100 0 -6 -12851 0 55 0
497 8 500 0 -24 -12851 1 55 0
498 12 500 742 6 -24 1 55 51
499 8 1100 0 -6 -12851 1 60 0
500 12 742 903 6 -24 1 51 55
501 8 609 0 24 -12851 1 55 0
502 8 742 0 -6 -12851 0 60 0
503 8 742 0 6 -12851 1 60 0
504 8 903 0 6 -12851 1 60 0
505 8 742 0 -24 -12851 0 60 0
506 8 609 0 -24 -12851 1 60 0
507 8 609 0 24 -12851 0 60 0
508 8 500 0 -24 -12851 0 60 0
509 12 742 609 -6 24 1 51 51
510 8 903 0 -6 -12851 0 60 0
511 12 1100 742 6 -24 1 51 55
512 8 1100 0 -24 -12851 1 55 0
513 8 1100 0 -6 -12851 0 55 0
514 8 903 0 -24 -12851 0 60 0
515 12 609 742 6 -24 1 51 55
516 12 742 609 6 -24 1 51 51
517 12 742 1100 6 -24 1 51 51
518 8 903 0 -24 -12851 0 60 0
519 12 742 903 -6 24 1 51 51
520 8 609 0 24 -12851 1 55 0
521 8 609 0 -24 -12851 1 55 0
522 8 1100 0 -6 -12851 0 55 0
523 8 500 0 24 -12851 1 60 0
524 12 742 609 6 -24 0 51 51
525 8 903 0 -24 -12851 1 60 0
526 8 742 0 -24 -12851 1 55 0
527 8 1100 0 -24 -12851 0 60 0
528 12 903 742 6 -24 0 55 51
529 8 742 0 -24 -12851 1 55 0
530 12 903 742 -6 24 0 51 51
531 8 742 0 -24 -12851 1 55 0
532 12 500 742 -6 24 1 51 51
533 8 500 0 -6 -12851 0 55 0
534 12 742 500 -6 24 0 55 51
535 8 500 0 24 -12851 0 60 0
536 12 609 742 -6 24 0 55 51
537 8 609 0 6 -12851 0 55 0
538 8 1100 0 6 -12851 0 55 0
539 12 742 609 6 -24 0 55 55
540 8 1100 0 6 -12851 0 55 0
541 8 500 0 -6 -12851 0 60 0
542 8 1100 0 -24 -12851 0 60 0
543 8 1100 0 -24 -12851 0 55 0
544 8 742 0 -6 -12851 0 55 0
545 12 742 609 -6 24 1 51 55
546 8 609 0 6 -12851 1 60 0
547 8 903 0 -24 -12851 0 60 0
548 12 903 742 6 -24 0 55 55
549 12 609 742 6 -24 0 51 51
550 8 742 0 24 -12851 0 60 0
551 12 500 742 6 -24 0 55 51
552 8 742 0 -6 -12851 0 60 0
553 8 500 0 24 -12851 0 55 0
554 8 500 0 6 -12851 0 60 0
555 8 609 0 -6 -12851 0 60 0
556 12 742 500 -6 24 0 51 51
557 12 1100 742 -6 24 0 55 55
558 8 903 0 6 -12851 0 60 0
559 12 609 742 6 -24 0 55 55
560 8 609 0 -6 -12851 1 55 0
561 12 742 903 -6 24 0 51 51
562 12 742 500 -6 24 0 51 55
563 12 742 609 6 -24 0 55 51
564 8 903 0 6 -12851 0 60 0
565 8 742 0 -6 -12851 0 55 0
566 12 742 903 6 -24 0 55 51
567 8 742 0 24 -12851 0 55 0
568 8 609 0 24 -12851 0 60 0
569 12 500 742 -6 24 0 51 51
570 8 609 0 24 -12851 0 60 0
571 8 500 0 -24 -12851 0 60 0
572 8 500 0 -6 -12851 0 60 0
573 12 742 903 6 -24 0 51 55
574 8 903 0 24 -12851 0 55 0
575 12 609 742 6 -24 0 51 55
576 8 500 0 6 -12851 0 55 0
577 8 742 0 6 -12851 0 60 0
578 12 742 903 6 -24 0 51 51
579 8 609 0 -24 -12851 0 60 0
580 12 1100 742 -6 24 0 55 51
581 8 742 0 6 -12851 0 55 0
582 8 903 0 24 -12851 0 55 0
583 8 903 0 -24 -12851 0 60 0
584 8 1100 0 6 -12851 0 55 0
585 8 1100 0 -6 -12851 0 55 0
586 8 1100 0 24 -12851 1 60 0
587 12 500 742 6 -24 0 51 51
588 12 742 1100 6 -24 0 55 51
589 12 609 742 6 -24 1 55 51
590 8 742 0 -24 -12851 0 60 0
591 8 742 0 -24 -12851 0 55 0
592 8 1100 0 6 -12851 1 60 0
593 8 742 0 6 -12851 1 55 0
594 12 742 903 6 -24 0 55 55
595 8 1100 0 -6 -12851 0 60 0
596 12 1100 742 -6 24 0 51 51
597 8 1100 0 6 -12851 0 55 0
598 12 500 742 -6 24 0 51 51
599 12 1100 742 6 -24 0 51 55
600 8 742 0 -6 -12851 0 60 0
601 8 903 0 24 -12851 0 60 0
602 12 500 742 -6 24 0 51 51
603 12 742 500 6 -24 0 55 55
604 8 609 0 -6 -12851 0 60 0
605 8 609 0 -6 -12851 0 55 0
606 8 609 0 -6 -12851 0 60 0
607 8 500 0 -24 -12851 0 55 0
608 12 742 903 6 -24 0 55 55
609 12 742 1100 -6 24 0 55 51
610 12 903 742 -6 24 0 55 51
611 8 500 0 -24 -12851 0 55 0
612 8 500 0 -24 -12851 0 60 0
613 12 742 1100 6 -24 0 51 51
614 8 903 0 -24 -12851 0 60 0
615 8 903 0 -6 -12851 0 60 0
616 8 742 0 6 -12851 0 55 0
617 8 742 0 6 -12851 1 55 0
618 8 903 0 -24 -12851 0 60 0
619 8 903 0 6 -12851 1 60 0
620 12 742 500 6 -24 0 55 51
621 8 742 0 -6 -12851 0 55 0
622 12 500 742 -6 24 0 51 55
623 8 1100 0 6 -12851 0 60 0
624 8 903 0 6 -12851 0 55 0
625 8 500 0 -24 -12851 1 55 0
626 12 500 742 -6 24 0 55 51
627 8 500 0 -24 -12851 1 55 0
628 8 742 0 -6 -12851 0 60 0
629 8 609 0 6 -12851 0 60 0
630 8 609 0 -24 -12851 0 55 0
631 8 500 0 -24 -12851 0 60 0
632 8 609 0 24 -12851 0 55 0
633 8 1100 0 -24 -12851 0 55 0
634 12 609 742 6 -24 0 55 55
635 8 1100 0 -6 -12851 0 60 0
636 12 609 742 -6 24 0 55 51
637 8 903 0 24 -12851 0 60 0
638 8 903 0 24 -12851 0 60 0
639 8 1100 0 -6 -12851 1 60 0
640 8 903 0 -24 -12851 0 55 0
641 8 500 0 -6 -12851 1 60 0
642 8 1100 0 24 -12851 1 55 0
643 8 500 0 6 -12851 1 55 0
644 8 903 0 -24 -12851 1 55 0
645 12 1100 742 6 -24 0 55 55
646 8 1100 0 -6 -12851 0 60 0
647 8 609 0 6 -12851 1 55 0
648 12 742 1100 -6 24 0 55 55
649 12 742 500 -6 24 1 55 55
650 8 742 0 -6 -12851 0 60 0
651 8 742 0 -6 -12851 0 55 0
652 12 609 742 -6 24 0 51 51
653 8 500 0 6 -12851 1 60 0
654 12 500 742 -6 24 1 55 51
655 8 742 0 -6 -12851 1 60 0
656 12 903 742 6 -24 0 55 55
657 8 609 0 -24 -12851 1 55 0
658 12 742 903 6 -24 0 55 51
659 12 742 1100 -6 24 1 55 55
660 12 742 903 -6 24 1 51 55
661 8 609 0 -24 -12851 1 60 0
662 8 500 0 24 -12851 1 55 0
663 8 500 0 6 -12851 1 60 0
664 8 609 0 -6 -12851 1 60 0
665 12 742 609 -6 24 0 55 51
666 12 903 742 -6 24 0 51 51
667 8 742 0 24 -12851 1 55 0
668 8 609 0 24 -12851 1 60 0
669 8 903 0 -6 -12851 0 55 0
670 8 500 0 6 -12851 1 55 0
671 8 1100 0 24 -12851 1 60 0
672 8 742 0 -6 -12851 0 60 0
673 8 609 0 24 -12851 1 60 0
674 12 500 742 -6 24 0 55 55
675 8 1100 0 -24 -12851 0 55 0
676 8 1100 0 24 -12851 0 55 0
677 12 500 742 -6 24 1 55 55
678 12 742 500 -6 24 0 55 51
679 8 742 0 -6 -12851 0 55 0
680 8 903 0 -6 -12851 1 55 0
681 12 742 1100 -6 24 1 51 55
682 12 903 742 -6 24 0 51 51
683 8 500 0 -6 -12851 0 60 0
684 8 903 0 24 -12851 1 60 0
685 8 609 0 6 -12851 1 60 0
686 12 609 742 -6 24 1 55 55
687 8 609 0 -24 -12851 1 55 0
688 8 609 0 -24 -12851 0 55 0
689 8 903 0 24 -12851 1 55 0
690 12 742 1100 6 -24 1 55 55
691 8 742 0 -6 -12851 1 55 0
692 12 742 500 6 -24 1 55 55
693 8 1100 0 6 -12851 1 55 0
694 12 500 742 -6 24 1 55 55
695 12 742 500 -6 24 0 55 55
696 8 903 0 -6 -12851 0 55 0
697 8 742 0 -6 -12851 0 55 0
698 8 500 0 24 -12851 1 55 0
699 8 1100 0 6 -12851 1 60 0
700 12 1100 742 6 -24 0 51 51
701 8 500 0 -6 -12851 0 60 0
702 8 500 0 6 -12851 0 55 0
703 12 742 903 6 -24 0 51 55
704 8 903 0 -6 -12851 0 55 0
705 8 742 0 6 -12851 0 55 0
706 8 1100 0 -24 -12851 1 55 0
707 8 609 0 -6 -12851 1 55 0
708 8 1100 0 24 -12851 1 55 0
709 8 1100 0 24 -12851 1 55 0
710 8 742 0 -6 -12851 1 60 0
711 8 903 0 -6 -12851 0 55 0
712 8 500 0 -24 -12851 0 55 0
713 8 609 0 6 -12851 0 55 0
714 8 500 0 -24 -12851 1 55 0
715 8 742 0 24 -12851 1 60 0
716 12 500 742 -6 24 1 51 51
717 8 609 0 6 -12851 1 55 0
718 8 742 0 -6 -12851 0 55 0
719 8 903 0 24 -12851 0 55 0
720 8 500 0 24 -12851 0 60 0
721 12 609 742 -6 24 1 55 55
722 8 1100 0 -24 -12851 1 55 0
723 12 742 609 6 -24 1 51 51
724 12 742 609 -6 24 1 55 51
725 12 1100 742 6 -24 0 55 51
726 12 742 609 6 -24 0 51 55
727 8 1100 0 24 -12851 1 60 0
728 12 742 500 -6 24 1 55 55
729 12 742 903 6 -24 1 55 55
730 12 1100 742 6 -24 1 55 55
731 8 609 0 24 -12851 1 60 0
732 12 609 742 -6 24 0 51 51
733 12 1100 742 -6 24 1 51 51
734 12 903 742 -6 24 0 55 55
735 12 903 742 -6 24 1 51 55
736 8 903 0 24 -12851 1 55 0
737 12 903 742 -6 24 0 55 55
738 12 500 742 6 -24 1 51 55
739 12 742 1100 -6 24 0 51 51
740 12 742 1100 -6 24 0 51 55
741 12 1100 742 -6 24 0 55 51
742 8 742 0 -24 -12851 0 55 0
743 8 742 0 -24 -12851 0 60 0
744 12 742 609 -6 24 0 55 51
745 8 742 0 6 -12851 0 55 0
746 12 500 742 6 -24 0 55 51
747 8 903 0 -6 -12851 0 55 0
748 12 742 500 6 -24 0 51 55
749 12 742 903 -6 24 0 55 55
750 8 500 0 -6 -12851 0 60 0
751 8 1100 0 24 -12851 0 55 0
752 8 742 0 24 -12851 0 55 0
753 8 903 0 6 -12851 0 60 0
754 12 742 609 6 -24 0 55 51
755 12 903 742 6 -24 0 51 55
756 12 500 742 6 -24 0 51 55
757 8 609 0 6 -12851 1 55 0
758 12 742 609 -6 24 1 51 55
759 8 1100 0 24 -12851 1 55 0
760 12 500 742 -6 24 1 55 51
761 12 1100 742 -6 24 1 55 55
762 8 1100 0 -24 -12851 1 55 0
763 8 903 0 6 -12851 1 60 0
764 8 609 0 -24 -12851 1 55 0
765 12 609 742 -6 24 1 51 55
766 12 903 742 6 -24 0 51 55
767 12 1100 742 -6 24 1 51 55
768 8 500 0 24 -12851 1 55 0
769 8 609 0 -24 -12851 1 55 0
770 8 500 0 6 -12851 1 55 0
771 8 500 0 -6 -12851 1 60 0
772 8 500 0 6 -12851 1 55 0
773 8 500 0 -24 -12851 1 55 0
774 12 500 742 6 -24 1 51 55
775 8 609 0 6 -12851 1 60 0
776 8 609 0 -24 -12851 1 55 0
777 8 1100 0 -6 -12851 0 55 0
778 12 742 1100 -6 24 0 51 51
779 8 742 0 24 -12851 0 60 0
780 8 609 0 -6 -12851 1 60 0
781 8 500 0 24 -12851 1 55 0
782 8 903 0 6 -12851 0 60 0
783 8 1100 0 -24 -12851 0 55 0
784 12 609 742 -6 24 1 51 55
785 12 609 742 6 -24 0 51 51
786 8 1100 0 24 -12851 1 55 0
787 8 742 0 6 -12851 1 60 0
788 8 742 0 6 -12851 1 55 0
789 8 903 0 24 -12851 1 60 0
790 12 1100 742 -6 24 1 55 55
791 12 742 500 -6 24 1 51 55
792 12 903 742 6 -24 1 55 55
793 8 903 0 24 -12851 0 55 0
794 8 1100 0 -6 -12851 1 55 0
795 8 1100 0 24 -12851 1 60 0
796 8 903 0 6 -12851 1 55 0
797 12 742 609 6 -24 0 55 55
798 12 609 742 6 -24 1 51 55
799 8 742 0 6 -12851 0 60 0
800 12 742 903 -6 24 0 55 51
801 8 742 0 24 -12851 1 55 0
802 8 609 0 6 -12851 1 55 0
803 8 500 0 -6 -12851 0 55 0
804 8 1100 0 -24 -12851 0 60 0
805 8 500 0 -6 -12851 0 60 0
806 8 609 0 24 -12851 1 60 0
807 8 500 0 -24 -12851 0 60 0
808 8 903 0 24 -12851 1 60 0
809 8 903 0 6 -12851 1 55 0
810 12 742 609 -6 24 1 51 51
811 12 742 903 6 -24 1 51 55
812 8 742 0 6 -12851 1 60 0
813 8 609 0 -24 -12851 1 60 0
814 12 609 742 -6 24 0 51 51
815 8 1100 0 24 -12851 0 60 0
816 8 742 0 -24 -12851 0 60 0
817 8 742 0 -6 -12851 1 60 0
818 8 742 0 6 -12851 0 60 0
819 8 1100 0 6 -12851 0 60 0
820 8 1100 0 -6 -12851 0 55 0
821 8 609 0 24 -12851 0 60 0
822 8 742 0 24 -12851 0 55 0
823 8 903 0 6 -12851 0 60 0
824 12 1100 742 -6 24 0 51 51
825 8 903 0 6 -12851 0 55 0
826 8 1100 0 -24 -12851 0 60 0
827 12 609 742 6 -24 0 55 51
828 12 1100 742 -6 24 0 51 55
829 8 903 0 -6 -12851 0 55 0
830 12 609 742 6 -24 0 55 51
831 8 609 0 6 -12851 0 55 0
832 8 609 0 -24 -12851 0 55 0
833 12 609 742 6 -24 0 55 51
834 8 500 0 -6 -12851 0 60 0
835 8 500 0 24 -12851 0 55 0
836 8 500 0 24 -12851 0 60 0
837 8 903 0 6 -12851 0 60 0
838 8 903 0 24 -12851 0 60 0
839 8 742 0 24 -12851 0 60 0
840 8 500 0 -6 -12851 0 60 0
841 8 500 0 -6 -12851 0 55 0
842 8 500 0 24 -12851 0 60 0
843 12 742 903 -6 24 0 51 55
844 12 1100 742 6 -24 0 51 51
845 8 1100 0 -24 -12851 0 55 0
846 12 903 742 -6 24 0 51 55
847 8 903 0 -24 -12851 0 55 0
848 12 742 1100 -6 24 0 51 55
849 8 609 0 24 -12851 0 55 0
850 8 903 0 -24 -12851 0 55 0
851 8 742 0 6 -12851 0 60 0
852 12 742 609 -6 24 0 55 51
853 12 742 500 -6 24 0 55 55
854 12 500 742 6 -24 0 51 55
855 8 1100 0 6 -12851 0 60 0
856 8 742 0 -24 -12851 0 55 0
857 8 609 0 24 -12851 0 60 0
858 8 609 0 -24 -12851 0 55 0
859 8 1100 0 -6 -12851 0 55 0
860 8 609 0 -24 -12851 0 55 0
861 8 609 0 24 -12851 0 55 0
862 12 742 609 -6 24 0 55 55
863 8 609 0 24 -12851 0 55 0
864 8 1100 0 6 -12851 0 55 0
865 8 500 0 24 -12851 0 55 0
866 12 742 903 6 -24 0 55 51
867 8 742 0 24 -12851 0 55 0
868 8 1100 0 24 -12851 0 60 0
869 8 903 0 6 -12851 0 55 0
870 8 903 0 -6 -12851 0 60 0
871 12 742 500 -6 24 0 51 51
872 12 742 500 -6 24 0 51 51
873 12 609 742 6 -24 0 55 51
874 8 500 0 24 -12851 0 55 0
875 12 903 742 -6 24 0 55 55
876 8 609 0 6 -12851 0 55 0
877 8 500 0 -24 -12851 0 55 0
878 12 742 500 6 -24 0 55 55
879 12 742 609 -6 24 0 55 55
880 12 742 609 -6 24 0 55 51
881 8 742 0 -6 -12851 0 55 0
882 8 903 0 24 -12851 0 55 0
883 8 742 0 -6 -12851 0 60 0
884 12 609 742 -6 24 0 51 55
885 12 742 609 6 -24 0 55 51
886 12 903 742 6 -24 0 51 55
887 8 1100 0 24 -12851 0 60 0
888 8 742 0 -6 -12851 0 55 0
889 8 742 0 24 -12851 0 55 0
890 8 1100 0 24 -12851 0 60 0
891 12 500 742 6 -24 0 51 51
892 8 500 0 24 -12851 0 55 0
893 8 500 0 6 -12851 0 60 0
894 8 1100 0 24 -12851 0 60 0
895 8 500 0 -6 -12851 0 60 0
896 12 609 742 -6 24 0 55 55
897 8 903 0 6 -12851 0 60 0
898 12 742 903 6 -24 0 55 51
899 12 742 903 -6 24 0 51 55
900 8 1100 0 -24 -12851 0 55 0
901 8 609 0 24 -12851 0 55 0
902 12 742 1100 6 -24 0 51 55
903 8 903 0 -24 -12851 0 55 0
904 8 742 0 6 -12851 0 55 0
905 12 1100 742 -6 24 0 51 51
906 12 742 1100 -6 24 0 51 51
907 8 742 0 24 -12851 0 60 0
908 12 609 742 6 -24 0 51 51
909 12 903 742 6 -24 0 51 55
910 12 500 742 6 -24 0 55 51
911 12 1100 742 6 -24 0 51 51
912 12 609 742 -6 24 0 51 51
913 8 903 0 24 -12851 0 55 0
914 8 609 0 -6 -12851 0 55 0
915 12 500 742 6 -24 0 51 55
916 12 742 609 -6 24 0 55 55
917 8 609 0 6 -12851 0 55 0
918 12 609 742 6 -24 0 55 55
919 8 609 0 -24 -12851 0 55 0
920 8 609 0 24 -12851 0 60 0
921 8 609 0 6 -12851 0 55 0
922 8 1100 0 24 -12851 0 60 0
923 8 500 0 -6 -12851 0 55 0
924 12 742 609 6 -24 0 55 55
925 8 742 0 6 -12851 0 55 0
926 8 1100 0 -24 -12851 0 60 0
927 8 903 0 6 -12851 0 60 0
928 8 903 0 -6 -12851 0 55 0
929 12 609 742 6 -24 0 55 55
930 8 500 0 -24 -12851 0 55 0
931 12 742 1100 -6 24 0 51 55
932 12 500 742 6 -24 0 55 51
933 12 742 500 6 -24 0 51 51
934 8 609 0 -24 -12851 0 60 0
935 8 500 0 -24 -12851 0 55 0
936 8 742 0 24 -12851 0 60 0
937 8 903 0 -24 -12851 0 60 0
938 8 742 0 6 -12851 0 60 0
939 12 742 609 -6 24 0 55 51
940 12 903 742 -6 24 0 51 51
941 8 1100 0 -6 -12851 0 55 0
942 8 609 0 6 -12851 0 55 0
943 8 609 0 -24 -12851 0 55 0
944 12 742 609 -6 24 0 51 55
945 8 500 0 -24 -12851 0 55 0
946 8 742 0 24 -12851 0 60 0
947 8 1100 0 6 -12851 0 55 0
948 12 742 1100 6 -24 0 51 51
949 12 1100 742 -6 24 0 55 51
950 12 742 500 -6 24 0 55 55
951 8 1100 0 -6 -12851 0 55 0
952 8 903 0 -6 -12851 0 60 0
953 8 500 0 -24 -12851 0 60 0
954 8 903 0 6 -12851 0 55 0
955 8 609 0 -6 -12851 0 55 0
956 12 742 609 -6 24 0 55 55
957 8 903 0 24 -12851 0 60 0
958 12 742 500 -6 24 0 51 55
959 8 500 0 6 -12851 0 60 0
960 8 1100 0 24 -12851 0 60 0
961 8 609 0 -24 -12851 0 55 0
962 8 742 0 -24 -12851 0 55 0
963 8 742 0 -6 -12851 0 60 0
964 8 742 0 6 -12851 0 60 0
965 8 742 0 6 -12851 0 60 0
966 8 500 0 24 -12851 0 60 0
967 12 742 500 -6 24 0 55 55
968 8 609 0 6 -12851 0 55 0
969 8 742 0 -24 -12851 0 55 0
970 12 1100 742 -6 24 0 55 51
971 8 903 0 -6 -12851 0 55 0
972 12 742 903 6 -24 0 51 51
973 8 609 0 24 -12851 0 60 0
974 8 903 0 24 -12851 0 55 0
975 12 903 742 6 -24 0 55 55
976 8 500 0 -6 -12851 0 60 0
977 12 609 742 -6 24 0 51 51
978 8 500 0 6 -12851 0 60 0
979 8 609 0 -6 -12851 0 60 0
980 8 903 0 6 -12851 0 55 0
981 8 742 0 24 -12851 0 60 0
982 8 1100 0 -6 -12851 0 55 0
983 12 742 903 6 -24 0 51 51
984 8 1100 0 -6 -12851 0 55 0
985 8 1100 0 6 -12851 0 55 0
986 8 742 0 -24 -12851 0 60 0
987 12 742 1100 -6 24 0 51 51
988 8 742 0 24 -12851 0 55 0
989 12 742 500 6 -24 0 55 51
990 8 609 0 6 -12851 0 55 0
991 8 609 0 24 -12851 0 60 0
992 12 609 742 6 -24 0 55 55
993 12 742 1100 6 -24 0 55 51
994 8 500 0 -24 -12851 0 55 0
995 8 500 0 6 -12851 0 60 0
996 12 742 500 6 -24 0 55 55
997 12 903 742 -6 24 0 51 51
998 12 742 500 6 -24 0 55 55
999 8 903 0 6 -12851 0 60 0
1000 12 742 903 6 -24 0 51 55
1001 8 500 0 -24 -12851 0 55 0
1002 8 742 0 24 -12851 0 60 0
1003 8 609 0 6 -12851 0 60 0
1004 8 742 0 -24 -12851 0 60 0
1005 12 742 500 6 -24 0 51 51
1006 8 903 0 24 -12851 0 55 0
1007 8 903 0 6 -12851 0 55 0
1008 12 742 500 -6 24 0 51 55
1009 12 500 742 6 -24 0 55 51
1010 8 1100 0 24 -12851 0 60 0
1011 8 1100 0 -6 -12851 0 55 0
1012 8 1100 0 -6 -12851 0 60 0
1013 8 903 0 6 -12851 0 60 0
1014 8 903 0 6 -12851 0 60 0
1015 8 742 0 -6 -12851 0 60 0
1016 8 1100 0 24 -12851 0 55 0
1017 12 903 742 -6 24 0 51 55
1018 8 609 0 24 -12851 0 55 0
1019 12 609 742 6 -24 0 55 51
1020 12 742 1100 -6 24 0 55 55
1021 8 500 0 -24 -12851 0 55 0
1022 8 903 0 6 -12851 0 60 0
1023 8 742 0 -6 -12851 0 55 0
1024 12 1100 742 6 -24 0 55 55
1025 12 742 903 6 -24 0 51 51
1026 12 1100 742 6 -24 0 55 55
1027 12 742 500 6 -24 0 55 51
1028 12 500 742 6 -24 0 55 55
1029 12 609 742 6 -24 0 51 55
1030 8 500 0 24 -12851 0 55 0
1031 8 1100 0 -24 -12851 0 60 0
1032 12 742 609 6 -24 0 55 55
1033 8 742 0 -24 -12851 0 60 0
1034 8 500 0 -24 -12851 0 55 0
1035 12 742 1100 6 -24 0 55 55
1036 12 742 609 6 -24 0 51 51
1037 8 1100 0 -24 -12851 0 60 0
1038 8 609 0 24 -12851 0 55 0
1039 8 609 0 -24 -12851 0 55 0
1040 12 609 742 -6 24 0 51 55
1041 12 609 742 -6 24 0 55 51
1042 12 1100 742 6 -24 0 51 55
1043 8 903 0 -24 -12851 0 60 0
1044 8 903 0 -6 -12851 0 60 0
1045 8 903 0 -6 -12851 0 60 0
1046 12 1100 742 6 -24 0 55 51
1047 8 609 0 -6 -12851 0 60 0
1048 12 609 742 6 -24 0 55 55
1049 12 609 742 6 -24 0 55 55
1050 8 609 0 24 -12851 0 55 0
1051 8 500 0 -24 -12851 0 60 0
1052 8 500 0 6 -12851 0 60 0
1053 8 742 0 -24 -12851 0 55 0
1054 8 1100 0 -6 -12851 0 60 0
1055 12 609 742 -6 24 0 55 55
1056 12 742 903 6 -24 0 51 55
1057 8 903 0 24 -12851 0 60 0
1058 8 609 0 -24 -12851 0 60 0
1059 8 903 0 24 -12851 0 55 0
1060 8 742 0 6 -12851 0 55 0
1061 8 500 0 24 -12851 0 60 0
1062 8 742 0 6 -12851 0 55 0
1063 8 1100 0 24 -12851 0 60 0
1064 12 1100 742 6 -24 0 55 55
1065 8 1100 0 -6 -12851 0 55 0
1066 8 500 0 -6 -12851 0 60 0
1067 8 500 0 6 -12851 0 55 0
1068 12 742 609 -6 24 0 55 51
1069 12 742 500 6 -24 0 51 51
1070 8 903 0 -24 -12851 0 60 0
1071 12 1100 742 -6 24 0 51 51
1072 12 742 903 6 -24 0 51 55
1073 12 742 609 -6 24 0 51 55
1074 8 1100 0 -24 -12851 0 55 0
1075 8 1100 0 -6 -12851 0 60 0
1076 12 1100 742 6 -24 0 51 55
1077 8 609 0 -6 -12851 0 55 0
1078 12 742 609 -6 24 0 51 51
1079 12 742 1100 6 -24 0 51 55
1080 12 742 1100 6 -24 0 51 51
1081 12 903 742 6 -24 0 51 55
1082 8 903 0 -24 -12851 0 55 0
1083 8 903 0 -6 -12851 0 60 0
1084 8 742 0 -6 -12851 0 55 0
1085 8 609 0 6 -12851 0 60 0
1086 8 1100 0 -6 -12851 0 60 0
1087 8 742 0 -6 -12851 0 60 0
1088 8 609 0 -24 -12851 0 60 0
1089 12 609 742 -6 24 0 55 51
1090 12 742 1100 6 -24 0 51 55
1091 12 742 903 6 -24 0 55 51
1092 8 500 0 -24 -12851 0 55 0
1093 8 500 0 24 -12851 0 55 0
1094 12 742 903 -6 24 0 51 55
1095 12 742 1100 6 -24 0 55 51
1096 8 742 0 24 -12851 0 60 0
1097 8 1100 0 24 -12851 0 55 0
1098 8 1100 0 6 -12851 0 55 0
1099 12 609 742 6 -24 0 55 51
1100 8 742 0 6 -12851 0 55 0
1101 8 1100 0 -24 -12851 0 60 0
1102 8 903 0 -24 -12851 0 55 0
1103 8 609 0 -6 -12851 0 55 0
1104 8 742 0 6 -12851 0 60 0
1105 8 903 0 6 -12851 0 55 0
1106 8 500 0 -24 -12851 0 55 0
1107 12 742 903 6 -24 0 55 55
1108 8 742 0 6 -12851 0 60 0
1109 8 1100 0 24 -12851 0 55 0
1110 8 609 0 -6 -12851 0 55 0
1111 12 742 903 6 -24 0 55 55
1112 8 903 0 24 -12851 0 60 0
1113 12 500 742 -6 24 0 55 55
1114 12 500 742 6 -24 0 51 51
1115 8 500 0 24 -12851 0 55 0
1116 8 500 0 -24 -12851 0 60 0
1117 8 609 0 6 -12851 0 55 0
1118 8 609 0 24 -12851 0 60 0
1119 8 609 0 -24 -12851 0 55 0
1120 8 1100 0 -6 -12851 0 60 0
1121 8 500 0 6 -12851 0 55 0
1122 12 609 742 -6 24 0 55 51
1123 12 742 903 6 -24 0 55 51
1124 12 903 742 6 -24 0 51 55
1125 8 1100 0 -6 -12851 0 60 0
1126 8 1100 0 24 -12851 0 55 0
1127 12 742 609 -6 24 0 51 55
1128 8 609 0 -24 -12851 0 60 0
1129 8 742 0 -24 -12851 0 55 0
1130 8 500 0 -24 -12851 0 60 0
1131 8 903 0 -6 -12851 0 60 0
1132 8 500 0 -6 -12851 0 60 0
1133 8 903 0 24 -12851 0 60 0
1134 8 742 0 -24 -12851 0 55 0
1135 12 742 903 6 -24 0 51 51
1136 12 742 500 6 -24 0 51 51
1137 12 609 742 -6 24 0 51 55
1138 12 500 742 -6 24 0 55 55
1139 8 742 0 6 -12851 0 60 0
1140 8 609 0 6 -12851 0 55 0
1141 12 1100 742 -6 24 0 55 51
1142 12 500 742 -6 24 0 55 55
1143 8 903 0 -6 -12851 0 60 0
1144 12 1100 742 -6 24 0 55 55
1145 8 1100 0 -6 -12851 0 55 0
1146 12 742 1100 -6 24 0 55 55
1147 8 1100 0 24 -12851 0 55 0
1148 8 609 0 24 -12851 0 60 0
1149 12 742 1100 -6 24 0 55 51
1150 8 903 0 -24 -12851 0 60 0
1151 12 742 1100 -6 24 0 55 51
1152 8 500 0 6 -12851 0 55 0
1153 8 500 0 -6 -12851 0 55 0
1154 12 500 742 6 -24 0 51 55
1155 8 1100 0 -6 -12851 0 55 0
1156 12 609 742 -6 24 0 55 55
1157 12 1100 742 -6 24 0 55 55
1158 8 903 0 -24 -12851 0 55 0
1159 12 742 500 -6 24 0 55 51
1160 8 1100 0 24 -12851 0 55 0
1161 8 609 0 24 -12851 0 60 0
1162 8 609 0 -24 -12851 0 60 0
1163 12 903 742 -6 24 0 51 51
1164 8 903 0 6 -12851 0 60 0
1165 8 500 0 6 -12851 0 55 0
1166 8 742 0 -24 -12851 0 60 0
1167 8 742 0 24 -12851 0 60 0
1168 8 742 0 -6 -12851 0 60 0
1169 8 609 0 6 -12851 0 55 0
1170 12 742 609 6 -24 0 51 51
1171 12 742 1100 6 -24 0 55 51
1172 8 609 0 24 -12851 0 55 0
1173 8 500 0 -24 -12851 0 60 0
1174 8 1100 0 -6 -12851 0 55 0
1175 12 609 742 -6 24 0 55 55
1176 8 1100 0 6 -12851 0 60 0
1177 8 500 0 -6 -12851 0 60 0
1178 8 742 0 24 -12851 0 55 0
1179 12 609 742 6 -24 0 51 51
1180 8 500 0 -24 -12851 0 60 0
1181 12 609 742 6 -24 0 51 55
1182 12 742 500 6 -24 0 51 55
1183 8 903 0 24 -12851 0 55 0
1184 12 500 742 -6 24 0 51 55
1185 8 609 0 24 -12851 0 60 0
1186 8 903 0 -6 -12851 0 55 0
1187 8 903 0 -24 -12851 0 60 0
1188 8 1100 0 6 -12851 0 55 0
1189 8 742 0 -24 -12851 0 60 0
1190 8 742 0 6 -12851 0 55 0
1191 12 500 742 6 -24 0 51 51
1192 8 609 0 6 -12851 0 55 0
1193 8 500 0 -24 -12851 0 55 0
1194 8 500 0 -6 -12851 0 55 0
1195 8 1100 0 6 -12851 0 55 0
1196 12 903 742 -6 24 0 51 51
1197 8 609 0 24 -12851 0 60 0
1198 8 1100 0 -24 -12851 0 55 0
1199 12 609 742 6 -24 0 55 51
1200 12 742 500 6 -24 0 55 51
1201 12 742 903 6 -24 0 51 51
1202 8 903 0 -24 -12851 0 60 0
1203 12 742 500 6 -24 0 55 55
1204 8 609 0 6 -12851 0 60 0
1205 8 500 0 -24 -12851 0 60 0
1206 12 609 742 -6 24 0 55 51
1207 8 609 0 6 -12851 0 60 0
1208 8 500 0 -24 -12851 0 60 0
1209 8 1100 0 24 -12851 0 55 0
1210 8 903 0 -6 -12851 0 55 0
1211 8 742 0 6 -12851 0 55 0
1212 12 1100 742 6 -24 0 51 55
1213 12 742 1100 6 -24 0 55 55
1214 8 742 0 6 -12851 0 55 0
1215 12 742 903 -6 24 0 51 51
1216 8 742 0 24 -12851 0 55 0
1217 8 903 0 24 -12851 0 55 0
1218 12 742 903 6 -24 0 55 55
1219 8 500 0 6 -12851 0 60 0
1220 12 742 903 -6 24 0 51 55
1221 8 500 0 6 -12851 0 60 0
1222 8 742 0 24 -12851 0 55 0
1223 8 742 0 -6 -12851 0 55 0
1224 12 742 609 -6 24 0 55 51
1225 8 609 0 24 -12851 0 55 0
1226 8 1100 0 -24 -12851 0 55 0
1227 12 742 903 6 -24 0 55 51
1228 8 903 0 6 -12851 0 60 0
1229 8 1100 0 6 -12851 0 55 0
1230 12 1100 742 -6 24 0 51 51
1231 8 742 0 24 -12851 0 60 0
1232 8 609 0 -24 -12851 0 60 0
1233 12 1100 742 -6 24 0 51 55
1234 12 742 500 6 -24 0 51 55
1235 8 1100 0 6 -12851 0 60 0
1236 8 500 0 -24 -12851 0 60 0
1237 8 903 0 -6 -12851 0 60 0
1238 8 609 0 24 -12851 0 60 0
1239 12 1100 742 -6 24 0 55 51
1240 12 742 903 6 -24 0 55 55
1241 8 500 0 24 -12851 0 55 0
1242 12 903 742 -6 24 0 55 51
1243 8 903 0 -24 -12851 0 60 0
1244 12 500 742 -6 24 0 51 51
1245 12 742 903 -6 24 0 51 55
1246 8 903 0 6 -12851 0 55 0
1247 12 742 903 6 -24 0 51 51
1248 12 903 742 6 -24 0 55 51
1249 8 903 0 6 -12851 0 60 0
1250 8 500 0 -24 -12851 0 60 0
1251 8 903 0 24 -12851 0 60 0
1252 12 742 1100 -6 24 0 55 55
1253 8 742 0 -24 -12851 0 55 0
1254 12 742 1100 6 -24 0 55 51
1255 8 500 0 6 -12851 0 60 0
1256 8 609 0 6 -12851 0 55 0
1257 12 500 742 -6 24 0 55 51
1258 8 609 0 -24 -12851 0 60 0
1259 8 609 0 -6 -12851 0 55 0
1260 8 1100 0 6 -12851 0 55 0
1261 8 500 0 24 -12851 0 55 0
1262 8 903 0 -6 -12851 0 55 0
1263 8 1100 0 -6 -12851 0 55 0
1264 12 742 500 6 -24 0 51 51
1265 12 1100 742 -6 24 0 51 55
1266 8 742 0 -24 -12851 0 60 0
1267 8 742 0 6 -12851 0 60 0
1268 12 742 1100 6 -24 0 51 55
1269 12 500 742 -6 24 0 51 55
1270 8 1100 0 6 -12851 0 55 0
1271 8 609 0 24 -12851 0 60 0
1272 8 609 0 -6 -12851 0 60 0
1273 8 742 0 24 -12851 0 60 0
1274 8 1100 0 -24 -12851 0 55 0
1275 8 742 0 -24 -12851 0 55 0
1276 12 742 500 6 -24 0 51 55
1277 8 609 0 6 -12851 0 55 0
1278 8 903 0 24 -12851 0 55 0
1279 8 609 0 -6 -12851 0 55 0
1280 8 1100 0 6 -12851 0 60 0
1281 8 903 0 -24 -12851 0 55 0
1282 12 500 742 -6 24 0 55 55
1283 12 742 609 6 -24 0 51 55
1284 8 1100 0 6 -12851 0 60 0
1285 8 500 0 24 -12851 0 55 0
1286 8 903 0 -6 -12851 0 55 0
1287 8 500 0 -6 -12851 0 60 0
1288 8 742 0 24 -12851 0 60 0
1289 12 742 903 -6 24 0 55 51
1290 8 500 0 -24 -12851 0 55 0
1291 8 742 0 -6 -12851 0 55 0
1292 8 742 0 24 -12851 0 55 0
1293 8 609 0 24 -12851 0 55 0
1294 8 609 0 -6 -12851 0 55 0
1295 12 500 742 -6 24 0 51 55
1296 12 903 742 -6 24 0 51 51
1297 8 500 0 -6 -12851 0 60 0
1298 8 500 0 -24 -12851 0 55 0
1299 8 903 0 -24 -12851 0 60 0
1300 8 500 0 -24 -12851 0 60 0
1301 8 742 0 24 -12851 0 55 0
1302 12 609 742 6 -24 0 51 55
1303 8 609 0 6 -12851 0 60 0
1304 8 742 0 -6 -12851 0 60 0
1305 8 903 0 -24 -12851 0 60 0
1306 8 903 0 -6 -12851 0 55 0
1307 8 1100 0 6 -12851 0 60 0
1308 12 500 742 -6 24 0 51 55
1309 12 742 903 -6 24 0 51 55
1310 12 742 500 -6 24 0 51 55
1311 8 1100 0 24 -12851 0 60 0
1312 8 1100 0 6 -12851 0 55 0
1313 12 742 500 -6 24 0 51 55
1314 8 1100 0 6 -12851 0 60 0
1315 12 742 1100 -6 24 0 51 51
1316 12 742 609 -6 24 0 51 51
1317 8 1100 0 6 -12851 0 60 0
1318 8 742 0 24 -12851 0 60 0
1319 8 609 0 24 -12851 0 60 0
1320 8 500 0 -6 -12851 0 60 0
1321 8 500 0 -6 -12851 0 60 0
1322 8 903 0 24 -12851 0 60 0
1323 12 742 1100 6 -24 0 51 51
1324 8 903 0 6 -12851 0 55 0
1325 8 742 0 6 -12851 0 60 0
1326 12 742 609 -6 24 0 55 51
1327 12 1100 742 -6 24 0 55 51
1328 8 1100 0 -24 -12851 0 55 0
1329 8 903 0 6 -12851 0 60 0
1330 12 742 903 -6 24 0 51 51
1331 12 742 609 -6 24 0 51 51
1332 8 500 0 24 -12851 0 60 0
1333 12 742 903 -6 24 0 51 55
1334 8 1100 0 -24 -12851 0 60 0
1335 8 742 0 -24 -12851 0 55 0
1336 12 742 903 -6 24 0 55 51
1337 8 609 0 24 -12851 0 60 0
1338 12 742 609 6 -24 0 55 55
1339 8 609 0 6 -12851 0 60 0
1340 8 903 0 24 -12851 0 60 0
1341 8 903 0 -24 -12851 0 60 0
1342 8 1100 0 24 -12851 0 60 0
1343 12 742 903 6 -24 0 55 55
1344 12 500 742 6 -24 0 51 51
1345 12 742 609 6 -24 0 51 55
1346 8 742 0 6 -12851 0 55 0
1347 8 742 0 24 -12851 0 60 0
1348 12 742 1100 -6 24 0 55 55
1349 8 609 0 24 -12851 0 55 0
1350 8 609 0 6 -12851 0 55 0
1351 8 742 0 -24 -12851 0 60 0
1352 8 903 0 -24 -12851 0 60 0
1353 12 609 742 6 -24 0 55 55
1354 8 1100 0 -24 -12851 0 55 0
1355 8 1100 0 6 -12851 0 60 0
1356 8 903 0 -6 -12851 0 55 0
1357 8 500 0 6 -12851 0 55 0
1358 12 742 609 6 -24 0 55 55
1359 8 500 0 -24 -12851 0 60 0
1360 8 609 0 6 -12851 0 55 0
1361 8 500 0 -24 -12851 0 60 0
1362 8 903 0 -6 -12851 0 60 0
1363 12 609 742 -6 24 0 51 55
1364 8 903 0 24 -12851 0 55 0
1365 8 1100 0 -24 -12851 0 60 0
1366 8 742 0 6 -12851 0 55 0
1367 8 742 0 -24 -12851 0 55 0
1368 12 500 742 -6 24 0 51 51
1369 12 903 742 6 -24 0 51 51
1370 12 742 609 -6 24 0 51 51
1371 8 903 0 6 -12851 0 55 0
1372 8 500 0 6 -12851 0 55 0
1373 12 742 1100 -6 24 0 55 55
1374 12 609 742 6 -24 0 55 51
1375 8 609 0 6 -12851 0 60 0
1376 8 500 0 24 -12851 0 55 0
1377 8 903 0 -6 -12851 0 55 0
1378 8 1100 0 -6 -12851 0 55 0
1379 8 742 0 6 -12851 0 55 0
1380 12 609 742 6 -24 0 55 55
1381 12 1100 742 -6 24 0 55 51
1382 8 609 0 -24 -12851 0 55 0
1383 12 742 1100 -6 24 0 51 51
1384 8 500 0 -24 -12851 0 55 0
1385 8 1100 0 -24 -12851 0 55 0
1386 12 742 1100 6 -24 0 51 55
1387 8 609 0 -6 -12851 0 55 0
1388 12 742 609 -6 24 0 55 55
1389 12 903 742 -6 24 0 51 55
1390 12 500 742 6 -24 0 51 55
1391 8 1100 0 6 -12851 0 55 0
1392 12 500 742 -6 24 0 51 51
1393 8 1100 0 24 -12851 0 55 0
1394 8 903 0 24 -12851 0 60 0
1395 8 500 0 -24 -12851 0 60 0
1396 8 1100 0 -24 -12851 0 55 0
1397 12 742 500 6 -24 0 51 55
1398 8 500 0 -24 -12851 0 55 0
1399 8 903 0 -6 -12851 0 60 0
1400 8 1100 0 24 -12851 0 60 0
1401 8 500 0 24 -12851 0 55 0
1402 8 903 0 -6 -12851 0 55 0
1403 12 742 903 6 -24 0 55 55
1404 8 609 0 6 -12851 0 55 0
1405 8 609 0 -24 -12851 0 60 0
1406 12 500 742 6 -24 0 51 55
1407 12 903 742 6 -24 0 55 51
1408 8 742 0 -24 -12851 0 60 0
1409 12 742 500 6 -24 0 55 55
1410 12 1100 742 -6 24 0 55 55
1411 8 609 0 24 -12851 0 60 0
1412 12 742 500 6 -24 0 55 55
1413 8 742 0 6 -12851 0 60 0
1414 12 742 609 -6 24 0 55 51
1415 8 742 0 6 -12851 0 55 0
1416 12 903 742 -6 24 0 51 55
1417 8 609 0 24 -12851 0 60 0
1418 8 609 0 -6 -12851 0 55 0
1419 12 742 1100 -6 24 0 51 51
1420 12 742 903 6 -24 0 55 51
1421 8 609 0 -6 -12851 0 55 0
1422 12 742 609 -6 24 0 51 55
1423 8 1100 0 24 -12851 0 55 0
1424 8 742 0 -6 -12851 0 55 0
1425 8 742 0 24 -12851 0 60 0
1426 12 742 903 -6 24 0 55 51
1427 8 500 0 6 -12851 0 60 0
1428 8 609 0 24 -12851 0 60 0
1429 8 903 0 6 -12851 0 55 0
1430 8 742 0 -24 -12851 0 55 0
1431 12 500 742 6 -24 0 51 55
1432 8 903 0 -24 -12851 0 55 0
1433 8 1100 0 -6 -12851 0 60 0
1434 8 903 0 24 -12851 0 60 0
1435 12 742 609 -6 24 0 51 51
1436 8 500 0 -6 -12851 0 60 0
1437 12 742 1100 6 -24 0 51 55
1438 8 1100 0 -24 -12851 0 55 0
1439 12 903 742 -6 24 0 55 51
1440 12 903 742 -6 24 0 51 51
1441 12 742 609 6 -24 0 51 55
1442 8 500 0 -6 -12851 0 55 0
1443 8 1100 0 24 -12851 0 55 0
1444 12 742 500 6 -24 0 51 55
1445 12 742 903 6 -24 0 51 55
1446 12 742 500 6 -24 0 51 51
1447 12 742 903 6 -24 0 51 51
1448 8 1100 0 -24 -12851 0 60 0
1449 8 903 0 24 -12851 0 55 0
1450 8 500 0 -6 -12851 0 60 0
1451 12 500 742 6 -24 0 51 51
1452 8 1100 0 -24 -12851 0 55 0
1453 8 500 0 24 -12851 0 60 0
1454 8 903 0 -24 -12851 0 60 0
1455 8 1100 0 6 -12851 0 55 0
1456 12 742 609 6 -24 0 51 55
1457 12 742 903 -6 24 0 51 51
1458 8 500 0 -6 -12851 0 55 0
1459 8 903 0 6 -12851 0 55 0
1460 8 609 0 24 -12851 0 55 0
1461 12 742 1100 -6 24 0 55 55
1462 8 609 0 6 -12851 0 55 0
1463 12 903 742 -6 24 0 51 51
1464 12 500 742 6 -24 0 55 51
1465 8 742 0 -6 -12851 0 60 0
1466 8 609 0 -24 -12851 0 55 0
1467 8 742 0 6 -12851 0 55 0
1468 8 742 0 -24 -12851 0 60 0
1469 12 742 903 6 -24 0 55 51
1470 8 903 0 24 -12851 0 55 0
1471 12 742 500 6 -24 0 55 55
1472 8 903 0 24 -12851 0 60 0
1473 12 609 742 -6 24 0 55 55
1474 12 1100 742 6 -24 0 51 55
1475 12 742 903 6 -24 0 51 55
1476 12 742 1100 -6 24 0 55 55
1477 12 1100 742 -6 24 0 55 55
1478 8 1100 0 6 -12851 0 55 0
1479 12 500 742 -6 24 0 55 51
1480 8 609 0 6 -12851 0 60 0
1481 12 1100 742 -6 24 0 51 55
1482 8 1100 0 -24 -12851 0 60 0
1483 12 1100 742 -6 24 0 51 51
1484 12 609 742 -6 24 0 51 55
1485 8 609 0 -6 -12851 0 60 0
1486 8 500 0 6 -12851 0 55 0
1487 8 903 0 6 -12851 0 60 0
1488 8 903 0 -6 -12851 0 55 0
1489 8 1100 0 24 -12851 0 60 0
1490 12 742 500 6 -24 0 51 55
1491 12 742 1100 -6 24 0 51 51
1492 8 742 0 -6 -12851 0 55 0
1493 8 742 0 24 -12851 0 60 0
1494 8 609 0 -6 -12851 0 55 0
1495 8 742 0 24 -12851 0 55 0
1496 8 500 0 -6 -12851 0 55 0
1497 12 742 500 6 -24 0 51 51
1498 12 742 903 6 -24 0 51 55
1499 12 742 1100 6 -24 0 55 55
1500 12 500 742 6 -24 0 51 55
1501 12 500 742 -6 24 0 55 55
1502 12 609 742 6 -24 0 55 55
1503 8 500 0 -24 -12851 0 55 0
1504 12 742 1100 -6 24 0 55 55
1505 12 609 742 6 -24 0 51 51
1506 12 609 742 -6 24 0 55 51
1507 8 500 0 6 -12851 0 55 0
1508 12 742 1100 6 -24 0 55 55
1509 12 742 1100 6 -24 0 55 51
1510 8 500 0 -6 -12851 0 60 0
1511 12 500 742 6 -24 0 51 51
1512 8 742 0 -6 -12851 0 55 0
1513 8 500 0 24 -12851 0 55 0
1514 12 742 903 -6 24 0 55 55
1515 12 742 500 6 -24 0 51 55
1516 8 609 0 6 -12851 0 60 0
1517 12 903 742 -6 24 0 55 55
1518 8 609 0 -24 -12851 0 60 0
1519 8 609 0 -6 -12851 0 55 0
1520 8 500 0 -24 -12851 0 55 0
1521 12 742 903 -6 24 0 51 55
1522 8 1100 0 -24 -12851 0 60 0
1523 8 742 0 -6 -12851 0 60 0
1524 8 742 0 -24 -12851 0 55 0
1525 8 903 0 -6 -12851 0 55 0
1526 8 1100 0 24 -12851 0 60 0
1527 12 742 500 6 -24 0 55 51
1528 8 1100 0 6 -12851 0 55 0
1529 8 903 0 -6 -12851 0 55 0
1530 8 903 0 24 -12851 0 55 0
1531 12 742 609 6 -24 0 55 51
1532 8 500 0 24 -12851 0 55 0
1533 12 609 742 -6 24 0 55 55
1534 12 742 903 6 -24 0 51 55
1535 8 500 0 24 -12851 0 60 0
1536 12 609 742 6 -24 0 51 51
1537 8 742 0 -6 -12851 0 60 0
1538 8 500 0 -24 -12851 0 60 0
1539 12 500 742 6 -24 0 55 55
1540 8 609 0 -24 -12851 0 55 0
1541 12 742 903 6 -24 0 51 55
1542 12 742 1100 6 -24 0 55 51
1543 12 742 609 6 -24 0 51 51
1544 12 742 903 6 -24 0 55 55
1545 12 742 500 -6 24 0 51 51
1546 12 742 609 -6 24 0 51 55
1547 8 609 0 6 -12851 0 60 0
1548 8 609 0 6 -12851 0 55 0
1549 12 609 742 -6 24 0 51 55
1550 12 903 742 -6 24 0 51 51
1551 8 500 0 6 -12851 0 60 0
1552 8 1100 0 6 -12851 0 55 0
1553 8 742 0 -6 -12851 0 55 0
1554 8 742 0 24 -12851 0 55 0
1555 8 903 0 6 -12851 0 60 0
1556 12 742 609 -6 24 0 51 55
1557 8 1100 0 24 -12851 0 60 0
1558 12 742 1100 -6 24 0 55 51
1559 8 1100 0 -24 -12851 0 55 0
1560 12 1100 742 -6 24 0 51 51
1561 12 742 1100 6 -24 0 51 51
1562 12 742 500 -6 24 0 55 55
1563 8 903 0 -6 -12851 0 55 0
1564 12 1100 742 -6 24 0 55 51
1565 8 903 0 24 -12851 0 55 0
1566 8 609 0 -6 -12851 0 55 0
1567 8 609 0 -24 -12851 0 60 0
1568 8 500 0 24 -12851 0 55 0
1569 12 1100 742 -6 24 0 55 55
1570 8 1100 0 6 -12851 0 60 0
1571 8 1100 0 -24 -12851 0 55 0
1572 12 742 500 6 -24 0 51 51
1573 8 500 0 24 -12851 0 55 0
1574 12 500 742 -6 24 0 55 51
1575 12 903 742 -6 24 0 51 51
1576 12 742 609 -6 24 0 51 55
1577 8 742 0 6 -12851 0 55 0
1578 8 500 0 -24 -12851 0 55 0
1579 8 903 0 6 -12851 0 55 0
1580 12 742 609 6 -24 0 55 55
1581 8 609 0 24 -12851 0 55 0
1582 8 903 0 -6 -12851 0 60 0
1583 8 903 0 -6 -12851 1 55 0
1584 12 742 609 6 -24 0 55 55
1585 8 1100 0 -24 -12851 0 60 0
1586 8 742 0 24 -12851 0 55 0
1587 8 742 0 24 -12851 0 60 0
1588 8 609 0 6 -12851 0 55 0
1589 8 1100 0 6 -12851 0 60 0
1590 12 742 609 6 -24 0 55 55
1591 8 1100 0 -24 -12851 0 55 0
1592 8 742 0 24 -12851 1 60 0
1593 8 903 0 6 -12851 1 55 0
1594 8 500 0 -6 -12851 1 60 0
1595 12 742 609 -6 24 1 51 55
1596 12 500 742 -6 24 1 51 51
1597 8 609 0 -6 -12851 1 55 0
1598 12 1100 742 6 -24 0 55 51
1599 8 500 0 -6 -12851 0 55 0
1600 12 742 903 -6 24 0 51 55
1601 8 742 0 -6 -12851 1 55 0
1602 8 609 0 -24 -12851 1 60 0
1603 12 742 500 6 -24 0 55 51
1604 8 742 0 6 -12851 1 60 0
1605 8 903 0 -24 -12851 0 55 0
1606 8 500 0 24 -12851 1 60 0
1607 12 742 609 6 -24 0 51 51
1608 12 742 500 6 -24 0 51 51
1609 8 1100 0 -6 -12851 1 55 0
1610 12 742 903 -6 24 1 55 55
1611 8 1100 0 -24 -12851 1 60 0
1612 8 609 0 -6 -12851 1 55 0
1613 8 903 0 -6 -12851 1 55 0
1614 8 742 0 6 -12851 1 60 0
1615 12 742 1100 -6 24 1 55 51
1616 12 742 500 6 -24 0 55 51
1617 8 742 0 24 -12851 1 55 0
1618 12 742 609 -6 24 1 51 51
1619 8 742 0 -6 -12851 1 55 0
1620 8 1100 0 6 -12851 1 60 0
1621 8 1100 0 6 -12851 1 55 0
1622 8 903 0 -24 -12851 0 55 0
1623 8 500 0 -24 -12851 1 60 0
1624 12 742 500 -6 24 0 55 55
1625 12 742 609 -6 24 0 51 51
1626 12 742 903 -6 24 0 55 51
1627 8 742 0 6 -12851 0 60 0
1628 12 742 903 6 -24 0 51 51
1629 12 742 500 -6 24 0 51 55
1630 8 1100 0 6 -12851 0 55 0
1631 8 609 0 24 -12851 1 60 0
1632 8 500 0 24 -12851 0 55 0
1633 12 742 1100 -6 24 1 55 55
1634 12 742 500 -6 24 1 51 55
1635 8 500 0 -24 -12851 1 60 0
1636 12 742 500 6 -24 1 51 55
1637 8 609 0 6 -12851 1 60 0
1638 8 903 0 24 -12851 0 55 0
1639 12 742 609 6 -24 1 55 55
1640 8 903 0 24 -12851 0 60 0
1641 12 742 609 -6 24 0 55 51
1642 12 742 500 6 -24 0 55 55
1643 8 609 0 -24 -12851 0 60 0
1644 8 500 0 6 -12851 1 55 0
1645 12 742 500 6 -24 0 55 55
1646 12 742 609 -6 24 1 55 51
1647 12 1100 742 -6 24 0 55 51
1648 12 742 1100 6 -24 0 51 55
1649 12 742 1100 6 -24 1 55 51
1650 12 1100 742 -6 24 1 55 51
1651 8 500 0 24 -12851 1 55 0
1652 8 1100 0 -6 -12851 0 55 0
1653 8 609 0 -24 -12851 1 55 0
1654 12 1100 742 -6 24 1 51 51
1655 12 742 903 6 -24 0 51 55
1656 8 1100 0 24 -12851 1 55 0
1657 8 903 0 6 -12851 1 60 0
1658 8 609 0 6 -12851 0 55 0
1659 12 742 1100 -6 24 1 51 55
1660 12 903 742 6 -24 0 55 51
1661 8 500 0 24 -12851 1 60 0
1662 8 609 0 -6 -12851 1 60 0
1663 8 500 0 -6 -12851 0 55 0
1664 12 1100 742 -6 24 0 51 55
1665 8 1100 0 -24 -12851 1 60 0
1666 8 903 0 6 -12851 0 60 0
1667 8 742 0 24 -12851 1 60 0
1668 12 903 742 -6 24 1 55 55
1669 8 742 0 24 -12851 1 60 0
1670 8 742 0 6 -12851 0 60 0
1671 8 903 0 -24 -12851 1 60 0
1672 8 609 0 6 -12851 1 55 0
1673 12 903 742 6 -24 0 55 55
1674 8 609 0 -6 -12851 1 60 0
1675 8 609 0 -6 -12851 0 55 0
1676 8 609 0 6 -12851 1 60 0
1677 12 1100 742 6 -24 1 51 51
1678 12 742 1100 6 -24 1 51 51
1679 12 742 609 -6 24 1 51 51
1680 12 742 903 6 -24 1 55 55
1681 8 742 0 -24 -12851 1 60 0
1682 8 1100 0 -6 -12851 1 60 0
1683 12 609 742 6 -24 1 55 55
1684 12 742 609 6 -24 0 55 51
1685 12 742 609 -6 24 0 51 51
1686 8 500 0 24 -12851 0 55 0
1687 8 1100 0 -24 -12851 0 60 0
1688 12 903 742 -6 24 0 51 51
1689 8 500 0 24 -12851 1 55 0
1690 12 609 742 6 -24 1 55 55
1691 12 742 500 -6 24 0 51 55
1692 8 1100 0 24 -12851 1 55 0
1693 8 742 0 6 -12851 1 60 0
1694 8 903 0 -24 -12851 1 60 0
1695 12 903 742 6 -24 1 51 51
1696 8 903 0 24 -12851 1 60 0
1697 8 903 0 -24 -12851 1 60 0
1698 8 742 0 -6 -12851 1 55 0
1699 8 500 0 6 -12851 1 55 0
1700 8 903 0 6 -12851 1 55 0
1701 8 903 0 -6 -12851 0 55 0
1702 8 1100 0 24 -12851 1 60 0
1703 8 742 0 6 -12851 0 60 0
1704 12 903 742 6 -24 0 55 55
1705 12 1100 742 -6 24 1 51 51
1706 12 742 1100 6 -24 0 55 51
1707 8 742 0 -24 -12851 1 55 0
1708 12 609 742 6 -24 0 55 55
1709 12 742 500 6 -24 1 51 55
1710 8 609 0 -6 -12851 1 55 0
1711 8 609 0 -6 -12851 1 55 0
1712 12 742 609 6 -24 0 55 55
1713 8 742 0 6 -12851 1 55 0
1714 8 903 0 6 -12851 1 55 0
1715 8 1100 0 -6 -12851 0 55 0
1716 12 742 500 -6 24 1 55 51
1717 12 903 742 -6 24 1 55 51
1718 12 742 500 -6 24 1 51 51
1719 8 1100 0 -6 -12851 0 60 0
1720 12 742 903 6 -24 0 51 51
1721 12 903 742 6 -24 0 55 51
1722 12 609 742 -6 24 1 51 51
1723 8 903 0 24 -12851 1 55 0
1724 12 742 1100 6 -24 1 55 55
1725 8 500 0 -6 -12851 1 55 0
1726 12 742 609 6 -24 0 51 55
1727 12 500 742 6 -24 0 51 55
1728 12 742 500 -6 24 1 51 51
1729 8 500 0 -6 -12851 1 55 0
1730 12 903 742 -6 24 0 51 55
1731 12 742 1100 6 -24 1 51 51
1732 8 609 0 24 -12851 1 60 0
1733 12 1100 742 -6 24 1 51 55
1734 8 500 0 6 -12851 1 60 0
1735 12 500 742 6 -24 1 51 55
1736 12 742 903 6 -24 0 51 55
1737 8 903 0 -24 -12851 1 60 0
1738 8 903 0 6 -12851 1 55 0
1739 8 1100 0 -6 -12851 1 55 0
1740 8 609 0 -6 -12851 0 60 0
1741 12 742 1100 6 -24 0 51 51
1742 12 903 742 -6 24 1 55 51
1743 12 609 742 6 -24 0 55 55
1744 8 1100 0 24 -12851 1 60 0
1745 8 609 0 24 -12851 0 55 0
1746 12 742 903 -6 24 0 51 51
1747 12 742 500 6 -24 0 51 55
1748 12 742 903 6 -24 0 51 55
1749 12 742 903 6 -24 0 55 55
1750 8 500 0 24 -12851 0 60 0
1751 8 903 0 -6 -12851 0 55 0
1752 12 742 500 -6 24 1 55 55
1753 8 903 0 -6 -12851 0 55 0
1754 12 742 500 6 -24 0 55 55
1755 8 1100 0 -24 -12851 1 60 0
1756 12 742 1100 6 -24 1 55 55
1757 8 742 0 -6 -12851 1 60 0
1758 8 742 0 -24 -12851 0 55 0
1759 8 609 0 6 -12851 1 60 0
1760 12 742 903 6 -24 1 51 55
1761 8 742 0 24 -12851 0 55 0
1762 8 500 0 -6 -12851 1 60 0
1763 12 903 742 6 -24 0 55 51
1764 8 500 0 6 -12851 1 55 0
1765 8 742 0 -24 -12851 1 60 0
1766 12 742 609 -6 24 0 51 55
1767 12 742 1100 6 -24 0 55 55
1768 8 742 0 6 -12851 0 60 0
1769 12 742 500 -6 24 0 51 51
1770 8 903 0 -6 -12851 0 60 0
1771 8 903 0 6 -12851 0 55 0
1772 8 742 0 24 -12851 0 60 0
1773 8 1100 0 6 -12851 0 55 0
1774 8 903 0 6 -12851 0 55 0
1775 8 500 0 -24 -12851 1 60 0
1776 8 500 0 -24 -12851 1 55 0
1777 8 742 0 -24 -12851 1 55 0
1778 8 609 0 24 -12851 1 60 0
1779 8 609 0 -6 -12851 0 60 0
1780 8 500 0 24 -12851 0 60 0
1781 8 609 0 -24 -12851 0 60 0
1782 8 1100 0 6 -12851 0 60 0
1783 8 1100 0 -24 -12851 0 55 0
1784 12 500 742 6 -24 0 51 55
1785 8 903 0 -6 -12851 0 55 0
