280 8 1100 0 -6 -12851 1 55 0
281 8 903 0 6 -12851 1 60 0
282 8 742 0 24 -12851 0 55 0
283 12 742 500 6 -24 1 51 55
284 12 609 742 6 -24 1 51 51
285 8 1100 0 -24 -12851 1 55 0
286 8 1100 0 6 -12851 1 55 0
287 12 1100 742 6 -24 0 55 55
288 12 903 742 -6 24 1 51 55
289 12 903 742 -6 24 0 51 55
290 8 609 0 -6 -12851 1 60 0
291 8 609 0 -24 -12851 1 60 0
292 8 903 0 -6 -12851 1 55 0
293 12 903 742 6 -24 0 51 51
294 8 609 0 24 -12851 0 60 0
295 12 609 742 6 -24 1 51 55
296 8 1100 0 -6 -12851 1 55 0
297 8 1100 0 -24 -12851 1 55 0
298 8 609 0 24 -12851 1 60 0
299 8 500 0 6 -12851 1 55 0
300 12 742 903 -6 24 0 51 51
301 12 500 742 6 -24 0 51 51
302 8 903 0 -6 -12851 1 60 0
303 8 609 0 24 -12851 1 55 0
304 8 903 0 6 -12851 1 60 0
305 8 742 0 24 -12851 1 55 0
306 8 903 0 6 -12851 0 55 0
307 8 1100 0 -24 -12851 1 55 0
308 12 742 903 -6 24 0 55 55
309 8 500 0 -6 -12851 1 60 0
310 12 742 1100 -6 24 0 51 51
311 12 742 609 -6 24 0 55 55
312 8 500 0 24 -12851 1 60 0
313 8 742 0 -24 -12851 1 55 0
314 8 609 0 -6 -12851 0 55 0
315 8 742 0 -24 -12851 1 60 0
316 8 1100 0 -6 -12851 1 60 0
317 8 1100 0 24 -12851 1 55 0
318 8 1100 0 6 -12851 1 55 0
319 12 742 903 -6 24 1 55 51
320 12 609 742 6 -24 0 51 51
321 12 742 903 -6 24 0 51 55
322 8 742 0 6 -12851 1 55 0
323 12 500 742 6 -24 0 51 51
324 8 1100 0 -6 -12851 0 55 0
325 8 500 0 6 -12851 1 55 0
326 12 500 742 -6 24 0 55 51
327 8 1100 0 6 -12851 1 55 0
328 8 609 0 24 -12851 1 55 0
329 12 500 742 -6 24 0 55 55
330 8 903 0 24 -12851 1 60 0
331 12 742 609 -6 24 0 55 55
332 12 742 903 6 -24 1 55 55
333 12 500 742 6 -24 1 55 55
334 12 1100 742 6 -24 1 55 51
335 12 500 742 -6 24 0 55 55
336 8 500 0 -24 -12851 1 60 0
337 12 609 742 -6 24 0 51 55
338 8 500 0 -6 -12851 0 60 0
339 12 742 903 -6 24 0 55 55
340 12 903 742 -6 24 0 55 55
341 12 903 742 -6 24 0 55 51
342 8 609 0 -6 -12851 1 55 0
343 8 903 0 24 -12851 1 55 0
344 8 742 0 -6 -12851 1 60 0
345 8 742 0 24 -12851 1 55 0
346 8 903 0 -24 -12851 0 60 0
347 12 742 500 -6 24 0 55 51
348 8 609 0 -6 -12851 1 55 0
349 12 500 742 -6 24 0 51 51
350 8 1100 0 -24 -12851 1 55 0
351 12 1100 742 6 -24 1 51 55
352 12 742 609 -6 24 0 51 51
353 12 742 903 -6 24 1 51 55
354 8 1100 0 -24 -12851 1 55 0
355 8 1100 0 -6 -12851 1 55 0
356 12 1100 742 -6 24 0 51 55
357 8 500 0 24 -12851 1 55 0
358 8 609 0 -6 -12851 0 55 0
359 8 609 0 -6 -12851 1 60 0
360 8 500 0 -24 -12851 0 60 0
361 8 500 0 -6 -12851 1 60 0
362 8 609 0 6 -12851 1 55 0
363 8 903 0 -6 -12851 0 55 0
364 8 742 0 6 -12851 1 55 0
365 12 742 500 -6 24 0 51 51
366 8 742 0 -6 -12851 1 60 0
367 8 903 0 24 -12851 0 60 0
368 12 500 742 6 -24 1 51 51
369 8 903 0 24 -12851 0 55 0
370 8 742 0 24 -12851 1 55 0
371 8 1100 0 -6 -12851 0 60 0
372 12 742 903 6 -24 1 55 55
373 8 903 0 24 -12851 1 60 0
374 8 903 0 -24 -12851 1 55 0
375 8 903 0 -24 -12851 0 60 0
376 12 742 609 -6 24 0 51 51
377 12 500 742 -6 24 0 51 51
378 12 1100 742 -6 24 0 55 51
379 8 1100 0 -6 -12851 1 55 0
380 8 500 0 6 -12851 1 60 0
381 8 500 0 6 -12851 0 60 0
382 8 903 0 -24 -12851 1 55 0
383 12 903 742 -6 24 0 55 51
384 8 609 0 24 -12851 1 60 0
385 8 742 0 24 -12851 1 60 0
386 12 742 500 -6 24 0 55 55
387 8 1100 0 -6 -12851 0 55 0
388 12 742 903 6 -24 1 51 51
389 8 742 0 -6 -12851 1 60 0
390 12 742 1100 6 -24 0 51 51
391 8 1100 0 24 -12851 1 60 0
392 12 1100 742 6 -24 0 51 55
393 8 500 0 -24 -12851 1 60 0
394 8 742 0 -6 -12851 1 55 0
395 8 609 0 6 -12851 1 55 0
396 8 609 0 -24 -12851 1 55 0
397 8 609 0 -24 -12851 1 55 0
398 8 609 0 -24 -12851 1 55 0
399 8 903 0 -24 -12851 1 60 0
400 8 742 0 -24 -12851 1 60 0
401 12 500 742 -6 24 0 51 55
402 12 609 742 6 -24 0 51 51
403 8 903 0 24 -12851 1 55 0
404 8 903 0 -24 -12851 1 55 0
405 8 1100 0 -6 -12851 1 60 0
406 8 1100 0 24 -12851 1 60 0
407 8 500 0 24 -12851 1 60 0
408 8 609 0 -6 -12851 0 55 0
409 8 609 0 6 -12851 0 55 0
410 8 1100 0 24 -12851 1 55 0
411 12 742 500 -6 24 1 51 51
412 8 500 0 6 -12851 1 55 0
413 8 500 0 -6 -12851 0 55 0
414 8 742 0 24 -12851 1 55 0
415 8 742 0 24 -12851 1 60 0
416 12 500 742 6 -24 1 51 51
417 8 609 0 -24 -12851 1 55 0
418 8 609 0 24 -12851 1 55 0
419 12 1100 742 6 -24 1 51 55
420 8 1100 0 -6 -12851 1 55 0
421 8 1100 0 -24 -12851 1 55 0
422 12 742 1100 -6 24 0 55 51
423 12 742 1100 -6 24 0 55 55
424 8 500 0 -6 -12851 1 55 0
425 8 500 0 24 -12851 0 55 0
426 12 500 742 -6 24 0 51 55
427 8 903 0 6 -12851 1 55 0
428 12 742 1100 -6 24 0 51 55
429 8 609 0 24 -12851 1 55 0
430 12 500 742 6 -24 1 55 55
431 12 609 742 6 -24 1 51 55
432 8 500 0 -24 -12851 1 55 0
433 8 742 0 24 -12851 0 60 0
434 8 903 0 -6 -12851 1 55 0
435 8 742 0 -24 -12851 1 55 0
436 8 903 0 6 -12851 1 55 0
437 12 742 1100 6 -24 0 51 51
438 8 1100 0 -24 -12851 0 55 0
439 12 903 742 -6 24 0 51 51
440 12 742 609 6 -24 1 55 55
441 8 609 0 -24 -12851 1 60 0
442 12 742 1100 6 -24 0 51 51
443 12 742 609 -6 24 0 51 51
444 12 742 903 6 -24 1 51 51
445 12 742 903 6 -24 0 55 55
446 12 1100 742 6 -24 0 51 51
447 12 1100 742 6 -24 1 51 55
448 8 742 0 6 -12851 1 55 0
449 12 1100 742 -6 24 0 55 55
450 8 609 0 24 -12851 1 60 0
451 8 609 0 -6 -12851 0 55 0
452 8 500 0 24 -12851 1 60 0
453 8 742 0 -6 -12851 1 55 0
454 8 609 0 24 -12851 1 55 0
455 8 1100 0 -24 -12851 1 60 0
456 12 742 609 6 -24 1 51 51
457 8 500 0 24 -12851 0 60 0
458 12 500 742 6 -24 0 51 51
459 8 742 0 -6 -12851 1 55 0
460 12 742 1100 -6 24 0 51 51
461 8 1100 0 -24 -12851 1 60 0
462 8 742 0 6 -12851 1 55 0
463 12 742 500 -6 24 1 55 55
464 8 903 0 -6 -12851 1 60 0
465 8 903 0 6 -12851 1 55 0
466 12 742 1100 -6 24 0 55 51
467 12 742 500 -6 24 0 51 55
468 8 609 0 6 -12851 1 55 0
469 8 903 0 24 -12851 1 55 0
470 8 1100 0 -24 -12851 0 60 0
471 8 500 0 24 -12851 1 55 0
472 12 609 742 -6 24 1 55 51
473 12 742 903 -6 24 0 51 51
474 8 609 0 24 -12851 1 55 0
475 8 609 0 6 -12851 0 55 0
476 12 903 742 -6 24 1 55 51
477 12 742 500 6 -24 1 55 55
478 8 903 0 -6 -12851 0 55 0
479 12 1100 742 -6 24 0 55 55
480 12 742 609 6 -24 1 55 51
481 12 742 500 6 -24 1 51 51
482 8 742 0 24 -12851 1 55 0
483 8 903 0 24 -12851 0 60 0
484 12 742 500 -6 24 0 55 51
485 8 903 0 -6 -12851 0 55 0
486 8 1100 0 24 -12851 1 55 0
487 12 742 609 6 -24 1 51 55
488 8 1100 0 -24 -12851 1 60 0
489 8 500 0 -24 -12851 0 60 0
490 8 609 0 -24 -12851 1 55 0
491 12 1100 742 -6 24 0 55 51
492 12 742 1100 6 -24 0 55 55
493 12 742 1100 -6 24 1 51 51
494 8 609 0 -24 -12851 0 60 0
495 12 1100 742 6 -24 1 55 55
496 12 500 742 6 -24 0 51 51
497 12 742 903 -6 24 0 51 51
498 12 742 903 6 -24 1 51 51
499 8 1100 0 24 -12851 1 60 0
500 12 742 500 -6 24 1 55 51
501 8 500 0 24 -12851 1 55 0
502 8 500 0 6 -12851 1 55 0
503 8 742 0 -24 -12851 1 60 0
504 8 742 0 -6 -12851 1 55 0
505 12 903 742 6 -24 1 51 51
506 8 742 0 -6 -12851 0 60 0
507 8 742 0 -24 -12851 1 55 0
508 8 1100 0 24 -12851 1 60 0
509 8 500 0 6 -12851 1 55 0
510 12 1100 742 6 -24 0 55 51
511 12 742 609 6 -24 0 55 55
512 8 500 0 -24 -12851 1 60 0
513 12 609 742 -6 24 0 55 55
514 12 500 742 -6 24 1 51 55
515 8 742 0 -24 -12851 0 55 0
516 8 742 0 -24 -12851 1 55 0
517 12 1100 742 -6 24 1 55 51
518 8 903 0 -6 -12851 1 60 0
519 8 903 0 -6 -12851 1 55 0
520 8 1100 0 -6 -12851 1 55 0
521 8 1100 0 -24 -12851 1 55 0
522 8 903 0 -6 -12851 1 55 0
523 8 500 0 24 -12851 1 55 0
524 12 1100 742 6 -24 1 51 55
525 12 903 742 6 -24 0 55 55
526 8 609 0 -6 -12851 0 55 0
527 8 609 0 6 -12851 1 55 0
528 8 609 0 6 -12851 1 55 0
529 8 903 0 24 -12851 1 60 0
530 8 903 0 24 -12851 0 55 0
531 12 742 903 -6 24 1 55 55
532 12 742 1100 6 -24 1 51 51
533 12 742 609 -6 24 0 51 51
534 12 1100 742 6 -24 1 55 51
535 8 903 0 -6 -12851 1 55 0
536 8 609 0 -24 -12851 1 60 0
537 8 1100 0 6 -12851 0 55 0
538 8 903 0 -24 -12851 1 55 0
539 12 500 742 -6 24 0 55 55
540 8 742 0 24 -12851 1 60 0
541 12 742 1100 -6 24 0 51 55
542 12 903 742 -6 24 0 51 51
543 12 742 903 6 -24 1 51 51
544 8 742 0 -24 -12851 1 60 0
545 8 742 0 -24 -12851 1 55 0
546 8 609 0 6 -12851 1 55 0
547 12 742 1100 -6 24 0 51 55
548 8 1100 0 24 -12851 1 60 0
549 8 500 0 -6 -12851 0 60 0
550 8 1100 0 6 -12851 1 55 0
551 8 609 0 -24 -12851 1 55 0
552 8 500 0 -24 -12851 1 60 0
553 8 500 0 6 -12851 1 55 0
554 8 500 0 24 -12851 0 55 0
555 8 500 0 6 -12851 0 55 0
556 12 609 742 6 -24 0 55 51
557 8 609 0 24 -12851 1 60 0
558 8 500 0 -6 -12851 0 55 0
559 8 903 0 24 -12851 1 60 0
560 8 742 0 -6 -12851 1 60 0
561 12 742 903 6 -24 0 51 51
562 8 742 0 24 -12851 0 55 0
563 8 742 0 6 -12851 0 60 0
564 12 500 742 -6 24 1 51 55
565 12 609 742 -6 24 1 55 55
566 12 742 903 6 -24 1 55 51
567 8 500 0 -24 -12851 1 60 0
568 12 742 609 -6 24 1 51 55
569 8 609 0 -24 -12851 1 55 0
570 12 609 742 6 -24 1 51 55
571 12 903 742 -6 24 0 51 51
572 8 609 0 24 -12851 1 55 0
573 12 742 500 6 -24 1 51 55
574 12 903 742 6 -24 1 55 55
575 12 1100 742 -6 24 0 55 55
576 12 1100 742 6 -24 1 51 51
577 12 742 500 -6 24 0 51 51
578 8 1100 0 -6 -12851 1 55 0
579 8 903 0 6 -12851 0 55 0
580 8 1100 0 -6 -12851 1 60 0
581 8 903 0 -24 -12851 1 60 0
582 12 742 500 -6 24 0 55 55
583 12 500 742 6 -24 1 51 51
584 8 1100 0 -6 -12851 0 60 0
585 8 609 0 24 -12851 1 55 0
586 12 903 742 -6 24 0 51 51
587 8 609 0 -6 -12851 0 60 0
588 12 742 903 -6 24 0 55 51
589 8 1100 0 24 -12851 1 55 0
590 12 903 742 -6 24 0 55 55
591 8 1100 0 24 -12851 1 55 0
592 8 500 0 6 -12851 1 60 0
593 8 500 0 24 -12851 0 60 0
594 12 903 742 6 -24 0 51 51
595 8 903 0 -24 -12851 0 60 0
596 12 742 903 6 -24 1 51 55
597 12 500 742 6 -24 1 55 55
598 12 742 609 6 -24 1 51 51
599 12 500 742 6 -24 1 55 51
600 8 609 0 -6 -12851 1 60 0
601 12 742 903 -6 24 0 51 55
602 8 500 0 24 -12851 1 55 0
603 8 742 0 6 -12851 1 60 0
604 12 742 1100 -6 24 1 51 55
605 12 742 500 6 -24 1 55 51
606 8 903 0 24 -12851 0 60 0
607 8 742 0 -6 -12851 1 55 0
608 8 903 0 6 -12851 0 60 0
609 8 1100 0 -24 -12851 1 60 0
610 8 609 0 24 -12851 0 60 0
611 12 903 742 6 -24 1 55 51
612 8 742 0 24 -12851 0 60 0
613 8 1100 0 -6 -12851 1 55 0
614 8 1100 0 -24 -12851 1 60 0
615 8 500 0 6 -12851 1 55 0
616 8 1100 0 -24 -12851 1 60 0
617 12 742 1100 6 -24 0 51 51
618 8 1100 0 24 -12851 0 55 0
619 8 500 0 -6 -12851 0 55 0
620 12 609 742 -6 24 0 51 55
621 12 742 1100 6 -24 0 55 55
622 12 903 742 -6 24 1 51 51
623 8 500 0 24 -12851 0 55 0
624 8 742 0 24 -12851 0 60 0
625 12 903 742 6 -24 0 55 55
626 12 742 609 6 -24 0 55 51
627 8 903 0 24 -12851 0 60 0
628 8 609 0 24 -12851 0 55 0
629 12 742 1100 -6 24 0 55 55
630 8 609 0 -6 -12851 0 60 0
631 8 742 0 -6 -12851 1 60 0
632 8 903 0 6 -12851 0 60 0
633 8 609 0 24 -12851 1 55 0
634 8 903 0 -6 -12851 0 60 0
635 12 609 742 6 -24 1 51 55
636 8 742 0 6 -12851 0 60 0
637 12 500 742 6 -24 0 51 51
638 12 609 742 6 -24 0 51 51
639 8 742 0 24 -12851 0 55 0
640 8 742 0 6 -12851 0 60 0
641 8 500 0 24 -12851 0 55 0
642 8 903 0 -24 -12851 1 55 0
643 8 609 0 -24 -12851 0 55 0
644 8 1100 0 -6 -12851 0 60 0
645 8 1100 0 6 -12851 0 60 0
646 8 1100 0 -24 -12851 0 60 0
647 8 742 0 24 -12851 0 60 0
648 8 742 0 24 -12851 0 55 0
649 8 903 0 -6 -12851 0 60 0
650 8 903 0 24 -12851 0 55 0
651 12 1100 742 -6 24 0 55 55
652 8 609 0 24 -12851 0 55 0
653 12 742 609 6 -24 0 55 51
654 8 609 0 -24 -12851 0 55 0
655 8 500 0 6 -12851 0 60 0
656 8 500 0 -24 -12851 0 60 0
657 8 1100 0 6 -12851 0 55 0
658 12 609 742 6 -24 0 51 55
659 8 1100 0 24 -12851 0 60 0
660 8 903 0 -6 -12851 0 55 0
661 12 609 742 -6 24 0 51 55
662 8 500 0 24 -12851 0 55 0
663 8 903 0 24 -12851 0 55 0
664 8 903 0 -24 -12851 0 60 0
665 8 609 0 -6 -12851 0 60 0
666 12 742 609 6 -24 0 55 55
667 12 1100 742 -6 24 0 51 51
668 8 742 0 24 -12851 0 55 0
669 12 1100 742 -6 24 0 55 55
670 12 903 742 -6 24 0 55 55
671 12 609 742 -6 24 0 55 51
672 8 742 0 24 -12851 0 55 0
673 12 742 609 -6 24 0 51 51
674 8 609 0 -6 -12851 0 60 0
675 12 742 903 6 -24 0 55 55
676 8 742 0 6 -12851 0 60 0
677 8 500 0 6 -12851 0 55 0
678 8 609 0 -6 -12851 0 60 0
679 12 1100 742 6 -24 0 51 55
680 12 903 742 -6 24 0 51 55
681 12 742 500 6 -24 0 51 51
682 8 500 0 -24 -12851 0 55 0
683 8 1100 0 24 -12851 0 60 0
684 12 742 903 6 -24 0 51 51
685 12 500 742 6 -24 0 51 55
686 8 1100 0 -6 -12851 0 60 0
687 8 903 0 24 -12851 0 55 0
688 8 903 0 -6 -12851 0 55 0
689 8 742 0 -24 -12851 0 60 0
690 8 500 0 24 -12851 0 55 0
691 12 609 742 -6 24 0 55 51
692 12 903 742 6 -24 0 55 55
693 12 1100 742 -6 24 0 55 55
694 8 500 0 24 -12851 0 55 0
695 12 609 742 -6 24 0 55 55
696 12 742 1100 6 -24 0 55 51
697 8 609 0 6 -12851 0 60 0
698 8 742 0 6 -12851 0 60 0
699 8 609 0 -24 -12851 0 55 0
700 8 1100 0 -24 -12851 0 60 0
701 12 609 742 -6 24 0 51 55
702 12 1100 742 6 -24 0 55 51
703 8 500 0 6 -12851 0 55 0
704 12 609 742 -6 24 0 51 51
705 12 1100 742 6 -24 0 51 55
706 12 903 742 6 -24 0 51 51
707 8 903 0 6 -12851 0 55 0
708 8 742 0 24 -12851 0 60 0
709 12 500 742 6 -24 0 51 51
710 8 609 0 -24 -12851 0 55 0
711 8 1100 0 -6 -12851 0 55 0
712 12 742 609 -6 24 0 55 55
713 12 742 1100 -6 24 0 51 51
714 12 500 742 6 -24 0 51 51
715 8 903 0 6 -12851 0 60 0
716 12 609 742 6 -24 0 55 55
717 8 1100 0 24 -12851 0 55 0
718 8 1100 0 6 -12851 0 60 0
719 12 1100 742 -6 24 0 51 51
720 8 1100 0 6 -12851 0 60 0
721 8 609 0 -6 -12851 0 60 0
722 12 742 500 6 -24 0 55 55
723 8 500 0 -24 -12851 0 60 0
724 12 500 742 6 -24 0 51 51
725 8 500 0 24 -12851 0 60 0
726 12 742 500 6 -24 0 55 51
727 8 903 0 24 -12851 0 60 0
728 8 742 0 24 -12851 0 60 0
729 8 500 0 6 -12851 0 60 0
730 8 1100 0 24 -12851 0 55 0
731 12 742 500 6 -24 0 51 51
732 8 903 0 -6 -12851 0 55 0
733 8 1100 0 -6 -12851 0 60 0
734 12 742 500 -6 24 0 55 55
735 12 742 903 -6 24 0 51 51
736 8 609 0 -24 -12851 0 55 0
737 8 903 0 -24 -12851 0 60 0
738 12 500 742 -6 24 0 51 51
739 8 609 0 -6 -12851 0 60 0
740 12 1100 742 6 -24 0 51 55
741 8 742 0 -6 -12851 0 55 0
742 8 742 0 -24 -12851 0 60 0
743 12 742 609 6 -24 0 51 55
744 8 609 0 -6 -12851 0 55 0
745 8 609 0 -24 -12851 0 55 0
746 12 500 742 -6 24 0 55 55
747 8 500 0 -6 -12851 0 55 0
748 8 1100 0 -24 -12851 0 55 0
749 12 903 742 -6 24 0 51 51
750 12 1100 742 6 -24 0 51 51
751 12 742 500 -6 24 0 51 51
752 12 742 609 -6 24 0 51 51
753 12 742 1100 -6 24 0 51 55
754 12 1100 742 6 -24 0 55 55
755 8 500 0 -6 -12851 0 60 0
756 12 609 742 6 -24 0 55 51
757 12 742 500 6 -24 0 55 51
758 8 1100 0 24 -12851 0 60 0
759 8 742 0 24 -12851 0 55 0
760 12 1100 742 -6 24 0 55 55
761 8 1100 0 -24 -12851 0 60 0
762 8 742 0 -6 -12851 0 55 0
763 8 742 0 6 -12851 0 55 0
764 8 500 0 -6 -12851 0 55 0
765 8 609 0 -24 -12851 0 60 0
766 8 903 0 6 -12851 0 60 0
767 8 609 0 -24 -12851 0 55 0
768 12 903 742 6 -24 0 55 51
769 12 1100 742 -6 24 0 51 51
770 8 903 0 -24 -12851 0 55 0
771 12 742 903 6 -24 0 55 55
772 8 903 0 6 -12851 0 60 0
773 12 500 742 6 -24 0 51 55
774 8 1100 0 -6 -12851 0 55 0
775 12 1100 742 -6 24 0 55 51
776 8 1100 0 -24 -12851 0 55 0
777 8 742 0 -24 -12851 0 60 0
778 8 1100 0 -6 -12851 0 55 0
779 12 1100 742 6 -24 0 55 55
780 12 609 742 6 -24 0 51 55
781 12 500 742 6 -24 0 55 55
782 8 500 0 -6 -12851 0 60 0
783 8 1100 0 -24 -12851 0 60 0
784 8 609 0 24 -12851 0 55 0
785 8 903 0 -24 -12851 0 60 0
786 8 500 0 -6 -12851 0 60 0
787 12 903 742 6 -24 0 55 51
788 8 500 0 6 -12851 0 55 0
789 8 609 0 -24 -12851 0 55 0
790 8 903 0 6 -12851 0 55 0
791 8 742 0 -24 -12851 0 55 0
792 8 742 0 -24 -12851 0 55 0
793 12 903 742 -6 24 0 55 51
794 12 742 500 -6 24 0 51 55
795 8 903 0 -6 -12851 0 55 0
796 8 609 0 -24 -12851 0 60 0
797 8 500 0 -24 -12851 0 60 0
798 12 742 903 6 -24 0 51 55
799 12 742 609 6 -24 0 51 55
800 8 500 0 6 -12851 0 60 0
801 8 742 0 -24 -12851 0 60 0
802 8 742 0 -24 -12851 0 55 0
803 8 903 0 24 -12851 0 60 0
804 8 742 0 -24 -12851 0 60 0
805 8 1100 0 6 -12851 0 55 0
806 12 742 500 6 -24 0 55 51
807 8 1100 0 24 -12851 0 60 0
808 8 500 0 -6 -12851 0 60 0
809 8 903 0 6 -12851 0 60 0
810 12 742 500 -6 24 0 55 51
811 12 742 903 -6 24 0 51 51
812 12 742 609 -6 24 0 51 55
813 8 500 0 -24 -12851 0 55 0
814 8 903 0 24 -12851 0 55 0
815 8 1100 0 24 -12851 0 55 0
816 12 1100 742 6 -24 0 51 51
817 8 609 0 6 -12851 0 55 0
818 12 742 609 6 -24 0 55 55
819 8 609 0 -24 -12851 0 55 0
820 8 609 0 -24 -12851 0 60 0
821 12 1100 742 -6 24 0 51 55
822 12 742 1100 6 -24 0 55 55
823 8 742 0 -24 -12851 0 55 0
824 8 742 0 -6 -12851 0 60 0
825 8 609 0 -24 -12851 0 55 0
826 8 500 0 24 -12851 0 55 0
827 8 500 0 -6 -12851 0 60 0
828 12 500 742 6 -24 0 51 51
829 8 1100 0 -24 -12851 0 55 0
830 8 1100 0 6 -12851 0 60 0
831 12 500 742 6 -24 0 55 51
832 8 903 0 -6 -12851 0 60 0
833 12 742 500 6 -24 0 55 51
834 12 742 1100 -6 24 0 51 51
835 12 742 1100 6 -24 0 55 51
836 8 500 0 -6 -12851 0 55 0
837 8 609 0 -6 -12851 0 55 0
838 8 742 0 6 -12851 0 60 0
839 8 903 0 6 -12851 0 55 0
840 8 742 0 -24 -12851 0 60 0
841 8 609 0 6 -12851 0 55 0
842 8 903 0 -6 -12851 0 60 0
843 12 742 1100 6 -24 0 51 51
844 8 1100 0 -6 -12851 0 60 0
845 8 1100 0 -24 -12851 0 55 0
846 8 1100 0 -6 -12851 0 55 0
847 12 1100 742 6 -24 0 51 51
848 8 742 0 -24 -12851 0 55 0
849 12 742 500 -6 24 0 51 51
850 8 742 0 -6 -12851 0 60 0
851 8 500 0 6 -12851 0 60 0
852 12 500 742 -6 24 0 55 51
853 8 609 0 6 -12851 0 55 0
854 12 742 903 -6 24 0 51 55
855 8 742 0 -6 -12851 0 55 0
856 8 500 0 -6 -12851 0 55 0
857 12 1100 742 -6 24 0 55 55
858 8 609 0 -6 -12851 0 60 0
859 12 1100 742 6 -24 0 55 55
860 8 500 0 24 -12851 0 60 0
861 12 742 1100 -6 24 0 51 51
862 8 1100 0 -24 -12851 0 60 0
863 12 742 500 -6 24 0 51 55
864 8 609 0 -24 -12851 0 60 0
865 12 742 500 6 -24 0 51 55
866 12 742 500 6 -24 0 55 55
867 8 903 0 -24 -12851 0 60 0
868 8 903 0 -24 -12851 0 60 0
869 8 1100 0 -24 -12851 0 55 0
870 8 903 0 24 -12851 0 60 0
871 8 742 0 6 -12851 0 60 0
872 8 742 0 24 -12851 0 55 0
873 12 742 903 -6 24 0 51 55
874 12 609 742 6 -24 0 55 51
875 8 903 0 -24 -12851 0 60 0
876 8 903 0 6 -12851 0 55 0
877 8 903 0 24 -12851 0 55 0
878 8 609 0 -24 -12851 0 60 0
879 8 609 0 -24 -12851 0 55 0
880 8 1100 0 6 -12851 0 55 0
881 8 500 0 24 -12851 0 60 0
882 8 609 0 -6 -12851 0 60 0
883 12 742 1100 6 -24 0 51 51
884 12 1100 742 -6 24 0 55 55
885 12 742 609 6 -24 0 51 55
886 12 742 609 6 -24 0 55 55
887 8 500 0 -6 -12851 0 55 0
888 8 742 0 6 -12851 0 55 0
889 8 742 0 -6 -12851 0 60 0
890 12 742 609 -6 24 0 51 55
891 12 742 500 6 -24 0 55 51
892 12 742 609 6 -24 0 51 51
893 8 1100 0 -24 -12851 0 55 0
894 8 1100 0 -6 -12851 0 60 0
895 8 500 0 24 -12851 0 55 0
896 12 742 1100 -6 24 0 55 55
897 12 742 1100 -6 24 0 55 51
898 12 742 609 -6 24 0 55 55
899 8 609 0 24 -12851 0 60 0
900 8 609 0 24 -12851 0 55 0
901 8 903 0 6 -12851 0 55 0
902 8 742 0 6 -12851 0 60 0
903 12 742 609 6 -24 0 55 51
904 8 1100 0 24 -12851 0 55 0
905 8 903 0 -24 -12851 0 60 0
906 12 742 500 -6 24 0 51 51
907 8 903 0 -24 -12851 0 60 0
908 12 903 742 6 -24 0 55 51
909 8 742 0 -6 -12851 0 55 0
910 12 742 500 -6 24 0 55 51
911 8 500 0 6 -12851 0 55 0
912 12 1100 742 -6 24 0 51 55
913 8 609 0 -24 -12851 0 55 0
914 8 742 0 6 -12851 0 60 0
915 8 1100 0 -24 -12851 0 60 0
916 8 1100 0 24 -12851 0 60 0
917 8 500 0 6 -12851 0 60 0
918 8 609 0 -6 -12851 0 60 0
919 8 500 0 24 -12851 0 55 0
920 8 903 0 24 -12851 0 60 0
921 8 903 0 6 -12851 0 55 0
922 12 742 500 6 -24 0 55 55
923 8 742 0 6 -12851 0 60 0
924 12 609 742 -6 24 0 51 51
925 8 903 0 24 -12851 0 60 0
926 12 742 1100 -6 24 0 55 51
927 12 500 742 6 -24 0 55 51
928 8 500 0 -24 -12851 0 60 0
929 12 742 609 -6 24 0 55 51
930 12 742 903 -6 24 0 51 51
931 12 500 742 -6 24 0 55 51
932 8 500 0 6 -12851 0 55 0
933 8 1100 0 -6 -12851 0 60 0
934 8 500 0 6 -12851 0 55 0
935 8 609 0 24 -12851 0 60 0
936 8 1100 0 6 -12851 0 55 0
937 8 1100 0 -24 -12851 0 60 0
938 12 742 1100 6 -24 0 55 55
939 8 742 0 -24 -12851 0 60 0
940 8 903 0 24 -12851 0 55 0
941 12 609 742 6 -24 0 51 51
942 12 903 742 -6 24 0 55 55
943 8 609 0 6 -12851 0 55 0
944 8 609 0 6 -12851 0 55 0
945 8 742 0 -6 -12851 0 60 0
946 8 742 0 -6 -12851 0 60 0
947 8 742 0 -24 -12851 0 55 0
948 8 1100 0 -6 -12851 0 55 0
949 8 500 0 6 -12851 0 60 0
950 8 742 0 6 -12851 0 60 0
951 12 742 1100 6 -24 0 55 55
952 8 500 0 6 -12851 0 55 0
953 8 500 0 -6 -12851 0 60 0
954 8 903 0 6 -12851 0 60 0
955 8 903 0 6 -12851 0 55 0
956 12 1100 742 6 -24 0 51 51
957 8 903 0 -6 -12851 0 60 0
958 8 742 0 -6 -12851 0 55 0
959 8 609 0 6 -12851 0 55 0
960 8 1100 0 -6 -12851 0 55 0
961 8 1100 0 6 -12851 0 55 0
962 8 609 0 6 -12851 0 60 0
963 12 742 500 6 -24 0 55 55
964 8 609 0 -24 -12851 0 60 0
965 8 742 0 -24 -12851 0 55 0
966 12 742 903 6 -24 0 55 51
967 12 609 742 6 -24 0 55 51
968 8 742 0 6 -12851 0 60 0
969 8 609 0 6 -12851 0 60 0
970 12 742 500 6 -24 0 55 51
971 8 500 0 -6 -12851 0 60 0
972 12 1100 742 -6 24 0 55 55
973 12 742 609 -6 24 0 55 51
974 8 742 0 24 -12851 0 55 0
975 8 609 0 -24 -12851 0 55 0
976 12 742 609 6 -24 0 55 51
977 12 1100 742 -6 24 0 51 55
978 12 500 742 -6 24 0 51 51
979 12 903 742 6 -24 0 51 55
980 12 903 742 6 -24 0 55 51
981 12 1100 742 6 -24 0 51 51
982 12 500 742 6 -24 0 55 51
983 12 1100 742 -6 24 0 51 51
984 8 609 0 6 -12851 0 55 0
985 8 742 0 6 -12851 0 60 0
986 12 500 742 6 -24 0 51 55
987 8 500 0 -24 -12851 0 60 0
988 12 742 1100 -6 24 0 51 55
989 12 742 1100 6 -24 0 51 51
990 8 1100 0 24 -12851 0 60 0
991 8 903 0 -24 -12851 0 55 0
992 12 742 903 6 -24 0 51 51
993 12 742 500 -6 24 0 55 51
994 8 903 0 -24 -12851 0 55 0
995 12 742 903 -6 24 0 55 55
996 8 1100 0 24 -12851 0 60 0
997 8 1100 0 -6 -12851 0 60 0
998 8 500 0 -6 -12851 0 55 0
999 12 903 742 -6 24 0 51 51
1000 8 903 0 24 -12851 0 60 0
1001 8 1100 0 -6 -12851 0 60 0
1002 8 1100 0 6 -12851 0 55 0
1003 8 903 0 -24 -12851 0 60 0
1004 8 500 0 -24 -12851 0 55 0
1005 8 903 0 -24 -12851 0 60 0
1006 8 903 0 -24 -12851 0 60 0
1007 8 609 0 24 -12851 0 55 0
1008 8 742 0 -6 -12851 0 55 0
1009 8 742 0 -24 -12851 0 60 0
1010 12 742 609 -6 24 0 51 55
1011 12 500 742 6 -24 0 51 55
1012 8 609 0 -6 -12851 0 60 0
1013 8 742 0 24 -12851 0 60 0
1014 12 903 742 -6 24 0 51 55
1015 8 500 0 -24 -12851 0 55 0
1016 8 609 0 -6 -12851 0 60 0
1017 8 500 0 24 -12851 0 60 0
1018 12 903 742 6 -24 0 55 51
1019 8 1100 0 -6 -12851 0 60 0
1020 8 1100 0 24 -12851 0 55 0
1021 12 1100 742 -6 24 0 51 51
1022 8 500 0 6 -12851 0 60 0
1023 8 500 0 -24 -12851 0 55 0
1024 8 1100 0 -6 -12851 0 55 0
1025 8 609 0 -24 -12851 0 60 0
1026 8 1100 0 -24 -12851 0 60 0
1027 12 742 500 -6 24 0 51 51
1028 8 742 0 24 -12851 0 55 0
1029 8 1100 0 -6 -12851 0 60 0
1030 12 903 742 -6 24 0 55 55
1031 12 500 742 6 -24 0 55 51
1032 8 742 0 -6 -12851 0 55 0
1033 12 500 742 6 -24 0 51 51
1034 8 609 0 24 -12851 0 60 0
1035 8 500 0 -24 -12851 0 60 0
1036 12 609 742 -6 24 0 55 55
1037 8 742 0 24 -12851 0 55 0
1038 12 903 742 6 -24 0 55 55
1039 12 903 742 6 -24 0 55 55
1040 12 742 1100 -6 24 0 55 55
1041 12 500 742 -6 24 0 55 55
1042 8 609 0 -24 -12851 0 55 0
1043 12 742 609 -6 24 0 55 55
1044 8 903 0 -6 -12851 0 55 0
1045 8 903 0 -24 -12851 0 55 0
1046 8 500 0 6 -12851 0 55 0
1047 12 742 1100 6 -24 0 51 55
1048 12 500 742 -6 24 0 55 51
1049 8 903 0 24 -12851 0 55 0
1050 12 500 742 6 -24 0 55 51
1051 8 1100 0 -24 -12851 0 60 0
1052 8 1100 0 -6 -12851 0 60 0
1053 12 500 742 -6 24 0 51 51
1054 8 1100 0 24 -12851 0 60 0
1055 8 500 0 6 -12851 0 55 0
1056 12 742 500 -6 24 0 55 55
1057 8 500 0 -6 -12851 0 55 0
1058 12 500 742 -6 24 0 55 55
1059 12 1100 742 6 -24 0 55 55
1060 12 500 742 6 -24 0 55 55
1061 8 609 0 24 -12851 0 55 0
1062 8 903 0 24 -12851 0 60 0
1063 8 742 0 6 -12851 0 55 0
1064 8 500 0 -24 -12851 0 55 0
1065 12 742 903 6 -24 0 55 51
1066 12 742 609 -6 24 0 51 51
1067 12 1100 742 -6 24 0 55 55
1068 12 742 1100 -6 24 0 51 51
1069 12 742 903 6 -24 0 51 51
1070 12 742 609 -6 24 0 51 55
1071 12 742 500 6 -24 0 55 51
1072 12 609 742 6 -24 0 55 55
1073 12 742 500 -6 24 0 55 51
1074 12 742 1100 6 -24 0 55 51
1075 8 742 0 -6 -12851 0 60 0
1076 8 609 0 -24 -12851 0 55 0
1077 12 1100 742 -6 24 0 51 55
1078 12 742 1100 6 -24 0 51 55
1079 8 609 0 -24 -12851 0 55 0
1080 8 742 0 -6 -12851 0 60 0
1081 8 1100 0 -24 -12851 0 55 0
1082 8 903 0 6 -12851 0 55 0
1083 8 903 0 6 -12851 0 60 0
1084 12 1100 742 6 -24 0 55 55
1085 8 609 0 -24 -12851 0 60 0
1086 12 903 742 -6 24 0 55 55
1087 8 609 0 -24 -12851 0 60 0
1088 12 742 903 -6 24 0 51 51
1089 12 1100 742 -6 24 0 51 55
1090 8 903 0 6 -12851 0 60 0
1091 8 903 0 24 -12851 0 60 0
1092 12 500 742 6 -24 0 55 55
1093 8 500 0 -24 -12851 0 55 0
1094 8 742 0 -24 -12851 0 60 0
1095 8 1100 0 -6 -12851 0 60 0
1096 12 1100 742 6 -24 0 51 55
1097 8 609 0 6 -12851 0 60 0
1098 8 742 0 -24 -12851 0 60 0
1099 12 742 609 6 -24 0 55 51
1100 8 903 0 -24 -12851 0 60 0
1101 8 742 0 24 -12851 0 60 0
1102 8 1100 0 6 -12851 0 60 0
1103 8 1100 0 -6 -12851 0 60 0
1104 8 500 0 24 -12851 0 60 0
1105 8 609 0 -24 -12851 0 55 0
1106 8 500 0 -24 -12851 0 55 0
1107 8 609 0 24 -12851 0 60 0
1108 8 609 0 6 -12851 0 60 0
1109 8 903 0 6 -12851 0 55 0
1110 12 742 1100 6 -24 0 55 51
1111 8 500 0 6 -12851 0 55 0
1112 12 500 742 6 -24 0 55 55
1113 8 1100 0 24 -12851 0 55 0
1114 12 1100 742 -6 24 0 51 55
1115 12 742 1100 -6 24 0 51 51
1116 12 742 500 6 -24 0 51 55
1117 12 742 609 6 -24 0 55 55
1118 8 1100 0 -24 -12851 0 60 0
1119 8 742 0 6 -12851 0 55 0
1120 8 609 0 24 -12851 0 55 0
1121 12 742 500 6 -24 0 51 55
1122 12 1100 742 -6 24 0 55 55
1123 8 903 0 -6 -12851 0 55 0
1124 12 742 1100 6 -24 0 51 51
1125 12 500 742 -6 24 0 51 55
1126 8 903 0 6 -12851 0 55 0
1127 8 500 0 -6 -12851 0 60 0
1128 8 1100 0 -6 -12851 0 60 0
1129 8 742 0 -24 -12851 0 55 0
1130 8 500 0 -24 -12851 0 55 0
1131 12 742 903 6 -24 0 51 51
1132 12 742 1100 6 -24 0 51 51
1133 8 742 0 24 -12851 0 60 0
1134 8 609 0 -6 -12851 0 55 0
1135 12 742 609 -6 24 0 55 51
1136 8 1100 0 -6 -12851 0 60 0
1137 12 742 1100 -6 24 0 55 51
1138 12 1100 742 -6 24 0 55 55
1139 12 742 903 6 -24 0 55 51
1140 12 500 742 6 -24 0 51 55
1141 8 1100 0 -24 -12851 0 60 0
1142 8 1100 0 24 -12851 0 55 0
1143 8 500 0 6 -12851 0 55 0
1144 8 609 0 -24 -12851 0 60 0
1145 8 609 0 6 -12851 0 60 0
1146 12 903 742 -6 24 0 55 51
1147 8 500 0 -6 -12851 0 60 0
1148 12 742 1100 -6 24 0 55 55
1149 12 1100 742 6 -24 0 55 55
1150 12 903 742 6 -24 0 55 55
1151 12 742 1100 -6 24 0 51 55
1152 8 500 0 -24 -12851 0 60 0
1153 12 742 903 -6 24 0 55 51
1154 12 903 742 -6 24 0 51 51
1155 8 609 0 -24 -12851 0 60 0
1156 12 742 1100 6 -24 1 55 55
1157 12 742 1100 -6 24 0 55 55
1158 8 903 0 -24 -12851 0 60 0
1159 12 903 742 -6 24 0 55 55
1160 12 742 609 6 -24 0 55 55
1161 8 742 0 -6 -12851 0 55 0
1162 12 742 903 6 -24 0 55 55
1163 12 742 903 -6 24 0 55 55
1164 8 742 0 -24 -12851 0 60 0
1165 8 903 0 24 -12851 0 60 0
1166 12 742 1100 6 -24 0 51 55
1167 12 609 742 -6 24 0 51 51
1168 12 742 1100 -6 24 0 55 55
1169 8 903 0 -6 -12851 1 55 0
1170 12 500 742 6 -24 1 51 55
1171 12 903 742 -6 24 0 51 55
1172 12 609 742 6 -24 0 51 51
1173 12 609 742 -6 24 0 55 55
1174 8 742 0 24 -12851 1 60 0
1175 12 742 500 -6 24 0 55 51
1176 8 1100 0 6 -12851 1 55 0
1177 8 609 0 6 -12851 1 55 0
1178 12 1100 742 -6 24 0 55 55
1179 12 500 742 -6 24 0 51 55
1180 12 742 1100 6 -24 0 55 55
1181 12 742 903 -6 24 0 55 55
1182 12 742 609 -6 24 0 55 51
1183 8 609 0 6 -12851 1 60 0
1184 8 903 0 6 -12851 1 55 0
1185 12 742 500 6 -24 1 55 51
1186 8 903 0 24 -12851 1 60 0
1187 8 500 0 24 -12851 1 55 0
1188 12 903 742 -6 24 0 55 55
1189 8 742 0 24 -12851 1 60 0
1190 12 1100 742 6 -24 1 51 51
1191 8 1100 0 6 -12851 1 60 0
1192 8 609 0 -6 -12851 1 55 0
1193 8 742 0 -6 -12851 1 60 0
1194 8 903 0 6 -12851 1 60 0
1195 8 742 0 6 -12851 1 60 0
1196 8 1100 0 6 -12851 1 55 0
1197 8 1100 0 -6 -12851 1 55 0
1198 8 500 0 -6 -12851 0 55 0
1199 8 609 0 -24 -12851 1 55 0
1200 8 500 0 -24 -12851 1 60 0
1201 8 500 0 24 -12851 0 55 0
1202 8 500 0 6 -12851 1 60 0
1203 8 500 0 24 -12851 1 60 0
1204 8 903 0 6 -12851 1 60 0
1205 8 500 0 24 -12851 1 60 0
1206 8 1100 0 6 -12851 1 60 0
1207 8 742 0 24 -12851 1 60 0
1208 8 903 0 -6 -12851 1 60 0
1209 8 1100 0 24 -12851 1 60 0
1210 12 742 500 -6 24 0 55 55
1211 12 742 903 6 -24 1 51 55
1212 8 609 0 -24 -12851 1 60 0
1213 12 742 1100 -6 24 0 55 51
1214 8 742 0 6 -12851 1 60 0
1215 8 609 0 6 -12851 1 60 0
1216 12 742 500 6 -24 0 51 51
1217 8 903 0 24 -12851 1 60 0
1218 8 742 0 -6 -12851 0 60 0
1219 8 609 0 6 -12851 1 55 0
1220 12 1100 742 6 -24 1 51 51
1221 8 1100 0 -6 -12851 1 60 0
1222 8 903 0 -24 -12851 1 55 0
1223 12 742 609 6 -24 1 55 51
1224 12 742 500 6 -24 0 51 55
1225 12 903 742 6 -24 0 55 55
1226 12 742 903 -6 24 1 55 55
1227 8 903 0 -6 -12851 1 55 0
1228 8 903 0 24 -12851 1 55 0
1229 12 742 500 -6 24 0 55 55
1230 12 500 742 6 -24 0 51 51
1231 8 500 0 -24 -12851 1 60 0
1232 8 609 0 -6 -12851 1 55 0
1233 12 500 742 6 -24 0 55 55
1234 12 742 903 6 -24 0 55 55
1235 8 903 0 -6 -12851 0 55 0
1236 12 742 500 -6 24 0 51 55
1237 8 742 0 6 -12851 0 60 0
1238 12 742 1100 6 -24 0 55 51
1239 8 609 0 -6 -12851 1 55 0
1240 8 609 0 -24 -12851 0 60 0
1241 12 742 1100 -6 24 1 51 51
1242 12 500 742 6 -24 1 55 55
1243 12 500 742 6 -24 1 55 55
1244 8 742 0 24 -12851 0 55 0
1245 8 500 0 -24 -12851 1 60 0
1246 8 1100 0 24 -12851 1 55 0
1247 8 1100 0 -24 -12851 1 55 0
1248 12 1100 742 -6 24 0 51 51
1249 12 742 903 6 -24 1 55 51
1250 12 742 500 -6 24 0 51 51
1251 12 742 903 -6 24 0 55 55
1252 8 742 0 24 -12851 1 55 0
1253 8 1100 0 -24 -12851 0 60 0
1254 12 1100 742 -6 24 0 51 51
1255 8 500 0 6 -12851 1 55 0
1256 12 500 742 -6 24 0 55 55
1257 8 903 0 24 -12851 1 55 0
1258 8 903 0 6 -12851 1 55 0
1259 8 609 0 -24 -12851 1 60 0
1260 8 500 0 24 -12851 0 60 0
1261 12 742 500 6 -24 1 55 55
1262 12 1100 742 -6 24 1 55 55
1263 8 903 0 6 -12851 1 55 0
1264 8 609 0 24 -12851 1 55 0
1265 8 500 0 24 -12851 1 55 0
1266 8 903 0 -24 -12851 0 55 0
1267 8 742 0 -24 -12851 0 60 0
1268 12 742 609 6 -24 1 55 51
1269 12 903 742 -6 24 0 51 51
1270 8 1100 0 -24 -12851 1 55 0
1271 8 609 0 -24 -12851 0 60 0
1272 8 1100 0 24 -12851 1 60 0
1273 12 742 903 6 -24 1 51 51
1274 8 500 0 -24 -12851 1 55 0
1275 8 742 0 -6 -12851 0 55 0
1276 8 1100 0 6 -12851 1 55 0
1277 8 742 0 -6 -12851 1 60 0
1278 8 1100 0 -24 -12851 1 55 0
1279 8 1100 0 24 -12851 1 55 0
1280 8 500 0 6 -12851 0 55 0
1281 8 500 0 -6 -12851 0 60 0
1282 12 903 742 -6 24 0 51 55
1283 12 742 1100 6 -24 1 55 55
1284 12 742 903 6 -24 1 51 51
1285 12 903 742 6 -24 0 51 51
1286 8 609 0 -6 -12851 1 55 0
1287 12 742 500 -6 24 0 55 51
1288 12 742 903 -6 24 0 51 51
1289 8 742 0 6 -12851 1 60 0
1290 8 903 0 24 -12851 1 60 0
1291 12 742 500 -6 24 0 55 51
1292 8 609 0 -24 -12851 1 55 0
1293 8 742 0 -6 -12851 1 55 0
1294 8 500 0 24 -12851 0 60 0
1295 8 609 0 -6 -12851 0 55 0
1296 8 742 0 24 -12851 1 60 0
1297 8 903 0 -6 -12851 0 60 0
1298 12 609 742 6 -24 1 51 55
1299 12 742 903 -6 24 1 55 51
1300 12 742 609 -6 24 0 51 51
1301 8 903 0 6 -12851 1 60 0
1302 8 1100 0 -24 -12851 0 55 0
1303 8 1100 0 -6 -12851 0 60 0
1304 8 1100 0 24 -12851 1 60 0
1305 8 1100 0 6 -12851 1 60 0
1306 8 1100 0 -6 -12851 1 55 0
1307 8 609 0 6 -12851 1 60 0
1308 8 609 0 -24 -12851 0 60 0
1309 12 742 500 -6 24 0 55 55
1310 8 903 0 -6 -12851 1 60 0
1311 8 500 0 6 -12851 0 55 0
1312 12 742 1100 6 -24 0 51 51
1313 8 903 0 24 -12851 1 55 0
1314 8 1100 0 6 -12851 1 60 0
1315 8 609 0 6 -12851 0 55 0
1316 12 742 500 6 -24 0 51 51
1317 12 1100 742 6 -24 0 51 55
1318 12 1100 742 6 -24 0 51 51
1319 8 742 0 6 -12851 0 60 0
1320 12 742 903 6 -24 0 51 51
1321 8 903 0 -24 -12851 0 60 0
1322 8 500 0 24 -12851 0 55 0
1323 12 609 742 6 -24 0 51 51
1324 12 500 742 -6 24 0 55 55
1325 12 1100 742 6 -24 0 55 55
1326 12 903 742 -6 24 1 55 55
1327 8 742 0 24 -12851 0 55 0
1328 8 742 0 24 -12851 0 55 0
1329 8 500 0 6 -12851 1 55 0
1330 8 1100 0 -24 -12851 0 60 0
1331 8 1100 0 -24 -12851 1 55 0
1332 8 609 0 -24 -12851 1 55 0
1333 8 742 0 -6 -12851 1 55 0
1334 8 903 0 -24 -12851 1 60 0
1335 8 903 0 24 -12851 1 60 0
1336 8 1100 0 -24 -12851 1 55 0
1337 12 742 500 6 -24 1 51 51
1338 8 609 0 24 -12851 1 60 0
1339 8 609 0 24 -12851 0 60 0
1340 8 742 0 24 -12851 0 55 0
1341 8 500 0 -24 -12851 1 60 0
1342 12 742 903 6 -24 1 55 51
1343 12 500 742 6 -24 0 51 55
1344 8 500 0 -24 -12851 0 55 0
1345 12 742 500 6 -24 1 55 55
1346 8 1100 0 24 -12851 1 55 0
1347 8 903 0 6 -12851 1 55 0
1348 8 742 0 6 -12851 1 60 0
1349 8 500 0 24 -12851 1 55 0
1350 12 500 742 6 -24 1 55 55
1351 12 500 742 6 -24 0 51 55
1352 12 903 742 -6 24 1 55 55
1353 12 742 609 6 -24 1 55 51
1354 8 1100 0 6 -12851 0 60 0
1355 8 1100 0 24 -12851 0 60 0
1356 8 1100 0 -6 -12851 0 55 0
1357 12 500 742 6 -24 0 51 51
1358 12 1100 742 -6 24 0 55 51
1359 12 500 742 -6 24 0 51 55
1360 12 903 742 -6 24 0 51 51
1361 8 1100 0 -6 -12851 0 60 0
1362 8 500 0 -24 -12851 1 55 0
1363 8 903 0 -6 -12851 1 55 0
1364 8 742 0 -24 -12851 1 60 0
1365 12 742 903 6 -24 1 55 51
1366 12 500 742 -6 24 0 51 51
1367 12 1100 742 -6 24 0 51 55
1368 12 742 903 6 -24 1 51 51
1369 12 742 903 -6 24 1 55 51
1370 8 500 0 -6 -12851 1 55 0
1371 8 903 0 24 -12851 1 55 0
1372 12 742 1100 -6 24 0 51 55
1373 12 742 1100 -6 24 1 55 51
1374 12 903 742 6 -24 0 51 51
1375 12 742 500 -6 24 0 51 55
1376 8 742 0 6 -12851 1 60 0
1377 8 500 0 6 -12851 1 60 0
1378 12 609 742 -6 24 0 51 55
1379 8 903 0 24 -12851 1 55 0
1380 12 903 742 -6 24 0 55 55
1381 12 1100 742 -6 24 0 51 55
1382 8 609 0 -6 -12851 0 60 0
1383 12 742 903 6 -24 0 51 51
1384 8 609 0 -24 -12851 1 55 0
1385 8 742 0 24 -12851 1 55 0
1386 12 742 1100 -6 24 0 51 51
1387 8 609 0 24 -12851 1 60 0
1388 8 742 0 24 -12851 1 60 0
1389 12 742 500 -6 24 0 55 55
1390 12 742 903 -6 24 0 55 55
1391 8 742 0 -24 -12851 1 55 0
1392 8 609 0 24 -12851 1 60 0
1393 12 1100 742 -6 24 0 55 51
1394 12 500 742 -6 24 1 51 55
1395 12 742 500 6 -24 1 55 51
1396 8 500 0 6 -12851 1 60 0
1397 12 742 1100 -6 24 1 51 51
1398 12 742 500 6 -24 0 51 51
1399 12 742 1100 -6 24 0 55 55
1400 12 742 903 -6 24 1 51 55
1401 12 609 742 6 -24 0 51 51
1402 8 500 0 6 -12851 0 55 0
1403 8 1100 0 -6 -12851 0 55 0
1404 12 903 742 6 -24 1 51 51
1405 8 1100 0 24 -12851 1 60 0
1406 12 500 742 -6 24 0 51 51
1407 8 903 0 -24 -12851 1 60 0
1408 8 500 0 -6 -12851 1 55 0
1409 8 609 0 -24 -12851 1 60 0
1410 12 500 742 -6 24 0 55 55
1411 8 742 0 -6 -12851 1 55 0
1412 12 742 609 -6 24 0 55 55
1413 12 500 742 -6 24 0 55 55
1414 12 500 742 6 -24 0 55 55
1415 8 903 0 6 -12851 0 55 0
1416 8 742 0 24 -12851 0 60 0
1417 8 609 0 6 -12851 1 55 0
1418 12 903 742 6 -24 1 51 51
1419 8 903 0 -6 -12851 1 55 0
1420 8 1100 0 -24 -12851 1 55 0
1421 8 500 0 -24 -12851 1 60 0
1422 12 742 903 -6 24 0 51 55
1423 12 500 742 -6 24 1 55 55
1424 12 742 1100 -6 24 0 51 51
1425 12 500 742 6 -24 0 55 55
1426 12 742 609 -6 24 0 51 55
1427 12 500 742 -6 24 0 55 55
1428 8 500 0 -6 -12851 1 55 0
1429 12 500 742 -6 24 1 55 55
1430 8 500 0 -6 -12851 0 60 0
1431 8 903 0 -24 -12851 1 55 0
1432 12 742 1100 6 -24 1 55 55
1433 12 1100 742 -6 24 0 55 55
1434 12 609 742 -6 24 0 51 51
1435 12 742 1100 6 -24 0 55 51
1436 8 742 0 -24 -12851 0 60 0
1437 8 500 0 24 -12851 1 55 0
1438 8 742 0 24 -12851 1 60 0
1439 8 1100 0 -24 -12851 1 55 0
1440 12 742 903 -6 24 0 51 55
1441 8 903 0 24 -12851 0 60 0
1442 8 742 0 -24 -12851 1 60 0
1443 8 1100 0 -6 -12851 0 55 0
1444 12 742 903 6 -24 1 55 55
1445 12 742 500 -6 24 0 51 55
1446 8 1100 0 -6 -12851 1 55 0
1447 8 609 0 24 -12851 1 55 0
1448 8 609 0 -24 -12851 1 55 0
1449 12 903 742 -6 24 0 55 55
1450 8 903 0 24 -12851 1 55 0
1451 8 609 0 6 -12851 0 55 0
1452 8 903 0 -6 -12851 1 55 0
1453 8 903 0 -24 -12851 1 55 0
1454 8 609 0 6 -12851 1 55 0
1455 8 742 0 6 -12851 1 55 0
1456 8 609 0 -6 -12851 1 60 0
1457 8 609 0 -6 -12851 1 55 0
1458 12 903 742 -6 24 1 55 55
1459 8 903 0 6 -12851 1 60 0
1460 8 1100 0 6 -12851 1 55 0
1461 12 742 1100 -6 24 1 51 51
1462 12 742 500 6 -24 1 55 51
1463 12 742 1100 6 -24 1 55 51
1464 8 500 0 6 -12851 1 60 0
1465 12 742 609 -6 24 0 55 55
1466 8 742 0 6 -12851 1 60 0
1467 8 903 0 -24 -12851 1 55 0
1468 12 742 609 6 -24 0 51 55
1469 8 500 0 6 -12851 1 60 0
1470 12 1100 742 6 -24 1 55 51
1471 8 742 0 6 -12851 0 55 0
1472 12 742 609 6 -24 1 51 55
1473 8 500 0 -24 -12851 0 55 0
1474 8 1100 0 24 -12851 1 55 0
1475 8 1100 0 24 -12851 1 55 0
1476 8 903 0 24 -12851 0 60 0
1477 8 903 0 -24 -12851 1 55 0
1478 8 609 0 -24 -12851 0 55 0
1479 12 1100 742 -6 24 0 55 55
1480 8 742 0 -6 -12851 1 55 0
1481 12 742 500 6 -24 1 55 51
1482 12 742 609 -6 24 0 51 55
1483 12 609 742 -6 24 1 55 51
1484 8 609 0 -24 -12851 0 55 0
1485 12 609 742 6 -24 0 51 51
1486 8 609 0 -6 -12851 0 55 0
1487 12 903 742 -6 24 0 51 51
1488 12 1100 742 6 -24 0 51 51
1489 12 609 742 -6 24 0 51 51
1490 8 903 0 -6 -12851 0 55 0
1491 8 1100 0 6 -12851 0 55 0
1492 8 500 0 24 -12851 0 60 0
1493 8 742 0 6 -12851 0 55 0
1494 8 903 0 -6 -12851 0 55 0
1495 8 500 0 -24 -12851 0 55 0
1496 12 742 500 -6 24 0 55 51
1497 8 742 0 6 -12851 0 60 0
1498 12 1100 742 6 -24 0 55 51
1499 8 500 0 -6 -12851 0 60 0
1500 8 1100 0 -24 -12851 1 55 0
1501 8 1100 0 -24 -12851 1 60 0
1502 12 903 742 6 -24 0 51 55
1503 8 609 0 -24 -12851 1 60 0
1504 8 609 0 -6 -12851 1 55 0
1505 8 903 0 -24 -12851 1 60 0
1506 8 1100 0 24 -12851 0 60 0
1507 12 742 903 -6 24 0 51 55
1508 12 742 609 -6 24 0 51 55
1509 12 609 742 -6 24 0 51 51
1510 8 903 0 24 -12851 1 60 0
1511 12 742 500 -6 24 0 55 51
1512 8 742 0 -6 -12851 1 60 0
1513 8 500 0 24 -12851 0 55 0
1514 12 742 903 6 -24 1 51 55
1515 8 903 0 6 -12851 1 55 0
1516 12 609 742 6 -24 0 55 55
1517 12 742 903 -6 24 0 55 51
1518 12 903 742 6 -24 0 55 55
1519 12 742 500 6 -24 0 55 51
1520 8 742 0 -6 -12851 1 55 0
1521 12 500 742 6 -24 1 51 55
1522 12 903 742 -6 24 0 55 51
1523 8 1100 0 24 -12851 1 60 0
1524 12 1100 742 6 -24 1 51 55
1525 8 742 0 -6 -12851 1 55 0
1526 8 609 0 -6 -12851 1 60 0
1527 8 609 0 -6 -12851 0 60 0
1528 8 500 0 -24 -12851 0 60 0
1529 12 500 742 -6 24 0 51 55
1530 12 742 1100 6 -24 0 51 55
1531 8 1100 0 -6 -12851 1 55 0
1532 8 500 0 24 -12851 0 55 0
1533 8 1100 0 24 -12851 0 60 0
1534 8 1100 0 6 -12851 1 60 0
1535 12 742 1100 6 -24 1 51 51
1536 12 742 903 -6 24 0 51 55
1537 8 903 0 -6 -12851 1 60 0
1538 12 1100 742 -6 24 0 55 55
1539 8 1100 0 -6 -12851 1 60 0
1540 12 1100 742 -6 24 0 55 55
1541 8 903 0 6 -12851 1 60 0
1542 12 742 609 6 -24 0 55 55
1543 8 609 0 24 -12851 1 60 0
1544 8 500 0 24 -12851 1 55 0
1545 12 742 500 6 -24 0 51 51
1546 8 1100 0 6 -12851 1 55 0
1547 8 500 0 -6 -12851 1 55 0
1548 8 903 0 6 -12851 1 55 0
1549 8 742 0 -24 -12851 0 60 0
1550 8 742 0 6 -12851 1 60 0
1551 8 609 0 -24 -12851 1 55 0
1552 8 500 0 24 -12851 1 60 0
1553 8 609 0 6 -12851 1 55 0
1554 12 742 903 -6 24 1 51 55
1555 8 742 0 -24 -12851 1 60 0
1556 8 1100 0 24 -12851 1 55 0
1557 8 1100 0 6 -12851 1 55 0
1558 8 903 0 -24 -12851 0 60 0
1559 12 609 742 6 -24 0 51 51
1560 12 742 1100 6 -24 0 51 51
1561 8 903 0 24 -12851 0 55 0
1562 8 1100 0 24 -12851 0 60 0
1563 8 903 0 24 -12851 1 60 0
1564 8 609 0 24 -12851 1 60 0
1565 12 742 903 6 -24 1 55 51
1566 12 742 609 6 -24 1 55 51
1567 8 609 0 -24 -12851 0 60 0
1568 12 500 742 -6 24 0 51 51
1569 8 500 0 -24 -12851 1 55 0
1570 12 742 1100 6 -24 1 51 51
1571 8 1100 0 6 -12851 1 55 0
1572 12 742 1100 6 -24 0 51 55
1573 8 609 0 -24 -12851 1 60 0
1574 8 742 0 6 -12851 1 60 0
1575 12 903 742 -6 24 0 55 51
1576 8 742 0 -6 -12851 0 55 0
1577 8 742 0 6 -12851 1 55 0
1578 8 500 0 24 -12851 0 60 0
1579 8 500 0 6 -12851 1 60 0
1580 8 609 0 6 -12851 1 60 0
1581 8 609 0 -6 -12851 1 55 0
1582 8 903 0 -6 -12851 1 60 0
1583 12 903 742 -6 24 0 51 51
1584 12 742 903 6 -24 0 51 51
1585 8 742 0 -24 -12851 0 55 0
1586 12 903 742 6 -24 1 51 51
1587 8 1100 0 -6 -12851 0 55 0
1588 12 1100 742 -6 24 0 51 55
1589 8 903 0 24 -12851 0 60 0
1590 12 500 742 -6 24 0 55 51
1591 8 903 0 6 -12851 0 55 0
1592 8 742 0 -24 -12851 0 55 0
1593 8 500 0 -24 -12851 0 55 0
1594 8 609 0 6 -12851 0 55 0
1595 8 742 0 -6 -12851 0 60 0
1596 8 1100 0 -6 -12851 0 60 0
1597 8 1100 0 -6 -12851 0 55 0
1598 12 742 500 -6 24 0 51 55
1599 8 500 0 6 -12851 0 60 0
1600 12 500 742 -6 24 0 55 55
1601 12 903 742 6 -24 0 51 55
1602 8 609 0 -24 -12851 0 60 0
1603 8 500 0 -24 -12851 0 60 0
1604 12 500 742 6 -24 0 55 55
1605 12 742 609 -6 24 0 51 51
1606 8 903 0 24 -12851 0 60 0
1607 8 903 0 -24 -12851 0 60 0
1608 12 500 742 -6 24 0 55 55
1609 12 742 1100 6 -24 0 51 51
1610 8 1100 0 24 -12851 0 60 0
1611 12 903 742 -6 24 0 51 55
1612 8 500 0 -24 -12851 0 55 0
1613 12 609 742 -6 24 0 51 55
1614 12 742 500 6 -24 0 51 51
1615 12 609 742 6 -24 0 55 51
1616 12 742 500 -6 24 0 51 55
1617 8 742 0 -6 -12851 0 60 0
1618 12 742 500 6 -24 0 55 51
1619 8 500 0 24 -12851 0 60 0
1620 8 1100 0 -24 -12851 0 60 0
1621 8 500 0 -24 -12851 0 60 0
1622 8 1100 0 6 -12851 0 55 0
1623 12 903 742 -6 24 0 55 55
1624 12 742 500 6 -24 0 51 51
1625 8 742 0 24 -12851 0 55 0
1626 8 609 0 24 -12851 0 60 0
1627 8 609 0 6 -12851 0 60 0
1628 8 903 0 -6 -12851 0 55 0
1629 8 742 0 6 -12851 0 55 0
1630 8 609 0 -6 -12851 0 60 0
1631 8 903 0 -6 -12851 0 60 0
1632 12 1100 742 6 -24 0 55 51
1633 12 742 609 -6 24 0 55 55
1634 8 903 0 -6 -12851 0 55 0
1635 8 903 0 6 -12851 0 55 0
1636 12 1100 742 -6 24 0 55 51
1637 12 1100 742 6 -24 0 51 55
1638 8 903 0 6 -12851 0 60 0
1639 12 742 903 -6 24 0 51 51
1640 8 609 0 -6 -12851 0 60 0
1641 8 903 0 6 -12851 0 55 0
1642 8 609 0 24 -12851 0 55 0
1643 8 500 0 -6 -12851 0 55 0
1644 12 742 903 6 -24 0 51 51
1645 8 742 0 -24 -12851 0 60 0
1646 8 742 0 24 -12851 0 55 0
1647 12 903 742 6 -24 0 51 51
1648 8 500 0 -6 -12851 0 60 0
1649 8 742 0 24 -12851 0 60 0
1650 8 609 0 -24 -12851 0 60 0
1651 8 1100 0 -6 -12851 0 60 0
1652 8 1100 0 6 -12851 0 60 0
1653 12 1100 742 -6 24 0 51 51
1654 12 500 742 -6 24 0 55 55
1655 12 742 609 -6 24 0 51 51
1656 8 1100 0 -24 -12851 0 55 0
1657 8 500 0 6 -12851 0 60 0
1658 8 1100 0 -6 -12851 0 55 0
1659 8 1100 0 24 -12851 0 55 0
1660 12 742 500 6 -24 0 51 55
1661 12 609 742 6 -24 0 51 51
1662 8 609 0 24 -12851 0 55 0
1663 8 609 0 -6 -12851 0 55 0
1664 12 1100 742 6 -24 0 55 51
1665 8 742 0 -24 -12851 0 55 0
1666 8 903 0 6 -12851 0 55 0
1667 8 1100 0 6 -12851 0 55 0
1668 12 609 742 -6 24 0 55 55
1669 12 742 1100 -6 24 0 55 51
1670 8 742 0 6 -12851 0 60 0
1671 8 500 0 24 -12851 0 60 0
1672 12 742 609 6 -24 0 51 51
1673 12 609 742 6 -24 0 55 51
1674 8 1100 0 -24 -12851 0 60 0
1675 12 742 1100 6 -24 0 55 51
1676 12 903 742 -6 24 0 55 51
1677 8 609 0 24 -12851 0 60 0
1678 8 903 0 -24 -12851 0 60 0
1679 8 903 0 6 -12851 0 60 0
1680 8 742 0 -24 -12851 0 55 0
