288 8 903 0 -24 -12851 1 60 0
289 12 903 742 6 -24 0 51 55
290 12 742 500 6 -24 1 55 55
291 12 742 609 -6 24 1 55 51
292 12 742 903 6 -24 0 55 51
293 12 1100 742 -6 24 1 51 55
294 12 609 742 6 -24 1 55 51
295 12 1100 742 6 -24 1 55 55
296 12 742 903 -6 24 1 51 51
297 12 742 1100 6 -24 1 55 55
298 12 609 742 6 -24 1 55 51
299 8 1100 0 6 -12851 1 55 0
300 8 500 0 -6 -12851 1 60 0
301 8 1100 0 -24 -12851 0 55 0
302 8 500 0 -24 -12851 1 55 0
303 12 903 742 -6 24 1 51 55
304 12 742 1100 6 -24 1 51 51
305 8 609 0 24 -12851 1 60 0
306 8 742 0 24 -12851 1 55 0
307 8 742 0 -6 -12851 0 60 0
308 12 609 742 6 -24 0 51 55
309 8 742 0 -24 -12851 1 60 0
310 12 742 903 -6 24 0 55 51
311 12 742 903 6 -24 0 55 55
312 8 903 0 6 -12851 1 55 0
313 12 609 742 6 -24 1 51 51
314 8 903 0 -24 -12851 0 55 0
315 12 609 742 -6 24 1 51 51
316 8 1100 0 -24 -12851 0 60 0
317 12 742 1100 6 -24 0 51 55
318 12 742 903 6 -24 0 55 55
319 8 500 0 -24 -12851 1 60 0
320 12 500 742 6 -24 0 55 51
321 12 742 609 -6 24 0 55 51
322 12 903 742 -6 24 1 51 51
323 8 1100 0 24 -12851 1 60 0
324 8 742 0 -6 -12851 0 55 0
325 8 742 0 24 -12851 1 60 0
326 8 609 0 -6 -12851 1 60 0
327 8 903 0 24 -12851 1 60 0
328 8 609 0 6 -12851 1 55 0
329 8 1100 0 -24 -12851 1 55 0
330 12 609 742 -6 24 0 55 51
331 8 742 0 -6 -12851 1 60 0
332 12 742 500 -6 24 0 55 55
333 8 500 0 24 -12851 1 55 0
334 12 500 742 -6 24 1 55 51
335 8 903 0 6 -12851 1 55 0
336 8 609 0 24 -12851 1 55 0
337 8 500 0 24 -12851 1 55 0
338 12 903 742 6 -24 0 51 51
339 8 500 0 6 -12851 1 60 0
340 12 742 903 6 -24 0 55 51
341 8 500 0 6 -12851 1 55 0
342 12 500 742 -6 24 0 51 55
343 8 500 0 24 -12851 1 60 0
344 8 500 0 -6 -12851 0 55 0
345 12 903 742 6 -24 1 51 51
346 12 903 742 6 -24 1 51 55
347 8 1100 0 -24 -12851 0 55 0
348 12 500 742 -6 24 1 51 51
349 8 609 0 -6 -12851 0 60 0
350 12 742 903 6 -24 1 51 55
351 8 609 0 6 -12851 1 60 0
352 8 609 0 -6 -12851 0 60 0
353 12 609 742 -6 24 1 51 51
354 12 742 1100 -6 24 1 55 51
355 12 903 742 6 -24 1 51 51
356 8 1100 0 -6 -12851 0 60 0
357 12 500 742 6 -24 1 51 55
358 8 742 0 -24 -12851 1 55 0
359 12 609 742 6 -24 1 55 55
360 8 742 0 -24 -12851 1 60 0
361 8 1100 0 -6 -12851 0 55 0
362 8 903 0 24 -12851 1 60 0
363 8 742 0 -24 -12851 1 60 0
364 12 742 500 6 -24 0 51 51
365 8 903 0 -24 -12851 1 60 0
366 8 903 0 24 -12851 1 60 0
367 12 609 742 6 -24 1 55 55
368 8 1100 0 -24 -12851 1 60 0
369 8 1100 0 24 -12851 1 60 0
370 12 500 742 6 -24 1 51 51
371 12 609 742 -6 24 1 55 55
372 8 1100 0 24 -12851 1 55 0
373 8 609 0 -6 -12851 0 60 0
374 8 1100 0 -24 -12851 0 60 0
375 8 903 0 -24 -12851 0 60 0
376 8 742 0 6 -12851 1 55 0
377 12 742 1100 6 -24 1 51 55
378 12 609 742 6 -24 1 55 51
379 8 609 0 -24 -12851 0 60 0
380 8 500 0 24 -12851 1 60 0
381 12 903 742 -6 24 1 55 55
382 8 500 0 -6 -12851 0 55 0
383 8 742 0 -24 -12851 1 60 0
384 8 609 0 6 -12851 1 55 0
385 8 742 0 6 -12851 1 60 0
386 12 742 500 -6 24 1 51 55
387 8 500 0 -6 -12851 1 60 0
388 8 903 0 6 -12851 1 55 0
389 8 903 0 24 -12851 1 55 0
390 12 742 609 6 -24 1 55 51
391 8 742 0 -24 -12851 0 55 0
392 8 742 0 24 -12851 0 55 0
393 12 903 742 -6 24 1 51 51
394 12 742 903 6 -24 1 55 51
395 8 609 0 6 -12851 1 60 0
396 8 609 0 -24 -12851 0 60 0
397 12 742 1100 -6 24 1 55 51
398 8 1100 0 6 -12851 1 60 0
399 12 742 1100 -6 24 0 55 51
400 8 609 0 6 -12851 1 60 0
401 8 903 0 24 -12851 1 60 0
402 8 500 0 -6 -12851 0 60 0
403 8 1100 0 24 -12851 1 60 0
404 8 742 0 -6 -12851 0 60 0
405 8 742 0 24 -12851 1 55 0
406 8 1100 0 -24 -12851 0 55 0
407 12 1100 742 6 -24 1 55 51
408 8 500 0 24 -12851 1 55 0
409 12 609 742 6 -24 1 55 55
410 8 500 0 24 -12851 1 55 0
411 8 903 0 -24 -12851 1 60 0
412 8 903 0 6 -12851 1 55 0
413 8 903 0 -24 -12851 0 55 0
414 12 903 742 -6 24 0 55 55
415 12 742 609 -6 24 0 55 55
416 8 903 0 6 -12851 1 55 0
417 8 609 0 -24 -12851 1 60 0
418 8 500 0 -6 -12851 0 55 0
419 8 609 0 24 -12851 1 60 0
420 8 903 0 6 -12851 1 55 0
421 8 903 0 -24 -12851 0 60 0
422 8 742 0 -24 -12851 1 60 0
423 8 609 0 -6 -12851 0 55 0
424 12 903 742 6 -24 1 51 55
425 8 1100 0 24 -12851 1 55 0
426 8 1100 0 24 -12851 1 60 0
427 12 742 500 -6 24 0 55 55
428 8 1100 0 6 -12851 1 55 0
429 12 742 609 -6 24 0 55 51
430 8 500 0 24 -12851 1 55 0
431 12 742 903 6 -24 1 55 51
432 8 742 0 24 -12851 0 60 0
433 8 742 0 24 -12851 0 55 0
434 8 500 0 -6 -12851 0 55 0
435 12 609 742 -6 24 1 55 55
436 8 903 0 -6 -12851 0 55 0
437 8 903 0 6 -12851 1 60 0
438 8 609 0 -24 -12851 1 60 0
439 8 903 0 -24 -12851 0 60 0
440 8 1100 0 6 -12851 1 55 0
441 8 903 0 -24 -12851 1 60 0
442 8 1100 0 6 -12851 1 55 0
443 12 609 742 -6 24 1 55 55
444 8 500 0 6 -12851 1 55 0
445 12 903 742 6 -24 1 51 55
446 12 742 1100 6 -24 1 51 55
447 12 742 609 6 -24 1 55 55
448 8 500 0 -6 -12851 1 60 0
449 12 1100 742 6 -24 1 55 51
450 8 742 0 -24 -12851 0 55 0
451 8 500 0 6 -12851 1 55 0
452 8 609 0 -6 -12851 1 60 0
453 8 742 0 24 -12851 1 60 0
454 8 742 0 6 -12851 1 55 0
455 8 609 0 6 -12851 1 60 0
456 12 1100 742 6 -24 1 51 55
457 8 1100 0 -6 -12851 0 55 0
458 8 1100 0 -24 -12851 1 55 0
459 8 1100 0 -6 -12851 0 60 0
460 8 1100 0 24 -12851 0 55 0
461 8 609 0 -6 -12851 0 55 0
462 12 903 742 6 -24 1 55 55
463 8 1100 0 -6 -12851 0 60 0
464 8 903 0 -24 -12851 0 55 0
465 8 742 0 -6 -12851 1 55 0
466 8 609 0 6 -12851 1 60 0
467 12 1100 742 -6 24 1 55 51
468 8 500 0 -6 -12851 0 60 0
469 12 742 1100 6 -24 0 55 55
470 8 500 0 -6 -12851 0 55 0
471 8 742 0 6 -12851 1 55 0
472 8 609 0 24 -12851 1 55 0
473 8 742 0 -24 -12851 0 55 0
474 8 500 0 6 -12851 1 60 0
475 8 903 0 -6 -12851 0 55 0
476 8 903 0 24 -12851 1 60 0
477 8 742 0 24 -12851 1 60 0
478 12 742 609 6 -24 1 51 55
479 8 742 0 6 -12851 0 60 0
480 8 1100 0 6 -12851 1 60 0
481 8 1100 0 6 -12851 1 60 0
482 12 1100 742 6 -24 1 55 55
483 8 742 0 6 -12851 0 55 0
484 8 500 0 24 -12851 1 60 0
485 8 903 0 24 -12851 1 55 0
486 12 500 742 -6 24 0 51 51
487 8 1100 0 6 -12851 1 55 0
488 8 609 0 -6 -12851 0 60 0
489 8 500 0 6 -12851 1 55 0
490 12 1100 742 -6 24 1 51 51
491 12 742 903 -6 24 0 55 55
492 12 1100 742 6 -24 1 51 51
493 8 742 0 -24 -12851 1 55 0
494 8 500 0 24 -12851 1 60 0
495 8 609 0 6 -12851 1 60 0
496 12 1100 742 6 -24 1 55 55
497 8 903 0 -6 -12851 1 60 0
498 8 609 0 -6 -12851 0 55 0
499 12 742 609 -6 24 1 55 55
500 8 903 0 -6 -12851 0 55 0
501 8 903 0 -24 -12851 1 55 0
502 8 903 0 6 -12851 1 55 0
503 8 742 0 -24 -12851 0 60 0
504 8 500 0 24 -12851 1 60 0
505 8 609 0 -24 -12851 1 55 0
506 8 1100 0 -24 -12851 1 60 0
507 12 1100 742 6 -24 1 51 51
508 8 903 0 -6 -12851 0 55 0
509 12 500 742 -6 24 0 55 51
510 12 742 609 6 -24 0 55 51
511 12 500 742 6 -24 1 55 55
512 12 903 742 -6 24 1 55 55
513 8 1100 0 6 -12851 0 55 0
514 8 903 0 -24 -12851 0 55 0
515 8 500 0 6 -12851 1 55 0
516 12 742 903 -6 24 0 51 55
517 12 742 609 -6 24 0 55 55
518 8 742 0 -6 -12851 1 55 0
519 12 609 742 6 -24 1 51 55
520 12 742 903 -6 24 1 55 55
521 8 1100 0 -24 -12851 1 55 0
522 8 609 0 -24 -12851 0 60 0
523 12 742 903 6 -24 1 51 51
524 8 500 0 24 -12851 1 55 0
525 8 609 0 -24 -12851 0 55 0
526 8 742 0 6 -12851 1 60 0
527 8 903 0 -6 -12851 0 55 0
528 8 903 0 -6 -12851 0 60 0
529 12 742 609 -6 24 0 51 51
530 8 609 0 -24 -12851 1 60 0
531 12 500 742 6 -24 1 55 55
532 8 742 0 24 -12851 1 55 0
533 12 903 742 6 -24 0 51 51
534 8 609 0 -6 -12851 0 55 0
535 12 742 903 -6 24 0 51 51
536 12 742 903 -6 24 0 55 55
537 8 742 0 -6 -12851 0 60 0
538 8 1100 0 24 -12851 0 55 0
539 8 500 0 -24 -12851 1 60 0
540 8 903 0 -24 -12851 1 60 0
541 12 742 609 6 -24 1 51 51
542 8 742 0 6 -12851 1 60 0
543 12 742 500 6 -24 0 55 55
544 12 742 500 -6 24 1 51 51
545 8 1100 0 6 -12851 1 60 0
546 8 1100 0 24 -12851 0 60 0
547 12 500 742 6 -24 1 55 55
548 8 500 0 -6 -12851 1 60 0
549 8 609 0 -24 -12851 1 60 0
550 12 742 500 6 -24 0 51 55
551 8 903 0 24 -12851 0 55 0
552 8 500 0 24 -12851 0 55 0
553 8 742 0 24 -12851 1 60 0
554 12 742 500 -6 24 0 51 55
555 12 609 742 -6 24 0 51 51
556 12 742 1100 -6 24 0 51 51
557 12 742 903 6 -24 0 55 55
558 12 742 609 6 -24 0 51 55
559 8 742 0 -24 -12851 0 60 0
560 12 742 609 6 -24 1 55 55
561 8 500 0 6 -12851 1 60 0
562 12 609 742 -6 24 0 51 51
563 8 903 0 24 -12851 1 55 0
564 12 609 742 -6 24 1 51 55
565 8 500 0 6 -12851 0 55 0
566 8 903 0 24 -12851 1 60 0
567 12 742 500 -6 24 0 55 51
568 12 500 742 -6 24 0 55 55
569 12 1100 742 -6 24 0 55 55
570 8 1100 0 6 -12851 0 60 0
571 12 903 742 6 -24 0 51 55
572 8 1100 0 -6 -12851 0 55 0
573 8 742 0 24 -12851 0 60 0
574 8 742 0 6 -12851 0 55 0
575 12 742 609 -6 24 0 55 51
576 8 903 0 6 -12851 0 55 0
577 12 1100 742 6 -24 0 55 55
578 8 1100 0 -6 -12851 0 55 0
579 8 609 0 24 -12851 0 55 0
580 12 742 903 6 -24 0 51 51
581 8 500 0 -6 -12851 0 55 0
582 8 609 0 -24 -12851 0 55 0
583 12 742 1100 6 -24 0 51 51
584 8 609 0 -6 -12851 0 60 0
585 8 903 0 -24 -12851 0 55 0
586 8 903 0 6 -12851 0 60 0
587 12 1100 742 6 -24 0 51 51
588 12 903 742 -6 24 0 51 51
589 8 742 0 -24 -12851 0 55 0
590 8 903 0 -6 -12851 0 60 0
591 12 742 903 6 -24 0 55 55
592 8 903 0 6 -12851 0 60 0
593 12 1100 742 6 -24 0 55 55
594 8 742 0 -6 -12851 0 55 0
595 8 609 0 6 -12851 0 60 0
596 8 1100 0 6 -12851 0 60 0
597 12 609 742 6 -24 0 51 55
598 8 1100 0 24 -12851 0 55 0
599 8 500 0 -24 -12851 0 55 0
600 8 742 0 6 -12851 0 60 0
601 8 500 0 -6 -12851 0 55 0
602 12 609 742 6 -24 0 55 51
603 12 742 903 6 -24 0 51 51
604 12 1100 742 6 -24 0 51 51
605 12 742 609 -6 24 0 51 51
606 12 742 609 6 -24 0 51 51
607 12 742 903 -6 24 0 55 55
608 12 742 609 6 -24 0 51 51
609 8 1100 0 24 -12851 0 60 0
610 8 609 0 24 -12851 0 60 0
611 8 609 0 -6 -12851 0 55 0
612 12 609 742 6 -24 1 55 51
613 8 500 0 -24 -12851 0 55 0
614 12 742 1100 -6 24 0 55 51
615 8 609 0 6 -12851 1 55 0
616 8 609 0 -6 -12851 0 60 0
617 8 500 0 24 -12851 0 55 0
618 8 742 0 -6 -12851 0 60 0
619 8 903 0 24 -12851 0 55 0
620 12 742 903 6 -24 0 51 51
621 12 742 609 -6 24 0 55 55
622 12 500 742 -6 24 0 55 55
623 8 903 0 6 -12851 0 55 0
624 8 1100 0 24 -12851 0 60 0
625 12 742 609 6 -24 0 51 51
626 8 1100 0 6 -12851 0 55 0
627 8 609 0 -24 -12851 0 60 0
628 8 742 0 -6 -12851 0 55 0
629 8 903 0 6 -12851 1 60 0
630 8 1100 0 -6 -12851 0 60 0
631 12 742 1100 6 -24 0 55 55
632 8 742 0 -6 -12851 0 60 0
633 8 609 0 6 -12851 1 55 0
634 8 500 0 24 -12851 1 60 0
635 12 742 1100 6 -24 1 55 55
636 12 742 903 6 -24 1 51 55
637 8 500 0 -6 -12851 0 55 0
638 8 609 0 6 -12851 1 55 0
639 8 609 0 24 -12851 1 55 0
640 8 903 0 -6 -12851 1 60 0
641 8 609 0 -24 -12851 1 60 0
642 8 903 0 -6 -12851 1 60 0
643 8 1100 0 24 -12851 1 60 0
644 12 609 742 -6 24 0 51 55
645 8 500 0 -24 -12851 1 55 0
646 8 903 0 -24 -12851 1 60 0
647 8 1100 0 -6 -12851 1 55 0
648 8 500 0 24 -12851 1 55 0
649 8 1100 0 -6 -12851 1 55 0
650 12 1100 742 6 -24 0 55 51
651 12 742 500 -6 24 1 55 51
652 8 500 0 -6 -12851 0 55 0
653 8 609 0 -24 -12851 1 55 0
654 8 742 0 -6 -12851 0 60 0
655 12 742 500 6 -24 0 51 51
656 12 742 903 -6 24 0 51 55
657 12 742 500 -6 24 0 55 51
658 12 1100 742 -6 24 1 55 55
659 8 742 0 -24 -12851 0 55 0
660 8 742 0 6 -12851 1 60 0
661 12 500 742 -6 24 0 51 51
662 8 903 0 -6 -12851 0 60 0
663 12 903 742 6 -24 1 55 55
664 8 903 0 -24 -12851 1 60 0
665 8 609 0 24 -12851 1 55 0
666 12 500 742 6 -24 0 55 55
667 8 742 0 6 -12851 1 55 0
668 8 609 0 -6 -12851 1 55 0
669 12 609 742 6 -24 1 55 55
670 12 742 609 6 -24 1 55 51
671 8 742 0 -24 -12851 0 55 0
672 8 1100 0 -24 -12851 1 60 0
673 8 500 0 6 -12851 1 60 0
674 12 500 742 6 -24 1 55 51
675 12 742 903 6 -24 1 51 55
676 12 742 500 6 -24 1 51 51
677 8 903 0 -24 -12851 1 55 0
678 8 742 0 -6 -12851 1 60 0
679 12 742 903 -6 24 1 51 55
680 8 1100 0 6 -12851 1 55 0
681 12 500 742 6 -24 0 55 55
682 12 609 742 6 -24 1 55 51
683 12 500 742 6 -24 1 51 51
684 12 609 742 6 -24 1 51 55
685 12 742 500 -6 24 0 55 51
686 12 500 742 6 -24 0 55 51
687 8 1100 0 24 -12851 0 60 0
688 8 500 0 6 -12851 1 55 0
689 8 609 0 -24 -12851 0 60 0
690 8 903 0 24 -12851 1 55 0
691 8 500 0 -6 -12851 1 55 0
692 12 609 742 6 -24 0 51 51
693 8 609 0 -24 -12851 1 55 0
694 8 609 0 6 -12851 0 60 0
695 8 609 0 24 -12851 1 60 0
696 12 609 742 -6 24 0 55 55
697 12 1100 742 6 -24 1 55 51
698 8 903 0 -24 -12851 0 60 0
699 8 609 0 -24 -12851 1 60 0
700 12 742 903 -6 24 0 55 55
701 12 1100 742 -6 24 0 55 55
702 12 742 903 -6 24 0 55 55
703 8 1100 0 -6 -12851 0 60 0
704 12 903 742 6 -24 0 51 55
705 12 1100 742 -6 24 1 55 55
706 12 742 609 -6 24 0 55 55
707 12 500 742 6 -24 1 51 55
708 12 500 742 6 -24 0 55 55
709 8 903 0 24 -12851 0 55 0
710 8 500 0 -6 -12851 0 55 0
711 12 500 742 6 -24 0 55 51
712 12 1100 742 -6 24 0 55 55
713 8 500 0 24 -12851 0 60 0
714 8 1100 0 -6 -12851 0 55 0
715 12 609 742 -6 24 0 55 51
716 12 500 742 6 -24 0 55 55
717 8 742 0 -6 -12851 1 60 0
718 12 742 903 6 -24 1 51 55
719 8 742 0 24 -12851 0 60 0
720 12 903 742 6 -24 0 51 55
721 12 609 742 -6 24 0 55 51
722 8 500 0 -24 -12851 0 60 0
723 8 742 0 6 -12851 0 55 0
724 12 742 500 -6 24 0 55 55
725 8 1100 0 6 -12851 1 55 0
726 8 903 0 -6 -12851 1 55 0
727 8 500 0 6 -12851 1 55 0
728 8 500 0 6 -12851 0 55 0
729 8 903 0 6 -12851 0 55 0
730 8 1100 0 24 -12851 0 55 0
731 8 500 0 24 -12851 0 60 0
732 8 500 0 6 -12851 0 55 0
733 12 500 742 -6 24 0 51 51
734 12 742 609 6 -24 0 51 55
735 12 742 609 -6 24 0 51 55
736 12 742 1100 -6 24 0 51 51
737 8 903 0 -24 -12851 0 60 0
738 12 500 742 -6 24 0 51 55
739 8 609 0 6 -12851 0 60 0
740 12 1100 742 -6 24 0 55 51
741 8 609 0 6 -12851 0 55 0
742 12 609 742 -6 24 0 51 55
743 12 742 1100 6 -24 0 55 55
744 8 1100 0 24 -12851 1 55 0
745 8 903 0 -24 -12851 0 55 0
746 12 742 500 -6 24 0 55 55
747 8 609 0 24 -12851 0 55 0
748 12 742 500 6 -24 0 55 55
749 8 1100 0 6 -12851 0 55 0
750 12 609 742 6 -24 0 55 51
751 12 742 1100 -6 24 0 55 51
752 12 1100 742 6 -24 1 51 51
753 12 742 500 6 -24 0 55 55
754 12 1100 742 6 -24 0 51 55
755 12 742 500 -6 24 0 55 55
756 8 742 0 24 -12851 0 55 0
757 8 742 0 -24 -12851 0 60 0
758 8 742 0 6 -12851 0 60 0
759 8 1100 0 6 -12851 0 55 0
760 8 1100 0 -6 -12851 1 55 0
761 8 1100 0 6 -12851 0 60 0
762 8 1100 0 24 -12851 0 60 0
763 12 742 609 -6 24 0 55 51
764 8 500 0 24 -12851 0 60 0
765 8 500 0 -24 -12851 0 60 0
766 8 609 0 -6 -12851 0 55 0
767 8 500 0 24 -12851 0 60 0
768 8 742 0 -24 -12851 0 55 0
769 12 500 742 -6 24 0 51 55
770 8 609 0 -6 -12851 0 55 0
771 8 742 0 6 -12851 0 60 0
772 12 742 903 -6 24 0 55 55
773 8 903 0 24 -12851 0 60 0
774 12 742 609 -6 24 0 55 55
775 12 742 500 -6 24 0 55 55
776 8 903 0 -6 -12851 0 60 0
777 8 742 0 -24 -12851 0 60 0
778 8 609 0 -24 -12851 0 55 0
779 8 903 0 24 -12851 0 60 0
780 12 742 500 -6 24 0 55 55
781 8 903 0 6 -12851 0 60 0
782 8 903 0 -6 -12851 0 60 0
783 12 742 500 6 -24 0 51 51
784 12 609 742 6 -24 0 51 51
785 8 742 0 -24 -12851 0 60 0
786 12 903 742 6 -24 0 51 51
787 8 742 0 -24 -12851 0 60 0
788 8 742 0 6 -12851 0 60 0
789 8 1100 0 24 -12851 0 60 0
790 12 742 1100 6 -24 0 51 51
791 8 500 0 -24 -12851 0 60 0
792 8 500 0 24 -12851 0 60 0
793 8 609 0 6 -12851 0 60 0
794 12 742 500 -6 24 0 51 55
795 12 500 742 6 -24 0 55 55
796 12 742 609 -6 24 0 51 55
797 8 903 0 -24 -12851 0 60 0
798 8 903 0 -24 -12851 0 60 0
799 12 742 609 -6 24 0 51 55
800 12 742 903 -6 24 0 51 55
801 12 1100 742 -6 24 0 55 51
802 12 742 609 6 -24 0 55 51
803 12 500 742 -6 24 0 55 55
804 8 500 0 6 -12851 0 60 0
805 12 742 609 -6 24 0 51 55
806 8 609 0 -6 -12851 0 60 0
807 8 1100 0 6 -12851 0 60 0
808 12 742 500 -6 24 0 51 55
809 12 742 903 -6 24 0 55 51
810 12 903 742 -6 24 0 55 51
811 8 1100 0 -24 -12851 0 60 0
812 12 609 742 -6 24 0 55 55
813 8 609 0 6 -12851 0 60 0
814 12 742 903 -6 24 0 55 51
815 12 903 742 -6 24 0 55 51
816 12 609 742 6 -24 0 55 51
817 8 1100 0 -6 -12851 0 55 0
818 8 1100 0 -24 -12851 0 60 0
819 8 500 0 6 -12851 0 55 0
820 8 903 0 6 -12851 0 55 0
821 12 500 742 6 -24 0 51 55
822 12 609 742 -6 24 0 51 55
823 12 903 742 6 -24 0 51 51
824 8 903 0 24 -12851 0 60 0
825 12 742 1100 -6 24 0 51 55
826 8 903 0 -6 -12851 0 60 0
827 8 742 0 6 -12851 0 60 0
828 8 742 0 -6 -12851 0 55 0
829 12 609 742 6 -24 0 51 51
830 12 742 609 6 -24 0 55 55
831 8 609 0 24 -12851 0 60 0
832 12 500 742 6 -24 0 51 51
833 12 903 742 6 -24 0 55 55
834 12 903 742 6 -24 0 55 51
835 8 609 0 -6 -12851 0 55 0
836 8 609 0 6 -12851 0 55 0
837 8 1100 0 24 -12851 0 60 0
838 8 1100 0 24 -12851 0 60 0
839 8 742 0 -6 -12851 0 60 0
840 12 903 742 -6 24 0 51 51
841 12 609 742 6 -24 0 55 55
842 8 500 0 6 -12851 0 60 0
843 8 500 0 24 -12851 0 55 0
844 8 500 0 24 -12851 0 55 0
845 8 500 0 6 -12851 0 60 0
846 8 903 0 -24 -12851 0 60 0
847 12 500 742 -6 24 0 51 55
848 12 742 903 6 -24 0 51 51
849 12 742 609 6 -24 0 55 55
850 8 742 0 -24 -12851 0 60 0
851 8 742 0 -6 -12851 0 55 0
852 8 1100 0 6 -12851 0 60 0
853 12 903 742 6 -24 0 51 51
854 12 500 742 6 -24 0 55 55
855 12 742 903 -6 24 0 51 51
856 12 742 1100 6 -24 0 55 55
857 8 500 0 6 -12851 0 60 0
858 12 903 742 -6 24 0 55 51
859 12 742 500 -6 24 0 51 51
860 12 742 903 6 -24 0 51 55
861 8 742 0 -6 -12851 0 60 0
862 8 903 0 24 -12851 0 55 0
863 12 742 609 -6 24 0 51 51
864 8 500 0 -6 -12851 0 55 0
865 12 742 1100 6 -24 0 51 55
866 8 903 0 -24 -12851 0 60 0
867 12 742 500 6 -24 0 51 55
868 12 903 742 6 -24 0 55 55
869 8 1100 0 6 -12851 0 60 0
870 8 1100 0 6 -12851 0 55 0
871 12 500 742 6 -24 0 51 55
872 8 609 0 -24 -12851 0 60 0
873 12 903 742 6 -24 0 55 55
874 8 609 0 6 -12851 0 60 0
875 12 742 609 6 -24 0 51 51
876 8 609 0 6 -12851 0 55 0
877 12 742 903 6 -24 0 51 51
878 12 742 500 -6 24 0 51 55
879 8 1100 0 -24 -12851 0 60 0
880 8 1100 0 -24 -12851 0 60 0
881 12 742 903 6 -24 0 51 51
882 8 609 0 24 -12851 0 55 0
883 8 609 0 6 -12851 0 55 0
884 12 609 742 6 -24 0 51 55
885 12 742 609 6 -24 0 55 55
886 8 1100 0 -6 -12851 0 55 0
887 8 1100 0 24 -12851 0 60 0
888 8 742 0 -6 -12851 0 60 0
889 8 742 0 6 -12851 0 55 0
890 8 609 0 -6 -12851 0 55 0
891 8 500 0 -24 -12851 0 60 0
892 8 500 0 6 -12851 0 60 0
893 12 742 500 6 -24 0 51 51
894 8 500 0 -24 -12851 0 60 0
895 12 609 742 -6 24 0 51 51
896 8 742 0 -6 -12851 0 60 0
897 8 903 0 -24 -12851 0 55 0
898 12 609 742 6 -24 0 55 55
899 8 903 0 -6 -12851 0 60 0
900 8 903 0 6 -12851 0 60 0
901 8 500 0 -24 -12851 0 55 0
902 8 500 0 -6 -12851 0 55 0
903 8 500 0 6 -12851 0 55 0
904 12 742 500 6 -24 0 55 51
905 8 1100 0 6 -12851 0 55 0
906 8 903 0 -6 -12851 0 60 0
907 12 742 1100 -6 24 0 51 51
908 12 903 742 -6 24 0 55 55
909 12 742 609 6 -24 0 55 51
910 12 500 742 6 -24 0 55 55
911 8 1100 0 6 -12851 0 55 0
912 8 1100 0 -24 -12851 0 55 0
913 12 1100 742 -6 24 0 55 55
914 12 1100 742 -6 24 0 51 51
915 12 742 500 -6 24 0 55 55
916 8 609 0 -6 -12851 0 60 0
917 8 609 0 -6 -12851 0 60 0
918 8 742 0 -24 -12851 0 55 0
919 8 609 0 -6 -12851 0 55 0
920 12 500 742 -6 24 0 55 55
921 8 742 0 -6 -12851 0 60 0
922 8 742 0 6 -12851 0 55 0
923 8 903 0 -24 -12851 0 60 0
924 8 903 0 24 -12851 0 55 0
925 8 500 0 -24 -12851 0 55 0
926 8 903 0 -24 -12851 0 60 0
927 12 903 742 6 -24 0 51 51
928 12 903 742 6 -24 0 51 55
929 8 903 0 -24 -12851 0 55 0
930 12 742 1100 6 -24 0 51 55
931 8 903 0 24 -12851 0 55 0
932 8 742 0 -6 -12851 0 55 0
933 8 903 0 24 -12851 0 55 0
934 8 500 0 24 -12851 0 55 0
935 12 609 742 6 -24 0 51 51
936 8 1100 0 24 -12851 0 55 0
937 12 742 500 6 -24 0 55 55
938 8 1100 0 6 -12851 0 60 0
939 8 500 0 -24 -12851 0 55 0
940 12 500 742 6 -24 0 51 51
941 8 500 0 6 -12851 0 60 0
942 8 1100 0 24 -12851 0 60 0
943 12 742 609 -6 24 0 51 51
944 8 609 0 24 -12851 0 60 0
945 8 609 0 24 -12851 0 55 0
946 8 609 0 24 -12851 0 60 0
947 8 742 0 -24 -12851 0 55 0
948 8 742 0 6 -12851 0 60 0
949 8 1100 0 -24 -12851 0 55 0
950 8 1100 0 6 -12851 0 55 0
951 8 742 0 -6 -12851 0 60 0
952 8 742 0 6 -12851 0 60 0
953 12 742 609 6 -24 0 51 55
954 8 1100 0 24 -12851 0 60 0
955 12 742 1100 -6 24 0 55 51
956 8 609 0 6 -12851 0 55 0
957 12 742 500 6 -24 0 51 51
958 12 742 500 -6 24 0 55 55
959 8 742 0 24 -12851 0 55 0
960 8 500 0 -6 -12851 0 55 0
961 8 609 0 -24 -12851 0 55 0
962 12 742 903 -6 24 0 51 55
963 12 742 609 6 -24 0 51 51
964 8 609 0 -6 -12851 0 60 0
965 8 500 0 -24 -12851 0 55 0
966 8 1100 0 24 -12851 0 60 0
967 12 903 742 -6 24 0 51 51
968 8 500 0 -24 -12851 0 60 0
969 12 742 1100 -6 24 0 55 51
970 8 903 0 -6 -12851 0 55 0
971 12 742 1100 6 -24 0 55 55
972 8 903 0 -6 -12851 0 55 0
973 8 903 0 6 -12851 0 55 0
974 8 609 0 6 -12851 0 55 0
975 8 609 0 -24 -12851 0 55 0
976 8 609 0 -6 -12851 0 55 0
977 8 742 0 6 -12851 0 60 0
978 12 500 742 6 -24 0 55 51
979 12 609 742 -6 24 0 55 51
980 12 1100 742 6 -24 0 51 55
981 8 903 0 -24 -12851 0 60 0
982 12 1100 742 6 -24 0 51 55
983 8 500 0 6 -12851 0 55 0
984 8 1100 0 -24 -12851 0 55 0
985 12 609 742 6 -24 0 55 55
986 12 742 500 6 -24 0 51 51
987 8 500 0 -6 -12851 0 55 0
988 8 500 0 24 -12851 0 60 0
989 8 742 0 24 -12851 0 55 0
990 8 903 0 24 -12851 0 55 0
991 12 903 742 6 -24 0 51 51
992 12 742 1100 -6 24 0 51 55
993 8 1100 0 24 -12851 0 60 0
994 8 742 0 -6 -12851 0 55 0
995 12 1100 742 6 -24 0 51 51
996 8 1100 0 -24 -12851 0 60 0
997 12 742 500 6 -24 0 51 55
998 8 903 0 24 -12851 0 55 0
999 8 609 0 -6 -12851 0 60 0
1000 8 609 0 6 -12851 0 55 0
1001 8 609 0 24 -12851 0 60 0
1002 8 609 0 24 -12851 0 55 0
1003 12 609 742 6 -24 0 51 55
1004 8 742 0 -6 -12851 0 60 0
1005 8 1100 0 -6 -12851 0 60 0
1006 8 903 0 6 -12851 0 55 0
1007 8 500 0 -24 -12851 0 55 0
1008 12 742 500 6 -24 0 51 55
1009 8 742 0 6 -12851 0 60 0
1010 8 609 0 24 -12851 0 55 0
1011 8 500 0 -24 -12851 0 55 0
1012 8 742 0 6 -12851 0 60 0
1013 12 1100 742 -6 24 0 55 51
1014 12 742 903 -6 24 0 55 51
1015 8 500 0 6 -12851 0 55 0
1016 8 903 0 24 -12851 0 60 0
1017 8 903 0 -6 -12851 0 55 0
1018 12 500 742 -6 24 0 55 55
1019 8 1100 0 24 -12851 0 60 0
1020 8 1100 0 6 -12851 0 55 0
1021 8 742 0 24 -12851 0 55 0
1022 8 742 0 6 -12851 0 55 0
1023 8 609 0 6 -12851 0 60 0
1024 8 903 0 -6 -12851 0 60 0
1025 8 742 0 -24 -12851 0 60 0
1026 12 742 609 -6 24 0 55 51
1027 8 903 0 -24 -12851 0 60 0
1028 8 742 0 -24 -12851 0 55 0
1029 8 1100 0 -24 -12851 0 55 0
1030 8 500 0 24 -12851 0 60 0
1031 8 903 0 6 -12851 0 60 0
1032 12 500 742 6 -24 0 51 55
1033 12 609 742 6 -24 0 55 55
1034 12 742 500 6 -24 0 55 51
1035 12 500 742 6 -24 0 51 55
1036 8 609 0 -24 -12851 0 55 0
1037 12 742 1100 -6 24 0 55 51
1038 8 1100 0 -6 -12851 0 55 0
1039 8 1100 0 6 -12851 0 55 0
1040 8 500 0 -24 -12851 0 55 0
1041 8 500 0 6 -12851 0 55 0
1042 8 609 0 -6 -12851 0 55 0
1043 8 609 0 -24 -12851 0 60 0
1044 12 500 742 -6 24 0 51 51
1045 8 609 0 -24 -12851 0 60 0
1046 8 500 0 24 -12851 0 55 0
1047 12 742 500 6 -24 0 55 51
1048 8 500 0 -24 -12851 0 60 0
1049 12 500 742 -6 24 0 51 55
1050 12 742 609 -6 24 0 55 55
1051 12 742 1100 6 -24 0 55 55
1052 8 609 0 -24 -12851 0 55 0
1053 8 500 0 -24 -12851 0 55 0
1054 8 609 0 -6 -12851 0 60 0
1055 8 742 0 -24 -12851 0 60 0
1056 12 742 1100 6 -24 0 55 55
1057 8 903 0 -24 -12851 0 55 0
1058 8 903 0 6 -12851 0 55 0
1059 8 742 0 -6 -12851 0 60 0
1060 12 609 742 -6 24 0 55 55
1061 8 903 0 24 -12851 0 55 0
1062 8 742 0 -24 -12851 0 55 0
1063 12 742 609 -6 24 0 51 55
1064 8 1100 0 24 -12851 0 60 0
1065 12 742 903 -6 24 0 51 55
1066 8 1100 0 6 -12851 0 55 0
1067 8 1100 0 -6 -12851 0 60 0
1068 12 742 903 -6 24 0 51 55
1069 8 1100 0 6 -12851 0 60 0
1070 8 1100 0 -6 -12851 0 60 0
1071 8 609 0 -24 -12851 0 60 0
1072 8 609 0 -24 -12851 0 55 0
1073 12 742 500 -6 24 0 51 51
1074 12 742 903 6 -24 0 55 51
1075 8 1100 0 6 -12851 0 55 0
1076 12 742 609 -6 24 0 55 55
1077 12 742 1100 -6 24 0 51 51
1078 8 1100 0 24 -12851 0 55 0
1079 12 742 500 6 -24 0 51 55
1080 8 742 0 -24 -12851 0 60 0
1081 8 742 0 -24 -12851 0 60 0
1082 12 742 903 -6 24 0 51 51
1083 12 742 1100 6 -24 0 55 51
1084 8 609 0 24 -12851 0 55 0
1085 12 903 742 6 -24 0 51 51
1086 12 500 742 6 -24 0 51 55
1087 8 500 0 24 -12851 0 60 0
1088 8 500 0 -6 -12851 0 55 0
1089 12 742 903 -6 24 0 51 55
1090 8 500 0 -24 -12851 0 55 0
1091 8 742 0 -6 -12851 0 60 0
1092 12 609 742 6 -24 0 55 55
1093 8 903 0 24 -12851 0 55 0
1094 8 903 0 6 -12851 0 60 0
1095 12 609 742 6 -24 0 55 51
1096 8 903 0 -6 -12851 0 55 0
1097 8 609 0 -6 -12851 0 55 0
1098 12 742 609 -6 24 0 55 51
1099 8 609 0 6 -12851 0 55 0
1100 8 903 0 -24 -12851 0 60 0
1101 12 742 609 6 -24 0 51 51
1102 8 609 0 6 -12851 0 60 0
1103 12 903 742 -6 24 0 51 51
1104 8 1100 0 24 -12851 0 60 0
1105 8 1100 0 24 -12851 0 60 0
1106 8 500 0 24 -12851 0 60 0
1107 12 609 742 6 -24 0 51 51
1108 12 742 609 6 -24 0 55 51
1109 12 742 500 6 -24 0 55 55
1110 8 742 0 24 -12851 0 55 0
1111 8 500 0 -6 -12851 0 55 0
1112 8 1100 0 6 -12851 0 60 0
1113 8 742 0 24 -12851 0 55 0
1114 8 903 0 -6 -12851 0 60 0
1115 8 742 0 -6 -12851 0 55 0
1116 8 609 0 -24 -12851 0 60 0
1117 8 903 0 24 -12851 0 55 0
1118 8 500 0 -6 -12851 0 60 0
1119 8 903 0 24 -12851 0 55 0
1120 12 1100 742 -6 24 0 55 51
1121 8 903 0 -6 -12851 0 55 0
1122 8 609 0 24 -12851 0 55 0
1123 8 903 0 24 -12851 0 60 0
1124 8 1100 0 6 -12851 0 55 0
1125 12 742 609 6 -24 0 55 55
1126 8 903 0 24 -12851 0 60 0
1127 8 1100 0 -6 -12851 0 60 0
1128 12 609 742 6 -24 0 51 55
1129 8 500 0 -24 -12851 0 60 0
1130 12 1100 742 -6 24 0 51 51
1131 8 500 0 -6 -12851 0 60 0
1132 8 742 0 -24 -12851 0 60 0
1133 8 500 0 6 -12851 0 55 0
1134 12 609 742 6 -24 0 55 55
1135 12 903 742 -6 24 0 51 55
1136 8 609 0 -24 -12851 0 60 0
1137 8 742 0 6 -12851 0 55 0
1138 12 500 742 -6 24 0 55 55
1139 12 742 500 6 -24 0 51 51
1140 8 742 0 -24 -12851 0 60 0
1141 12 1100 742 6 -24 0 55 55
1142 12 609 742 6 -24 0 51 51
1143 12 609 742 6 -24 0 55 51
1144 8 609 0 -24 -12851 0 60 0
1145 12 742 1100 6 -24 0 55 55
1146 12 903 742 6 -24 0 55 51
1147 8 1100 0 24 -12851 0 55 0
1148 8 742 0 6 -12851 0 60 0
1149 8 742 0 24 -12851 0 55 0
1150 8 609 0 -24 -12851 0 55 0
1151 12 609 742 6 -24 0 51 55
1152 8 609 0 -24 -12851 0 60 0
1153 8 1100 0 -24 -12851 0 60 0
1154 8 609 0 -6 -12851 0 55 0
1155 12 903 742 6 -24 0 51 51
1156 12 903 742 -6 24 0 51 51
1157 8 903 0 6 -12851 0 55 0
1158 12 742 500 -6 24 0 51 55
1159 8 500 0 -24 -12851 0 55 0
1160 12 742 609 -6 24 0 51 55
1161 12 903 742 -6 24 0 55 55
1162 12 1100 742 6 -24 0 55 51
1163 8 1100 0 24 -12851 0 60 0
1164 8 742 0 -24 -12851 0 55 0
1165 12 742 500 -6 24 0 51 51
1166 8 742 0 6 -12851 0 55 0
1167 8 1100 0 24 -12851 0 55 0
1168 12 742 903 6 -24 0 51 51
1169 8 500 0 6 -12851 0 60 0
1170 8 500 0 -24 -12851 0 55 0
1171 12 500 742 -6 24 0 51 55
1172 12 742 500 6 -24 0 55 51
1173 12 500 742 6 -24 0 51 55
1174 8 903 0 -6 -12851 0 60 0
1175 8 903 0 6 -12851 0 60 0
1176 8 500 0 -6 -12851 0 55 0
1177 8 500 0 -6 -12851 0 60 0
1178 8 1100 0 6 -12851 0 55 0
1179 8 500 0 -24 -12851 0 55 0
1180 12 742 1100 -6 24 0 51 51
1181 8 742 0 6 -12851 0 55 0
1182 8 500 0 6 -12851 0 60 0
1183 8 609 0 -6 -12851 0 60 0
1184 8 1100 0 6 -12851 0 60 0
1185 12 742 903 -6 24 0 55 51
1186 8 742 0 24 -12851 0 60 0
1187 8 609 0 -24 -12851 0 60 0
1188 8 609 0 6 -12851 0 55 0
1189 8 903 0 -24 -12851 0 60 0
1190 12 500 742 6 -24 0 55 51
1191 12 742 903 6 -24 0 51 51
1192 12 500 742 -6 24 0 51 55
1193 12 742 500 6 -24 0 55 55
1194 12 742 1100 -6 24 0 55 55
1195 12 742 500 6 -24 0 51 51
1196 12 742 903 6 -24 0 51 55
1197 12 742 609 -6 24 0 51 51
1198 12 903 742 6 -24 0 55 55
1199 8 1100 0 24 -12851 0 55 0
1200 8 903 0 -24 -12851 0 55 0
1201 12 742 1100 6 -24 0 55 51
1202 8 903 0 -6 -12851 0 60 0
1203 12 1100 742 6 -24 0 51 55
1204 12 1100 742 6 -24 0 55 55
1205 8 742 0 -24 -12851 0 55 0
1206 8 903 0 -6 -12851 0 60 0
1207 12 609 742 -6 24 0 55 51
1208 8 903 0 -24 -12851 0 60 0
1209 8 609 0 6 -12851 0 55 0
1210 8 742 0 6 -12851 0 60 0
1211 8 609 0 24 -12851 0 55 0
1212 8 742 0 6 -12851 0 60 0
1213 8 1100 0 -24 -12851 0 60 0
1214 8 500 0 24 -12851 0 55 0
1215 8 903 0 -6 -12851 0 55 0
1216 12 742 903 -6 24 0 51 51
1217 8 742 0 -24 -12851 0 55 0
1218 12 500 742 -6 24 0 55 55
1219 8 1100 0 -6 -12851 0 55 0
1220 12 742 500 6 -24 0 55 51
1221 8 1100 0 24 -12851 0 60 0
1222 12 742 903 -6 24 0 51 51
1223 12 500 742 6 -24 0 51 51
1224 12 742 500 6 -24 0 55 51
1225 8 500 0 24 -12851 0 60 0
1226 12 500 742 6 -24 0 55 55
1227 8 609 0 6 -12851 0 60 0
1228 8 903 0 24 -12851 0 55 0
1229 8 500 0 -6 -12851 0 60 0
1230 12 742 903 -6 24 0 55 51
1231 8 609 0 -24 -12851 0 60 0
1232 8 609 0 -24 -12851 0 60 0
1233 8 742 0 -6 -12851 0 60 0
1234 12 742 609 6 -24 0 55 51
1235 8 742 0 6 -12851 0 55 0
1236 12 1100 742 -6 24 0 55 55
1237 12 1100 742 -6 24 0 55 55
1238 8 500 0 -6 -12851 0 60 0
1239 12 742 500 6 -24 0 55 51
1240 8 742 0 -24 -12851 0 60 0
1241 8 1100 0 24 -12851 0 55 0
1242 12 1100 742 -6 24 0 51 55
1243 8 500 0 6 -12851 0 55 0
1244 8 500 0 -24 -12851 0 60 0
1245 8 609 0 -24 -12851 0 60 0
1246 12 609 742 6 -24 0 51 55
1247 8 1100 0 -6 -12851 0 55 0
1248 8 1100 0 -6 -12851 0 55 0
1249 8 609 0 24 -12851 0 60 0
1250 12 1100 742 6 -24 0 55 51
1251 8 903 0 -6 -12851 0 55 0
1252 8 903 0 6 -12851 0 60 0
1253 12 609 742 -6 24 0 51 55
1254 12 609 742 6 -24 0 55 51
1255 8 903 0 -24 -12851 0 55 0
1256 8 609 0 24 -12851 0 60 0
1257 8 609 0 -24 -12851 0 55 0
1258 12 500 742 6 -24 0 55 55
1259 8 742 0 24 -12851 0 55 0
1260 8 742 0 -24 -12851 0 55 0
1261 8 500 0 -24 -12851 0 60 0
1262 8 742 0 24 -12851 0 60 0
1263 12 903 742 -6 24 0 55 51
1264 8 1100 0 24 -12851 0 55 0
1265 12 742 1100 -6 24 0 51 51
1266 8 500 0 -24 -12851 0 60 0
1267 12 500 742 -6 24 0 51 51
1268 8 500 0 -6 -12851 0 60 0
1269 12 1100 742 6 -24 0 51 55
1270 8 609 0 24 -12851 0 60 0
1271 8 1100 0 6 -12851 0 60 0
1272 8 1100 0 -6 -12851 0 60 0
1273 12 742 903 -6 24 0 55 51
1274 8 609 0 -6 -12851 0 55 0
1275 8 903 0 -24 -12851 0 60 0
1276 8 903 0 6 -12851 0 60 0
1277 12 903 742 -6 24 0 55 51
1278 8 903 0 -6 -12851 0 55 0
1279 12 500 742 -6 24 0 51 55
1280 8 742 0 24 -12851 0 60 0
1281 12 742 903 -6 24 0 55 55
1282 12 500 742 6 -24 0 55 55
1283 8 742 0 24 -12851 0 55 0
1284 8 1100 0 -24 -12851 0 60 0
1285 8 903 0 -6 -12851 0 60 0
1286 8 500 0 6 -12851 0 60 0
1287 12 500 742 -6 24 0 51 51
1288 12 742 903 6 -24 0 55 51
1289 8 742 0 -6 -12851 0 55 0
1290 8 500 0 -24 -12851 0 60 0
1291 8 742 0 -6 -12851 0 60 0
1292 8 903 0 -6 -12851 0 55 0
1293 8 609 0 24 -12851 0 55 0
1294 8 903 0 -6 -12851 0 55 0
1295 12 742 903 6 -24 0 55 51
1296 8 609 0 -6 -12851 0 60 0
1297 12 742 609 -6 24 0 55 51
1298 8 609 0 6 -12851 0 55 0
1299 12 1100 742 6 -24 0 51 51
1300 12 742 500 6 -24 0 51 51
1301 8 1100 0 -24 -12851 0 60 0
1302 8 500 0 24 -12851 0 55 0
1303 8 1100 0 -24 -12851 0 55 0
1304 8 609 0 -24 -12851 0 60 0
1305 12 742 609 -6 24 0 51 51
1306 8 609 0 24 -12851 0 55 0
1307 8 742 0 -6 -12851 0 55 0
1308 12 742 500 6 -24 0 51 55
1309 12 609 742 6 -24 0 51 55
1310 8 609 0 6 -12851 0 60 0
1311 8 1100 0 -24 -12851 0 60 0
1312 12 742 609 -6 24 0 51 51
1313 12 609 742 -6 24 0 55 51
1314 8 903 0 -6 -12851 0 60 0
1315 8 609 0 6 -12851 0 55 0
1316 8 742 0 -6 -12851 0 55 0
1317 12 742 609 -6 24 0 55 55
1318 12 742 500 6 -24 0 55 51
1319 12 742 500 6 -24 0 55 51
1320 8 903 0 -24 -12851 0 60 0
1321 12 500 742 6 -24 0 51 51
1322 8 1100 0 -24 -12851 0 55 0
1323 12 742 500 6 -24 0 51 51
1324 8 742 0 24 -12851 0 60 0
1325 8 1100 0 6 -12851 0 55 0
1326 12 742 500 6 -24 0 55 51
1327 8 500 0 -24 -12851 0 60 0
1328 8 903 0 -6 -12851 0 60 0
1329 12 742 609 -6 24 0 51 51
1330 8 500 0 -24 -12851 0 55 0
1331 12 500 742 6 -24 0 51 55
1332 12 742 903 6 -24 0 51 51
1333 8 500 0 -24 -12851 0 55 0
1334 8 903 0 24 -12851 0 55 0
1335 8 903 0 -24 -12851 0 60 0
1336 8 742 0 -6 -12851 0 60 0
1337 8 500 0 -24 -12851 0 60 0
1338 8 742 0 6 -12851 0 55 0
1339 12 742 609 -6 24 0 51 51
1340 8 500 0 -24 -12851 0 55 0
1341 12 742 500 -6 24 0 55 55
1342 8 903 0 -6 -12851 0 60 0
1343 12 742 903 6 -24 0 55 55
1344 8 1100 0 -6 -12851 0 55 0
1345 12 742 609 6 -24 0 51 55
1346 8 742 0 -6 -12851 0 60 0
1347 12 609 742 6 -24 0 51 55
1348 8 500 0 -6 -12851 0 60 0
1349 12 742 609 6 -24 0 51 55
1350 8 609 0 -6 -12851 0 60 0
1351 8 903 0 -6 -12851 0 55 0
1352 8 1100 0 24 -12851 0 55 0
1353 8 609 0 -6 -12851 0 60 0
1354 8 1100 0 6 -12851 0 60 0
1355 8 609 0 -24 -12851 0 60 0
1356 8 1100 0 24 -12851 0 55 0
1357 12 609 742 6 -24 0 51 51
1358 12 742 500 6 -24 0 55 55
1359 8 1100 0 6 -12851 0 60 0
1360 8 742 0 -24 -12851 0 55 0
1361 8 609 0 24 -12851 0 55 0
1362 8 500 0 -6 -12851 0 60 0
1363 8 1100 0 6 -12851 0 60 0
1364 12 742 1100 6 -24 0 51 51
1365 8 500 0 24 -12851 0 55 0
1366 8 742 0 6 -12851 0 55 0
1367 12 742 903 -6 24 0 55 51
1368 12 1100 742 6 -24 0 51 55
1369 8 903 0 -24 -12851 0 60 0
1370 12 500 742 -6 24 0 51 55
1371 12 742 500 6 -24 0 55 55
1372 12 1100 742 -6 24 0 51 55
1373 12 742 500 -6 24 0 55 51
1374 12 742 903 -6 24 0 55 55
1375 8 609 0 24 -12851 0 55 0
1376 8 500 0 -6 -12851 0 55 0
1377 8 742 0 -6 -12851 0 55 0
1378 12 903 742 6 -24 0 55 55
1379 8 609 0 24 -12851 0 55 0
1380 8 1100 0 -6 -12851 0 60 0
1381 12 742 500 6 -24 0 51 51
1382 8 903 0 24 -12851 0 55 0
1383 12 1100 742 6 -24 0 51 51
1384 12 742 903 6 -24 0 55 51
1385 8 903 0 6 -12851 0 60 0
1386 8 609 0 -24 -12851 0 55 0
1387 8 609 0 -24 -12851 0 55 0
1388 12 742 609 -6 24 0 55 55
1389 12 903 742 -6 24 0 55 51
1390 12 500 742 6 -24 0 55 55
1391 12 742 500 6 -24 0 55 51
1392 12 742 903 -6 24 0 51 51
1393 12 500 742 6 -24 0 55 55
1394 8 903 0 -6 -12851 0 60 0
1395 12 742 903 -6 24 0 51 55
1396 12 742 1100 -6 24 0 51 51
1397 8 742 0 6 -12851 0 55 0
1398 12 500 742 -6 24 0 55 55
1399 8 903 0 -6 -12851 0 60 0
1400 8 500 0 -6 -12851 0 55 0
1401 12 500 742 -6 24 0 51 51
1402 8 742 0 -6 -12851 0 60 0
1403 12 500 742 -6 24 0 51 51
1404 8 742 0 24 -12851 0 60 0
1405 8 1100 0 24 -12851 0 55 0
1406 8 1100 0 -6 -12851 0 55 0
1407 12 500 742 -6 24 0 51 51
1408 12 609 742 6 -24 0 55 55
1409 8 609 0 -6 -12851 0 60 0
1410 8 903 0 6 -12851 0 55 0
1411 12 742 1100 6 -24 0 55 55
1412 12 742 500 -6 24 0 51 51
1413 8 609 0 -6 -12851 0 55 0
1414 8 500 0 -6 -12851 0 55 0
1415 8 500 0 -24 -12851 0 55 0
1416 8 1100 0 -24 -12851 0 55 0
1417 12 609 742 -6 24 0 55 55
1418 12 742 609 6 -24 0 51 51
1419 8 742 0 6 -12851 0 60 0
1420 8 742 0 24 -12851 0 55 0
1421 12 903 742 6 -24 0 55 55
1422 12 500 742 6 -24 0 55 51
1423 8 609 0 6 -12851 0 55 0
1424 12 500 742 -6 24 0 55 55
1425 12 742 1100 -6 24 0 51 55
1426 12 609 742 6 -24 0 51 55
1427 8 742 0 -24 -12851 0 60 0
1428 8 609 0 24 -12851 0 60 0
1429 12 742 500 -6 24 0 51 55
1430 8 742 0 -24 -12851 0 55 0
1431 8 1100 0 6 -12851 0 60 0
1432 12 742 903 -6 24 0 55 55
1433 8 609 0 6 -12851 0 55 0
1434 8 500 0 6 -12851 0 60 0
1435 8 903 0 -6 -12851 0 55 0
1436 8 903 0 -24 -12851 0 55 0
1437 8 1100 0 -6 -12851 0 55 0
1438 8 903 0 -24 -12851 0 60 0
1439 12 742 609 6 -24 0 55 55
1440 12 609 742 6 -24 0 55 51
1441 12 903 742 6 -24 0 55 55
1442 8 500 0 24 -12851 0 60 0
1443 12 742 500 -6 24 0 55 51
1444 8 1100 0 6 -12851 0 60 0
1445 12 1100 742 -6 24 0 51 51
1446 8 500 0 -24 -12851 0 60 0
1447 8 500 0 6 -12851 0 55 0
1448 12 742 500 -6 24 0 51 51
1449 8 500 0 6 -12851 0 60 0
1450 8 500 0 24 -12851 0 60 0
1451 8 1100 0 -6 -12851 0 55 0
1452 8 903 0 -24 -12851 0 60 0
1453 8 1100 0 6 -12851 0 55 0
1454 8 1100 0 -6 -12851 0 55 0
1455 12 609 742 6 -24 0 51 51
1456 12 742 500 6 -24 0 55 51
1457 12 500 742 -6 24 0 51 55
1458 8 609 0 -24 -12851 0 55 0
1459 8 609 0 24 -12851 0 60 0
1460 8 742 0 24 -12851 0 55 0
1461 8 609 0 24 -12851 0 60 0
1462 12 609 742 6 -24 0 51 55
1463 8 742 0 -24 -12851 0 55 0
1464 12 742 500 6 -24 0 55 51
1465 8 742 0 24 -12851 0 60 0
1466 12 903 742 6 -24 0 51 51
1467 8 903 0 6 -12851 0 60 0
1468 12 500 742 6 -24 0 51 55
1469 12 903 742 -6 24 0 51 51
1470 12 903 742 6 -24 0 55 55
1471 12 742 500 6 -24 0 55 55
1472 8 903 0 6 -12851 0 60 0
1473 8 500 0 -6 -12851 0 55 0
1474 8 1100 0 -6 -12851 0 55 0
1475 8 1100 0 6 -12851 0 60 0
1476 8 1100 0 -6 -12851 0 60 0
1477 8 1100 0 -24 -12851 0 60 0
1478 8 500 0 -24 -12851 0 55 0
1479 12 742 1100 6 -24 0 55 51
1480 8 903 0 -6 -12851 0 60 0
1481 8 500 0 24 -12851 0 55 0
1482 8 903 0 24 -12851 0 60 0
1483 12 903 742 -6 24 0 51 55
1484 12 742 500 6 -24 0 51 55
1485 8 609 0 -6 -12851 0 55 0
1486 8 609 0 6 -12851 0 60 0
1487 12 1100 742 6 -24 0 51 51
1488 8 903 0 -6 -12851 0 60 0
1489 8 609 0 -6 -12851 0 55 0
1490 12 609 742 -6 24 0 55 55
1491 12 742 609 -6 24 0 55 51
1492 8 742 0 -24 -12851 0 55 0
1493 8 500 0 6 -12851 0 55 0
1494 8 742 0 6 -12851 0 55 0
1495 12 742 1100 6 -24 0 51 55
1496 8 742 0 -24 -12851 0 55 0
1497 12 609 742 -6 24 0 55 55
1498 8 742 0 6 -12851 0 55 0
1499 8 742 0 6 -12851 0 60 0
1500 8 609 0 -24 -12851 0 60 0
1501 8 742 0 -6 -12851 0 55 0
1502 8 609 0 -6 -12851 0 60 0
1503 12 742 1100 6 -24 0 51 51
1504 8 742 0 -6 -12851 0 60 0
1505 8 1100 0 6 -12851 0 55 0
1506 12 742 609 -6 24 0 51 55
1507 8 609 0 6 -12851 0 60 0
1508 8 500 0 24 -12851 0 60 0
1509 8 903 0 24 -12851 0 55 0
1510 8 903 0 6 -12851 0 60 0
1511 8 1100 0 -24 -12851 0 60 0
1512 12 500 742 6 -24 0 55 55
1513 8 903 0 -24 -12851 0 55 0
1514 12 742 609 -6 24 0 51 55
1515 8 500 0 6 -12851 0 60 0
1516 8 1100 0 24 -12851 0 60 0
1517 8 500 0 -6 -12851 0 55 0
1518 12 742 903 6 -24 0 55 51
1519 8 742 0 -6 -12851 0 60 0
1520 8 742 0 -24 -12851 0 55 0
1521 8 609 0 6 -12851 0 60 0
1522 12 742 609 6 -24 0 51 51
1523 12 742 500 -6 24 0 55 51
1524 8 903 0 -6 -12851 0 60 0
1525 8 742 0 24 -12851 0 55 0
1526 8 903 0 -6 -12851 0 55 0
1527 8 742 0 24 -12851 0 60 0
1528 8 1100 0 6 -12851 0 55 0
1529 8 500 0 -24 -12851 0 60 0
1530 12 742 500 6 -24 0 55 51
1531 12 1100 742 -6 24 0 55 51
1532 12 742 609 6 -24 0 51 51
1533 8 903 0 24 -12851 0 60 0
1534 8 609 0 6 -12851 0 60 0
1535 8 1100 0 -6 -12851 0 60 0
1536 12 1100 742 6 -24 0 51 51
1537 8 1100 0 -24 -12851 0 60 0
1538 8 500 0 -6 -12851 0 60 0
1539 8 500 0 -24 -12851 0 55 0
1540 12 500 742 -6 24 0 51 51
1541 12 742 609 -6 24 0 51 51
1542 12 903 742 -6 24 0 51 51
1543 12 742 1100 6 -24 0 51 51
1544 8 609 0 -24 -12851 0 60 0
1545 12 903 742 -6 24 0 51 55
1546 12 742 903 -6 24 0 55 51
1547 8 500 0 -6 -12851 0 55 0
1548 8 500 0 -24 -12851 0 55 0
1549 12 500 742 -6 24 0 55 55
1550 8 903 0 -6 -12851 0 55 0
1551 8 903 0 -6 -12851 0 60 0
1552 8 609 0 6 -12851 0 60 0
1553 8 903 0 6 -12851 0 55 0
1554 12 742 500 -6 24 0 51 55
1555 8 742 0 -24 -12851 0 60 0
1556 8 742 0 6 -12851 0 55 0
1557 12 742 903 -6 24 0 51 55
1558 8 609 0 24 -12851 0 60 0
1559 12 742 609 -6 24 0 51 51
1560 8 742 0 -24 -12851 0 55 0
1561 8 1100 0 -24 -12851 0 55 0
1562 8 500 0 24 -12851 0 60 0
1563 8 500 0 24 -12851 0 60 0
1564 8 609 0 -24 -12851 0 55 0
1565 12 1100 742 6 -24 0 55 51
1566 8 1100 0 6 -12851 0 55 0
1567 8 1100 0 24 -12851 0 55 0
1568 8 500 0 6 -12851 0 60 0
1569 8 500 0 -6 -12851 0 60 0
1570 12 742 500 -6 24 0 51 51
1571 8 1100 0 6 -12851 0 60 0
1572 8 903 0 24 -12851 0 60 0
1573 8 500 0 6 -12851 0 60 0
1574 12 903 742 6 -24 0 55 51
1575 12 742 609 -6 24 0 55 55
1576 12 742 500 -6 24 0 55 55
1577 8 903 0 6 -12851 0 55 0
1578 8 609 0 -6 -12851 0 60 0
1579 8 609 0 24 -12851 0 55 0
1580 12 903 742 -6 24 0 55 51
1581 8 903 0 24 -12851 0 55 0
1582 12 609 742 6 -24 0 51 55
1583 8 742 0 -24 -12851 0 60 0
1584 8 1100 0 24 -12851 0 55 0
1585 8 1100 0 24 -12851 0 55 0
1586 12 609 742 6 -24 0 55 55
1587 8 742 0 6 -12851 0 60 0
1588 8 742 0 6 -12851 0 60 0
1589 8 609 0 -24 -12851 0 55 0
1590 12 1100 742 -6 24 0 51 55
1591 8 500 0 24 -12851 0 60 0
1592 12 742 1100 -6 24 0 51 51
1593 8 903 0 24 -12851 0 55 0
1594 8 903 0 6 -12851 0 60 0
1595 8 500 0 -24 -12851 0 60 0
1596 8 742 0 24 -12851 0 60 0
1597 8 903 0 6 -12851 0 55 0
1598 12 609 742 6 -24 0 51 51
1599 12 500 742 -6 24 0 55 51
1600 12 1100 742 -6 24 0 51 51
1601 12 500 742 6 -24 0 51 51
1602 8 609 0 -6 -12851 0 60 0
1603 8 1100 0 -24 -12851 0 60 0
