314 8 500 0 24 -12851 0 60 0
315 12 742 1100 -6 24 0 55 51
316 8 609 0 -6 -12851 0 60 0
317 8 1100 0 6 -12851 1 55 0
318 8 609 0 24 -12851 1 55 0
319 12 742 609 -6 24 0 51 51
320 8 742 0 -24 -12851 1 60 0
321 8 500 0 24 -12851 1 55 0
322 8 742 0 6 -12851 1 60 0
323 12 609 742 -6 24 0 55 51
324 12 609 742 -6 24 0 55 55
325 8 903 0 -6 -12851 1 55 0
326 12 742 1100 6 -24 0 55 51
327 8 1100 0 -6 -12851 0 60 0
328 12 742 500 -6 24 0 55 55
329 8 609 0 -6 -12851 1 55 0
330 12 609 742 -6 24 1 51 51
331 12 903 742 6 -24 0 55 55
332 8 903 0 24 -12851 1 55 0
333 8 903 0 24 -12851 0 60 0
334 12 903 742 -6 24 0 51 51
335 8 903 0 6 -12851 1 55 0
336 8 903 0 6 -12851 1 55 0
337 12 609 742 -6 24 0 51 55
338 8 500 0 -6 -12851 0 55 0
339 8 609 0 24 -12851 1 60 0
340 12 742 1100 6 -24 1 55 51
341 12 742 500 6 -24 1 51 55
342 8 903 0 -24 -12851 1 60 0
343 8 903 0 6 -12851 1 55 0
344 8 1100 0 6 -12851 1 55 0
345 8 500 0 -6 -12851 0 60 0
346 8 500 0 24 -12851 1 55 0
347 8 609 0 -24 -12851 1 60 0
348 8 1100 0 -24 -12851 1 60 0
349 8 1100 0 -24 -12851 1 60 0
350 8 742 0 -6 -12851 0 55 0
351 12 742 1100 -6 24 0 55 51
352 8 609 0 -24 -12851 1 55 0
353 12 609 742 -6 24 1 55 55
354 12 1100 742 -6 24 0 51 55
355 8 742 0 24 -12851 1 55 0
356 12 742 903 -6 24 0 55 55
357 8 742 0 -6 -12851 1 60 0
358 12 1100 742 6 -24 1 55 55
359 8 1100 0 6 -12851 1 60 0
360 12 500 742 6 -24 1 55 55
361 8 1100 0 6 -12851 1 60 0
362 8 903 0 -24 -12851 1 60 0
363 8 903 0 24 -12851 1 55 0
364 8 903 0 24 -12851 0 60 0
365 12 742 500 -6 24 0 51 55
366 12 609 742 6 -24 1 55 55
367 8 1100 0 24 -12851 1 55 0
368 8 1100 0 24 -12851 1 55 0
369 8 609 0 -6 -12851 1 55 0
370 8 609 0 6 -12851 1 60 0
371 12 742 609 6 -24 1 51 55
372 8 609 0 -6 -12851 1 60 0
373 8 500 0 -6 -12851 1 60 0
374 12 742 609 6 -24 1 55 55
375 8 500 0 -24 -12851 1 60 0
376 12 609 742 -6 24 0 55 51
377 12 742 1100 6 -24 1 51 55
378 12 742 1100 -6 24 0 55 51
379 12 742 1100 -6 24 0 55 55
380 8 742 0 -6 -12851 0 60 0
381 8 500 0 24 -12851 1 55 0
382 12 742 500 6 -24 0 55 51
383 8 742 0 24 -12851 1 55 0
384 8 742 0 24 -12851 1 55 0
385 8 500 0 24 -12851 1 55 0
386 12 1100 742 -6 24 0 55 55
387 8 500 0 -24 -12851 1 60 0
388 8 903 0 -24 -12851 0 55 0
389 8 903 0 24 -12851 1 55 0
390 12 1100 742 -6 24 0 55 55
391 12 903 742 -6 24 0 51 55
392 8 500 0 6 -12851 1 60 0
393 12 500 742 -6 24 0 55 55
394 8 500 0 24 -12851 0 55 0
395 8 609 0 6 -12851 1 60 0
396 8 903 0 6 -12851 1 55 0
397 8 609 0 24 -12851 1 55 0
398 12 742 903 -6 24 0 51 51
399 8 609 0 6 -12851 1 60 0
400 12 903 742 6 -24 1 55 51
401 12 609 742 6 -24 0 51 55
402 12 742 609 -6 24 0 55 55
403 12 1100 742 6 -24 0 51 51
404 8 1100 0 6 -12851 1 55 0
405 8 1100 0 -24 -12851 1 55 0
406 8 742 0 24 -12851 1 60 0
407 8 742 0 -6 -12851 1 55 0
408 8 742 0 6 -12851 1 55 0
409 12 1100 742 -6 24 1 51 51
410 8 1100 0 -6 -12851 1 60 0
411 8 903 0 24 -12851 0 60 0
412 8 903 0 24 -12851 0 55 0
413 8 742 0 6 -12851 0 60 0
414 12 742 1100 -6 24 1 51 51
415 8 742 0 -24 -12851 0 55 0
416 8 742 0 24 -12851 1 55 0
417 8 500 0 6 -12851 1 60 0
418 8 1100 0 -6 -12851 1 55 0
419 8 903 0 24 -12851 1 60 0
420 8 609 0 -24 -12851 1 60 0
421 8 1100 0 -24 -12851 1 55 0
422 8 500 0 -24 -12851 1 55 0
423 12 742 609 6 -24 1 51 51
424 8 609 0 24 -12851 0 55 0
425 12 742 903 -6 24 0 51 51
426 8 1100 0 -24 -12851 1 55 0
427 8 500 0 -24 -12851 0 55 0
428 12 609 742 6 -24 0 55 51
429 8 903 0 -6 -12851 0 55 0
430 8 609 0 24 -12851 0 55 0
431 8 500 0 24 -12851 0 55 0
432 12 742 1100 -6 24 0 55 55
433 12 500 742 6 -24 1 55 55
434 12 1100 742 -6 24 0 51 51
435 8 500 0 -6 -12851 1 55 0
436 8 903 0 24 -12851 0 60 0
437 8 742 0 24 -12851 1 60 0
438 12 609 742 -6 24 0 51 55
439 8 1100 0 -24 -12851 1 55 0
440 8 609 0 24 -12851 0 55 0
441 8 609 0 6 -12851 1 60 0
442 12 742 500 6 -24 1 55 51
443 12 1100 742 6 -24 1 51 51
444 12 1100 742 6 -24 0 55 55
445 12 742 903 6 -24 0 51 51
446 8 1100 0 24 -12851 0 55 0
447 8 903 0 6 -12851 0 60 0
448 12 742 903 6 -24 0 51 51
449 8 500 0 24 -12851 0 55 0
450 12 742 1100 -6 24 1 51 55
451 8 609 0 24 -12851 1 55 0
452 12 742 1100 -6 24 1 51 55
453 8 742 0 -24 -12851 1 60 0
454 8 1100 0 24 -12851 0 60 0
455 12 742 903 -6 24 0 55 55
456 12 742 609 6 -24 1 55 51
457 12 609 742 6 -24 0 51 51
458 8 500 0 24 -12851 0 55 0
459 12 1100 742 6 -24 0 55 51
460 12 903 742 6 -24 0 55 51
461 12 500 742 -6 24 1 51 51
462 8 903 0 6 -12851 1 60 0
463 8 742 0 -24 -12851 0 55 0
464 8 609 0 -24 -12851 1 55 0
465 12 742 1100 6 -24 1 51 55
466 12 742 903 -6 24 0 55 51
467 8 609 0 -6 -12851 0 60 0
468 12 500 742 6 -24 0 51 55
469 12 742 500 -6 24 1 51 55
470 8 1100 0 -6 -12851 1 55 0
471 12 903 742 -6 24 1 55 51
472 8 609 0 24 -12851 1 60 0
473 8 500 0 -6 -12851 0 60 0
474 12 609 742 6 -24 0 51 51
475 8 903 0 -24 -12851 1 55 0
476 12 1100 742 -6 24 0 51 55
477 8 742 0 -6 -12851 0 55 0
478 8 1100 0 24 -12851 1 55 0
479 12 609 742 6 -24 1 51 55
480 12 500 742 -6 24 0 55 55
481 8 742 0 6 -12851 1 60 0
482 12 500 742 6 -24 1 51 55
483 8 609 0 24 -12851 1 60 0
484 12 903 742 -6 24 0 51 55
485 8 903 0 -24 -12851 0 60 0
486 8 1100 0 24 -12851 1 60 0
487 8 500 0 6 -12851 0 55 0
488 12 742 903 6 -24 1 51 51
489 12 903 742 -6 24 1 55 55
490 8 903 0 6 -12851 0 55 0
491 8 742 0 -6 -12851 0 55 0
492 12 742 500 -6 24 0 55 55
493 8 500 0 -6 -12851 0 60 0
494 8 742 0 24 -12851 0 55 0
495 8 742 0 -24 -12851 1 60 0
496 8 1100 0 6 -12851 0 60 0
497 8 609 0 24 -12851 1 55 0
498 12 742 1100 6 -24 0 51 55
499 8 742 0 6 -12851 1 55 0
500 8 903 0 6 -12851 0 60 0
501 12 742 1100 6 -24 1 55 55
502 8 742 0 -6 -12851 0 55 0
503 8 1100 0 6 -12851 1 55 0
504 12 500 742 -6 24 1 55 55
505 8 903 0 24 -12851 0 55 0
506 12 742 500 -6 24 1 55 51
507 8 609 0 6 -12851 1 55 0
508 12 742 903 6 -24 0 51 55
509 8 500 0 -24 -12851 0 60 0
510 12 500 742 6 -24 0 51 51
511 12 742 609 -6 24 1 55 55
512 8 500 0 24 -12851 1 55 0
513 8 609 0 -24 -12851 1 55 0
514 12 903 742 -6 24 0 55 55
515 12 609 742 -6 24 1 51 55
516 8 1100 0 -6 -12851 0 60 0
517 12 903 742 -6 24 1 55 51
518 12 742 609 6 -24 0 51 55
519 8 500 0 -6 -12851 1 55 0
520 12 742 1100 -6 24 0 55 55
521 8 903 0 -6 -12851 0 55 0
522 8 903 0 24 -12851 0 55 0
523 12 742 609 6 -24 0 55 55
524 12 500 742 6 -24 0 55 51
525 8 903 0 24 -12851 0 55 0
526 12 609 742 6 -24 0 55 51
527 8 609 0 24 -12851 1 60 0
528 12 903 742 6 -24 0 55 51
529 12 742 609 6 -24 0 55 51
530 8 609 0 24 -12851 0 60 0
531 12 903 742 6 -24 1 55 51
532 12 742 500 -6 24 1 55 55
533 12 1100 742 6 -24 0 55 55
534 8 609 0 6 -12851 1 55 0
535 8 1100 0 -24 -12851 1 60 0
536 8 500 0 24 -12851 1 55 0
537 8 742 0 24 -12851 1 55 0
538 12 1100 742 6 -24 0 51 51
539 12 742 903 -6 24 0 55 51
540 8 742 0 6 -12851 1 60 0
541 12 742 609 -6 24 0 51 55
542 8 1100 0 24 -12851 0 60 0
543 12 609 742 6 -24 0 51 55
544 12 609 742 -6 24 0 51 55
545 8 742 0 -24 -12851 1 55 0
546 8 903 0 24 -12851 0 55 0
547 12 1100 742 6 -24 0 55 55
548 12 742 609 6 -24 1 55 55
549 12 609 742 6 -24 0 55 51
550 12 903 742 -6 24 0 51 55
551 8 1100 0 -24 -12851 1 55 0
552 12 742 903 6 -24 0 55 51
553 8 903 0 6 -12851 1 55 0
554 8 500 0 -6 -12851 0 60 0
555 8 500 0 -24 -12851 0 55 0
556 8 903 0 6 -12851 1 60 0
557 8 903 0 24 -12851 0 60 0
558 8 609 0 -6 -12851 0 60 0
559 12 742 903 6 -24 0 55 51
560 8 500 0 6 -12851 1 60 0
561 8 903 0 6 -12851 1 60 0
562 8 500 0 -24 -12851 1 60 0
563 8 903 0 6 -12851 1 60 0
564 12 742 609 6 -24 1 55 55
565 12 742 1100 -6 24 1 51 51
566 12 903 742 -6 24 1 51 51
567 12 609 742 -6 24 0 55 55
568 8 609 0 -6 -12851 0 60 0
569 12 500 742 -6 24 0 51 51
570 8 500 0 24 -12851 0 55 0
571 12 500 742 6 -24 1 51 51
572 8 742 0 6 -12851 0 55 0
573 8 609 0 -6 -12851 0 55 0
574 8 742 0 -24 -12851 1 55 0
575 8 742 0 6 -12851 0 55 0
576 12 742 1100 6 -24 1 55 55
577 8 1100 0 -6 -12851 0 60 0
578 12 742 500 -6 24 0 51 51
579 12 742 1100 -6 24 1 51 51
580 12 742 1100 6 -24 1 51 55
581 8 1100 0 6 -12851 1 55 0
582 8 1100 0 -6 -12851 1 60 0
583 8 500 0 -24 -12851 0 60 0
584 8 500 0 -24 -12851 0 55 0
585 12 742 1100 6 -24 0 55 55
586 8 1100 0 -24 -12851 0 60 0
587 12 742 500 6 -24 1 55 55
588 8 903 0 24 -12851 1 60 0
589 8 609 0 24 -12851 1 55 0
590 8 742 0 -6 -12851 0 55 0
591 12 742 500 -6 24 0 55 55
592 12 742 903 6 -24 0 51 55
593 8 500 0 -24 -12851 0 55 0
594 8 1100 0 -6 -12851 1 60 0
595 12 1100 742 6 -24 0 51 55
596 8 1100 0 24 -12851 1 60 0
597 8 742 0 -6 -12851 0 55 0
598 12 1100 742 6 -24 1 55 55
599 8 609 0 6 -12851 1 60 0
600 12 742 500 6 -24 1 51 51
601 8 609 0 -6 -12851 0 55 0
602 8 742 0 24 -12851 1 60 0
603 12 742 1100 -6 24 0 51 51
604 8 903 0 -24 -12851 1 55 0
605 12 742 609 6 -24 1 55 55
606 8 903 0 6 -12851 1 60 0
607 8 500 0 6 -12851 1 55 0
608 12 1100 742 6 -24 1 51 51
609 8 500 0 24 -12851 0 60 0
610 8 500 0 -24 -12851 0 60 0
611 12 742 1100 -6 24 1 55 55
612 8 1100 0 -6 -12851 0 55 0
613 12 1100 742 6 -24 1 55 55
614 12 742 903 -6 24 0 51 55
615 12 609 742 -6 24 0 55 51
616 8 903 0 6 -12851 0 55 0
617 8 609 0 6 -12851 0 60 0
618 8 742 0 -6 -12851 0 60 0
619 8 500 0 -6 -12851 0 55 0
620 12 742 500 -6 24 0 55 51
621 12 903 742 6 -24 1 51 55
622 8 1100 0 24 -12851 1 55 0
623 8 1100 0 24 -12851 0 60 0
624 12 500 742 6 -24 1 51 51
625 12 500 742 6 -24 1 51 55
626 12 742 1100 6 -24 0 55 55
627 8 742 0 -6 -12851 0 60 0
628 8 609 0 24 -12851 0 55 0
629 8 609 0 -24 -12851 0 60 0
630 8 742 0 24 -12851 0 55 0
631 12 903 742 -6 24 0 55 55
632 12 1100 742 -6 24 0 55 55
633 12 742 500 6 -24 0 55 51
634 8 903 0 24 -12851 0 55 0
635 12 1100 742 -6 24 0 55 51
636 12 609 742 -6 24 0 55 55
637 12 742 500 -6 24 0 55 51
638 8 903 0 -6 -12851 0 60 0
639 8 500 0 24 -12851 0 60 0
640 8 500 0 24 -12851 0 55 0
641 12 742 903 -6 24 0 51 51
642 8 500 0 6 -12851 0 55 0
643 12 742 609 6 -24 0 55 55
644 12 609 742 -6 24 0 51 55
645 12 903 742 -6 24 0 51 55
646 8 609 0 6 -12851 1 55 0
647 8 742 0 24 -12851 1 60 0
648 12 742 1100 -6 24 0 51 55
649 12 742 903 -6 24 1 55 55
650 8 500 0 -6 -12851 1 60 0
651 12 742 903 -6 24 0 51 51
652 12 1100 742 6 -24 1 55 51
653 12 742 1100 6 -24 0 51 51
654 8 1100 0 24 -12851 1 60 0
655 12 500 742 -6 24 0 55 51
656 8 609 0 24 -12851 1 60 0
657 8 609 0 6 -12851 1 55 0
658 8 500 0 -6 -12851 0 55 0
659 8 903 0 6 -12851 1 55 0
660 8 742 0 -24 -12851 0 55 0
661 8 903 0 -6 -12851 1 55 0
662 12 742 609 -6 24 0 51 55
663 8 903 0 6 -12851 0 60 0
664 12 742 500 -6 24 0 51 51
665 8 742 0 6 -12851 0 55 0
666 12 1100 742 6 -24 0 51 55
667 8 1100 0 6 -12851 0 60 0
668 12 1100 742 -6 24 1 51 51
669 8 1100 0 24 -12851 0 60 0
670 8 1100 0 -6 -12851 0 60 0
671 12 1100 742 6 -24 0 55 51
672 8 1100 0 6 -12851 0 60 0
673 8 500 0 -24 -12851 0 60 0
674 12 1100 742 6 -24 0 55 55
675 8 742 0 -6 -12851 1 60 0
676 8 500 0 6 -12851 0 60 0
677 8 1100 0 6 -12851 0 55 0
678 12 609 742 -6 24 0 55 55
679 8 742 0 24 -12851 0 55 0
680 8 1100 0 -24 -12851 0 55 0
681 8 500 0 24 -12851 0 55 0
682 8 742 0 24 -12851 0 60 0
683 8 609 0 6 -12851 0 55 0
684 8 609 0 -24 -12851 0 55 0
685 12 742 500 -6 24 0 51 55
686 12 609 742 6 -24 0 51 51
687 12 742 500 -6 24 0 51 51
688 8 609 0 -6 -12851 0 60 0
689 12 742 500 -6 24 1 55 55
690 8 903 0 24 -12851 0 60 0
691 12 742 609 6 -24 0 51 51
692 12 742 903 -6 24 0 51 51
693 8 903 0 -6 -12851 1 60 0
694 12 500 742 -6 24 1 55 51
695 8 903 0 24 -12851 0 60 0
696 8 742 0 6 -12851 1 55 0
697 12 903 742 -6 24 0 55 55
698 8 742 0 -6 -12851 0 55 0
699 8 903 0 24 -12851 0 60 0
700 8 903 0 -24 -12851 1 55 0
701 12 742 1100 -6 24 0 55 55
702 12 742 1100 6 -24 0 51 55
703 8 903 0 -24 -12851 0 60 0
704 8 500 0 -24 -12851 0 60 0
705 8 742 0 6 -12851 0 55 0
706 8 609 0 6 -12851 0 55 0
707 12 1100 742 6 -24 0 51 55
708 8 609 0 -6 -12851 1 55 0
709 8 1100 0 -24 -12851 1 60 0
710 8 500 0 24 -12851 0 60 0
711 8 1100 0 24 -12851 0 55 0
712 12 609 742 6 -24 0 51 55
713 12 500 742 6 -24 1 51 51
714 12 742 903 6 -24 0 55 51
715 8 742 0 -24 -12851 1 60 0
716 8 500 0 6 -12851 0 60 0
717 8 609 0 -24 -12851 1 60 0
718 8 1100 0 -6 -12851 0 55 0
719 8 742 0 -6 -12851 1 55 0
720 8 742 0 -24 -12851 1 60 0
721 8 500 0 6 -12851 0 60 0
722 8 1100 0 -24 -12851 0 55 0
723 12 742 609 6 -24 0 55 55
724 8 903 0 -6 -12851 1 60 0
725 12 500 742 6 -24 0 51 51
726 8 1100 0 24 -12851 0 55 0
727 12 609 742 -6 24 1 51 51
728 8 609 0 -24 -12851 0 60 0
729 12 742 500 -6 24 1 55 55
730 12 742 903 -6 24 0 55 55
731 8 500 0 -24 -12851 1 60 0
732 8 742 0 -6 -12851 1 55 0
733 8 500 0 24 -12851 1 60 0
734 8 742 0 -24 -12851 0 60 0
735 8 609 0 -6 -12851 1 55 0
736 12 500 742 6 -24 0 51 55
737 8 609 0 -24 -12851 1 60 0
738 8 1100 0 -24 -12851 1 55 0
739 8 903 0 24 -12851 0 60 0
740 12 742 1100 -6 24 0 51 55
741 12 500 742 -6 24 0 51 51
742 8 903 0 24 -12851 0 55 0
743 8 1100 0 6 -12851 0 55 0
744 12 1100 742 6 -24 1 51 55
745 12 742 500 6 -24 0 51 51
746 8 1100 0 6 -12851 1 55 0
747 12 742 500 6 -24 1 51 51
748 8 609 0 -24 -12851 0 60 0
749 12 1100 742 -6 24 0 55 51
750 12 742 903 -6 24 1 51 55
751 8 742 0 6 -12851 1 55 0
752 12 609 742 6 -24 0 55 51
753 8 500 0 -6 -12851 0 60 0
754 8 609 0 -6 -12851 1 60 0
755 12 903 742 -6 24 1 51 55
756 8 903 0 -24 -12851 0 60 0
757 12 742 609 6 -24 1 55 55
758 12 500 742 6 -24 1 51 55
759 8 903 0 6 -12851 0 60 0
760 12 1100 742 -6 24 1 55 55
761 12 742 500 -6 24 0 55 51
762 8 500 0 24 -12851 1 60 0
763 8 742 0 6 -12851 0 60 0
764 8 903 0 -6 -12851 1 60 0
765 12 500 742 -6 24 1 51 51
766 8 609 0 -24 -12851 0 60 0
767 8 500 0 24 -12851 0 55 0
768 8 742 0 24 -12851 1 60 0
769 8 1100 0 -6 -12851 0 55 0
770 12 1100 742 6 -24 0 51 55
771 8 1100 0 6 -12851 1 55 0
772 8 903 0 6 -12851 1 60 0
773 8 903 0 6 -12851 0 55 0
774 8 609 0 -24 -12851 1 55 0
775 8 742 0 6 -12851 0 60 0
776 12 1100 742 6 -24 0 55 55
777 8 1100 0 -6 -12851 1 60 0
778 8 903 0 -24 -12851 0 60 0
779 12 903 742 6 -24 1 51 51
780 12 609 742 6 -24 0 51 55
781 8 500 0 24 -12851 1 55 0
782 12 500 742 6 -24 0 55 55
783 8 903 0 24 -12851 1 60 0
784 8 609 0 24 -12851 0 60 0
785 8 609 0 24 -12851 0 55 0
786 8 1100 0 24 -12851 1 55 0
787 8 1100 0 6 -12851 0 55 0
788 8 500 0 -6 -12851 0 55 0
789 8 742 0 6 -12851 0 55 0
790 8 500 0 -6 -12851 1 60 0
791 8 742 0 -24 -12851 0 60 0
792 8 500 0 -24 -12851 1 60 0
793 8 500 0 -6 -12851 0 55 0
794 8 1100 0 24 -12851 1 60 0
795 12 500 742 -6 24 0 51 55
796 8 903 0 -6 -12851 1 60 0
797 8 609 0 6 -12851 1 60 0
798 12 1100 742 6 -24 0 51 51
799 8 742 0 6 -12851 0 55 0
800 8 500 0 6 -12851 0 60 0
801 12 609 742 6 -24 0 55 55
802 8 1100 0 -6 -12851 0 55 0
803 12 742 1100 -6 24 0 51 51
804 12 742 500 -6 24 1 51 51
805 12 742 1100 -6 24 0 51 51
806 12 742 903 6 -24 0 51 55
807 12 903 742 -6 24 1 55 51
808 8 1100 0 -24 -12851 0 60 0
809 8 742 0 24 -12851 0 55 0
810 12 742 609 -6 24 0 51 55
811 12 609 742 -6 24 0 55 51
812 8 609 0 24 -12851 0 60 0
813 8 609 0 24 -12851 1 55 0
814 8 742 0 24 -12851 0 55 0
815 12 500 742 -6 24 1 51 55
816 12 742 609 -6 24 0 55 51
817 8 903 0 24 -12851 1 60 0
818 8 903 0 6 -12851 0 60 0
819 8 500 0 -6 -12851 0 55 0
820 12 742 903 -6 24 1 55 55
821 8 903 0 -6 -12851 0 55 0
822 8 903 0 6 -12851 1 60 0
823 12 609 742 -6 24 0 51 51
824 12 609 742 -6 24 0 55 55
825 12 903 742 6 -24 0 55 51
826 12 1100 742 6 -24 0 55 51
827 8 742 0 -6 -12851 0 60 0
828 12 609 742 -6 24 0 55 55
829 12 1100 742 -6 24 0 51 51
830 8 742 0 6 -12851 1 60 0
831 8 742 0 6 -12851 0 55 0
832 12 742 609 -6 24 0 55 55
833 8 500 0 -6 -12851 0 60 0
834 8 1100 0 6 -12851 1 60 0
835 12 500 742 6 -24 0 55 55
836 8 903 0 24 -12851 1 60 0
837 8 609 0 -6 -12851 0 60 0
838 8 1100 0 -24 -12851 0 55 0
839 8 500 0 -24 -12851 0 55 0
840 8 609 0 24 -12851 0 55 0
841 12 903 742 -6 24 0 55 51
842 8 1100 0 -6 -12851 1 55 0
843 8 500 0 6 -12851 1 55 0
844 8 903 0 24 -12851 0 60 0
845 12 742 500 6 -24 0 55 55
846 12 742 1100 -6 24 0 51 51
847 8 609 0 24 -12851 0 55 0
848 8 500 0 -24 -12851 0 60 0
849 8 500 0 -6 -12851 0 55 0
850 8 742 0 6 -12851 1 60 0
851 8 500 0 -24 -12851 0 55 0
852 8 903 0 24 -12851 0 55 0
853 8 609 0 6 -12851 0 60 0
854 12 1100 742 6 -24 0 51 55
855 8 903 0 6 -12851 0 55 0
856 12 742 500 -6 24 0 51 51
857 12 903 742 6 -24 0 55 51
858 12 742 903 6 -24 0 55 55
859 8 742 0 24 -12851 0 55 0
860 8 609 0 6 -12851 0 60 0
861 8 903 0 -24 -12851 0 60 0
862 12 903 742 6 -24 0 51 51
863 8 609 0 24 -12851 0 55 0
864 8 742 0 -6 -12851 0 60 0
865 12 742 500 -6 24 0 55 55
866 8 500 0 -24 -12851 0 55 0
867 8 1100 0 24 -12851 0 55 0
868 8 1100 0 24 -12851 0 55 0
869 12 1100 742 6 -24 0 51 51
870 8 1100 0 6 -12851 1 55 0
871 12 742 609 6 -24 0 55 55
872 8 609 0 -6 -12851 0 55 0
873 8 609 0 -6 -12851 1 60 0
874 8 500 0 -6 -12851 0 60 0
875 8 742 0 6 -12851 1 55 0
876 12 1100 742 6 -24 1 51 51
877 8 500 0 -6 -12851 0 55 0
878 12 742 500 -6 24 0 51 51
879 8 1100 0 6 -12851 1 55 0
880 8 903 0 -24 -12851 1 60 0
881 8 609 0 24 -12851 1 55 0
882 8 500 0 24 -12851 0 60 0
883 8 903 0 6 -12851 1 55 0
884 8 1100 0 -24 -12851 1 60 0
885 8 609 0 24 -12851 0 55 0
886 12 742 609 -6 24 0 51 55
887 12 1100 742 -6 24 0 51 55
888 8 903 0 -6 -12851 1 55 0
889 12 742 500 6 -24 1 51 51
890 12 1100 742 6 -24 1 51 55
891 12 1100 742 -6 24 0 51 51
892 12 1100 742 6 -24 1 55 55
893 8 1100 0 24 -12851 0 55 0
894 8 742 0 6 -12851 1 55 0
895 8 742 0 -6 -12851 1 60 0
896 8 500 0 24 -12851 0 55 0
897 12 742 500 6 -24 0 55 51
898 8 500 0 6 -12851 1 55 0
899 8 500 0 -24 -12851 0 60 0
900 8 742 0 24 -12851 1 60 0
901 8 500 0 24 -12851 0 55 0
902 8 742 0 -24 -12851 1 55 0
903 8 903 0 6 -12851 1 55 0
904 8 903 0 -6 -12851 1 55 0
905 8 742 0 -6 -12851 1 55 0
906 8 609 0 24 -12851 0 55 0
907 8 1100 0 6 -12851 1 55 0
908 12 742 500 -6 24 0 55 55
909 8 903 0 -6 -12851 0 60 0
910 8 1100 0 24 -12851 0 55 0
911 8 1100 0 -6 -12851 0 55 0
912 8 609 0 -24 -12851 0 55 0
913 8 609 0 -6 -12851 0 55 0
914 12 500 742 6 -24 0 55 55
915 8 500 0 -6 -12851 0 60 0
916 8 500 0 -24 -12851 1 60 0
917 8 609 0 -24 -12851 1 55 0
918 8 742 0 24 -12851 0 60 0
919 8 500 0 6 -12851 0 60 0
920 12 903 742 6 -24 0 51 51
921 8 742 0 24 -12851 0 60 0
922 8 1100 0 24 -12851 0 60 0
923 12 500 742 -6 24 0 51 51
924 12 742 903 -6 24 0 55 51
925 12 742 609 -6 24 0 55 55
926 12 609 742 -6 24 0 51 55
927 12 500 742 6 -24 0 55 55
928 8 500 0 -24 -12851 0 60 0
929 8 1100 0 -6 -12851 0 60 0
930 12 742 609 -6 24 0 51 51
931 8 1100 0 24 -12851 0 60 0
932 8 742 0 -24 -12851 0 55 0
933 8 903 0 -24 -12851 0 60 0
934 8 609 0 6 -12851 0 55 0
935 8 903 0 -24 -12851 0 55 0
936 12 742 500 6 -24 0 51 51
937 12 1100 742 -6 24 0 51 51
938 12 1100 742 6 -24 0 55 55
939 8 903 0 -6 -12851 0 60 0
940 12 903 742 6 -24 0 55 55
941 12 742 500 -6 24 0 55 51
942 8 609 0 -6 -12851 1 55 0
943 8 903 0 -6 -12851 0 60 0
944 8 903 0 24 -12851 0 55 0
945 8 903 0 -6 -12851 0 55 0
946 8 609 0 -24 -12851 1 60 0
947 12 500 742 6 -24 0 55 55
948 12 500 742 -6 24 0 55 51
949 8 609 0 -6 -12851 0 55 0
950 8 903 0 6 -12851 0 55 0
951 8 609 0 24 -12851 0 55 0
952 12 742 1100 6 -24 0 55 55
953 12 742 1100 -6 24 0 51 55
954 12 609 742 6 -24 0 51 55
955 8 742 0 24 -12851 0 55 0
956 8 500 0 6 -12851 1 55 0
957 12 742 1100 -6 24 0 55 51
958 8 500 0 -6 -12851 0 60 0
959 8 1100 0 -24 -12851 1 55 0
960 12 742 903 6 -24 0 55 51
961 12 742 500 6 -24 1 55 55
962 8 1100 0 -24 -12851 0 60 0
963 8 500 0 -6 -12851 1 55 0
964 8 742 0 24 -12851 0 55 0
965 12 742 1100 -6 24 0 51 51
966 8 1100 0 -24 -12851 0 60 0
967 12 500 742 -6 24 0 51 55
968 12 742 1100 6 -24 0 55 55
969 12 742 903 6 -24 0 51 55
970 8 742 0 -24 -12851 0 55 0
971 8 500 0 6 -12851 0 55 0
972 8 500 0 -24 -12851 0 60 0
973 8 609 0 6 -12851 0 55 0
974 8 742 0 6 -12851 0 60 0
975 12 609 742 -6 24 0 51 55
976 8 500 0 24 -12851 0 55 0
977 8 742 0 -6 -12851 0 55 0
978 8 1100 0 6 -12851 0 55 0
979 8 500 0 -24 -12851 0 60 0
980 8 1100 0 -24 -12851 0 55 0
981 12 609 742 -6 24 0 55 51
982 12 1100 742 6 -24 0 51 51
983 8 1100 0 24 -12851 0 60 0
984 8 742 0 -24 -12851 0 60 0
985 8 903 0 24 -12851 0 55 0
986 8 609 0 24 -12851 0 60 0
987 12 742 500 -6 24 0 51 51
988 12 609 742 6 -24 0 55 51
989 8 903 0 -6 -12851 0 60 0
990 12 903 742 6 -24 0 51 51
991 8 903 0 24 -12851 0 60 0
992 12 742 903 6 -24 0 55 51
993 8 609 0 -24 -12851 0 60 0
994 8 1100 0 6 -12851 0 60 0
995 12 500 742 -6 24 0 55 51
996 8 1100 0 24 -12851 0 55 0
997 12 742 609 6 -24 0 51 51
998 12 742 1100 6 -24 0 51 51
999 8 609 0 -24 -12851 0 55 0
1000 8 742 0 6 -12851 0 60 0
1001 8 500 0 6 -12851 0 60 0
1002 8 609 0 24 -12851 0 60 0
1003 12 742 1100 6 -24 0 51 51
1004 12 742 609 6 -24 0 55 55
1005 8 903 0 -6 -12851 0 60 0
1006 12 903 742 -6 24 0 51 55
1007 12 903 742 6 -24 0 51 51
1008 8 903 0 -24 -12851 0 55 0
1009 8 500 0 -6 -12851 0 55 0
1010 12 500 742 -6 24 0 51 55
1011 8 742 0 -24 -12851 0 55 0
1012 8 903 0 24 -12851 0 60 0
1013 8 609 0 -6 -12851 0 55 0
1014 8 500 0 24 -12851 0 60 0
1015 8 742 0 -24 -12851 0 55 0
1016 8 1100 0 6 -12851 0 55 0
1017 12 903 742 -6 24 0 55 55
1018 8 1100 0 -24 -12851 0 55 0
1019 12 742 903 6 -24 0 51 55
1020 12 742 1100 6 -24 0 55 51
1021 8 903 0 -24 -12851 0 60 0
1022 12 742 500 6 -24 0 51 51
1023 8 903 0 -24 -12851 0 55 0
1024 12 742 1100 -6 24 0 51 55
1025 8 903 0 -24 -12851 0 60 0
1026 8 500 0 -6 -12851 0 60 0
1027 12 742 1100 -6 24 0 51 55
1028 8 742 0 6 -12851 0 55 0
1029 12 742 1100 -6 24 0 51 51
1030 8 500 0 -6 -12851 0 55 0
1031 12 500 742 6 -24 0 51 55
1032 8 500 0 24 -12851 0 55 0
1033 12 609 742 -6 24 0 51 51
1034 8 903 0 -24 -12851 0 60 0
1035 8 609 0 6 -12851 0 55 0
1036 12 742 1100 -6 24 0 55 51
1037 12 609 742 6 -24 0 51 55
1038 12 903 742 6 -24 0 51 51
1039 8 609 0 -6 -12851 0 60 0
1040 8 742 0 -6 -12851 0 60 0
1041 12 1100 742 6 -24 0 51 55
1042 12 742 500 -6 24 0 55 55
1043 8 1100 0 6 -12851 0 60 0
1044 12 742 609 -6 24 0 55 51
1045 8 742 0 6 -12851 0 55 0
1046 12 609 742 6 -24 0 55 55
1047 12 500 742 -6 24 0 51 55
1048 12 742 1100 -6 24 0 51 51
1049 12 609 742 6 -24 0 51 55
1050 12 742 1100 6 -24 0 51 51
1051 12 742 1100 -6 24 0 55 51
1052 12 903 742 6 -24 0 55 55
1053 8 609 0 -6 -12851 0 60 0
1054 12 609 742 -6 24 0 51 55
1055 8 1100 0 6 -12851 0 60 0
1056 8 1100 0 6 -12851 0 60 0
1057 12 1100 742 6 -24 0 51 51
1058 12 742 500 6 -24 0 55 55
1059 8 1100 0 6 -12851 0 55 0
1060 12 742 609 6 -24 0 55 55
1061 8 1100 0 6 -12851 0 60 0
1062 8 1100 0 24 -12851 0 60 0
1063 8 742 0 6 -12851 0 60 0
1064 12 742 609 -6 24 0 55 51
1065 12 903 742 6 -24 0 51 55
1066 12 742 903 -6 24 0 55 55
1067 8 742 0 24 -12851 0 60 0
1068 8 903 0 -24 -12851 0 55 0
1069 12 609 742 -6 24 0 51 51
1070 12 742 609 6 -24 0 51 51
1071 12 742 500 -6 24 0 51 55
1072 8 1100 0 6 -12851 0 55 0
1073 12 500 742 6 -24 0 55 55
1074 12 742 1100 -6 24 0 55 55
1075 12 903 742 -6 24 0 51 55
1076 12 500 742 6 -24 0 51 55
1077 8 500 0 6 -12851 0 60 0
1078 8 742 0 24 -12851 0 55 0
1079 12 742 500 -6 24 0 51 55
1080 12 742 903 -6 24 0 51 55
1081 8 500 0 -24 -12851 0 60 0
1082 12 742 609 -6 24 0 51 51
1083 8 500 0 -6 -12851 0 55 0
1084 8 903 0 -24 -12851 0 60 0
1085 8 903 0 6 -12851 0 60 0
1086 12 742 1100 6 -24 0 51 51
1087 8 609 0 -6 -12851 0 55 0
1088 8 609 0 -6 -12851 0 55 0
1089 12 1100 742 6 -24 0 51 55
1090 8 609 0 -24 -12851 0 55 0
1091 12 742 1100 6 -24 0 55 51
1092 12 1100 742 6 -24 0 51 55
1093 8 609 0 6 -12851 0 60 0
1094 8 609 0 6 -12851 0 55 0
1095 8 500 0 -6 -12851 0 55 0
1096 8 903 0 24 -12851 0 60 0
1097 12 609 742 -6 24 0 51 55
1098 8 609 0 -24 -12851 0 55 0
1099 8 1100 0 24 -12851 0 55 0
1100 8 500 0 -24 -12851 0 60 0
1101 8 500 0 -6 -12851 0 55 0
1102 12 742 1100 6 -24 0 51 55
1103 12 742 903 6 -24 0 51 55
1104 8 903 0 6 -12851 0 55 0
1105 8 903 0 24 -12851 0 60 0
1106 8 609 0 -6 -12851 0 55 0
1107 8 742 0 -24 -12851 0 60 0
1108 8 1100 0 6 -12851 0 55 0
1109 8 742 0 -24 -12851 0 60 0
1110 8 742 0 6 -12851 0 55 0
1111 8 1100 0 -6 -12851 0 55 0
1112 8 609 0 -24 -12851 0 60 0
1113 12 742 500 6 -24 0 55 55
1114 8 609 0 -24 -12851 0 55 0
1115 8 500 0 -6 -12851 0 60 0
1116 8 1100 0 24 -12851 0 55 0
1117 8 609 0 6 -12851 0 60 0
1118 12 609 742 -6 24 0 55 51
1119 12 903 742 -6 24 0 55 51
1120 8 742 0 6 -12851 0 55 0
1121 12 903 742 6 -24 0 55 55
1122 8 1100 0 24 -12851 0 60 0
1123 12 742 903 -6 24 0 51 55
1124 8 609 0 -24 -12851 0 60 0
1125 12 742 609 6 -24 0 51 51
1126 12 903 742 6 -24 0 51 55
1127 8 903 0 -24 -12851 0 55 0
1128 12 742 500 6 -24 0 55 55
1129 12 742 903 6 -24 0 55 55
1130 8 500 0 6 -12851 0 60 0
1131 12 903 742 6 -24 0 51 51
1132 8 500 0 -6 -12851 0 55 0
1133 8 742 0 24 -12851 0 55 0
1134 8 903 0 6 -12851 0 60 0
1135 12 1100 742 6 -24 0 55 55
1136 8 742 0 -6 -12851 0 55 0
1137 12 742 609 -6 24 0 55 55
1138 8 903 0 -24 -12851 0 60 0
1139 12 742 500 6 -24 0 51 51
1140 12 1100 742 6 -24 0 55 51
1141 8 1100 0 -6 -12851 0 60 0
1142 12 742 500 -6 24 0 55 55
1143 8 903 0 6 -12851 0 60 0
1144 12 500 742 6 -24 0 55 55
1145 8 903 0 6 -12851 0 60 0
1146 8 903 0 -24 -12851 0 55 0
1147 8 609 0 6 -12851 0 60 0
1148 8 903 0 24 -12851 0 55 0
1149 8 609 0 -24 -12851 0 60 0
1150 8 500 0 24 -12851 0 55 0
1151 12 609 742 -6 24 0 55 51
1152 8 742 0 -6 -12851 0 55 0
1153 8 500 0 24 -12851 0 55 0
1154 12 1100 742 -6 24 0 51 51
1155 8 742 0 6 -12851 0 55 0
1156 12 742 500 6 -24 0 55 55
1157 12 500 742 6 -24 0 51 51
1158 8 500 0 24 -12851 0 60 0
1159 8 742 0 -24 -12851 0 55 0
1160 12 742 500 6 -24 0 55 51
1161 12 609 742 -6 24 0 51 55
1162 12 500 742 -6 24 0 51 55
1163 12 742 609 6 -24 0 51 55
1164 8 609 0 24 -12851 0 55 0
1165 8 1100 0 6 -12851 0 55 0
1166 8 1100 0 24 -12851 0 55 0
1167 12 903 742 6 -24 0 55 51
1168 8 1100 0 24 -12851 0 55 0
1169 12 742 1100 -6 24 0 55 55
1170 12 903 742 -6 24 0 51 51
1171 8 609 0 6 -12851 0 60 0
1172 8 609 0 24 -12851 0 60 0
1173 8 500 0 -6 -12851 0 60 0
1174 12 903 742 -6 24 0 51 51
1175 8 903 0 -24 -12851 0 60 0
1176 8 903 0 -24 -12851 0 60 0
1177 12 742 500 -6 24 0 51 55
1178 12 742 609 -6 24 0 51 55
1179 12 742 1100 -6 24 0 51 55
1180 8 742 0 6 -12851 0 60 0
1181 8 1100 0 24 -12851 0 60 0
1182 12 742 500 -6 24 0 51 55
1183 12 1100 742 -6 24 0 55 55
1184 8 500 0 24 -12851 0 60 0
1185 8 500 0 6 -12851 0 60 0
1186 8 903 0 -24 -12851 0 60 0
1187 8 1100 0 -24 -12851 0 55 0
1188 12 742 903 -6 24 0 51 55
1189 8 1100 0 -6 -12851 0 55 0
1190 12 500 742 -6 24 0 51 55
1191 8 609 0 -6 -12851 0 55 0
1192 8 609 0 6 -12851 0 60 0
1193 8 742 0 -6 -12851 0 55 0
1194 12 742 1100 -6 24 0 55 55
1195 8 742 0 -24 -12851 0 60 0
1196 8 500 0 -6 -12851 0 60 0
1197 8 500 0 -24 -12851 0 60 0
1198 12 609 742 6 -24 0 51 55
1199 12 903 742 -6 24 0 55 55
1200 12 1100 742 -6 24 0 51 51
1201 8 500 0 24 -12851 0 60 0
1202 12 1100 742 6 -24 0 51 51
1203 8 609 0 -24 -12851 0 60 0
1204 8 1100 0 24 -12851 0 60 0
1205 8 903 0 -6 -12851 0 60 0
1206 8 609 0 -24 -12851 0 55 0
1207 8 742 0 6 -12851 0 55 0
1208 12 742 609 -6 24 0 55 55
1209 12 1100 742 6 -24 0 51 55
1210 12 903 742 -6 24 0 51 55
1211 8 609 0 -6 -12851 0 60 0
1212 12 742 1100 6 -24 0 51 51
1213 8 903 0 -24 -12851 0 60 0
1214 8 903 0 -24 -12851 0 55 0
1215 12 742 903 -6 24 0 51 55
1216 12 903 742 -6 24 0 51 55
1217 8 500 0 24 -12851 0 60 0
1218 8 1100 0 -6 -12851 0 55 0
1219 8 1100 0 -6 -12851 0 55 0
1220 8 742 0 24 -12851 0 60 0
1221 12 903 742 -6 24 0 51 51
1222 12 903 742 6 -24 0 55 55
1223 12 742 500 -6 24 0 55 55
1224 12 742 500 6 -24 0 55 51
1225 8 742 0 -24 -12851 0 55 0
1226 8 742 0 24 -12851 0 55 0
1227 12 742 903 6 -24 0 51 51
1228 12 742 903 -6 24 0 55 55
1229 8 742 0 -6 -12851 0 55 0
1230 8 742 0 24 -12851 0 55 0
1231 8 1100 0 24 -12851 0 60 0
1232 8 609 0 6 -12851 0 55 0
1233 12 742 609 -6 24 0 55 51
1234 12 1100 742 6 -24 0 51 51
1235 8 903 0 6 -12851 0 55 0
1236 12 903 742 -6 24 0 55 55
1237 8 500 0 24 -12851 0 60 0
1238 8 609 0 6 -12851 0 60 0
1239 8 609 0 -24 -12851 0 55 0
1240 8 903 0 6 -12851 0 55 0
1241 12 903 742 6 -24 0 51 51
1242 8 903 0 -6 -12851 0 55 0
1243 8 500 0 -6 -12851 0 55 0
1244 8 742 0 24 -12851 0 60 0
1245 8 500 0 24 -12851 0 60 0
1246 8 1100 0 6 -12851 0 60 0
1247 8 1100 0 6 -12851 0 55 0
1248 12 609 742 -6 24 0 55 55
1249 8 903 0 6 -12851 0 55 0
1250 8 903 0 24 -12851 0 55 0
1251 8 742 0 -6 -12851 0 55 0
1252 12 742 903 -6 24 0 55 55
1253 12 500 742 -6 24 0 55 55
1254 8 1100 0 -24 -12851 0 60 0
1255 12 742 903 6 -24 0 51 55
1256 12 742 903 6 -24 0 51 51
1257 8 903 0 24 -12851 0 55 0
1258 8 1100 0 -6 -12851 0 55 0
1259 8 742 0 -24 -12851 0 55 0
1260 12 609 742 -6 24 0 51 55
1261 12 742 609 -6 24 0 51 55
1262 8 903 0 -6 -12851 0 60 0
1263 8 742 0 6 -12851 0 55 0
1264 8 500 0 -24 -12851 0 55 0
1265 8 609 0 -6 -12851 0 60 0
1266 8 609 0 24 -12851 0 60 0
1267 8 1100 0 -6 -12851 0 60 0
1268 12 609 742 -6 24 0 55 55
1269 12 742 903 -6 24 0 55 55
1270 8 500 0 24 -12851 0 55 0
1271 8 609 0 -24 -12851 0 55 0
1272 8 500 0 -6 -12851 0 60 0
1273 8 1100 0 -6 -12851 0 55 0
1274 8 1100 0 -6 -12851 0 60 0
1275 12 742 1100 -6 24 0 55 55
1276 8 1100 0 -24 -12851 0 60 0
1277 8 500 0 6 -12851 0 60 0
1278 8 1100 0 6 -12851 0 55 0
1279 8 742 0 24 -12851 0 60 0
1280 12 742 903 -6 24 0 51 51
1281 8 609 0 -6 -12851 0 55 0
1282 12 742 1100 6 -24 0 51 55
1283 8 609 0 6 -12851 0 60 0
1284 8 903 0 24 -12851 0 60 0
1285 8 742 0 -6 -12851 0 60 0
1286 8 500 0 24 -12851 0 60 0
1287 8 500 0 -24 -12851 0 55 0
1288 8 609 0 6 -12851 0 60 0
1289 8 742 0 24 -12851 0 55 0
1290 8 903 0 -24 -12851 0 60 0
1291 12 742 609 6 -24 0 51 55
1292 12 742 1100 6 -24 0 51 55
1293 12 742 903 6 -24 0 55 51
1294 12 500 742 6 -24 0 55 55
1295 8 903 0 -6 -12851 0 60 0
1296 8 500 0 24 -12851 0 60 0
1297 8 500 0 -24 -12851 0 55 0
1298 12 1100 742 -6 24 0 51 51
1299 8 500 0 -6 -12851 0 60 0
1300 12 742 903 6 -24 0 51 51
1301 8 500 0 -24 -12851 0 55 0
1302 12 742 500 6 -24 0 55 55
1303 8 1100 0 24 -12851 0 55 0
1304 8 609 0 -6 -12851 0 60 0
1305 12 609 742 -6 24 0 51 55
1306 12 1100 742 -6 24 0 55 51
1307 12 500 742 6 -24 0 51 51
1308 8 609 0 -6 -12851 0 55 0
1309 8 1100 0 -6 -12851 0 60 0
1310 12 742 609 -6 24 0 51 55
1311 8 609 0 6 -12851 0 55 0
1312 8 1100 0 -24 -12851 0 60 0
1313 8 903 0 24 -12851 0 55 0
1314 8 742 0 24 -12851 0 60 0
1315 8 742 0 -24 -12851 0 60 0
1316 12 742 1100 -6 24 0 51 51
1317 8 742 0 -6 -12851 0 55 0
1318 8 903 0 -6 -12851 0 60 0
1319 8 903 0 -24 -12851 0 60 0
1320 12 1100 742 6 -24 0 51 55
1321 8 903 0 6 -12851 0 60 0
1322 8 903 0 24 -12851 0 55 0
1323 8 609 0 -6 -12851 0 55 0
1324 8 500 0 -24 -12851 0 60 0
1325 8 742 0 -6 -12851 0 55 0
1326 12 609 742 6 -24 0 55 51
1327 8 742 0 6 -12851 0 60 0
1328 12 903 742 -6 24 0 55 51
1329 8 742 0 24 -12851 0 60 0
1330 8 1100 0 6 -12851 0 60 0
1331 12 742 609 6 -24 0 55 51
1332 12 903 742 6 -24 0 51 55
1333 12 1100 742 -6 24 0 55 55
1334 12 609 742 6 -24 0 51 55
1335 12 1100 742 -6 24 0 55 55
1336 8 1100 0 6 -12851 0 55 0
1337 8 500 0 -6 -12851 0 55 0
1338 12 742 1100 6 -24 0 51 55
1339 8 609 0 -24 -12851 0 60 0
1340 12 742 1100 6 -24 0 51 51
1341 12 742 609 6 -24 0 55 51
1342 12 742 903 6 -24 0 55 51
1343 12 742 1100 6 -24 0 51 55
1344 8 903 0 -24 -12851 0 55 0
1345 8 903 0 6 -12851 0 55 0
1346 12 742 1100 6 -24 0 51 55
1347 12 500 742 -6 24 0 55 51
1348 8 500 0 -24 -12851 0 55 0
1349 12 742 609 -6 24 0 51 55
1350 12 1100 742 -6 24 0 55 51
1351 8 1100 0 6 -12851 0 60 0
1352 8 609 0 24 -12851 0 55 0
1353 8 903 0 -24 -12851 0 55 0
1354 12 742 609 -6 24 0 51 51
1355 12 742 500 6 -24 0 55 55
1356 8 903 0 -24 -12851 0 60 0
1357 8 609 0 24 -12851 0 60 0
1358 8 742 0 -24 -12851 0 60 0
1359 8 1100 0 -24 -12851 0 60 0
1360 12 903 742 -6 24 0 51 51
1361 8 1100 0 -24 -12851 0 60 0
1362 12 609 742 -6 24 0 51 51
1363 12 742 500 6 -24 0 55 55
1364 8 742 0 24 -12851 0 60 0
1365 8 1100 0 24 -12851 0 55 0
1366 12 742 500 -6 24 0 55 55
1367 8 903 0 -6 -12851 0 60 0
1368 12 742 500 6 -24 0 51 51
1369 8 500 0 -24 -12851 0 55 0
1370 12 1100 742 -6 24 0 55 55
1371 12 742 609 -6 24 0 55 55
1372 8 500 0 6 -12851 0 60 0
1373 8 903 0 6 -12851 0 60 0
1374 12 742 500 6 -24 0 51 51
1375 12 742 609 6 -24 0 51 51
1376 8 500 0 -24 -12851 0 60 0
1377 8 609 0 6 -12851 0 55 0
1378 8 742 0 24 -12851 0 55 0
1379 8 609 0 24 -12851 0 60 0
1380 12 742 903 6 -24 0 51 55
1381 8 1100 0 24 -12851 0 60 0
1382 8 1100 0 6 -12851 0 55 0
1383 12 742 609 -6 24 0 51 51
1384 8 609 0 6 -12851 0 55 0
1385 12 742 1100 -6 24 0 51 51
1386 8 742 0 -6 -12851 0 55 0
1387 8 1100 0 24 -12851 0 55 0
1388 8 903 0 6 -12851 0 55 0
1389 12 500 742 -6 24 0 51 51
1390 12 742 500 -6 24 0 51 55
1391 8 903 0 -6 -12851 0 55 0
1392 8 903 0 24 -12851 0 55 0
1393 8 1100 0 6 -12851 0 55 0
1394 12 742 609 -6 24 0 55 55
1395 8 742 0 -24 -12851 0 60 0
1396 8 742 0 6 -12851 0 55 0
1397 8 609 0 -24 -12851 0 60 0
1398 12 903 742 6 -24 0 55 51
1399 12 609 742 6 -24 0 55 51
1400 8 609 0 -6 -12851 0 60 0
1401 12 903 742 -6 24 0 55 55
1402 8 500 0 6 -12851 0 55 0
1403 8 500 0 -24 -12851 0 55 0
1404 8 500 0 -24 -12851 0 60 0
1405 8 903 0 24 -12851 0 60 0
1406 12 742 500 -6 24 0 51 51
1407 12 903 742 6 -24 0 55 55
1408 8 903 0 24 -12851 0 55 0
1409 8 742 0 -6 -12851 0 55 0
1410 8 1100 0 6 -12851 0 55 0
1411 8 1100 0 24 -12851 0 55 0
1412 8 609 0 -6 -12851 0 55 0
1413 12 903 742 -6 24 0 51 51
1414 8 903 0 6 -12851 0 55 0
1415 8 500 0 -24 -12851 0 55 0
1416 8 609 0 24 -12851 0 55 0
1417 8 903 0 6 -12851 0 55 0
1418 12 1100 742 6 -24 0 51 51
1419 12 1100 742 -6 24 0 51 51
1420 12 903 742 -6 24 0 55 55
1421 8 500 0 24 -12851 0 60 0
1422 12 742 609 -6 24 0 55 55
1423 8 742 0 6 -12851 0 55 0
1424 8 742 0 6 -12851 0 55 0
1425 8 1100 0 -24 -12851 0 55 0
1426 12 903 742 -6 24 0 55 51
1427 8 500 0 24 -12851 0 60 0
1428 8 609 0 24 -12851 0 60 0
1429 12 742 500 6 -24 0 51 55
1430 8 1100 0 -6 -12851 0 60 0
1431 8 1100 0 -6 -12851 0 60 0
1432 8 609 0 -6 -12851 0 60 0
1433 8 742 0 -6 -12851 0 55 0
1434 8 1100 0 -6 -12851 0 60 0
1435 12 500 742 -6 24 0 51 55
1436 12 903 742 -6 24 0 51 51
1437 8 903 0 -6 -12851 0 60 0
1438 12 742 903 6 -24 0 55 55
1439 8 903 0 -24 -12851 0 60 0
1440 8 903 0 24 -12851 0 60 0
1441 12 742 609 6 -24 0 51 51
1442 8 1100 0 -24 -12851 0 60 0
1443 8 742 0 24 -12851 0 60 0
1444 8 742 0 24 -12851 0 60 0
1445 8 609 0 24 -12851 0 55 0
1446 12 742 903 6 -24 0 55 55
1447 8 609 0 -24 -12851 0 60 0
1448 8 500 0 6 -12851 0 60 0
1449 12 742 903 6 -24 0 55 55
1450 12 609 742 -6 24 0 55 55
1451 12 742 609 6 -24 0 55 51
1452 12 1100 742 6 -24 0 51 55
1453 12 609 742 6 -24 0 55 55
1454 8 500 0 -6 -12851 0 60 0
1455 12 742 1100 6 -24 0 51 55
1456 8 500 0 -24 -12851 0 60 0
1457 8 742 0 -6 -12851 0 60 0
1458 8 742 0 24 -12851 0 60 0
1459 8 1100 0 -24 -12851 0 60 0
1460 8 609 0 -24 -12851 0 60 0
1461 8 742 0 -24 -12851 0 55 0
1462 12 609 742 6 -24 0 51 51
1463 12 1100 742 -6 24 0 55 51
1464 8 903 0 -24 -12851 0 60 0
1465 8 742 0 -6 -12851 0 60 0
1466 12 500 742 -6 24 0 55 55
1467 12 742 903 6 -24 0 51 55
1468 12 500 742 6 -24 0 55 51
1469 12 742 609 -6 24 0 51 55
1470 12 609 742 -6 24 0 55 55
1471 8 1100 0 6 -12851 0 60 0
1472 8 903 0 -24 -12851 0 55 0
1473 8 609 0 24 -12851 0 55 0
1474 8 500 0 -24 -12851 0 60 0
1475 8 500 0 -6 -12851 0 55 0
1476 8 609 0 24 -12851 0 60 0
1477 12 742 609 6 -24 0 55 55
1478 12 742 1100 6 -24 0 55 51
1479 8 1100 0 -6 -12851 0 55 0
1480 8 500 0 24 -12851 0 60 0
1481 12 609 742 6 -24 0 55 55
1482 8 903 0 6 -12851 0 55 0
1483 8 500 0 -6 -12851 0 60 0
1484 8 500 0 -24 -12851 0 55 0
1485 8 742 0 -6 -12851 0 55 0
1486 8 1100 0 24 -12851 0 60 0
1487 8 500 0 6 -12851 0 60 0
1488 8 609 0 6 -12851 0 60 0
1489 12 609 742 6 -24 0 51 55
1490 8 1100 0 -24 -12851 0 60 0
1491 8 609 0 6 -12851 0 55 0
1492 8 1100 0 -24 -12851 0 55 0
1493 8 609 0 -6 -12851 0 60 0
1494 12 742 903 -6 24 0 51 51
1495 8 742 0 6 -12851 0 55 0
1496 8 742 0 24 -12851 0 55 0
1497 8 500 0 6 -12851 0 60 0
1498 12 742 1100 -6 24 0 51 55
1499 12 500 742 -6 24 0 51 51
1500 12 742 609 6 -24 0 51 51
1501 8 903 0 -6 -12851 0 60 0
1502 12 742 1100 -6 24 0 55 51
1503 8 903 0 6 -12851 0 60 0
1504 8 903 0 6 -12851 0 60 0
1505 8 742 0 24 -12851 0 60 0
1506 12 500 742 -6 24 0 55 55
1507 8 742 0 6 -12851 0 55 0
1508 12 742 609 -6 24 0 55 55
1509 12 742 609 -6 24 0 55 51
1510 12 609 742 6 -24 0 55 51
1511 8 500 0 6 -12851 0 55 0
1512 12 903 742 -6 24 0 51 51
1513 12 742 1100 6 -24 0 51 55
1514 12 903 742 6 -24 0 55 51
1515 8 1100 0 24 -12851 0 55 0
1516 12 742 500 -6 24 0 55 55
1517 12 742 1100 6 -24 0 55 51
1518 12 742 500 6 -24 0 55 55
1519 8 903 0 -6 -12851 0 55 0
1520 12 742 903 6 -24 0 51 51
1521 8 1100 0 6 -12851 0 55 0
1522 8 609 0 -24 -12851 0 60 0
1523 8 500 0 -6 -12851 0 60 0
1524 12 742 1100 -6 24 0 51 51
1525 8 742 0 -24 -12851 0 60 0
1526 12 609 742 -6 24 0 51 55
1527 12 742 609 -6 24 0 51 51
1528 8 500 0 24 -12851 0 55 0
1529 12 742 609 6 -24 0 55 55
1530 8 742 0 6 -12851 0 60 0
1531 8 609 0 -6 -12851 0 60 0
1532 8 609 0 24 -12851 0 55 0
1533 8 1100 0 24 -12851 0 60 0
1534 8 903 0 6 -12851 0 55 0
1535 8 903 0 -24 -12851 0 55 0
1536 8 903 0 24 -12851 0 55 0
1537 8 903 0 -6 -12851 0 60 0
1538 12 742 609 6 -24 0 51 51
1539 8 903 0 6 -12851 0 55 0
1540 12 742 903 -6 24 0 51 55
1541 12 742 1100 6 -24 0 51 55
1542 12 742 500 6 -24 0 55 55
1543 12 742 500 6 -24 0 55 55
1544 8 1100 0 24 -12851 0 60 0
1545 12 1100 742 -6 24 0 51 51
1546 8 1100 0 -6 -12851 0 60 0
1547 8 500 0 -6 -12851 0 60 0
1548 8 609 0 -24 -12851 0 55 0
1549 8 609 0 -24 -12851 0 60 0
1550 8 500 0 -24 -12851 0 60 0
1551 12 742 500 6 -24 0 51 51
1552 8 500 0 -24 -12851 0 55 0
1553 12 742 500 -6 24 0 55 55
1554 8 903 0 24 -12851 0 55 0
1555 8 609 0 6 -12851 0 55 0
1556 8 742 0 -6 -12851 0 60 0
1557 8 742 0 6 -12851 0 55 0
1558 8 742 0 6 -12851 0 60 0
1559 12 742 609 -6 24 0 51 51
1560 12 1100 742 -6 24 0 55 55
1561 8 1100 0 -24 -12851 0 60 0
1562 8 903 0 -24 -12851 0 60 0
1563 8 903 0 24 -12851 0 55 0
1564 12 742 903 6 -24 0 55 55
1565 8 500 0 24 -12851 0 60 0
1566 8 609 0 24 -12851 0 60 0
1567 8 903 0 -6 -12851 0 60 0
1568 8 903 0 6 -12851 0 55 0
1569 12 742 903 6 -24 0 51 51
1570 12 903 742 6 -24 0 55 51
1571 8 1100 0 24 -12851 0 55 0
1572 12 742 609 -6 24 0 55 55
1573 12 500 742 -6 24 0 51 55
1574 8 500 0 -6 -12851 0 60 0
1575 12 742 1100 -6 24 0 55 55
1576 8 500 0 -6 -12851 0 60 0
1577 8 609 0 24 -12851 0 55 0
1578 8 1100 0 -6 -12851 0 60 0
1579 8 1100 0 24 -12851 0 55 0
1580 12 742 609 6 -24 0 55 51
1581 12 500 742 -6 24 0 55 55
1582 8 742 0 -6 -12851 0 55 0
1583 12 742 903 -6 24 0 55 55
1584 12 903 742 -6 24 0 51 51
1585 12 609 742 6 -24 0 55 55
1586 8 609 0 6 -12851 0 60 0
1587 12 742 609 6 -24 0 55 55
1588 12 742 1100 6 -24 1 51 55
1589 12 609 742 -6 24 0 51 51
1590 12 742 903 -6 24 0 55 51
1591 12 742 500 -6 24 0 55 55
1592 12 1100 742 -6 24 0 55 55
1593 8 742 0 6 -12851 0 55 0
1594 8 742 0 6 -12851 0 55 0
1595 8 500 0 24 -12851 0 60 0
1596 8 500 0 6 -12851 0 55 0
1597 12 903 742 -6 24 0 55 51
1598 8 742 0 6 -12851 0 55 0
1599 8 742 0 -24 -12851 0 55 0
1600 12 1100 742 -6 24 0 51 55
1601 12 1100 742 6 -24 0 55 55
1602 8 609 0 6 -12851 0 55 0
1603 12 742 609 -6 24 0 51 51
1604 8 1100 0 24 -12851 0 55 0
1605 12 742 1100 6 -24 0 51 55
1606 12 609 742 6 -24 0 55 55
1607 12 609 742 -6 24 0 51 55
1608 8 1100 0 -24 -12851 0 55 0
1609 8 609 0 -6 -12851 0 55 0
1610 8 742 0 -6 -12851 0 55 0
1611 8 500 0 -24 -12851 0 55 0
1612 12 609 742 -6 24 0 55 51
1613 8 1100 0 -6 -12851 0 55 0
1614 12 1100 742 6 -24 0 51 51
1615 8 903 0 24 -12851 0 55 0
1616 12 742 609 -6 24 0 55 51
1617 12 742 609 -6 24 0 55 51
1618 12 1100 742 -6 24 0 55 55
1619 8 903 0 -24 -12851 0 55 0
1620 12 903 742 6 -24 0 51 51
1621 8 903 0 -24 -12851 0 60 0
1622 8 500 0 -6 -12851 0 60 0
1623 12 500 742 -6 24 0 51 55
1624 8 609 0 24 -12851 0 55 0
1625 12 742 500 6 -24 0 55 51
1626 12 1100 742 6 -24 0 51 51
1627 8 903 0 24 -12851 0 60 0
1628 8 903 0 -24 -12851 0 55 0
1629 12 742 609 -6 24 0 55 55
1630 8 742 0 6 -12851 0 55 0
1631 12 609 742 6 -24 0 55 55
1632 8 1100 0 -6 -12851 0 60 0
1633 12 742 1100 6 -24 0 51 51
1634 8 1100 0 6 -12851 0 55 0
1635 12 1100 742 -6 24 0 51 51
1636 8 609 0 6 -12851 0 55 0
1637 8 903 0 -24 -12851 0 60 0
1638 8 500 0 -24 -12851 0 55 0
1639 8 609 0 6 -12851 0 60 0
1640 8 903 0 6 -12851 0 60 0
1641 12 742 1100 -6 24 0 55 51
1642 8 500 0 -6 -12851 0 55 0
1643 12 500 742 -6 24 0 55 51
1644 12 903 742 -6 24 0 51 51
1645 8 742 0 -6 -12851 0 60 0
1646 12 742 1100 -6 24 0 55 51
1647 8 742 0 -6 -12851 0 55 0
1648 12 742 500 -6 24 0 51 51
1649 8 1100 0 24 -12851 0 60 0
1650 8 500 0 6 -12851 0 60 0
1651 8 609 0 -6 -12851 0 60 0
1652 12 903 742 -6 24 0 51 51
1653 8 609 0 24 -12851 0 60 0
1654 8 609 0 24 -12851 0 60 0
1655 8 500 0 6 -12851 0 60 0
1656 8 903 0 24 -12851 0 55 0
1657 12 742 903 6 -24 0 55 55
1658 12 609 742 6 -24 0 55 55
1659 8 609 0 -6 -12851 0 60 0
1660 8 1100 0 24 -12851 0 55 0
1661 12 609 742 6 -24 0 55 51
1662 8 500 0 -6 -12851 0 55 0
1663 8 500 0 -6 -12851 0 55 0
1664 8 903 0 -24 -12851 0 55 0
1665 8 903 0 6 -12851 0 60 0
1666 8 609 0 6 -12851 0 60 0
1667 12 903 742 6 -24 0 51 51
1668 8 742 0 -24 -12851 0 55 0
1669 8 1100 0 -6 -12851 0 60 0
1670 8 742 0 -24 -12851 0 55 0
1671 12 742 903 6 -24 0 51 51
1672 12 742 609 6 -24 0 55 51
1673 8 742 0 24 -12851 0 55 0
1674 12 742 1100 -6 24 0 55 55
1675 12 742 903 6 -24 0 51 51
1676 12 500 742 6 -24 0 51 51
1677 8 1100 0 24 -12851 0 55 0
1678 12 1100 742 6 -24 0 51 55
1679 12 742 609 6 -24 0 51 55
1680 12 742 903 6 -24 0 51 51
1681 8 903 0 24 -12851 0 60 0
1682 8 903 0 24 -12851 0 60 0
1683 8 742 0 24 -12851 0 60 0
1684 12 903 742 6 -24 0 51 55
1685 8 1100 0 6 -12851 0 60 0
1686 8 1100 0 -6 -12851 0 55 0
1687 12 742 903 -6 24 0 55 55
1688 12 500 742 -6 24 0 51 51
1689 12 1100 742 6 -24 0 51 51
1690 12 742 1100 6 -24 0 51 51
1691 8 609 0 6 -12851 0 60 0
1692 8 903 0 6 -12851 0 60 0
1693 8 500 0 -6 -12851 0 55 0
1694 8 609 0 -6 -12851 0 60 0
1695 8 903 0 -24 -12851 0 55 0
1696 8 500 0 6 -12851 0 60 0
1697 12 742 500 6 -24 0 51 51
1698 12 500 742 -6 24 0 51 55
1699 8 742 0 6 -12851 0 60 0
1700 8 742 0 6 -12851 0 60 0
1701 8 1100 0 6 -12851 0 60 0
1702 12 609 742 6 -24 0 55 51
1703 12 500 742 6 -24 0 55 51
1704 8 500 0 -6 -12851 0 60 0
1705 8 609 0 -6 -12851 0 55 0
1706 12 1100 742 6 -24 0 55 51
1707 12 742 903 6 -24 0 51 51
1708 8 742 0 6 -12851 0 60 0
1709 8 742 0 -6 -12851 0 55 0
1710 8 609 0 24 -12851 0 55 0
1711 8 500 0 6 -12851 0 55 0
1712 8 609 0 -24 -12851 0 60 0
1713 8 1100 0 -6 -12851 0 60 0
1714 12 742 1100 -6 24 0 55 51
1715 12 742 903 -6 24 0 51 55
1716 8 500 0 -6 -12851 0 55 0
1717 8 609 0 -24 -12851 0 60 0
1718 8 742 0 6 -12851 0 60 0
1719 12 742 903 -6 24 0 55 55
1720 8 742 0 -24 -12851 0 60 0
1721 12 742 903 6 -24 0 55 51
1722 12 903 742 -6 24 0 51 51
1723 8 1100 0 6 -12851 0 55 0
1724 12 903 742 -6 24 0 51 51
1725 8 1100 0 -6 -12851 0 60 0
1726 8 500 0 -24 -12851 0 55 0
1727 8 903 0 6 -12851 0 55 0
1728 8 903 0 24 -12851 0 60 0
1729 8 903 0 6 -12851 0 55 0
1730 8 742 0 -6 -12851 0 55 0
1731 8 742 0 -6 -12851 0 60 0
1732 12 609 742 -6 24 0 51 51
1733 12 903 742 -6 24 0 51 51
1734 12 500 742 6 -24 0 51 55
1735 8 742 0 -24 -12851 0 55 0
1736 12 1100 742 -6 24 0 55 51
1737 8 1100 0 -6 -12851 0 60 0
1738 8 742 0 -6 -12851 0 55 0
1739 8 500 0 -6 -12851 0 60 0
1740 8 609 0 -24 -12851 0 55 0
1741 8 609 0 24 -12851 0 60 0
1742 8 1100 0 -6 -12851 0 55 0
1743 8 903 0 24 -12851 0 60 0
1744 8 609 0 6 -12851 0 55 0
1745 8 903 0 6 -12851 0 55 0
1746 8 903 0 6 -12851 0 60 0
1747 8 1100 0 6 -12851 0 60 0
1748 8 500 0 -6 -12851 0 55 0
1749 12 742 903 -6 24 0 51 51
1750 8 500 0 24 -12851 0 55 0
1751 12 500 742 6 -24 0 51 55
1752 8 609 0 -24 -12851 0 60 0
1753 8 609 0 24 -12851 0 60 0
1754 8 1100 0 -24 -12851 0 60 0
1755 12 742 500 -6 24 0 55 51
1756 8 609 0 24 -12851 0 55 0
1757 12 609 742 -6 24 0 55 51
1758 12 742 903 -6 24 0 51 51
1759 8 500 0 -24 -12851 0 60 0
1760 12 500 742 6 -24 0 55 55
1761 12 742 500 -6 24 0 55 55
1762 8 903 0 24 -12851 0 55 0
1763 12 742 903 -6 24 0 55 55
1764 8 742 0 -6 -12851 0 60 0
1765 8 1100 0 6 -12851 0 60 0
1766 12 742 1100 -6 24 0 55 55
1767 8 742 0 -24 -12851 0 55 0
1768 8 609 0 -24 -12851 0 60 0
