276 12 742 500 6 -24 1 55 55
277 8 500 0 24 -12851 1 60 0
278 12 903 742 6 -24 1 55 51
279 12 742 1100 -6 24 1 51 55
280 8 609 0 6 -12851 1 55 0
281 8 500 0 24 -12851 1 55 0
282 8 742 0 -6 -12851 1 60 0
283 8 903 0 24 -12851 1 55 0
284 8 609 0 6 -12851 1 55 0
285 8 1100 0 -24 -12851 1 55 0
286 8 500 0 -24 -12851 1 55 0
287 8 609 0 24 -12851 0 60 0
288 12 500 742 -6 24 0 55 55
289 8 742 0 -6 -12851 0 55 0
290 12 609 742 -6 24 0 51 55
291 8 742 0 -6 -12851 1 55 0
292 12 742 500 -6 24 1 51 51
293 12 609 742 6 -24 0 55 55
294 12 903 742 6 -24 1 55 55
295 8 1100 0 -6 -12851 1 60 0
296 8 1100 0 6 -12851 1 60 0
297 8 903 0 24 -12851 1 55 0
298 12 1100 742 6 -24 1 51 51
299 12 609 742 -6 24 1 51 51
300 8 903 0 -6 -12851 1 55 0
301 12 742 903 -6 24 0 55 51
302 8 742 0 6 -12851 1 60 0
303 8 742 0 6 -12851 1 60 0
304 8 609 0 -24 -12851 1 55 0
305 8 903 0 -6 -12851 0 55 0
306 8 500 0 24 -12851 1 55 0
307 8 903 0 -24 -12851 1 60 0
308 8 500 0 -6 -12851 0 60 0
309 8 903 0 -6 -12851 0 60 0
310 8 742 0 -24 -12851 1 55 0
311 12 500 742 6 -24 1 51 51
312 8 609 0 24 -12851 1 55 0
313 12 742 609 -6 24 1 51 55
314 12 742 609 -6 24 1 51 55
315 8 609 0 -6 -12851 1 55 0
316 12 609 742 -6 24 0 51 51
317 12 742 903 -6 24 1 55 51
318 8 500 0 24 -12851 1 55 0
319 8 1100 0 -6 -12851 0 55 0
320 8 1100 0 -24 -12851 1 60 0
321 12 742 500 6 -24 0 55 51
322 12 742 609 -6 24 0 55 55
323 8 742 0 6 -12851 0 60 0
324 8 1100 0 -24 -12851 1 60 0
325 8 903 0 -6 -12851 0 60 0
326 12 903 742 -6 24 1 55 51
327 8 903 0 -6 -12851 1 55 0
328 8 1100 0 -6 -12851 1 55 0
329 8 500 0 -24 -12851 1 55 0
330 8 742 0 6 -12851 1 60 0
331 8 742 0 -24 -12851 0 60 0
332 8 903 0 -6 -12851 0 60 0
333 8 1100 0 24 -12851 1 60 0
334 12 1100 742 -6 24 0 55 55
335 12 742 609 -6 24 1 51 55
336 12 742 500 6 -24 1 55 51
337 8 1100 0 24 -12851 1 55 0
338 8 500 0 -24 -12851 1 55 0
339 8 500 0 -6 -12851 1 55 0
340 8 903 0 -6 -12851 1 55 0
341 12 609 742 6 -24 1 51 51
342 8 742 0 6 -12851 1 55 0
343 8 609 0 6 -12851 1 60 0
344 8 609 0 -24 -12851 1 55 0
345 8 609 0 -6 -12851 0 60 0
346 12 742 1100 6 -24 0 51 51
347 8 742 0 24 -12851 1 55 0
348 8 742 0 -24 -12851 1 60 0
349 8 500 0 -6 -12851 0 55 0
350 12 1100 742 -6 24 1 51 55
351 8 500 0 6 -12851 1 55 0
352 12 903 742 6 -24 0 51 51
353 8 1100 0 6 -12851 1 60 0
354 8 1100 0 -24 -12851 1 60 0
355 12 609 742 6 -24 0 51 51
356 8 1100 0 6 -12851 1 55 0
357 8 500 0 24 -12851 1 55 0
358 8 742 0 6 -12851 0 60 0
359 8 609 0 6 -12851 1 60 0
360 12 742 609 6 -24 0 55 55
361 12 903 742 -6 24 1 51 51
362 8 609 0 24 -12851 1 60 0
363 8 742 0 -6 -12851 0 60 0
364 12 500 742 -6 24 1 51 51
365 8 609 0 -24 -12851 1 60 0
366 8 903 0 -6 -12851 0 55 0
367 12 609 742 -6 24 1 51 55
368 8 903 0 -24 -12851 1 55 0
369 8 903 0 24 -12851 1 55 0
370 12 742 609 -6 24 1 55 55
371 8 903 0 -24 -12851 1 60 0
372 12 742 903 -6 24 1 51 55
373 12 742 1100 6 -24 1 55 51
374 8 903 0 24 -12851 1 60 0
375 8 742 0 6 -12851 0 60 0
376 12 742 903 6 -24 1 55 55
377 8 500 0 -6 -12851 0 55 0
378 12 742 903 6 -24 1 51 55
379 12 500 742 6 -24 0 51 51
380 8 742 0 -6 -12851 0 55 0
381 12 500 742 -6 24 1 51 51
382 12 1100 742 -6 24 1 55 55
383 8 742 0 6 -12851 1 55 0
384 12 742 609 6 -24 1 55 55
385 8 500 0 24 -12851 1 60 0
386 8 500 0 -6 -12851 0 55 0
387 8 903 0 24 -12851 1 60 0
388 8 609 0 6 -12851 1 55 0
389 12 742 609 -6 24 0 51 51
390 8 903 0 6 -12851 1 60 0
391 12 500 742 6 -24 1 55 55
392 8 1100 0 6 -12851 1 60 0
393 12 609 742 -6 24 0 51 55
394 12 742 1100 6 -24 0 51 51
395 12 742 1100 -6 24 1 55 55
396 8 1100 0 6 -12851 1 60 0
397 8 609 0 -6 -12851 0 55 0
398 8 1100 0 24 -12851 1 60 0
399 8 609 0 -6 -12851 1 55 0
400 12 609 742 -6 24 1 55 51
401 8 500 0 6 -12851 1 60 0
402 8 500 0 -6 -12851 1 55 0
403 8 609 0 24 -12851 1 60 0
404 12 1100 742 6 -24 1 51 55
405 8 609 0 -6 -12851 1 55 0
406 12 742 903 -6 24 0 51 55
407 8 742 0 -24 -12851 1 55 0
408 12 609 742 6 -24 1 51 51
409 8 609 0 24 -12851 1 55 0
410 12 903 742 -6 24 0 51 55
411 8 903 0 -24 -12851 1 55 0
412 8 742 0 -24 -12851 1 60 0
413 12 1100 742 -6 24 1 51 51
414 8 1100 0 6 -12851 1 60 0
415 8 742 0 24 -12851 1 60 0
416 12 742 903 6 -24 0 51 51
417 8 1100 0 -24 -12851 0 55 0
418 8 903 0 6 -12851 1 60 0
419 8 500 0 -24 -12851 0 55 0
420 8 500 0 24 -12851 1 60 0
421 8 1100 0 6 -12851 1 55 0
422 12 742 1100 -6 24 1 55 55
423 8 903 0 -24 -12851 1 55 0
424 8 500 0 -6 -12851 1 60 0
425 8 500 0 -24 -12851 1 60 0
426 8 1100 0 -24 -12851 1 60 0
427 8 500 0 24 -12851 0 60 0
428 8 742 0 -24 -12851 1 60 0
429 8 500 0 -6 -12851 1 55 0
430 12 609 742 6 -24 0 51 55
431 8 903 0 -6 -12851 0 55 0
432 12 742 500 -6 24 0 55 55
433 8 742 0 -24 -12851 0 55 0
434 8 1100 0 -6 -12851 0 60 0
435 12 903 742 -6 24 1 55 55
436 12 903 742 -6 24 0 55 55
437 8 609 0 -24 -12851 1 60 0
438 12 500 742 -6 24 1 51 55
439 8 903 0 6 -12851 1 55 0
440 12 1100 742 6 -24 1 51 51
441 12 742 609 6 -24 0 51 51
442 12 609 742 6 -24 0 51 55
443 12 742 609 -6 24 0 51 55
444 8 903 0 24 -12851 0 55 0
445 8 1100 0 -24 -12851 0 60 0
446 12 1100 742 -6 24 0 51 51
447 12 742 903 6 -24 0 55 55
448 8 742 0 -6 -12851 0 55 0
449 8 609 0 -24 -12851 0 55 0
450 8 609 0 24 -12851 0 60 0
451 12 1100 742 6 -24 0 55 55
452 8 609 0 24 -12851 0 55 0
453 8 609 0 -24 -12851 0 60 0
454 12 742 1100 -6 24 0 55 51
455 12 742 609 6 -24 0 51 51
456 8 1100 0 -6 -12851 0 55 0
457 8 609 0 24 -12851 1 60 0
458 8 500 0 24 -12851 0 55 0
459 8 609 0 -6 -12851 0 60 0
460 8 903 0 24 -12851 1 55 0
461 8 500 0 -24 -12851 1 55 0
462 8 1100 0 6 -12851 1 55 0
463 12 742 500 -6 24 0 51 55
464 8 903 0 6 -12851 1 55 0
465 12 500 742 -6 24 1 51 51
466 8 500 0 6 -12851 1 60 0
467 8 903 0 6 -12851 1 55 0
468 8 1100 0 -6 -12851 1 60 0
469 12 742 903 -6 24 0 51 51
470 12 742 500 6 -24 0 55 55
471 12 500 742 -6 24 0 55 51
472 8 742 0 6 -12851 1 55 0
473 8 742 0 24 -12851 1 55 0
474 8 742 0 -24 -12851 0 55 0
475 8 500 0 6 -12851 1 55 0
476 8 500 0 24 -12851 1 60 0
477 8 609 0 -6 -12851 1 55 0
478 12 742 903 -6 24 0 55 55
479 8 500 0 6 -12851 1 55 0
480 8 742 0 24 -12851 1 55 0
481 12 609 742 6 -24 1 55 55
482 8 609 0 6 -12851 1 60 0
483 8 500 0 24 -12851 1 60 0
484 8 903 0 -24 -12851 1 60 0
485 12 609 742 6 -24 0 51 51
486 12 609 742 -6 24 1 55 55
487 8 1100 0 -24 -12851 1 55 0
488 8 1100 0 -6 -12851 1 60 0
489 8 1100 0 24 -12851 1 55 0
490 8 742 0 6 -12851 1 55 0
491 8 609 0 -24 -12851 1 60 0
492 8 742 0 -24 -12851 1 60 0
493 8 903 0 6 -12851 1 60 0
494 8 903 0 6 -12851 1 60 0
495 12 742 609 6 -24 0 55 51
496 12 742 500 6 -24 0 55 51
497 8 742 0 -6 -12851 1 60 0
498 12 903 742 6 -24 1 55 51
499 8 742 0 6 -12851 1 60 0
500 8 500 0 6 -12851 1 55 0
501 8 500 0 24 -12851 1 60 0
502 12 500 742 6 -24 0 51 51
503 12 742 609 -6 24 0 55 55
504 8 1100 0 6 -12851 1 55 0
505 8 1100 0 24 -12851 1 55 0
506 8 1100 0 6 -12851 1 55 0
507 12 742 903 -6 24 0 51 51
508 12 609 742 6 -24 1 55 51
509 8 500 0 -6 -12851 1 55 0
510 8 742 0 -6 -12851 1 60 0
511 8 609 0 6 -12851 1 60 0
512 12 742 903 -6 24 1 51 51
513 8 609 0 -24 -12851 1 60 0
514 8 742 0 6 -12851 1 55 0
515 8 609 0 6 -12851 1 60 0
516 8 903 0 -24 -12851 1 60 0
517 12 742 1100 -6 24 0 55 51
518 8 903 0 6 -12851 1 60 0
519 8 903 0 -6 -12851 0 60 0
520 8 903 0 -6 -12851 0 60 0
521 8 903 0 -24 -12851 1 60 0
522 12 742 903 -6 24 0 55 51
523 12 500 742 6 -24 0 51 51
524 8 903 0 -24 -12851 1 55 0
525 12 609 742 6 -24 1 55 55
526 12 742 1100 -6 24 1 55 51
527 8 500 0 6 -12851 1 60 0
528 8 500 0 6 -12851 1 60 0
529 8 742 0 -24 -12851 1 60 0
530 8 500 0 -6 -12851 1 60 0
531 8 1100 0 -6 -12851 1 55 0
532 12 742 609 6 -24 0 51 51
533 12 903 742 -6 24 0 51 51
534 8 609 0 24 -12851 1 60 0
535 8 742 0 -24 -12851 1 55 0
536 12 742 1100 6 -24 1 55 51
537 12 742 500 6 -24 0 51 55
538 12 609 742 6 -24 1 55 55
539 12 742 903 6 -24 1 51 51
540 12 1100 742 6 -24 1 51 55
541 8 609 0 24 -12851 1 55 0
542 8 609 0 -6 -12851 1 60 0
543 8 742 0 6 -12851 1 60 0
544 8 903 0 -24 -12851 1 55 0
545 12 742 609 -6 24 1 51 51
546 12 742 500 -6 24 0 51 55
547 8 1100 0 24 -12851 0 60 0
548 12 1100 742 6 -24 1 51 55
549 8 1100 0 24 -12851 0 55 0
550 8 1100 0 6 -12851 0 55 0
551 8 1100 0 24 -12851 0 60 0
552 12 903 742 -6 24 0 51 51
553 8 903 0 24 -12851 0 55 0
554 8 609 0 24 -12851 0 55 0
555 12 609 742 6 -24 1 55 55
556 8 1100 0 -24 -12851 1 55 0
557 8 500 0 -24 -12851 1 60 0
558 8 609 0 24 -12851 0 55 0
559 8 742 0 24 -12851 1 60 0
560 12 742 609 -6 24 0 55 55
561 12 609 742 6 -24 1 55 51
562 12 609 742 -6 24 0 55 55
563 8 742 0 -24 -12851 1 60 0
564 8 1100 0 24 -12851 1 60 0
565 8 903 0 -6 -12851 1 55 0
566 8 609 0 24 -12851 1 55 0
567 8 742 0 -6 -12851 0 55 0
568 8 500 0 -6 -12851 1 60 0
569 8 500 0 6 -12851 0 55 0
570 8 903 0 -24 -12851 1 55 0
571 12 609 742 6 -24 1 55 55
572 8 609 0 6 -12851 1 60 0
573 8 609 0 -6 -12851 0 55 0
574 8 742 0 24 -12851 1 55 0
575 8 500 0 -6 -12851 0 60 0
576 8 903 0 -6 -12851 1 55 0
577 8 1100 0 6 -12851 1 55 0
578 8 609 0 -6 -12851 1 60 0
579 8 1100 0 6 -12851 1 55 0
580 8 742 0 24 -12851 1 60 0
581 8 1100 0 -6 -12851 0 60 0
582 8 500 0 -6 -12851 1 55 0
583 8 500 0 6 -12851 1 55 0
584 8 903 0 -24 -12851 1 55 0
585 12 742 903 -6 24 0 51 51
586 8 903 0 -6 -12851 1 55 0
587 12 742 500 -6 24 0 55 55
588 12 500 742 -6 24 1 55 51
589 8 609 0 24 -12851 1 60 0
590 8 742 0 24 -12851 1 55 0
591 8 500 0 24 -12851 0 55 0
592 8 500 0 -6 -12851 1 60 0
593 8 903 0 6 -12851 1 55 0
594 12 742 609 6 -24 1 55 55
595 8 500 0 -24 -12851 1 60 0
596 12 742 609 -6 24 0 51 51
597 8 609 0 6 -12851 1 55 0
598 8 903 0 6 -12851 1 60 0
599 8 903 0 24 -12851 1 55 0
600 8 609 0 -24 -12851 1 60 0
601 8 500 0 -6 -12851 1 55 0
602 8 742 0 -6 -12851 0 55 0
603 8 1100 0 24 -12851 1 60 0
604 12 903 742 6 -24 1 51 51
605 12 742 1100 -6 24 0 51 51
606 8 742 0 24 -12851 1 55 0
607 8 742 0 -6 -12851 0 60 0
608 8 609 0 -6 -12851 1 55 0
609 12 742 500 -6 24 0 51 51
610 12 742 609 -6 24 1 51 51
611 8 1100 0 24 -12851 1 60 0
612 12 903 742 6 -24 1 55 51
613 8 1100 0 -24 -12851 1 60 0
614 8 1100 0 24 -12851 1 55 0
615 12 742 609 6 -24 1 51 51
616 12 500 742 -6 24 0 51 55
617 8 1100 0 -24 -12851 1 60 0
618 12 742 903 -6 24 1 51 55
619 12 500 742 6 -24 0 51 55
620 12 609 742 6 -24 1 51 55
621 12 500 742 6 -24 0 51 51
622 8 903 0 6 -12851 1 55 0
623 12 742 609 6 -24 0 51 55
624 8 609 0 24 -12851 1 60 0
625 8 1100 0 -6 -12851 1 55 0
626 8 500 0 -6 -12851 1 60 0
627 8 609 0 24 -12851 1 55 0
628 8 742 0 -24 -12851 1 55 0
629 12 742 1100 6 -24 1 55 51
630 12 742 500 -6 24 0 51 55
631 8 742 0 6 -12851 0 55 0
632 8 1100 0 6 -12851 0 60 0
633 12 742 609 6 -24 1 51 55
634 8 903 0 -6 -12851 0 55 0
635 12 1100 742 6 -24 0 51 51
636 8 609 0 6 -12851 0 60 0
637 8 742 0 -6 -12851 0 55 0
638 8 500 0 24 -12851 0 60 0
639 8 500 0 -6 -12851 1 60 0
640 12 742 609 -6 24 1 51 51
641 8 903 0 6 -12851 1 55 0
642 12 742 1100 6 -24 0 51 51
643 12 609 742 -6 24 0 51 51
644 8 903 0 -24 -12851 0 55 0
645 8 903 0 -24 -12851 1 55 0
646 12 500 742 6 -24 0 51 51
647 8 500 0 24 -12851 1 60 0
648 12 903 742 6 -24 0 51 55
649 8 1100 0 24 -12851 1 55 0
650 8 903 0 -6 -12851 0 60 0
651 8 903 0 24 -12851 1 55 0
652 12 903 742 -6 24 0 55 55
653 12 609 742 -6 24 0 51 51
654 8 609 0 -24 -12851 0 55 0
655 8 500 0 6 -12851 0 55 0
656 8 500 0 -24 -12851 0 60 0
657 12 742 903 6 -24 1 51 51
658 8 609 0 -6 -12851 1 60 0
659 8 742 0 6 -12851 1 60 0
660 12 742 903 6 -24 1 55 55
661 12 742 500 -6 24 0 55 51
662 8 609 0 -6 -12851 0 55 0
663 8 1100 0 24 -12851 1 60 0
664 12 742 1100 6 -24 0 51 51
665 8 1100 0 6 -12851 0 55 0
666 12 742 609 -6 24 0 51 55
667 8 742 0 -24 -12851 0 60 0
668 12 609 742 -6 24 0 55 51
669 8 742 0 6 -12851 0 60 0
670 8 609 0 -24 -12851 0 60 0
671 12 742 1100 -6 24 1 55 55
672 12 903 742 6 -24 0 55 55
673 8 609 0 6 -12851 1 55 0
674 12 609 742 6 -24 1 55 51
675 12 742 1100 6 -24 0 55 55
676 8 742 0 6 -12851 1 60 0
677 8 500 0 24 -12851 1 55 0
678 8 903 0 24 -12851 0 55 0
679 12 742 903 6 -24 1 55 55
680 8 1100 0 24 -12851 1 55 0
681 12 742 500 -6 24 0 55 51
682 12 742 609 -6 24 1 51 55
683 8 609 0 24 -12851 1 55 0
684 8 1100 0 24 -12851 0 55 0
685 8 742 0 -24 -12851 1 60 0
686 12 903 742 6 -24 1 51 51
687 8 1100 0 24 -12851 1 60 0
688 12 903 742 -6 24 1 55 55
689 8 500 0 -6 -12851 0 60 0
690 8 500 0 6 -12851 0 60 0
691 8 903 0 6 -12851 0 55 0
692 8 903 0 -6 -12851 0 55 0
693 8 609 0 24 -12851 0 55 0
694 8 742 0 24 -12851 0 55 0
695 8 500 0 24 -12851 0 55 0
696 12 742 1100 -6 24 0 55 55
697 8 500 0 -6 -12851 0 60 0
698 12 903 742 6 -24 0 55 51
699 8 742 0 -24 -12851 0 55 0
700 12 742 1100 6 -24 0 55 55
701 12 742 1100 -6 24 1 51 51
702 12 1100 742 -6 24 0 55 55
703 12 742 500 -6 24 0 51 51
704 12 609 742 -6 24 0 51 55
705 8 609 0 6 -12851 0 60 0
706 8 903 0 -24 -12851 0 55 0
707 8 903 0 6 -12851 0 55 0
708 8 742 0 24 -12851 0 60 0
709 8 500 0 6 -12851 0 60 0
710 12 609 742 -6 24 0 55 55
711 8 1100 0 -24 -12851 0 60 0
712 12 742 903 6 -24 0 55 55
713 12 500 742 -6 24 0 55 55
714 8 500 0 24 -12851 0 55 0
715 8 609 0 24 -12851 0 60 0
716 8 742 0 6 -12851 0 55 0
717 12 742 903 6 -24 0 55 55
718 12 1100 742 6 -24 0 51 51
719 8 609 0 6 -12851 0 55 0
720 12 742 1100 -6 24 0 55 55
721 12 1100 742 -6 24 0 55 55
722 8 1100 0 24 -12851 0 60 0
723 12 742 1100 6 -24 0 55 55
724 12 742 609 6 -24 0 55 55
725 8 1100 0 -6 -12851 0 60 0
726 8 903 0 -24 -12851 1 55 0
727 8 742 0 -6 -12851 1 55 0
728 12 609 742 6 -24 1 51 51
729 12 903 742 -6 24 1 51 55
730 8 742 0 24 -12851 1 55 0
731 8 742 0 -6 -12851 0 55 0
732 12 742 500 6 -24 1 51 55
733 8 1100 0 6 -12851 1 60 0
734 8 1100 0 -24 -12851 1 55 0
735 12 742 500 -6 24 0 55 51
736 8 1100 0 -24 -12851 0 55 0
737 8 903 0 24 -12851 0 55 0
738 12 742 903 6 -24 0 55 51
739 12 609 742 -6 24 0 51 51
740 12 609 742 6 -24 0 55 55
741 8 609 0 -24 -12851 0 60 0
742 8 742 0 24 -12851 0 60 0
743 8 500 0 6 -12851 0 55 0
744 12 903 742 6 -24 0 51 51
745 12 1100 742 6 -24 0 51 55
746 8 500 0 24 -12851 0 60 0
747 8 609 0 6 -12851 0 55 0
748 12 742 903 -6 24 0 51 51
749 12 742 609 -6 24 0 55 55
750 8 609 0 6 -12851 0 55 0
751 8 500 0 -6 -12851 0 55 0
752 12 742 903 6 -24 1 55 51
753 8 903 0 -24 -12851 1 55 0
754 12 1100 742 -6 24 0 51 51
755 12 742 903 -6 24 0 55 55
756 8 903 0 24 -12851 0 55 0
757 8 742 0 6 -12851 0 60 0
758 8 742 0 -6 -12851 0 55 0
759 8 609 0 -24 -12851 1 55 0
760 8 1100 0 -6 -12851 1 60 0
761 8 500 0 -24 -12851 1 55 0
762 12 1100 742 -6 24 0 55 55
763 12 903 742 -6 24 0 51 55
764 8 742 0 -6 -12851 0 55 0
765 12 500 742 -6 24 0 55 55
766 8 903 0 -6 -12851 1 55 0
767 8 500 0 6 -12851 0 60 0
768 8 903 0 -24 -12851 0 60 0
769 12 903 742 6 -24 0 55 55
770 8 1100 0 24 -12851 0 55 0
771 8 742 0 24 -12851 0 55 0
772 8 1100 0 -24 -12851 1 55 0
773 12 742 903 6 -24 0 55 55
774 8 609 0 6 -12851 1 60 0
775 12 500 742 6 -24 1 55 55
776 8 609 0 6 -12851 1 55 0
777 12 742 609 -6 24 0 55 55
778 8 500 0 -6 -12851 1 55 0
779 8 903 0 24 -12851 0 60 0
780 12 903 742 6 -24 0 55 51
781 12 1100 742 -6 24 0 51 55
782 12 742 609 -6 24 0 51 51
783 12 500 742 6 -24 0 51 55
784 12 1100 742 -6 24 0 51 55
785 8 609 0 -24 -12851 1 60 0
786 8 609 0 -6 -12851 1 55 0
787 12 742 1100 -6 24 0 55 55
788 8 500 0 24 -12851 1 55 0
789 8 500 0 24 -12851 0 60 0
790 8 742 0 -24 -12851 1 55 0
791 8 903 0 24 -12851 1 60 0
792 8 1100 0 -6 -12851 0 55 0
793 8 609 0 6 -12851 0 60 0
794 8 609 0 6 -12851 1 60 0
795 8 742 0 -24 -12851 1 55 0
796 8 500 0 -24 -12851 1 55 0
797 8 1100 0 24 -12851 1 60 0
798 12 742 500 6 -24 0 51 51
799 8 903 0 24 -12851 1 60 0
800 8 742 0 6 -12851 1 60 0
801 8 1100 0 24 -12851 0 55 0
802 8 903 0 6 -12851 1 55 0
803 8 1100 0 -24 -12851 0 55 0
804 12 500 742 6 -24 0 51 51
805 12 742 609 6 -24 1 55 51
806 8 1100 0 24 -12851 1 60 0
807 8 609 0 -6 -12851 1 55 0
808 12 609 742 6 -24 1 51 55
809 12 742 1100 -6 24 0 51 51
810 12 742 1100 -6 24 1 55 51
811 12 1100 742 6 -24 0 55 51
812 12 903 742 6 -24 1 55 51
813 8 903 0 6 -12851 0 55 0
814 8 1100 0 -24 -12851 1 55 0
815 12 609 742 6 -24 0 55 51
816 8 1100 0 -24 -12851 1 60 0
817 8 742 0 24 -12851 1 55 0
818 12 609 742 6 -24 1 51 55
819 8 903 0 24 -12851 1 55 0
820 12 742 609 6 -24 1 55 55
821 12 903 742 6 -24 1 55 51
822 8 742 0 -6 -12851 1 55 0
823 12 742 903 6 -24 1 55 51
824 8 903 0 24 -12851 1 55 0
825 8 742 0 24 -12851 1 60 0
826 8 609 0 24 -12851 1 60 0
827 8 500 0 -24 -12851 1 60 0
828 8 609 0 6 -12851 1 60 0
829 8 500 0 -6 -12851 1 60 0
830 8 500 0 -24 -12851 1 55 0
831 12 742 500 -6 24 0 51 51
832 12 742 903 6 -24 0 51 55
833 12 500 742 6 -24 1 55 51
834 8 500 0 -6 -12851 1 55 0
835 8 500 0 -6 -12851 1 60 0
836 8 1100 0 6 -12851 1 55 0
837 8 742 0 24 -12851 1 55 0
838 12 1100 742 -6 24 1 55 55
839 8 1100 0 -6 -12851 1 60 0
840 8 609 0 24 -12851 1 60 0
841 12 1100 742 -6 24 1 55 55
842 8 500 0 6 -12851 1 55 0
843 8 609 0 24 -12851 1 60 0
844 8 742 0 -24 -12851 1 55 0
845 12 742 609 6 -24 1 51 55
846 12 1100 742 6 -24 1 51 51
847 8 742 0 -24 -12851 1 55 0
848 8 500 0 6 -12851 1 60 0
849 8 1100 0 -6 -12851 1 55 0
850 8 903 0 -24 -12851 1 55 0
851 8 609 0 -24 -12851 1 60 0
852 8 903 0 24 -12851 1 55 0
853 12 742 500 6 -24 1 51 51
854 8 903 0 -24 -12851 1 55 0
855 8 1100 0 24 -12851 0 60 0
856 12 609 742 -6 24 1 51 55
857 8 1100 0 -24 -12851 1 60 0
858 12 742 609 6 -24 1 55 55
859 12 742 500 -6 24 0 51 51
860 8 500 0 -24 -12851 1 55 0
861 12 742 1100 -6 24 0 55 55
862 8 742 0 -24 -12851 1 60 0
863 12 500 742 6 -24 0 55 51
864 8 903 0 6 -12851 1 60 0
865 12 903 742 6 -24 1 51 51
866 12 742 903 -6 24 0 51 55
867 8 500 0 -6 -12851 0 55 0
868 12 1100 742 -6 24 0 55 55
869 8 1100 0 -24 -12851 0 60 0
870 8 500 0 6 -12851 0 55 0
871 12 742 903 6 -24 0 51 51
872 12 742 609 6 -24 0 51 51
873 8 742 0 24 -12851 1 60 0
874 12 1100 742 6 -24 0 51 55
875 8 1100 0 -24 -12851 1 55 0
876 8 742 0 -6 -12851 1 55 0
877 8 609 0 24 -12851 1 55 0
878 12 742 609 6 -24 1 51 51
879 8 903 0 -6 -12851 1 60 0
880 8 609 0 -6 -12851 0 55 0
881 8 609 0 -6 -12851 1 60 0
882 8 903 0 -6 -12851 1 60 0
883 8 742 0 24 -12851 1 55 0
884 8 742 0 24 -12851 1 60 0
885 8 609 0 -6 -12851 1 60 0
886 12 500 742 6 -24 1 51 51
887 8 500 0 6 -12851 1 60 0
888 8 742 0 6 -12851 1 55 0
889 8 903 0 24 -12851 1 55 0
890 12 609 742 6 -24 1 51 55
891 8 609 0 -6 -12851 0 60 0
892 12 500 742 -6 24 1 51 55
893 8 742 0 24 -12851 1 55 0
894 8 903 0 24 -12851 1 55 0
895 8 903 0 -24 -12851 1 60 0
896 8 500 0 6 -12851 1 55 0
897 8 500 0 24 -12851 1 55 0
898 12 742 500 6 -24 1 55 55
899 12 609 742 -6 24 0 51 55
900 8 609 0 -24 -12851 1 55 0
901 12 500 742 -6 24 0 51 51
902 12 742 1100 -6 24 0 51 51
903 12 742 903 -6 24 1 51 55
904 8 1100 0 -24 -12851 1 60 0
905 8 1100 0 -6 -12851 1 55 0
906 12 903 742 -6 24 1 55 51
907 12 903 742 6 -24 0 55 55
908 8 1100 0 -24 -12851 1 55 0
909 8 500 0 -6 -12851 1 60 0
910 8 500 0 -6 -12851 1 60 0
911 12 742 903 6 -24 0 55 51
912 8 903 0 24 -12851 1 60 0
913 8 500 0 -6 -12851 0 55 0
914 12 500 742 -6 24 0 55 51
915 12 500 742 -6 24 1 55 55
916 12 500 742 -6 24 1 55 51
917 8 609 0 24 -12851 1 55 0
918 12 742 1100 -6 24 0 55 55
919 8 903 0 6 -12851 1 60 0
920 8 903 0 -24 -12851 1 60 0
921 8 609 0 -24 -12851 1 55 0
922 12 742 903 -6 24 1 51 51
923 8 500 0 24 -12851 1 55 0
924 8 742 0 24 -12851 1 55 0
925 8 1100 0 -24 -12851 1 60 0
926 8 742 0 6 -12851 0 60 0
927 12 500 742 6 -24 0 55 55
928 12 742 500 -6 24 1 55 55
929 8 742 0 -6 -12851 1 55 0
930 8 609 0 -24 -12851 1 55 0
931 8 1100 0 24 -12851 1 60 0
932 12 903 742 6 -24 1 51 51
933 12 742 903 -6 24 0 55 51
934 12 609 742 6 -24 1 51 55
935 12 742 1100 6 -24 1 55 55
936 8 1100 0 -6 -12851 1 60 0
937 12 742 609 -6 24 1 55 51
938 8 742 0 6 -12851 1 60 0
939 8 742 0 24 -12851 1 55 0
940 8 609 0 -24 -12851 0 60 0
941 8 903 0 -6 -12851 0 55 0
942 8 500 0 6 -12851 0 60 0
943 12 742 500 -6 24 0 51 51
944 8 903 0 -6 -12851 0 55 0
945 8 500 0 24 -12851 0 60 0
946 12 500 742 -6 24 0 55 55
947 8 903 0 24 -12851 1 55 0
948 12 903 742 6 -24 0 51 51
949 8 742 0 24 -12851 1 60 0
950 8 609 0 6 -12851 0 60 0
951 12 609 742 -6 24 0 51 55
952 8 609 0 6 -12851 0 55 0
953 8 500 0 -6 -12851 1 55 0
954 12 903 742 -6 24 0 55 51
955 8 1100 0 6 -12851 1 60 0
956 8 1100 0 -24 -12851 0 60 0
957 8 742 0 24 -12851 1 55 0
958 8 1100 0 6 -12851 1 55 0
959 8 500 0 -24 -12851 0 55 0
960 8 500 0 -24 -12851 1 55 0
961 12 500 742 -6 24 0 55 55
962 12 742 609 6 -24 0 51 55
963 12 609 742 6 -24 1 51 55
964 12 500 742 -6 24 0 55 51
965 8 609 0 24 -12851 1 55 0
966 12 609 742 6 -24 0 55 55
967 12 1100 742 6 -24 0 51 51
968 12 742 609 6 -24 0 51 55
969 12 500 742 -6 24 0 55 55
970 8 609 0 -24 -12851 0 55 0
971 12 500 742 -6 24 0 55 55
972 8 742 0 6 -12851 0 55 0
973 8 609 0 24 -12851 0 60 0
974 12 903 742 6 -24 0 55 51
975 12 742 609 -6 24 0 55 55
976 12 742 903 6 -24 0 51 51
977 8 903 0 6 -12851 0 55 0
978 8 742 0 -24 -12851 0 55 0
979 12 609 742 6 -24 0 55 55
980 8 1100 0 6 -12851 1 60 0
981 12 1100 742 6 -24 0 51 55
982 8 742 0 -6 -12851 0 60 0
983 8 1100 0 6 -12851 0 55 0
984 8 903 0 6 -12851 0 55 0
985 12 742 500 -6 24 0 55 55
986 8 500 0 6 -12851 0 55 0
987 8 500 0 6 -12851 0 55 0
988 8 1100 0 -24 -12851 0 55 0
989 8 903 0 -24 -12851 0 60 0
990 8 903 0 -6 -12851 0 60 0
991 8 903 0 -24 -12851 1 60 0
992 8 500 0 -24 -12851 1 55 0
993 12 1100 742 -6 24 0 51 51
994 8 903 0 6 -12851 0 60 0
995 12 742 1100 6 -24 0 51 51
996 8 742 0 6 -12851 0 60 0
997 8 903 0 -6 -12851 0 55 0
998 12 903 742 -6 24 0 55 55
999 12 609 742 -6 24 0 51 51
1000 8 1100 0 -24 -12851 0 55 0
1001 8 609 0 -6 -12851 0 60 0
1002 8 742 0 -6 -12851 0 55 0
1003 12 609 742 6 -24 0 55 51
1004 12 742 500 6 -24 0 55 51
1005 8 742 0 24 -12851 0 60 0
1006 12 742 903 6 -24 0 55 55
1007 12 742 500 6 -24 0 55 51
1008 12 903 742 6 -24 0 51 55
1009 8 609 0 -24 -12851 0 55 0
1010 8 609 0 -6 -12851 0 55 0
1011 12 742 609 -6 24 0 55 51
1012 12 742 500 -6 24 0 51 55
1013 8 1100 0 6 -12851 0 55 0
1014 8 500 0 24 -12851 0 55 0
1015 12 742 903 -6 24 0 55 51
1016 12 742 500 -6 24 0 51 55
1017 8 500 0 24 -12851 0 60 0
1018 8 1100 0 24 -12851 0 60 0
1019 8 903 0 6 -12851 0 55 0
1020 8 903 0 -24 -12851 0 55 0
1021 8 742 0 6 -12851 0 60 0
1022 8 500 0 -6 -12851 0 60 0
1023 12 500 742 -6 24 0 55 51
1024 8 903 0 24 -12851 0 60 0
1025 8 1100 0 24 -12851 0 60 0
1026 8 903 0 -24 -12851 0 55 0
1027 12 903 742 6 -24 0 55 55
1028 8 1100 0 24 -12851 0 60 0
1029 8 500 0 -24 -12851 0 60 0
1030 12 500 742 6 -24 0 55 55
1031 12 742 1100 -6 24 0 51 55
1032 8 742 0 -24 -12851 0 55 0
1033 8 500 0 24 -12851 0 55 0
1034 12 742 609 -6 24 0 51 55
1035 8 742 0 6 -12851 0 60 0
1036 8 1100 0 -6 -12851 0 55 0
1037 8 609 0 -6 -12851 0 60 0
1038 8 609 0 -24 -12851 0 55 0
1039 12 742 609 6 -24 0 51 51
1040 8 609 0 -6 -12851 0 60 0
1041 8 903 0 24 -12851 0 55 0
1042 8 903 0 -24 -12851 0 55 0
1043 8 500 0 24 -12851 0 55 0
1044 12 609 742 -6 24 0 51 55
1045 8 742 0 -24 -12851 0 55 0
1046 8 903 0 -6 -12851 0 60 0
1047 8 903 0 24 -12851 0 60 0
1048 12 1100 742 -6 24 0 55 51
1049 8 742 0 -6 -12851 0 55 0
1050 8 500 0 -24 -12851 0 55 0
1051 8 742 0 -6 -12851 0 60 0
1052 12 500 742 -6 24 0 55 55
1053 8 609 0 -24 -12851 0 55 0
1054 8 609 0 6 -12851 0 60 0
1055 12 742 1100 6 -24 0 55 55
1056 8 1100 0 -24 -12851 0 55 0
1057 8 609 0 6 -12851 0 60 0
1058 8 1100 0 -24 -12851 0 60 0
1059 8 1100 0 -24 -12851 0 60 0
1060 8 500 0 6 -12851 0 55 0
1061 8 500 0 -24 -12851 0 60 0
1062 8 500 0 -24 -12851 0 60 0
1063 12 1100 742 6 -24 0 55 51
1064 12 609 742 -6 24 0 55 51
1065 12 609 742 -6 24 0 55 55
1066 8 903 0 -6 -12851 0 55 0
1067 12 609 742 -6 24 0 51 55
1068 8 742 0 24 -12851 0 55 0
1069 8 903 0 -24 -12851 0 60 0
1070 12 500 742 -6 24 0 51 55
1071 12 609 742 6 -24 0 55 55
1072 12 609 742 -6 24 0 51 51
1073 12 742 500 -6 24 0 51 51
1074 8 500 0 -24 -12851 0 55 0
1075 12 742 609 -6 24 0 55 55
1076 12 742 500 -6 24 0 51 51
1077 8 1100 0 -24 -12851 0 60 0
1078 8 903 0 24 -12851 0 60 0
1079 8 500 0 -6 -12851 0 60 0
1080 8 742 0 -6 -12851 0 60 0
1081 8 609 0 -24 -12851 0 60 0
1082 12 1100 742 -6 24 0 51 55
1083 8 742 0 -24 -12851 0 60 0
1084 8 609 0 24 -12851 0 55 0
1085 8 609 0 6 -12851 0 55 0
1086 12 742 500 -6 24 0 51 51
1087 8 1100 0 6 -12851 0 55 0
1088 8 1100 0 -6 -12851 0 60 0
1089 8 609 0 24 -12851 0 55 0
1090 8 609 0 -24 -12851 0 60 0
1091 8 609 0 24 -12851 0 60 0
1092 8 1100 0 -24 -12851 0 55 0
1093 8 903 0 6 -12851 0 55 0
1094 8 903 0 -6 -12851 0 55 0
1095 8 742 0 24 -12851 0 60 0
1096 12 742 903 6 -24 0 51 55
1097 12 500 742 6 -24 0 51 51
1098 8 742 0 24 -12851 0 55 0
1099 12 742 500 -6 24 0 51 51
1100 8 903 0 6 -12851 0 55 0
1101 12 609 742 6 -24 0 51 55
1102 8 1100 0 6 -12851 0 55 0
1103 8 1100 0 -24 -12851 0 55 0
1104 8 500 0 -6 -12851 0 55 0
1105 8 609 0 -24 -12851 0 55 0
1106 8 742 0 24 -12851 0 60 0
1107 8 500 0 -24 -12851 0 55 0
1108 12 742 903 -6 24 0 55 55
1109 8 500 0 6 -12851 0 55 0
1110 8 500 0 6 -12851 0 55 0
1111 8 500 0 -24 -12851 0 60 0
1112 8 609 0 24 -12851 0 55 0
1113 12 1100 742 -6 24 0 51 55
1114 12 903 742 6 -24 0 51 51
1115 8 500 0 -6 -12851 0 60 0
1116 8 742 0 -24 -12851 0 55 0
1117 12 609 742 6 -24 0 51 51
1118 12 742 903 -6 24 0 51 51
1119 8 903 0 -24 -12851 0 55 0
1120 12 609 742 -6 24 0 51 51
1121 8 609 0 6 -12851 0 55 0
1122 8 1100 0 24 -12851 0 60 0
1123 12 1100 742 6 -24 0 55 51
1124 12 742 1100 6 -24 0 51 51
1125 8 500 0 6 -12851 0 55 0
1126 8 609 0 -24 -12851 0 60 0
1127 12 742 903 6 -24 0 55 55
1128 8 742 0 24 -12851 0 55 0
1129 8 742 0 -24 -12851 0 60 0
1130 8 1100 0 24 -12851 0 55 0
1131 12 500 742 6 -24 0 51 55
1132 8 1100 0 24 -12851 0 55 0
1133 8 903 0 -6 -12851 0 60 0
1134 8 903 0 24 -12851 0 60 0
1135 8 903 0 -24 -12851 0 60 0
1136 8 903 0 -24 -12851 0 60 0
1137 12 500 742 6 -24 0 51 51
1138 8 742 0 6 -12851 0 60 0
1139 8 609 0 -6 -12851 0 60 0
1140 8 500 0 24 -12851 0 55 0
1141 12 742 1100 -6 24 0 55 51
1142 8 903 0 -6 -12851 0 55 0
1143 8 500 0 -24 -12851 0 55 0
1144 8 903 0 -24 -12851 0 60 0
1145 8 500 0 24 -12851 0 55 0
1146 12 903 742 -6 24 0 55 51
1147 8 1100 0 -24 -12851 0 60 0
1148 12 742 903 6 -24 0 55 55
1149 12 742 609 -6 24 0 51 51
1150 8 742 0 6 -12851 0 60 0
1151 12 742 609 6 -24 0 51 51
1152 8 609 0 6 -12851 0 55 0
1153 8 609 0 -6 -12851 0 55 0
1154 12 500 742 6 -24 0 55 55
1155 8 742 0 24 -12851 0 60 0
1156 12 742 903 6 -24 0 55 51
1157 12 1100 742 -6 24 0 51 55
1158 8 1100 0 6 -12851 0 55 0
1159 8 1100 0 -6 -12851 0 55 0
1160 8 609 0 6 -12851 0 60 0
1161 8 609 0 24 -12851 0 60 0
1162 12 903 742 6 -24 0 55 51
1163 8 742 0 24 -12851 0 55 0
1164 12 903 742 -6 24 0 51 51
1165 12 742 609 -6 24 0 51 55
1166 8 500 0 24 -12851 0 55 0
1167 8 903 0 24 -12851 0 55 0
1168 8 742 0 -6 -12851 0 55 0
1169 8 742 0 6 -12851 0 60 0
1170 8 903 0 6 -12851 0 55 0
1171 12 742 500 -6 24 0 55 51
1172 8 609 0 -24 -12851 0 55 0
1173 12 609 742 6 -24 0 51 55
1174 8 609 0 24 -12851 0 60 0
1175 8 500 0 -24 -12851 0 60 0
1176 12 742 1100 -6 24 0 55 51
1177 12 742 609 -6 24 0 55 55
1178 8 500 0 24 -12851 0 55 0
1179 8 903 0 24 -12851 0 55 0
1180 8 1100 0 -6 -12851 0 60 0
1181 12 1100 742 -6 24 0 51 51
1182 12 609 742 -6 24 0 51 51
1183 8 1100 0 24 -12851 0 60 0
1184 8 1100 0 -24 -12851 0 55 0
1185 8 500 0 24 -12851 0 55 0
1186 8 500 0 24 -12851 0 55 0
1187 8 742 0 -6 -12851 0 55 0
1188 8 742 0 -6 -12851 0 60 0
1189 12 742 1100 6 -24 0 55 51
1190 12 609 742 -6 24 0 51 51
1191 8 742 0 24 -12851 0 60 0
1192 12 742 500 6 -24 0 55 51
1193 8 500 0 -6 -12851 0 55 0
1194 8 500 0 -6 -12851 0 55 0
1195 12 742 609 6 -24 0 55 55
1196 12 742 903 -6 24 0 55 55
1197 8 1100 0 6 -12851 0 55 0
1198 8 609 0 -6 -12851 0 55 0
1199 8 903 0 -6 -12851 0 55 0
1200 8 609 0 -6 -12851 0 60 0
1201 8 609 0 24 -12851 0 60 0
1202 12 742 1100 6 -24 0 51 51
1203 12 1100 742 6 -24 0 51 51
1204 12 742 903 6 -24 0 55 51
1205 8 903 0 24 -12851 0 60 0
1206 12 1100 742 -6 24 0 55 51
1207 8 1100 0 24 -12851 0 55 0
1208 8 1100 0 6 -12851 0 60 0
1209 8 903 0 -6 -12851 0 55 0
1210 12 742 500 6 -24 0 55 51
1211 12 903 742 -6 24 0 55 51
1212 8 500 0 6 -12851 0 60 0
1213 8 500 0 -6 -12851 0 55 0
1214 8 500 0 6 -12851 0 55 0
1215 12 742 500 6 -24 0 55 51
1216 8 903 0 -6 -12851 0 55 0
1217 12 742 903 6 -24 0 55 55
1218 8 500 0 6 -12851 0 60 0
1219 8 609 0 -24 -12851 0 55 0
1220 12 742 500 6 -24 0 51 51
1221 8 609 0 6 -12851 0 55 0
1222 8 742 0 -24 -12851 0 60 0
1223 8 1100 0 -24 -12851 0 55 0
1224 12 742 903 -6 24 0 51 51
1225 8 742 0 6 -12851 0 60 0
1226 12 742 903 -6 24 0 55 51
1227 8 742 0 -6 -12851 0 60 0
1228 12 500 742 6 -24 0 51 51
1229 12 1100 742 -6 24 0 55 51
1230 12 609 742 -6 24 0 55 51
1231 8 609 0 6 -12851 0 55 0
1232 8 1100 0 -6 -12851 0 60 0
1233 8 1100 0 24 -12851 0 55 0
1234 12 742 1100 -6 24 0 55 55
1235 8 903 0 24 -12851 0 60 0
1236 8 903 0 -6 -12851 0 60 0
1237 8 609 0 24 -12851 0 55 0
1238 12 742 609 -6 24 0 55 55
1239 8 609 0 -6 -12851 0 55 0
1240 12 903 742 -6 24 0 51 51
1241 8 742 0 -6 -12851 0 60 0
1242 8 500 0 6 -12851 0 55 0
1243 8 903 0 -6 -12851 0 60 0
1244 8 1100 0 -24 -12851 0 55 0
1245 8 609 0 -6 -12851 0 55 0
1246 12 609 742 -6 24 0 55 55
1247 8 1100 0 -24 -12851 0 55 0
1248 8 742 0 -6 -12851 0 55 0
1249 8 1100 0 6 -12851 0 60 0
1250 8 500 0 6 -12851 0 60 0
1251 12 903 742 -6 24 0 51 55
1252 8 500 0 -24 -12851 0 55 0
1253 8 903 0 24 -12851 0 55 0
1254 12 742 1100 6 -24 0 51 51
1255 8 903 0 24 -12851 0 55 0
1256 8 609 0 -6 -12851 0 55 0
1257 8 742 0 6 -12851 0 55 0
1258 8 1100 0 6 -12851 0 55 0
1259 8 1100 0 24 -12851 0 60 0
1260 8 500 0 -6 -12851 0 55 0
1261 8 609 0 24 -12851 0 55 0
1262 8 903 0 24 -12851 0 60 0
1263 8 1100 0 -24 -12851 0 55 0
1264 12 742 500 6 -24 0 51 55
1265 12 903 742 -6 24 0 55 55
1266 8 500 0 6 -12851 0 55 0
1267 12 500 742 -6 24 0 55 55
1268 12 903 742 -6 24 0 55 55
1269 8 609 0 24 -12851 0 60 0
1270 8 609 0 6 -12851 0 60 0
1271 12 1100 742 6 -24 0 55 55
1272 8 500 0 -24 -12851 0 55 0
1273 8 1100 0 24 -12851 0 60 0
1274 8 742 0 -24 -12851 0 60 0
1275 12 742 903 -6 24 0 55 51
1276 12 500 742 -6 24 0 51 51
1277 8 903 0 24 -12851 0 55 0
1278 8 903 0 24 -12851 0 60 0
1279 8 742 0 -6 -12851 0 60 0
1280 12 609 742 -6 24 0 55 51
1281 8 742 0 -24 -12851 0 55 0
1282 8 609 0 6 -12851 0 60 0
1283 12 609 742 -6 24 0 55 51
1284 12 742 500 -6 24 0 55 51
1285 8 609 0 6 -12851 0 60 0
1286 8 742 0 -6 -12851 0 60 0
1287 8 609 0 -6 -12851 0 60 0
1288 8 609 0 6 -12851 0 60 0
1289 12 742 1100 -6 24 0 51 51
1290 8 742 0 24 -12851 0 55 0
1291 12 742 500 6 -24 0 55 55
1292 8 500 0 6 -12851 0 55 0
1293 8 1100 0 24 -12851 0 55 0
1294 8 500 0 24 -12851 0 55 0
1295 12 742 1100 -6 24 0 51 55
1296 8 742 0 24 -12851 0 60 0
1297 8 500 0 -24 -12851 0 60 0
1298 8 1100 0 -6 -12851 0 55 0
1299 8 1100 0 24 -12851 0 60 0
1300 8 903 0 24 -12851 0 60 0
1301 8 903 0 6 -12851 0 55 0
1302 8 903 0 24 -12851 0 55 0
1303 12 742 500 6 -24 0 55 55
1304 12 742 500 6 -24 0 51 55
1305 8 903 0 -24 -12851 0 55 0
1306 12 609 742 6 -24 0 55 51
1307 8 903 0 6 -12851 0 55 0
1308 8 1100 0 -24 -12851 0 55 0
1309 12 1100 742 -6 24 0 55 51
1310 8 500 0 6 -12851 0 55 0
1311 12 1100 742 6 -24 0 51 55
1312 8 903 0 -6 -12851 0 55 0
1313 8 609 0 6 -12851 0 60 0
1314 8 1100 0 24 -12851 0 60 0
1315 8 742 0 -6 -12851 0 55 0
1316 12 742 609 6 -24 0 55 55
1317 12 903 742 6 -24 0 51 55
1318 8 500 0 6 -12851 0 60 0
1319 12 1100 742 -6 24 0 51 55
1320 8 742 0 24 -12851 0 55 0
1321 8 609 0 -6 -12851 0 60 0
1322 8 609 0 -24 -12851 0 55 0
1323 12 609 742 -6 24 0 55 51
1324 8 500 0 -24 -12851 0 55 0
1325 12 742 1100 6 -24 0 55 55
1326 8 742 0 -24 -12851 0 60 0
1327 8 903 0 -6 -12851 0 55 0
1328 8 1100 0 24 -12851 0 55 0
1329 8 500 0 -24 -12851 0 55 0
1330 8 500 0 24 -12851 0 60 0
1331 8 500 0 -6 -12851 0 60 0
1332 8 903 0 -24 -12851 0 55 0
1333 8 500 0 -6 -12851 0 55 0
1334 12 903 742 -6 24 0 55 51
1335 12 1100 742 6 -24 0 51 51
1336 8 609 0 -6 -12851 0 55 0
1337 8 609 0 24 -12851 0 55 0
1338 8 742 0 -6 -12851 0 60 0
1339 8 1100 0 6 -12851 0 60 0
1340 12 742 1100 6 -24 0 55 55
1341 8 742 0 -6 -12851 0 60 0
1342 8 742 0 24 -12851 0 60 0
1343 8 609 0 -24 -12851 0 60 0
1344 8 1100 0 24 -12851 0 60 0
1345 8 1100 0 -6 -12851 0 55 0
1346 12 742 500 -6 24 0 51 55
1347 12 742 1100 -6 24 0 55 55
1348 8 903 0 -6 -12851 0 55 0
1349 8 903 0 24 -12851 0 55 0
1350 12 742 500 -6 24 0 55 55
1351 8 609 0 6 -12851 0 60 0
1352 8 609 0 -24 -12851 0 55 0
1353 8 1100 0 6 -12851 0 55 0
1354 8 609 0 -6 -12851 0 60 0
1355 8 500 0 24 -12851 0 60 0
1356 8 609 0 -6 -12851 0 55 0
1357 8 903 0 24 -12851 0 60 0
1358 8 500 0 -6 -12851 0 55 0
1359 12 609 742 6 -24 0 55 55
1360 8 1100 0 6 -12851 0 55 0
1361 12 742 500 6 -24 0 55 51
1362 8 903 0 -24 -12851 0 60 0
1363 8 500 0 6 -12851 0 60 0
1364 8 903 0 6 -12851 0 60 0
1365 8 1100 0 24 -12851 0 55 0
1366 8 742 0 24 -12851 0 55 0
1367 12 742 500 -6 24 0 55 51
1368 8 742 0 6 -12851 0 55 0
1369 8 742 0 -6 -12851 0 55 0
1370 8 609 0 -6 -12851 0 55 0
1371 12 500 742 -6 24 0 51 51
1372 12 742 903 -6 24 0 51 55
1373 8 609 0 -6 -12851 0 60 0
1374 12 742 1100 6 -24 0 51 55
1375 8 742 0 6 -12851 0 60 0
1376 8 500 0 -6 -12851 0 60 0
1377 12 742 903 6 -24 0 55 55
1378 12 742 609 -6 24 0 51 51
1379 8 903 0 24 -12851 0 60 0
1380 12 742 903 -6 24 0 55 51
1381 12 742 500 6 -24 0 51 51
1382 12 742 903 -6 24 0 51 55
1383 12 1100 742 6 -24 0 55 55
1384 8 1100 0 6 -12851 0 55 0
1385 8 609 0 -24 -12851 0 55 0
1386 12 609 742 -6 24 0 55 55
1387 12 903 742 -6 24 0 51 51
1388 12 1100 742 6 -24 0 51 51
1389 8 1100 0 -24 -12851 0 60 0
1390 8 742 0 -24 -12851 0 60 0
1391 8 1100 0 6 -12851 0 60 0
1392 12 742 1100 -6 24 0 51 55
1393 8 500 0 -6 -12851 0 55 0
1394 8 500 0 -24 -12851 0 60 0
1395 8 903 0 -24 -12851 0 60 0
1396 8 903 0 -6 -12851 0 60 0
1397 8 609 0 24 -12851 0 60 0
1398 8 742 0 6 -12851 0 55 0
1399 12 1100 742 -6 24 0 51 55
1400 8 742 0 6 -12851 0 60 0
1401 8 742 0 -24 -12851 0 55 0
1402 12 903 742 -6 24 0 55 51
1403 8 903 0 -24 -12851 0 60 0
1404 12 742 1100 -6 24 0 51 55
1405 8 500 0 24 -12851 0 60 0
1406 8 500 0 6 -12851 0 55 0
1407 12 742 1100 -6 24 0 55 55
1408 12 609 742 -6 24 0 55 55
1409 8 903 0 6 -12851 0 60 0
1410 8 903 0 -6 -12851 0 60 0
1411 8 742 0 -6 -12851 0 55 0
1412 8 1100 0 24 -12851 0 55 0
1413 8 1100 0 -6 -12851 0 55 0
1414 8 609 0 -24 -12851 0 60 0
1415 12 500 742 -6 24 0 55 51
1416 8 1100 0 6 -12851 0 60 0
1417 12 742 1100 -6 24 0 55 55
1418 8 500 0 24 -12851 0 60 0
1419 8 609 0 -24 -12851 0 60 0
1420 8 609 0 6 -12851 0 60 0
1421 8 742 0 6 -12851 0 60 0
1422 8 903 0 -24 -12851 0 55 0
1423 12 742 609 -6 24 0 51 51
1424 12 903 742 6 -24 0 55 51
1425 8 903 0 24 -12851 0 55 0
1426 8 742 0 6 -12851 0 60 0
1427 12 742 500 -6 24 0 55 55
1428 8 609 0 6 -12851 0 55 0
1429 8 500 0 -6 -12851 0 60 0
1430 8 903 0 -24 -12851 0 55 0
1431 8 500 0 24 -12851 0 60 0
1432 8 903 0 6 -12851 0 60 0
1433 8 500 0 6 -12851 0 60 0
1434 8 1100 0 -6 -12851 0 60 0
1435 8 742 0 -24 -12851 0 60 0
1436 8 609 0 24 -12851 0 55 0
1437 12 742 903 6 -24 0 55 55
1438 12 742 609 6 -24 0 51 51
1439 8 609 0 6 -12851 0 60 0
1440 12 742 903 -6 24 0 55 51
1441 8 742 0 -6 -12851 0 60 0
1442 8 1100 0 -6 -12851 0 60 0
1443 12 742 903 6 -24 0 51 55
1444 12 500 742 6 -24 0 51 51
1445 8 1100 0 -6 -12851 0 55 0
1446 12 742 609 -6 24 0 51 51
1447 8 500 0 -6 -12851 0 55 0
1448 8 500 0 -24 -12851 0 55 0
1449 8 609 0 24 -12851 0 60 0
1450 12 903 742 6 -24 0 51 55
1451 8 609 0 6 -12851 0 60 0
1452 8 1100 0 -6 -12851 0 60 0
1453 8 500 0 24 -12851 0 55 0
1454 8 1100 0 6 -12851 0 60 0
1455 12 1100 742 -6 24 0 55 55
1456 8 903 0 -24 -12851 0 55 0
1457 12 742 609 -6 24 0 55 55
1458 8 742 0 -24 -12851 0 60 0
1459 12 903 742 6 -24 0 55 55
1460 8 500 0 24 -12851 0 60 0
1461 12 500 742 -6 24 0 55 55
1462 8 903 0 -24 -12851 0 60 0
1463 12 903 742 -6 24 0 51 55
1464 8 742 0 -6 -12851 0 60 0
1465 8 609 0 24 -12851 0 55 0
1466 8 903 0 -6 -12851 0 60 0
1467 8 742 0 24 -12851 0 60 0
1468 8 1100 0 -24 -12851 0 55 0
1469 8 500 0 6 -12851 0 55 0
1470 8 500 0 -24 -12851 0 55 0
1471 8 1100 0 -6 -12851 0 60 0
1472 12 609 742 6 -24 0 55 55
1473 8 742 0 24 -12851 0 55 0
1474 8 1100 0 -6 -12851 0 55 0
1475 8 609 0 6 -12851 0 60 0
1476 8 500 0 24 -12851 0 60 0
1477 12 1100 742 6 -24 0 55 51
1478 8 609 0 -24 -12851 0 60 0
1479 8 742 0 -6 -12851 0 55 0
1480 12 742 609 -6 24 0 51 51
1481 12 903 742 -6 24 0 51 55
1482 12 742 500 6 -24 0 51 55
1483 12 903 742 -6 24 0 55 51
1484 8 742 0 24 -12851 0 60 0
1485 8 500 0 24 -12851 0 55 0
1486 8 1100 0 -24 -12851 0 55 0
1487 8 903 0 -24 -12851 0 55 0
1488 8 609 0 -6 -12851 0 55 0
1489 12 742 903 -6 24 0 51 55
1490 12 742 1100 -6 24 0 51 51
1491 8 903 0 6 -12851 0 60 0
1492 8 903 0 -24 -12851 0 55 0
1493 8 500 0 24 -12851 0 60 0
1494 8 500 0 24 -12851 0 60 0
1495 8 609 0 24 -12851 0 60 0
1496 8 609 0 6 -12851 0 55 0
1497 8 903 0 6 -12851 0 55 0
1498 8 742 0 24 -12851 0 60 0
1499 8 1100 0 6 -12851 0 55 0
1500 12 742 500 -6 24 0 55 51
1501 12 742 609 -6 24 0 55 55
1502 8 609 0 -6 -12851 0 55 0
1503 12 609 742 -6 24 0 55 51
1504 12 903 742 -6 24 0 55 55
1505 8 1100 0 -24 -12851 0 60 0
1506 8 1100 0 -24 -12851 0 60 0
1507 8 742 0 -6 -12851 0 60 0
1508 8 500 0 6 -12851 0 55 0
1509 12 742 500 -6 24 0 51 55
1510 12 609 742 -6 24 0 55 51
1511 8 500 0 6 -12851 0 60 0
1512 8 903 0 24 -12851 0 60 0
1513 12 742 500 6 -24 0 55 55
1514 12 742 1100 -6 24 0 51 51
1515 8 742 0 24 -12851 0 55 0
1516 8 903 0 6 -12851 0 55 0
1517 8 1100 0 -24 -12851 0 60 0
1518 8 1100 0 6 -12851 0 55 0
1519 8 903 0 24 -12851 0 60 0
1520 8 903 0 24 -12851 0 55 0
1521 8 903 0 -6 -12851 0 55 0
1522 8 609 0 -6 -12851 0 60 0
1523 8 609 0 24 -12851 0 60 0
1524 8 1100 0 24 -12851 0 55 0
1525 8 1100 0 -24 -12851 0 60 0
1526 8 742 0 -24 -12851 0 55 0
1527 8 742 0 -24 -12851 0 60 0
1528 12 742 1100 6 -24 0 51 51
1529 12 742 500 -6 24 0 51 51
1530 12 903 742 -6 24 0 55 55
1531 8 742 0 -6 -12851 0 55 0
1532 8 609 0 -24 -12851 0 60 0
1533 8 500 0 6 -12851 0 60 0
1534 12 500 742 6 -24 0 55 55
1535 12 903 742 -6 24 0 51 51
1536 12 742 1100 -6 24 0 55 51
1537 8 500 0 6 -12851 0 55 0
1538 8 500 0 -24 -12851 0 55 0
1539 8 903 0 -6 -12851 0 60 0
1540 8 903 0 24 -12851 0 60 0
1541 8 500 0 6 -12851 0 55 0
1542 12 742 609 6 -24 0 51 51
1543 8 742 0 -24 -12851 0 60 0
1544 12 742 1100 -6 24 0 51 55
1545 8 903 0 -24 -12851 0 60 0
1546 8 903 0 6 -12851 0 60 0
1547 12 609 742 -6 24 0 51 51
1548 8 742 0 6 -12851 0 55 0
1549 8 500 0 -24 -12851 0 60 0
1550 8 742 0 24 -12851 0 55 0
1551 8 609 0 -6 -12851 0 60 0
1552 12 742 500 -6 24 0 51 51
1553 12 1100 742 -6 24 0 51 55
1554 12 609 742 6 -24 0 55 51
1555 12 500 742 6 -24 0 51 51
1556 8 609 0 24 -12851 0 55 0
1557 8 1100 0 24 -12851 0 55 0
1558 8 609 0 -6 -12851 0 55 0
1559 8 1100 0 24 -12851 0 60 0
1560 12 903 742 6 -24 0 51 55
1561 8 1100 0 -6 -12851 0 55 0
1562 8 500 0 -24 -12851 0 55 0
1563 12 742 1100 -6 24 0 51 51
1564 12 609 742 6 -24 0 51 55
1565 8 742 0 6 -12851 0 55 0
1566 12 742 903 6 -24 0 51 51
1567 12 609 742 6 -24 0 55 51
1568 8 742 0 -6 -12851 0 60 0
1569 8 1100 0 6 -12851 0 55 0
1570 8 500 0 -6 -12851 0 55 0
1571 12 742 609 6 -24 0 55 51
1572 12 903 742 -6 24 0 51 51
1573 12 500 742 -6 24 0 51 55
1574 12 500 742 6 -24 0 51 51
1575 12 742 903 6 -24 0 51 55
1576 8 903 0 -24 -12851 0 55 0
