396 12 742 903 6 -24 0 55 51
397 12 742 1100 -6 24 1 55 55
398 8 742 0 -6 -12851 1 60 0
399 12 500 742 6 -24 1 55 55
400 8 500 0 24 -12851 0 55 0
401 8 903 0 -24 -12851 1 55 0
402 8 903 0 24 -12851 1 60 0
403 8 1100 0 24 -12851 1 55 0
404 12 742 1100 -6 24 0 55 51
405 8 1100 0 24 -12851 0 60 0
406 8 609 0 6 -12851 1 55 0
407 8 609 0 24 -12851 0 55 0
408 12 742 609 -6 24 0 51 51
409 8 500 0 -6 -12851 1 60 0
410 12 1100 742 -6 24 0 55 51
411 8 500 0 -24 -12851 1 60 0
412 12 1100 742 -6 24 0 55 55
413 12 1100 742 6 -24 1 51 55
414 8 500 0 -24 -12851 1 55 0
415 8 742 0 6 -12851 1 60 0
416 12 742 609 6 -24 0 55 51
417 12 500 742 -6 24 1 51 51
418 12 742 609 6 -24 0 51 55
419 8 609 0 -6 -12851 1 60 0
420 12 742 903 6 -24 1 55 51
421 8 742 0 -6 -12851 1 60 0
422 8 742 0 -6 -12851 1 60 0
423 8 1100 0 -24 -12851 0 55 0
424 12 903 742 6 -24 0 51 51
425 12 742 500 -6 24 1 55 51
426 8 500 0 6 -12851 1 60 0
427 12 742 609 -6 24 0 51 51
428 8 1100 0 -6 -12851 0 55 0
429 12 742 609 -6 24 1 51 51
430 8 1100 0 6 -12851 1 60 0
431 12 500 742 6 -24 1 51 55
432 12 742 903 6 -24 1 55 55
433 12 609 742 -6 24 1 55 51
434 8 903 0 6 -12851 1 55 0
435 8 609 0 24 -12851 0 60 0
436 12 742 500 -6 24 1 51 55
437 8 903 0 -6 -12851 1 60 0
438 8 609 0 6 -12851 1 55 0
439 12 903 742 -6 24 1 55 51
440 8 903 0 -6 -12851 1 55 0
441 8 500 0 6 -12851 1 60 0
442 8 500 0 -6 -12851 1 55 0
443 8 742 0 -6 -12851 1 60 0
444 12 742 903 6 -24 1 51 55
445 12 500 742 -6 24 1 55 55
446 8 1100 0 -24 -12851 1 60 0
447 8 1100 0 24 -12851 0 55 0
448 8 1100 0 6 -12851 1 55 0
449 8 903 0 -6 -12851 0 60 0
450 8 903 0 -6 -12851 0 60 0
451 12 742 609 6 -24 1 55 51
452 12 742 609 -6 24 1 55 51
453 12 500 742 6 -24 1 51 51
454 8 903 0 -24 -12851 1 60 0
455 8 742 0 -6 -12851 0 60 0
456 8 742 0 24 -12851 1 60 0
457 8 500 0 -24 -12851 0 60 0
458 12 742 903 -6 24 1 51 55
459 8 500 0 24 -12851 1 60 0
460 12 742 500 6 -24 1 51 51
461 8 609 0 24 -12851 1 55 0
462 8 609 0 -6 -12851 1 60 0
463 8 609 0 6 -12851 1 55 0
464 12 903 742 6 -24 1 51 55
465 12 742 500 6 -24 1 51 51
466 12 742 1100 -6 24 1 51 51
467 12 742 500 6 -24 1 55 55
468 12 903 742 6 -24 1 51 51
469 12 609 742 6 -24 0 51 51
470 8 903 0 -24 -12851 0 55 0
471 12 500 742 -6 24 0 51 55
472 8 903 0 -6 -12851 0 60 0
473 8 500 0 24 -12851 0 60 0
474 8 609 0 -6 -12851 0 55 0
475 12 609 742 -6 24 1 55 51
476 8 1100 0 -24 -12851 0 60 0
477 8 903 0 -24 -12851 0 55 0
478 8 742 0 -24 -12851 1 55 0
479 8 609 0 24 -12851 1 55 0
480 12 903 742 6 -24 1 51 55
481 8 742 0 -24 -12851 1 55 0
482 8 1100 0 -6 -12851 0 60 0
483 12 609 742 -6 24 0 55 55
484 8 609 0 -24 -12851 0 60 0
485 12 742 500 6 -24 0 55 51
486 8 903 0 24 -12851 1 55 0
487 12 903 742 6 -24 1 55 51
488 12 500 742 -6 24 1 55 51
489 8 500 0 -6 -12851 0 55 0
490 8 742 0 6 -12851 1 60 0
491 8 500 0 24 -12851 1 55 0
492 8 1100 0 -6 -12851 1 55 0
493 8 1100 0 -24 -12851 1 60 0
494 8 1100 0 -6 -12851 0 60 0
495 8 1100 0 6 -12851 1 60 0
496 12 903 742 -6 24 1 55 51
497 8 1100 0 -6 -12851 0 60 0
498 12 609 742 -6 24 1 55 55
499 12 742 1100 -6 24 1 55 55
500 12 742 500 6 -24 1 51 55
501 12 500 742 6 -24 0 51 55
502 8 500 0 -24 -12851 1 60 0
503 8 742 0 -24 -12851 1 55 0
504 12 609 742 6 -24 1 51 51
505 8 903 0 -6 -12851 0 55 0
506 12 609 742 -6 24 0 55 55
507 8 903 0 24 -12851 0 60 0
508 8 903 0 24 -12851 0 60 0
509 8 742 0 6 -12851 1 55 0
510 8 500 0 -6 -12851 1 60 0
511 8 609 0 24 -12851 1 55 0
512 8 500 0 6 -12851 1 55 0
513 12 742 609 6 -24 1 55 51
514 12 903 742 -6 24 0 55 51
515 8 742 0 -24 -12851 1 60 0
516 12 742 609 -6 24 1 51 51
517 12 903 742 6 -24 1 51 51
518 12 1100 742 -6 24 0 55 55
519 8 609 0 24 -12851 0 60 0
520 8 609 0 24 -12851 1 60 0
521 8 742 0 -24 -12851 1 55 0
522 8 742 0 -24 -12851 1 60 0
523 12 742 500 6 -24 0 55 51
524 12 742 1100 -6 24 1 51 55
525 8 742 0 -6 -12851 0 55 0
526 8 903 0 -6 -12851 0 55 0
527 12 742 1100 -6 24 0 51 55
528 12 742 1100 6 -24 0 51 55
529 8 742 0 -6 -12851 0 55 0
530 12 903 742 6 -24 1 51 55
531 8 903 0 24 -12851 1 55 0
532 12 500 742 -6 24 0 51 51
533 8 1100 0 -6 -12851 0 60 0
534 8 903 0 24 -12851 1 55 0
535 8 1100 0 -6 -12851 0 55 0
536 8 500 0 6 -12851 1 55 0
537 8 1100 0 24 -12851 1 60 0
538 8 609 0 -6 -12851 0 55 0
539 12 742 500 6 -24 0 51 51
540 12 500 742 6 -24 1 55 51
541 8 609 0 24 -12851 1 55 0
542 12 742 609 -6 24 0 51 51
543 12 742 903 6 -24 1 55 51
544 8 609 0 -6 -12851 0 60 0
545 8 500 0 -6 -12851 0 55 0
546 12 742 500 -6 24 0 55 55
547 12 609 742 6 -24 0 51 55
548 12 742 1100 -6 24 1 55 51
549 12 742 1100 -6 24 1 51 51
550 8 500 0 24 -12851 1 55 0
551 8 1100 0 -6 -12851 0 60 0
552 8 1100 0 24 -12851 0 60 0
553 8 500 0 6 -12851 1 55 0
554 8 903 0 -24 -12851 1 55 0
555 12 500 742 -6 24 1 51 51
556 12 1100 742 -6 24 1 51 51
557 12 742 609 -6 24 1 51 51
558 8 903 0 -6 -12851 0 60 0
559 12 742 903 -6 24 0 51 55
560 8 903 0 -24 -12851 1 60 0
561 12 903 742 -6 24 0 55 51
562 12 742 609 6 -24 1 51 51
563 12 742 609 -6 24 0 51 55
564 12 609 742 -6 24 0 51 51
565 12 903 742 6 -24 0 55 55
566 8 1100 0 -24 -12851 1 55 0
567 8 1100 0 -6 -12851 0 55 0
568 8 500 0 24 -12851 1 55 0
569 8 500 0 -6 -12851 0 60 0
570 8 609 0 24 -12851 1 55 0
571 12 742 1100 6 -24 1 55 51
572 8 609 0 6 -12851 1 60 0
573 8 609 0 -6 -12851 1 55 0
574 8 742 0 24 -12851 1 55 0
575 12 1100 742 -6 24 1 51 55
576 12 903 742 -6 24 1 55 51
577 8 742 0 -6 -12851 0 60 0
578 12 742 1100 -6 24 1 51 55
579 8 742 0 -24 -12851 0 60 0
580 12 742 1100 -6 24 1 55 51
581 8 500 0 -24 -12851 1 55 0
582 8 500 0 -6 -12851 0 60 0
583 8 742 0 -24 -12851 1 55 0
584 8 609 0 -24 -12851 1 60 0
585 8 500 0 6 -12851 1 60 0
586 12 609 742 6 -24 1 55 51
587 12 903 742 6 -24 0 55 51
588 12 903 742 -6 24 1 55 51
589 12 742 500 -6 24 0 51 51
590 12 742 609 -6 24 0 51 51
591 8 742 0 -6 -12851 0 55 0
592 8 1100 0 -24 -12851 1 55 0
593 12 609 742 -6 24 0 55 55
594 8 500 0 24 -12851 0 55 0
595 8 1100 0 -24 -12851 1 55 0
596 12 609 742 -6 24 1 51 51
597 8 609 0 6 -12851 0 60 0
598 12 1100 742 6 -24 0 51 51
599 8 903 0 24 -12851 1 60 0
600 8 609 0 6 -12851 1 60 0
601 12 609 742 -6 24 1 55 55
602 8 1100 0 -24 -12851 1 55 0
603 12 1100 742 6 -24 0 51 51
604 12 500 742 6 -24 0 51 51
605 8 742 0 -6 -12851 0 55 0
606 12 1100 742 -6 24 0 51 55
607 12 742 903 -6 24 0 55 55
608 12 903 742 6 -24 0 55 51
609 8 903 0 -6 -12851 0 60 0
610 12 742 903 6 -24 0 55 51
611 12 903 742 6 -24 0 51 55
612 12 742 609 6 -24 0 51 51
613 8 903 0 -24 -12851 1 55 0
614 12 742 903 6 -24 1 51 55
615 12 903 742 -6 24 0 51 55
616 8 742 0 24 -12851 1 60 0
617 8 742 0 24 -12851 1 60 0
618 8 903 0 6 -12851 1 60 0
619 8 500 0 24 -12851 0 55 0
620 12 1100 742 6 -24 0 55 55
621 8 500 0 6 -12851 1 55 0
622 8 1100 0 -24 -12851 1 60 0
623 12 742 500 -6 24 0 51 51
624 8 742 0 -6 -12851 0 60 0
625 8 742 0 6 -12851 1 60 0
626 12 742 609 -6 24 0 55 55
627 8 1100 0 -6 -12851 1 55 0
628 8 903 0 -24 -12851 1 55 0
629 8 1100 0 6 -12851 1 60 0
630 8 500 0 -6 -12851 1 60 0
631 12 1100 742 6 -24 1 55 55
632 12 742 609 -6 24 0 51 51
633 12 500 742 6 -24 1 51 51
634 8 903 0 -24 -12851 1 60 0
635 12 742 903 -6 24 1 55 55
636 8 609 0 24 -12851 1 60 0
637 8 609 0 -24 -12851 1 60 0
638 12 742 500 6 -24 1 55 55
639 12 500 742 6 -24 0 51 55
640 8 609 0 6 -12851 0 60 0
641 8 1100 0 -24 -12851 1 60 0
642 8 1100 0 -6 -12851 0 60 0
643 8 500 0 -6 -12851 0 55 0
644 12 1100 742 6 -24 0 55 55
645 8 903 0 24 -12851 1 55 0
646 8 903 0 -6 -12851 0 60 0
647 8 903 0 6 -12851 1 55 0
648 8 1100 0 -24 -12851 1 55 0
649 12 742 609 -6 24 1 51 55
650 8 1100 0 24 -12851 1 60 0
651 12 903 742 6 -24 1 51 55
652 12 1100 742 -6 24 1 55 55
653 12 500 742 -6 24 1 55 55
654 8 500 0 -6 -12851 0 55 0
655 8 500 0 6 -12851 1 55 0
656 8 609 0 24 -12851 0 55 0
657 8 609 0 -24 -12851 1 55 0
658 12 609 742 6 -24 1 51 51
659 8 609 0 -6 -12851 1 55 0
660 8 742 0 6 -12851 1 55 0
661 8 742 0 -24 -12851 1 55 0
662 12 903 742 -6 24 1 55 55
663 8 742 0 -24 -12851 1 60 0
664 12 609 742 -6 24 0 51 51
665 8 500 0 -6 -12851 0 60 0
666 8 500 0 24 -12851 1 55 0
667 12 742 500 6 -24 1 51 51
668 12 903 742 -6 24 1 55 55
669 8 1100 0 -24 -12851 1 55 0
670 8 609 0 -6 -12851 0 55 0
671 8 1100 0 6 -12851 1 60 0
672 12 742 1100 -6 24 1 55 51
673 8 742 0 -24 -12851 0 55 0
674 8 742 0 -6 -12851 0 55 0
675 8 500 0 24 -12851 1 60 0
676 12 742 903 6 -24 1 55 55
677 12 500 742 -6 24 0 55 55
678 8 742 0 6 -12851 1 60 0
679 8 1100 0 -24 -12851 1 55 0
680 8 903 0 -6 -12851 0 55 0
681 12 903 742 -6 24 1 55 55
682 12 903 742 -6 24 1 55 51
683 12 1100 742 -6 24 1 51 51
684 8 609 0 -6 -12851 0 55 0
685 12 609 742 -6 24 1 55 51
686 8 500 0 6 -12851 1 60 0
687 12 742 500 -6 24 0 51 51
688 8 609 0 -6 -12851 1 55 0
689 8 903 0 6 -12851 1 55 0
690 12 742 609 6 -24 0 55 55
691 12 609 742 -6 24 0 51 55
692 8 903 0 6 -12851 1 60 0
693 12 742 1100 6 -24 1 55 51
694 12 500 742 6 -24 0 55 51
695 12 500 742 6 -24 0 55 55
696 8 903 0 24 -12851 1 55 0
697 12 742 903 6 -24 1 51 55
698 8 903 0 -24 -12851 1 60 0
699 12 903 742 -6 24 1 51 55
700 8 1100 0 -24 -12851 1 60 0
701 8 742 0 24 -12851 1 55 0
702 12 742 609 6 -24 1 51 51
703 8 742 0 -6 -12851 1 55 0
704 8 903 0 -24 -12851 0 60 0
705 8 1100 0 6 -12851 1 60 0
706 12 609 742 6 -24 1 55 55
707 8 500 0 24 -12851 0 55 0
708 8 903 0 -6 -12851 0 55 0
709 8 500 0 -6 -12851 0 60 0
710 8 500 0 -24 -12851 1 60 0
711 8 609 0 6 -12851 1 55 0
712 12 742 1100 6 -24 1 55 55
713 12 609 742 -6 24 1 55 55
714 12 742 903 6 -24 1 55 55
715 8 609 0 24 -12851 1 55 0
716 8 1100 0 -24 -12851 1 60 0
717 12 903 742 -6 24 1 55 55
718 8 742 0 24 -12851 0 55 0
719 8 609 0 -6 -12851 0 55 0
720 12 742 500 6 -24 1 55 51
721 12 500 742 6 -24 1 51 55
722 8 742 0 24 -12851 1 60 0
723 8 742 0 -6 -12851 0 60 0
724 12 742 609 -6 24 1 55 55
725 12 742 903 6 -24 0 55 51
726 12 1100 742 -6 24 0 55 55
727 8 500 0 24 -12851 1 60 0
728 12 742 500 6 -24 1 51 55
729 8 742 0 6 -12851 1 60 0
730 12 500 742 6 -24 0 55 51
731 12 742 500 6 -24 0 51 51
732 12 742 1100 6 -24 0 51 55
733 8 500 0 24 -12851 0 55 0
734 8 1100 0 -24 -12851 1 55 0
735 12 903 742 6 -24 0 51 51
736 8 609 0 -6 -12851 0 60 0
737 8 500 0 24 -12851 1 55 0
738 12 500 742 6 -24 0 51 55
739 12 742 903 -6 24 1 55 55
740 12 500 742 -6 24 1 51 55
741 12 742 1100 -6 24 0 51 51
742 8 1100 0 24 -12851 1 55 0
743 8 1100 0 6 -12851 1 55 0
744 12 742 1100 -6 24 0 51 51
745 12 742 1100 6 -24 1 51 51
746 12 903 742 -6 24 1 55 51
747 12 1100 742 6 -24 1 55 51
748 8 609 0 -24 -12851 1 60 0
749 8 903 0 24 -12851 1 60 0
750 12 1100 742 6 -24 0 51 51
751 12 500 742 6 -24 0 51 55
752 12 609 742 6 -24 1 51 55
753 12 903 742 -6 24 1 51 55
754 8 742 0 -6 -12851 1 55 0
755 8 609 0 24 -12851 1 55 0
756 8 903 0 6 -12851 1 55 0
757 8 903 0 -24 -12851 1 60 0
758 8 500 0 24 -12851 1 60 0
759 8 500 0 -24 -12851 1 55 0
760 8 609 0 24 -12851 1 55 0
761 8 500 0 -6 -12851 0 55 0
762 8 1100 0 6 -12851 1 55 0
763 12 609 742 -6 24 1 51 55
764 12 903 742 6 -24 1 51 51
765 12 1100 742 6 -24 1 51 55
766 12 903 742 -6 24 0 51 51
767 12 742 903 -6 24 1 51 55
768 8 742 0 -24 -12851 0 60 0
769 8 609 0 -24 -12851 1 55 0
770 8 609 0 -6 -12851 1 55 0
771 12 609 742 6 -24 0 51 51
772 8 742 0 24 -12851 1 55 0
773 8 500 0 -24 -12851 0 55 0
774 8 903 0 -6 -12851 1 60 0
775 12 742 1100 6 -24 0 55 55
776 8 742 0 -6 -12851 1 55 0
777 8 903 0 -24 -12851 1 55 0
778 8 1100 0 24 -12851 0 55 0
779 8 903 0 6 -12851 1 55 0
780 8 1100 0 -24 -12851 1 55 0
781 8 742 0 -6 -12851 0 60 0
782 12 742 609 -6 24 1 51 51
783 8 742 0 6 -12851 1 55 0
784 12 609 742 6 -24 1 51 55
785 12 742 500 -6 24 0 55 55
786 8 500 0 24 -12851 1 60 0
787 8 500 0 -24 -12851 1 60 0
788 12 742 500 -6 24 1 55 51
789 8 1100 0 6 -12851 1 60 0
790 8 1100 0 -24 -12851 1 55 0
791 8 903 0 -6 -12851 0 60 0
792 8 500 0 24 -12851 1 60 0
793 8 742 0 24 -12851 1 55 0
794 8 903 0 6 -12851 1 60 0
795 8 742 0 -24 -12851 1 60 0
796 12 742 500 6 -24 1 51 51
797 8 1100 0 6 -12851 1 55 0
798 12 609 742 -6 24 0 51 55
799 8 903 0 -24 -12851 1 60 0
800 12 742 1100 -6 24 0 55 55
801 12 742 500 6 -24 0 55 51
802 8 609 0 -6 -12851 0 55 0
803 8 609 0 24 -12851 1 60 0
804 12 1100 742 -6 24 0 51 55
805 8 609 0 -6 -12851 0 55 0
806 8 500 0 -24 -12851 1 55 0
807 8 500 0 -6 -12851 1 55 0
808 8 903 0 -6 -12851 1 60 0
809 12 742 609 -6 24 1 51 55
810 12 742 609 -6 24 0 55 55
811 8 903 0 -24 -12851 1 60 0
812 8 742 0 -6 -12851 0 60 0
813 8 609 0 -24 -12851 1 55 0
814 12 500 742 -6 24 0 51 51
815 8 500 0 24 -12851 0 60 0
816 12 742 1100 -6 24 0 55 55
817 12 609 742 -6 24 1 51 55
818 12 742 609 -6 24 1 55 51
819 8 609 0 -24 -12851 1 60 0
820 12 742 609 -6 24 0 51 51
821 8 500 0 24 -12851 1 60 0
822 12 742 903 -6 24 0 55 51
823 8 903 0 -24 -12851 1 60 0
824 12 1100 742 -6 24 1 51 51
825 8 609 0 -6 -12851 0 55 0
826 12 903 742 -6 24 1 55 55
827 8 742 0 6 -12851 1 55 0
828 12 1100 742 6 -24 0 55 51
829 8 1100 0 24 -12851 1 55 0
830 8 742 0 -6 -12851 1 60 0
831 8 1100 0 6 -12851 1 55 0
832 12 500 742 6 -24 1 55 55
833 12 742 609 -6 24 1 55 55
834 12 500 742 -6 24 0 51 55
835 12 742 609 -6 24 0 55 55
836 8 1100 0 24 -12851 1 60 0
837 12 500 742 -6 24 0 51 51
838 12 742 609 -6 24 0 55 55
839 8 609 0 24 -12851 1 55 0
840 8 609 0 -24 -12851 1 55 0
841 8 1100 0 24 -12851 0 60 0
842 8 742 0 6 -12851 1 60 0
843 8 609 0 24 -12851 1 60 0
844 8 903 0 -6 -12851 0 55 0
845 8 500 0 -24 -12851 0 55 0
846 12 903 742 -6 24 1 51 55
847 12 742 609 6 -24 0 55 51
848 12 609 742 6 -24 0 55 55
849 8 1100 0 24 -12851 0 55 0
850 8 903 0 24 -12851 1 55 0
851 12 609 742 6 -24 0 55 51
852 8 609 0 -24 -12851 1 60 0
853 8 1100 0 -6 -12851 1 60 0
854 8 742 0 6 -12851 1 60 0
855 8 500 0 -6 -12851 0 60 0
856 8 500 0 6 -12851 1 55 0
857 8 903 0 6 -12851 1 55 0
858 12 903 742 -6 24 1 51 55
859 12 742 500 6 -24 1 55 55
860 12 742 609 -6 24 0 51 55
861 12 742 609 -6 24 0 51 51
862 8 742 0 -6 -12851 0 55 0
863 12 742 500 -6 24 0 55 51
864 8 1100 0 -24 -12851 0 55 0
865 12 1100 742 -6 24 0 55 55
866 12 742 903 -6 24 1 55 51
867 8 1100 0 -24 -12851 1 60 0
868 8 742 0 24 -12851 1 60 0
869 8 1100 0 6 -12851 1 55 0
870 12 742 903 -6 24 0 55 55
871 12 742 1100 6 -24 1 51 55
872 12 500 742 6 -24 0 51 51
873 12 609 742 -6 24 1 55 51
874 8 903 0 -24 -12851 1 55 0
875 12 903 742 6 -24 0 51 55
876 8 903 0 -6 -12851 1 55 0
877 12 742 903 6 -24 0 55 55
878 8 609 0 24 -12851 1 55 0
879 12 742 903 6 -24 0 55 51
880 12 609 742 -6 24 0 55 51
881 12 500 742 -6 24 0 55 55
882 8 500 0 6 -12851 1 60 0
883 12 742 1100 6 -24 0 51 55
884 12 742 609 6 -24 1 55 55
885 12 742 609 6 -24 1 55 55
886 8 742 0 -24 -12851 1 60 0
887 8 742 0 -24 -12851 1 55 0
888 8 1100 0 -24 -12851 1 60 0
889 8 609 0 24 -12851 0 60 0
890 12 742 609 6 -24 1 51 51
891 12 1100 742 6 -24 0 51 55
892 12 903 742 -6 24 1 55 51
893 8 609 0 -24 -12851 1 55 0
894 8 500 0 -6 -12851 0 60 0
895 12 742 609 6 -24 0 51 51
896 8 903 0 -6 -12851 0 60 0
897 8 500 0 -6 -12851 0 60 0
898 12 500 742 6 -24 0 51 51
899 8 609 0 24 -12851 0 55 0
900 12 1100 742 -6 24 1 55 51
901 8 609 0 6 -12851 1 60 0
902 8 1100 0 24 -12851 0 60 0
903 12 1100 742 -6 24 1 51 51
904 8 500 0 -24 -12851 0 55 0
905 12 742 1100 -6 24 1 51 55
906 8 500 0 6 -12851 0 60 0
907 12 903 742 6 -24 1 55 51
908 8 903 0 24 -12851 1 55 0
909 8 903 0 -24 -12851 1 60 0
910 8 903 0 -24 -12851 1 60 0
911 12 500 742 6 -24 1 55 55
912 12 500 742 -6 24 1 51 55
913 8 742 0 6 -12851 1 55 0
914 12 1100 742 -6 24 0 51 55
915 8 742 0 24 -12851 1 55 0
916 8 500 0 -6 -12851 1 55 0
917 8 742 0 -24 -12851 0 60 0
918 8 1100 0 -6 -12851 0 55 0
919 8 1100 0 6 -12851 1 55 0
920 8 609 0 24 -12851 0 60 0
921 8 609 0 24 -12851 0 55 0
922 8 1100 0 -24 -12851 1 60 0
923 8 1100 0 6 -12851 1 55 0
924 8 609 0 -6 -12851 0 55 0
925 12 742 500 -6 24 0 51 51
926 12 742 500 6 -24 0 51 51
927 8 500 0 -6 -12851 0 55 0
928 8 742 0 -6 -12851 0 60 0
929 8 609 0 6 -12851 1 60 0
930 8 742 0 24 -12851 1 60 0
931 12 609 742 6 -24 1 55 55
932 8 1100 0 -6 -12851 1 60 0
933 8 1100 0 -24 -12851 1 55 0
934 12 742 1100 6 -24 0 55 55
935 8 903 0 -24 -12851 1 60 0
936 8 742 0 24 -12851 1 55 0
937 8 500 0 -24 -12851 1 55 0
938 12 1100 742 6 -24 0 55 55
939 8 500 0 -6 -12851 1 55 0
940 12 742 609 6 -24 1 51 55
941 8 609 0 6 -12851 1 55 0
942 8 903 0 24 -12851 1 60 0
943 12 742 609 6 -24 0 51 51
944 8 903 0 -24 -12851 1 60 0
945 12 903 742 -6 24 0 55 55
946 8 1100 0 -6 -12851 1 60 0
947 8 1100 0 -24 -12851 0 55 0
948 8 500 0 24 -12851 0 60 0
949 8 500 0 -24 -12851 1 60 0
950 8 1100 0 -24 -12851 0 55 0
951 8 1100 0 24 -12851 1 60 0
952 8 500 0 24 -12851 1 55 0
953 8 903 0 -6 -12851 0 60 0
954 8 903 0 6 -12851 1 55 0
955 8 742 0 -6 -12851 0 55 0
956 12 742 609 -6 24 0 55 55
957 12 500 742 6 -24 0 55 51
958 12 742 609 -6 24 0 55 51
959 12 1100 742 -6 24 0 55 55
960 8 609 0 24 -12851 1 60 0
961 8 903 0 6 -12851 0 55 0
962 8 609 0 -6 -12851 0 60 0
963 8 742 0 -6 -12851 0 60 0
964 8 609 0 6 -12851 0 60 0
965 12 742 609 -6 24 0 51 51
966 8 742 0 6 -12851 1 55 0
967 8 500 0 -24 -12851 0 55 0
968 12 742 1100 -6 24 0 51 51
969 12 500 742 -6 24 1 51 51
970 8 500 0 -24 -12851 1 55 0
971 12 742 1100 -6 24 0 55 55
972 8 903 0 -24 -12851 1 55 0
973 8 500 0 -24 -12851 1 55 0
974 12 1100 742 6 -24 0 55 51
975 12 500 742 6 -24 1 55 55
976 8 500 0 -24 -12851 1 60 0
977 8 609 0 24 -12851 1 55 0
978 8 1100 0 6 -12851 1 55 0
979 12 742 500 -6 24 1 51 51
980 12 742 609 -6 24 0 55 51
981 8 1100 0 24 -12851 1 55 0
982 12 742 903 -6 24 1 51 51
983 8 609 0 -6 -12851 0 55 0
984 8 742 0 -6 -12851 0 55 0
985 8 903 0 24 -12851 1 55 0
986 8 742 0 24 -12851 1 60 0
987 8 609 0 6 -12851 1 55 0
988 8 742 0 -24 -12851 0 60 0
989 8 1100 0 -6 -12851 0 60 0
990 12 742 1100 6 -24 1 55 55
991 8 903 0 24 -12851 1 60 0
992 8 742 0 -6 -12851 1 60 0
993 12 742 500 6 -24 1 51 51
994 8 742 0 -24 -12851 0 60 0
995 8 903 0 -6 -12851 1 55 0
996 8 609 0 -24 -12851 1 55 0
997 8 1100 0 -6 -12851 0 55 0
998 8 1100 0 6 -12851 1 60 0
999 8 500 0 -6 -12851 1 60 0
1000 12 742 903 -6 24 1 55 55
1001 8 742 0 -6 -12851 0 60 0
1002 12 1100 742 -6 24 0 51 55
1003 8 1100 0 24 -12851 1 60 0
1004 8 742 0 -24 -12851 1 60 0
1005 12 903 742 6 -24 1 55 51
1006 8 903 0 -6 -12851 0 55 0
1007 12 1100 742 6 -24 0 55 55
1008 8 609 0 24 -12851 1 55 0
1009 8 500 0 -6 -12851 1 55 0
1010 8 903 0 24 -12851 1 60 0
1011 12 742 903 -6 24 0 51 55
1012 8 500 0 -6 -12851 1 55 0
1013 8 609 0 -24 -12851 1 55 0
1014 8 1100 0 6 -12851 1 60 0
1015 12 742 609 -6 24 1 55 51
1016 12 742 1100 6 -24 1 55 55
1017 12 742 500 -6 24 0 51 51
1018 12 742 609 -6 24 1 51 55
1019 12 742 1100 -6 24 0 51 51
1020 8 1100 0 6 -12851 0 60 0
1021 8 609 0 6 -12851 1 60 0
1022 8 500 0 24 -12851 1 60 0
1023 8 609 0 6 -12851 1 55 0
1024 8 903 0 -6 -12851 1 55 0
1025 12 742 1100 -6 24 0 55 55
1026 8 903 0 24 -12851 1 60 0
1027 8 903 0 -6 -12851 0 55 0
1028 8 742 0 -24 -12851 1 60 0
1029 8 742 0 -24 -12851 1 55 0
1030 12 742 500 6 -24 0 55 55
1031 8 500 0 6 -12851 1 60 0
1032 12 742 609 6 -24 0 55 51
1033 8 500 0 -24 -12851 1 55 0
1034 12 609 742 -6 24 1 55 51
1035 8 742 0 24 -12851 1 60 0
1036 12 609 742 6 -24 0 51 51
1037 8 609 0 -6 -12851 1 55 0
1038 12 500 742 6 -24 0 55 55
1039 12 742 903 -6 24 1 51 55
1040 12 742 1100 -6 24 1 51 51
1041 12 500 742 -6 24 0 55 51
1042 8 1100 0 24 -12851 1 60 0
1043 8 1100 0 24 -12851 1 55 0
1044 8 609 0 -24 -12851 1 55 0
1045 12 742 609 6 -24 0 51 51
1046 8 609 0 24 -12851 1 60 0
1047 8 903 0 -24 -12851 1 60 0
1048 8 609 0 -24 -12851 1 55 0
1049 12 500 742 -6 24 1 51 55
1050 12 903 742 6 -24 0 51 51
1051 8 903 0 6 -12851 1 55 0
1052 8 500 0 -6 -12851 1 55 0
1053 8 1100 0 6 -12851 1 55 0
1054 12 500 742 -6 24 1 55 55
1055 8 609 0 6 -12851 1 60 0
1056 8 742 0 -24 -12851 1 55 0
1057 12 742 500 -6 24 1 51 55
1058 8 1100 0 24 -12851 1 55 0
1059 8 742 0 -6 -12851 0 55 0
1060 8 903 0 24 -12851 1 55 0
1061 8 742 0 -6 -12851 1 60 0
1062 8 1100 0 6 -12851 1 55 0
1063 8 500 0 -24 -12851 1 60 0
1064 12 742 903 -6 24 1 51 51
1065 12 1100 742 -6 24 1 51 55
1066 8 500 0 -24 -12851 1 55 0
1067 8 1100 0 24 -12851 1 60 0
1068 8 1100 0 -24 -12851 1 55 0
1069 8 500 0 -6 -12851 0 55 0
1070 8 500 0 24 -12851 1 60 0
1071 12 500 742 -6 24 1 55 55
1072 12 742 500 6 -24 0 51 55
1073 8 1100 0 24 -12851 0 60 0
1074 12 903 742 6 -24 1 55 55
1075 12 742 903 6 -24 1 51 55
1076 8 1100 0 6 -12851 1 55 0
1077 12 742 1100 -6 24 1 55 55
1078 8 500 0 -6 -12851 1 60 0
1079 12 1100 742 -6 24 1 55 51
1080 12 742 903 -6 24 1 55 51
1081 8 903 0 6 -12851 1 60 0
1082 8 903 0 24 -12851 1 60 0
1083 8 742 0 -6 -12851 0 55 0
1084 8 609 0 6 -12851 1 60 0
1085 8 903 0 -24 -12851 1 60 0
1086 8 609 0 24 -12851 1 60 0
1087 12 742 609 -6 24 1 51 51
1088 8 742 0 -6 -12851 0 55 0
1089 8 609 0 24 -12851 1 60 0
1090 12 500 742 6 -24 1 51 51
1091 12 903 742 6 -24 1 55 51
1092 8 742 0 -6 -12851 1 60 0
1093 8 1100 0 -24 -12851 1 55 0
1094 12 742 1100 -6 24 1 55 51
1095 8 1100 0 6 -12851 0 60 0
1096 8 742 0 -6 -12851 0 60 0
1097 8 903 0 -24 -12851 1 55 0
1098 12 903 742 -6 24 0 51 51
1099 8 742 0 -6 -12851 1 60 0
1100 8 500 0 -24 -12851 0 60 0
1101 8 609 0 -6 -12851 0 60 0
1102 8 903 0 24 -12851 1 60 0
1103 12 742 1100 -6 24 1 55 51
1104 8 500 0 -24 -12851 1 55 0
1105 8 1100 0 6 -12851 1 60 0
1106 12 1100 742 6 -24 0 55 51
1107 8 609 0 -6 -12851 0 60 0
1108 12 742 609 6 -24 1 51 51
1109 8 742 0 -24 -12851 1 55 0
1110 8 609 0 -24 -12851 1 55 0
1111 12 609 742 -6 24 0 51 55
1112 8 500 0 24 -12851 1 55 0
1113 8 903 0 6 -12851 1 55 0
1114 8 1100 0 -6 -12851 0 55 0
1115 8 609 0 6 -12851 1 60 0
1116 12 742 609 6 -24 1 55 51
1117 12 742 1100 6 -24 0 51 55
1118 12 903 742 -6 24 0 51 51
1119 8 609 0 6 -12851 0 60 0
1120 8 609 0 -6 -12851 0 60 0
1121 8 609 0 6 -12851 1 55 0
1122 8 500 0 6 -12851 0 60 0
1123 12 1100 742 6 -24 1 51 51
1124 8 1100 0 24 -12851 1 60 0
1125 8 742 0 6 -12851 0 60 0
1126 12 609 742 -6 24 1 51 51
1127 12 903 742 -6 24 1 51 55
1128 8 1100 0 -6 -12851 0 55 0
1129 12 500 742 -6 24 0 55 51
1130 8 1100 0 6 -12851 0 60 0
1131 8 500 0 -24 -12851 1 55 0
1132 8 500 0 24 -12851 1 55 0
1133 8 903 0 6 -12851 0 60 0
1134 12 903 742 6 -24 0 51 51
1135 8 742 0 -24 -12851 1 60 0
1136 8 903 0 -6 -12851 1 55 0
1137 8 903 0 24 -12851 1 55 0
1138 8 742 0 -24 -12851 0 55 0
1139 8 1100 0 -24 -12851 1 55 0
1140 8 1100 0 -6 -12851 0 55 0
1141 8 903 0 6 -12851 1 60 0
1142 12 742 609 -6 24 0 55 51
1143 8 903 0 -24 -12851 1 55 0
1144 8 609 0 -24 -12851 0 60 0
1145 8 609 0 6 -12851 1 60 0
1146 12 742 609 6 -24 1 51 55
1147 8 609 0 -24 -12851 1 55 0
1148 8 1100 0 6 -12851 1 55 0
1149 8 500 0 -6 -12851 1 60 0
1150 8 903 0 -6 -12851 1 60 0
1151 8 742 0 -6 -12851 0 55 0
1152 12 742 903 6 -24 0 55 51
1153 8 742 0 -6 -12851 1 55 0
1154 8 500 0 6 -12851 1 55 0
1155 8 500 0 24 -12851 1 55 0
1156 8 742 0 6 -12851 1 60 0
1157 8 1100 0 24 -12851 0 60 0
1158 8 903 0 -6 -12851 0 60 0
1159 12 742 903 -6 24 1 55 55
1160 8 903 0 -6 -12851 1 55 0
1161 8 1100 0 -24 -12851 1 55 0
1162 8 742 0 -24 -12851 0 55 0
1163 12 500 742 -6 24 0 55 51
1164 8 1100 0 -6 -12851 0 55 0
1165 8 609 0 -24 -12851 0 60 0
1166 8 609 0 24 -12851 0 60 0
1167 8 1100 0 -6 -12851 0 55 0
1168 12 742 1100 6 -24 0 51 55
1169 8 903 0 -6 -12851 0 60 0
1170 8 500 0 24 -12851 0 60 0
1171 8 903 0 -24 -12851 1 55 0
1172 12 742 1100 6 -24 0 51 55
1173 12 500 742 -6 24 0 55 55
1174 8 609 0 -24 -12851 0 55 0
1175 8 742 0 -24 -12851 0 55 0
1176 12 500 742 6 -24 0 51 51
1177 12 1100 742 6 -24 0 51 51
1178 12 903 742 -6 24 0 51 55
1179 12 742 1100 6 -24 0 55 55
1180 8 742 0 -24 -12851 0 55 0
1181 12 742 903 6 -24 1 55 55
1182 12 742 1100 6 -24 0 51 55
1183 12 903 742 6 -24 0 55 51
1184 12 609 742 -6 24 1 51 55
1185 8 500 0 -6 -12851 0 55 0
1186 8 500 0 24 -12851 0 55 0
1187 8 1100 0 -24 -12851 0 55 0
1188 8 1100 0 -6 -12851 0 60 0
1189 8 742 0 -24 -12851 0 60 0
1190 8 903 0 -6 -12851 0 60 0
1191 12 742 903 -6 24 0 55 55
1192 12 1100 742 6 -24 0 55 55
1193 12 903 742 -6 24 0 51 55
1194 12 500 742 6 -24 0 51 51
1195 8 742 0 -6 -12851 0 60 0
1196 8 500 0 -24 -12851 0 55 0
1197 8 609 0 -24 -12851 0 55 0
1198 12 742 903 6 -24 0 55 51
1199 12 742 500 -6 24 0 51 55
1200 8 903 0 -6 -12851 0 60 0
1201 8 500 0 -24 -12851 0 60 0
1202 8 1100 0 -6 -12851 0 55 0
1203 8 609 0 -6 -12851 0 55 0
1204 8 742 0 6 -12851 0 55 0
1205 12 742 903 6 -24 0 51 51
1206 8 609 0 24 -12851 0 60 0
1207 8 500 0 6 -12851 0 55 0
1208 8 903 0 -6 -12851 0 55 0
1209 8 1100 0 6 -12851 0 60 0
1210 8 903 0 -24 -12851 0 55 0
1211 8 903 0 -24 -12851 0 60 0
1212 8 1100 0 6 -12851 0 55 0
1213 8 742 0 -6 -12851 0 60 0
1214 8 1100 0 24 -12851 0 55 0
1215 12 609 742 -6 24 0 55 55
1216 12 1100 742 -6 24 0 55 55
1217 8 609 0 24 -12851 0 55 0
1218 8 609 0 6 -12851 0 55 0
1219 12 742 500 -6 24 0 51 55
1220 8 1100 0 -24 -12851 0 55 0
1221 8 903 0 24 -12851 0 55 0
1222 8 500 0 24 -12851 0 60 0
1223 8 903 0 24 -12851 0 55 0
1224 8 609 0 -24 -12851 0 60 0
1225 8 742 0 -6 -12851 0 60 0
1226 8 742 0 6 -12851 0 60 0
1227 8 500 0 6 -12851 0 60 0
1228 12 1100 742 6 -24 0 51 51
1229 8 500 0 -6 -12851 0 55 0
1230 12 609 742 -6 24 0 55 55
1231 8 1100 0 -6 -12851 0 60 0
1232 12 742 1100 6 -24 0 51 51
1233 12 609 742 6 -24 0 55 51
1234 8 1100 0 6 -12851 0 60 0
1235 12 903 742 -6 24 0 55 55
1236 12 742 500 6 -24 0 55 55
1237 12 742 609 6 -24 0 51 55
1238 12 742 609 -6 24 0 51 51
1239 12 742 609 6 -24 0 55 51
1240 12 742 609 6 -24 0 51 55
1241 8 609 0 -6 -12851 0 55 0
1242 8 500 0 -6 -12851 0 55 0
1243 8 742 0 6 -12851 0 60 0
1244 12 609 742 6 -24 0 51 55
1245 12 609 742 6 -24 0 55 55
1246 8 609 0 6 -12851 0 55 0
1247 8 742 0 -6 -12851 0 55 0
1248 8 1100 0 6 -12851 0 60 0
1249 12 609 742 6 -24 0 55 55
1250 8 1100 0 6 -12851 0 60 0
1251 8 903 0 6 -12851 0 60 0
1252 8 742 0 24 -12851 0 60 0
1253 12 742 1100 6 -24 0 55 51
1254 8 500 0 -24 -12851 0 60 0
1255 12 742 1100 -6 24 0 55 51
1256 12 1100 742 6 -24 0 51 51
1257 8 500 0 -6 -12851 0 60 0
1258 8 609 0 -24 -12851 0 55 0
1259 8 903 0 6 -12851 0 55 0
1260 8 903 0 -24 -12851 0 60 0
1261 12 903 742 -6 24 0 51 51
1262 12 742 1100 6 -24 0 55 51
1263 8 500 0 24 -12851 0 60 0
1264 12 742 609 -6 24 0 51 55
1265 8 500 0 -24 -12851 0 55 0
1266 12 609 742 6 -24 0 51 55
1267 8 500 0 -6 -12851 0 60 0
1268 8 609 0 24 -12851 0 60 0
1269 12 742 609 6 -24 0 55 51
1270 8 500 0 -6 -12851 0 60 0
1271 8 609 0 6 -12851 0 55 0
1272 8 609 0 6 -12851 0 55 0
1273 12 609 742 -6 24 0 55 51
1274 12 742 609 6 -24 0 55 55
1275 12 500 742 6 -24 0 55 55
1276 8 1100 0 -6 -12851 0 60 0
1277 8 1100 0 24 -12851 0 60 0
1278 8 1100 0 -6 -12851 0 55 0
1279 8 742 0 -6 -12851 0 60 0
1280 8 742 0 24 -12851 0 55 0
1281 12 500 742 6 -24 0 51 55
1282 12 742 609 -6 24 0 55 55
1283 8 903 0 6 -12851 0 55 0
1284 8 903 0 24 -12851 0 60 0
1285 8 903 0 -24 -12851 0 55 0
1286 12 742 609 -6 24 0 51 55
1287 8 742 0 -6 -12851 0 60 0
1288 12 742 1100 6 -24 0 55 55
1289 8 1100 0 6 -12851 0 55 0
1290 12 742 500 -6 24 0 51 51
1291 8 1100 0 -24 -12851 0 60 0
1292 12 742 1100 -6 24 0 51 55
1293 8 500 0 6 -12851 0 60 0
1294 8 903 0 -6 -12851 0 60 0
1295 12 1100 742 6 -24 0 51 55
1296 12 609 742 -6 24 0 51 55
1297 8 903 0 6 -12851 0 55 0
1298 8 742 0 -6 -12851 0 55 0
1299 8 1100 0 24 -12851 0 60 0
1300 12 609 742 6 -24 0 51 55
1301 8 742 0 -24 -12851 0 60 0
1302 8 903 0 6 -12851 0 60 0
1303 12 742 609 -6 24 0 51 55
1304 12 1100 742 -6 24 0 55 51
1305 12 742 1100 6 -24 0 55 55
1306 8 500 0 24 -12851 0 60 0
1307 8 1100 0 -6 -12851 0 55 0
1308 12 742 903 -6 24 0 55 51
1309 8 609 0 6 -12851 0 60 0
1310 12 742 903 -6 24 0 51 51
1311 12 742 1100 -6 24 0 51 51
1312 12 903 742 -6 24 0 51 55
1313 8 609 0 -6 -12851 0 60 0
1314 8 500 0 -24 -12851 0 60 0
1315 8 742 0 6 -12851 0 60 0
1316 8 609 0 -24 -12851 0 60 0
1317 12 500 742 -6 24 0 55 55
1318 12 742 903 6 -24 0 51 51
1319 8 609 0 24 -12851 0 60 0
1320 12 903 742 6 -24 0 55 51
1321 8 609 0 24 -12851 0 60 0
1322 8 609 0 24 -12851 0 55 0
1323 8 609 0 -6 -12851 0 55 0
1324 8 500 0 -6 -12851 0 60 0
1325 8 1100 0 -24 -12851 0 55 0
1326 8 742 0 -6 -12851 0 60 0
1327 12 742 903 -6 24 0 51 51
1328 8 1100 0 6 -12851 0 55 0
1329 8 1100 0 -24 -12851 0 60 0
1330 8 500 0 6 -12851 0 60 0
1331 8 500 0 6 -12851 0 55 0
1332 8 903 0 -6 -12851 0 60 0
1333 12 742 1100 6 -24 0 51 51
1334 12 742 500 6 -24 0 51 51
1335 8 742 0 24 -12851 0 60 0
1336 12 500 742 6 -24 0 55 51
1337 8 903 0 24 -12851 0 60 0
1338 8 903 0 -6 -12851 0 55 0
1339 8 742 0 24 -12851 0 60 0
1340 12 609 742 6 -24 0 55 51
1341 8 500 0 -24 -12851 0 55 0
1342 8 500 0 -24 -12851 0 60 0
1343 8 903 0 24 -12851 0 60 0
1344 8 903 0 24 -12851 0 60 0
1345 8 742 0 6 -12851 0 55 0
1346 12 742 609 -6 24 0 55 55
1347 12 742 903 -6 24 0 51 51
1348 8 609 0 -6 -12851 0 60 0
1349 12 500 742 -6 24 0 51 51
1350 8 500 0 24 -12851 0 55 0
1351 12 609 742 6 -24 0 51 51
1352 8 609 0 -6 -12851 0 55 0
1353 12 742 500 6 -24 0 55 51
1354 8 500 0 24 -12851 0 60 0
1355 8 903 0 6 -12851 0 55 0
1356 8 609 0 -24 -12851 0 60 0
1357 8 742 0 -6 -12851 0 55 0
1358 8 1100 0 24 -12851 0 55 0
1359 12 742 609 -6 24 0 55 51
1360 8 742 0 -24 -12851 0 60 0
1361 8 1100 0 -24 -12851 0 55 0
1362 12 500 742 -6 24 0 55 55
1363 8 1100 0 -24 -12851 0 55 0
1364 8 609 0 24 -12851 0 60 0
1365 8 609 0 -6 -12851 0 60 0
1366 12 1100 742 6 -24 0 55 55
1367 8 742 0 -6 -12851 0 55 0
1368 8 500 0 24 -12851 0 55 0
1369 8 903 0 -24 -12851 0 60 0
1370 8 1100 0 24 -12851 0 55 0
1371 8 1100 0 24 -12851 0 55 0
1372 8 500 0 6 -12851 0 55 0
1373 8 1100 0 -24 -12851 0 60 0
1374 8 742 0 -24 -12851 0 55 0
1375 12 609 742 6 -24 0 51 55
1376 8 609 0 -24 -12851 0 60 0
1377 12 609 742 -6 24 0 51 55
1378 8 742 0 -6 -12851 0 60 0
1379 8 609 0 24 -12851 0 55 0
1380 8 903 0 24 -12851 0 60 0
1381 8 903 0 -6 -12851 0 60 0
1382 8 500 0 -24 -12851 0 60 0
1383 12 742 1100 -6 24 0 55 55
1384 8 500 0 -24 -12851 0 55 0
1385 12 742 500 6 -24 0 55 51
1386 8 500 0 24 -12851 0 55 0
1387 12 742 1100 -6 24 0 55 55
1388 12 742 903 -6 24 0 55 55
1389 12 742 609 -6 24 0 51 55
1390 12 500 742 -6 24 0 51 51
1391 8 609 0 -6 -12851 0 55 0
1392 8 1100 0 -6 -12851 0 60 0
1393 8 1100 0 -24 -12851 0 60 0
1394 8 742 0 6 -12851 0 60 0
1395 12 903 742 6 -24 0 55 55
1396 12 903 742 6 -24 0 55 55
1397 8 1100 0 6 -12851 0 55 0
1398 8 903 0 6 -12851 0 60 0
1399 12 903 742 6 -24 0 51 51
1400 12 1100 742 -6 24 0 51 51
1401 12 742 1100 -6 24 0 55 55
1402 8 742 0 -6 -12851 0 60 0
1403 12 1100 742 6 -24 0 51 51
1404 12 500 742 -6 24 0 51 51
1405 8 500 0 -24 -12851 0 55 0
1406 8 609 0 -6 -12851 0 55 0
1407 12 742 609 -6 24 0 51 51
1408 12 742 903 6 -24 0 51 55
1409 12 742 903 6 -24 0 55 55
1410 12 742 903 -6 24 0 55 55
1411 8 903 0 24 -12851 0 55 0
1412 8 742 0 24 -12851 0 60 0
1413 12 742 609 -6 24 0 51 55
1414 8 609 0 -6 -12851 0 60 0
1415 12 1100 742 6 -24 0 51 55
1416 8 500 0 -24 -12851 0 55 0
1417 12 609 742 -6 24 0 51 55
1418 8 903 0 -6 -12851 0 55 0
1419 12 903 742 -6 24 0 51 51
1420 12 500 742 6 -24 0 55 51
1421 8 500 0 -24 -12851 0 55 0
1422 8 500 0 -24 -12851 0 55 0
1423 8 742 0 -6 -12851 0 60 0
1424 8 1100 0 -24 -12851 0 55 0
1425 12 742 903 6 -24 0 55 55
1426 8 1100 0 -24 -12851 0 55 0
1427 8 1100 0 24 -12851 0 55 0
1428 8 903 0 6 -12851 0 60 0
1429 8 903 0 -24 -12851 0 55 0
1430 8 903 0 6 -12851 0 60 0
1431 8 742 0 24 -12851 0 55 0
1432 8 742 0 -24 -12851 0 60 0
1433 12 500 742 -6 24 0 55 51
1434 8 500 0 -6 -12851 0 55 0
1435 8 500 0 6 -12851 0 60 0
1436 8 609 0 6 -12851 0 55 0
1437 8 609 0 -24 -12851 0 55 0
1438 12 742 500 6 -24 0 55 51
1439 8 609 0 6 -12851 0 60 0
1440 12 500 742 6 -24 0 55 51
1441 8 609 0 -24 -12851 0 55 0
1442 8 609 0 24 -12851 0 55 0
1443 8 742 0 -6 -12851 0 60 0
1444 8 742 0 -24 -12851 0 55 0
1445 8 1100 0 -24 -12851 0 60 0
1446 12 609 742 6 -24 0 55 51
1447 8 609 0 -24 -12851 0 60 0
1448 12 742 903 6 -24 0 55 51
1449 8 1100 0 24 -12851 0 60 0
1450 8 742 0 -24 -12851 0 60 0
1451 8 609 0 -6 -12851 0 55 0
1452 8 1100 0 6 -12851 0 55 0
1453 8 500 0 24 -12851 0 60 0
1454 12 742 609 6 -24 0 55 51
1455 8 500 0 -24 -12851 0 60 0
1456 12 742 500 -6 24 0 55 55
1457 8 903 0 -6 -12851 0 55 0
1458 8 500 0 6 -12851 0 55 0
1459 12 742 1100 -6 24 0 51 51
1460 8 903 0 6 -12851 0 60 0
1461 12 742 609 6 -24 0 51 55
1462 8 903 0 -24 -12851 0 60 0
1463 12 903 742 6 -24 0 55 51
1464 12 609 742 -6 24 0 51 51
1465 12 742 500 -6 24 0 55 55
1466 12 742 903 -6 24 0 51 55
1467 8 1100 0 6 -12851 0 60 0
1468 12 500 742 -6 24 0 55 55
1469 12 500 742 6 -24 0 51 55
1470 12 742 609 -6 24 0 55 55
1471 12 609 742 -6 24 0 51 55
1472 8 1100 0 -6 -12851 0 60 0
1473 8 1100 0 6 -12851 0 55 0
1474 8 1100 0 -24 -12851 0 60 0
1475 12 609 742 6 -24 0 51 51
1476 12 742 903 6 -24 0 51 51
1477 12 742 500 -6 24 0 55 55
1478 8 500 0 -6 -12851 0 60 0
1479 8 742 0 6 -12851 0 55 0
1480 12 903 742 6 -24 0 55 55
1481 12 742 609 -6 24 0 55 55
1482 8 903 0 -24 -12851 0 60 0
1483 8 903 0 24 -12851 0 55 0
1484 8 903 0 24 -12851 0 60 0
1485 8 742 0 -6 -12851 0 55 0
1486 12 742 609 -6 24 0 55 51
1487 12 500 742 -6 24 0 51 51
1488 8 500 0 -24 -12851 0 55 0
1489 8 609 0 -24 -12851 0 60 0
1490 8 500 0 -6 -12851 0 55 0
1491 8 742 0 -6 -12851 0 60 0
1492 8 609 0 -24 -12851 0 60 0
1493 8 609 0 -6 -12851 0 55 0
1494 8 742 0 -24 -12851 0 55 0
1495 12 609 742 -6 24 0 51 55
1496 12 742 609 -6 24 0 51 55
1497 8 742 0 6 -12851 0 55 0
1498 12 500 742 -6 24 0 51 51
1499 12 742 500 6 -24 0 51 55
1500 8 1100 0 -6 -12851 0 60 0
1501 8 609 0 -24 -12851 0 55 0
1502 12 742 1100 6 -24 0 51 55
1503 8 1100 0 -24 -12851 0 60 0
1504 12 903 742 -6 24 0 51 55
1505 12 500 742 -6 24 0 51 55
1506 12 903 742 6 -24 0 55 51
1507 12 903 742 -6 24 0 55 55
1508 12 742 500 6 -24 0 51 51
1509 8 609 0 6 -12851 0 55 0
1510 12 609 742 -6 24 0 55 51
1511 12 903 742 -6 24 0 55 55
1512 12 903 742 -6 24 0 55 51
1513 8 609 0 -24 -12851 0 55 0
1514 8 742 0 24 -12851 0 55 0
1515 8 1100 0 -6 -12851 0 60 0
1516 12 1100 742 6 -24 0 55 55
1517 8 500 0 -6 -12851 0 55 0
1518 12 1100 742 6 -24 0 51 51
1519 12 742 1100 6 -24 0 51 51
1520 12 742 609 -6 24 0 51 55
1521 8 500 0 -24 -12851 0 60 0
1522 12 742 500 -6 24 0 51 51
1523 8 500 0 6 -12851 0 60 0
1524 8 742 0 -24 -12851 0 55 0
1525 8 903 0 -24 -12851 0 60 0
1526 8 903 0 -6 -12851 0 55 0
1527 8 903 0 6 -12851 0 60 0
1528 8 500 0 -24 -12851 0 60 0
1529 8 500 0 24 -12851 0 60 0
1530 8 1100 0 -6 -12851 0 60 0
1531 8 742 0 -6 -12851 0 55 0
1532 12 903 742 6 -24 0 51 51
1533 8 1100 0 24 -12851 0 55 0
1534 12 500 742 -6 24 0 55 51
1535 8 903 0 -24 -12851 0 60 0
1536 12 500 742 -6 24 0 51 51
1537 8 609 0 6 -12851 0 60 0
1538 12 742 903 -6 24 0 55 55
1539 8 742 0 -24 -12851 0 60 0
1540 8 742 0 24 -12851 0 60 0
1541 8 903 0 -6 -12851 0 60 0
1542 12 609 742 -6 24 0 55 51
1543 12 742 903 6 -24 0 55 55
1544 8 903 0 6 -12851 0 60 0
1545 12 500 742 6 -24 0 55 55
1546 8 609 0 -24 -12851 0 60 0
1547 12 903 742 -6 24 0 55 55
1548 12 609 742 6 -24 0 55 55
1549 12 500 742 -6 24 0 55 51
1550 12 609 742 -6 24 0 51 55
1551 8 609 0 -24 -12851 0 60 0
1552 8 500 0 -6 -12851 0 60 0
1553 8 500 0 -24 -12851 0 55 0
1554 8 1100 0 -24 -12851 0 60 0
1555 8 500 0 -24 -12851 0 55 0
1556 8 500 0 -6 -12851 0 60 0
1557 12 742 1100 6 -24 0 55 55
1558 8 500 0 -24 -12851 0 55 0
1559 12 500 742 -6 24 0 55 55
1560 12 1100 742 6 -24 0 51 55
1561 12 742 1100 6 -24 0 51 51
1562 12 500 742 6 -24 0 51 55
1563 8 742 0 -24 -12851 0 60 0
1564 8 609 0 24 -12851 0 55 0
1565 8 742 0 -6 -12851 0 55 0
1566 12 1100 742 -6 24 0 51 51
1567 8 742 0 6 -12851 0 55 0
1568 8 1100 0 -6 -12851 0 55 0
1569 8 500 0 -6 -12851 0 55 0
1570 8 1100 0 6 -12851 0 55 0
1571 12 1100 742 -6 24 0 55 55
1572 12 903 742 6 -24 0 51 55
1573 8 1100 0 -24 -12851 0 55 0
1574 8 903 0 24 -12851 0 60 0
1575 12 742 1100 6 -24 0 55 55
1576 8 609 0 -6 -12851 0 60 0
1577 12 609 742 -6 24 0 51 51
1578 8 903 0 24 -12851 0 55 0
1579 12 609 742 6 -24 0 51 55
1580 12 903 742 6 -24 0 55 55
1581 8 609 0 -6 -12851 0 60 0
1582 8 903 0 6 -12851 0 55 0
1583 8 609 0 -24 -12851 0 60 0
1584 8 609 0 -24 -12851 0 55 0
1585 8 500 0 6 -12851 0 55 0
1586 8 1100 0 -6 -12851 0 55 0
1587 12 742 500 -6 24 0 55 51
1588 8 500 0 -24 -12851 0 60 0
1589 12 609 742 6 -24 0 51 55
1590 8 742 0 -6 -12851 0 60 0
1591 12 1100 742 -6 24 0 55 51
1592 12 742 903 -6 24 0 55 51
1593 8 500 0 -24 -12851 0 55 0
1594 12 903 742 6 -24 0 55 55
1595 12 903 742 6 -24 0 51 51
1596 8 1100 0 -24 -12851 0 60 0
1597 8 742 0 -24 -12851 0 60 0
1598 8 609 0 24 -12851 0 60 0
1599 8 609 0 -6 -12851 0 55 0
1600 12 742 903 6 -24 0 51 51
1601 8 903 0 24 -12851 0 55 0
1602 12 742 609 -6 24 0 55 55
1603 12 742 500 6 -24 0 55 51
1604 12 903 742 -6 24 0 51 55
1605 12 609 742 6 -24 0 51 51
1606 8 903 0 -6 -12851 0 55 0
1607 12 742 609 6 -24 0 55 55
1608 8 1100 0 6 -12851 0 60 0
1609 8 903 0 -24 -12851 0 55 0
1610 12 1100 742 -6 24 0 55 51
1611 8 742 0 24 -12851 0 55 0
1612 8 742 0 24 -12851 0 60 0
1613 8 742 0 24 -12851 0 55 0
1614 8 500 0 6 -12851 0 60 0
1615 12 742 609 6 -24 0 51 51
1616 12 609 742 6 -24 0 55 51
1617 12 1100 742 6 -24 0 51 55
1618 12 1100 742 6 -24 0 51 51
1619 12 1100 742 -6 24 0 51 51
1620 12 1100 742 -6 24 0 51 51
1621 8 500 0 -6 -12851 0 55 0
1622 12 903 742 -6 24 0 55 55
1623 8 1100 0 -6 -12851 0 55 0
1624 8 1100 0 6 -12851 0 60 0
1625 12 742 500 -6 24 0 51 51
1626 12 609 742 6 -24 0 55 55
1627 8 903 0 -6 -12851 0 60 0
1628 8 500 0 -6 -12851 0 55 0
1629 12 500 742 -6 24 0 51 51
1630 8 742 0 6 -12851 0 60 0
1631 8 903 0 -24 -12851 0 60 0
1632 12 742 609 6 -24 0 55 55
1633 8 742 0 6 -12851 0 60 0
1634 8 1100 0 -6 -12851 0 55 0
1635 8 903 0 -6 -12851 0 60 0
1636 8 609 0 -24 -12851 0 55 0
1637 12 742 903 6 -24 0 51 51
1638 12 609 742 6 -24 0 55 51
1639 8 609 0 -24 -12851 0 55 0
1640 8 609 0 6 -12851 0 60 0
1641 8 903 0 24 -12851 0 55 0
1642 12 609 742 -6 24 0 51 55
1643 12 742 1100 6 -24 0 51 51
1644 8 903 0 6 -12851 0 55 0
1645 8 742 0 24 -12851 0 55 0
1646 8 500 0 -6 -12851 0 55 0
1647 12 742 1100 6 -24 0 55 55
1648 8 500 0 6 -12851 0 60 0
1649 8 609 0 24 -12851 0 55 0
1650 8 903 0 24 -12851 0 55 0
1651 8 742 0 -6 -12851 0 60 0
1652 8 742 0 -6 -12851 0 55 0
1653 12 903 742 6 -24 0 51 51
1654 12 742 1100 6 -24 0 51 55
1655 12 903 742 6 -24 0 51 51
1656 12 742 609 -6 24 0 51 51
1657 12 742 1100 -6 24 0 51 51
1658 12 903 742 6 -24 0 55 51
1659 12 742 609 -6 24 0 55 55
1660 8 609 0 -24 -12851 0 55 0
1661 8 1100 0 24 -12851 0 60 0
1662 12 742 1100 -6 24 0 55 51
1663 8 609 0 -6 -12851 0 60 0
1664 8 903 0 -24 -12851 0 60 0
1665 8 1100 0 -6 -12851 0 60 0
1666 8 500 0 24 -12851 0 55 0
1667 8 1100 0 -6 -12851 0 55 0
1668 12 903 742 -6 24 0 51 51
1669 8 1100 0 -24 -12851 0 60 0
1670 12 500 742 6 -24 0 51 55
1671 8 1100 0 24 -12851 0 55 0
1672 12 742 903 -6 24 0 51 51
1673 8 1100 0 24 -12851 0 55 0
1674 8 742 0 -24 -12851 0 60 0
1675 8 500 0 6 -12851 0 55 0
1676 8 500 0 -24 -12851 0 60 0
1677 8 1100 0 -24 -12851 0 60 0
1678 12 500 742 -6 24 0 51 51
1679 8 500 0 24 -12851 0 60 0
1680 8 742 0 -6 -12851 0 55 0
1681 8 742 0 24 -12851 0 55 0
1682 12 742 609 6 -24 0 55 51
1683 8 609 0 24 -12851 0 55 0
1684 8 903 0 -6 -12851 0 55 0
1685 12 742 500 6 -24 0 55 51
1686 8 609 0 -24 -12851 0 60 0
1687 12 903 742 6 -24 0 51 55
1688 8 609 0 -6 -12851 0 55 0
1689 8 903 0 -6 -12851 0 55 0
1690 8 903 0 24 -12851 0 60 0
1691 8 500 0 -24 -12851 0 55 0
1692 8 500 0 -6 -12851 0 55 0
1693 8 1100 0 -24 -12851 0 55 0
1694 8 609 0 6 -12851 0 55 0
1695 12 1100 742 6 -24 0 55 55
1696 8 1100 0 6 -12851 0 55 0
1697 12 742 609 -6 24 0 51 55
1698 12 1100 742 -6 24 0 51 55
1699 12 500 742 6 -24 0 55 55
1700 8 742 0 -24 -12851 0 60 0
1701 8 742 0 -24 -12851 0 60 0
1702 12 742 1100 -6 24 0 51 51
1703 12 742 1100 6 -24 0 55 51
1704 8 500 0 -6 -12851 0 60 0
1705 8 742 0 6 -12851 0 55 0
1706 12 609 742 6 -24 0 55 51
1707 8 1100 0 -6 -12851 0 55 0
1708 12 742 903 6 -24 0 55 55
1709 8 903 0 -24 -12851 0 60 0
1710 8 609 0 -24 -12851 0 60 0
1711 12 742 1100 -6 24 0 55 55
1712 8 500 0 -6 -12851 1 55 0
1713 8 609 0 -24 -12851 0 60 0
1714 8 903 0 -6 -12851 1 55 0
1715 8 903 0 -24 -12851 0 60 0
1716 8 609 0 24 -12851 0 60 0
1717 12 742 609 6 -24 0 51 51
1718 12 742 903 6 -24 0 55 55
1719 8 609 0 24 -12851 0 55 0
1720 8 1100 0 24 -12851 0 60 0
1721 8 500 0 6 -12851 0 60 0
1722 12 742 500 6 -24 0 51 51
1723 12 609 742 -6 24 0 51 55
