217 12 742 1100 -6 24 1 55 55
218 8 500 0 -24 -12851 0 60 0
219 8 903 0 24 -12851 1 60 0
220 8 742 0 -6 -12851 1 60 0
221 12 742 903 6 -24 1 51 55
222 8 903 0 -24 -12851 1 55 0
223 8 742 0 -24 -12851 1 55 0
224 8 609 0 -6 -12851 1 55 0
225 8 1100 0 24 -12851 1 60 0
226 8 903 0 6 -12851 1 60 0
227 12 742 1100 6 -24 1 51 51
228 8 609 0 -6 -12851 1 60 0
229 8 500 0 24 -12851 0 55 0
230 12 500 742 -6 24 0 51 55
231 8 1100 0 24 -12851 1 55 0
232 12 500 742 -6 24 0 55 51
233 8 1100 0 6 -12851 0 55 0
234 8 1100 0 -24 -12851 0 60 0
235 8 742 0 24 -12851 0 55 0
236 12 742 1100 6 -24 1 55 51
237 8 500 0 -24 -12851 1 60 0
238 12 1100 742 -6 24 0 51 55
239 12 903 742 6 -24 1 51 51
240 12 742 609 6 -24 1 55 51
241 12 742 903 -6 24 0 55 55
242 8 903 0 -6 -12851 1 55 0
243 12 500 742 6 -24 1 55 55
244 12 742 1100 6 -24 1 55 51
245 8 903 0 6 -12851 1 60 0
246 12 1100 742 -6 24 1 51 55
247 8 903 0 6 -12851 1 55 0
248 12 742 500 6 -24 1 55 55
249 8 500 0 -24 -12851 1 60 0
250 12 742 609 -6 24 0 55 55
251 8 609 0 -6 -12851 0 55 0
252 12 609 742 -6 24 0 51 55
253 12 609 742 6 -24 1 55 55
254 8 609 0 24 -12851 1 55 0
255 8 609 0 -24 -12851 1 55 0
256 12 1100 742 -6 24 0 51 55
257 8 500 0 -6 -12851 0 60 0
258 8 742 0 24 -12851 0 60 0
259 12 742 609 -6 24 0 51 51
260 8 742 0 24 -12851 1 55 0
261 8 1100 0 -6 -12851 1 60 0
262 8 1100 0 -24 -12851 0 55 0
263 8 609 0 6 -12851 1 55 0
264 12 742 1100 -6 24 0 55 51
265 8 609 0 -24 -12851 0 60 0
266 12 742 1100 -6 24 1 55 55
267 12 500 742 -6 24 1 51 51
268 12 742 609 6 -24 0 51 55
269 8 500 0 -24 -12851 1 55 0
270 8 742 0 24 -12851 1 60 0
271 8 500 0 -24 -12851 1 60 0
272 8 500 0 -6 -12851 1 55 0
273 8 903 0 -24 -12851 1 60 0
274 8 1100 0 -6 -12851 0 55 0
275 8 609 0 6 -12851 1 60 0
276 12 742 609 -6 24 1 55 55
277 12 742 903 6 -24 1 51 55
278 12 609 742 6 -24 0 55 51
279 12 609 742 6 -24 0 55 55
280 12 742 500 -6 24 0 55 51
281 12 742 500 -6 24 0 51 55
282 8 903 0 6 -12851 0 55 0
283 8 903 0 -24 -12851 1 55 0
284 8 1100 0 6 -12851 1 55 0
285 12 1100 742 6 -24 1 55 55
286 8 742 0 24 -12851 1 55 0
287 12 609 742 -6 24 1 55 51
288 8 1100 0 24 -12851 0 60 0
289 12 500 742 -6 24 0 55 55
290 8 742 0 6 -12851 1 60 0
291 8 609 0 24 -12851 0 60 0
292 12 742 609 -6 24 0 55 51
293 12 903 742 6 -24 0 55 51
294 12 742 1100 6 -24 1 51 55
295 8 609 0 -24 -12851 1 60 0
296 8 609 0 -6 -12851 1 60 0
297 8 1100 0 -6 -12851 1 60 0
298 8 903 0 -24 -12851 0 60 0
299 12 1100 742 6 -24 0 55 55
300 8 903 0 6 -12851 0 55 0
301 12 742 903 -6 24 0 55 51
302 12 609 742 -6 24 0 51 55
303 8 742 0 -6 -12851 0 55 0
304 12 609 742 6 -24 0 55 51
305 12 903 742 -6 24 0 55 51
306 8 500 0 24 -12851 1 55 0
307 8 1100 0 -6 -12851 1 55 0
308 8 742 0 -24 -12851 0 55 0
309 8 903 0 -6 -12851 0 60 0
310 12 903 742 6 -24 0 51 51
311 12 742 500 6 -24 0 55 55
312 8 742 0 6 -12851 0 60 0
313 12 742 500 6 -24 0 55 55
314 8 1100 0 -6 -12851 0 60 0
315 8 609 0 -24 -12851 0 60 0
316 8 500 0 -24 -12851 0 55 0
317 8 609 0 6 -12851 0 60 0
318 8 500 0 -24 -12851 0 55 0
319 12 742 500 -6 24 0 51 51
320 12 742 1100 6 -24 0 55 51
321 8 903 0 -24 -12851 0 60 0
322 12 609 742 -6 24 0 55 51
323 8 903 0 -6 -12851 0 55 0
324 8 609 0 6 -12851 0 55 0
325 8 903 0 6 -12851 0 60 0
326 8 1100 0 6 -12851 0 60 0
327 8 903 0 24 -12851 1 60 0
328 12 742 609 6 -24 1 51 51
329 12 742 609 6 -24 1 51 55
330 8 609 0 -24 -12851 0 60 0
331 8 500 0 24 -12851 1 55 0
332 8 500 0 6 -12851 1 55 0
333 12 742 609 6 -24 1 55 55
334 12 742 903 -6 24 0 51 51
335 8 500 0 -6 -12851 1 60 0
336 8 609 0 -24 -12851 0 55 0
337 12 742 609 -6 24 1 55 55
338 12 500 742 6 -24 1 51 55
339 12 742 903 6 -24 1 55 55
340 8 1100 0 -6 -12851 1 55 0
341 8 1100 0 6 -12851 0 60 0
342 8 742 0 6 -12851 0 55 0
343 8 742 0 24 -12851 0 55 0
344 12 742 903 6 -24 0 55 55
345 12 500 742 6 -24 0 51 55
346 8 742 0 24 -12851 1 55 0
347 8 742 0 -24 -12851 0 60 0
348 8 742 0 -6 -12851 0 60 0
349 8 1100 0 -6 -12851 1 55 0
350 12 609 742 6 -24 1 55 55
351 12 903 742 6 -24 1 55 55
352 8 1100 0 -24 -12851 1 55 0
353 8 903 0 6 -12851 1 55 0
354 8 1100 0 6 -12851 0 60 0
355 8 903 0 6 -12851 0 55 0
356 12 742 903 6 -24 0 55 55
357 8 903 0 -6 -12851 0 60 0
358 12 1100 742 6 -24 0 55 51
359 12 742 500 6 -24 1 55 55
360 8 609 0 -6 -12851 0 55 0
361 12 903 742 6 -24 1 55 55
362 12 609 742 6 -24 1 55 51
363 8 609 0 24 -12851 0 60 0
364 8 500 0 -24 -12851 1 55 0
365 8 609 0 -24 -12851 1 55 0
366 12 609 742 -6 24 1 51 51
367 8 742 0 -24 -12851 0 60 0
368 12 742 609 -6 24 0 55 51
369 8 500 0 6 -12851 0 60 0
370 8 742 0 24 -12851 1 60 0
371 12 609 742 -6 24 0 51 51
372 8 500 0 6 -12851 1 55 0
373 8 903 0 -24 -12851 0 60 0
374 8 903 0 24 -12851 1 60 0
375 8 903 0 -24 -12851 0 55 0
376 8 1100 0 6 -12851 1 60 0
377 8 1100 0 6 -12851 1 55 0
378 8 609 0 -24 -12851 0 55 0
379 8 742 0 -6 -12851 0 55 0
380 12 742 1100 6 -24 1 51 51
381 8 500 0 24 -12851 1 60 0
382 8 609 0 6 -12851 1 55 0
383 12 903 742 6 -24 0 55 55
384 12 742 500 -6 24 1 55 51
385 12 742 609 6 -24 1 55 55
386 12 500 742 -6 24 1 51 55
387 12 742 1100 6 -24 1 51 51
388 12 903 742 6 -24 1 51 55
389 12 609 742 -6 24 1 51 51
390 8 903 0 -6 -12851 0 55 0
391 12 903 742 6 -24 0 55 55
392 8 609 0 -6 -12851 0 55 0
393 12 742 903 -6 24 0 51 51
394 8 742 0 -24 -12851 1 55 0
395 8 500 0 -6 -12851 0 55 0
396 12 742 500 -6 24 0 51 51
397 12 1100 742 -6 24 0 51 55
398 12 500 742 6 -24 0 55 51
399 12 609 742 6 -24 1 55 55
400 12 742 903 6 -24 1 51 55
401 8 1100 0 -6 -12851 1 60 0
402 8 500 0 24 -12851 1 55 0
403 8 742 0 6 -12851 1 60 0
404 12 903 742 -6 24 1 55 51
405 12 742 903 6 -24 1 55 55
406 12 742 500 -6 24 0 51 55
407 8 742 0 6 -12851 1 60 0
408 8 742 0 6 -12851 0 55 0
409 8 742 0 24 -12851 0 60 0
410 8 500 0 -6 -12851 1 55 0
411 12 1100 742 -6 24 1 55 55
412 8 1100 0 -24 -12851 1 60 0
413 8 903 0 -24 -12851 1 60 0
414 8 742 0 -24 -12851 0 55 0
415 8 609 0 24 -12851 0 60 0
416 8 500 0 -6 -12851 1 55 0
417 12 500 742 -6 24 0 55 55
418 8 500 0 6 -12851 1 60 0
419 8 903 0 -6 -12851 0 60 0
420 12 742 903 -6 24 0 55 51
421 8 609 0 24 -12851 0 55 0
422 8 903 0 6 -12851 1 60 0
423 12 500 742 -6 24 1 51 55
424 8 609 0 6 -12851 0 60 0
425 12 500 742 -6 24 0 55 51
426 12 742 609 -6 24 0 55 51
427 12 742 1100 6 -24 0 55 55
428 8 1100 0 -24 -12851 0 55 0
429 12 903 742 6 -24 0 51 55
430 8 1100 0 24 -12851 1 60 0
431 8 742 0 6 -12851 1 60 0
432 12 609 742 6 -24 1 55 51
433 8 742 0 6 -12851 1 60 0
434 12 609 742 -6 24 0 55 51
435 8 1100 0 -24 -12851 1 55 0
436 8 609 0 6 -12851 1 55 0
437 8 903 0 6 -12851 1 60 0
438 12 742 609 6 -24 0 51 51
439 8 1100 0 6 -12851 1 55 0
440 12 1100 742 -6 24 1 51 51
441 12 742 500 -6 24 1 55 51
442 8 609 0 24 -12851 1 60 0
443 8 1100 0 24 -12851 1 60 0
444 12 609 742 -6 24 1 55 51
445 12 500 742 6 -24 1 51 51
446 8 500 0 24 -12851 0 55 0
447 8 500 0 -6 -12851 0 55 0
448 12 742 903 -6 24 0 51 51
449 8 609 0 24 -12851 0 60 0
450 12 500 742 -6 24 0 55 55
451 8 903 0 -6 -12851 1 60 0
452 8 742 0 -6 -12851 0 60 0
453 8 500 0 24 -12851 1 60 0
454 12 742 1100 6 -24 0 51 51
455 8 903 0 -24 -12851 1 60 0
456 12 500 742 -6 24 1 51 51
457 12 500 742 -6 24 1 55 55
458 8 742 0 6 -12851 1 60 0
459 8 1100 0 -6 -12851 1 60 0
460 8 1100 0 -6 -12851 1 60 0
461 8 500 0 -6 -12851 1 60 0
462 12 1100 742 -6 24 0 55 55
463 8 903 0 24 -12851 0 60 0
464 8 609 0 -6 -12851 0 55 0
465 12 1100 742 6 -24 0 51 55
466 12 609 742 -6 24 0 55 55
467 8 609 0 -24 -12851 1 60 0
468 12 903 742 6 -24 1 55 55
469 12 742 903 6 -24 1 51 55
470 8 500 0 -24 -12851 1 55 0
471 8 903 0 24 -12851 1 60 0
472 8 1100 0 -6 -12851 1 55 0
473 8 742 0 -6 -12851 0 60 0
474 8 1100 0 -6 -12851 1 60 0
475 12 742 903 6 -24 0 55 51
476 12 742 903 -6 24 0 51 51
477 12 742 1100 -6 24 0 55 55
478 8 500 0 24 -12851 0 60 0
479 8 742 0 6 -12851 0 60 0
480 8 609 0 -6 -12851 0 60 0
481 8 903 0 6 -12851 0 55 0
482 12 742 500 -6 24 0 51 55
483 8 742 0 -24 -12851 0 60 0
484 8 1100 0 6 -12851 0 55 0
485 12 1100 742 -6 24 0 51 51
486 8 1100 0 6 -12851 0 55 0
487 12 742 903 6 -24 0 51 55
488 8 903 0 24 -12851 0 60 0
489 12 742 1100 6 -24 0 55 55
490 8 742 0 24 -12851 0 60 0
491 8 903 0 6 -12851 0 60 0
492 12 609 742 6 -24 0 55 51
493 12 609 742 6 -24 0 55 51
494 8 500 0 24 -12851 0 60 0
495 8 500 0 6 -12851 1 60 0
496 12 742 903 -6 24 1 51 51
