1 12 742 1100 -6 24 0 51 51
2 12 500 742 -6 24 0 51 51
3 12 742 1100 -6 24 0 51 51
4 12 742 1100 6 -24 1 55 51
5 12 1100 742 6 -24 1 51 51
6 12 500 742 -6 24 1 55 55
7 12 1100 742 6 -24 1 55 51
8 12 500 742 -6 24 1 55 51
9 12 500 742 6 -24 1 51 55
10 12 742 500 -6 24 0 51 51
11 12 742 500 6 -24 1 55 51
12 12 500 742 6 -24 1 51 51
13 12 500 742 6 -24 0 51 51
14 12 1100 742 6 -24 1 51 51
15 12 742 500 6 -24 1 55 55
16 12 500 742 -6 24 1 51 51
17 12 1100 742 6 -24 0 51 55
18 12 500 742 6 -24 1 55 55
19 12 500 742 6 -24 1 55 55
20 12 742 500 6 -24 1 55 55
21 12 742 500 -6 24 1 51 55
22 12 742 500 -6 24 1 55 51
23 12 500 742 -6 24 1 51 51
24 12 742 500 -6 24 1 51 55
25 12 1100 742 -6 24 1 51 55
26 12 1100 742 6 -24 1 55 55
27 12 742 1100 -6 24 1 51 51
28 12 1100 742 -6 24 1 55 51
29 12 742 1100 -6 24 0 55 55
30 12 742 1100 6 -24 1 55 55
31 12 742 500 -6 24 1 51 51
32 12 1100 742 -6 24 1 51 51
33 12 1100 742 6 -24 0 55 51
34 12 1100 742 -6 24 1 51 55
35 12 742 1100 -6 24 0 51 51
36 12 500 742 -6 24 0 55 51
37 12 742 500 -6 24 0 51 51
38 12 500 742 -6 24 1 55 51
39 12 742 1100 6 -24 1 51 55
40 12 500 742 -6 24 0 51 55
41 12 1100 742 6 -24 0 51 55
42 12 500 742 -6 24 1 51 51
43 12 500 742 6 -24 1 55 51
44 12 742 1100 -6 24 1 55 51
45 12 500 742 6 -24 1 55 51
46 12 500 742 -6 24 1 55 55
47 12 742 1100 6 -24 1 55 55
48 12 742 1100 6 -24 1 55 55
49 12 742 500 -6 24 1 55 55
50 12 1100 742 -6 24 1 51 51
51 12 742 1100 -6 24 1 55 51
52 12 1100 742 -6 24 1 55 55
53 12 1100 742 -6 24 1 51 51
54 12 742 500 -6 24 0 55 55
55 12 1100 742 -6 24 1 55 55
56 12 1100 742 -6 24 1 55 55
57 12 1100 742 6 -24 1 55 51
58 12 1100 742 6 -24 1 51 55
59 12 1100 742 -6 24 1 55 51
60 12 742 1100 -6 24 1 51 51
61 12 742 500 -6 24 1 55 51
62 12 742 1100 6 -24 1 51 51
63 12 1100 742 -6 24 1 55 55
64 12 500 742 6 -24 1 55 51
65 12 1100 742 -6 24 0 51 55
66 12 1100 742 -6 24 1 51 51
67 12 742 1100 -6 24 1 51 55
68 12 1100 742 6 -24 1 51 51
69 12 742 1100 -6 24 1 51 51
70 12 1100 742 6 -24 1 55 51
71 12 742 500 -6 24 1 55 55
72 12 1100 742 -6 24 1 55 51
73 12 742 500 6 -24 1 55 55
74 12 742 500 6 -24 1 51 51
75 12 500 742 -6 24 1 55 55
76 12 742 500 -6 24 1 55 51
77 12 500 742 -6 24 1 55 51
78 12 742 1100 6 -24 1 55 55
79 12 1100 742 6 -24 1 51 51
80 12 742 500 -6 24 1 51 55
81 12 1100 742 6 -24 1 55 51
82 12 742 1100 -6 24 1 55 51
83 12 1100 742 6 -24 0 51 51
84 12 1100 742 6 -24 1 55 55
85 12 742 500 -6 24 0 51 55
86 12 500 742 -6 24 0 51 55
87 12 742 1100 6 -24 1 55 51
88 12 500 742 6 -24 1 55 55
89 12 500 742 -6 24 1 55 55
90 12 742 1100 -6 24 1 51 55
91 12 742 1100 6 -24 1 51 55
92 12 742 500 -6 24 1 55 55
93 12 500 742 -6 24 1 55 55
94 12 742 1100 6 -24 1 55 55
95 12 742 1100 6 -24 0 51 55
96 12 500 742 -6 24 1 51 55
97 12 1100 742 6 -24 1 55 51
98 12 742 500 -6 24 0 51 51
99 12 742 1100 -6 24 0 51 55
100 12 742 1100 6 -24 0 55 55
101 12 742 1100 6 -24 1 55 51
102 12 742 1100 -6 24 1 51 55
103 12 1100 742 6 -24 1 55 51
104 12 1100 742 -6 24 1 51 55
105 12 500 742 -6 24 0 51 51
106 12 1100 742 -6 24 1 51 55
107 12 742 500 -6 24 0 51 51
108 12 500 742 -6 24 1 55 55
109 12 742 1100 -6 24 1 51 51
110 12 500 742 -6 24 1 51 55
111 12 742 1100 6 -24 1 55 51
112 12 742 500 6 -24 1 51 55
113 12 500 742 -6 24 1 51 55
114 12 742 500 -6 24 1 51 51
115 12 500 742 -6 24 1 55 51
116 12 742 500 -6 24 0 55 55
117 12 742 1100 -6 24 1 51 51
118 12 742 500 -6 24 1 51 51
119 12 742 1100 6 -24 1 55 55
120 12 500 742 -6 24 1 55 55
121 12 1100 742 6 -24 1 51 51
122 12 500 742 -6 24 1 55 55
123 12 742 500 6 -24 1 51 55
124 12 500 742 -6 24 1 55 51
125 12 500 742 6 -24 1 55 55
126 12 742 500 -6 24 1 55 51
127 12 500 742 -6 24 1 55 55
128 12 1100 742 -6 24 0 51 55
129 12 1100 742 -6 24 1 55 55
130 12 742 1100 -6 24 0 55 51
131 12 500 742 -6 24 0 55 55
132 12 742 500 -6 24 0 51 51
133 12 500 742 -6 24 1 55 51
134 12 500 742 -6 24 1 51 51
135 12 1100 742 -6 24 1 51 51
136 12 500 742 6 -24 1 51 55
137 12 500 742 -6 24 0 55 55
138 12 742 1100 -6 24 0 55 51
139 12 500 742 -6 24 0 51 55
140 12 500 742 6 -24 1 51 51
141 12 1100 742 6 -24 1 55 51
142 12 742 500 6 -24 1 51 51
143 12 742 1100 -6 24 0 55 51
144 12 500 742 -6 24 1 55 55
145 12 500 742 -6 24 0 51 55
146 12 1100 742 6 -24 1 55 51
147 12 1100 742 6 -24 1 51 55
148 12 1100 742 -6 24 1 55 55
149 12 742 1100 -6 24 1 55 51
150 12 742 500 -6 24 1 55 51
151 12 1100 742 -6 24 1 51 51
152 12 500 742 6 -24 1 51 55
153 12 1100 742 6 -24 1 51 55
154 12 1100 742 -6 24 0 51 55
155 12 500 742 -6 24 1 51 55
156 12 742 500 -6 24 1 51 55
157 12 1100 742 -6 24 1 51 51
158 12 742 500 -6 24 0 51 51
159 12 500 742 -6 24 1 51 51
160 12 1100 742 -6 24 1 55 55
161 12 500 742 6 -24 1 51 55
162 12 500 742 -6 24 1 51 51
163 12 742 1100 6 -24 1 51 51
164 12 1100 742 -6 24 1 55 55
165 12 742 1100 -6 24 1 55 51
166 12 742 500 6 -24 1 51 55
167 12 1100 742 -6 24 0 51 55
168 12 500 742 6 -24 0 51 55
169 12 742 1100 6 -24 1 51 55
170 12 742 1100 6 -24 1 55 51
171 12 500 742 -6 24 0 55 51
172 12 742 500 -6 24 1 51 51
173 12 742 1100 6 -24 1 55 55
174 12 500 742 -6 24 1 55 55
175 12 742 1100 -6 24 1 51 55
176 12 742 1100 6 -24 1 51 55
177 12 742 1100 -6 24 1 51 51
178 12 742 500 6 -24 0 55 51
179 12 742 1100 -6 24 1 55 55
180 12 742 500 -6 24 0 55 51
181 12 1100 742 -6 24 0 51 51
182 12 742 1100 -6 24 1 51 55
183 12 742 1100 6 -24 0 51 55
184 12 1100 742 6 -24 1 51 51
185 12 500 742 6 -24 1 51 55
186 12 742 1100 -6 24 1 55 55
187 12 1100 742 6 -24 1 55 51
188 12 1100 742 -6 24 1 55 51
189 12 742 500 -6 24 0 55 55
190 12 742 1100 -6 24 1 55 51
191 12 1100 742 6 -24 0 55 51
192 12 742 1100 -6 24 0 51 55
193 12 500 742 -6 24 0 55 51
194 12 1100 742 6 -24 0 51 51
195 12 1100 742 -6 24 1 51 55
196 12 742 500 6 -24 1 51 55
197 12 742 1100 -6 24 0 51 55
198 12 1100 742 -6 24 0 51 55
199 12 500 742 -6 24 1 55 51
200 12 500 742 6 -24 1 51 51
201 12 1100 742 6 -24 1 55 51
202 12 742 500 6 -24 1 55 51
203 12 742 500 -6 24 1 51 51
204 12 742 1100 6 -24 1 55 55
205 12 742 1100 6 -24 1 51 55
206 12 742 1100 -6 24 1 51 51
207 12 500 742 -6 24 0 51 51
208 12 742 1100 6 -24 1 51 51
209 12 742 1100 -6 24 0 55 51
210 12 500 742 -6 24 1 55 55
211 12 742 1100 6 -24 1 55 51
212 12 1100 742 6 -24 1 55 51
213 12 1100 742 6 -24 1 55 55
214 12 742 1100 6 -24 1 55 51
215 12 1100 742 6 -24 1 51 51
216 12 500 742 -6 24 1 55 55
217 12 742 500 6 -24 1 51 51
218 12 742 1100 -6 24 1 51 51
219 12 500 742 -6 24 1 55 51
220 12 1100 742 -6 24 1 55 55
221 12 742 1100 -6 24 1 51 51
222 12 1100 742 -6 24 0 55 55
223 12 742 500 -6 24 1 55 55
224 12 1100 742 -6 24 1 55 55
225 12 742 500 -6 24 0 51 55
226 12 742 500 -6 24 0 55 55
227 12 500 742 -6 24 0 51 51
228 12 1100 742 -6 24 1 51 55
229 12 1100 742 -6 24 1 51 55
230 12 500 742 -6 24 1 55 51
231 12 500 742 -6 24 0 51 55
232 12 500 742 6 -24 1 55 51
233 12 500 742 -6 24 1 55 51
234 12 500 742 -6 24 1 55 51
235 12 742 1100 6 -24 1 51 55
236 12 742 500 6 -24 1 51 51
237 12 1100 742 -6 24 1 51 55
238 12 742 1100 -6 24 0 51 51
239 12 742 1100 -6 24 0 55 51
240 12 742 1100 -6 24 1 51 51
241 12 1100 742 -6 24 1 51 55
242 12 500 742 6 -24 1 55 51
243 12 742 1100 6 -24 1 55 55
244 12 500 742 6 -24 1 55 51
245 12 742 500 -6 24 1 55 55
246 12 1100 742 -6 24 1 51 51
247 12 742 1100 -6 24 0 51 51
248 12 742 1100 -6 24 1 55 55
249 12 742 1100 -6 24 0 55 55
250 12 742 500 6 -24 1 51 55
251 12 742 500 -6 24 1 51 51
252 12 1100 742 -6 24 1 55 55
253 12 742 1100 -6 24 0 55 55
254 12 742 500 6 -24 0 55 51
255 12 742 500 -6 24 0 51 51
256 12 742 500 6 -24 0 55 55
257 12 742 1100 -6 24 0 55 51
258 12 742 500 6 -24 1 51 51
259 12 1100 742 -6 24 1 55 51
260 12 742 500 6 -24 1 51 51
261 12 742 500 6 -24 1 51 55
262 12 742 500 6 -24 0 55 55
263 12 742 1100 -6 24 0 55 51
264 12 500 742 6 -24 1 55 51
265 12 742 500 6 -24 1 51 55
266 12 742 1100 -6 24 1 51 51
267 12 742 1100 -6 24 0 51 51
268 12 742 1100 6 -24 1 51 55
269 12 500 742 6 -24 1 51 51
270 12 742 1100 6 -24 0 51 51
271 12 742 1100 -6 24 1 55 51
272 12 742 609 6 -24 0 51 51
273 12 742 609 6 -24 1 51 51
274 12 742 609 6 -24 1 51 51
275 12 609 742 6 -24 1 55 55
276 12 742 609 -6 24 1 51 55
277 12 742 609 6 -24 1 55 55
278 12 742 609 6 -24 1 55 55
279 12 609 742 6 -24 1 55 51
280 12 742 903 6 -24 1 55 55
281 12 742 609 -6 24 0 51 51
282 12 742 903 -6 24 1 51 55
283 12 742 609 -6 24 1 51 51
284 12 742 903 6 -24 1 55 55
285 12 903 742 6 -24 1 55 51
286 12 742 903 -6 24 1 51 55
287 12 609 742 -6 24 1 51 51
288 12 742 609 6 -24 0 55 55
289 12 903 742 -6 24 1 51 55
290 12 742 609 -6 24 1 51 51
291 12 742 609 -6 24 0 55 55
292 12 742 903 -6 24 0 51 51
293 12 742 903 6 -24 1 51 51
294 12 742 609 -6 24 0 55 55
295 12 903 742 6 -24 1 55 51
296 12 609 742 -6 24 1 51 51
297 12 742 903 6 -24 1 55 55
298 12 742 609 6 -24 1 51 55
299 12 903 742 -6 24 0 55 51
300 12 742 903 6 -24 1 55 51
301 12 903 742 6 -24 1 51 51
302 12 609 742 -6 24 1 55 51
303 12 609 742 -6 24 1 55 51
304 12 742 609 6 -24 1 55 51
305 12 742 903 -6 24 1 51 51
306 12 742 903 6 -24 0 51 51
307 12 903 742 -6 24 1 55 55
308 12 609 742 6 -24 0 51 55
309 12 903 742 6 -24 1 55 51
310 12 609 742 6 -24 0 51 51
311 12 742 609 -6 24 1 55 55
312 12 742 903 6 -24 1 51 55
313 12 903 742 6 -24 0 55 55
314 12 609 742 -6 24 0 55 55
315 12 742 903 6 -24 1 55 51
316 12 742 903 -6 24 1 51 55
317 12 742 609 -6 24 0 51 55
318 12 903 742 -6 24 1 51 51
319 12 609 742 6 -24 1 51 55
320 12 742 903 6 -24 1 51 51
321 12 609 742 6 -24 0 55 55
322 12 903 742 -6 24 1 55 51
323 12 742 903 -6 24 0 51 55
324 12 903 742 -6 24 1 55 55
325 12 742 903 -6 24 1 51 55
326 12 609 742 -6 24 0 51 51
327 12 903 742 6 -24 1 51 55
328 12 609 742 -6 24 1 51 51
329 12 742 609 6 -24 1 51 51
330 12 742 903 -6 24 1 55 55
331 12 742 609 -6 24 1 51 51
332 12 742 609 6 -24 1 55 55
333 12 742 609 -6 24 1 55 55
334 12 903 742 -6 24 0 51 51
335 12 742 609 6 -24 1 51 51
336 12 903 742 -6 24 0 51 55
337 12 609 742 6 -24 1 55 55
338 12 742 609 6 -24 1 51 51
339 12 609 742 -6 24 1 51 55
340 12 903 742 6 -24 1 55 51
341 12 609 742 6 -24 1 51 55
342 12 903 742 6 -24 1 51 55
343 12 742 903 6 -24 1 55 51
344 12 903 742 6 -24 0 51 55
345 12 742 609 -6 24 1 55 51
346 12 609 742 -6 24 1 55 51
347 12 742 609 -6 24 0 51 55
348 12 742 609 6 -24 1 55 51
349 12 609 742 -6 24 0 51 51
350 12 742 903 -6 24 1 51 55
351 12 609 742 -6 24 1 51 51
352 12 903 742 6 -24 0 55 51
353 12 609 742 -6 24 0 51 55
354 12 903 742 6 -24 1 51 55
355 12 609 742 -6 24 0 51 51
356 12 903 742 -6 24 1 51 55
357 12 903 742 6 -24 0 51 51
358 12 742 609 -6 24 1 51 51
359 12 609 742 -6 24 1 51 51
360 12 609 742 6 -24 1 55 55
361 12 903 742 6 -24 0 51 51
362 12 609 742 -6 24 1 51 51
363 12 742 903 -6 24 1 51 51
364 12 609 742 6 -24 1 51 51
365 12 609 742 -6 24 1 51 55
366 12 742 609 6 -24 1 51 51
367 12 609 742 6 -24 1 55 55
368 12 609 742 -6 24 0 51 51
369 12 903 742 -6 24 0 51 55
370 12 609 742 6 -24 1 51 51
371 12 609 742 -6 24 1 55 55
372 12 742 609 -6 24 0 51 55
373 12 609 742 -6 24 0 51 51
374 12 609 742 6 -24 1 51 55
375 12 609 742 6 -24 0 51 51
376 12 742 609 -6 24 1 51 55
377 12 609 742 -6 24 0 51 51
378 12 609 742 -6 24 0 55 51
379 12 903 742 6 -24 1 55 51
380 12 742 609 6 -24 1 51 51
381 12 742 609 6 -24 1 51 55
382 12 609 742 6 -24 1 55 55
383 12 742 903 6 -24 1 55 55
384 12 742 609 -6 24 0 55 51
385 12 742 609 6 -24 1 55 51
386 12 903 742 -6 24 1 55 51
387 12 609 742 6 -24 1 51 55
388 12 609 742 -6 24 1 51 55
389 12 742 903 -6 24 0 51 55
390 12 742 903 -6 24 1 51 51
391 12 742 903 -6 24 0 51 55
392 12 609 742 6 -24 1 55 51
393 12 742 609 -6 24 1 55 55
394 12 742 903 -6 24 1 51 51
395 12 742 903 -6 24 1 55 55
396 12 609 742 -6 24 0 55 55
397 12 742 609 6 -24 1 51 51
398 12 609 742 -6 24 1 51 55
399 12 742 903 6 -24 1 55 55
400 12 609 742 -6 24 1 51 51
401 12 742 609 -6 24 1 55 55
402 12 609 742 6 -24 1 51 55
403 12 742 609 6 -24 1 51 55
404 12 903 742 -6 24 0 55 51
405 12 742 609 -6 24 1 55 55
406 12 903 742 -6 24 1 55 55
407 12 742 903 6 -24 1 55 55
408 12 742 609 6 -24 0 55 51
409 12 742 903 6 -24 1 51 55
410 12 742 903 -6 24 1 55 51
411 12 609 742 6 -24 1 55 51
412 12 742 903 -6 24 1 55 55
413 12 742 609 -6 24 0 55 55
414 12 742 609 -6 24 0 55 51
415 12 903 742 6 -24 1 51 51
416 12 609 742 -6 24 1 55 55
417 12 742 903 -6 24 1 51 55
418 12 742 903 6 -24 1 55 55
419 12 742 609 6 -24 1 55 51
420 12 903 742 -6 24 0 55 55
421 12 742 903 -6 24 1 51 51
422 12 742 609 -6 24 1 51 55
423 12 903 742 -6 24 0 51 55
424 12 742 609 6 -24 1 55 55
425 12 609 742 6 -24 1 51 51
426 12 609 742 6 -24 1 51 51
427 12 742 903 -6 24 0 55 55
428 12 742 609 -6 24 0 55 51
429 12 742 609 -6 24 0 51 51
430 12 609 742 -6 24 0 51 51
431 12 609 742 6 -24 0 51 55
432 12 742 609 -6 24 0 55 51
433 12 609 742 -6 24 1 51 55
434 12 742 609 -6 24 1 55 55
435 12 742 609 6 -24 0 51 55
436 12 742 903 -6 24 1 51 55
437 12 903 742 -6 24 1 55 51
438 12 903 742 6 -24 0 51 55
439 12 609 742 6 -24 0 51 51
440 12 742 903 -6 24 1 51 51
441 12 742 609 6 -24 1 55 51
442 12 742 903 6 -24 1 51 55
443 12 609 742 -6 24 1 55 55
444 12 903 742 6 -24 1 55 51
445 12 609 742 -6 24 1 51 55
446 12 609 742 -6 24 0 55 51
447 12 903 742 6 -24 1 55 55
448 12 609 742 -6 24 0 55 51
449 12 609 742 -6 24 1 51 51
450 12 609 742 -6 24 1 55 55
451 12 609 742 6 -24 1 55 55
452 12 609 742 6 -24 1 55 51
453 12 609 742 -6 24 0 51 51
454 12 903 742 6 -24 0 55 51
455 12 742 903 6 -24 0 51 51
456 12 609 742 -6 24 0 55 55
457 12 742 609 6 -24 0 51 55
458 12 903 742 -6 24 0 51 55
459 12 903 742 -6 24 0 51 51
460 12 903 742 -6 24 1 55 55
461 12 742 609 6 -24 0 55 55
462 12 742 609 -6 24 0 55 51
463 12 903 742 -6 24 1 55 51
464 12 609 742 -6 24 1 55 55
465 12 742 903 6 -24 1 55 55
466 12 742 903 -6 24 1 51 51
467 12 903 742 6 -24 1 51 55
468 12 609 742 -6 24 1 55 51
469 12 742 609 -6 24 0 55 51
470 12 742 903 6 -24 1 51 55
471 12 609 742 -6 24 1 51 51
472 12 609 742 6 -24 1 51 55
473 12 742 609 6 -24 1 51 51
474 12 742 609 -6 24 0 55 55
475 12 742 609 -6 24 0 51 55
476 12 903 742 -6 24 0 51 55
477 12 903 742 6 -24 0 51 51
478 12 903 742 -6 24 1 55 51
479 12 742 609 -6 24 1 51 55
480 12 609 742 6 -24 1 55 51
481 12 609 742 6 -24 1 51 55
482 12 742 903 6 -24 1 51 51
483 12 609 742 -6 24 0 51 51
484 12 742 903 -6 24 1 51 51
485 12 609 742 6 -24 1 51 55
486 12 742 609 6 -24 0 51 55
487 12 903 742 6 -24 1 55 51
488 12 903 742 -6 24 1 51 51
489 12 742 903 -6 24 0 55 55
490 12 609 742 6 -24 1 55 51
491 12 742 903 6 -24 1 55 51
492 12 609 742 -6 24 0 55 51
493 12 609 742 6 -24 0 55 51
494 12 609 742 -6 24 0 51 55
495 12 742 609 6 -24 1 55 51
496 12 742 609 -6 24 1 55 55
497 12 609 742 -6 24 1 55 55
498 12 742 609 6 -24 1 55 55
499 12 609 742 6 -24 1 51 51
500 12 742 609 6 -24 1 51 55
501 12 742 903 -6 24 1 51 51
502 12 742 903 -6 24 0 51 55
503 12 609 742 6 -24 1 51 55
504 12 609 742 -6 24 1 51 55
505 12 903 742 6 -24 1 55 51
506 12 742 903 6 -24 1 55 55
507 12 742 609 6 -24 1 51 55
508 12 742 903 6 -24 1 51 51
509 12 903 742 -6 24 0 55 51
510 12 609 742 6 -24 0 51 51
511 12 742 903 -6 24 0 55 51
512 12 609 742 -6 24 0 51 55
513 12 609 742 -6 24 1 51 55
514 12 742 903 6 -24 0 55 55
515 12 742 609 -6 24 1 51 51
516 12 742 609 -6 24 0 55 55
517 12 742 609 -6 24 0 51 55
518 12 903 742 6 -24 1 51 51
519 12 609 742 -6 24 0 55 51
520 12 903 742 -6 24 1 55 51
521 12 903 742 -6 24 1 51 55
522 12 903 742 -6 24 0 51 51
523 12 903 742 -6 24 1 51 51
524 12 609 742 6 -24 0 55 55
525 12 903 742 6 -24 1 55 51
526 12 609 742 6 -24 1 51 55
527 12 903 742 -6 24 1 51 51
528 12 742 903 6 -24 1 55 55
529 12 742 903 -6 24 0 51 51
530 12 903 742 -6 24 0 55 51
531 12 609 742 -6 24 0 51 55
532 12 742 609 6 -24 0 51 51
533 12 742 609 -6 24 0 55 55
534 12 742 609 6 -24 0 55 51
535 12 609 742 6 -24 1 55 55
536 12 609 742 -6 24 1 51 55
537 12 742 903 -6 24 1 55 51
538 12 609 742 -6 24 1 55 51
539 12 609 742 -6 24 0 55 51
540 12 742 609 -6 24 0 51 55
541 12 742 903 -6 24 0 55 55
542 12 903 742 6 -24 1 55 51
543 12 742 609 6 -24 0 55 51
544 12 609 742 -6 24 1 55 51
545 12 742 609 6 -24 1 51 51
546 12 903 742 6 -24 1 51 51
547 12 903 742 6 -24 1 55 55
548 12 903 742 -6 24 1 51 51
549 12 742 609 6 -24 0 55 55
550 12 903 742 6 -24 0 55 55
551 12 609 742 -6 24 0 55 55
552 12 742 609 6 -24 0 51 55
553 12 742 609 6 -24 0 51 51
554 12 609 742 6 -24 0 55 55
555 12 609 742 6 -24 0 51 51
556 12 742 609 6 -24 0 55 51
557 12 903 742 -6 24 0 55 55
558 12 742 903 -6 24 0 55 55
559 12 609 742 -6 24 0 55 51
560 12 903 742 -6 24 1 51 55
561 12 903 742 -6 24 1 55 51
562 12 742 903 -6 24 1 55 55
563 12 742 609 6 -24 1 51 51
564 12 742 609 6 -24 1 55 51
565 12 609 742 6 -24 1 55 51
566 12 609 742 6 -24 1 51 51
567 12 742 903 6 -24 0 51 51
568 12 742 609 -6 24 0 55 51
569 12 742 903 -6 24 1 51 55
570 12 742 903 6 -24 1 51 51
571 12 742 903 -6 24 1 51 55
572 12 903 742 -6 24 1 55 55
573 12 903 742 -6 24 1 55 51
574 12 609 742 -6 24 1 55 51
575 12 609 742 6 -24 1 55 51
576 12 742 609 6 -24 1 55 51
577 12 742 609 6 -24 0 55 55
578 12 742 903 -6 24 1 51 55
579 12 609 742 -6 24 1 55 51
580 12 903 742 -6 24 1 51 51
581 12 742 903 6 -24 1 51 51
582 12 742 609 -6 24 0 55 55
583 12 742 609 -6 24 0 51 55
584 12 742 903 6 -24 1 51 55
585 12 903 742 6 -24 1 55 55
586 12 609 742 6 -24 1 55 51
587 12 742 609 -6 24 1 51 51
588 12 742 903 6 -24 0 51 55
589 12 609 742 -6 24 0 55 51
590 12 903 742 -6 24 0 51 51
591 12 742 903 -6 24 0 51 51
592 12 742 903 6 -24 0 55 51
593 12 742 903 6 -24 0 55 51
594 12 903 742 6 -24 0 51 55
595 12 742 609 -6 24 0 55 51
596 12 742 903 -6 24 0 55 51
597 12 742 609 6 -24 0 55 51
598 12 742 903 -6 24 0 51 55
599 12 903 742 -6 24 0 55 55
600 12 903 742 -6 24 0 55 55
601 12 609 742 6 -24 0 51 51
602 12 742 903 6 -24 0 55 51
603 12 609 742 -6 24 0 51 51
604 12 903 742 -6 24 1 51 51
605 12 903 742 -6 24 1 51 51
606 12 903 742 6 -24 1 55 55
607 12 609 742 -6 24 1 55 55
608 12 609 742 6 -24 0 55 51
609 12 742 903 6 -24 0 51 55
610 8 742 0 24 -12851 0 55 0
611 8 1100 0 6 -12851 0 55 0
612 8 500 0 -18 -12851 0 55 0
613 8 1100 0 -24 -12851 0 55 0
614 8 903 0 -6 -12851 1 55 0
615 8 903 0 0 -12851 1 55 0
616 8 903 0 12 -12851 0 55 0
617 8 1100 0 18 -12851 1 55 0
618 8 903 0 -24 -12851 1 55 0
619 8 903 0 18 -12851 0 55 0
620 8 1100 0 12 -12851 1 55 0
621 8 1100 0 6 -12851 1 55 0
622 8 609 0 -18 -12851 0 55 0
623 8 903 0 24 -12851 1 55 0
624 8 742 0 0 -12851 1 55 0
625 8 903 0 -12 -12851 0 55 0
626 8 742 0 -12 -12851 1 55 0
627 8 742 0 -6 -12851 1 55 0
628 8 609 0 24 -12851 1 55 0
629 8 609 0 24 -12851 0 55 0
630 8 500 0 -12 -12851 1 55 0
631 8 1100 0 24 -12851 0 55 0
632 8 500 0 0 -12851 1 55 0
633 8 500 0 -6 -12851 1 55 0
634 8 1100 0 12 -12851 1 55 0
635 8 1100 0 12 -12851 1 55 0
636 8 742 0 18 -12851 1 55 0
637 8 1100 0 -24 -12851 1 55 0
638 8 609 0 18 -12851 1 55 0
639 8 742 0 -6 -12851 0 55 0
640 8 742 0 0 -12851 1 55 0
641 8 609 0 -24 -12851 1 55 0
642 8 609 0 6 -12851 1 55 0
643 8 903 0 -12 -12851 0 55 0
644 8 1100 0 -18 -12851 1 55 0
645 8 500 0 6 -12851 1 55 0
646 8 903 0 -18 -12851 1 55 0
647 8 500 0 -6 -12851 1 55 0
648 8 903 0 -6 -12851 1 55 0
649 8 500 0 0 -12851 1 55 0
650 8 609 0 -24 -12851 0 55 0
651 8 609 0 -24 -12851 0 55 0
652 8 500 0 18 -12851 1 55 0
653 8 903 0 0 -12851 1 55 0
654 8 500 0 -6 -12851 1 55 0
655 8 742 0 18 -12851 1 55 0
656 8 1100 0 -12 -12851 0 55 0
657 8 742 0 12 -12851 1 55 0
658 8 1100 0 -12 -12851 0 55 0
659 8 903 0 -18 -12851 1 55 0
660 8 903 0 6 -12851 1 55 0
661 8 500 0 -18 -12851 1 55 0
662 8 742 0 12 -12851 1 55 0
663 8 609 0 24 -12851 1 55 0
664 8 1100 0 6 -12851 1 55 0
665 8 609 0 24 -12851 1 55 0
666 8 1100 0 18 -12851 0 55 0
667 8 1100 0 18 -12851 1 55 0
668 8 903 0 -24 -12851 0 55 0
669 8 500 0 6 -12851 0 55 0
670 8 609 0 -12 -12851 0 55 0
671 8 1100 0 24 -12851 0 55 0
672 8 742 0 0 -12851 0 55 0
673 8 903 0 6 -12851 1 55 0
674 8 609 0 24 -12851 1 55 0
675 8 1100 0 0 -12851 1 55 0
676 8 500 0 -18 -12851 0 55 0
677 8 500 0 6 -12851 1 55 0
678 8 500 0 -12 -12851 0 55 0
679 8 742 0 18 -12851 1 55 0
680 8 903 0 -12 -12851 1 55 0
681 8 742 0 18 -12851 1 55 0
682 8 609 0 -6 -12851 1 55 0
683 8 903 0 -6 -12851 1 55 0
684 8 1100 0 -18 -12851 1 55 0
685 8 609 0 12 -12851 1 55 0
686 8 903 0 12 -12851 1 55 0
687 8 903 0 -24 -12851 0 55 0
688 8 742 0 -24 -12851 1 55 0
689 8 903 0 18 -12851 0 55 0
690 8 1100 0 18 -12851 0 55 0
691 8 500 0 -24 -12851 1 55 0
692 8 609 0 18 -12851 0 55 0
693 8 903 0 6 -12851 1 55 0
694 8 500 0 -18 -12851 0 55 0
695 8 1100 0 24 -12851 0 55 0
696 8 1100 0 -24 -12851 0 55 0
697 8 500 0 12 -12851 0 55 0
698 8 742 0 6 -12851 1 55 0
699 8 609 0 -12 -12851 0 55 0
700 8 742 0 24 -12851 0 55 0
701 8 609 0 -12 -12851 1 55 0
702 8 1100 0 -6 -12851 1 55 0
703 8 1100 0 0 -12851 1 55 0
704 8 1100 0 12 -12851 1 55 0
705 8 609 0 -6 -12851 1 55 0
706 8 1100 0 -18 -12851 1 55 0
707 8 742 0 0 -12851 1 55 0
708 8 609 0 -24 -12851 0 55 0
709 8 500 0 -24 -12851 0 55 0
710 8 609 0 24 -12851 1 55 0
711 8 500 0 24 -12851 0 55 0
712 8 500 0 -24 -12851 1 55 0
713 8 742 0 -6 -12851 0 55 0
714 8 903 0 12 -12851 1 55 0
715 8 742 0 0 -12851 1 55 0
716 8 903 0 -18 -12851 1 55 0
717 8 903 0 -12 -12851 1 55 0
718 8 742 0 6 -12851 1 55 0
719 8 742 0 -12 -12851 1 55 0
720 8 1100 0 18 -12851 1 55 0
721 8 500 0 18 -12851 1 55 0
722 8 500 0 6 -12851 1 55 0
723 8 500 0 12 -12851 1 55 0
724 8 742 0 -6 -12851 1 55 0
725 8 903 0 0 -12851 1 55 0
726 8 1100 0 -18 -12851 1 55 0
727 8 1100 0 0 -12851 1 55 0
728 8 609 0 0 -12851 1 55 0
729 8 742 0 -24 -12851 1 55 0
730 8 903 0 -12 -12851 1 55 0
731 8 903 0 -12 -12851 0 55 0
732 8 609 0 -6 -12851 1 55 0
733 8 609 0 -6 -12851 1 55 0
734 8 609 0 6 -12851 1 55 0
735 8 609 0 6 -12851 1 55 0
736 8 500 0 18 -12851 1 55 0
737 8 1100 0 24 -12851 1 55 0
738 8 500 0 12 -12851 1 55 0
739 8 500 0 -18 -12851 1 55 0
740 8 742 0 -24 -12851 1 55 0
741 8 1100 0 -18 -12851 0 55 0
742 8 1100 0 18 -12851 1 55 0
743 8 742 0 24 -12851 1 55 0
744 8 609 0 12 -12851 1 55 0
745 8 903 0 0 -12851 1 55 0
746 8 742 0 0 -12851 1 55 0
747 8 903 0 0 -12851 1 55 0
748 8 903 0 24 -12851 0 55 0
749 8 609 0 24 -12851 1 55 0
750 8 500 0 -6 -12851 1 55 0
751 8 500 0 12 -12851 1 55 0
752 8 1100 0 12 -12851 0 55 0
753 8 500 0 -12 -12851 0 55 0
754 8 742 0 18 -12851 0 55 0
755 8 500 0 6 -12851 0 55 0
756 8 742 0 -18 -12851 0 55 0
757 8 742 0 0 -12851 1 55 0
758 8 609 0 6 -12851 1 55 0
759 8 1100 0 18 -12851 1 55 0
760 8 609 0 -18 -12851 0 55 0
761 8 1100 0 -12 -12851 1 55 0
762 8 609 0 -6 -12851 1 55 0
763 8 903 0 -24 -12851 1 55 0
764 8 903 0 -24 -12851 0 55 0
765 8 903 0 12 -12851 1 55 0
766 8 1100 0 12 -12851 0 55 0
767 8 1100 0 6 -12851 0 55 0
768 8 742 0 -12 -12851 0 55 0
769 8 1100 0 6 -12851 1 55 0
770 8 609 0 -24 -12851 1 55 0
771 8 903 0 -6 -12851 1 55 0
772 8 903 0 24 -12851 0 55 0
773 8 742 0 -6 -12851 1 55 0
774 8 742 0 -12 -12851 1 55 0
775 8 1100 0 0 -12851 1 55 0
776 8 609 0 24 -12851 0 55 0
777 8 609 0 12 -12851 1 55 0
778 8 500 0 18 -12851 1 55 0
779 8 903 0 0 -12851 1 55 0
780 8 500 0 -18 -12851 1 55 0
781 8 500 0 -18 -12851 1 55 0
782 8 903 0 -24 -12851 1 55 0
783 8 903 0 18 -12851 1 55 0
784 8 1100 0 -18 -12851 1 55 0
785 8 1100 0 -18 -12851 1 55 0
786 8 903 0 0 -12851 1 55 0
787 8 903 0 12 -12851 1 55 0
788 8 609 0 18 -12851 1 55 0
789 8 500 0 -18 -12851 0 55 0
790 8 500 0 -6 -12851 0 55 0
791 8 609 0 -24 -12851 1 55 0
792 8 742 0 -6 -12851 1 55 0
793 8 500 0 18 -12851 1 55 0
794 8 742 0 24 -12851 0 55 0
795 8 1100 0 -24 -12851 0 55 0
796 8 742 0 6 -12851 1 55 0
797 8 609 0 24 -12851 1 55 0
798 8 609 0 6 -12851 1 55 0
799 8 609 0 12 -12851 1 55 0
800 8 903 0 -12 -12851 0 55 0
801 8 609 0 0 -12851 1 55 0
802 8 609 0 -12 -12851 0 55 0
803 8 1100 0 24 -12851 1 55 0
804 8 1100 0 24 -12851 1 55 0
805 8 500 0 24 -12851 0 55 0
806 8 1100 0 -18 -12851 0 55 0
807 8 742 0 -18 -12851 0 55 0
808 8 742 0 0 -12851 0 55 0
809 8 903 0 0 -12851 0 55 0
810 8 903 0 -12 -12851 0 55 0
811 8 742 0 -12 -12851 1 55 0
812 8 500 0 12 -12851 1 55 0
813 8 500 0 6 -12851 1 55 0
814 8 609 0 6 -12851 1 55 0
815 8 609 0 12 -12851 1 55 0
816 8 742 0 -24 -12851 1 55 0
817 8 500 0 18 -12851 1 55 0
818 8 609 0 -6 -12851 1 55 0
819 8 609 0 18 -12851 1 55 0
820 8 500 0 -24 -12851 0 55 0
821 8 1100 0 -6 -12851 1 55 0
822 8 903 0 -24 -12851 0 55 0
823 8 1100 0 -24 -12851 0 55 0
824 8 500 0 -24 -12851 1 55 0
825 8 1100 0 24 -12851 1 55 0
826 8 742 0 -6 -12851 1 55 0
827 8 903 0 -18 -12851 0 55 0
828 8 742 0 0 -12851 1 55 0
829 8 903 0 -18 -12851 1 55 0
830 8 609 0 18 -12851 0 55 0
831 8 609 0 -6 -12851 1 55 0
832 8 609 0 6 -12851 1 55 0
833 8 903 0 -12 -12851 0 55 0
834 8 1100 0 12 -12851 1 55 0
835 8 1100 0 18 -12851 1 55 0
836 8 742 0 6 -12851 1 55 0
837 8 1100 0 12 -12851 1 55 0
838 8 500 0 0 -12851 1 55 0
839 8 500 0 24 -12851 1 55 0
840 8 609 0 -12 -12851 0 55 0
841 8 500 0 12 -12851 1 55 0
842 8 742 0 12 -12851 1 55 0
843 8 903 0 12 -12851 1 55 0
844 8 903 0 6 -12851 1 55 0
845 8 742 0 18 -12851 0 55 0
846 8 1100 0 -12 -12851 0 55 0
847 8 1100 0 24 -12851 0 55 0
848 8 500 0 24 -12851 1 55 0
849 8 742 0 0 -12851 1 55 0
850 8 500 0 -24 -12851 1 55 0
851 8 903 0 -12 -12851 1 55 0
852 8 742 0 -24 -12851 0 55 0
853 8 742 0 6 -12851 1 55 0
854 8 1100 0 0 -12851 1 55 0
855 8 609 0 18 -12851 1 55 0
856 8 1100 0 -18 -12851 0 55 0
857 8 903 0 -18 -12851 1 55 0
858 8 903 0 -6 -12851 1 55 0
859 8 500 0 -6 -12851 1 55 0
860 8 609 0 -12 -12851 1 55 0
861 8 609 0 -12 -12851 0 55 0
862 8 1100 0 -6 -12851 1 55 0
863 8 1100 0 12 -12851 0 55 0
864 8 500 0 18 -12851 1 55 0
865 8 903 0 -12 -12851 0 55 0
866 8 903 0 -18 -12851 1 55 0
867 8 903 0 -18 -12851 1 55 0
868 8 1100 0 18 -12851 0 55 0
869 8 500 0 -6 -12851 1 55 0
870 8 742 0 6 -12851 1 55 0
871 8 500 0 6 -12851 1 55 0
872 8 742 0 12 -12851 1 55 0
873 8 742 0 24 -12851 0 55 0
874 8 1100 0 0 -12851 1 55 0
875 8 609 0 24 -12851 0 55 0
876 8 609 0 0 -12851 0 55 0
877 8 609 0 -24 -12851 1 55 0
878 8 1100 0 -24 -12851 1 55 0
879 8 1100 0 12 -12851 0 55 0
880 8 903 0 12 -12851 1 55 0
881 8 903 0 -12 -12851 1 55 0
882 8 1100 0 -6 -12851 1 55 0
883 8 742 0 18 -12851 1 55 0
884 8 1100 0 -6 -12851 1 55 0
885 8 609 0 24 -12851 1 55 0
886 8 500 0 -24 -12851 1 55 0
887 8 903 0 18 -12851 1 55 0
888 8 500 0 6 -12851 0 55 0
889 8 500 0 6 -12851 1 55 0
890 8 609 0 -24 -12851 1 55 0
891 8 609 0 -12 -12851 0 55 0
892 8 742 0 -18 -12851 1 55 0
893 8 742 0 12 -12851 0 55 0
894 8 500 0 24 -12851 1 55 0
895 8 500 0 -18 -12851 1 55 0
896 8 742 0 0 -12851 1 55 0
897 8 742 0 0 -12851 1 55 0
898 8 609 0 -24 -12851 0 55 0
899 8 500 0 -24 -12851 0 55 0
900 8 903 0 24 -12851 0 55 0
901 8 609 0 18 -12851 0 55 0
902 8 742 0 -18 -12851 0 55 0
903 8 1100 0 -18 -12851 0 55 0
904 8 903 0 -12 -12851 0 55 0
905 8 609 0 -12 -12851 1 55 0
906 8 500 0 12 -12851 1 55 0
907 8 903 0 24 -12851 0 55 0
908 8 1100 0 18 -12851 0 55 0
909 8 1100 0 6 -12851 0 55 0
910 8 1100 0 -24 -12851 0 55 0
911 8 1100 0 0 -12851 0 55 0
912 8 742 0 0 -12851 0 55 0
913 8 1100 0 6 -12851 0 55 0
914 8 609 0 12 -12851 0 55 0
915 8 903 0 -6 -12851 0 55 0
916 8 903 0 -6 -12851 1 55 0
917 8 742 0 -24 -12851 1 55 0
918 8 742 0 -24 -12851 1 55 0
919 8 1100 0 -6 -12851 1 55 0
920 8 609 0 -24 -12851 1 55 0
921 8 609 0 6 -12851 1 55 0
922 8 500 0 18 -12851 1 55 0
923 8 903 0 -18 -12851 1 55 0
924 8 500 0 18 -12851 1 55 0
925 8 500 0 12 -12851 1 55 0
926 8 1100 0 6 -12851 1 55 0
927 8 1100 0 -18 -12851 1 55 0
928 8 609 0 12 -12851 1 55 0
929 8 500 0 -6 -12851 1 55 0
930 8 903 0 0 -12851 1 55 0
931 8 609 0 24 -12851 0 55 0
932 8 609 0 0 -12851 0 55 0
933 8 1100 0 24 -12851 0 55 0
934 8 742 0 -12 -12851 0 55 0
935 8 742 0 -12 -12851 0 55 0
936 8 1100 0 12 -12851 0 55 0
937 8 500 0 12 -12851 0 55 0
938 8 500 0 12 -12851 0 55 0
939 8 903 0 6 -12851 0 55 0
940 8 903 0 18 -12851 1 55 0
941 8 742 0 -12 -12851 0 55 0
942 8 742 0 24 -12851 1 55 0
943 8 742 0 24 -12851 0 55 0
944 8 903 0 0 -12851 1 55 0
945 8 500 0 -24 -12851 0 55 0
946 8 903 0 -12 -12851 0 55 0
947 8 742 0 -24 -12851 0 55 0
948 8 742 0 6 -12851 1 55 0
949 8 500 0 0 -12851 0 55 0
950 8 500 0 18 -12851 1 55 0
951 8 903 0 -18 -12851 1 55 0
952 8 1100 0 -18 -12851 0 55 0
953 8 1100 0 -6 -12851 0 55 0
954 8 1100 0 -6 -12851 0 55 0
955 8 609 0 -24 -12851 1 55 0
956 8 609 0 -24 -12851 1 55 0
957 8 609 0 24 -12851 1 55 0
958 8 500 0 18 -12851 1 55 0
959 8 500 0 -18 -12851 1 55 0
960 8 903 0 -18 -12851 1 55 0
961 8 742 0 -12 -12851 1 55 0
962 8 500 0 -12 -12851 0 55 0
963 8 609 0 12 -12851 1 55 0
964 8 1100 0 24 -12851 1 55 0
965 8 1100 0 18 -12851 1 55 0
966 8 742 0 6 -12851 1 55 0
967 8 903 0 -24 -12851 1 55 0
968 8 500 0 0 -12851 1 55 0
969 8 903 0 0 -12851 1 55 0
970 8 609 0 6 -12851 1 55 0
971 8 609 0 12 -12851 0 55 0
972 8 1100 0 -6 -12851 0 55 0
973 8 742 0 -6 -12851 0 55 0
974 8 742 0 18 -12851 0 55 0
975 8 742 0 18 -12851 0 55 0
976 8 500 0 6 -12851 0 55 0
977 8 903 0 -18 -12851 0 55 0
978 8 500 0 -6 -12851 0 55 0
979 8 1100 0 6 -12851 0 55 0
980 8 742 0 -18 -12851 0 55 0
981 8 1100 0 0 -12851 0 55 0
982 8 742 0 -24 -12851 1 55 0
983 8 903 0 0 -12851 0 55 0
984 8 903 0 18 -12851 0 55 0
985 8 500 0 -6 -12851 0 55 0
986 8 609 0 24 -12851 0 55 0
987 8 609 0 24 -12851 0 55 0
988 8 609 0 -24 -12851 0 55 0
989 8 1100 0 -12 -12851 0 55 0
990 8 903 0 -12 -12851 0 55 0
991 8 903 0 12 -12851 0 55 0
992 8 1100 0 12 -12851 0 55 0
993 8 1100 0 -18 -12851 0 55 0
994 8 903 0 -18 -12851 0 55 0
995 8 903 0 12 -12851 0 55 0
996 8 609 0 6 -12851 0 55 0
997 8 500 0 18 -12851 0 55 0
998 8 500 0 18 -12851 0 55 0
999 8 609 0 -24 -12851 0 55 0
1000 8 742 0 -24 -12851 0 55 0
1001 8 500 0 24 -12851 0 55 0
1002 8 742 0 -12 -12851 0 55 0
1003 8 1100 0 -18 -12851 0 55 0
1004 8 742 0 24 -12851 0 55 0
1005 8 609 0 12 -12851 0 55 0
1006 8 500 0 0 -12851 0 55 0
1007 8 500 0 -12 -12851 0 55 0
1008 8 903 0 -6 -12851 0 55 0
1009 8 609 0 -6 -12851 0 55 0
1010 8 609 0 0 -12851 0 55 0
1011 8 500 0 6 -12851 0 55 0
1012 8 500 0 18 -12851 0 55 0
1013 8 742 0 18 -12851 0 55 0
1014 8 1100 0 18 -12851 0 55 0
1015 8 609 0 -18 -12851 0 55 0
1016 8 742 0 -12 -12851 0 55 0
1017 8 903 0 24 -12851 0 55 0
1018 8 1100 0 -18 -12851 0 55 0
1019 8 903 0 12 -12851 1 55 0
1020 8 1100 0 -6 -12851 1 55 0
1021 8 742 0 0 -12851 0 55 0
1022 8 500 0 0 -12851 0 55 0
1023 8 500 0 6 -12851 0 55 0
1024 8 903 0 6 -12851 0 55 0
1025 8 500 0 12 -12851 0 55 0
1026 8 1100 0 -12 -12851 0 55 0
1027 8 1100 0 24 -12851 0 55 0
1028 8 742 0 -24 -12851 0 55 0
1029 8 1100 0 -6 -12851 0 55 0
1030 8 609 0 -24 -12851 0 55 0
1031 8 500 0 6 -12851 0 55 0
1032 8 742 0 6 -12851 0 55 0
1033 8 609 0 -24 -12851 0 55 0
1034 8 742 0 6 -12851 0 55 0
1035 8 903 0 12 -12851 0 55 0
1036 8 609 0 -18 -12851 0 55 0
1037 8 903 0 0 -12851 0 55 0
1038 8 1100 0 0 -12851 0 55 0
1039 8 1100 0 -6 -12851 0 55 0
1040 8 903 0 -12 -12851 0 55 0
1041 8 500 0 18 -12851 0 55 0
1042 8 500 0 -18 -12851 0 55 0
1043 8 742 0 12 -12851 0 55 0
1044 8 609 0 -12 -12851 0 55 0
1045 8 903 0 18 -12851 0 55 0
1046 8 609 0 24 -12851 0 55 0
1047 8 742 0 -6 -12851 0 55 0
1048 8 500 0 -24 -12851 0 55 0
1049 8 903 0 24 -12851 0 55 0
1050 8 742 0 -12 -12851 0 55 0
1051 8 1100 0 -12 -12851 0 55 0
1052 8 609 0 -12 -12851 0 55 0
1053 8 1100 0 -18 -12851 0 55 0
1054 8 609 0 -6 -12851 1 55 0
1055 8 609 0 24 -12851 0 55 0
1056 8 609 0 24 -12851 0 55 0
1057 8 1100 0 6 -12851 1 55 0
1058 8 903 0 -24 -12851 0 55 0
1059 8 500 0 -18 -12851 0 55 0
1060 8 742 0 -24 -12851 0 55 0
1061 8 1100 0 -6 -12851 0 55 0
1062 8 609 0 6 -12851 0 55 0
1063 8 1100 0 12 -12851 0 55 0
1064 8 742 0 0 -12851 0 55 0
1065 8 742 0 18 -12851 0 55 0
1066 8 903 0 12 -12851 0 55 0
1067 8 903 0 0 -12851 0 55 0
1068 8 500 0 18 -12851 0 55 0
1069 8 500 0 24 -12851 0 55 0
1070 8 1100 0 24 -12851 0 55 0
1071 8 1100 0 -6 -12851 0 55 0
1072 8 742 0 18 -12851 0 55 0
1073 8 742 0 -18 -12851 0 55 0
1074 8 742 0 -24 -12851 0 55 0
1075 8 903 0 6 -12851 0 55 0
1076 8 1100 0 -12 -12851 0 55 0
1077 8 609 0 -24 -12851 0 55 0
1078 8 1100 0 -6 -12851 0 55 0
1079 8 500 0 24 -12851 0 55 0
1080 8 903 0 6 -12851 0 55 0
1081 8 903 0 -18 -12851 0 55 0
1082 8 609 0 0 -12851 0 55 0
1083 8 609 0 12 -12851 0 55 0
1084 8 500 0 -12 -12851 0 55 0
1085 8 500 0 18 -12851 0 55 0
1086 8 500 0 0 -12851 0 55 0
1087 8 500 0 12 -12851 0 55 0
1088 8 609 0 12 -12851 0 55 0
1089 8 903 0 12 -12851 0 55 0
1090 8 1100 0 18 -12851 0 55 0
1091 8 500 0 24 -12851 0 55 0
1092 8 1100 0 6 -12851 0 55 0
1093 8 903 0 12 -12851 0 55 0
1094 8 903 0 -24 -12851 0 55 0
1095 8 609 0 6 -12851 0 55 0
1096 8 1100 0 -6 -12851 0 55 0
1097 8 500 0 0 -12851 0 55 0
1098 8 609 0 18 -12851 0 55 0
1099 8 742 0 -6 -12851 0 55 0
1100 8 742 0 -24 -12851 0 55 0
1101 8 742 0 -18 -12851 0 55 0
1102 8 609 0 -18 -12851 0 55 0
1103 8 609 0 -12 -12851 0 55 0
1104 8 500 0 0 -12851 0 55 0
1105 8 1100 0 -12 -12851 0 55 0
1106 8 903 0 24 -12851 0 55 0
1107 8 742 0 -24 -12851 0 55 0
1108 8 903 0 -24 -12851 0 55 0
1109 8 609 0 12 -12851 0 55 0
1110 8 609 0 -18 -12851 0 55 0
1111 8 500 0 -18 -12851 0 55 0
1112 8 1100 0 6 -12851 0 55 0
1113 8 1100 0 12 -12851 0 55 0
1114 8 903 0 -24 -12851 0 55 0
1115 8 742 0 -6 -12851 0 55 0
1116 8 500 0 -6 -12851 0 55 0
1117 8 742 0 18 -12851 0 55 0
1118 8 1100 0 24 -12851 0 55 0
1119 8 1100 0 6 -12851 0 55 0
1120 8 500 0 -12 -12851 0 55 0
1121 8 742 0 18 -12851 0 55 0
1122 8 500 0 -12 -12851 0 55 0
1123 8 903 0 0 -12851 0 55 0
1124 8 742 0 0 -12851 0 55 0
1125 8 742 0 24 -12851 0 55 0
1126 8 1100 0 12 -12851 0 55 0
1127 8 609 0 12 -12851 0 55 0
1128 8 1100 0 12 -12851 0 55 0
1129 8 903 0 18 -12851 0 55 0
1130 8 903 0 24 -12851 0 55 0
1131 8 500 0 -12 -12851 0 55 0
1132 8 609 0 18 -12851 0 55 0
1133 8 609 0 6 -12851 0 55 0
1134 8 500 0 6 -12851 0 55 0
1135 8 500 0 -12 -12851 0 55 0
1136 8 742 0 -18 -12851 0 55 0
1137 8 903 0 0 -12851 0 55 0
1138 8 903 0 -18 -12851 0 55 0
1139 8 903 0 -6 -12851 0 55 0
1140 8 500 0 24 -12851 0 55 0
1141 8 609 0 0 -12851 0 55 0
1142 8 609 0 -24 -12851 0 55 0
1143 8 609 0 -6 -12851 0 55 0
1144 8 742 0 -24 -12851 0 55 0
1145 8 500 0 -18 -12851 0 55 0
1146 8 1100 0 -18 -12851 0 55 0
1147 8 1100 0 6 -12851 0 55 0
1148 8 742 0 12 -12851 0 55 0
1149 8 1100 0 12 -12851 0 55 0
1150 8 742 0 6 -12851 0 55 0
1151 8 742 0 0 -12851 0 55 0
1152 8 1100 0 -18 -12851 0 55 0
1153 8 500 0 -24 -12851 0 55 0
1154 8 500 0 -24 -12851 0 55 0
1155 8 500 0 0 -12851 0 55 0
1156 8 742 0 -6 -12851 0 55 0
1157 8 903 0 -6 -12851 0 55 0
1158 8 1100 0 24 -12851 0 55 0
1159 8 1100 0 18 -12851 0 55 0
1160 8 609 0 24 -12851 0 55 0
1161 8 742 0 -12 -12851 0 55 0
1162 8 903 0 18 -12851 0 55 0
1163 8 903 0 -12 -12851 0 55 0
1164 8 609 0 6 -12851 0 55 0
1165 8 609 0 6 -12851 0 55 0
1166 8 742 0 -24 -12851 0 55 0
1167 8 742 0 6 -12851 0 55 0
1168 8 500 0 12 -12851 0 55 0
1169 8 903 0 -18 -12851 0 55 0
1170 8 500 0 0 -12851 0 55 0
1171 8 1100 0 0 -12851 0 55 0
1172 8 742 0 -6 -12851 0 55 0
1173 8 1100 0 -12 -12851 0 55 0
1174 8 742 0 18 -12851 0 55 0
1175 8 903 0 -18 -12851 0 55 0
1176 8 903 0 12 -12851 0 55 0
1177 8 500 0 -12 -12851 0 55 0
1178 8 609 0 18 -12851 0 55 0
1179 8 609 0 24 -12851 0 55 0
1180 8 609 0 -6 -12851 0 55 0
1181 8 1100 0 -24 -12851 0 55 0
1182 8 742 0 24 -12851 0 55 0
1183 8 742 0 -18 -12851 0 55 0
1184 8 742 0 -18 -12851 0 55 0
1185 8 742 0 -24 -12851 0 55 0
1186 8 1100 0 0 -12851 0 55 0
1187 8 500 0 -18 -12851 0 55 0
1188 8 903 0 -12 -12851 0 55 0
1189 8 1100 0 -6 -12851 0 55 0
1190 8 500 0 12 -12851 0 55 0
1191 8 500 0 0 -12851 0 55 0
1192 8 609 0 6 -12851 0 55 0
1193 8 1100 0 6 -12851 0 55 0
1194 8 903 0 12 -12851 0 55 0
1195 8 903 0 -12 -12851 0 55 0
1196 8 609 0 -24 -12851 0 55 0
1197 8 609 0 -6 -12851 0 55 0
1198 8 1100 0 18 -12851 0 55 0
1199 8 1100 0 18 -12851 0 55 0
1200 8 742 0 24 -12851 0 55 0
1201 8 1100 0 24 -12851 0 55 0
1202 8 609 0 6 -12851 0 55 0
1203 8 903 0 6 -12851 0 55 0
1204 8 903 0 24 -12851 0 55 0
1205 8 742 0 -12 -12851 0 55 0
1206 8 742 0 24 -12851 0 55 0
1207 8 1100 0 -6 -12851 0 55 0
1208 8 609 0 -24 -12851 0 55 0
1209 8 609 0 -12 -12851 0 55 0
1210 8 500 0 0 -12851 0 55 0
1211 8 903 0 0 -12851 0 55 0
1212 8 500 0 6 -12851 0 55 0
1213 8 500 0 -24 -12851 0 55 0
1214 8 742 0 12 -12851 0 55 0
1215 8 742 0 12 -12851 0 55 0
1216 8 609 0 -6 -12851 0 55 0
1217 8 609 0 18 -12851 0 55 0
1218 8 903 0 -18 -12851 0 55 0
1219 8 1100 0 18 -12851 0 55 0
1220 8 903 0 -18 -12851 0 55 0
1221 8 903 0 -12 -12851 0 55 0
1222 8 742 0 -12 -12851 0 55 0
1223 8 500 0 0 -12851 0 55 0
1224 8 742 0 6 -12851 0 55 0
1225 8 609 0 -12 -12851 0 55 0
1226 8 1100 0 -24 -12851 0 55 0
1227 8 1100 0 6 -12851 0 55 0
1228 8 500 0 24 -12851 0 55 0
1229 8 500 0 18 -12851 0 55 0
1230 8 742 0 24 -12851 0 55 0
1231 8 742 0 -18 -12851 0 55 0
1232 8 1100 0 -18 -12851 0 55 0
1233 8 742 0 12 -12851 0 55 0
1234 8 609 0 12 -12851 0 55 0
1235 8 1100 0 0 -12851 0 55 0
1236 8 742 0 -6 -12851 0 55 0
1237 8 903 0 -24 -12851 0 55 0
1238 8 903 0 -6 -12851 0 55 0
1239 8 609 0 18 -12851 0 55 0
1240 8 903 0 -12 -12851 0 55 0
1241 8 1100 0 -12 -12851 0 55 0
1242 8 609 0 0 -12851 0 55 0
1243 8 500 0 18 -12851 0 55 0
1244 8 500 0 18 -12851 0 55 0
1245 8 500 0 -18 -12851 0 55 0
1246 8 903 0 -24 -12851 0 55 0
1247 8 903 0 -18 -12851 0 55 0
1248 8 500 0 -12 -12851 0 55 0
1249 8 1100 0 12 -12851 0 55 0
1250 8 609 0 0 -12851 0 55 0
1251 8 609 0 -6 -12851 0 55 0
1252 8 500 0 24 -12851 0 55 0
1253 8 609 0 6 -12851 0 55 0
1254 8 742 0 6 -12851 0 55 0
1255 8 500 0 24 -12851 0 55 0
1256 8 1100 0 12 -12851 0 55 0
1257 8 1100 0 -24 -12851 0 55 0
1258 8 903 0 -6 -12851 0 55 0
1259 8 903 0 -24 -12851 0 55 0
1260 8 742 0 -24 -12851 0 55 0
1261 8 742 0 -18 -12851 0 55 0
1262 8 903 0 12 -12851 0 55 0
1263 8 903 0 24 -12851 0 55 0
1264 8 1100 0 -18 -12851 0 55 0
1265 8 609 0 24 -12851 0 55 0
1266 8 609 0 0 -12851 0 55 0
1267 8 1100 0 0 -12851 0 55 0
1268 8 742 0 -24 -12851 0 55 0
1269 8 500 0 -6 -12851 0 55 0
1270 8 742 0 -6 -12851 0 55 0
1271 8 1100 0 18 -12851 0 55 0
1272 8 903 0 6 -12851 0 55 0
1273 8 609 0 12 -12851 0 55 0
1274 8 742 0 -12 -12851 0 55 0
1275 8 903 0 6 -12851 0 55 0
1276 8 500 0 18 -12851 0 55 0
1277 8 500 0 -12 -12851 0 55 0
1278 8 903 0 -6 -12851 0 55 0
1279 8 903 0 -6 -12851 0 55 0
1280 8 903 0 24 -12851 0 55 0
1281 8 609 0 -12 -12851 0 55 0
1282 8 609 0 0 -12851 0 55 0
1283 8 1100 0 -6 -12851 0 55 0
1284 8 609 0 -12 -12851 0 55 0
1285 8 903 0 6 -12851 0 55 0
1286 8 500 0 18 -12851 0 55 0
1287 8 742 0 24 -12851 0 55 0
1288 8 742 0 18 -12851 0 55 0
1289 8 500 0 0 -12851 0 55 0
1290 8 500 0 -18 -12851 0 55 0
1291 8 742 0 12 -12851 0 55 0
1292 8 1100 0 12 -12851 0 55 0
1293 8 1100 0 6 -12851 0 55 0
1294 8 609 0 -18 -12851 0 55 0
1295 8 609 0 -24 -12851 0 55 0
1296 8 609 0 -24 -12851 0 55 0
1297 8 1100 0 12 -12851 0 55 0
1298 8 903 0 12 -12851 0 55 0
1299 8 500 0 12 -12851 0 55 0
1300 8 742 0 0 -12851 0 55 0
1301 8 1100 0 -12 -12851 0 55 0
1302 8 609 0 18 -12851 0 55 0
1303 8 1100 0 24 -12851 0 55 0
1304 8 742 0 6 -12851 0 55 0
1305 8 742 0 0 -12851 0 55 0
1306 8 903 0 6 -12851 0 55 0
1307 8 903 0 -12 -12851 0 55 0
1308 8 500 0 -24 -12851 0 55 0
1309 8 500 0 18 -12851 0 55 0
1310 8 903 0 24 -12851 0 55 0
1311 8 903 0 -18 -12851 0 55 0
1312 8 1100 0 -18 -12851 0 55 0
1313 8 500 0 -6 -12851 0 55 0
1314 8 742 0 -24 -12851 0 55 0
1315 8 609 0 -6 -12851 0 55 0
1316 8 903 0 18 -12851 0 55 0
1317 8 609 0 18 -12851 0 55 0
1318 8 609 0 6 -12851 0 55 0
1319 8 742 0 -18 -12851 0 55 0
1320 8 1100 0 -6 -12851 0 55 0
1321 8 903 0 6 -12851 0 55 0
1322 8 500 0 -18 -12851 0 55 0
1323 8 1100 0 0 -12851 0 55 0
1324 8 742 0 -24 -12851 0 55 0
1325 8 500 0 0 -12851 0 55 0
1326 8 500 0 18 -12851 0 55 0
1327 8 500 0 -6 -12851 0 55 0
1328 8 1100 0 24 -12851 0 55 0
1329 8 903 0 24 -12851 0 55 0
1330 8 609 0 -24 -12851 0 55 0
1331 8 500 0 -12 -12851 0 55 0
1332 8 1100 0 -12 -12851 0 55 0
1333 8 500 0 12 -12851 0 55 0
1334 8 742 0 12 -12851 0 55 0
1335 8 742 0 -6 -12851 0 55 0
1336 8 1100 0 -6 -12851 0 55 0
1337 8 609 0 0 -12851 0 55 0
1338 8 903 0 -18 -12851 0 55 0
1339 8 742 0 18 -12851 0 55 0
1340 8 609 0 18 -12851 0 55 0
1341 8 903 0 12 -12851 0 55 0
1342 8 609 0 12 -12851 0 55 0
1343 8 609 0 0 -12851 0 55 0
1344 8 742 0 -24 -12851 0 55 0
1345 8 500 0 -18 -12851 0 55 0
1346 8 609 0 -12 -12851 0 55 0
1347 8 609 0 -24 -12851 0 55 0
1348 8 500 0 -12 -12851 0 55 0
1349 8 1100 0 -6 -12851 0 55 0
1350 8 903 0 24 -12851 0 55 0
1351 8 1100 0 6 -12851 0 55 0
1352 8 500 0 24 -12851 0 55 0
1353 8 1100 0 6 -12851 0 55 0
1354 8 742 0 -18 -12851 0 55 0
1355 8 903 0 -18 -12851 0 55 0
1356 8 742 0 0 -12851 0 55 0
1357 8 903 0 -18 -12851 0 55 0
1358 8 742 0 -24 -12851 0 55 0
1359 8 742 0 0 -12851 0 55 0
1360 8 609 0 18 -12851 0 55 0
1361 8 1100 0 -24 -12851 0 55 0
1362 8 500 0 -6 -12851 0 55 0
1363 8 609 0 -12 -12851 0 55 0
1364 8 1100 0 -6 -12851 0 55 0
1365 8 742 0 12 -12851 0 55 0
1366 8 903 0 24 -12851 0 55 0
1367 8 500 0 6 -12851 0 55 0
1368 8 500 0 18 -12851 0 55 0
1369 8 609 0 -12 -12851 0 55 0
1370 8 1100 0 6 -12851 0 55 0
1371 8 903 0 12 -12851 0 55 0
1372 8 903 0 24 -12851 0 55 0
1373 8 742 0 -18 -12851 1 55 0
1374 8 903 0 -18 -12851 0 55 0
1375 8 903 0 12 -12851 0 55 0
1376 8 742 0 -18 -12851 0 55 0
1377 8 742 0 12 -12851 0 55 0
1378 8 903 0 -6 -12851 0 55 0
1379 8 903 0 -24 -12851 0 55 0
1380 8 1100 0 -24 -12851 0 55 0
1381 8 1100 0 18 -12851 0 55 0
1382 8 1100 0 0 -12851 0 55 0
