306 12 742 609 6 -24 1 51 51
307 8 1100 0 -24 -12851 1 55 0
308 8 500 0 24 -12851 0 60 0
309 8 609 0 -6 -12851 1 60 0
310 8 742 0 6 -12851 1 55 0
311 12 1100 742 6 -24 1 51 51
312 8 903 0 6 -12851 1 55 0
313 12 500 742 6 -24 1 55 55
314 8 742 0 -24 -12851 1 55 0
315 12 609 742 -6 24 0 51 51
316 8 903 0 24 -12851 1 60 0
317 8 742 0 24 -12851 1 60 0
318 8 1100 0 -6 -12851 1 60 0
319 12 742 1100 6 -24 1 55 55
320 12 742 500 6 -24 0 55 51
321 8 1100 0 -24 -12851 1 55 0
322 8 1100 0 -24 -12851 1 55 0
323 8 903 0 -6 -12851 0 60 0
324 12 742 609 -6 24 1 55 55
325 8 609 0 -6 -12851 1 55 0
326 8 903 0 -24 -12851 1 60 0
327 8 903 0 24 -12851 0 60 0
328 12 742 903 -6 24 1 55 51
329 12 742 903 -6 24 1 55 55
330 8 1100 0 -24 -12851 0 60 0
331 12 609 742 -6 24 0 51 55
332 8 1100 0 -24 -12851 0 55 0
333 12 742 1100 6 -24 0 55 55
334 8 609 0 24 -12851 0 55 0
335 8 500 0 -24 -12851 1 55 0
336 8 742 0 24 -12851 1 60 0
337 8 742 0 -24 -12851 0 60 0
338 8 742 0 6 -12851 1 55 0
339 12 742 500 -6 24 1 51 51
340 8 609 0 -24 -12851 0 60 0
341 8 500 0 6 -12851 1 55 0
342 12 742 500 -6 24 0 51 55
343 12 500 742 6 -24 0 51 55
344 8 500 0 6 -12851 0 55 0
345 12 742 609 -6 24 0 55 51
346 12 742 903 6 -24 1 55 55
347 12 609 742 -6 24 0 51 51
348 8 609 0 -24 -12851 0 60 0
349 8 609 0 -24 -12851 0 55 0
350 8 742 0 -6 -12851 1 60 0
351 12 742 500 -6 24 0 55 51
352 8 742 0 24 -12851 1 60 0
353 8 609 0 6 -12851 1 55 0
354 8 903 0 -24 -12851 0 60 0
355 8 609 0 -24 -12851 1 55 0
356 8 500 0 24 -12851 1 55 0
357 8 903 0 -24 -12851 1 55 0
358 12 742 1100 -6 24 1 51 51
359 12 742 1100 6 -24 1 51 55
360 12 742 1100 -6 24 0 55 55
361 8 500 0 -6 -12851 0 55 0
362 8 742 0 24 -12851 1 60 0
363 8 903 0 -6 -12851 1 60 0
364 12 500 742 -6 24 0 55 51
365 12 742 903 6 -24 1 55 51
366 12 1100 742 -6 24 1 55 55
367 8 1100 0 -6 -12851 1 55 0
368 12 609 742 6 -24 1 55 51
369 8 500 0 -6 -12851 1 55 0
370 8 1100 0 24 -12851 1 60 0
371 12 742 1100 6 -24 1 55 55
372 12 609 742 6 -24 0 55 55
373 12 609 742 6 -24 1 55 51
374 12 742 1100 -6 24 0 55 55
375 8 1100 0 -24 -12851 1 60 0
376 8 903 0 6 -12851 1 60 0
377 8 903 0 -24 -12851 0 55 0
378 8 742 0 24 -12851 1 60 0
379 12 742 903 6 -24 1 55 51
380 12 742 609 6 -24 1 55 55
381 8 609 0 -6 -12851 1 60 0
382 12 742 609 -6 24 1 51 55
383 8 742 0 6 -12851 1 60 0
384 8 609 0 6 -12851 1 60 0
385 8 903 0 24 -12851 1 55 0
386 8 1100 0 24 -12851 1 55 0
387 8 903 0 -6 -12851 1 60 0
388 8 742 0 -6 -12851 0 55 0
389 8 1100 0 -24 -12851 1 55 0
390 8 1100 0 -6 -12851 1 60 0
391 8 609 0 -24 -12851 1 60 0
392 12 500 742 -6 24 0 51 51
393 12 903 742 -6 24 1 51 51
394 8 500 0 -6 -12851 0 60 0
395 8 500 0 6 -12851 1 60 0
396 12 742 500 6 -24 1 51 55
397 8 500 0 6 -12851 1 60 0
398 8 1100 0 6 -12851 1 55 0
399 8 1100 0 24 -12851 0 60 0
400 8 500 0 6 -12851 0 55 0
401 12 1100 742 -6 24 1 51 55
402 12 742 903 6 -24 1 55 51
403 12 742 903 6 -24 0 55 55
404 12 903 742 6 -24 0 51 51
405 12 903 742 -6 24 1 55 51
406 12 742 903 -6 24 1 51 55
407 8 903 0 -24 -12851 0 60 0
408 8 500 0 -6 -12851 1 55 0
409 8 1100 0 24 -12851 1 60 0
410 12 742 903 -6 24 0 55 55
411 8 609 0 24 -12851 0 60 0
412 8 500 0 6 -12851 0 60 0
413 8 609 0 -24 -12851 0 55 0
414 8 903 0 -6 -12851 1 55 0
415 8 903 0 -6 -12851 0 55 0
416 8 609 0 -24 -12851 1 55 0
417 8 1100 0 -24 -12851 1 55 0
418 8 742 0 -24 -12851 0 60 0
419 8 742 0 -24 -12851 1 55 0
420 12 742 1100 -6 24 0 55 55
421 12 1100 742 6 -24 1 55 55
422 12 1100 742 -6 24 0 51 55
423 8 742 0 -24 -12851 1 60 0
424 8 500 0 -6 -12851 0 55 0
425 12 500 742 -6 24 0 51 51
426 12 1100 742 6 -24 0 51 51
427 8 500 0 24 -12851 0 55 0
428 12 609 742 6 -24 1 55 55
429 12 742 903 6 -24 0 51 55
430 12 742 609 6 -24 0 55 55
431 12 500 742 -6 24 1 51 51
432 12 742 609 6 -24 0 55 55
433 12 742 1100 -6 24 0 55 51
434 8 742 0 24 -12851 1 55 0
435 8 742 0 -24 -12851 1 60 0
436 8 609 0 -6 -12851 0 55 0
437 12 742 1100 6 -24 1 55 51
438 8 903 0 -24 -12851 1 60 0
439 12 742 500 -6 24 0 51 51
440 8 500 0 6 -12851 0 55 0
441 8 742 0 -6 -12851 0 60 0
442 8 1100 0 6 -12851 0 55 0
443 12 903 742 6 -24 1 55 55
444 8 1100 0 6 -12851 1 60 0
445 12 742 500 6 -24 1 55 55
446 8 1100 0 -6 -12851 0 60 0
447 8 903 0 24 -12851 1 55 0
448 8 903 0 24 -12851 0 55 0
449 8 500 0 -6 -12851 0 55 0
450 12 1100 742 -6 24 0 51 51
451 8 609 0 -24 -12851 0 60 0
452 8 609 0 24 -12851 0 55 0
453 8 609 0 24 -12851 1 60 0
454 12 903 742 -6 24 0 51 55
455 12 903 742 -6 24 0 51 55
456 8 609 0 -6 -12851 1 60 0
457 12 742 1100 -6 24 0 51 55
458 8 742 0 -6 -12851 0 55 0
459 8 609 0 -24 -12851 1 60 0
460 12 742 500 6 -24 0 51 51
461 12 1100 742 6 -24 1 51 55
462 12 500 742 6 -24 1 55 55
463 12 742 500 6 -24 1 55 55
464 8 500 0 24 -12851 0 60 0
465 12 742 903 -6 24 0 55 55
466 8 903 0 -6 -12851 1 55 0
467 12 1100 742 6 -24 0 55 55
468 12 742 1100 6 -24 0 55 55
469 12 742 609 -6 24 1 51 51
470 8 609 0 24 -12851 0 60 0
471 12 742 1100 -6 24 0 55 51
472 8 903 0 -24 -12851 1 55 0
473 12 609 742 -6 24 0 55 51
474 8 903 0 -6 -12851 0 55 0
475 8 500 0 -6 -12851 0 60 0
476 8 500 0 6 -12851 1 60 0
477 8 1100 0 -6 -12851 1 60 0
478 8 742 0 24 -12851 1 60 0
479 8 742 0 24 -12851 0 55 0
480 8 1100 0 -6 -12851 0 55 0
481 8 1100 0 24 -12851 0 60 0
482 8 1100 0 6 -12851 1 60 0
483 8 1100 0 -24 -12851 0 55 0
484 12 742 609 6 -24 0 51 51
485 12 742 500 6 -24 1 55 51
486 8 609 0 -6 -12851 0 55 0
487 8 500 0 6 -12851 1 55 0
488 8 609 0 6 -12851 0 60 0
489 12 903 742 6 -24 0 51 51
490 8 500 0 -24 -12851 1 55 0
491 8 1100 0 24 -12851 0 60 0
492 8 609 0 -6 -12851 0 55 0
493 8 500 0 -24 -12851 1 55 0
494 8 1100 0 6 -12851 0 60 0
495 8 742 0 24 -12851 0 60 0
496 12 1100 742 -6 24 0 55 55
497 12 609 742 6 -24 1 51 55
498 12 742 1100 -6 24 0 51 55
499 12 742 500 -6 24 0 51 55
500 12 500 742 6 -24 0 51 55
501 12 1100 742 6 -24 0 55 51
502 8 742 0 6 -12851 1 55 0
503 12 742 500 6 -24 0 55 55
504 8 903 0 24 -12851 1 55 0
505 8 903 0 -6 -12851 1 55 0
506 12 742 903 6 -24 0 55 55
507 8 742 0 -6 -12851 0 55 0
508 8 903 0 -24 -12851 0 55 0
509 8 1100 0 -6 -12851 0 60 0
510 8 1100 0 -6 -12851 0 55 0
511 8 609 0 -24 -12851 1 55 0
512 8 500 0 -6 -12851 0 55 0
513 8 609 0 -6 -12851 0 60 0
514 8 1100 0 -6 -12851 1 60 0
515 12 903 742 6 -24 0 55 55
516 8 500 0 24 -12851 0 60 0
517 8 742 0 24 -12851 1 55 0
518 12 742 903 6 -24 1 51 55
519 12 742 903 6 -24 1 55 51
520 8 742 0 24 -12851 1 55 0
521 8 609 0 6 -12851 1 60 0
522 12 500 742 6 -24 0 51 55
523 12 742 1100 -6 24 1 51 55
524 8 903 0 -24 -12851 1 60 0
525 12 742 500 6 -24 0 55 51
526 8 742 0 24 -12851 1 60 0
527 12 742 609 6 -24 0 51 55
528 8 500 0 6 -12851 1 60 0
529 8 903 0 -6 -12851 0 55 0
530 8 1100 0 6 -12851 1 55 0
531 8 903 0 -24 -12851 0 55 0
532 8 500 0 -24 -12851 1 60 0
533 8 500 0 6 -12851 1 60 0
534 8 903 0 -24 -12851 1 55 0
535 8 742 0 24 -12851 1 60 0
536 12 500 742 -6 24 1 51 51
537 8 1100 0 -6 -12851 0 55 0
538 12 1100 742 -6 24 0 55 55
539 12 742 1100 6 -24 1 55 51
540 12 609 742 -6 24 1 51 55
541 12 742 903 -6 24 0 55 55
542 12 742 609 -6 24 1 51 51
543 8 1100 0 -6 -12851 0 55 0
544 8 1100 0 6 -12851 1 60 0
545 12 1100 742 -6 24 0 51 51
546 12 903 742 -6 24 0 51 51
547 12 742 609 -6 24 0 55 51
548 8 609 0 6 -12851 1 55 0
549 12 742 609 6 -24 0 55 55
550 8 903 0 -6 -12851 1 60 0
551 12 1100 742 -6 24 0 51 55
552 8 742 0 -6 -12851 1 60 0
553 8 609 0 -6 -12851 0 55 0
554 12 903 742 -6 24 0 51 51
555 12 1100 742 -6 24 0 51 51
556 8 500 0 -6 -12851 0 60 0
557 12 742 500 -6 24 1 51 51
558 8 500 0 -6 -12851 1 60 0
559 12 500 742 -6 24 0 55 55
560 8 742 0 24 -12851 1 60 0
561 8 903 0 6 -12851 1 55 0
562 8 609 0 -6 -12851 0 60 0
563 12 742 500 -6 24 0 51 51
564 8 609 0 24 -12851 1 55 0
565 8 609 0 -24 -12851 0 55 0
566 8 742 0 -24 -12851 1 60 0
567 8 1100 0 6 -12851 1 60 0
568 8 742 0 6 -12851 0 60 0
569 12 500 742 6 -24 0 55 55
570 8 742 0 24 -12851 0 55 0
571 12 1100 742 6 -24 0 55 55
572 8 1100 0 6 -12851 0 60 0
573 8 609 0 24 -12851 0 60 0
574 8 609 0 6 -12851 0 60 0
575 8 1100 0 6 -12851 1 55 0
576 8 903 0 -6 -12851 0 55 0
577 8 500 0 24 -12851 0 55 0
578 8 903 0 -24 -12851 1 60 0
579 8 903 0 -6 -12851 0 60 0
580 8 500 0 -6 -12851 0 60 0
581 8 500 0 -24 -12851 0 55 0
582 12 742 903 6 -24 1 51 55
583 8 903 0 -6 -12851 0 60 0
584 8 903 0 24 -12851 0 55 0
585 8 742 0 -6 -12851 0 60 0
586 8 609 0 -6 -12851 0 55 0
587 12 742 609 -6 24 0 51 55
588 8 1100 0 -24 -12851 0 55 0
589 8 742 0 24 -12851 1 55 0
590 8 609 0 -6 -12851 0 60 0
591 12 1100 742 -6 24 1 51 55
592 12 742 609 6 -24 0 51 55
593 12 1100 742 -6 24 1 51 55
594 8 609 0 -6 -12851 0 55 0
595 8 742 0 -6 -12851 0 55 0
596 8 500 0 -24 -12851 0 55 0
597 8 500 0 -6 -12851 0 60 0
598 12 742 903 -6 24 1 51 55
599 8 903 0 24 -12851 0 60 0
600 8 500 0 24 -12851 1 55 0
601 8 1100 0 -24 -12851 1 55 0
602 12 742 609 -6 24 0 55 55
603 8 903 0 -6 -12851 1 55 0
604 8 1100 0 6 -12851 0 55 0
605 12 742 903 6 -24 0 51 55
606 8 742 0 24 -12851 0 60 0
607 8 742 0 -6 -12851 0 55 0
608 8 742 0 24 -12851 0 55 0
609 8 500 0 -24 -12851 1 60 0
610 8 500 0 24 -12851 1 60 0
611 12 742 609 -6 24 0 51 51
612 8 500 0 6 -12851 1 55 0
613 8 742 0 6 -12851 0 60 0
614 8 1100 0 24 -12851 0 60 0
615 12 742 903 -6 24 1 51 55
616 12 742 609 -6 24 0 51 55
617 8 609 0 24 -12851 1 60 0
618 8 609 0 6 -12851 0 60 0
619 12 742 903 6 -24 1 51 55
620 12 1100 742 -6 24 0 55 55
621 8 609 0 -24 -12851 0 60 0
622 8 1100 0 -6 -12851 1 55 0
623 12 1100 742 -6 24 0 51 55
624 12 1100 742 6 -24 0 55 55
625 8 1100 0 24 -12851 1 55 0
626 8 903 0 6 -12851 0 60 0
627 8 903 0 -6 -12851 0 55 0
628 8 903 0 -6 -12851 0 55 0
629 8 742 0 -24 -12851 0 60 0
630 8 742 0 6 -12851 1 55 0
631 8 742 0 -24 -12851 0 60 0
632 12 742 609 -6 24 0 55 55
633 8 500 0 -24 -12851 1 55 0
634 12 742 1100 -6 24 1 55 55
635 8 500 0 24 -12851 0 55 0
636 8 500 0 -6 -12851 1 55 0
637 8 742 0 24 -12851 1 55 0
638 8 1100 0 6 -12851 0 55 0
639 12 609 742 -6 24 1 51 55
640 8 609 0 6 -12851 1 60 0
641 8 609 0 24 -12851 0 55 0
642 8 609 0 -24 -12851 1 55 0
643 8 1100 0 -6 -12851 0 55 0
644 8 1100 0 24 -12851 1 55 0
645 8 903 0 24 -12851 0 55 0
646 8 903 0 24 -12851 1 60 0
647 12 903 742 6 -24 0 51 55
648 12 742 500 6 -24 1 51 51
649 12 742 609 6 -24 0 55 51
650 8 903 0 -6 -12851 0 55 0
651 8 1100 0 24 -12851 0 60 0
652 12 742 500 6 -24 0 55 55
653 8 1100 0 -24 -12851 0 55 0
654 8 500 0 -6 -12851 0 55 0
655 12 609 742 6 -24 0 55 55
656 8 742 0 -6 -12851 0 60 0
657 8 903 0 -24 -12851 0 60 0
658 12 1100 742 -6 24 0 55 51
659 12 609 742 -6 24 0 51 55
660 12 500 742 6 -24 0 55 55
661 8 500 0 -6 -12851 0 55 0
662 12 742 609 -6 24 0 51 55
663 12 903 742 -6 24 0 51 55
664 12 500 742 -6 24 0 51 51
665 12 742 500 6 -24 0 51 51
666 8 1100 0 24 -12851 0 60 0
667 8 609 0 6 -12851 1 60 0
668 12 742 1100 6 -24 1 51 51
669 12 742 609 -6 24 0 51 51
670 8 903 0 -24 -12851 1 60 0
671 8 500 0 6 -12851 1 60 0
672 8 609 0 -6 -12851 0 60 0
673 12 742 1100 -6 24 1 51 51
674 8 609 0 -24 -12851 1 60 0
675 8 742 0 24 -12851 0 60 0
676 8 1100 0 24 -12851 0 60 0
677 8 903 0 -6 -12851 0 60 0
678 8 742 0 6 -12851 1 55 0
679 8 903 0 24 -12851 0 55 0
680 8 903 0 -24 -12851 0 55 0
681 8 1100 0 -6 -12851 0 55 0
682 12 742 1100 6 -24 0 55 51
683 8 903 0 -6 -12851 1 55 0
684 8 903 0 -24 -12851 1 60 0
685 12 500 742 6 -24 0 51 51
686 8 500 0 24 -12851 1 60 0
687 8 742 0 -24 -12851 0 55 0
688 8 500 0 24 -12851 1 55 0
689 8 609 0 -6 -12851 0 60 0
690 8 500 0 24 -12851 0 60 0
691 8 1100 0 24 -12851 0 55 0
692 8 742 0 -6 -12851 0 55 0
693 8 609 0 6 -12851 0 55 0
694 8 1100 0 -6 -12851 0 55 0
695 12 742 500 6 -24 0 55 55
696 8 742 0 -24 -12851 0 55 0
697 8 609 0 -24 -12851 0 60 0
698 8 1100 0 -6 -12851 0 55 0
699 8 1100 0 -24 -12851 0 55 0
700 8 903 0 6 -12851 1 55 0
701 12 742 500 -6 24 1 51 55
702 12 742 903 -6 24 0 55 55
703 8 742 0 -6 -12851 0 55 0
704 12 742 1100 -6 24 0 55 55
705 12 609 742 6 -24 0 55 55
706 12 500 742 6 -24 1 51 55
707 12 609 742 6 -24 1 51 51
708 8 1100 0 -6 -12851 0 55 0
709 12 903 742 6 -24 1 55 55
710 12 742 903 6 -24 0 55 55
711 8 903 0 -6 -12851 0 60 0
712 8 500 0 24 -12851 1 55 0
713 8 1100 0 -24 -12851 0 55 0
714 12 742 500 6 -24 1 51 51
715 8 500 0 6 -12851 1 55 0
716 8 742 0 6 -12851 0 60 0
717 12 609 742 -6 24 0 51 55
718 8 609 0 6 -12851 1 60 0
719 8 903 0 -24 -12851 0 60 0
720 12 742 500 6 -24 1 55 55
721 8 500 0 6 -12851 1 55 0
722 12 609 742 -6 24 0 51 51
723 8 609 0 6 -12851 1 55 0
724 8 742 0 -6 -12851 0 60 0
725 12 742 609 6 -24 0 51 51
726 8 609 0 -24 -12851 1 55 0
727 12 742 500 -6 24 0 51 51
728 12 742 1100 -6 24 1 51 51
729 8 1100 0 -24 -12851 0 55 0
730 8 1100 0 -6 -12851 0 60 0
731 12 742 609 6 -24 1 55 51
732 8 1100 0 -24 -12851 0 55 0
733 8 609 0 24 -12851 0 55 0
734 8 1100 0 -24 -12851 0 55 0
735 8 500 0 6 -12851 1 55 0
736 8 742 0 24 -12851 0 55 0
737 8 500 0 24 -12851 0 55 0
738 12 500 742 6 -24 0 51 51
739 8 742 0 -6 -12851 0 55 0
740 12 742 903 6 -24 0 55 51
741 8 903 0 -6 -12851 0 60 0
742 12 742 1100 -6 24 0 55 51
743 8 500 0 24 -12851 0 60 0
744 8 609 0 -24 -12851 0 60 0
745 12 903 742 -6 24 0 51 51
746 8 903 0 6 -12851 0 60 0
747 8 742 0 6 -12851 0 55 0
748 12 742 609 6 -24 0 55 55
749 8 903 0 6 -12851 0 55 0
750 12 742 500 6 -24 0 51 55
751 12 742 903 6 -24 0 51 51
752 12 742 1100 6 -24 0 55 55
753 8 609 0 -24 -12851 0 60 0
754 8 903 0 -6 -12851 0 55 0
755 12 500 742 -6 24 0 51 51
756 8 903 0 -6 -12851 0 55 0
757 12 1100 742 -6 24 0 55 55
758 8 903 0 6 -12851 0 60 0
759 8 500 0 6 -12851 0 55 0
760 12 1100 742 -6 24 0 55 55
761 12 742 500 -6 24 0 51 55
762 12 742 609 6 -24 0 51 55
763 12 609 742 -6 24 0 51 55
764 8 903 0 24 -12851 0 60 0
765 12 500 742 -6 24 0 55 55
766 8 609 0 24 -12851 0 55 0
767 8 609 0 -24 -12851 0 60 0
768 8 1100 0 24 -12851 0 55 0
769 8 742 0 -24 -12851 0 60 0
770 12 1100 742 6 -24 0 51 55
771 8 1100 0 -24 -12851 0 55 0
772 8 1100 0 6 -12851 0 55 0
773 8 742 0 -6 -12851 0 55 0
774 8 742 0 6 -12851 0 60 0
775 8 609 0 24 -12851 0 60 0
776 12 742 609 -6 24 0 55 55
777 8 500 0 24 -12851 0 60 0
778 8 500 0 -6 -12851 0 60 0
779 8 903 0 6 -12851 0 60 0
780 8 903 0 -6 -12851 0 60 0
781 12 742 1100 6 -24 0 55 51
782 12 1100 742 -6 24 0 55 55
783 8 1100 0 6 -12851 0 60 0
784 8 742 0 24 -12851 0 60 0
785 12 1100 742 6 -24 0 51 55
786 8 903 0 6 -12851 0 55 0
787 8 903 0 24 -12851 0 55 0
788 8 742 0 -24 -12851 0 55 0
789 8 500 0 -6 -12851 0 55 0
790 12 1100 742 6 -24 0 55 55
791 8 609 0 6 -12851 0 55 0
792 12 903 742 6 -24 0 51 55
793 8 1100 0 -6 -12851 0 60 0
794 12 903 742 -6 24 0 55 51
795 8 500 0 6 -12851 0 60 0
796 8 1100 0 -6 -12851 0 60 0
797 12 742 500 6 -24 0 51 55
798 12 903 742 6 -24 0 55 55
799 8 500 0 -6 -12851 0 60 0
800 12 609 742 6 -24 0 51 51
801 12 1100 742 -6 24 0 55 51
802 12 742 903 -6 24 0 55 51
803 8 609 0 -6 -12851 0 60 0
804 8 742 0 -6 -12851 0 60 0
805 8 609 0 -24 -12851 0 55 0
806 12 1100 742 -6 24 0 51 51
807 8 1100 0 24 -12851 0 55 0
808 8 1100 0 24 -12851 0 55 0
809 8 1100 0 24 -12851 0 60 0
810 12 742 500 -6 24 0 55 51
811 12 742 1100 -6 24 0 55 51
812 12 1100 742 -6 24 0 51 51
813 8 500 0 -6 -12851 0 60 0
814 12 903 742 6 -24 0 51 55
815 8 500 0 -6 -12851 0 55 0
816 12 742 903 6 -24 0 51 51
817 8 1100 0 24 -12851 0 60 0
818 12 742 609 -6 24 0 51 55
819 8 903 0 6 -12851 0 60 0
820 12 742 500 6 -24 0 51 51
821 12 903 742 -6 24 0 55 55
822 12 742 609 6 -24 0 55 55
823 12 742 500 6 -24 0 51 55
824 8 742 0 24 -12851 0 60 0
825 12 742 1100 -6 24 0 51 51
826 12 742 500 -6 24 0 55 55
827 8 500 0 -24 -12851 0 55 0
828 12 1100 742 6 -24 0 51 51
829 12 742 903 6 -24 0 51 51
830 12 1100 742 -6 24 0 51 55
831 8 742 0 -24 -12851 0 60 0
832 12 500 742 6 -24 0 51 55
833 12 742 609 -6 24 0 51 51
834 12 609 742 -6 24 0 55 51
835 8 609 0 -6 -12851 0 60 0
836 8 609 0 24 -12851 0 55 0
837 8 609 0 -24 -12851 0 55 0
838 8 742 0 -24 -12851 0 55 0
839 12 742 903 -6 24 0 51 51
840 8 903 0 6 -12851 0 60 0
841 8 903 0 6 -12851 0 60 0
842 12 742 609 -6 24 0 55 55
843 8 903 0 -24 -12851 0 55 0
844 12 1100 742 -6 24 0 51 51
845 8 903 0 -6 -12851 0 60 0
846 8 742 0 -24 -12851 0 55 0
847 8 609 0 -24 -12851 0 55 0
848 8 500 0 6 -12851 0 55 0
849 8 500 0 -24 -12851 0 55 0
850 8 1100 0 24 -12851 0 55 0
851 12 609 742 -6 24 0 51 55
852 8 742 0 6 -12851 0 60 0
853 12 742 500 -6 24 0 55 55
854 12 742 500 6 -24 0 55 55
855 8 500 0 -6 -12851 0 60 0
856 12 742 500 6 -24 0 51 55
857 12 500 742 -6 24 0 55 51
858 8 742 0 -24 -12851 0 60 0
859 12 742 500 6 -24 0 55 51
860 8 903 0 6 -12851 0 60 0
861 8 609 0 -6 -12851 0 55 0
862 8 1100 0 6 -12851 0 60 0
863 8 609 0 24 -12851 0 60 0
864 8 903 0 24 -12851 0 60 0
865 12 609 742 -6 24 0 55 51
866 8 1100 0 6 -12851 0 55 0
867 8 903 0 6 -12851 0 60 0
868 12 609 742 -6 24 0 55 55
869 8 903 0 -24 -12851 0 60 0
870 12 1100 742 6 -24 0 55 55
871 12 500 742 -6 24 0 51 51
872 8 742 0 24 -12851 0 60 0
873 8 742 0 -24 -12851 0 55 0
874 8 609 0 6 -12851 0 60 0
875 12 742 903 -6 24 0 55 51
876 8 742 0 24 -12851 0 55 0
877 8 500 0 6 -12851 0 60 0
878 8 1100 0 24 -12851 0 55 0
879 8 1100 0 -6 -12851 0 55 0
880 12 1100 742 6 -24 0 51 55
881 12 1100 742 6 -24 0 51 51
882 8 903 0 -6 -12851 0 55 0
883 8 903 0 -6 -12851 0 60 0
884 12 742 609 -6 24 0 51 51
885 12 903 742 -6 24 0 55 51
886 12 742 500 6 -24 0 55 51
887 8 609 0 24 -12851 0 55 0
888 8 609 0 6 -12851 0 60 0
889 12 1100 742 6 -24 0 55 55
890 8 1100 0 -24 -12851 0 55 0
891 8 500 0 -24 -12851 0 60 0
892 8 500 0 6 -12851 0 55 0
893 12 500 742 -6 24 0 55 55
894 12 742 500 -6 24 0 55 51
895 8 609 0 -6 -12851 0 55 0
896 8 609 0 24 -12851 0 55 0
897 8 609 0 6 -12851 0 55 0
898 12 609 742 6 -24 0 51 51
899 8 609 0 -6 -12851 0 60 0
900 8 500 0 24 -12851 0 60 0
901 8 742 0 6 -12851 0 55 0
902 8 1100 0 -6 -12851 0 55 0
903 8 500 0 -6 -12851 0 60 0
904 12 742 1100 -6 24 0 51 51
905 8 1100 0 6 -12851 0 60 0
906 12 609 742 6 -24 0 51 55
907 12 609 742 6 -24 0 55 55
908 8 1100 0 6 -12851 0 55 0
909 8 742 0 6 -12851 0 60 0
910 12 1100 742 -6 24 0 51 51
911 8 903 0 6 -12851 0 55 0
912 8 903 0 -24 -12851 0 60 0
913 12 903 742 -6 24 0 51 51
914 8 500 0 24 -12851 0 55 0
915 8 742 0 -24 -12851 0 60 0
916 8 903 0 -24 -12851 0 60 0
917 12 742 609 -6 24 0 55 51
918 12 742 609 6 -24 0 55 51
919 8 1100 0 6 -12851 0 60 0
920 8 1100 0 -6 -12851 0 55 0
921 8 500 0 -6 -12851 0 60 0
922 8 742 0 -24 -12851 0 60 0
923 8 903 0 -6 -12851 0 60 0
924 8 500 0 6 -12851 0 55 0
925 12 609 742 6 -24 0 51 55
926 12 742 1100 -6 24 0 51 51
927 8 1100 0 24 -12851 0 55 0
928 12 1100 742 6 -24 0 55 55
929 8 609 0 24 -12851 0 60 0
930 12 1100 742 6 -24 0 51 55
931 8 903 0 -24 -12851 0 60 0
932 8 500 0 6 -12851 0 60 0
933 12 742 903 6 -24 0 51 55
934 8 609 0 24 -12851 0 60 0
935 12 742 500 -6 24 0 55 51
936 12 742 609 -6 24 0 51 55
937 12 903 742 -6 24 0 55 55
938 8 609 0 -6 -12851 0 55 0
939 12 742 609 -6 24 0 51 51
940 12 609 742 -6 24 0 55 51
941 8 742 0 -24 -12851 0 60 0
942 8 1100 0 6 -12851 0 60 0
943 8 903 0 -6 -12851 0 55 0
944 8 742 0 24 -12851 0 60 0
945 8 903 0 24 -12851 0 60 0
946 12 742 903 6 -24 0 55 55
947 8 903 0 6 -12851 0 55 0
948 8 1100 0 -24 -12851 0 60 0
949 12 500 742 -6 24 0 51 51
950 12 742 903 6 -24 0 55 55
951 8 1100 0 -6 -12851 0 60 0
952 8 903 0 -6 -12851 0 55 0
953 12 903 742 6 -24 0 51 51
954 8 500 0 24 -12851 0 60 0
955 8 500 0 24 -12851 0 60 0
956 8 609 0 -6 -12851 0 55 0
957 12 1100 742 -6 24 0 55 55
958 12 609 742 6 -24 0 55 55
959 8 609 0 6 -12851 0 55 0
960 12 500 742 -6 24 0 51 51
961 12 742 903 -6 24 0 55 55
962 8 903 0 6 -12851 0 60 0
963 8 500 0 -24 -12851 0 60 0
964 8 1100 0 24 -12851 0 60 0
965 12 742 609 -6 24 0 51 51
966 8 609 0 -6 -12851 0 60 0
967 8 742 0 -24 -12851 0 60 0
968 12 500 742 -6 24 0 51 51
969 8 742 0 24 -12851 0 60 0
970 8 742 0 -24 -12851 0 60 0
971 8 609 0 6 -12851 0 55 0
972 12 903 742 -6 24 0 51 51
973 8 609 0 -24 -12851 0 55 0
974 8 903 0 6 -12851 0 60 0
975 8 500 0 6 -12851 0 55 0
976 12 609 742 -6 24 0 51 55
977 12 742 903 6 -24 0 51 55
978 8 609 0 -6 -12851 0 55 0
979 8 1100 0 6 -12851 0 60 0
980 12 903 742 -6 24 0 55 51
981 8 1100 0 -24 -12851 0 55 0
982 8 609 0 -6 -12851 0 60 0
983 12 1100 742 6 -24 0 55 55
984 8 903 0 -24 -12851 0 60 0
985 8 500 0 24 -12851 0 60 0
986 8 500 0 6 -12851 0 55 0
987 12 500 742 -6 24 0 55 51
988 8 903 0 -6 -12851 0 55 0
989 8 1100 0 -6 -12851 0 60 0
990 12 742 500 6 -24 0 51 51
991 12 903 742 6 -24 0 51 55
992 8 742 0 24 -12851 0 60 0
993 8 742 0 6 -12851 0 55 0
994 12 903 742 -6 24 0 55 55
995 8 742 0 -24 -12851 0 60 0
996 8 1100 0 24 -12851 0 60 0
997 8 1100 0 6 -12851 0 60 0
998 12 609 742 -6 24 0 55 55
999 8 609 0 -6 -12851 0 60 0
1000 12 609 742 -6 24 0 55 55
1001 8 500 0 6 -12851 0 55 0
1002 12 609 742 6 -24 0 55 51
1003 12 609 742 -6 24 0 55 55
1004 8 609 0 24 -12851 0 60 0
1005 12 742 609 -6 24 0 51 55
1006 12 1100 742 6 -24 0 51 51
1007 8 1100 0 -24 -12851 0 55 0
1008 12 903 742 6 -24 0 55 55
1009 8 500 0 -24 -12851 0 55 0
1010 12 609 742 6 -24 0 55 51
1011 8 742 0 24 -12851 0 60 0
1012 8 742 0 24 -12851 0 60 0
1013 8 609 0 -6 -12851 0 60 0
1014 8 903 0 6 -12851 0 55 0
1015 12 742 1100 -6 24 0 51 51
1016 8 742 0 24 -12851 0 60 0
1017 12 742 903 -6 24 0 55 55
1018 12 609 742 6 -24 0 51 55
1019 12 903 742 -6 24 0 55 51
1020 12 742 1100 6 -24 0 55 55
1021 12 742 1100 -6 24 0 51 55
1022 8 500 0 6 -12851 0 60 0
1023 12 903 742 6 -24 0 55 55
1024 8 903 0 6 -12851 0 55 0
1025 8 1100 0 6 -12851 0 55 0
1026 8 903 0 24 -12851 0 55 0
1027 8 500 0 -24 -12851 0 55 0
1028 12 609 742 -6 24 0 55 55
1029 12 742 500 6 -24 0 55 51
1030 8 500 0 6 -12851 0 55 0
1031 8 903 0 6 -12851 0 55 0
1032 8 903 0 -24 -12851 0 55 0
1033 12 1100 742 6 -24 0 51 55
1034 12 742 609 -6 24 0 51 51
1035 8 903 0 24 -12851 0 55 0
1036 8 609 0 6 -12851 0 60 0
1037 12 1100 742 -6 24 0 51 51
1038 8 500 0 6 -12851 0 55 0
1039 8 1100 0 -24 -12851 0 55 0
1040 8 609 0 -6 -12851 0 55 0
1041 12 742 903 -6 24 0 55 51
1042 12 1100 742 6 -24 0 55 51
1043 8 742 0 -6 -12851 0 60 0
1044 8 1100 0 24 -12851 0 55 0
1045 8 1100 0 24 -12851 0 55 0
1046 8 500 0 -24 -12851 0 60 0
1047 8 609 0 -6 -12851 0 55 0
1048 12 742 1100 -6 24 0 55 51
1049 12 1100 742 6 -24 0 51 55
1050 8 742 0 6 -12851 0 55 0
1051 8 742 0 6 -12851 0 55 0
1052 12 903 742 -6 24 0 51 55
1053 8 609 0 -24 -12851 0 60 0
1054 12 500 742 6 -24 0 51 55
1055 12 903 742 -6 24 0 51 55
1056 8 609 0 24 -12851 0 55 0
1057 8 1100 0 24 -12851 0 60 0
1058 8 903 0 6 -12851 0 60 0
1059 12 742 1100 -6 24 0 55 51
1060 8 742 0 -24 -12851 0 60 0
1061 8 500 0 -24 -12851 0 60 0
1062 8 903 0 -24 -12851 0 55 0
1063 8 609 0 -24 -12851 0 60 0
1064 12 1100 742 6 -24 0 51 51
1065 8 1100 0 24 -12851 0 60 0
1066 8 500 0 6 -12851 0 60 0
1067 8 609 0 -24 -12851 0 55 0
1068 8 1100 0 24 -12851 0 55 0
1069 8 903 0 -6 -12851 0 55 0
1070 12 742 500 -6 24 0 51 51
1071 8 500 0 6 -12851 0 60 0
1072 8 742 0 -24 -12851 0 55 0
1073 12 609 742 6 -24 0 55 55
1074 8 742 0 -24 -12851 0 55 0
1075 8 742 0 -24 -12851 0 55 0
1076 8 742 0 24 -12851 0 60 0
1077 8 742 0 -24 -12851 0 55 0
1078 12 903 742 -6 24 0 51 55
1079 8 500 0 24 -12851 0 60 0
1080 8 609 0 24 -12851 0 60 0
1081 8 1100 0 24 -12851 0 55 0
1082 12 903 742 6 -24 0 51 51
1083 12 742 903 -6 24 0 55 55
1084 8 903 0 -6 -12851 0 60 0
1085 8 1100 0 6 -12851 0 60 0
1086 8 1100 0 -24 -12851 0 60 0
1087 8 500 0 6 -12851 0 55 0
1088 12 1100 742 6 -24 0 55 55
1089 12 500 742 -6 24 0 51 55
1090 8 742 0 -24 -12851 0 55 0
1091 8 903 0 -6 -12851 0 60 0
1092 8 609 0 24 -12851 0 55 0
1093 12 742 500 -6 24 0 51 55
1094 12 903 742 6 -24 0 55 55
1095 12 742 500 -6 24 0 55 55
1096 8 500 0 24 -12851 0 60 0
1097 12 742 903 6 -24 0 55 55
1098 8 609 0 -24 -12851 0 55 0
1099 12 742 609 -6 24 0 55 51
1100 8 903 0 -24 -12851 0 60 0
1101 12 1100 742 -6 24 0 51 51
1102 12 742 609 6 -24 0 51 51
1103 8 1100 0 6 -12851 0 55 0
1104 8 1100 0 -6 -12851 0 55 0
1105 8 609 0 -24 -12851 0 60 0
1106 8 500 0 -24 -12851 0 55 0
1107 8 609 0 6 -12851 0 55 0
1108 8 1100 0 -6 -12851 0 55 0
1109 8 500 0 -6 -12851 0 55 0
1110 8 742 0 -6 -12851 0 60 0
1111 8 742 0 24 -12851 0 60 0
1112 8 609 0 -24 -12851 0 55 0
1113 8 903 0 -6 -12851 0 55 0
1114 12 742 1100 -6 24 0 55 55
1115 8 742 0 -24 -12851 0 55 0
1116 8 500 0 24 -12851 0 60 0
1117 8 903 0 -6 -12851 0 55 0
1118 12 742 500 6 -24 0 51 55
1119 8 1100 0 -24 -12851 0 55 0
1120 8 903 0 -24 -12851 0 60 0
1121 12 500 742 -6 24 0 55 51
1122 8 903 0 6 -12851 0 55 0
1123 8 903 0 24 -12851 0 60 0
1124 8 500 0 -24 -12851 0 55 0
1125 12 500 742 6 -24 0 55 55
1126 8 609 0 -6 -12851 0 55 0
1127 8 609 0 24 -12851 0 60 0
1128 8 742 0 24 -12851 0 60 0
1129 8 1100 0 -6 -12851 0 60 0
1130 8 609 0 24 -12851 0 60 0
1131 8 742 0 24 -12851 0 55 0
1132 12 1100 742 -6 24 0 55 55
1133 8 1100 0 6 -12851 0 60 0
1134 12 742 500 -6 24 0 51 51
1135 12 742 500 -6 24 0 55 55
1136 12 742 1100 -6 24 0 51 55
1137 12 1100 742 -6 24 0 55 51
1138 12 742 1100 -6 24 0 51 55
1139 12 742 609 6 -24 0 55 51
1140 12 742 609 6 -24 0 55 51
1141 8 903 0 -24 -12851 0 55 0
1142 12 742 609 -6 24 0 51 55
1143 12 903 742 -6 24 0 55 55
1144 8 1100 0 -24 -12851 0 60 0
1145 8 742 0 -24 -12851 0 60 0
1146 8 903 0 -24 -12851 0 60 0
1147 12 742 609 -6 24 0 51 55
1148 8 500 0 24 -12851 0 60 0
1149 8 500 0 6 -12851 0 60 0
1150 12 742 1100 -6 24 0 55 51
1151 8 500 0 24 -12851 0 60 0
1152 8 500 0 -6 -12851 1 60 0
1153 8 609 0 6 -12851 1 55 0
1154 12 609 742 -6 24 0 55 55
1155 8 609 0 24 -12851 0 55 0
1156 12 500 742 -6 24 0 55 51
1157 12 609 742 6 -24 0 51 51
1158 12 500 742 -6 24 0 55 55
1159 12 742 1100 -6 24 1 55 51
1160 8 500 0 6 -12851 0 55 0
1161 8 1100 0 -24 -12851 0 60 0
1162 8 903 0 -6 -12851 0 55 0
1163 8 742 0 6 -12851 0 60 0
1164 12 1100 742 6 -24 0 55 55
1165 12 742 609 6 -24 0 51 55
1166 8 903 0 -24 -12851 0 55 0
1167 12 742 1100 6 -24 0 55 51
1168 12 903 742 6 -24 0 55 51
1169 8 903 0 -24 -12851 0 60 0
1170 12 609 742 -6 24 0 51 55
1171 8 609 0 -6 -12851 0 55 0
1172 8 500 0 24 -12851 0 60 0
1173 8 1100 0 24 -12851 0 55 0
1174 12 500 742 6 -24 0 55 51
1175 8 742 0 6 -12851 0 60 0
1176 8 742 0 -6 -12851 0 55 0
1177 12 609 742 -6 24 0 55 51
1178 12 609 742 -6 24 0 55 55
1179 12 742 903 -6 24 0 55 51
1180 12 742 1100 6 -24 0 51 55
1181 8 1100 0 -6 -12851 0 55 0
1182 8 609 0 24 -12851 0 60 0
1183 12 742 1100 -6 24 0 55 51
1184 8 609 0 -6 -12851 0 55 0
1185 8 903 0 24 -12851 0 60 0
1186 8 609 0 -24 -12851 0 55 0
1187 8 742 0 -6 -12851 0 60 0
1188 8 500 0 6 -12851 0 60 0
1189 12 500 742 6 -24 0 51 51
1190 12 609 742 6 -24 0 55 55
1191 12 742 500 6 -24 0 51 51
1192 12 742 1100 6 -24 0 51 51
1193 8 1100 0 -24 -12851 0 60 0
1194 8 609 0 6 -12851 0 55 0
1195 8 1100 0 -24 -12851 0 55 0
1196 12 742 1100 6 -24 0 51 55
1197 8 903 0 -6 -12851 0 60 0
1198 12 742 1100 6 -24 0 51 51
1199 8 500 0 -24 -12851 0 60 0
1200 8 500 0 -24 -12851 0 55 0
1201 8 742 0 -24 -12851 0 60 0
1202 8 1100 0 -24 -12851 0 55 0
1203 12 742 1100 -6 24 0 51 55
1204 8 742 0 -24 -12851 0 55 0
1205 8 903 0 -6 -12851 0 55 0
1206 8 742 0 -24 -12851 0 55 0
1207 8 742 0 6 -12851 0 60 0
1208 12 903 742 6 -24 0 51 51
1209 12 742 903 6 -24 0 55 51
1210 12 609 742 6 -24 0 51 51
1211 12 742 609 6 -24 0 55 55
1212 8 609 0 -24 -12851 0 60 0
1213 8 500 0 24 -12851 0 60 0
1214 12 1100 742 -6 24 0 55 51
1215 12 742 1100 6 -24 0 55 51
1216 8 609 0 -6 -12851 0 60 0
1217 8 903 0 -6 -12851 0 55 0
1218 12 742 1100 -6 24 0 55 51
1219 12 903 742 6 -24 0 51 51
1220 8 500 0 24 -12851 0 55 0
1221 8 1100 0 -24 -12851 0 60 0
1222 8 1100 0 6 -12851 0 55 0
1223 12 742 903 -6 24 0 55 55
1224 12 1100 742 6 -24 0 51 51
1225 12 742 500 6 -24 0 55 51
1226 12 609 742 6 -24 0 55 55
1227 8 500 0 6 -12851 0 60 0
1228 8 742 0 6 -12851 0 55 0
1229 8 609 0 6 -12851 0 55 0
1230 8 903 0 6 -12851 0 55 0
1231 8 742 0 -24 -12851 0 55 0
1232 8 903 0 -6 -12851 0 55 0
1233 12 1100 742 6 -24 0 55 55
1234 12 1100 742 -6 24 0 55 51
1235 12 609 742 -6 24 0 55 51
1236 12 609 742 6 -24 0 51 51
1237 8 1100 0 -6 -12851 0 60 0
1238 8 500 0 6 -12851 0 55 0
1239 8 500 0 -6 -12851 0 55 0
1240 8 903 0 -24 -12851 0 60 0
1241 8 742 0 24 -12851 0 60 0
1242 8 1100 0 -6 -12851 0 60 0
1243 8 1100 0 24 -12851 0 55 0
1244 8 1100 0 -6 -12851 0 60 0
1245 12 742 903 -6 24 0 51 51
1246 12 609 742 6 -24 0 51 51
1247 12 742 1100 6 -24 0 55 55
1248 8 609 0 6 -12851 0 55 0
1249 12 742 903 -6 24 0 55 51
1250 8 903 0 24 -12851 0 60 0
1251 8 742 0 6 -12851 0 55 0
1252 12 609 742 -6 24 0 55 55
1253 12 742 1100 6 -24 0 55 55
1254 12 1100 742 -6 24 0 55 51
1255 12 742 1100 -6 24 0 55 55
1256 12 742 609 6 -24 0 51 51
1257 8 609 0 -6 -12851 0 55 0
1258 8 500 0 -24 -12851 0 60 0
1259 12 500 742 6 -24 0 51 55
1260 8 500 0 24 -12851 0 60 0
1261 8 742 0 -24 -12851 0 60 0
1262 8 903 0 24 -12851 0 60 0
1263 12 1100 742 6 -24 0 55 51
1264 12 1100 742 6 -24 0 51 55
1265 8 609 0 -24 -12851 0 60 0
1266 12 742 903 -6 24 0 51 55
1267 12 500 742 6 -24 0 55 51
1268 8 903 0 24 -12851 0 55 0
1269 12 1100 742 6 -24 0 51 51
1270 12 742 1100 -6 24 0 55 51
1271 8 903 0 -24 -12851 0 55 0
1272 8 1100 0 -6 -12851 0 55 0
1273 12 609 742 6 -24 0 51 51
1274 8 903 0 24 -12851 0 55 0
1275 12 742 1100 6 -24 0 55 55
1276 12 903 742 -6 24 0 51 51
1277 12 742 1100 6 -24 0 51 55
1278 8 903 0 -24 -12851 0 60 0
1279 8 1100 0 -24 -12851 0 55 0
1280 12 742 903 6 -24 0 55 55
1281 8 1100 0 -6 -12851 0 60 0
1282 12 742 1100 -6 24 0 55 51
1283 8 742 0 -24 -12851 0 55 0
1284 8 742 0 -6 -12851 0 60 0
1285 12 903 742 6 -24 0 51 55
1286 8 609 0 -24 -12851 0 55 0
1287 8 742 0 24 -12851 0 60 0
1288 8 609 0 6 -12851 0 60 0
1289 8 609 0 -24 -12851 0 55 0
1290 12 742 500 -6 24 0 55 55
1291 12 609 742 -6 24 0 55 51
1292 8 500 0 -6 -12851 0 55 0
1293 8 500 0 -24 -12851 0 60 0
1294 12 742 609 6 -24 0 55 55
1295 8 500 0 -24 -12851 0 55 0
1296 8 609 0 24 -12851 0 60 0
1297 8 609 0 24 -12851 0 55 0
1298 12 500 742 -6 24 0 51 51
1299 12 500 742 6 -24 0 55 51
1300 8 609 0 -6 -12851 0 60 0
1301 12 903 742 -6 24 0 51 51
1302 12 500 742 6 -24 0 55 55
1303 8 500 0 -6 -12851 0 55 0
1304 8 500 0 6 -12851 0 60 0
1305 12 1100 742 6 -24 0 51 55
1306 8 1100 0 24 -12851 0 60 0
1307 8 903 0 -24 -12851 0 60 0
1308 8 742 0 6 -12851 0 60 0
1309 8 903 0 -6 -12851 0 55 0
1310 8 742 0 6 -12851 0 60 0
1311 12 742 500 -6 24 0 51 51
1312 8 742 0 24 -12851 0 60 0
1313 12 609 742 -6 24 0 55 51
1314 8 903 0 24 -12851 0 55 0
1315 8 500 0 6 -12851 0 60 0
1316 8 609 0 24 -12851 0 55 0
1317 12 1100 742 -6 24 0 51 51
1318 8 1100 0 -6 -12851 0 60 0
1319 12 742 609 6 -24 0 51 51
1320 8 1100 0 -6 -12851 0 55 0
1321 8 903 0 6 -12851 0 60 0
1322 12 609 742 -6 24 0 55 51
1323 12 1100 742 6 -24 0 51 55
1324 8 903 0 6 -12851 0 60 0
1325 8 500 0 24 -12851 0 55 0
1326 12 500 742 -6 24 0 51 51
1327 8 903 0 -6 -12851 0 60 0
1328 8 1100 0 -24 -12851 0 60 0
1329 12 742 609 6 -24 0 51 55
1330 12 609 742 -6 24 0 51 55
1331 8 1100 0 6 -12851 0 55 0
1332 12 609 742 -6 24 0 55 51
1333 8 609 0 -24 -12851 0 60 0
1334 12 742 609 6 -24 0 51 51
1335 8 742 0 -6 -12851 0 55 0
1336 8 609 0 24 -12851 0 60 0
1337 12 742 903 6 -24 0 51 55
1338 8 742 0 -24 -12851 0 60 0
1339 12 609 742 -6 24 0 51 51
1340 8 609 0 -24 -12851 0 60 0
1341 8 1100 0 -6 -12851 0 60 0
1342 8 500 0 24 -12851 0 55 0
1343 12 903 742 -6 24 0 51 55
1344 8 903 0 24 -12851 0 55 0
1345 12 903 742 -6 24 0 51 51
1346 12 742 500 6 -24 0 51 55
1347 8 742 0 24 -12851 0 60 0
1348 12 742 609 6 -24 0 55 51
1349 8 500 0 -24 -12851 0 55 0
1350 8 742 0 -6 -12851 0 55 0
1351 12 1100 742 -6 24 0 55 55
1352 12 1100 742 6 -24 0 51 55
1353 8 742 0 6 -12851 0 60 0
1354 8 1100 0 6 -12851 0 60 0
1355 12 903 742 -6 24 0 55 55
1356 12 1100 742 -6 24 0 51 51
1357 8 1100 0 -24 -12851 0 55 0
1358 8 1100 0 -24 -12851 0 55 0
1359 8 609 0 6 -12851 0 60 0
1360 12 903 742 -6 24 0 55 51
1361 12 1100 742 6 -24 0 55 55
1362 8 742 0 24 -12851 0 60 0
1363 12 742 609 6 -24 0 51 51
1364 12 500 742 6 -24 0 51 55
1365 12 742 609 -6 24 0 51 51
1366 12 903 742 6 -24 0 51 55
1367 12 742 1100 6 -24 0 55 51
1368 12 500 742 -6 24 0 55 51
1369 12 742 500 6 -24 0 55 51
1370 8 903 0 -6 -12851 0 60 0
1371 8 500 0 24 -12851 0 60 0
1372 8 609 0 24 -12851 0 60 0
1373 12 742 1100 6 -24 0 55 51
1374 8 500 0 24 -12851 0 60 0
1375 12 903 742 -6 24 0 51 55
1376 8 742 0 6 -12851 0 60 0
1377 12 742 903 -6 24 0 51 55
1378 8 609 0 6 -12851 0 55 0
1379 12 742 500 -6 24 0 51 55
1380 8 500 0 -6 -12851 0 55 0
1381 8 903 0 -6 -12851 0 55 0
1382 12 903 742 -6 24 0 55 51
1383 8 903 0 6 -12851 0 60 0
1384 12 742 1100 6 -24 0 51 51
1385 8 903 0 24 -12851 0 60 0
1386 12 742 500 6 -24 0 55 51
1387 8 903 0 24 -12851 0 60 0
1388 12 1100 742 6 -24 0 55 55
1389 12 742 1100 -6 24 0 51 55
1390 8 500 0 -24 -12851 0 60 0
1391 8 609 0 24 -12851 0 60 0
1392 12 742 500 -6 24 0 55 55
1393 8 609 0 -6 -12851 0 55 0
1394 12 742 609 6 -24 0 55 55
1395 8 742 0 24 -12851 0 60 0
1396 12 742 903 -6 24 0 51 51
1397 12 742 1100 6 -24 0 55 51
1398 12 1100 742 6 -24 0 51 55
1399 8 1100 0 -6 -12851 0 60 0
1400 12 742 903 6 -24 0 55 55
1401 12 609 742 -6 24 0 55 55
1402 8 609 0 6 -12851 0 60 0
1403 8 742 0 6 -12851 0 55 0
1404 8 1100 0 24 -12851 0 55 0
1405 8 903 0 24 -12851 0 60 0
1406 12 1100 742 6 -24 0 51 55
1407 8 1100 0 -24 -12851 0 60 0
1408 8 742 0 -6 -12851 0 55 0
1409 12 903 742 -6 24 0 51 55
1410 8 903 0 -24 -12851 0 55 0
1411 8 500 0 -6 -12851 0 60 0
1412 8 500 0 -6 -12851 0 60 0
1413 12 742 903 6 -24 0 55 55
1414 8 1100 0 24 -12851 0 55 0
1415 8 1100 0 -6 -12851 0 55 0
1416 8 1100 0 -6 -12851 0 60 0
1417 12 742 1100 -6 24 0 55 51
1418 8 609 0 6 -12851 0 60 0
1419 8 609 0 24 -12851 0 60 0
1420 8 609 0 -6 -12851 0 55 0
1421 8 903 0 6 -12851 0 60 0
1422 12 742 609 -6 24 0 51 55
1423 12 742 500 -6 24 0 51 51
1424 12 742 500 6 -24 0 51 51
1425 12 903 742 6 -24 0 55 51
1426 8 500 0 -24 -12851 0 60 0
1427 12 742 903 -6 24 0 55 51
1428 12 742 609 6 -24 0 55 55
1429 12 500 742 6 -24 0 55 55
1430 8 742 0 6 -12851 0 55 0
1431 12 903 742 -6 24 0 51 55
1432 12 903 742 -6 24 0 51 51
1433 12 742 903 6 -24 0 55 55
1434 8 742 0 -24 -12851 0 55 0
1435 8 903 0 -24 -12851 0 60 0
1436 12 1100 742 -6 24 0 51 51
1437 8 1100 0 -24 -12851 0 60 0
1438 8 500 0 -6 -12851 1 55 0
1439 8 903 0 6 -12851 0 55 0
1440 8 500 0 6 -12851 0 60 0
1441 8 742 0 6 -12851 0 60 0
1442 12 742 903 6 -24 0 51 51
1443 8 742 0 -6 -12851 0 60 0
1444 8 742 0 -24 -12851 1 60 0
1445 12 1100 742 -6 24 0 51 51
1446 12 1100 742 6 -24 0 51 55
1447 12 609 742 -6 24 0 51 55
1448 12 742 1100 -6 24 0 55 55
1449 8 609 0 -6 -12851 1 55 0
1450 8 742 0 -6 -12851 1 60 0
1451 8 903 0 6 -12851 0 55 0
1452 8 903 0 -6 -12851 0 55 0
1453 12 903 742 6 -24 1 51 55
1454 8 1100 0 -6 -12851 1 55 0
1455 8 609 0 24 -12851 0 60 0
1456 8 903 0 -6 -12851 0 55 0
1457 8 742 0 -24 -12851 0 55 0
1458 8 500 0 6 -12851 0 60 0
1459 12 742 609 -6 24 0 51 51
1460 12 742 609 -6 24 0 51 51
1461 12 742 500 6 -24 0 51 55
1462 12 742 1100 -6 24 0 51 51
1463 8 1100 0 -6 -12851 0 55 0
1464 12 742 1100 -6 24 0 55 51
1465 8 609 0 -6 -12851 0 60 0
1466 12 1100 742 6 -24 0 51 51
1467 12 742 500 6 -24 0 51 55
1468 12 609 742 -6 24 0 55 55
1469 12 742 1100 6 -24 0 55 51
1470 12 742 1100 6 -24 0 55 51
1471 8 500 0 -24 -12851 0 60 0
1472 8 1100 0 -6 -12851 0 55 0
1473 8 500 0 -24 -12851 0 55 0
1474 12 742 1100 6 -24 1 55 51
1475 12 742 903 -6 24 0 55 51
1476 12 609 742 6 -24 0 55 51
1477 8 609 0 -6 -12851 0 60 0
1478 8 609 0 -24 -12851 0 55 0
1479 12 742 500 -6 24 0 55 51
1480 8 742 0 24 -12851 0 55 0
1481 8 609 0 -24 -12851 0 60 0
1482 8 500 0 6 -12851 0 55 0
1483 12 903 742 6 -24 0 55 51
1484 12 742 1100 -6 24 0 55 51
1485 12 742 903 6 -24 0 55 51
1486 8 903 0 -6 -12851 0 60 0
1487 8 609 0 -6 -12851 0 60 0
1488 8 903 0 6 -12851 0 60 0
1489 8 903 0 24 -12851 0 55 0
1490 12 500 742 6 -24 0 51 55
1491 8 500 0 24 -12851 0 60 0
1492 8 500 0 -24 -12851 0 60 0
1493 12 500 742 -6 24 0 55 55
1494 8 1100 0 -24 -12851 0 55 0
1495 8 742 0 24 -12851 0 60 0
1496 8 742 0 -6 -12851 0 55 0
1497 8 1100 0 6 -12851 0 55 0
1498 12 742 903 -6 24 0 51 55
1499 8 1100 0 6 -12851 0 55 0
1500 8 500 0 -24 -12851 0 60 0
1501 8 500 0 -6 -12851 0 60 0
1502 12 742 1100 6 -24 0 51 55
1503 12 742 903 6 -24 0 55 51
1504 12 742 609 6 -24 0 51 51
1505 8 742 0 -24 -12851 0 60 0
1506 8 609 0 -24 -12851 0 60 0
1507 12 609 742 6 -24 0 51 51
1508 12 742 1100 6 -24 1 51 55
1509 12 742 500 -6 24 0 55 55
1510 8 903 0 24 -12851 1 60 0
1511 8 903 0 -24 -12851 0 55 0
1512 8 1100 0 6 -12851 0 60 0
1513 8 500 0 -6 -12851 1 60 0
1514 8 609 0 6 -12851 0 60 0
1515 12 500 742 -6 24 0 51 51
1516 12 1100 742 6 -24 0 55 55
1517 8 742 0 -24 -12851 0 55 0
1518 12 742 1100 6 -24 0 51 55
1519 8 903 0 6 -12851 0 60 0
1520 12 609 742 6 -24 0 55 55
1521 8 1100 0 -6 -12851 0 55 0
1522 12 742 609 6 -24 0 55 55
1523 8 742 0 -6 -12851 0 55 0
1524 8 1100 0 6 -12851 0 60 0
1525 12 742 500 -6 24 0 51 51
1526 8 500 0 -24 -12851 0 55 0
1527 8 609 0 -6 -12851 0 55 0
1528 12 742 1100 6 -24 0 55 55
1529 12 742 1100 6 -24 0 51 55
1530 8 903 0 -6 -12851 0 60 0
1531 12 1100 742 6 -24 0 51 55
1532 12 609 742 -6 24 0 55 55
1533 12 742 609 6 -24 0 55 55
1534 8 903 0 6 -12851 0 60 0
1535 8 500 0 -24 -12851 0 55 0
1536 12 742 1100 6 -24 0 55 51
1537 12 742 609 -6 24 0 51 55
1538 8 1100 0 -6 -12851 0 60 0
1539 12 500 742 -6 24 0 51 55
1540 8 742 0 24 -12851 0 55 0
1541 8 500 0 -24 -12851 0 60 0
1542 12 742 903 -6 24 0 55 55
1543 8 500 0 -24 -12851 0 55 0
1544 8 1100 0 -6 -12851 0 55 0
1545 8 609 0 -6 -12851 0 60 0
1546 8 1100 0 24 -12851 0 60 0
1547 8 609 0 24 -12851 0 55 0
1548 12 742 500 6 -24 0 55 51
1549 12 1100 742 6 -24 0 55 55
1550 8 742 0 -24 -12851 0 55 0
1551 12 500 742 -6 24 0 51 51
1552 12 903 742 -6 24 0 55 51
1553 12 903 742 6 -24 0 55 55
1554 12 742 609 -6 24 0 55 55
1555 8 609 0 24 -12851 0 55 0
1556 12 742 609 6 -24 0 51 55
1557 8 742 0 -6 -12851 0 60 0
1558 8 903 0 24 -12851 0 60 0
1559 8 903 0 24 -12851 0 60 0
1560 12 903 742 -6 24 0 55 55
1561 12 742 903 6 -24 0 51 55
1562 8 903 0 6 -12851 0 60 0
1563 12 742 500 6 -24 0 51 55
1564 8 903 0 24 -12851 0 60 0
1565 8 500 0 6 -12851 0 60 0
1566 12 609 742 -6 24 0 55 51
1567 8 609 0 -6 -12851 0 60 0
1568 12 742 903 -6 24 0 51 55
1569 8 609 0 -6 -12851 0 60 0
1570 8 742 0 -6 -12851 0 55 0
1571 12 742 903 -6 24 0 55 51
1572 12 742 500 -6 24 0 51 55
1573 8 1100 0 -24 -12851 0 55 0
1574 8 609 0 -6 -12851 0 60 0
1575 8 742 0 24 -12851 0 55 0
1576 12 903 742 -6 24 0 55 55
1577 8 1100 0 24 -12851 0 60 0
1578 8 903 0 24 -12851 0 60 0
1579 8 1100 0 24 -12851 0 60 0
1580 8 742 0 6 -12851 0 60 0
1581 12 742 609 -6 24 0 55 55
1582 8 903 0 24 -12851 0 55 0
1583 8 500 0 24 -12851 0 55 0
1584 8 500 0 24 -12851 0 60 0
1585 8 609 0 6 -12851 0 60 0
1586 8 609 0 -24 -12851 0 55 0
1587 12 609 742 -6 24 0 51 55
1588 12 903 742 6 -24 0 55 55
1589 12 742 609 -6 24 0 51 51
1590 12 742 903 -6 24 0 51 55
1591 8 1100 0 -24 -12851 0 60 0
1592 8 903 0 6 -12851 0 55 0
1593 12 742 500 -6 24 0 55 55
1594 12 903 742 -6 24 0 51 55
1595 8 742 0 -6 -12851 0 55 0
1596 12 742 903 -6 24 0 51 55
1597 8 500 0 24 -12851 0 55 0
1598 12 500 742 6 -24 0 55 51
1599 12 903 742 -6 24 0 55 51
1600 8 903 0 -6 -12851 0 60 0
1601 8 609 0 -6 -12851 0 55 0
1602 8 1100 0 6 -12851 0 60 0
1603 12 742 500 6 -24 0 51 51
1604 12 1100 742 -6 24 0 55 55
1605 12 742 903 6 -24 0 51 55
1606 12 903 742 6 -24 0 51 51
1607 8 500 0 24 -12851 0 60 0
1608 12 742 1100 6 -24 0 51 55
1609 12 742 1100 -6 24 0 51 51
1610 12 903 742 6 -24 0 55 51
1611 12 609 742 -6 24 0 51 51
1612 8 609 0 6 -12851 0 55 0
1613 8 1100 0 -6 -12851 0 60 0
1614 12 903 742 6 -24 0 51 51
1615 8 903 0 24 -12851 0 60 0
1616 8 500 0 -6 -12851 0 55 0
1617 8 742 0 6 -12851 0 60 0
1618 12 742 500 6 -24 0 51 55
1619 8 742 0 6 -12851 0 60 0
1620 8 500 0 -6 -12851 0 55 0
1621 8 500 0 -24 -12851 0 60 0
1622 8 903 0 -6 -12851 0 60 0
1623 12 742 903 -6 24 0 51 51
1624 8 903 0 -24 -12851 0 60 0
1625 12 1100 742 -6 24 0 51 51
1626 8 500 0 -24 -12851 0 55 0
1627 12 742 500 6 -24 0 51 55
1628 12 609 742 -6 24 0 51 55
1629 12 609 742 6 -24 0 55 51
1630 8 1100 0 24 -12851 0 60 0
1631 8 1100 0 -6 -12851 0 55 0
1632 8 609 0 -24 -12851 0 55 0
1633 12 742 500 6 -24 0 51 55
1634 8 609 0 -24 -12851 0 55 0
1635 8 609 0 -24 -12851 0 60 0
1636 8 500 0 24 -12851 0 60 0
1637 12 742 1100 6 -24 0 55 51
1638 12 742 609 6 -24 0 51 55
1639 8 742 0 -24 -12851 0 55 0
1640 12 742 903 6 -24 0 55 51
1641 8 1100 0 -6 -12851 0 55 0
1642 8 742 0 6 -12851 0 55 0
1643 8 742 0 6 -12851 0 60 0
1644 8 903 0 -6 -12851 0 55 0
1645 8 903 0 -6 -12851 0 60 0
1646 12 742 609 6 -24 0 51 55
1647 8 903 0 -6 -12851 0 55 0
1648 8 609 0 6 -12851 0 60 0
1649 8 500 0 -6 -12851 0 55 0
1650 12 1100 742 -6 24 0 55 55
1651 8 1100 0 24 -12851 0 60 0
1652 8 500 0 24 -12851 0 55 0
1653 12 500 742 -6 24 0 55 55
1654 8 500 0 24 -12851 0 55 0
1655 12 742 903 -6 24 0 51 51
1656 8 609 0 6 -12851 0 60 0
1657 8 609 0 24 -12851 0 60 0
1658 8 742 0 6 -12851 0 55 0
1659 8 903 0 6 -12851 0 55 0
1660 8 903 0 -24 -12851 0 55 0
1661 8 742 0 -24 -12851 0 55 0
1662 8 742 0 -24 -12851 0 55 0
1663 8 1100 0 6 -12851 0 55 0
1664 12 742 1100 -6 24 0 55 51
1665 8 1100 0 6 -12851 0 60 0
1666 8 903 0 -6 -12851 0 60 0
1667 8 903 0 -24 -12851 0 60 0
1668 8 1100 0 24 -12851 0 55 0
1669 12 903 742 -6 24 0 51 55
1670 8 500 0 -24 -12851 0 60 0
1671 12 609 742 6 -24 0 55 51
1672 12 742 1100 -6 24 0 51 51
1673 8 609 0 -24 -12851 0 60 0
1674 8 742 0 24 -12851 0 55 0
1675 12 1100 742 -6 24 0 55 51
1676 8 609 0 -6 -12851 0 55 0
1677 12 742 1100 6 -24 0 51 55
1678 8 609 0 6 -12851 0 55 0
1679 8 500 0 6 -12851 0 60 0
1680 8 742 0 -6 -12851 0 60 0
1681 8 1100 0 -24 -12851 0 55 0
1682 8 903 0 -6 -12851 0 55 0
1683 8 903 0 -6 -12851 0 55 0
1684 12 1100 742 6 -24 0 51 51
1685 8 1100 0 24 -12851 0 60 0
1686 8 500 0 24 -12851 0 55 0
1687 8 742 0 -24 -12851 0 60 0
1688 8 609 0 -6 -12851 0 55 0
1689 12 1100 742 6 -24 0 55 51
1690 8 609 0 6 -12851 0 55 0
1691 12 742 500 6 -24 0 51 55
1692 8 609 0 6 -12851 0 55 0
1693 8 500 0 6 -12851 0 55 0
1694 8 500 0 -6 -12851 0 60 0
1695 12 903 742 -6 24 0 51 51
1696 8 1100 0 -6 -12851 0 60 0
1697 8 903 0 6 -12851 0 55 0
1698 8 742 0 6 -12851 0 60 0
1699 12 500 742 -6 24 0 51 51
1700 8 903 0 -6 -12851 0 60 0
1701 8 742 0 24 -12851 0 55 0
1702 8 742 0 6 -12851 0 60 0
1703 8 903 0 24 -12851 0 55 0
1704 8 500 0 -6 -12851 0 55 0
1705 12 500 742 -6 24 0 55 55
1706 8 609 0 24 -12851 0 60 0
1707 8 1100 0 6 -12851 0 55 0
1708 8 1100 0 6 -12851 0 60 0
1709 12 500 742 -6 24 0 51 55
1710 8 609 0 -24 -12851 0 55 0
1711 8 609 0 -6 -12851 0 55 0
1712 8 609 0 24 -12851 0 55 0
1713 12 742 609 -6 24 0 51 55
1714 8 500 0 -6 -12851 0 60 0
1715 12 903 742 6 -24 0 55 55
1716 8 500 0 -24 -12851 0 55 0
1717 12 903 742 6 -24 0 55 55
1718 12 742 609 -6 24 0 55 55
1719 8 1100 0 -6 -12851 0 60 0
1720 12 742 609 -6 24 0 51 51
1721 8 903 0 -6 -12851 0 60 0
1722 12 609 742 -6 24 0 51 55
1723 8 742 0 -6 -12851 0 55 0
1724 8 903 0 -24 -12851 0 55 0
1725 12 742 903 -6 24 0 51 51
1726 8 742 0 24 -12851 0 60 0
1727 12 742 1100 6 -24 0 51 51
1728 12 742 609 -6 24 0 51 55
1729 8 742 0 -24 -12851 0 60 0
1730 8 903 0 -6 -12851 0 55 0
1731 8 500 0 -6 -12851 0 60 0
1732 8 609 0 -24 -12851 0 55 0
1733 8 1100 0 6 -12851 0 55 0
1734 8 1100 0 -6 -12851 1 55 0
1735 12 609 742 -6 24 0 51 55
1736 12 1100 742 6 -24 0 51 55
1737 8 500 0 24 -12851 0 55 0
1738 8 500 0 6 -12851 0 60 0
1739 8 609 0 6 -12851 0 55 0
1740 8 742 0 6 -12851 0 55 0
1741 8 500 0 24 -12851 0 55 0
1742 8 500 0 6 -12851 0 55 0
1743 12 742 903 6 -24 0 55 51
1744 8 609 0 6 -12851 0 60 0
1745 8 1100 0 -24 -12851 0 55 0
1746 8 609 0 6 -12851 0 60 0
1747 12 500 742 -6 24 0 51 55
1748 8 1100 0 -6 -12851 0 55 0
1749 8 1100 0 6 -12851 0 60 0
1750 8 903 0 24 -12851 0 55 0
1751 12 609 742 6 -24 0 51 55
1752 12 500 742 6 -24 0 51 55
1753 8 903 0 -6 -12851 0 55 0
1754 12 500 742 6 -24 0 51 51
1755 12 903 742 6 -24 0 55 51
1756 8 742 0 6 -12851 0 60 0
1757 12 742 500 6 -24 0 51 51
1758 8 742 0 6 -12851 0 60 0
1759 8 903 0 -24 -12851 0 55 0
1760 12 609 742 6 -24 0 51 51
1761 8 903 0 -24 -12851 0 60 0
1762 8 903 0 6 -12851 0 55 0
1763 8 903 0 -6 -12851 0 55 0
1764 8 903 0 -6 -12851 0 60 0
1765 8 1100 0 24 -12851 0 55 0
1766 8 742 0 -24 -12851 0 55 0
1767 12 742 500 6 -24 0 55 55
1768 12 500 742 -6 24 0 55 51
1769 8 500 0 6 -12851 0 60 0
1770 8 609 0 -24 -12851 0 60 0
1771 8 500 0 -6 -12851 0 55 0
1772 12 742 609 -6 24 0 55 55
1773 8 1100 0 -6 -12851 0 55 0
1774 8 1100 0 6 -12851 0 60 0
1775 12 742 1100 6 -24 0 55 51
1776 12 742 1100 6 -24 0 51 51
1777 8 742 0 -6 -12851 0 55 0
1778 8 742 0 -6 -12851 0 60 0
1779 8 500 0 -6 -12851 0 60 0
1780 12 742 500 -6 24 0 55 51
1781 8 609 0 -24 -12851 0 60 0
1782 8 609 0 24 -12851 0 60 0
1783 12 609 742 -6 24 0 51 55
1784 8 903 0 6 -12851 0 55 0
1785 12 500 742 6 -24 0 51 51
1786 8 903 0 24 -12851 0 55 0
1787 12 742 903 6 -24 0 55 51
1788 8 742 0 6 -12851 0 60 0
1789 12 500 742 -6 24 0 55 51
1790 8 609 0 -6 -12851 0 55 0
1791 8 500 0 24 -12851 0 55 0
1792 8 500 0 6 -12851 0 55 0
1793 12 742 1100 6 -24 0 51 55
1794 12 742 903 -6 24 0 51 55
1795 8 1100 0 24 -12851 0 55 0
1796 12 609 742 6 -24 0 51 51
1797 12 742 500 -6 24 0 55 51
1798 12 742 609 6 -24 0 55 51
1799 12 903 742 -6 24 0 55 51
1800 8 742 0 -24 -12851 0 55 0
1801 12 742 609 -6 24 0 55 55
1802 8 500 0 6 -12851 0 60 0
1803 12 500 742 -6 24 0 51 51
1804 8 742 0 -24 -12851 0 55 0
1805 12 609 742 -6 24 0 51 51
1806 8 903 0 -24 -12851 0 60 0
1807 8 609 0 24 -12851 0 60 0
1808 8 1100 0 6 -12851 0 60 0
1809 12 609 742 -6 24 0 55 55
1810 12 742 500 -6 24 0 51 55
1811 12 903 742 6 -24 0 51 51
1812 8 609 0 24 -12851 0 60 0
1813 12 609 742 -6 24 0 51 51
1814 12 742 609 6 -24 0 55 55
1815 8 903 0 -6 -12851 0 60 0
1816 12 609 742 -6 24 0 51 55
1817 12 742 500 6 -24 0 51 51
1818 12 903 742 6 -24 0 55 55
1819 8 1100 0 24 -12851 0 55 0
1820 8 609 0 24 -12851 0 55 0
1821 12 609 742 6 -24 0 55 51
1822 8 609 0 -24 -12851 0 60 0
1823 12 903 742 -6 24 0 51 55
1824 8 609 0 -6 -12851 0 55 0
1825 8 500 0 -24 -12851 0 60 0
1826 12 903 742 -6 24 0 55 55
1827 12 742 609 -6 24 0 55 55
1828 8 500 0 -6 -12851 0 55 0
1829 12 500 742 -6 24 0 51 51
1830 8 1100 0 -24 -12851 0 60 0
1831 12 742 609 6 -24 0 51 51
1832 8 903 0 24 -12851 0 55 0
1833 12 742 1100 6 -24 0 55 55
1834 8 742 0 6 -12851 0 60 0
1835 8 903 0 24 -12851 0 60 0
1836 12 742 1100 -6 24 0 55 55
1837 12 742 1100 -6 24 0 55 51
1838 8 742 0 24 -12851 0 55 0
1839 8 742 0 -6 -12851 0 55 0
1840 12 742 500 6 -24 0 51 55
1841 12 742 903 6 -24 0 55 51
1842 12 903 742 6 -24 0 51 51
1843 12 742 609 6 -24 0 51 51
1844 12 742 500 6 -24 0 51 55
1845 8 903 0 -24 -12851 0 55 0
1846 8 500 0 -24 -12851 0 60 0
1847 8 609 0 6 -12851 0 60 0
1848 8 1100 0 24 -12851 0 60 0
