306 8 609 0 -6 -12851 1 60 0
307 12 742 1100 6 -24 0 55 55
308 8 742 0 6 -12851 1 55 0
309 8 609 0 -6 -12851 0 60 0
310 12 903 742 -6 24 0 55 55
311 12 903 742 -6 24 1 55 51
312 8 500 0 -24 -12851 0 60 0
313 8 903 0 -6 -12851 0 55 0
314 12 903 742 6 -24 1 55 51
315 12 742 1100 6 -24 0 51 55
316 8 742 0 -24 -12851 1 60 0
317 12 500 742 6 -24 0 51 51
318 12 742 1100 -6 24 1 51 51
319 12 609 742 6 -24 0 55 51
320 8 1100 0 -6 -12851 0 55 0
321 8 1100 0 6 -12851 1 55 0
322 8 1100 0 -24 -12851 0 60 0
323 8 500 0 6 -12851 1 55 0
324 8 500 0 -6 -12851 0 60 0
325 12 742 609 6 -24 1 55 55
326 8 500 0 6 -12851 0 55 0
327 8 500 0 6 -12851 1 55 0
328 8 742 0 -24 -12851 1 55 0
329 12 1100 742 6 -24 1 55 55
330 12 609 742 -6 24 0 51 55
331 12 903 742 -6 24 1 55 55
332 8 500 0 24 -12851 0 60 0
333 8 903 0 -6 -12851 1 55 0
334 8 742 0 -6 -12851 0 60 0
335 12 742 1100 6 -24 0 51 55
336 8 609 0 -24 -12851 1 60 0
337 8 742 0 24 -12851 1 55 0
338 12 742 609 6 -24 0 55 55
339 8 609 0 6 -12851 1 55 0
340 8 903 0 -6 -12851 0 60 0
341 12 903 742 -6 24 0 55 55
342 8 903 0 -6 -12851 1 55 0
343 12 1100 742 6 -24 1 51 51
344 8 609 0 24 -12851 0 60 0
345 8 1100 0 -24 -12851 1 60 0
346 12 742 609 6 -24 1 51 51
347 12 742 903 6 -24 1 51 51
348 12 609 742 6 -24 1 55 55
349 8 1100 0 -6 -12851 1 60 0
350 8 1100 0 -6 -12851 1 55 0
351 8 1100 0 24 -12851 1 60 0
352 12 742 903 6 -24 1 55 51
353 8 1100 0 -24 -12851 0 60 0
354 8 903 0 -6 -12851 0 60 0
355 12 609 742 -6 24 0 55 51
356 8 903 0 -6 -12851 1 55 0
357 8 609 0 24 -12851 1 60 0
358 12 742 609 -6 24 1 55 51
359 8 609 0 -24 -12851 1 60 0
360 12 742 609 -6 24 0 51 55
361 12 500 742 -6 24 1 55 55
362 8 742 0 24 -12851 1 60 0
363 8 903 0 -24 -12851 1 60 0
364 8 742 0 6 -12851 1 55 0
365 8 1100 0 -6 -12851 0 55 0
366 8 1100 0 24 -12851 1 55 0
367 8 742 0 24 -12851 1 60 0
368 8 500 0 -24 -12851 1 60 0
369 12 742 500 6 -24 1 51 55
370 8 500 0 -6 -12851 1 60 0
371 8 500 0 6 -12851 0 55 0
372 12 903 742 -6 24 1 55 55
373 8 609 0 24 -12851 1 60 0
374 12 742 500 -6 24 1 51 55
375 8 1100 0 6 -12851 1 55 0
376 12 742 903 6 -24 1 55 51
377 8 1100 0 6 -12851 1 60 0
378 8 903 0 6 -12851 1 55 0
379 12 742 500 -6 24 0 51 55
380 8 500 0 6 -12851 1 55 0
381 8 1100 0 24 -12851 1 55 0
382 12 742 500 6 -24 0 51 51
383 8 609 0 6 -12851 1 60 0
384 8 500 0 6 -12851 1 55 0
385 8 903 0 -24 -12851 1 55 0
386 8 609 0 24 -12851 1 60 0
387 8 609 0 -24 -12851 1 55 0
388 12 742 609 6 -24 1 55 51
389 8 1100 0 6 -12851 1 55 0
390 8 500 0 -6 -12851 1 60 0
391 8 903 0 -6 -12851 1 60 0
392 12 742 903 6 -24 1 51 51
393 8 742 0 6 -12851 1 55 0
394 8 742 0 24 -12851 1 55 0
395 8 742 0 -24 -12851 0 60 0
396 8 609 0 -6 -12851 1 60 0
397 8 609 0 -24 -12851 1 60 0
398 12 742 903 6 -24 0 55 55
399 12 609 742 6 -24 1 51 51
400 8 742 0 6 -12851 1 55 0
401 8 609 0 -24 -12851 1 60 0
402 8 1100 0 -6 -12851 1 55 0
403 8 609 0 6 -12851 1 55 0
404 12 742 609 -6 24 0 55 55
405 8 903 0 -24 -12851 1 60 0
406 8 1100 0 -24 -12851 1 55 0
407 8 500 0 -24 -12851 1 60 0
408 12 1100 742 -6 24 0 51 55
409 12 742 903 6 -24 1 55 51
410 8 500 0 -24 -12851 1 60 0
411 8 500 0 24 -12851 1 60 0
412 12 742 609 -6 24 0 55 51
413 8 1100 0 -6 -12851 1 60 0
414 8 903 0 6 -12851 1 60 0
415 8 903 0 -24 -12851 1 55 0
416 12 609 742 6 -24 0 55 55
417 8 742 0 24 -12851 1 60 0
418 8 742 0 24 -12851 0 55 0
419 8 500 0 -24 -12851 1 55 0
420 8 500 0 -24 -12851 1 55 0
421 12 609 742 -6 24 0 51 55
422 8 742 0 -6 -12851 1 55 0
423 8 742 0 24 -12851 1 60 0
424 12 609 742 -6 24 0 55 51
425 8 903 0 24 -12851 1 55 0
426 8 609 0 6 -12851 0 60 0
427 8 1100 0 -24 -12851 1 55 0
428 8 903 0 -6 -12851 0 55 0
429 12 609 742 6 -24 1 51 51
430 8 742 0 -6 -12851 1 60 0
431 8 500 0 24 -12851 1 55 0
432 8 609 0 24 -12851 1 60 0
433 12 609 742 -6 24 1 55 51
434 8 1100 0 24 -12851 1 60 0
435 8 500 0 6 -12851 1 55 0
436 8 1100 0 6 -12851 1 55 0
437 12 742 903 -6 24 0 51 51
438 8 609 0 -24 -12851 1 60 0
439 8 903 0 -24 -12851 0 60 0
440 12 742 903 6 -24 0 51 51
441 8 500 0 -6 -12851 0 60 0
442 12 500 742 -6 24 1 51 51
443 12 1100 742 -6 24 0 55 55
444 8 500 0 -6 -12851 0 55 0
445 12 742 903 6 -24 1 51 51
446 8 500 0 -24 -12851 1 60 0
447 8 903 0 -6 -12851 1 55 0
448 12 742 500 6 -24 1 55 51
449 8 609 0 6 -12851 1 60 0
450 8 903 0 -6 -12851 1 60 0
451 12 609 742 -6 24 0 55 51
452 12 742 903 6 -24 1 51 51
453 12 742 609 -6 24 0 55 55
454 8 742 0 6 -12851 0 55 0
455 8 609 0 -6 -12851 0 60 0
456 12 742 609 6 -24 0 51 51
457 8 500 0 -6 -12851 0 55 0
458 8 609 0 24 -12851 1 55 0
459 8 742 0 -24 -12851 0 55 0
460 8 742 0 6 -12851 1 60 0
461 8 903 0 -24 -12851 1 60 0
462 8 1100 0 6 -12851 1 55 0
463 12 742 609 -6 24 1 51 51
464 12 742 500 -6 24 0 55 51
465 8 1100 0 6 -12851 0 60 0
466 12 742 609 6 -24 1 55 55
467 12 742 1100 -6 24 0 51 51
468 12 742 1100 -6 24 0 55 55
469 12 742 1100 -6 24 1 51 51
470 12 742 500 6 -24 1 55 51
471 8 1100 0 -24 -12851 1 60 0
472 8 500 0 6 -12851 1 55 0
473 8 500 0 -24 -12851 1 60 0
474 8 742 0 -6 -12851 1 60 0
475 12 500 742 6 -24 1 51 51
476 12 742 500 -6 24 1 55 55
477 8 609 0 24 -12851 1 55 0
478 12 500 742 -6 24 1 51 51
479 8 903 0 24 -12851 1 55 0
480 8 903 0 -24 -12851 1 60 0
481 8 742 0 24 -12851 1 60 0
482 8 1100 0 -6 -12851 0 55 0
483 12 1100 742 6 -24 1 55 51
484 12 742 903 -6 24 0 55 51
485 8 742 0 6 -12851 1 55 0
486 12 742 903 -6 24 0 55 55
487 8 500 0 6 -12851 1 60 0
488 8 500 0 24 -12851 1 60 0
489 8 903 0 6 -12851 1 55 0
490 12 1100 742 6 -24 0 55 55
491 12 742 903 6 -24 0 51 55
492 8 1100 0 6 -12851 1 60 0
493 12 609 742 -6 24 1 51 55
494 8 609 0 24 -12851 1 60 0
495 8 1100 0 6 -12851 0 55 0
496 8 609 0 -6 -12851 0 60 0
497 12 609 742 6 -24 0 51 55
498 12 500 742 -6 24 0 55 55
499 8 742 0 6 -12851 0 60 0
500 12 742 903 6 -24 0 55 55
501 12 903 742 6 -24 1 51 51
502 8 742 0 -24 -12851 1 60 0
503 12 609 742 6 -24 1 55 55
504 8 1100 0 24 -12851 1 60 0
505 8 1100 0 -6 -12851 0 60 0
506 12 903 742 6 -24 1 51 55
507 8 500 0 -6 -12851 1 60 0
508 8 609 0 24 -12851 1 55 0
509 12 609 742 -6 24 1 55 55
510 8 500 0 -24 -12851 1 55 0
511 12 1100 742 6 -24 1 51 51
512 8 609 0 6 -12851 1 60 0
513 8 903 0 24 -12851 1 60 0
514 8 609 0 24 -12851 0 60 0
515 12 742 500 6 -24 0 55 55
516 12 500 742 6 -24 0 51 55
517 12 609 742 -6 24 1 55 55
518 8 742 0 24 -12851 1 60 0
519 12 500 742 -6 24 1 55 55
520 12 742 903 -6 24 0 55 55
521 12 903 742 6 -24 0 51 55
522 8 1100 0 24 -12851 1 60 0
523 8 903 0 24 -12851 1 60 0
524 12 742 609 -6 24 1 51 51
525 8 500 0 24 -12851 1 55 0
526 12 609 742 -6 24 1 55 51
527 8 742 0 6 -12851 1 60 0
528 8 903 0 24 -12851 1 55 0
529 12 742 500 -6 24 0 55 51
530 8 742 0 -6 -12851 0 60 0
531 8 742 0 6 -12851 0 60 0
532 8 609 0 -24 -12851 1 60 0
533 12 742 1100 -6 24 0 51 51
534 8 1100 0 -6 -12851 0 55 0
535 8 1100 0 24 -12851 0 60 0
536 12 609 742 -6 24 0 55 55
537 12 742 609 6 -24 1 55 55
538 8 1100 0 -24 -12851 1 60 0
539 8 903 0 24 -12851 0 60 0
540 8 609 0 -6 -12851 0 60 0
541 8 903 0 6 -12851 1 60 0
542 12 903 742 6 -24 1 51 55
543 12 609 742 -6 24 0 55 55
544 8 500 0 6 -12851 1 60 0
545 8 742 0 24 -12851 1 60 0
546 8 742 0 6 -12851 1 55 0
547 12 742 1100 -6 24 1 51 51
548 8 500 0 24 -12851 1 55 0
549 12 742 500 -6 24 0 55 55
550 8 500 0 24 -12851 0 55 0
551 8 609 0 -24 -12851 1 55 0
552 12 742 609 6 -24 0 55 51
553 8 903 0 -6 -12851 0 60 0
554 8 903 0 -24 -12851 0 55 0
555 12 742 609 -6 24 0 55 55
556 12 742 500 -6 24 0 51 51
557 8 903 0 6 -12851 1 55 0
558 8 903 0 6 -12851 0 60 0
559 8 1100 0 24 -12851 1 55 0
560 12 500 742 6 -24 1 51 55
561 12 742 609 6 -24 0 55 55
562 8 742 0 6 -12851 0 60 0
563 8 1100 0 -6 -12851 1 60 0
564 8 903 0 24 -12851 1 60 0
565 8 609 0 24 -12851 1 55 0
566 12 742 500 6 -24 0 55 55
567 8 1100 0 -6 -12851 1 55 0
568 8 500 0 6 -12851 1 60 0
569 12 742 500 6 -24 1 55 55
570 12 903 742 6 -24 0 51 51
571 8 500 0 6 -12851 1 55 0
572 12 1100 742 6 -24 1 51 51
573 12 742 609 6 -24 1 55 51
574 8 500 0 6 -12851 1 60 0
575 8 609 0 -24 -12851 1 55 0
576 8 609 0 6 -12851 1 60 0
577 12 609 742 6 -24 0 51 55
578 8 742 0 -6 -12851 0 60 0
579 8 742 0 24 -12851 1 55 0
580 8 903 0 -24 -12851 0 55 0
581 12 1100 742 6 -24 1 55 51
582 12 742 609 6 -24 0 55 51
583 8 903 0 24 -12851 0 60 0
584 12 903 742 6 -24 0 51 51
585 8 903 0 -6 -12851 1 60 0
586 8 609 0 24 -12851 1 60 0
587 12 742 903 -6 24 1 55 55
588 8 500 0 -6 -12851 0 55 0
589 8 1100 0 -6 -12851 0 60 0
590 8 1100 0 24 -12851 0 60 0
591 8 742 0 6 -12851 0 55 0
592 8 742 0 24 -12851 1 55 0
593 8 1100 0 24 -12851 1 60 0
594 12 742 500 6 -24 1 55 51
595 8 609 0 -6 -12851 1 55 0
596 12 903 742 6 -24 0 51 51
597 8 903 0 -6 -12851 0 60 0
598 12 742 903 -6 24 0 51 55
599 12 742 1100 6 -24 0 51 55
600 8 500 0 24 -12851 0 60 0
601 12 609 742 -6 24 1 51 51
602 12 742 1100 6 -24 1 55 55
603 8 609 0 -24 -12851 1 60 0
604 8 500 0 -24 -12851 1 60 0
605 8 742 0 -6 -12851 1 55 0
606 8 742 0 -24 -12851 1 60 0
607 12 903 742 6 -24 1 55 51
608 12 742 609 -6 24 1 55 51
609 8 742 0 -6 -12851 1 55 0
610 8 609 0 6 -12851 1 55 0
611 12 742 609 -6 24 0 51 55
612 8 1100 0 -6 -12851 1 55 0
613 12 742 609 6 -24 0 51 55
614 12 500 742 6 -24 1 55 55
615 8 1100 0 -6 -12851 1 60 0
616 12 742 903 -6 24 0 51 51
617 12 500 742 6 -24 0 55 55
618 12 742 1100 -6 24 0 55 51
619 12 609 742 6 -24 0 51 55
620 8 1100 0 6 -12851 0 55 0
621 12 609 742 -6 24 0 55 55
622 8 903 0 -6 -12851 0 55 0
623 12 742 609 -6 24 0 51 51
624 12 609 742 -6 24 1 51 51
625 8 609 0 24 -12851 1 55 0
626 12 500 742 -6 24 0 55 55
627 12 609 742 6 -24 1 55 55
628 8 903 0 -6 -12851 1 60 0
629 8 500 0 -24 -12851 0 60 0
630 8 742 0 24 -12851 1 60 0
631 12 1100 742 -6 24 0 51 55
632 12 1100 742 -6 24 0 51 51
633 8 742 0 -6 -12851 0 55 0
634 8 500 0 6 -12851 1 60 0
635 8 500 0 24 -12851 1 55 0
636 12 742 1100 -6 24 0 55 55
637 12 742 609 6 -24 0 51 55
638 12 903 742 -6 24 0 55 55
639 8 609 0 -6 -12851 1 60 0
640 8 903 0 -24 -12851 1 60 0
641 12 742 1100 -6 24 1 51 55
642 12 1100 742 6 -24 1 51 51
643 8 500 0 -6 -12851 0 60 0
644 12 500 742 -6 24 1 55 55
645 8 500 0 -24 -12851 1 55 0
646 8 609 0 -6 -12851 0 55 0
647 12 742 609 -6 24 0 55 55
648 8 609 0 -6 -12851 0 60 0
649 8 1100 0 -6 -12851 0 60 0
650 12 1100 742 6 -24 0 55 55
651 12 903 742 6 -24 0 51 51
652 8 609 0 -24 -12851 0 55 0
653 8 1100 0 6 -12851 0 55 0
654 12 1100 742 6 -24 1 51 55
655 8 500 0 -24 -12851 1 60 0
656 8 903 0 24 -12851 1 60 0
657 12 1100 742 6 -24 1 51 51
658 8 1100 0 24 -12851 1 55 0
659 8 903 0 -6 -12851 0 60 0
660 12 742 500 -6 24 1 55 55
661 12 742 903 -6 24 1 55 55
662 8 903 0 -6 -12851 0 55 0
663 12 742 609 6 -24 0 55 51
664 12 903 742 6 -24 0 51 51
665 8 742 0 6 -12851 1 55 0
666 8 742 0 -6 -12851 1 60 0
667 8 742 0 -24 -12851 1 60 0
668 12 1100 742 6 -24 1 51 51
669 8 500 0 6 -12851 1 55 0
670 12 742 903 -6 24 1 55 51
671 12 500 742 -6 24 0 55 55
672 8 1100 0 -24 -12851 1 55 0
673 8 1100 0 -6 -12851 1 55 0
674 12 742 500 6 -24 1 55 55
675 8 903 0 6 -12851 1 55 0
676 8 609 0 -6 -12851 0 60 0
677 8 903 0 -6 -12851 1 55 0
678 8 500 0 -24 -12851 1 55 0
679 8 903 0 6 -12851 1 55 0
680 8 742 0 6 -12851 1 60 0
681 12 742 903 6 -24 1 51 51
682 12 742 609 -6 24 0 51 51
683 8 500 0 24 -12851 1 60 0
684 12 742 1100 6 -24 0 55 51
685 8 742 0 -6 -12851 1 60 0
686 8 500 0 6 -12851 1 55 0
687 8 1100 0 6 -12851 1 60 0
688 12 903 742 6 -24 0 55 51
689 8 609 0 24 -12851 1 55 0
690 12 903 742 -6 24 0 51 51
691 12 742 1100 -6 24 0 55 55
692 12 742 500 6 -24 1 55 51
693 8 1100 0 24 -12851 1 60 0
694 12 903 742 6 -24 0 55 51
695 8 609 0 -24 -12851 1 60 0
696 12 500 742 6 -24 1 51 51
697 8 742 0 6 -12851 1 55 0
698 8 903 0 -24 -12851 1 60 0
699 8 903 0 -6 -12851 1 60 0
700 12 742 500 -6 24 0 51 55
701 8 903 0 -24 -12851 1 60 0
702 8 500 0 -6 -12851 0 55 0
703 12 500 742 6 -24 0 55 55
704 8 742 0 -6 -12851 0 55 0
705 8 609 0 6 -12851 1 55 0
706 8 742 0 24 -12851 1 60 0
707 12 609 742 6 -24 1 51 51
708 12 742 609 6 -24 1 51 51
709 8 1100 0 -6 -12851 1 55 0
710 8 500 0 6 -12851 1 55 0
711 12 742 500 -6 24 0 55 55
712 12 500 742 6 -24 1 55 51
713 12 742 1100 -6 24 0 51 55
714 12 500 742 -6 24 0 51 55
715 8 1100 0 6 -12851 1 60 0
716 12 742 903 6 -24 1 55 55
717 8 903 0 -6 -12851 0 60 0
718 8 609 0 6 -12851 1 60 0
719 8 1100 0 6 -12851 0 55 0
720 8 742 0 -6 -12851 0 60 0
721 12 742 609 6 -24 0 51 51
722 12 903 742 -6 24 1 51 55
723 8 609 0 24 -12851 1 55 0
724 8 500 0 6 -12851 1 55 0
725 12 500 742 6 -24 1 51 51
726 8 1100 0 -6 -12851 0 60 0
727 8 1100 0 -24 -12851 0 60 0
728 8 609 0 -6 -12851 0 55 0
729 12 500 742 6 -24 0 51 51
730 12 742 1100 -6 24 0 51 55
731 12 742 609 6 -24 0 55 55
732 8 609 0 -6 -12851 1 60 0
733 12 742 609 -6 24 0 51 51
734 8 500 0 -24 -12851 0 55 0
735 8 609 0 6 -12851 0 60 0
736 8 903 0 24 -12851 0 55 0
737 8 500 0 -24 -12851 0 60 0
738 8 742 0 6 -12851 0 55 0
739 8 903 0 6 -12851 1 55 0
740 8 1100 0 24 -12851 1 55 0
741 8 903 0 -24 -12851 1 60 0
742 8 742 0 -24 -12851 1 60 0
743 8 500 0 -24 -12851 1 60 0
744 8 742 0 24 -12851 0 60 0
745 8 1100 0 -6 -12851 1 60 0
746 8 500 0 -6 -12851 1 55 0
747 8 500 0 24 -12851 0 55 0
748 12 742 609 6 -24 0 51 55
749 12 742 609 -6 24 0 55 55
750 8 609 0 24 -12851 0 55 0
751 8 609 0 6 -12851 0 60 0
752 8 500 0 -24 -12851 1 60 0
753 12 1100 742 -6 24 1 55 51
754 12 742 500 6 -24 0 55 51
755 12 609 742 -6 24 1 51 55
756 12 742 1100 -6 24 1 51 51
757 8 1100 0 -6 -12851 1 55 0
758 12 742 1100 6 -24 0 55 55
759 8 903 0 24 -12851 1 55 0
760 12 500 742 6 -24 1 55 55
761 12 742 903 -6 24 0 51 51
762 8 903 0 6 -12851 0 55 0
763 12 742 1100 6 -24 1 51 55
764 8 500 0 -6 -12851 1 60 0
765 8 1100 0 24 -12851 1 60 0
766 12 1100 742 -6 24 0 55 51
767 12 742 903 6 -24 0 51 55
768 12 742 903 -6 24 0 51 55
769 8 609 0 -6 -12851 0 55 0
770 12 500 742 6 -24 0 55 51
771 12 500 742 6 -24 1 51 51
772 8 742 0 24 -12851 1 55 0
773 8 742 0 6 -12851 0 55 0
774 8 742 0 24 -12851 1 55 0
775 12 742 500 -6 24 1 51 55
776 8 903 0 -24 -12851 1 60 0
777 8 1100 0 6 -12851 0 55 0
778 8 1100 0 6 -12851 0 60 0
779 8 1100 0 -24 -12851 1 55 0
780 8 903 0 -24 -12851 1 60 0
781 8 609 0 24 -12851 1 60 0
782 8 500 0 6 -12851 0 55 0
783 8 609 0 -6 -12851 0 55 0
784 8 1100 0 -6 -12851 0 55 0
785 8 500 0 24 -12851 0 60 0
786 8 500 0 24 -12851 0 60 0
787 12 903 742 6 -24 0 55 55
788 8 903 0 -6 -12851 0 60 0
789 12 742 903 -6 24 0 55 51
790 12 742 1100 -6 24 0 55 51
791 8 903 0 -6 -12851 0 60 0
792 8 609 0 -6 -12851 0 55 0
793 12 742 1100 6 -24 0 51 51
794 8 742 0 -24 -12851 0 55 0
795 8 742 0 -6 -12851 0 55 0
796 8 742 0 -24 -12851 0 55 0
797 8 1100 0 6 -12851 0 60 0
798 8 500 0 -24 -12851 0 55 0
799 12 742 609 6 -24 0 51 51
800 8 500 0 -24 -12851 0 60 0
801 12 1100 742 -6 24 1 51 51
802 12 742 1100 -6 24 0 55 55
803 12 609 742 6 -24 1 51 51
804 8 609 0 -6 -12851 1 60 0
805 12 609 742 -6 24 1 51 55
806 12 742 500 6 -24 1 51 51
807 8 903 0 -24 -12851 0 55 0
808 8 903 0 -6 -12851 1 60 0
809 8 1100 0 -24 -12851 0 55 0
810 8 1100 0 6 -12851 0 60 0
811 8 500 0 -24 -12851 1 60 0
812 8 500 0 6 -12851 1 55 0
813 12 742 500 6 -24 1 51 55
814 8 742 0 24 -12851 0 55 0
815 8 903 0 -6 -12851 0 55 0
816 8 1100 0 6 -12851 1 55 0
817 12 742 609 -6 24 0 51 55
818 8 609 0 6 -12851 0 60 0
819 8 742 0 -6 -12851 0 60 0
820 12 1100 742 -6 24 0 51 51
821 8 742 0 6 -12851 0 55 0
822 8 609 0 -24 -12851 0 60 0
823 12 903 742 -6 24 0 51 51
824 8 609 0 -24 -12851 0 55 0
825 12 742 500 -6 24 0 55 55
826 8 609 0 24 -12851 0 60 0
827 8 609 0 -24 -12851 0 55 0
828 12 742 609 -6 24 0 55 55
829 8 1100 0 -6 -12851 0 55 0
830 8 609 0 -6 -12851 0 60 0
831 8 742 0 -6 -12851 0 60 0
832 8 1100 0 -24 -12851 0 60 0
833 8 903 0 6 -12851 0 60 0
834 8 903 0 6 -12851 0 55 0
835 12 742 609 6 -24 0 51 51
836 12 609 742 6 -24 0 51 51
837 12 903 742 -6 24 0 55 55
838 8 500 0 6 -12851 0 55 0
839 8 500 0 24 -12851 0 60 0
840 8 1100 0 -24 -12851 0 55 0
841 12 903 742 -6 24 0 51 55
842 8 742 0 24 -12851 0 60 0
843 8 500 0 -6 -12851 0 60 0
844 8 742 0 -24 -12851 0 55 0
845 8 903 0 -6 -12851 0 55 0
846 8 609 0 -24 -12851 0 60 0
847 8 609 0 6 -12851 0 60 0
848 8 903 0 -24 -12851 0 55 0
849 8 500 0 -24 -12851 0 60 0
850 8 1100 0 24 -12851 0 55 0
851 12 903 742 6 -24 0 55 55
852 8 903 0 6 -12851 0 55 0
853 8 609 0 -24 -12851 0 60 0
854 8 609 0 -6 -12851 0 55 0
855 8 1100 0 24 -12851 0 55 0
856 12 500 742 -6 24 0 55 55
857 8 903 0 6 -12851 0 60 0
858 8 742 0 -24 -12851 0 55 0
859 8 500 0 -6 -12851 0 55 0
860 8 1100 0 -6 -12851 0 60 0
861 8 500 0 -6 -12851 0 60 0
862 8 742 0 -24 -12851 0 60 0
863 12 903 742 6 -24 0 51 51
864 8 742 0 -24 -12851 0 60 0
865 8 609 0 -6 -12851 0 60 0
866 8 609 0 -24 -12851 0 55 0
867 12 742 609 6 -24 0 51 51
868 8 903 0 -24 -12851 0 55 0
869 8 742 0 -6 -12851 0 55 0
870 8 500 0 -6 -12851 0 60 0
871 12 500 742 6 -24 0 51 51
872 8 500 0 -24 -12851 0 60 0
873 8 742 0 24 -12851 0 55 0
874 12 500 742 -6 24 0 55 55
875 12 1100 742 6 -24 0 55 51
876 8 1100 0 6 -12851 0 55 0
877 12 742 1100 -6 24 0 55 55
878 8 500 0 24 -12851 0 60 0
879 8 1100 0 -6 -12851 0 55 0
880 12 1100 742 6 -24 0 55 55
881 8 903 0 -24 -12851 0 60 0
882 12 903 742 6 -24 0 55 51
883 8 1100 0 -6 -12851 0 55 0
884 12 742 903 6 -24 0 55 51
885 8 742 0 6 -12851 0 60 0
886 12 742 903 -6 24 0 51 51
887 8 609 0 -24 -12851 0 55 0
888 12 500 742 -6 24 0 55 51
889 8 609 0 -24 -12851 0 60 0
890 8 903 0 -24 -12851 0 60 0
891 12 609 742 6 -24 0 51 51
892 8 609 0 -24 -12851 0 55 0
893 8 609 0 -24 -12851 0 55 0
894 8 609 0 24 -12851 0 55 0
895 8 1100 0 -24 -12851 0 60 0
896 8 609 0 -6 -12851 0 60 0
897 8 742 0 -6 -12851 0 55 0
898 12 500 742 -6 24 0 55 55
899 12 742 609 6 -24 0 51 55
900 8 1100 0 -6 -12851 0 60 0
901 12 742 1100 -6 24 0 51 51
902 8 903 0 -24 -12851 0 60 0
903 8 903 0 -6 -12851 0 60 0
904 12 1100 742 -6 24 0 51 55
905 8 500 0 -24 -12851 0 60 0
906 8 500 0 6 -12851 0 60 0
907 12 1100 742 -6 24 0 55 55
908 12 742 609 6 -24 0 51 55
909 8 1100 0 -6 -12851 0 60 0
910 12 500 742 6 -24 0 51 51
911 12 742 1100 -6 24 0 51 51
912 8 742 0 -6 -12851 0 60 0
913 8 500 0 6 -12851 0 60 0
914 12 742 903 6 -24 0 51 55
915 8 742 0 24 -12851 0 55 0
916 8 903 0 -6 -12851 0 60 0
917 12 742 1100 6 -24 0 55 55
918 12 742 500 6 -24 0 51 55
919 12 500 742 6 -24 0 55 51
920 12 609 742 -6 24 0 51 55
921 8 742 0 24 -12851 0 60 0
922 8 742 0 6 -12851 0 60 0
923 12 500 742 -6 24 0 51 51
924 12 742 609 -6 24 0 51 55
925 8 500 0 -6 -12851 0 55 0
926 12 1100 742 6 -24 0 51 51
927 8 500 0 24 -12851 0 55 0
928 12 742 500 6 -24 0 55 55
929 8 742 0 -6 -12851 0 55 0
930 8 903 0 6 -12851 0 60 0
931 12 742 1100 6 -24 0 55 51
932 8 609 0 -6 -12851 0 60 0
933 12 1100 742 -6 24 0 51 55
934 12 742 903 -6 24 0 55 55
935 8 742 0 -6 -12851 0 55 0
936 8 903 0 24 -12851 0 60 0
937 12 742 1100 -6 24 0 51 51
938 8 609 0 6 -12851 0 55 0
939 12 500 742 -6 24 0 51 51
940 12 1100 742 -6 24 0 51 51
941 8 1100 0 24 -12851 0 60 0
942 8 903 0 -6 -12851 0 55 0
943 8 500 0 -6 -12851 0 55 0
944 8 1100 0 -24 -12851 0 60 0
945 8 609 0 24 -12851 0 60 0
946 8 1100 0 24 -12851 0 60 0
947 12 742 1100 6 -24 0 51 51
948 8 609 0 24 -12851 0 55 0
949 8 609 0 24 -12851 0 60 0
950 12 742 609 6 -24 0 55 51
951 8 500 0 -6 -12851 0 60 0
952 8 742 0 24 -12851 0 55 0
953 12 742 903 -6 24 0 51 51
954 12 742 500 -6 24 0 55 55
955 12 742 1100 -6 24 0 55 55
956 12 500 742 6 -24 0 55 55
957 8 742 0 -24 -12851 0 60 0
958 8 742 0 6 -12851 0 60 0
959 8 903 0 24 -12851 0 55 0
960 12 609 742 6 -24 0 55 55
961 8 609 0 -6 -12851 0 55 0
962 8 500 0 24 -12851 0 55 0
963 8 903 0 -6 -12851 0 55 0
964 12 1100 742 -6 24 0 51 51
965 8 1100 0 -24 -12851 0 55 0
966 12 742 609 -6 24 0 51 55
967 8 1100 0 -6 -12851 0 55 0
968 12 903 742 6 -24 0 55 55
969 12 903 742 -6 24 0 51 51
970 12 1100 742 6 -24 0 55 55
971 12 1100 742 -6 24 0 55 51
972 12 609 742 -6 24 0 55 51
973 8 903 0 6 -12851 0 60 0
974 12 903 742 6 -24 0 55 51
975 8 609 0 -6 -12851 0 55 0
976 8 500 0 -24 -12851 0 60 0
977 8 1100 0 24 -12851 0 60 0
978 12 742 609 -6 24 0 55 55
979 12 742 903 6 -24 0 51 51
980 12 742 1100 -6 24 0 55 51
981 8 1100 0 6 -12851 0 55 0
982 12 742 1100 6 -24 0 51 51
983 12 609 742 6 -24 0 51 55
984 8 1100 0 -6 -12851 0 60 0
985 12 1100 742 -6 24 0 55 51
986 12 500 742 6 -24 0 55 55
987 8 609 0 -24 -12851 0 60 0
988 12 903 742 6 -24 0 55 51
989 8 609 0 24 -12851 0 60 0
990 12 609 742 6 -24 0 51 51
991 8 500 0 -24 -12851 0 55 0
992 12 500 742 -6 24 0 51 55
993 8 609 0 -6 -12851 0 60 0
994 12 609 742 -6 24 0 51 51
995 8 903 0 -24 -12851 0 55 0
996 8 500 0 6 -12851 0 60 0
997 12 742 500 6 -24 0 51 55
998 8 742 0 -6 -12851 0 60 0
999 8 903 0 -24 -12851 0 55 0
1000 12 1100 742 -6 24 0 51 51
1001 8 1100 0 -24 -12851 0 55 0
1002 8 903 0 24 -12851 0 60 0
1003 12 609 742 -6 24 0 51 51
1004 12 609 742 6 -24 0 55 55
1005 8 742 0 -6 -12851 0 60 0
1006 12 609 742 -6 24 0 55 55
1007 8 500 0 6 -12851 0 55 0
1008 12 1100 742 6 -24 0 51 51
1009 8 742 0 -24 -12851 0 60 0
1010 8 1100 0 6 -12851 0 55 0
1011 8 903 0 -24 -12851 0 60 0
1012 8 903 0 -24 -12851 0 60 0
1013 12 1100 742 6 -24 0 55 51
1014 12 742 1100 -6 24 0 51 51
1015 12 742 903 -6 24 0 51 51
1016 12 742 500 -6 24 0 55 51
1017 8 742 0 24 -12851 0 60 0
1018 8 903 0 -24 -12851 0 60 0
1019 8 500 0 6 -12851 0 60 0
1020 12 1100 742 -6 24 0 55 55
1021 8 742 0 6 -12851 0 55 0
1022 8 1100 0 -24 -12851 0 55 0
1023 12 1100 742 6 -24 0 51 55
1024 12 742 500 6 -24 0 51 55
1025 12 609 742 6 -24 0 55 55
1026 8 500 0 6 -12851 0 55 0
1027 8 609 0 24 -12851 0 60 0
1028 12 742 609 6 -24 0 55 51
1029 8 500 0 6 -12851 0 60 0
1030 12 742 1100 6 -24 0 55 55
1031 12 742 609 6 -24 0 55 55
1032 12 609 742 6 -24 0 51 51
1033 8 903 0 -24 -12851 0 60 0
1034 8 609 0 -24 -12851 0 55 0
1035 12 742 903 6 -24 0 51 51
1036 12 903 742 6 -24 0 51 51
1037 8 609 0 -24 -12851 0 60 0
1038 12 742 1100 6 -24 0 51 55
1039 12 742 1100 6 -24 0 51 55
1040 8 1100 0 6 -12851 0 60 0
1041 8 1100 0 -24 -12851 0 60 0
1042 12 742 609 -6 24 0 51 51
1043 8 742 0 6 -12851 0 60 0
1044 12 742 500 6 -24 0 51 55
1045 8 500 0 -24 -12851 0 60 0
1046 8 500 0 6 -12851 0 55 0
1047 12 1100 742 6 -24 0 55 55
1048 12 500 742 -6 24 0 55 55
1049 12 500 742 6 -24 0 51 55
1050 12 609 742 -6 24 0 51 51
1051 8 500 0 24 -12851 0 60 0
1052 8 903 0 6 -12851 0 60 0
1053 8 609 0 -6 -12851 0 60 0
1054 12 903 742 -6 24 0 55 55
1055 8 903 0 -6 -12851 0 55 0
1056 12 742 1100 6 -24 0 55 55
1057 12 742 500 6 -24 0 55 55
1058 8 742 0 6 -12851 0 55 0
1059 8 609 0 24 -12851 0 55 0
1060 8 500 0 -6 -12851 0 60 0
1061 8 609 0 24 -12851 0 55 0
1062 8 742 0 24 -12851 0 60 0
1063 8 742 0 24 -12851 0 55 0
1064 8 903 0 -24 -12851 0 60 0
1065 8 1100 0 6 -12851 0 55 0
1066 8 1100 0 6 -12851 0 60 0
1067 8 1100 0 24 -12851 0 60 0
1068 12 742 1100 6 -24 0 51 55
1069 12 500 742 -6 24 0 51 51
1070 12 742 500 -6 24 0 51 55
1071 12 1100 742 -6 24 0 55 51
1072 12 609 742 -6 24 0 55 55
1073 8 500 0 -6 -12851 0 55 0
1074 8 500 0 24 -12851 0 55 0
1075 12 742 903 6 -24 0 55 51
1076 12 500 742 -6 24 0 55 55
1077 12 500 742 -6 24 0 51 51
1078 8 500 0 6 -12851 0 55 0
1079 12 903 742 -6 24 0 51 51
1080 8 742 0 -6 -12851 0 60 0
1081 12 742 903 6 -24 0 55 51
1082 12 609 742 6 -24 0 51 51
1083 8 500 0 6 -12851 0 60 0
1084 8 903 0 24 -12851 0 55 0
1085 8 742 0 -24 -12851 0 55 0
1086 8 609 0 6 -12851 0 55 0
1087 8 742 0 -6 -12851 0 60 0
1088 12 609 742 -6 24 0 51 55
1089 12 742 609 -6 24 0 55 51
1090 12 1100 742 -6 24 0 51 51
1091 8 609 0 24 -12851 0 60 0
1092 12 742 609 -6 24 0 55 51
1093 12 742 1100 6 -24 0 51 51
1094 8 903 0 24 -12851 0 60 0
1095 12 742 903 6 -24 0 55 51
1096 8 903 0 24 -12851 0 60 0
1097 8 609 0 -24 -12851 0 60 0
1098 12 742 609 -6 24 0 51 51
1099 12 903 742 -6 24 0 51 51
1100 12 1100 742 -6 24 0 55 51
1101 12 742 903 -6 24 0 51 51
1102 8 1100 0 6 -12851 0 55 0
1103 12 742 500 -6 24 0 55 51
1104 8 1100 0 -6 -12851 0 60 0
1105 12 742 609 6 -24 0 55 55
1106 8 1100 0 6 -12851 0 55 0
1107 12 742 609 -6 24 0 55 55
1108 12 1100 742 -6 24 0 51 55
1109 12 1100 742 -6 24 0 55 51
1110 8 903 0 -6 -12851 0 60 0
1111 8 903 0 24 -12851 0 60 0
1112 12 903 742 6 -24 0 51 55
1113 12 742 1100 -6 24 0 55 55
1114 8 742 0 -6 -12851 0 60 0
1115 8 903 0 -24 -12851 0 60 0
1116 8 742 0 6 -12851 0 60 0
1117 8 609 0 -24 -12851 0 55 0
1118 8 1100 0 6 -12851 0 55 0
1119 12 609 742 -6 24 0 51 51
1120 12 742 1100 -6 24 0 55 55
1121 8 500 0 -6 -12851 0 60 0
1122 8 609 0 6 -12851 0 55 0
1123 8 609 0 6 -12851 0 60 0
1124 8 1100 0 -24 -12851 0 60 0
1125 8 1100 0 24 -12851 0 55 0
1126 8 903 0 24 -12851 0 55 0
1127 8 742 0 -6 -12851 0 60 0
1128 12 742 609 6 -24 0 51 55
1129 8 500 0 -24 -12851 0 60 0
1130 8 500 0 -24 -12851 0 60 0
1131 12 500 742 6 -24 0 55 55
1132 8 500 0 24 -12851 0 55 0
1133 8 500 0 24 -12851 0 55 0
1134 12 609 742 6 -24 0 51 55
1135 8 742 0 6 -12851 0 60 0
1136 8 742 0 -24 -12851 0 55 0
1137 12 609 742 6 -24 0 51 51
1138 8 903 0 -24 -12851 0 55 0
1139 8 609 0 -6 -12851 0 60 0
1140 12 742 903 -6 24 0 55 55
1141 8 1100 0 24 -12851 0 55 0
1142 8 903 0 -24 -12851 0 55 0
1143 8 742 0 24 -12851 0 60 0
1144 8 500 0 -24 -12851 0 55 0
1145 12 742 903 -6 24 0 51 55
1146 12 742 903 6 -24 0 51 55
1147 12 903 742 6 -24 0 51 51
1148 12 903 742 6 -24 0 55 51
1149 12 742 1100 6 -24 0 55 55
1150 8 609 0 -6 -12851 0 60 0
1151 8 1100 0 6 -12851 0 60 0
1152 12 1100 742 -6 24 0 51 51
1153 12 500 742 -6 24 0 51 55
1154 12 742 500 -6 24 0 55 51
1155 12 903 742 6 -24 0 55 55
1156 8 500 0 6 -12851 0 55 0
1157 8 1100 0 -6 -12851 0 60 0
1158 8 609 0 -24 -12851 0 60 0
1159 8 903 0 6 -12851 0 55 0
1160 8 742 0 -24 -12851 0 60 0
1161 12 742 500 6 -24 0 51 55
1162 8 742 0 6 -12851 0 55 0
1163 12 742 903 6 -24 0 51 55
1164 12 1100 742 6 -24 0 55 51
1165 8 903 0 -24 -12851 0 55 0
1166 12 742 609 6 -24 0 51 55
1167 12 500 742 -6 24 0 55 51
1168 12 500 742 6 -24 0 55 51
1169 12 742 609 -6 24 0 51 51
1170 12 500 742 6 -24 0 51 55
1171 8 742 0 -24 -12851 0 60 0
1172 12 742 609 6 -24 0 55 51
1173 8 500 0 6 -12851 0 60 0
1174 8 742 0 24 -12851 0 55 0
1175 12 500 742 -6 24 0 55 55
1176 12 903 742 6 -24 0 51 55
1177 8 1100 0 -24 -12851 0 60 0
1178 12 609 742 6 -24 0 51 55
1179 12 1100 742 6 -24 0 55 55
1180 8 500 0 -6 -12851 0 55 0
1181 12 742 1100 -6 24 0 55 55
1182 8 500 0 -6 -12851 0 55 0
1183 8 903 0 6 -12851 0 55 0
1184 8 609 0 -6 -12851 0 55 0
1185 8 1100 0 6 -12851 0 60 0
1186 8 1100 0 -24 -12851 0 60 0
1187 8 903 0 -6 -12851 0 55 0
1188 8 609 0 24 -12851 0 55 0
1189 12 742 609 -6 24 0 55 55
1190 8 609 0 6 -12851 0 60 0
1191 12 742 609 -6 24 0 51 51
1192 12 500 742 -6 24 0 55 55
1193 12 742 609 -6 24 0 51 51
1194 12 742 1100 -6 24 0 55 55
1195 12 903 742 6 -24 0 51 51
1196 8 500 0 24 -12851 0 55 0
1197 8 500 0 -24 -12851 0 55 0
1198 12 742 609 -6 24 0 55 51
1199 8 742 0 -24 -12851 0 55 0
1200 8 500 0 -6 -12851 0 55 0
1201 8 609 0 6 -12851 0 55 0
1202 12 742 1100 6 -24 0 55 51
1203 12 742 903 6 -24 0 51 51
1204 8 500 0 -24 -12851 0 55 0
1205 8 1100 0 6 -12851 0 60 0
1206 12 903 742 -6 24 0 55 51
1207 8 742 0 -6 -12851 0 60 0
1208 8 1100 0 24 -12851 0 55 0
1209 8 1100 0 6 -12851 0 60 0
1210 8 742 0 -24 -12851 0 55 0
1211 8 903 0 -6 -12851 0 60 0
1212 12 742 500 -6 24 0 55 51
1213 8 609 0 24 -12851 0 60 0
1214 12 742 609 -6 24 0 51 51
1215 8 903 0 -6 -12851 0 55 0
1216 8 903 0 -24 -12851 0 55 0
1217 12 500 742 -6 24 0 51 55
1218 12 742 500 -6 24 0 55 55
1219 8 609 0 -6 -12851 0 60 0
1220 8 1100 0 6 -12851 0 60 0
1221 12 742 609 -6 24 0 55 55
1222 8 1100 0 6 -12851 0 60 0
1223 12 500 742 6 -24 0 55 51
1224 8 903 0 24 -12851 0 55 0
1225 12 742 609 6 -24 0 55 51
1226 12 742 500 6 -24 0 55 51
1227 12 500 742 6 -24 0 51 51
1228 12 742 903 -6 24 0 51 55
1229 8 609 0 24 -12851 0 60 0
1230 12 742 903 6 -24 0 51 51
1231 8 903 0 -6 -12851 0 60 0
1232 12 1100 742 6 -24 0 51 51
1233 12 742 1100 6 -24 0 51 55
1234 8 500 0 6 -12851 0 55 0
1235 12 500 742 6 -24 0 55 55
1236 8 903 0 24 -12851 0 55 0
1237 8 742 0 -24 -12851 0 55 0
1238 8 500 0 6 -12851 0 55 0
1239 8 742 0 24 -12851 0 60 0
1240 8 500 0 -6 -12851 0 60 0
1241 8 1100 0 -6 -12851 0 55 0
1242 8 609 0 -24 -12851 0 55 0
1243 12 609 742 6 -24 0 55 55
1244 8 1100 0 6 -12851 0 60 0
1245 12 903 742 6 -24 0 51 51
1246 8 609 0 -24 -12851 0 55 0
1247 12 500 742 6 -24 0 51 55
1248 12 742 1100 6 -24 0 55 51
1249 12 1100 742 6 -24 0 55 55
1250 8 742 0 -6 -12851 0 60 0
1251 12 742 903 -6 24 0 51 51
1252 8 903 0 -6 -12851 0 60 0
1253 12 1100 742 -6 24 0 55 51
1254 12 742 500 6 -24 0 51 51
1255 12 742 609 6 -24 0 51 55
1256 8 903 0 6 -12851 0 55 0
1257 12 742 903 -6 24 0 55 51
1258 12 609 742 6 -24 0 55 51
1259 8 742 0 -24 -12851 0 60 0
1260 12 742 500 6 -24 0 51 51
1261 8 1100 0 -6 -12851 0 60 0
1262 8 903 0 -24 -12851 0 55 0
1263 8 742 0 6 -12851 0 55 0
1264 12 742 903 -6 24 0 51 51
1265 12 500 742 6 -24 0 55 55
1266 8 609 0 -6 -12851 0 55 0
1267 12 1100 742 6 -24 0 55 51
1268 12 903 742 -6 24 0 55 51
1269 8 742 0 -6 -12851 0 60 0
1270 12 742 1100 6 -24 0 51 55
1271 12 500 742 -6 24 0 55 51
1272 12 742 903 6 -24 0 55 51
1273 8 903 0 24 -12851 0 55 0
1274 12 742 609 6 -24 0 55 55
1275 12 742 903 -6 24 0 55 55
1276 8 609 0 -6 -12851 0 55 0
1277 8 500 0 -24 -12851 0 60 0
1278 8 500 0 24 -12851 0 55 0
1279 12 742 500 6 -24 0 55 55
1280 8 1100 0 -6 -12851 0 55 0
1281 12 500 742 -6 24 0 55 55
1282 8 609 0 -6 -12851 0 60 0
1283 8 500 0 -24 -12851 0 55 0
1284 8 1100 0 -6 -12851 0 55 0
1285 12 742 1100 -6 24 0 51 51
1286 8 500 0 -6 -12851 0 55 0
1287 8 500 0 6 -12851 0 60 0
1288 8 903 0 24 -12851 0 60 0
1289 8 1100 0 -24 -12851 0 55 0
1290 8 609 0 -24 -12851 0 55 0
1291 8 903 0 -6 -12851 0 60 0
1292 8 1100 0 -6 -12851 0 60 0
1293 8 609 0 6 -12851 0 55 0
1294 8 500 0 -24 -12851 0 60 0
1295 12 609 742 6 -24 0 55 55
1296 8 1100 0 -6 -12851 0 55 0
1297 12 500 742 -6 24 0 51 51
1298 8 609 0 -24 -12851 0 60 0
1299 8 500 0 -24 -12851 0 60 0
1300 12 742 903 6 -24 0 55 51
1301 12 903 742 -6 24 0 55 55
1302 8 742 0 -6 -12851 0 55 0
1303 8 742 0 -24 -12851 0 60 0
1304 8 742 0 6 -12851 0 60 0
1305 8 903 0 6 -12851 0 55 0
1306 8 609 0 -6 -12851 0 55 0
1307 12 1100 742 -6 24 0 51 55
1308 8 609 0 24 -12851 0 60 0
1309 8 609 0 24 -12851 0 55 0
1310 12 742 903 -6 24 0 55 55
1311 8 609 0 24 -12851 0 60 0
1312 8 903 0 -6 -12851 0 55 0
1313 8 1100 0 -24 -12851 0 60 0
1314 8 1100 0 -6 -12851 0 60 0
1315 8 742 0 24 -12851 0 55 0
1316 8 1100 0 6 -12851 0 60 0
1317 8 903 0 6 -12851 0 60 0
1318 12 742 609 6 -24 0 51 55
1319 12 1100 742 6 -24 0 55 55
1320 12 903 742 -6 24 0 55 51
1321 12 742 903 -6 24 0 51 55
1322 8 500 0 -6 -12851 0 55 0
1323 8 903 0 6 -12851 0 55 0
1324 8 500 0 6 -12851 0 60 0
1325 8 500 0 -6 -12851 0 55 0
1326 12 742 903 -6 24 0 55 55
1327 8 742 0 -6 -12851 0 60 0
1328 8 742 0 6 -12851 0 55 0
1329 8 609 0 6 -12851 0 55 0
1330 12 1100 742 6 -24 0 55 55
1331 12 742 1100 6 -24 0 51 51
1332 12 609 742 -6 24 0 55 55
1333 12 742 609 6 -24 0 55 51
1334 8 609 0 -24 -12851 0 60 0
1335 8 500 0 -24 -12851 0 60 0
1336 12 742 1100 6 -24 0 51 51
1337 12 500 742 -6 24 0 51 51
1338 12 742 609 6 -24 0 51 51
1339 8 742 0 24 -12851 0 60 0
1340 8 742 0 24 -12851 0 60 0
1341 8 742 0 24 -12851 0 60 0
1342 8 903 0 -6 -12851 0 60 0
1343 8 609 0 6 -12851 0 60 0
1344 12 903 742 -6 24 0 51 51
1345 8 500 0 6 -12851 0 60 0
1346 12 903 742 -6 24 0 55 55
1347 8 903 0 -24 -12851 0 55 0
1348 12 742 500 -6 24 0 51 51
1349 8 1100 0 -24 -12851 0 60 0
1350 8 1100 0 6 -12851 0 55 0
1351 12 742 1100 6 -24 0 55 51
1352 8 903 0 24 -12851 0 55 0
1353 8 609 0 -6 -12851 0 60 0
1354 8 500 0 6 -12851 0 60 0
1355 8 1100 0 -6 -12851 0 60 0
1356 8 609 0 -6 -12851 0 55 0
1357 8 609 0 24 -12851 0 55 0
1358 12 742 500 6 -24 0 55 55
1359 8 742 0 -24 -12851 0 60 0
1360 8 609 0 -6 -12851 0 55 0
1361 8 1100 0 24 -12851 0 55 0
1362 8 609 0 -24 -12851 0 55 0
1363 8 903 0 -24 -12851 0 55 0
1364 8 1100 0 6 -12851 0 60 0
1365 8 500 0 24 -12851 0 60 0
1366 12 609 742 -6 24 0 51 55
1367 12 742 500 -6 24 0 55 55
1368 8 500 0 24 -12851 0 60 0
1369 8 500 0 -6 -12851 0 55 0
1370 8 1100 0 6 -12851 0 55 0
1371 12 742 903 6 -24 0 55 55
1372 12 609 742 -6 24 0 51 51
1373 8 903 0 24 -12851 0 55 0
1374 8 903 0 24 -12851 0 55 0
1375 8 742 0 -6 -12851 0 55 0
1376 8 742 0 -6 -12851 0 55 0
1377 12 903 742 -6 24 0 55 51
1378 8 609 0 24 -12851 0 55 0
1379 8 609 0 6 -12851 0 55 0
1380 8 903 0 24 -12851 0 55 0
1381 8 500 0 -24 -12851 0 55 0
1382 8 1100 0 -6 -12851 0 60 0
1383 8 903 0 24 -12851 0 55 0
1384 8 609 0 6 -12851 0 55 0
1385 12 742 903 -6 24 0 55 51
1386 8 609 0 24 -12851 0 60 0
1387 8 1100 0 -24 -12851 0 55 0
1388 12 1100 742 -6 24 0 51 55
1389 12 609 742 -6 24 0 51 51
1390 8 903 0 6 -12851 0 60 0
1391 12 1100 742 -6 24 0 55 55
1392 12 1100 742 6 -24 0 55 51
1393 8 742 0 -24 -12851 0 55 0
1394 12 903 742 6 -24 0 51 55
1395 12 1100 742 6 -24 0 55 55
1396 8 500 0 6 -12851 0 60 0
1397 12 500 742 6 -24 0 55 51
1398 12 1100 742 6 -24 0 55 51
1399 8 1100 0 -6 -12851 0 60 0
1400 12 609 742 -6 24 0 51 51
1401 12 742 609 -6 24 0 55 55
1402 8 500 0 24 -12851 0 55 0
1403 8 742 0 24 -12851 0 60 0
1404 8 742 0 6 -12851 0 55 0
1405 12 1100 742 -6 24 0 51 51
1406 12 1100 742 -6 24 0 51 51
1407 8 903 0 -24 -12851 0 60 0
1408 12 903 742 -6 24 0 51 51
1409 12 903 742 -6 24 0 55 51
1410 12 1100 742 6 -24 0 55 51
1411 12 742 903 6 -24 0 51 51
1412 8 903 0 24 -12851 0 55 0
1413 12 742 609 -6 24 0 55 51
1414 12 742 500 -6 24 0 55 51
1415 8 609 0 6 -12851 0 60 0
1416 8 500 0 -6 -12851 0 60 0
1417 12 742 903 6 -24 0 55 55
1418 12 609 742 -6 24 0 55 55
1419 12 1100 742 -6 24 0 55 55
1420 8 903 0 24 -12851 0 60 0
1421 8 1100 0 -24 -12851 0 55 0
1422 8 500 0 -24 -12851 0 55 0
1423 12 1100 742 -6 24 0 55 55
1424 8 742 0 -24 -12851 0 55 0
1425 8 500 0 6 -12851 0 60 0
1426 8 903 0 6 -12851 0 55 0
1427 8 742 0 -24 -12851 0 60 0
1428 8 1100 0 6 -12851 0 60 0
1429 12 742 1100 -6 24 0 51 55
1430 8 609 0 6 -12851 0 55 0
1431 8 742 0 24 -12851 0 55 0
1432 12 742 609 6 -24 0 51 51
1433 8 609 0 -6 -12851 0 60 0
1434 12 742 903 -6 24 0 55 55
1435 8 1100 0 6 -12851 0 60 0
1436 8 742 0 24 -12851 0 55 0
1437 8 742 0 6 -12851 0 60 0
1438 8 742 0 -24 -12851 0 60 0
1439 12 609 742 6 -24 0 51 55
1440 8 903 0 -24 -12851 0 60 0
1441 8 903 0 24 -12851 0 55 0
1442 8 500 0 -24 -12851 0 60 0
1443 12 903 742 6 -24 1 51 51
1444 8 1100 0 -6 -12851 0 60 0
1445 12 742 500 -6 24 0 51 55
1446 8 903 0 24 -12851 0 60 0
1447 12 742 903 -6 24 0 51 51
1448 12 742 903 -6 24 0 51 55
1449 8 609 0 -6 -12851 0 60 0
1450 8 1100 0 -6 -12851 0 55 0
1451 12 1100 742 6 -24 0 51 55
1452 12 903 742 -6 24 0 55 55
1453 8 1100 0 -24 -12851 0 60 0
1454 8 609 0 24 -12851 0 60 0
1455 8 609 0 6 -12851 0 60 0
1456 8 500 0 6 -12851 0 60 0
1457 8 500 0 6 -12851 0 55 0
1458 8 742 0 -6 -12851 1 55 0
1459 12 500 742 6 -24 1 55 51
1460 8 609 0 24 -12851 0 55 0
1461 8 609 0 6 -12851 0 55 0
1462 8 903 0 -24 -12851 1 60 0
1463 12 742 1100 6 -24 1 51 55
1464 12 903 742 -6 24 1 51 51
1465 8 500 0 6 -12851 0 55 0
1466 8 742 0 24 -12851 0 55 0
1467 12 742 903 6 -24 0 55 55
1468 8 500 0 6 -12851 0 60 0
1469 8 609 0 -24 -12851 0 55 0
1470 12 742 1100 6 -24 0 51 55
1471 12 609 742 -6 24 0 55 55
1472 8 609 0 -24 -12851 0 60 0
1473 8 903 0 24 -12851 0 55 0
1474 8 1100 0 -24 -12851 1 55 0
1475 8 1100 0 24 -12851 1 60 0
1476 12 500 742 6 -24 1 55 51
1477 8 742 0 24 -12851 0 55 0
1478 12 742 500 -6 24 1 51 55
1479 12 742 609 6 -24 0 55 51
1480 8 1100 0 6 -12851 1 55 0
1481 8 903 0 6 -12851 1 60 0
1482 8 742 0 -24 -12851 0 55 0
1483 8 500 0 -6 -12851 1 55 0
1484 12 742 609 6 -24 0 51 51
1485 12 1100 742 -6 24 0 55 55
1486 8 609 0 6 -12851 0 55 0
1487 8 609 0 -6 -12851 0 60 0
1488 12 1100 742 -6 24 0 51 55
1489 12 500 742 -6 24 0 55 55
1490 8 1100 0 -24 -12851 0 60 0
1491 12 609 742 -6 24 0 55 55
1492 8 609 0 -6 -12851 0 55 0
1493 12 500 742 -6 24 0 55 55
1494 8 609 0 24 -12851 0 55 0
1495 8 903 0 -24 -12851 0 55 0
1496 12 742 609 6 -24 0 51 51
1497 12 609 742 6 -24 0 51 51
1498 8 742 0 24 -12851 0 55 0
1499 12 742 903 -6 24 0 55 55
1500 12 742 1100 6 -24 0 51 51
1501 8 500 0 6 -12851 0 55 0
1502 8 500 0 6 -12851 0 60 0
1503 12 500 742 6 -24 0 55 55
1504 12 500 742 6 -24 0 51 55
1505 8 1100 0 -24 -12851 0 55 0
1506 8 1100 0 -24 -12851 0 55 0
1507 8 742 0 24 -12851 0 55 0
1508 12 742 903 6 -24 0 55 51
1509 8 742 0 -6 -12851 0 55 0
1510 8 903 0 6 -12851 0 60 0
1511 8 903 0 6 -12851 0 55 0
1512 8 500 0 24 -12851 0 60 0
1513 8 609 0 -6 -12851 0 60 0
1514 8 609 0 24 -12851 0 55 0
1515 12 742 903 -6 24 0 51 55
1516 8 500 0 6 -12851 0 60 0
1517 12 1100 742 -6 24 0 55 55
1518 8 500 0 6 -12851 0 60 0
1519 8 903 0 6 -12851 0 55 0
1520 8 1100 0 24 -12851 0 60 0
1521 12 609 742 -6 24 0 51 55
1522 12 742 1100 -6 24 0 51 51
1523 12 742 1100 6 -24 0 51 55
1524 8 500 0 -24 -12851 0 55 0
1525 8 903 0 6 -12851 0 60 0
1526 8 609 0 -24 -12851 0 55 0
1527 12 500 742 -6 24 0 55 51
1528 8 609 0 -6 -12851 0 60 0
1529 12 742 903 6 -24 0 55 55
1530 8 742 0 6 -12851 0 60 0
1531 12 742 1100 6 -24 0 55 51
1532 12 609 742 6 -24 0 55 51
1533 12 742 609 -6 24 0 55 55
1534 8 903 0 6 -12851 0 55 0
1535 12 742 609 6 -24 0 51 51
1536 8 1100 0 -24 -12851 0 60 0
1537 8 742 0 -24 -12851 0 60 0
1538 8 1100 0 24 -12851 0 60 0
1539 12 609 742 -6 24 0 55 51
1540 8 742 0 -24 -12851 0 60 0
1541 8 742 0 24 -12851 0 60 0
1542 12 742 1100 6 -24 0 51 51
1543 8 742 0 24 -12851 0 55 0
1544 12 742 500 -6 24 0 51 55
1545 8 609 0 6 -12851 0 55 0
1546 8 1100 0 24 -12851 0 55 0
1547 12 742 1100 6 -24 0 51 55
1548 12 1100 742 6 -24 0 51 55
1549 12 1100 742 6 -24 0 51 51
1550 8 1100 0 6 -12851 0 60 0
1551 8 609 0 -24 -12851 0 55 0
1552 8 742 0 -6 -12851 0 55 0
1553 12 1100 742 -6 24 0 55 51
1554 8 742 0 6 -12851 0 55 0
1555 8 903 0 -24 -12851 0 60 0
1556 8 500 0 6 -12851 0 55 0
1557 8 903 0 -24 -12851 0 55 0
1558 12 742 609 6 -24 0 55 55
1559 8 903 0 24 -12851 0 55 0
1560 12 742 903 -6 24 0 51 55
1561 8 1100 0 24 -12851 0 60 0
1562 12 500 742 -6 24 0 55 55
1563 8 609 0 -24 -12851 0 60 0
1564 12 1100 742 6 -24 0 55 55
1565 12 500 742 6 -24 0 51 51
1566 8 500 0 6 -12851 0 55 0
1567 12 742 1100 -6 24 0 51 51
1568 8 500 0 6 -12851 0 60 0
1569 8 903 0 24 -12851 0 60 0
1570 8 903 0 24 -12851 0 55 0
1571 12 742 903 6 -24 0 55 51
1572 12 1100 742 -6 24 0 55 51
1573 8 742 0 6 -12851 0 60 0
1574 8 609 0 -6 -12851 0 55 0
1575 12 1100 742 6 -24 0 51 51
1576 12 609 742 -6 24 0 55 55
1577 8 500 0 -6 -12851 0 55 0
1578 12 742 903 -6 24 0 51 55
1579 12 742 609 -6 24 0 51 55
1580 12 1100 742 6 -24 0 55 55
1581 8 903 0 24 -12851 0 60 0
1582 12 742 609 6 -24 0 51 51
1583 12 1100 742 -6 24 0 55 55
1584 12 903 742 -6 24 0 55 55
1585 8 742 0 24 -12851 0 60 0
1586 12 742 1100 -6 24 0 51 51
1587 12 742 903 6 -24 0 51 55
1588 12 1100 742 -6 24 0 51 51
1589 8 1100 0 -6 -12851 0 60 0
1590 12 903 742 -6 24 0 51 55
1591 12 609 742 6 -24 0 51 55
1592 8 609 0 24 -12851 0 60 0
1593 12 1100 742 6 -24 0 55 55
1594 12 742 500 6 -24 0 51 55
1595 8 903 0 24 -12851 0 55 0
1596 8 500 0 6 -12851 0 55 0
1597 8 609 0 -6 -12851 0 60 0
1598 12 742 500 -6 24 0 51 51
1599 12 903 742 6 -24 0 55 55
1600 8 500 0 24 -12851 0 55 0
1601 8 1100 0 -24 -12851 0 60 0
1602 8 742 0 -6 -12851 0 60 0
1603 8 1100 0 24 -12851 0 55 0
1604 8 609 0 -24 -12851 0 60 0
1605 12 1100 742 6 -24 0 51 55
1606 8 609 0 -24 -12851 0 60 0
1607 8 609 0 -6 -12851 0 55 0
1608 8 609 0 -6 -12851 0 60 0
1609 8 903 0 -24 -12851 0 55 0
1610 8 1100 0 -24 -12851 0 60 0
1611 8 1100 0 6 -12851 0 55 0
1612 12 1100 742 -6 24 0 51 51
1613 8 742 0 24 -12851 0 60 0
1614 8 1100 0 -6 -12851 0 55 0
1615 12 742 1100 6 -24 0 55 51
1616 8 903 0 -6 -12851 0 55 0
1617 12 742 609 -6 24 0 51 55
1618 8 500 0 -24 -12851 0 60 0
1619 8 903 0 6 -12851 0 55 0
1620 8 500 0 24 -12851 0 60 0
1621 8 500 0 24 -12851 0 55 0
1622 12 609 742 -6 24 0 55 51
1623 8 742 0 24 -12851 0 60 0
1624 12 742 500 -6 24 0 51 55
1625 8 742 0 24 -12851 0 60 0
1626 8 1100 0 6 -12851 0 55 0
1627 8 1100 0 -24 -12851 0 60 0
1628 12 903 742 -6 24 0 51 55
1629 12 742 500 6 -24 0 51 51
1630 8 609 0 -6 -12851 0 55 0
1631 12 742 500 -6 24 0 55 55
1632 12 742 609 6 -24 0 51 51
1633 8 500 0 -6 -12851 0 55 0
1634 8 500 0 24 -12851 0 60 0
1635 8 903 0 6 -12851 0 55 0
1636 12 742 500 -6 24 0 55 55
1637 12 1100 742 -6 24 0 55 51
1638 8 609 0 -6 -12851 0 55 0
1639 12 500 742 6 -24 0 55 55
1640 8 742 0 24 -12851 0 55 0
1641 8 500 0 -6 -12851 0 60 0
1642 8 903 0 -6 -12851 0 60 0
1643 12 742 500 -6 24 0 51 51
1644 8 742 0 24 -12851 0 60 0
1645 12 903 742 6 -24 0 55 55
1646 8 903 0 -24 -12851 0 60 0
1647 8 1100 0 24 -12851 0 60 0
1648 12 903 742 6 -24 0 51 51
1649 8 742 0 -6 -12851 0 60 0
1650 8 609 0 -6 -12851 0 60 0
1651 12 742 1100 6 -24 0 55 55
1652 8 1100 0 6 -12851 0 55 0
1653 8 609 0 -24 -12851 0 55 0
1654 8 609 0 6 -12851 0 55 0
1655 8 903 0 -24 -12851 0 60 0
1656 8 742 0 -24 -12851 0 55 0
1657 8 500 0 -24 -12851 0 60 0
1658 8 500 0 6 -12851 0 55 0
1659 12 609 742 -6 24 0 55 51
1660 12 742 903 -6 24 0 55 51
1661 8 742 0 6 -12851 0 55 0
1662 8 1100 0 -24 -12851 0 55 0
1663 12 609 742 -6 24 0 55 51
1664 12 742 500 -6 24 0 55 51
1665 8 500 0 -24 -12851 0 60 0
1666 8 1100 0 6 -12851 0 60 0
1667 8 903 0 24 -12851 0 55 0
1668 8 1100 0 6 -12851 0 60 0
1669 12 903 742 6 -24 0 51 51
1670 12 742 903 -6 24 0 51 51
1671 12 742 500 -6 24 0 55 55
1672 8 742 0 24 -12851 0 60 0
1673 8 609 0 24 -12851 0 60 0
1674 12 742 609 6 -24 0 51 51
1675 12 742 500 -6 24 0 51 55
1676 8 609 0 -24 -12851 0 55 0
