347 12 742 1100 6 -24 0 55 55
348 8 1100 0 -24 -12851 0 55 0
349 8 1100 0 -6 -12851 1 60 0
350 8 609 0 6 -12851 0 55 0
351 8 500 0 -24 -12851 1 55 0
352 8 609 0 24 -12851 1 60 0
353 12 609 742 -6 24 1 55 55
354 12 742 500 -6 24 0 55 55
355 12 1100 742 6 -24 0 55 51
356 8 742 0 6 -12851 1 55 0
357 8 609 0 6 -12851 0 60 0
358 8 903 0 24 -12851 1 55 0
359 8 742 0 -24 -12851 1 55 0
360 8 500 0 6 -12851 1 55 0
361 12 903 742 -6 24 0 51 55
362 8 742 0 6 -12851 0 55 0
363 8 500 0 6 -12851 1 55 0
364 8 500 0 -24 -12851 1 55 0
365 12 500 742 -6 24 1 55 55
366 12 609 742 -6 24 0 51 55
367 8 742 0 -6 -12851 1 55 0
368 8 903 0 24 -12851 1 55 0
369 8 742 0 -6 -12851 1 60 0
370 8 609 0 -24 -12851 1 60 0
371 12 1100 742 6 -24 0 51 55
372 8 1100 0 -6 -12851 1 55 0
373 8 1100 0 24 -12851 1 60 0
374 8 1100 0 24 -12851 1 55 0
375 12 609 742 -6 24 0 51 51
376 12 903 742 -6 24 0 55 55
377 12 1100 742 6 -24 1 51 55
378 8 742 0 -24 -12851 1 60 0
379 12 742 903 -6 24 0 55 55
380 12 742 903 6 -24 1 51 55
381 12 500 742 -6 24 0 51 51
382 12 903 742 -6 24 0 55 55
383 8 609 0 -6 -12851 1 55 0
384 8 500 0 -24 -12851 1 55 0
385 12 609 742 -6 24 0 55 55
386 8 903 0 6 -12851 1 55 0
387 8 500 0 24 -12851 1 55 0
388 12 742 609 6 -24 0 51 55
389 12 742 609 -6 24 0 51 55
390 12 742 1100 6 -24 0 55 55
391 8 903 0 6 -12851 1 55 0
392 8 609 0 24 -12851 1 60 0
393 8 500 0 -6 -12851 1 55 0
394 8 500 0 6 -12851 1 55 0
395 12 903 742 -6 24 0 55 55
396 12 500 742 6 -24 1 51 51
397 8 903 0 24 -12851 1 55 0
398 12 903 742 -6 24 1 51 55
399 12 742 609 -6 24 0 51 55
400 12 609 742 6 -24 0 51 55
401 8 742 0 6 -12851 0 55 0
402 8 903 0 6 -12851 1 55 0
403 12 500 742 -6 24 1 51 51
404 8 609 0 -24 -12851 1 60 0
405 12 1100 742 6 -24 1 55 55
406 8 742 0 24 -12851 1 60 0
407 8 500 0 -24 -12851 1 60 0
408 8 742 0 24 -12851 1 55 0
409 8 500 0 6 -12851 1 55 0
410 8 609 0 6 -12851 1 60 0
411 8 903 0 -6 -12851 1 55 0
412 8 1100 0 6 -12851 1 55 0
413 8 1100 0 24 -12851 1 55 0
414 8 1100 0 -6 -12851 1 60 0
415 12 903 742 -6 24 0 55 51
416 12 1100 742 6 -24 0 55 55
417 12 903 742 6 -24 0 55 55
418 12 1100 742 -6 24 0 51 51
419 12 742 903 6 -24 1 51 55
420 8 609 0 -6 -12851 1 60 0
421 8 500 0 24 -12851 1 60 0
422 8 500 0 24 -12851 1 60 0
423 8 742 0 6 -12851 1 60 0
424 8 742 0 -24 -12851 1 60 0
425 12 500 742 6 -24 0 51 51
426 8 1100 0 24 -12851 1 55 0
427 8 609 0 -24 -12851 0 55 0
428 8 609 0 6 -12851 0 60 0
429 12 742 903 -6 24 0 55 51
430 12 742 609 6 -24 0 51 55
431 8 903 0 24 -12851 0 60 0
432 8 500 0 -6 -12851 0 60 0
433 8 903 0 6 -12851 0 55 0
434 8 903 0 24 -12851 0 60 0
435 12 903 742 -6 24 1 51 51
436 8 742 0 -24 -12851 1 60 0
437 8 609 0 -6 -12851 1 60 0
438 8 500 0 -24 -12851 1 55 0
439 8 1100 0 6 -12851 1 60 0
440 12 500 742 -6 24 1 55 55
441 12 742 903 -6 24 0 51 55
442 12 1100 742 6 -24 1 55 51
443 8 1100 0 6 -12851 1 60 0
444 12 742 903 6 -24 1 55 51
445 12 903 742 -6 24 0 55 55
446 8 1100 0 24 -12851 1 60 0
447 12 742 609 -6 24 0 55 51
448 12 1100 742 6 -24 0 55 55
449 8 1100 0 6 -12851 1 60 0
450 8 903 0 -24 -12851 1 60 0
451 8 609 0 6 -12851 1 55 0
452 12 1100 742 6 -24 1 51 55
453 8 1100 0 6 -12851 1 60 0
454 8 903 0 -24 -12851 1 60 0
455 8 1100 0 6 -12851 0 60 0
456 12 903 742 6 -24 1 51 51
457 8 742 0 -24 -12851 0 55 0
458 12 742 903 6 -24 0 51 55
459 12 742 903 -6 24 0 51 51
460 12 500 742 6 -24 0 51 55
461 8 903 0 -6 -12851 0 55 0
462 8 742 0 -6 -12851 1 60 0
463 8 609 0 -24 -12851 1 55 0
464 8 500 0 6 -12851 1 60 0
465 8 500 0 24 -12851 0 55 0
466 8 742 0 -6 -12851 1 60 0
467 8 609 0 24 -12851 1 55 0
468 12 500 742 6 -24 1 51 51
469 12 609 742 6 -24 0 55 55
470 12 742 609 6 -24 1 51 51
471 12 742 609 6 -24 0 55 55
472 12 1100 742 6 -24 1 51 55
473 12 903 742 6 -24 1 55 55
474 8 500 0 -24 -12851 1 55 0
475 8 1100 0 -6 -12851 0 55 0
476 12 742 1100 -6 24 1 51 55
477 12 742 1100 6 -24 1 55 55
478 8 1100 0 24 -12851 1 55 0
479 8 500 0 -24 -12851 1 60 0
480 12 742 500 6 -24 1 51 55
481 8 1100 0 6 -12851 1 55 0
482 12 742 1100 6 -24 1 55 51
483 8 742 0 -24 -12851 1 60 0
484 12 609 742 -6 24 0 51 51
485 8 903 0 -6 -12851 1 60 0
486 8 1100 0 -24 -12851 1 60 0
487 8 609 0 24 -12851 1 60 0
488 8 500 0 -24 -12851 1 60 0
489 8 742 0 -6 -12851 0 60 0
490 8 742 0 6 -12851 1 60 0
491 8 609 0 -6 -12851 0 60 0
492 12 742 903 6 -24 1 55 51
493 8 903 0 -24 -12851 1 60 0
494 8 903 0 24 -12851 0 55 0
495 8 609 0 6 -12851 1 55 0
496 8 500 0 -6 -12851 1 60 0
497 8 742 0 24 -12851 1 55 0
498 12 742 609 -6 24 0 55 51
499 12 742 609 6 -24 0 55 55
500 12 742 903 6 -24 1 51 51
501 12 903 742 6 -24 1 51 51
502 8 742 0 24 -12851 1 55 0
503 8 500 0 24 -12851 0 60 0
504 8 1100 0 6 -12851 1 55 0
505 12 609 742 6 -24 0 55 55
506 12 609 742 6 -24 1 55 51
507 8 1100 0 -24 -12851 1 55 0
508 12 742 903 -6 24 0 51 51
509 12 742 500 -6 24 0 51 51
510 12 742 903 6 -24 1 51 51
511 8 500 0 -6 -12851 1 55 0
512 8 609 0 -24 -12851 1 55 0
513 8 742 0 24 -12851 1 55 0
514 12 742 500 -6 24 0 51 55
515 8 609 0 -6 -12851 0 55 0
516 12 500 742 -6 24 0 55 55
517 8 1100 0 24 -12851 0 55 0
518 8 903 0 -6 -12851 0 55 0
519 8 609 0 -24 -12851 1 55 0
520 8 500 0 -24 -12851 1 60 0
521 8 742 0 -6 -12851 1 60 0
522 8 903 0 -24 -12851 1 55 0
523 8 903 0 24 -12851 1 60 0
524 12 1100 742 -6 24 0 55 55
525 8 1100 0 -24 -12851 1 55 0
526 12 742 500 6 -24 1 55 55
527 8 1100 0 24 -12851 1 60 0
528 12 742 500 -6 24 1 51 51
529 8 609 0 6 -12851 1 55 0
530 8 903 0 -6 -12851 0 55 0
531 12 742 500 -6 24 0 51 55
532 12 742 903 -6 24 0 55 55
533 12 609 742 -6 24 0 55 55
534 8 903 0 6 -12851 0 60 0
535 8 500 0 24 -12851 0 55 0
536 12 742 500 6 -24 0 55 55
537 8 1100 0 -24 -12851 0 60 0
538 12 742 903 6 -24 1 51 55
539 8 609 0 -6 -12851 1 55 0
540 8 500 0 6 -12851 1 55 0
541 8 609 0 6 -12851 1 60 0
542 8 742 0 -24 -12851 1 55 0
543 8 903 0 24 -12851 1 60 0
544 12 500 742 6 -24 1 55 51
545 8 742 0 -6 -12851 1 60 0
546 12 500 742 -6 24 0 51 55
547 8 500 0 6 -12851 1 60 0
548 12 742 1100 -6 24 1 51 55
549 8 742 0 -24 -12851 1 55 0
550 12 609 742 -6 24 1 51 51
551 8 1100 0 -24 -12851 1 55 0
552 12 1100 742 6 -24 1 55 55
553 12 742 1100 6 -24 1 51 51
554 12 609 742 -6 24 0 55 51
555 8 500 0 -24 -12851 1 60 0
556 8 500 0 6 -12851 0 55 0
557 8 609 0 -6 -12851 1 60 0
558 12 742 609 -6 24 0 51 51
559 12 742 609 -6 24 0 51 51
560 8 1100 0 24 -12851 1 60 0
561 8 903 0 -6 -12851 0 55 0
562 8 1100 0 -24 -12851 1 55 0
563 8 500 0 6 -12851 1 60 0
564 8 1100 0 24 -12851 1 55 0
565 12 1100 742 -6 24 0 55 55
566 12 609 742 6 -24 1 55 51
567 12 742 1100 -6 24 0 55 51
568 12 742 903 -6 24 1 51 55
569 12 903 742 -6 24 1 51 51
570 8 742 0 -24 -12851 1 55 0
571 8 903 0 -24 -12851 0 55 0
572 8 500 0 24 -12851 1 55 0
573 8 609 0 -6 -12851 1 60 0
574 8 609 0 -24 -12851 1 55 0
575 12 742 500 6 -24 1 55 55
576 8 903 0 6 -12851 1 60 0
577 8 742 0 -24 -12851 1 60 0
578 8 742 0 -24 -12851 1 60 0
579 8 1100 0 24 -12851 1 55 0
580 12 903 742 -6 24 1 51 55
581 8 1100 0 6 -12851 1 60 0
582 8 1100 0 -24 -12851 1 55 0
583 8 742 0 -6 -12851 0 55 0
584 12 609 742 6 -24 1 55 51
585 12 609 742 6 -24 1 51 51
586 8 903 0 24 -12851 0 55 0
587 8 609 0 -24 -12851 1 55 0
588 12 742 609 -6 24 1 51 55
589 8 742 0 6 -12851 1 55 0
590 12 742 609 6 -24 1 55 55
591 8 903 0 -6 -12851 1 55 0
592 8 903 0 24 -12851 0 55 0
593 12 742 500 6 -24 0 55 55
594 12 742 500 -6 24 0 51 51
595 12 742 500 -6 24 0 51 55
596 8 742 0 -24 -12851 0 60 0
597 12 742 1100 -6 24 0 51 51
598 12 1100 742 6 -24 0 51 55
599 8 500 0 -6 -12851 0 55 0
600 12 903 742 -6 24 1 51 55
601 8 609 0 -24 -12851 1 60 0
602 12 1100 742 -6 24 1 51 51
603 12 1100 742 6 -24 1 55 55
604 12 742 903 6 -24 1 55 55
605 8 1100 0 -24 -12851 1 55 0
606 8 500 0 -6 -12851 0 55 0
607 12 742 1100 -6 24 0 55 51
608 12 742 903 6 -24 0 55 55
609 8 500 0 6 -12851 0 55 0
610 8 609 0 6 -12851 1 60 0
611 8 500 0 -24 -12851 1 55 0
612 8 500 0 -6 -12851 1 55 0
613 8 742 0 24 -12851 1 60 0
614 8 500 0 -6 -12851 1 60 0
615 8 1100 0 -24 -12851 1 55 0
616 8 1100 0 -6 -12851 0 55 0
617 8 742 0 6 -12851 1 55 0
618 12 742 903 -6 24 1 51 51
619 12 500 742 6 -24 0 51 51
620 8 609 0 24 -12851 1 60 0
621 8 903 0 6 -12851 1 60 0
622 12 903 742 -6 24 1 55 55
623 8 500 0 -24 -12851 1 60 0
624 12 742 500 6 -24 1 51 55
625 8 609 0 6 -12851 1 55 0
626 12 742 903 6 -24 1 55 51
627 8 1100 0 24 -12851 1 55 0
628 8 609 0 -6 -12851 0 60 0
629 8 903 0 -24 -12851 1 60 0
630 8 903 0 -6 -12851 0 55 0
631 8 742 0 -6 -12851 0 60 0
632 8 609 0 -6 -12851 1 55 0
633 12 500 742 -6 24 1 51 55
634 8 609 0 24 -12851 0 60 0
635 12 903 742 6 -24 1 51 51
636 8 742 0 -6 -12851 1 60 0
637 8 500 0 -6 -12851 0 55 0
638 12 903 742 6 -24 1 55 55
639 8 1100 0 24 -12851 1 55 0
640 8 500 0 -6 -12851 1 55 0
641 12 903 742 -6 24 1 51 51
642 8 742 0 -6 -12851 1 55 0
643 12 903 742 6 -24 1 55 55
644 8 609 0 -6 -12851 0 55 0
645 12 500 742 6 -24 0 55 51
646 8 500 0 -6 -12851 0 60 0
647 8 1100 0 -6 -12851 0 55 0
648 8 609 0 -6 -12851 0 55 0
649 8 742 0 -24 -12851 0 60 0
650 12 742 609 -6 24 0 51 55
651 8 903 0 -6 -12851 1 55 0
652 8 1100 0 -24 -12851 0 55 0
653 12 609 742 6 -24 1 55 55
654 12 609 742 -6 24 0 51 55
655 8 903 0 6 -12851 1 60 0
656 12 500 742 -6 24 1 51 51
657 8 903 0 -6 -12851 0 60 0
658 8 1100 0 -6 -12851 0 55 0
659 12 609 742 -6 24 1 51 55
660 12 1100 742 6 -24 0 55 55
661 8 1100 0 -24 -12851 1 55 0
662 8 500 0 -6 -12851 1 55 0
663 8 1100 0 24 -12851 1 60 0
664 8 609 0 -24 -12851 1 55 0
665 8 609 0 6 -12851 1 60 0
666 12 903 742 -6 24 0 51 51
667 8 500 0 24 -12851 1 55 0
668 8 1100 0 24 -12851 1 55 0
669 12 742 500 6 -24 1 55 51
670 8 500 0 6 -12851 0 55 0
671 12 742 1100 6 -24 0 55 51
672 12 1100 742 6 -24 1 55 55
673 8 609 0 -6 -12851 1 55 0
674 8 903 0 24 -12851 1 55 0
675 8 742 0 -24 -12851 0 60 0
676 12 742 903 -6 24 1 51 55
677 12 903 742 6 -24 1 51 55
678 12 903 742 -6 24 0 51 55
679 8 903 0 -6 -12851 1 55 0
680 8 903 0 6 -12851 1 60 0
681 8 742 0 -6 -12851 1 55 0
682 8 742 0 24 -12851 0 60 0
683 12 742 1100 6 -24 1 51 51
684 8 500 0 -24 -12851 1 60 0
685 8 500 0 24 -12851 1 60 0
686 12 500 742 6 -24 1 55 55
687 8 609 0 24 -12851 1 55 0
688 8 742 0 -6 -12851 1 60 0
689 8 742 0 6 -12851 1 60 0
690 8 500 0 24 -12851 1 55 0
691 12 742 500 -6 24 0 55 55
692 8 500 0 24 -12851 1 60 0
693 8 903 0 6 -12851 0 55 0
694 8 903 0 -24 -12851 1 60 0
695 12 742 609 -6 24 0 55 55
696 12 1100 742 6 -24 1 51 55
697 8 609 0 6 -12851 1 60 0
698 8 609 0 6 -12851 1 60 0
699 8 742 0 24 -12851 1 55 0
700 8 1100 0 -24 -12851 1 60 0
701 8 903 0 -24 -12851 1 60 0
702 12 742 1100 6 -24 0 55 55
703 8 1100 0 -6 -12851 1 60 0
704 8 1100 0 -24 -12851 1 60 0
705 8 1100 0 -24 -12851 1 55 0
706 8 1100 0 24 -12851 1 60 0
707 12 609 742 6 -24 0 51 51
708 8 609 0 24 -12851 0 60 0
709 12 742 903 -6 24 0 51 51
710 8 1100 0 6 -12851 0 55 0
711 8 742 0 -6 -12851 0 55 0
712 8 500 0 -6 -12851 0 60 0
713 12 742 903 6 -24 0 51 51
714 12 742 500 6 -24 1 51 55
715 8 500 0 -24 -12851 1 55 0
716 8 609 0 -6 -12851 1 55 0
717 8 742 0 24 -12851 1 60 0
718 12 903 742 6 -24 1 55 55
719 8 500 0 6 -12851 1 55 0
720 12 1100 742 -6 24 1 55 51
721 12 1100 742 -6 24 1 55 55
722 12 742 500 -6 24 1 55 55
723 12 742 609 6 -24 1 51 51
724 12 609 742 6 -24 1 55 55
725 12 500 742 -6 24 0 55 55
726 8 903 0 24 -12851 0 55 0
727 8 903 0 -24 -12851 0 60 0
728 12 742 903 6 -24 0 51 55
729 8 742 0 6 -12851 1 60 0
730 8 609 0 -24 -12851 1 60 0
731 8 1100 0 -6 -12851 1 60 0
732 12 609 742 -6 24 1 55 51
733 12 742 903 -6 24 0 55 51
734 12 742 609 6 -24 0 55 55
735 12 500 742 6 -24 0 55 51
736 8 903 0 -24 -12851 0 55 0
737 8 903 0 -6 -12851 1 55 0
738 8 903 0 24 -12851 1 55 0
739 8 1100 0 -24 -12851 0 60 0
740 12 1100 742 6 -24 0 51 51
741 8 742 0 -24 -12851 0 60 0
742 8 742 0 -24 -12851 0 55 0
743 8 1100 0 6 -12851 0 55 0
744 12 742 903 -6 24 0 51 51
745 12 500 742 -6 24 0 55 51
746 8 609 0 -24 -12851 1 55 0
747 8 500 0 -6 -12851 1 60 0
748 12 742 609 -6 24 1 51 55
749 8 903 0 24 -12851 1 60 0
750 12 742 1100 6 -24 1 55 55
751 12 500 742 -6 24 1 51 55
752 12 742 903 -6 24 1 55 55
753 8 903 0 6 -12851 1 55 0
754 12 742 903 6 -24 0 51 51
755 12 742 500 -6 24 0 51 51
756 8 609 0 -6 -12851 0 55 0
757 8 1100 0 24 -12851 0 60 0
758 8 609 0 -6 -12851 0 55 0
759 8 742 0 -24 -12851 0 60 0
760 8 500 0 -24 -12851 0 60 0
761 8 500 0 -6 -12851 0 60 0
762 8 500 0 6 -12851 0 60 0
763 8 500 0 -24 -12851 0 60 0
764 8 742 0 24 -12851 0 60 0
765 12 742 500 -6 24 0 51 55
766 8 609 0 24 -12851 0 55 0
767 12 903 742 6 -24 0 55 51
768 8 500 0 6 -12851 1 55 0
769 12 500 742 6 -24 1 51 51
770 8 742 0 -24 -12851 1 55 0
771 8 742 0 -24 -12851 1 55 0
772 12 742 903 -6 24 0 51 51
773 8 500 0 -24 -12851 0 55 0
774 12 903 742 6 -24 0 51 55
775 8 1100 0 6 -12851 0 55 0
776 8 1100 0 -24 -12851 0 60 0
777 8 1100 0 6 -12851 0 55 0
778 8 609 0 24 -12851 0 55 0
779 12 1100 742 -6 24 0 55 55
780 8 903 0 24 -12851 1 55 0
781 8 609 0 -6 -12851 0 60 0
782 12 742 500 -6 24 1 55 51
783 8 903 0 24 -12851 1 60 0
784 12 1100 742 -6 24 0 55 51
785 8 903 0 6 -12851 0 55 0
786 12 500 742 -6 24 0 55 55
787 12 742 903 -6 24 0 51 51
788 12 742 903 -6 24 0 51 51
789 8 1100 0 -6 -12851 0 55 0
790 12 1100 742 6 -24 0 51 51
791 8 1100 0 -6 -12851 0 55 0
792 8 1100 0 24 -12851 0 60 0
793 12 742 609 6 -24 0 55 55
794 8 609 0 -24 -12851 0 60 0
795 12 742 903 -6 24 0 55 55
796 8 609 0 -6 -12851 0 55 0
797 8 903 0 24 -12851 0 55 0
798 8 609 0 24 -12851 1 60 0
799 8 1100 0 24 -12851 1 55 0
800 8 742 0 -6 -12851 1 60 0
801 12 742 1100 -6 24 0 51 51
802 12 742 609 6 -24 1 55 55
803 8 500 0 -6 -12851 1 60 0
804 12 742 903 -6 24 1 55 55
805 8 742 0 -24 -12851 1 55 0
806 8 500 0 -24 -12851 0 60 0
807 8 742 0 -6 -12851 0 55 0
808 8 500 0 6 -12851 0 60 0
809 8 903 0 6 -12851 1 60 0
810 12 742 500 -6 24 0 55 55
811 12 742 500 -6 24 1 51 55
812 8 903 0 6 -12851 1 55 0
813 12 742 500 -6 24 1 55 55
814 8 1100 0 24 -12851 1 55 0
815 12 742 500 6 -24 0 51 55
816 8 1100 0 6 -12851 0 60 0
817 12 742 500 6 -24 0 55 51
818 12 1100 742 -6 24 0 55 55
819 8 742 0 24 -12851 0 60 0
820 12 1100 742 6 -24 1 55 55
821 8 742 0 24 -12851 0 55 0
822 8 742 0 -24 -12851 1 55 0
823 8 903 0 -6 -12851 0 55 0
824 8 500 0 6 -12851 0 60 0
825 12 500 742 -6 24 0 51 55
826 12 742 500 6 -24 1 55 55
827 8 609 0 -24 -12851 1 55 0
828 8 609 0 6 -12851 1 60 0
829 8 609 0 -24 -12851 1 55 0
830 8 903 0 6 -12851 0 55 0
831 8 500 0 24 -12851 1 60 0
832 8 500 0 6 -12851 1 55 0
833 8 903 0 24 -12851 0 60 0
834 12 903 742 6 -24 0 55 55
835 8 1100 0 -6 -12851 0 60 0
836 8 1100 0 -6 -12851 0 60 0
837 8 903 0 -6 -12851 0 55 0
838 8 903 0 6 -12851 0 55 0
839 8 1100 0 24 -12851 1 60 0
840 8 903 0 24 -12851 0 55 0
841 8 1100 0 24 -12851 0 60 0
842 8 1100 0 6 -12851 0 60 0
843 12 742 500 6 -24 0 51 51
844 8 742 0 6 -12851 0 55 0
845 12 742 500 6 -24 0 55 55
846 12 609 742 6 -24 0 55 55
847 8 742 0 6 -12851 1 60 0
848 8 903 0 -24 -12851 1 55 0
849 12 742 903 6 -24 0 51 51
850 8 500 0 6 -12851 1 60 0
851 12 742 1100 -6 24 1 51 55
852 8 742 0 24 -12851 1 60 0
853 8 500 0 -24 -12851 1 55 0
854 8 609 0 24 -12851 1 60 0
855 8 609 0 -24 -12851 1 55 0
856 8 500 0 -6 -12851 1 60 0
857 12 742 500 6 -24 1 51 51
858 12 903 742 -6 24 1 51 55
859 12 609 742 6 -24 0 55 55
860 12 500 742 -6 24 0 55 55
861 8 609 0 -24 -12851 0 60 0
862 12 500 742 6 -24 1 55 55
863 12 903 742 6 -24 0 51 51
864 8 1100 0 -6 -12851 1 60 0
865 12 500 742 -6 24 1 51 55
866 12 609 742 6 -24 0 51 51
867 12 903 742 -6 24 0 55 55
868 8 1100 0 -6 -12851 1 55 0
869 8 609 0 24 -12851 1 55 0
870 8 903 0 24 -12851 1 55 0
871 12 1100 742 -6 24 1 55 55
872 12 742 1100 6 -24 1 51 55
873 8 500 0 6 -12851 0 55 0
874 8 1100 0 6 -12851 0 60 0
875 12 742 609 -6 24 0 51 51
876 12 742 1100 6 -24 0 55 51
877 12 742 1100 6 -24 0 55 55
878 8 903 0 -6 -12851 0 55 0
879 12 609 742 6 -24 0 51 51
880 8 1100 0 24 -12851 0 60 0
881 12 742 609 -6 24 0 51 55
882 8 500 0 -24 -12851 0 55 0
883 8 609 0 -6 -12851 1 60 0
884 12 1100 742 6 -24 1 51 55
885 8 500 0 24 -12851 1 55 0
886 8 609 0 -24 -12851 1 55 0
887 8 742 0 6 -12851 1 60 0
888 8 903 0 -6 -12851 0 60 0
889 8 742 0 24 -12851 0 55 0
890 8 742 0 6 -12851 0 55 0
891 8 903 0 24 -12851 0 60 0
892 8 903 0 24 -12851 0 55 0
893 8 1100 0 -24 -12851 1 55 0
894 8 1100 0 -6 -12851 0 55 0
895 8 1100 0 6 -12851 1 55 0
896 8 500 0 -24 -12851 1 55 0
897 8 609 0 24 -12851 1 60 0
898 8 742 0 -24 -12851 1 60 0
899 8 609 0 -6 -12851 1 55 0
900 12 500 742 -6 24 0 55 55
901 8 500 0 -24 -12851 1 55 0
902 8 609 0 24 -12851 1 60 0
903 8 742 0 24 -12851 1 55 0
904 8 500 0 -24 -12851 1 60 0
905 12 903 742 6 -24 0 55 55
906 8 903 0 -24 -12851 0 60 0
907 8 903 0 24 -12851 1 60 0
908 8 742 0 -6 -12851 1 60 0
909 8 903 0 -24 -12851 1 60 0
910 12 903 742 -6 24 1 51 51
911 12 903 742 6 -24 1 51 51
912 12 742 609 6 -24 1 51 51
913 12 742 903 6 -24 1 51 51
914 12 742 609 6 -24 1 51 55
915 8 903 0 24 -12851 1 60 0
916 8 1100 0 24 -12851 1 60 0
917 8 903 0 -6 -12851 0 60 0
918 8 1100 0 24 -12851 0 55 0
919 12 903 742 -6 24 1 55 51
920 8 1100 0 6 -12851 1 60 0
921 12 903 742 6 -24 1 55 55
922 8 742 0 -24 -12851 1 55 0
923 12 742 1100 6 -24 1 55 55
924 12 609 742 6 -24 0 51 51
925 8 742 0 6 -12851 1 60 0
926 8 903 0 24 -12851 1 55 0
927 12 742 609 -6 24 0 55 51
928 8 500 0 24 -12851 1 55 0
929 12 742 500 -6 24 1 55 51
930 12 742 903 6 -24 1 55 55
931 12 609 742 6 -24 1 51 51
932 8 742 0 -24 -12851 1 60 0
933 8 500 0 -6 -12851 1 60 0
934 8 609 0 6 -12851 0 60 0
935 8 609 0 -24 -12851 0 60 0
936 8 500 0 -6 -12851 0 55 0
937 12 742 903 6 -24 0 55 51
938 12 742 903 6 -24 0 51 55
939 12 609 742 -6 24 0 55 55
940 8 609 0 -6 -12851 1 55 0
941 12 1100 742 -6 24 0 51 51
942 8 742 0 -6 -12851 1 60 0
943 8 742 0 -24 -12851 1 60 0
944 12 742 609 -6 24 0 55 51
945 8 903 0 6 -12851 0 55 0
946 8 903 0 6 -12851 0 60 0
947 8 742 0 -6 -12851 0 55 0
948 8 609 0 6 -12851 0 55 0
949 12 742 1100 6 -24 0 55 51
950 8 1100 0 6 -12851 0 55 0
951 8 609 0 -24 -12851 0 55 0
952 8 1100 0 -6 -12851 1 55 0
953 8 500 0 -6 -12851 0 55 0
954 8 1100 0 6 -12851 1 55 0
955 12 903 742 -6 24 0 55 55
956 8 742 0 6 -12851 1 55 0
957 8 500 0 24 -12851 1 55 0
958 12 742 903 6 -24 1 51 51
959 8 500 0 -24 -12851 1 60 0
960 8 609 0 -24 -12851 1 60 0
961 12 500 742 -6 24 1 55 51
962 8 903 0 24 -12851 1 55 0
963 12 609 742 6 -24 0 51 55
964 8 742 0 6 -12851 1 60 0
965 12 903 742 -6 24 0 55 55
966 12 742 1100 -6 24 1 51 51
967 8 742 0 24 -12851 1 55 0
968 12 500 742 -6 24 0 55 55
969 12 1100 742 6 -24 0 55 51
970 8 500 0 6 -12851 1 60 0
971 12 1100 742 6 -24 0 55 55
972 8 500 0 -24 -12851 1 55 0
973 8 1100 0 -6 -12851 0 60 0
974 8 609 0 6 -12851 1 55 0
975 12 609 742 -6 24 1 55 51
976 8 500 0 -24 -12851 1 60 0
977 12 742 1100 6 -24 1 55 51
978 12 742 500 -6 24 0 51 51
979 12 903 742 -6 24 0 51 51
980 8 903 0 6 -12851 1 60 0
981 8 1100 0 6 -12851 0 60 0
982 8 903 0 -6 -12851 0 60 0
983 8 903 0 -24 -12851 0 55 0
984 12 1100 742 -6 24 0 55 51
985 12 742 1100 6 -24 0 51 51
986 12 609 742 -6 24 0 51 51
987 8 1100 0 24 -12851 1 55 0
988 12 500 742 6 -24 1 51 51
989 8 742 0 -24 -12851 1 55 0
990 8 742 0 -24 -12851 0 55 0
991 8 609 0 6 -12851 1 55 0
992 8 609 0 -6 -12851 0 60 0
993 12 742 903 -6 24 1 51 51
994 12 500 742 6 -24 1 51 51
995 8 742 0 -24 -12851 1 60 0
996 8 742 0 -24 -12851 1 60 0
997 12 1100 742 6 -24 1 51 51
998 12 500 742 -6 24 0 51 51
999 8 903 0 6 -12851 1 55 0
1000 12 903 742 -6 24 0 51 55
1001 8 609 0 -6 -12851 0 55 0
1002 8 903 0 6 -12851 1 60 0
1003 8 1100 0 -6 -12851 1 60 0
1004 8 609 0 6 -12851 1 55 0
1005 8 1100 0 -6 -12851 0 60 0
1006 12 742 903 -6 24 1 55 55
1007 8 903 0 -24 -12851 0 55 0
1008 8 742 0 -24 -12851 0 55 0
1009 8 742 0 6 -12851 0 55 0
1010 8 500 0 6 -12851 0 55 0
1011 8 1100 0 6 -12851 0 55 0
1012 8 500 0 24 -12851 1 55 0
1013 8 500 0 -24 -12851 0 60 0
1014 12 609 742 6 -24 0 51 51
1015 12 903 742 6 -24 0 51 55
1016 12 742 609 -6 24 0 55 51
1017 8 609 0 -24 -12851 0 55 0
1018 8 742 0 6 -12851 0 55 0
1019 8 742 0 24 -12851 0 60 0
1020 12 500 742 6 -24 1 51 51
1021 12 609 742 6 -24 0 55 51
1022 8 903 0 6 -12851 1 60 0
1023 12 742 903 6 -24 1 55 55
1024 8 1100 0 6 -12851 1 60 0
1025 8 609 0 -6 -12851 1 60 0
1026 12 609 742 -6 24 1 55 55
1027 12 742 609 6 -24 1 55 55
1028 12 609 742 6 -24 0 55 55
1029 12 742 1100 -6 24 0 51 51
1030 8 742 0 24 -12851 0 60 0
1031 8 500 0 -6 -12851 1 55 0
1032 8 609 0 -24 -12851 1 55 0
1033 8 1100 0 -24 -12851 0 55 0
1034 12 609 742 -6 24 0 55 51
1035 8 1100 0 -6 -12851 0 60 0
1036 8 609 0 -24 -12851 0 55 0
1037 12 903 742 -6 24 0 55 51
1038 12 609 742 6 -24 0 51 55
1039 8 742 0 24 -12851 0 55 0
1040 8 903 0 6 -12851 0 55 0
1041 12 742 500 -6 24 0 55 55
1042 8 500 0 -24 -12851 0 55 0
1043 8 500 0 -24 -12851 1 55 0
1044 8 903 0 6 -12851 1 55 0
1045 12 1100 742 6 -24 1 51 51
1046 12 500 742 6 -24 0 55 51
1047 12 742 903 6 -24 1 51 51
1048 12 609 742 6 -24 0 55 55
1049 12 742 1100 -6 24 0 55 51
1050 8 500 0 -24 -12851 0 55 0
1051 8 500 0 6 -12851 0 55 0
1052 8 903 0 6 -12851 0 55 0
1053 8 903 0 6 -12851 0 55 0
1054 12 742 903 -6 24 0 51 55
1055 8 742 0 24 -12851 1 60 0
1056 12 1100 742 -6 24 0 55 55
1057 8 500 0 24 -12851 0 60 0
1058 12 742 903 6 -24 0 51 55
1059 12 742 609 -6 24 0 51 55
1060 12 903 742 -6 24 0 55 51
1061 8 500 0 -6 -12851 0 60 0
1062 8 903 0 6 -12851 0 60 0
1063 8 742 0 -6 -12851 0 60 0
1064 12 742 500 6 -24 0 55 55
1065 8 609 0 24 -12851 0 55 0
1066 8 742 0 -6 -12851 0 60 0
1067 12 742 500 6 -24 0 51 51
1068 8 1100 0 6 -12851 0 55 0
1069 8 1100 0 -24 -12851 0 60 0
1070 8 1100 0 -6 -12851 1 55 0
1071 8 609 0 24 -12851 1 55 0
1072 8 609 0 24 -12851 1 55 0
1073 12 742 609 6 -24 0 51 51
1074 8 500 0 -24 -12851 1 55 0
1075 8 500 0 24 -12851 0 60 0
1076 8 500 0 -6 -12851 0 60 0
1077 8 500 0 24 -12851 0 60 0
1078 8 609 0 6 -12851 0 55 0
1079 8 1100 0 6 -12851 0 55 0
1080 12 903 742 6 -24 0 51 51
1081 12 1100 742 -6 24 0 51 55
1082 8 1100 0 24 -12851 0 55 0
1083 12 742 1100 -6 24 0 51 51
1084 8 609 0 -6 -12851 0 60 0
1085 12 742 500 6 -24 0 51 51
1086 12 742 1100 6 -24 0 51 55
1087 12 742 500 6 -24 0 51 51
1088 8 742 0 6 -12851 0 55 0
1089 12 1100 742 -6 24 0 55 51
1090 12 1100 742 6 -24 0 51 55
1091 8 609 0 -24 -12851 0 60 0
1092 12 903 742 6 -24 0 51 55
1093 12 742 500 -6 24 0 51 55
1094 12 742 500 6 -24 0 51 51
1095 8 903 0 24 -12851 0 55 0
1096 8 742 0 -6 -12851 0 60 0
1097 12 742 903 -6 24 0 55 55
1098 12 609 742 6 -24 0 55 51
1099 8 903 0 24 -12851 0 55 0
1100 12 609 742 -6 24 0 51 55
1101 8 742 0 6 -12851 0 60 0
1102 8 903 0 6 -12851 0 60 0
1103 12 609 742 -6 24 0 55 55
1104 12 742 1100 -6 24 0 55 55
1105 12 742 500 6 -24 0 51 55
1106 12 609 742 6 -24 0 55 51
1107 8 1100 0 -6 -12851 0 55 0
1108 12 903 742 6 -24 0 55 51
1109 8 1100 0 -24 -12851 0 60 0
1110 8 1100 0 6 -12851 0 55 0
1111 12 742 609 6 -24 0 55 55
1112 8 609 0 24 -12851 0 55 0
1113 8 1100 0 -6 -12851 0 55 0
1114 12 742 609 6 -24 0 55 55
1115 12 1100 742 6 -24 0 55 55
1116 8 742 0 -6 -12851 0 60 0
1117 12 903 742 -6 24 0 51 51
1118 8 742 0 -24 -12851 0 60 0
1119 12 1100 742 -6 24 0 51 55
1120 12 742 609 -6 24 0 51 51
1121 12 1100 742 -6 24 0 51 51
1122 8 1100 0 6 -12851 0 55 0
1123 12 609 742 6 -24 0 51 55
1124 8 609 0 24 -12851 0 60 0
1125 8 742 0 6 -12851 0 55 0
1126 12 1100 742 6 -24 0 51 51
1127 12 500 742 -6 24 0 51 51
1128 8 903 0 6 -12851 0 55 0
1129 12 742 500 -6 24 0 55 55
1130 8 500 0 -24 -12851 0 55 0
1131 8 500 0 -6 -12851 0 60 0
1132 8 903 0 -6 -12851 0 60 0
1133 8 903 0 -24 -12851 0 55 0
1134 8 500 0 6 -12851 0 60 0
1135 8 609 0 -6 -12851 0 60 0
1136 12 500 742 6 -24 0 51 55
1137 12 742 1100 -6 24 0 51 51
1138 12 742 1100 6 -24 0 51 51
1139 8 1100 0 -24 -12851 0 60 0
1140 8 1100 0 24 -12851 0 60 0
1141 12 742 500 -6 24 0 51 55
1142 12 742 609 -6 24 0 55 51
1143 12 500 742 -6 24 0 51 51
1144 8 500 0 24 -12851 0 60 0
1145 12 742 1100 -6 24 0 55 51
1146 8 500 0 -24 -12851 0 60 0
1147 12 742 609 -6 24 0 55 55
1148 12 742 903 6 -24 0 55 55
1149 12 1100 742 -6 24 0 55 55
1150 8 742 0 -6 -12851 0 60 0
1151 8 903 0 6 -12851 0 60 0
1152 8 500 0 -6 -12851 0 55 0
1153 8 609 0 -24 -12851 0 55 0
1154 8 1100 0 -6 -12851 0 60 0
1155 12 609 742 6 -24 0 55 55
1156 12 903 742 6 -24 0 55 51
1157 12 742 500 -6 24 0 55 51
1158 12 903 742 6 -24 0 55 55
1159 8 742 0 -6 -12851 0 55 0
1160 12 903 742 -6 24 0 55 51
1161 12 903 742 6 -24 0 55 55
1162 8 609 0 -6 -12851 0 55 0
1163 8 609 0 -6 -12851 0 60 0
1164 12 742 903 -6 24 0 55 55
1165 12 609 742 -6 24 0 51 51
1166 8 903 0 24 -12851 0 55 0
1167 12 742 500 -6 24 0 51 51
1168 8 742 0 -24 -12851 0 60 0
1169 12 609 742 -6 24 0 51 51
1170 12 609 742 -6 24 0 51 51
1171 8 903 0 -24 -12851 0 55 0
1172 8 1100 0 24 -12851 0 60 0
1173 12 500 742 6 -24 0 51 55
1174 8 1100 0 24 -12851 0 60 0
1175 8 1100 0 -24 -12851 0 60 0
1176 12 742 500 -6 24 0 55 51
1177 8 903 0 -6 -12851 0 60 0
1178 12 742 500 6 -24 0 55 55
1179 8 609 0 6 -12851 0 55 0
1180 12 742 903 6 -24 0 51 51
1181 8 1100 0 6 -12851 0 55 0
1182 12 500 742 -6 24 0 55 51
1183 12 742 500 6 -24 0 51 51
1184 8 742 0 24 -12851 0 60 0
1185 12 742 1100 6 -24 0 55 55
1186 8 500 0 24 -12851 0 55 0
1187 8 500 0 6 -12851 0 55 0
1188 12 742 500 6 -24 0 55 55
1189 12 609 742 6 -24 0 51 51
1190 8 903 0 -6 -12851 0 55 0
1191 8 903 0 24 -12851 0 55 0
1192 8 742 0 -6 -12851 0 60 0
1193 8 500 0 -24 -12851 0 55 0
1194 12 500 742 6 -24 0 51 55
1195 8 1100 0 24 -12851 0 60 0
1196 12 742 903 6 -24 0 55 55
1197 8 609 0 6 -12851 0 60 0
1198 8 609 0 6 -12851 0 55 0
1199 8 742 0 -6 -12851 0 55 0
1200 12 500 742 6 -24 0 55 51
1201 8 742 0 -6 -12851 0 55 0
1202 12 742 500 6 -24 0 51 51
1203 12 609 742 -6 24 0 51 55
1204 8 742 0 -6 -12851 0 55 0
1205 12 742 903 -6 24 0 51 55
1206 8 1100 0 6 -12851 0 55 0
1207 8 903 0 -24 -12851 0 60 0
1208 8 500 0 -6 -12851 0 55 0
1209 8 742 0 -6 -12851 0 60 0
1210 8 500 0 24 -12851 0 60 0
1211 8 1100 0 6 -12851 0 60 0
1212 8 609 0 -24 -12851 0 55 0
1213 12 1100 742 6 -24 0 55 55
1214 8 1100 0 -24 -12851 0 55 0
1215 12 742 1100 6 -24 0 51 51
1216 12 1100 742 6 -24 0 51 51
1217 8 742 0 -6 -12851 0 55 0
1218 12 903 742 6 -24 0 51 51
1219 12 903 742 6 -24 0 51 55
1220 8 903 0 24 -12851 0 55 0
1221 8 500 0 6 -12851 0 55 0
1222 8 903 0 6 -12851 0 55 0
1223 8 609 0 6 -12851 0 55 0
1224 8 609 0 24 -12851 0 55 0
1225 12 742 609 -6 24 0 51 55
1226 8 742 0 -6 -12851 0 60 0
1227 8 742 0 -6 -12851 0 60 0
1228 8 742 0 6 -12851 0 55 0
1229 8 903 0 -24 -12851 0 60 0
1230 8 742 0 24 -12851 0 55 0
1231 8 1100 0 -6 -12851 0 55 0
1232 8 1100 0 24 -12851 0 60 0
1233 8 1100 0 -6 -12851 0 60 0
1234 12 609 742 -6 24 0 51 51
1235 8 500 0 -24 -12851 0 60 0
1236 8 609 0 -6 -12851 0 60 0
1237 8 500 0 6 -12851 0 55 0
1238 8 500 0 24 -12851 0 60 0
1239 12 903 742 -6 24 0 55 55
1240 12 500 742 6 -24 0 55 51
1241 8 903 0 -6 -12851 0 60 0
1242 8 609 0 -6 -12851 0 60 0
1243 12 742 500 6 -24 0 51 51
1244 8 903 0 24 -12851 0 60 0
1245 12 500 742 -6 24 0 55 51
1246 8 609 0 6 -12851 0 55 0
1247 8 1100 0 6 -12851 0 55 0
1248 8 1100 0 -24 -12851 0 60 0
1249 8 609 0 -24 -12851 0 55 0
1250 8 1100 0 6 -12851 0 55 0
1251 8 903 0 6 -12851 0 60 0
1252 8 1100 0 -6 -12851 0 55 0
1253 8 742 0 6 -12851 0 60 0
1254 12 903 742 -6 24 0 55 55
1255 8 903 0 24 -12851 0 55 0
1256 12 742 609 6 -24 0 55 51
1257 8 500 0 24 -12851 0 60 0
1258 12 903 742 -6 24 0 55 55
1259 12 500 742 -6 24 0 51 55
1260 8 903 0 24 -12851 0 55 0
1261 8 742 0 6 -12851 0 55 0
1262 8 500 0 24 -12851 0 60 0
1263 12 609 742 6 -24 0 51 55
1264 8 742 0 24 -12851 0 55 0
1265 12 903 742 6 -24 0 51 51
1266 12 742 1100 6 -24 0 55 55
1267 12 903 742 6 -24 0 55 51
1268 8 500 0 24 -12851 0 55 0
1269 8 609 0 6 -12851 0 55 0
1270 12 500 742 6 -24 0 51 51
1271 12 903 742 -6 24 0 51 51
1272 12 609 742 -6 24 0 55 55
1273 8 609 0 -24 -12851 0 55 0
1274 8 903 0 -6 -12851 0 55 0
1275 8 903 0 -6 -12851 0 60 0
1276 12 742 1100 -6 24 0 51 55
1277 8 903 0 6 -12851 0 60 0
1278 8 1100 0 -24 -12851 0 60 0
1279 8 1100 0 24 -12851 0 60 0
1280 12 742 609 -6 24 0 51 55
1281 12 742 1100 6 -24 0 51 55
1282 12 500 742 -6 24 0 51 55
1283 12 742 609 6 -24 0 51 51
1284 12 1100 742 6 -24 0 51 51
1285 12 903 742 -6 24 0 55 55
1286 12 609 742 6 -24 0 55 51
1287 12 1100 742 6 -24 0 55 51
1288 12 1100 742 6 -24 0 55 51
1289 8 1100 0 24 -12851 0 55 0
1290 12 742 500 -6 24 0 51 55
1291 12 903 742 -6 24 0 55 51
1292 8 903 0 -24 -12851 0 55 0
1293 12 903 742 -6 24 0 51 51
1294 8 609 0 -24 -12851 0 55 0
1295 8 500 0 6 -12851 0 60 0
1296 12 742 500 6 -24 0 55 51
1297 12 742 609 6 -24 0 51 51
1298 8 609 0 24 -12851 0 60 0
1299 8 609 0 -24 -12851 0 55 0
1300 8 742 0 6 -12851 0 55 0
1301 8 742 0 -24 -12851 0 55 0
1302 12 609 742 6 -24 0 51 55
1303 8 500 0 24 -12851 0 55 0
1304 12 1100 742 -6 24 0 55 51
1305 8 500 0 -24 -12851 0 55 0
1306 8 742 0 6 -12851 0 60 0
1307 8 742 0 -6 -12851 0 60 0
1308 8 742 0 -24 -12851 0 55 0
1309 12 1100 742 -6 24 0 51 51
1310 8 609 0 -6 -12851 0 55 0
1311 12 742 903 -6 24 0 51 55
1312 12 742 903 -6 24 0 51 51
1313 8 742 0 -24 -12851 0 60 0
1314 8 609 0 -6 -12851 0 60 0
1315 8 1100 0 24 -12851 0 55 0
1316 12 609 742 -6 24 0 51 55
1317 8 903 0 -6 -12851 0 55 0
1318 8 1100 0 -6 -12851 0 60 0
1319 12 500 742 6 -24 0 51 55
1320 8 500 0 -6 -12851 0 60 0
1321 12 903 742 -6 24 0 51 51
1322 8 1100 0 -6 -12851 0 55 0
1323 12 500 742 6 -24 0 55 55
1324 8 500 0 24 -12851 0 55 0
1325 12 742 1100 -6 24 0 55 55
1326 12 742 1100 -6 24 0 51 51
1327 8 500 0 -6 -12851 0 60 0
1328 12 742 1100 6 -24 0 51 55
1329 8 609 0 24 -12851 0 60 0
1330 8 903 0 -24 -12851 0 60 0
1331 8 742 0 -6 -12851 0 55 0
1332 8 903 0 -24 -12851 0 55 0
1333 12 903 742 6 -24 0 51 51
1334 8 500 0 -6 -12851 0 60 0
1335 8 500 0 6 -12851 0 60 0
1336 8 742 0 -6 -12851 0 60 0
1337 8 609 0 -24 -12851 0 60 0
1338 8 500 0 24 -12851 0 60 0
1339 12 742 609 6 -24 0 51 55
1340 12 500 742 6 -24 0 51 51
1341 12 903 742 -6 24 0 51 51
1342 12 1100 742 6 -24 0 55 55
1343 12 1100 742 6 -24 0 51 51
1344 8 609 0 24 -12851 0 55 0
1345 12 609 742 -6 24 0 51 51
1346 8 903 0 6 -12851 0 55 0
1347 8 500 0 -24 -12851 0 60 0
1348 8 742 0 24 -12851 0 55 0
1349 12 903 742 6 -24 0 55 55
1350 8 1100 0 -24 -12851 0 55 0
1351 8 1100 0 -24 -12851 0 60 0
1352 8 903 0 6 -12851 0 60 0
1353 12 742 500 -6 24 0 55 51
1354 8 903 0 -6 -12851 0 55 0
1355 12 742 609 6 -24 0 51 51
1356 8 742 0 -24 -12851 0 55 0
1357 8 1100 0 6 -12851 0 55 0
1358 12 609 742 -6 24 0 51 51
1359 8 609 0 -6 -12851 0 55 0
1360 8 903 0 6 -12851 0 60 0
1361 12 500 742 6 -24 0 51 51
1362 12 742 903 -6 24 0 55 55
1363 8 903 0 24 -12851 0 55 0
1364 8 903 0 24 -12851 0 60 0
1365 12 1100 742 6 -24 0 55 55
1366 8 1100 0 -24 -12851 0 60 0
1367 8 1100 0 -6 -12851 0 60 0
1368 12 609 742 -6 24 0 51 55
1369 12 609 742 -6 24 0 55 55
1370 8 500 0 24 -12851 0 60 0
1371 8 609 0 -24 -12851 0 55 0
1372 12 1100 742 6 -24 0 55 55
1373 12 742 500 -6 24 0 55 55
1374 12 903 742 6 -24 0 51 51
1375 12 742 609 -6 24 0 51 51
1376 12 742 1100 -6 24 0 55 51
1377 8 903 0 6 -12851 0 60 0
1378 12 742 1100 6 -24 0 51 55
1379 12 742 609 -6 24 0 55 51
1380 8 1100 0 6 -12851 0 55 0
