332 12 742 903 -6 24 0 51 55
333 8 903 0 -24 -12851 0 55 0
334 8 609 0 -24 -12851 0 60 0
335 8 903 0 24 -12851 1 60 0
336 12 742 1100 6 -24 0 55 51
337 8 903 0 6 -12851 1 55 0
338 8 609 0 24 -12851 1 60 0
339 12 742 903 6 -24 0 55 55
340 8 742 0 24 -12851 1 60 0
341 12 1100 742 -6 24 1 55 51
342 12 742 609 -6 24 0 55 51
343 12 1100 742 6 -24 1 55 55
344 8 742 0 -24 -12851 1 55 0
345 12 903 742 -6 24 0 51 55
346 8 609 0 6 -12851 0 55 0
347 8 1100 0 24 -12851 1 55 0
348 8 1100 0 6 -12851 1 60 0
349 8 500 0 -24 -12851 0 55 0
350 8 742 0 24 -12851 1 60 0
351 8 1100 0 24 -12851 1 55 0
352 12 500 742 -6 24 0 55 55
353 8 500 0 6 -12851 0 60 0
354 12 742 1100 -6 24 0 51 55
355 8 903 0 -6 -12851 0 55 0
356 12 903 742 -6 24 1 51 55
357 8 903 0 6 -12851 1 60 0
358 8 1100 0 -6 -12851 1 55 0
359 8 903 0 -24 -12851 0 60 0
360 8 609 0 -24 -12851 0 60 0
361 8 1100 0 24 -12851 1 55 0
362 8 1100 0 -6 -12851 1 55 0
363 12 903 742 -6 24 1 51 51
364 8 742 0 -6 -12851 0 60 0
365 8 609 0 -6 -12851 0 60 0
366 8 609 0 24 -12851 0 55 0
367 8 903 0 6 -12851 0 60 0
368 12 742 609 6 -24 0 51 55
369 8 742 0 24 -12851 0 55 0
370 12 742 500 6 -24 0 51 51
371 8 742 0 24 -12851 1 55 0
372 8 500 0 -24 -12851 0 60 0
373 8 500 0 -6 -12851 0 60 0
374 12 742 1100 6 -24 0 51 55
375 8 500 0 24 -12851 1 60 0
376 12 742 609 6 -24 0 51 51
377 8 609 0 24 -12851 0 55 0
378 8 609 0 24 -12851 0 60 0
379 8 1100 0 6 -12851 1 60 0
380 8 609 0 -24 -12851 0 55 0
381 8 500 0 6 -12851 1 55 0
382 12 742 500 6 -24 1 51 55
383 12 609 742 -6 24 0 55 55
384 8 1100 0 -24 -12851 0 60 0
385 8 609 0 24 -12851 0 60 0
386 8 500 0 -6 -12851 0 60 0
387 12 742 500 6 -24 0 55 55
388 12 742 903 -6 24 0 51 51
389 8 903 0 24 -12851 0 60 0
390 12 903 742 6 -24 0 51 51
391 8 500 0 -24 -12851 0 55 0
392 8 742 0 -24 -12851 0 55 0
393 8 1100 0 24 -12851 0 55 0
394 8 742 0 -24 -12851 1 55 0
395 8 742 0 -24 -12851 0 60 0
396 12 742 903 -6 24 0 55 51
397 8 903 0 -24 -12851 1 60 0
398 12 609 742 -6 24 0 51 55
399 12 742 609 6 -24 1 55 55
400 12 742 609 -6 24 1 55 55
401 8 903 0 -6 -12851 0 60 0
402 8 742 0 -6 -12851 0 55 0
403 8 742 0 -6 -12851 0 60 0
404 8 500 0 -6 -12851 0 60 0
405 12 1100 742 6 -24 0 51 55
406 8 1100 0 6 -12851 1 55 0
407 12 609 742 6 -24 1 51 51
408 8 903 0 -6 -12851 0 60 0
409 8 742 0 -24 -12851 0 55 0
410 8 903 0 6 -12851 1 60 0
411 8 742 0 24 -12851 1 55 0
412 8 609 0 -24 -12851 0 60 0
413 8 500 0 24 -12851 0 60 0
414 12 1100 742 6 -24 1 55 55
415 12 609 742 -6 24 1 51 55
416 8 1100 0 -6 -12851 1 60 0
417 8 500 0 24 -12851 1 60 0
418 8 903 0 6 -12851 1 55 0
419 8 1100 0 -6 -12851 0 55 0
420 8 609 0 -24 -12851 0 60 0
421 12 742 500 -6 24 1 51 51
422 12 903 742 6 -24 0 55 55
423 12 1100 742 6 -24 1 55 51
424 12 742 500 -6 24 0 55 51
425 8 609 0 24 -12851 1 60 0
426 8 742 0 6 -12851 1 60 0
427 12 742 903 -6 24 1 55 55
428 8 742 0 24 -12851 1 55 0
429 8 1100 0 24 -12851 1 60 0
430 8 500 0 6 -12851 1 60 0
431 8 903 0 24 -12851 0 60 0
432 12 903 742 6 -24 1 51 51
433 12 1100 742 6 -24 1 55 51
434 8 609 0 24 -12851 0 60 0
435 12 742 1100 6 -24 1 51 55
436 12 609 742 6 -24 1 55 55
437 8 609 0 -6 -12851 0 60 0
438 12 609 742 -6 24 0 55 51
439 8 500 0 24 -12851 0 60 0
440 8 742 0 6 -12851 1 60 0
441 8 903 0 -6 -12851 1 60 0
442 8 1100 0 -24 -12851 0 60 0
443 12 742 500 -6 24 1 51 55
444 8 903 0 24 -12851 0 60 0
445 12 742 609 6 -24 1 55 51
446 8 609 0 24 -12851 0 60 0
447 12 500 742 6 -24 0 51 51
448 12 609 742 -6 24 1 55 55
449 8 500 0 6 -12851 1 55 0
450 8 742 0 -24 -12851 0 60 0
451 8 1100 0 -6 -12851 0 60 0
452 8 742 0 -24 -12851 1 60 0
453 8 742 0 6 -12851 1 60 0
454 8 609 0 6 -12851 1 60 0
455 12 609 742 6 -24 0 55 51
456 12 609 742 6 -24 0 51 55
457 8 609 0 -6 -12851 0 55 0
458 12 903 742 6 -24 1 55 55
459 12 742 609 -6 24 0 51 51
460 12 742 609 -6 24 0 51 51
461 8 500 0 24 -12851 1 55 0
462 12 742 500 -6 24 1 51 51
463 8 903 0 6 -12851 1 60 0
464 8 609 0 -6 -12851 0 60 0
465 12 903 742 -6 24 0 51 55
466 12 609 742 6 -24 1 51 51
467 12 1100 742 -6 24 1 55 51
468 8 742 0 -6 -12851 1 60 0
469 12 742 903 6 -24 1 51 51
470 12 742 609 6 -24 1 51 51
471 12 742 500 -6 24 1 55 51
472 12 742 903 -6 24 1 51 55
473 8 742 0 6 -12851 1 55 0
474 12 500 742 6 -24 1 51 51
475 12 742 903 6 -24 1 51 55
476 8 500 0 -6 -12851 0 55 0
477 12 742 903 -6 24 1 55 51
478 8 903 0 24 -12851 0 60 0
479 8 500 0 6 -12851 1 60 0
480 12 742 903 6 -24 1 51 55
481 8 1100 0 -24 -12851 0 60 0
482 8 903 0 -24 -12851 1 55 0
483 8 1100 0 -24 -12851 0 55 0
484 8 1100 0 24 -12851 1 60 0
485 12 742 500 -6 24 1 55 51
486 8 1100 0 24 -12851 1 60 0
487 12 609 742 6 -24 1 51 51
488 8 1100 0 -6 -12851 0 60 0
489 8 500 0 -24 -12851 0 55 0
490 8 903 0 -6 -12851 0 60 0
491 8 500 0 24 -12851 1 55 0
492 8 903 0 24 -12851 1 60 0
493 8 903 0 6 -12851 1 60 0
494 8 1100 0 -6 -12851 0 60 0
495 8 500 0 -24 -12851 0 55 0
496 8 1100 0 24 -12851 1 60 0
497 8 742 0 -6 -12851 1 60 0
498 8 609 0 -24 -12851 1 55 0
499 8 742 0 -6 -12851 0 55 0
500 12 1100 742 -6 24 1 51 51
501 8 742 0 6 -12851 1 60 0
502 8 609 0 24 -12851 0 55 0
503 8 609 0 -24 -12851 1 60 0
504 8 1100 0 -6 -12851 0 55 0
505 8 1100 0 6 -12851 1 60 0
506 8 903 0 24 -12851 1 55 0
507 8 500 0 -24 -12851 0 60 0
508 8 903 0 -24 -12851 0 60 0
509 8 500 0 6 -12851 0 55 0
510 12 742 903 -6 24 0 51 55
511 12 742 1100 -6 24 1 55 51
512 8 500 0 6 -12851 1 60 0
513 8 903 0 6 -12851 1 60 0
514 12 742 903 -6 24 1 51 55
515 8 742 0 -24 -12851 1 55 0
516 12 742 903 6 -24 1 55 51
517 8 609 0 6 -12851 1 60 0
518 12 742 609 -6 24 1 55 55
519 12 500 742 -6 24 1 55 55
520 8 609 0 24 -12851 1 60 0
521 12 742 1100 6 -24 0 51 51
522 8 1100 0 -6 -12851 0 55 0
523 12 742 903 -6 24 1 55 55
524 8 1100 0 -24 -12851 0 60 0
525 12 903 742 -6 24 1 51 51
526 12 742 609 -6 24 1 55 51
527 12 1100 742 -6 24 0 51 55
528 8 742 0 -6 -12851 0 60 0
529 8 609 0 24 -12851 1 60 0
530 12 500 742 -6 24 1 55 51
531 8 742 0 6 -12851 1 60 0
532 12 742 500 6 -24 1 51 51
533 8 742 0 6 -12851 0 55 0
534 8 742 0 6 -12851 1 60 0
535 8 742 0 -6 -12851 0 60 0
536 8 742 0 -24 -12851 0 55 0
537 8 1100 0 -6 -12851 0 60 0
538 12 609 742 -6 24 0 51 55
539 8 903 0 6 -12851 1 60 0
540 8 609 0 6 -12851 1 55 0
541 8 1100 0 -6 -12851 1 60 0
542 8 903 0 -6 -12851 1 55 0
543 8 903 0 -6 -12851 0 60 0
544 8 1100 0 6 -12851 1 60 0
545 8 500 0 24 -12851 0 60 0
546 12 609 742 -6 24 1 55 51
547 8 609 0 6 -12851 1 60 0
548 8 500 0 24 -12851 1 60 0
549 12 742 500 -6 24 1 55 55
550 12 500 742 -6 24 1 55 55
551 12 609 742 6 -24 1 51 51
552 12 609 742 6 -24 1 55 55
553 12 742 500 -6 24 0 51 55
554 8 609 0 6 -12851 1 55 0
555 8 500 0 24 -12851 1 55 0
556 8 903 0 -6 -12851 0 60 0
557 8 903 0 6 -12851 1 60 0
558 12 742 500 6 -24 0 55 55
559 12 903 742 6 -24 0 51 55
560 8 742 0 -24 -12851 0 55 0
561 12 609 742 6 -24 0 55 51
562 8 903 0 -6 -12851 0 60 0
563 8 742 0 6 -12851 1 55 0
564 12 903 742 -6 24 1 55 51
565 8 500 0 -6 -12851 0 55 0
566 12 742 1100 6 -24 0 55 55
567 8 500 0 24 -12851 1 60 0
568 8 609 0 -24 -12851 0 60 0
569 8 903 0 24 -12851 1 55 0
570 12 742 903 -6 24 0 55 55
571 12 742 903 -6 24 0 55 51
572 8 742 0 24 -12851 1 55 0
573 8 500 0 -6 -12851 0 55 0
574 12 1100 742 -6 24 1 51 51
575 8 1100 0 -6 -12851 0 55 0
576 12 742 1100 6 -24 1 55 55
577 8 1100 0 -6 -12851 1 55 0
578 12 742 609 -6 24 1 55 51
579 12 742 500 -6 24 0 55 55
580 12 742 1100 6 -24 1 55 55
581 8 1100 0 -24 -12851 0 55 0
582 8 609 0 6 -12851 1 60 0
583 12 1100 742 6 -24 0 55 51
584 8 609 0 6 -12851 1 55 0
585 12 500 742 -6 24 1 55 55
586 8 742 0 24 -12851 1 60 0
587 12 742 1100 -6 24 0 55 51
588 8 742 0 -24 -12851 1 55 0
589 8 903 0 6 -12851 0 55 0
590 8 500 0 -24 -12851 0 55 0
591 8 1100 0 24 -12851 1 60 0
592 12 609 742 -6 24 1 55 55
593 12 742 609 -6 24 1 55 55
594 8 609 0 -6 -12851 0 60 0
595 8 609 0 -24 -12851 0 55 0
596 8 903 0 -6 -12851 0 60 0
597 12 742 609 6 -24 1 51 55
598 8 903 0 -6 -12851 0 60 0
599 8 609 0 6 -12851 0 60 0
600 8 500 0 24 -12851 1 55 0
601 8 742 0 -6 -12851 0 55 0
602 12 742 903 6 -24 0 51 55
603 8 742 0 24 -12851 1 60 0
604 8 500 0 -6 -12851 0 55 0
605 8 1100 0 -6 -12851 0 55 0
606 8 1100 0 -6 -12851 0 60 0
607 12 500 742 -6 24 0 55 51
608 12 1100 742 -6 24 0 51 51
609 8 1100 0 -6 -12851 0 60 0
610 8 1100 0 24 -12851 0 55 0
611 8 1100 0 -6 -12851 0 55 0
612 8 903 0 -24 -12851 0 55 0
613 8 500 0 -6 -12851 0 60 0
614 8 903 0 6 -12851 1 55 0
615 8 609 0 24 -12851 1 60 0
616 12 742 609 -6 24 0 51 55
617 8 500 0 24 -12851 1 55 0
618 8 742 0 24 -12851 1 60 0
619 8 609 0 -6 -12851 0 60 0
620 12 609 742 -6 24 0 55 55
621 8 609 0 6 -12851 1 55 0
622 12 903 742 -6 24 0 55 51
623 8 500 0 24 -12851 1 60 0
624 8 1100 0 -6 -12851 0 60 0
625 12 742 500 6 -24 0 51 51
626 12 609 742 6 -24 0 55 55
627 8 903 0 -6 -12851 0 55 0
628 12 609 742 -6 24 0 51 51
629 12 609 742 6 -24 0 55 55
630 12 742 609 -6 24 1 55 51
631 12 742 1100 6 -24 1 55 55
632 8 742 0 -24 -12851 0 60 0
633 8 742 0 6 -12851 1 60 0
634 8 500 0 -24 -12851 1 60 0
635 8 500 0 -6 -12851 0 60 0
636 8 609 0 -24 -12851 1 55 0
637 8 609 0 24 -12851 0 55 0
638 8 609 0 -6 -12851 0 60 0
639 8 742 0 -24 -12851 0 60 0
640 8 500 0 -6 -12851 1 55 0
641 8 500 0 -6 -12851 0 60 0
642 12 742 500 -6 24 0 55 55
643 8 742 0 24 -12851 1 55 0
644 8 1100 0 -24 -12851 0 55 0
645 8 1100 0 -6 -12851 1 60 0
646 12 1100 742 -6 24 0 55 55
647 12 742 903 6 -24 1 55 51
648 12 742 500 -6 24 0 55 55
649 12 742 609 6 -24 1 55 55
650 8 742 0 -6 -12851 0 55 0
651 8 1100 0 6 -12851 1 55 0
652 12 500 742 6 -24 1 51 51
653 12 742 609 -6 24 0 55 55
654 12 1100 742 6 -24 1 55 55
655 8 903 0 6 -12851 1 60 0
656 12 500 742 6 -24 0 55 55
657 12 742 609 -6 24 1 55 51
658 12 742 609 -6 24 0 55 55
659 8 903 0 6 -12851 1 60 0
660 8 903 0 24 -12851 1 60 0
661 8 742 0 24 -12851 0 55 0
662 8 742 0 6 -12851 1 60 0
663 8 1100 0 -24 -12851 0 60 0
664 8 500 0 24 -12851 1 55 0
665 12 742 1100 6 -24 0 51 51
666 8 903 0 -24 -12851 0 55 0
667 8 609 0 -24 -12851 1 60 0
668 8 609 0 6 -12851 1 55 0
669 12 1100 742 6 -24 1 51 55
670 8 500 0 -24 -12851 1 55 0
671 8 742 0 6 -12851 1 55 0
672 12 742 1100 6 -24 0 55 51
673 12 1100 742 -6 24 1 55 55
674 8 903 0 -6 -12851 0 60 0
675 8 1100 0 -6 -12851 0 60 0
676 8 903 0 -24 -12851 1 55 0
677 8 609 0 -6 -12851 0 55 0
678 8 500 0 6 -12851 1 60 0
679 8 742 0 -24 -12851 1 60 0
680 12 500 742 6 -24 0 55 51
681 12 742 1100 6 -24 1 55 55
682 8 1100 0 -6 -12851 1 55 0
683 12 742 500 6 -24 0 51 51
684 8 1100 0 24 -12851 1 60 0
685 12 742 1100 -6 24 0 55 55
686 8 1100 0 24 -12851 1 55 0
687 8 742 0 -6 -12851 0 60 0
688 8 609 0 24 -12851 0 55 0
689 8 609 0 -24 -12851 1 60 0
690 12 500 742 6 -24 0 51 55
691 8 903 0 -6 -12851 0 55 0
692 8 742 0 -6 -12851 1 55 0
693 8 500 0 24 -12851 0 55 0
694 8 500 0 6 -12851 1 55 0
695 8 903 0 24 -12851 0 60 0
696 8 609 0 6 -12851 1 60 0
697 8 500 0 -24 -12851 1 60 0
698 12 742 609 -6 24 0 51 51
699 8 903 0 6 -12851 1 55 0
700 8 1100 0 -6 -12851 0 60 0
701 12 609 742 6 -24 1 55 55
702 12 903 742 -6 24 0 51 51
703 8 742 0 24 -12851 0 60 0
704 8 1100 0 -6 -12851 0 60 0
705 12 609 742 -6 24 0 55 55
706 8 742 0 6 -12851 0 60 0
707 8 742 0 -6 -12851 1 60 0
708 8 1100 0 24 -12851 0 55 0
709 12 742 1100 -6 24 0 51 51
710 8 609 0 -24 -12851 1 55 0
711 8 1100 0 6 -12851 0 55 0
712 8 500 0 -6 -12851 0 60 0
713 12 742 1100 6 -24 0 55 51
714 8 609 0 24 -12851 0 55 0
715 12 1100 742 -6 24 0 51 51
716 12 500 742 -6 24 0 51 51
717 12 742 903 -6 24 0 55 55
718 8 1100 0 -6 -12851 0 60 0
719 8 903 0 -6 -12851 0 60 0
720 8 903 0 24 -12851 1 55 0
721 8 742 0 6 -12851 1 60 0
722 12 1100 742 6 -24 0 55 55
723 8 500 0 6 -12851 1 60 0
724 8 742 0 -24 -12851 1 55 0
725 12 742 903 6 -24 1 51 55
726 12 742 1100 -6 24 1 55 51
727 12 609 742 6 -24 1 55 55
728 8 609 0 -6 -12851 0 60 0
729 12 742 903 6 -24 1 51 55
730 8 903 0 6 -12851 0 60 0
731 8 500 0 24 -12851 0 55 0
732 8 500 0 6 -12851 0 60 0
733 12 742 500 -6 24 0 55 55
734 8 500 0 6 -12851 1 60 0
735 8 903 0 24 -12851 0 55 0
736 12 609 742 -6 24 0 55 55
737 8 742 0 -6 -12851 0 60 0
738 8 1100 0 -6 -12851 0 55 0
739 8 1100 0 -24 -12851 1 60 0
740 8 742 0 24 -12851 0 55 0
741 12 500 742 -6 24 0 51 55
742 8 609 0 -24 -12851 1 55 0
743 8 609 0 -6 -12851 1 55 0
744 8 1100 0 24 -12851 0 60 0
745 12 742 609 -6 24 1 51 51
746 12 742 500 6 -24 0 55 51
747 8 609 0 -24 -12851 0 55 0
748 8 742 0 -6 -12851 0 60 0
749 12 742 609 6 -24 0 55 51
750 8 500 0 6 -12851 1 55 0
751 8 500 0 24 -12851 1 60 0
752 8 903 0 -6 -12851 0 55 0
753 8 903 0 6 -12851 1 60 0
754 12 903 742 6 -24 0 51 51
755 8 903 0 24 -12851 1 60 0
756 8 903 0 24 -12851 1 60 0
757 12 609 742 6 -24 1 55 55
758 12 742 903 -6 24 0 51 51
759 8 742 0 24 -12851 0 55 0
760 12 500 742 6 -24 1 55 55
761 12 903 742 6 -24 1 55 51
762 12 742 1100 6 -24 0 55 55
763 12 500 742 -6 24 0 55 55
764 8 500 0 -6 -12851 1 55 0
765 12 742 609 -6 24 1 55 51
766 8 1100 0 24 -12851 1 55 0
767 8 903 0 24 -12851 0 60 0
768 8 1100 0 6 -12851 1 60 0
769 8 903 0 -6 -12851 1 55 0
770 8 742 0 6 -12851 0 60 0
771 12 742 1100 6 -24 0 55 55
772 8 742 0 24 -12851 1 55 0
773 8 609 0 -6 -12851 1 55 0
774 8 500 0 6 -12851 1 55 0
775 8 500 0 -24 -12851 0 55 0
776 8 1100 0 -24 -12851 0 55 0
777 8 609 0 6 -12851 1 55 0
778 8 609 0 6 -12851 1 60 0
779 12 742 500 -6 24 1 51 55
780 8 903 0 -6 -12851 1 55 0
781 12 742 903 -6 24 0 55 55
782 8 903 0 -6 -12851 1 55 0
783 8 742 0 -6 -12851 0 55 0
784 8 742 0 6 -12851 0 60 0
785 8 1100 0 -24 -12851 0 55 0
786 8 1100 0 -6 -12851 0 55 0
787 12 500 742 6 -24 0 51 55
788 12 500 742 6 -24 0 51 51
789 8 500 0 24 -12851 0 55 0
790 8 903 0 -6 -12851 0 60 0
791 8 500 0 -24 -12851 0 60 0
792 8 500 0 24 -12851 0 60 0
793 8 609 0 6 -12851 0 55 0
794 8 742 0 -24 -12851 0 60 0
795 8 609 0 -6 -12851 0 60 0
796 12 742 609 6 -24 1 51 51
797 8 1100 0 24 -12851 0 60 0
798 8 903 0 24 -12851 1 60 0
799 8 609 0 24 -12851 1 55 0
800 12 742 609 6 -24 1 55 55
801 8 500 0 -24 -12851 0 60 0
802 8 500 0 -24 -12851 0 60 0
803 12 742 903 6 -24 0 51 55
804 12 1100 742 6 -24 1 55 55
805 12 742 1100 -6 24 0 55 55
806 12 1100 742 6 -24 0 55 51
807 12 500 742 6 -24 0 55 55
808 12 903 742 6 -24 0 55 51
809 12 609 742 -6 24 0 51 51
810 12 742 903 6 -24 0 51 55
811 8 903 0 -24 -12851 0 55 0
812 12 742 609 6 -24 0 51 51
813 8 742 0 -6 -12851 0 60 0
814 12 742 500 -6 24 0 51 55
815 8 609 0 -24 -12851 1 55 0
816 12 742 500 6 -24 1 51 51
817 8 742 0 6 -12851 0 55 0
818 12 609 742 -6 24 1 55 51
819 12 742 1100 -6 24 1 55 55
820 12 903 742 -6 24 0 55 51
821 12 742 1100 -6 24 1 55 55
822 8 1100 0 6 -12851 1 55 0
823 8 742 0 -24 -12851 1 60 0
824 12 1100 742 -6 24 0 51 51
825 8 1100 0 -6 -12851 0 55 0
826 8 609 0 -24 -12851 1 55 0
827 8 609 0 -24 -12851 1 55 0
828 8 500 0 -24 -12851 1 60 0
829 12 742 500 6 -24 1 51 55
830 8 903 0 -24 -12851 1 55 0
831 12 1100 742 -6 24 1 51 55
832 8 903 0 -6 -12851 0 55 0
833 12 742 609 -6 24 0 51 51
834 8 500 0 24 -12851 0 55 0
835 12 742 609 -6 24 0 51 51
836 8 1100 0 24 -12851 0 60 0
837 8 500 0 24 -12851 1 55 0
838 12 742 903 6 -24 1 55 55
839 8 500 0 24 -12851 1 60 0
840 8 500 0 24 -12851 1 60 0
841 8 500 0 24 -12851 1 55 0
842 12 742 609 -6 24 1 51 51
843 12 609 742 -6 24 0 55 51
844 12 742 500 -6 24 1 51 51
845 8 742 0 24 -12851 0 60 0
846 8 903 0 24 -12851 0 60 0
847 12 1100 742 6 -24 0 51 51
848 12 903 742 6 -24 1 51 55
849 12 742 903 -6 24 0 51 55
850 8 609 0 6 -12851 0 55 0
851 12 609 742 6 -24 0 51 51
852 12 742 1100 6 -24 0 51 51
853 12 742 500 6 -24 0 51 51
854 12 742 609 -6 24 0 51 55
855 8 903 0 24 -12851 0 60 0
856 12 742 903 -6 24 0 51 51
857 12 500 742 -6 24 0 55 55
858 8 742 0 -6 -12851 0 55 0
859 8 609 0 6 -12851 0 55 0
860 8 903 0 -6 -12851 0 60 0
861 12 742 609 6 -24 0 51 55
862 8 1100 0 6 -12851 0 60 0
863 8 609 0 -6 -12851 0 55 0
864 8 742 0 24 -12851 0 60 0
865 8 1100 0 -24 -12851 0 55 0
866 8 1100 0 24 -12851 0 60 0
867 8 609 0 -24 -12851 0 60 0
868 12 742 1100 -6 24 0 51 55
869 8 609 0 -6 -12851 0 60 0
870 8 742 0 6 -12851 0 60 0
871 8 903 0 -6 -12851 0 55 0
872 8 500 0 6 -12851 0 60 0
873 8 903 0 -24 -12851 0 60 0
874 12 609 742 -6 24 0 51 55
875 12 609 742 6 -24 0 51 51
876 8 903 0 -6 -12851 0 60 0
877 8 1100 0 6 -12851 0 55 0
878 8 1100 0 24 -12851 0 55 0
879 12 1100 742 6 -24 0 55 55
880 12 903 742 6 -24 0 55 51
881 8 500 0 -6 -12851 0 60 0
882 8 1100 0 -6 -12851 0 55 0
883 8 609 0 -6 -12851 0 55 0
884 8 500 0 -6 -12851 1 60 0
885 8 742 0 -24 -12851 1 60 0
886 8 742 0 -24 -12851 1 60 0
887 12 742 1100 -6 24 1 51 51
888 8 609 0 -6 -12851 1 60 0
889 12 500 742 -6 24 0 55 51
890 8 500 0 6 -12851 0 60 0
891 8 500 0 24 -12851 0 60 0
892 12 1100 742 -6 24 0 51 55
893 8 742 0 6 -12851 1 60 0
894 12 903 742 6 -24 0 55 55
895 8 609 0 24 -12851 1 60 0
896 8 742 0 24 -12851 1 55 0
897 8 903 0 -24 -12851 0 55 0
898 8 500 0 24 -12851 0 55 0
899 12 742 903 -6 24 0 55 55
900 12 500 742 -6 24 0 55 55
901 12 500 742 6 -24 0 55 55
902 12 742 609 -6 24 0 55 55
903 12 903 742 -6 24 0 51 55
904 12 742 1100 -6 24 0 51 51
905 12 742 1100 6 -24 0 51 55
906 8 609 0 6 -12851 0 60 0
907 12 500 742 -6 24 0 55 55
908 12 742 609 6 -24 0 51 55
909 8 500 0 24 -12851 0 55 0
910 8 903 0 6 -12851 0 60 0
911 12 500 742 -6 24 0 55 55
912 8 903 0 24 -12851 0 55 0
913 8 609 0 -6 -12851 1 55 0
914 8 742 0 -6 -12851 1 60 0
915 12 742 609 6 -24 1 51 51
916 8 1100 0 24 -12851 1 60 0
917 8 1100 0 -6 -12851 1 55 0
918 8 1100 0 6 -12851 1 60 0
919 12 609 742 6 -24 1 51 51
920 8 1100 0 -6 -12851 0 60 0
921 12 1100 742 -6 24 1 55 55
922 8 1100 0 6 -12851 0 55 0
923 8 742 0 -24 -12851 0 55 0
924 12 742 1100 6 -24 1 51 51
925 8 609 0 -24 -12851 1 60 0
926 8 500 0 -24 -12851 0 55 0
927 8 609 0 -6 -12851 1 55 0
928 12 742 500 -6 24 0 51 51
929 12 742 1100 6 -24 0 51 51
930 12 903 742 6 -24 0 51 55
931 12 1100 742 -6 24 0 51 55
932 8 903 0 24 -12851 0 60 0
933 12 742 609 6 -24 0 51 55
934 8 609 0 -24 -12851 0 60 0
935 8 903 0 6 -12851 0 60 0
936 8 742 0 -6 -12851 1 55 0
937 8 903 0 24 -12851 0 60 0
938 8 742 0 -24 -12851 0 55 0
939 8 1100 0 24 -12851 0 55 0
940 8 1100 0 6 -12851 0 60 0
941 8 500 0 24 -12851 0 55 0
942 8 500 0 -24 -12851 0 60 0
943 8 500 0 24 -12851 0 60 0
944 12 500 742 6 -24 0 55 51
945 8 500 0 24 -12851 0 60 0
946 8 500 0 6 -12851 0 60 0
947 12 742 500 -6 24 0 51 55
948 12 1100 742 6 -24 0 51 51
949 12 742 609 6 -24 0 55 51
950 12 903 742 6 -24 0 51 51
951 8 609 0 6 -12851 0 55 0
952 8 1100 0 24 -12851 0 55 0
953 12 1100 742 -6 24 0 51 55
954 12 500 742 -6 24 0 51 55
955 8 500 0 24 -12851 0 60 0
956 8 903 0 -6 -12851 0 55 0
957 8 1100 0 -6 -12851 0 60 0
958 12 742 609 -6 24 0 51 51
959 8 903 0 6 -12851 0 60 0
960 8 742 0 -24 -12851 0 60 0
961 12 500 742 -6 24 0 51 51
962 12 742 609 -6 24 0 55 55
963 12 742 609 6 -24 0 51 51
964 12 609 742 6 -24 0 51 51
965 12 742 903 -6 24 0 55 51
966 12 500 742 -6 24 0 51 55
967 12 742 500 6 -24 0 55 55
968 12 1100 742 -6 24 0 55 55
969 12 742 500 6 -24 0 55 55
970 8 742 0 24 -12851 0 60 0
971 8 609 0 24 -12851 0 55 0
972 12 742 500 -6 24 0 51 51
973 12 742 903 -6 24 0 51 51
974 12 742 903 6 -24 0 55 51
975 8 609 0 -6 -12851 0 55 0
976 8 742 0 -6 -12851 0 60 0
977 8 1100 0 -24 -12851 0 55 0
978 12 903 742 6 -24 0 55 55
979 8 903 0 24 -12851 0 60 0
980 8 903 0 -24 -12851 0 60 0
981 12 609 742 -6 24 0 51 55
982 12 742 1100 -6 24 0 51 55
983 12 742 609 6 -24 0 55 55
984 12 500 742 -6 24 0 55 51
985 8 903 0 -6 -12851 0 60 0
986 12 742 1100 -6 24 0 51 51
987 8 903 0 6 -12851 0 55 0
988 8 903 0 -24 -12851 0 55 0
989 8 500 0 6 -12851 0 55 0
990 8 500 0 24 -12851 0 55 0
991 8 500 0 -24 -12851 0 60 0
992 12 742 1100 6 -24 0 55 55
993 12 609 742 -6 24 0 55 51
994 8 1100 0 -6 -12851 0 55 0
995 8 1100 0 6 -12851 0 55 0
996 12 742 1100 6 -24 0 51 55
997 8 1100 0 -24 -12851 0 55 0
998 12 500 742 -6 24 0 55 51
999 8 609 0 6 -12851 0 55 0
1000 12 1100 742 6 -24 0 55 55
1001 8 609 0 6 -12851 0 60 0
1002 12 903 742 6 -24 0 51 51
1003 8 609 0 -6 -12851 0 55 0
1004 8 742 0 -6 -12851 0 55 0
1005 8 742 0 -6 -12851 0 55 0
1006 12 742 903 6 -24 0 55 55
1007 12 742 500 -6 24 0 55 55
1008 8 742 0 -24 -12851 0 55 0
1009 8 1100 0 6 -12851 0 55 0
1010 8 1100 0 -24 -12851 0 60 0
1011 12 742 609 -6 24 0 51 51
1012 8 1100 0 -6 -12851 0 60 0
1013 8 903 0 6 -12851 0 55 0
1014 8 500 0 -6 -12851 0 60 0
1015 8 903 0 -24 -12851 0 60 0
1016 8 609 0 -24 -12851 0 60 0
1017 12 742 1100 6 -24 0 55 51
1018 8 500 0 -24 -12851 0 55 0
1019 12 742 500 -6 24 0 51 51
1020 12 742 1100 -6 24 0 55 55
1021 12 903 742 6 -24 0 51 51
1022 12 1100 742 6 -24 0 55 51
1023 8 742 0 6 -12851 0 60 0
1024 12 742 500 -6 24 0 55 51
1025 8 609 0 -24 -12851 0 55 0
1026 12 1100 742 6 -24 0 51 51
1027 12 742 609 -6 24 0 51 55
1028 12 742 1100 -6 24 0 51 55
1029 8 609 0 6 -12851 0 55 0
1030 12 742 500 -6 24 0 51 55
1031 12 1100 742 6 -24 0 51 51
1032 12 903 742 -6 24 0 55 51
1033 12 742 903 -6 24 0 51 55
1034 12 903 742 -6 24 0 51 55
1035 12 742 500 -6 24 0 55 55
1036 12 742 1100 -6 24 0 51 51
1037 12 1100 742 6 -24 0 55 55
1038 8 500 0 -24 -12851 0 60 0
1039 8 1100 0 -24 -12851 0 55 0
1040 8 903 0 -24 -12851 0 60 0
1041 12 742 609 6 -24 0 55 55
1042 8 742 0 -24 -12851 0 60 0
1043 8 742 0 24 -12851 0 55 0
1044 8 742 0 6 -12851 0 60 0
1045 12 742 500 -6 24 0 51 51
1046 12 742 500 -6 24 0 55 55
1047 8 742 0 6 -12851 0 60 0
1048 12 742 1100 6 -24 0 55 55
1049 8 609 0 6 -12851 0 55 0
1050 8 1100 0 -6 -12851 0 60 0
1051 12 742 609 6 -24 0 55 55
1052 8 903 0 -24 -12851 0 55 0
1053 12 742 500 6 -24 0 55 51
1054 12 742 903 6 -24 0 55 55
1055 8 500 0 -6 -12851 0 60 0
1056 12 742 609 -6 24 0 55 51
1057 12 742 1100 6 -24 0 51 51
1058 12 500 742 6 -24 0 51 51
1059 8 742 0 24 -12851 0 55 0
1060 8 903 0 -6 -12851 0 60 0
1061 12 742 609 6 -24 0 55 51
1062 12 903 742 -6 24 0 55 55
1063 12 742 500 6 -24 0 55 55
1064 8 742 0 -24 -12851 0 60 0
1065 12 903 742 -6 24 0 51 51
1066 8 903 0 -6 -12851 0 55 0
1067 12 742 1100 -6 24 0 51 51
1068 12 742 903 6 -24 0 55 55
1069 8 609 0 24 -12851 0 55 0
1070 8 500 0 6 -12851 0 60 0
1071 8 1100 0 -6 -12851 0 60 0
1072 8 1100 0 -6 -12851 0 60 0
1073 8 500 0 -24 -12851 0 60 0
1074 8 609 0 -24 -12851 0 55 0
1075 12 742 609 6 -24 0 55 55
1076 8 609 0 24 -12851 0 55 0
1077 8 609 0 -6 -12851 0 55 0
1078 8 1100 0 -6 -12851 0 55 0
1079 12 1100 742 -6 24 0 55 55
1080 8 609 0 6 -12851 0 55 0
1081 8 500 0 -24 -12851 0 55 0
1082 8 1100 0 -6 -12851 0 55 0
1083 8 609 0 -24 -12851 0 55 0
1084 8 500 0 24 -12851 0 60 0
1085 8 903 0 6 -12851 0 60 0
1086 12 742 500 6 -24 0 51 55
1087 8 500 0 6 -12851 0 55 0
1088 12 609 742 -6 24 0 55 55
1089 12 742 1100 6 -24 0 55 55
1090 12 500 742 6 -24 0 55 55
1091 8 742 0 -6 -12851 0 60 0
1092 12 903 742 -6 24 0 55 55
1093 12 742 1100 6 -24 0 51 55
1094 12 609 742 6 -24 0 55 51
1095 12 1100 742 6 -24 0 51 55
1096 12 903 742 6 -24 0 55 55
1097 12 742 500 6 -24 0 55 55
1098 12 1100 742 6 -24 0 51 51
1099 8 1100 0 -6 -12851 0 55 0
1100 12 903 742 6 -24 0 55 55
1101 8 742 0 6 -12851 0 55 0
1102 8 742 0 -24 -12851 0 55 0
1103 8 903 0 24 -12851 0 55 0
1104 8 903 0 6 -12851 0 55 0
1105 8 742 0 -6 -12851 0 60 0
1106 12 742 500 -6 24 0 55 55
1107 8 742 0 24 -12851 0 60 0
1108 12 609 742 6 -24 0 55 55
1109 12 742 500 -6 24 0 51 55
1110 8 903 0 -6 -12851 0 55 0
1111 8 500 0 24 -12851 0 60 0
1112 12 742 903 6 -24 0 55 55
1113 8 742 0 24 -12851 0 60 0
1114 8 500 0 6 -12851 0 60 0
1115 8 500 0 24 -12851 0 55 0
1116 8 1100 0 24 -12851 0 60 0
1117 8 1100 0 -6 -12851 0 55 0
1118 8 609 0 24 -12851 0 60 0
1119 12 742 500 -6 24 0 51 51
1120 8 609 0 6 -12851 0 55 0
1121 8 903 0 6 -12851 0 60 0
1122 12 742 500 6 -24 0 55 55
1123 12 742 609 -6 24 0 51 55
1124 8 742 0 6 -12851 0 55 0
1125 8 1100 0 24 -12851 0 60 0
1126 8 609 0 6 -12851 0 60 0
1127 8 903 0 24 -12851 0 60 0
1128 12 609 742 6 -24 0 51 51
1129 8 903 0 -6 -12851 0 60 0
1130 8 903 0 -6 -12851 0 60 0
1131 12 742 500 6 -24 0 51 51
1132 12 742 500 -6 24 0 55 55
1133 8 742 0 -6 -12851 0 60 0
1134 12 1100 742 6 -24 0 51 51
1135 8 500 0 -6 -12851 0 55 0
1136 12 1100 742 -6 24 0 51 51
1137 8 1100 0 -24 -12851 0 55 0
1138 8 903 0 24 -12851 0 55 0
1139 8 1100 0 -24 -12851 0 60 0
1140 8 903 0 6 -12851 0 60 0
1141 8 742 0 -6 -12851 0 60 0
1142 12 742 609 6 -24 0 55 55
1143 8 742 0 -6 -12851 0 60 0
1144 8 609 0 -24 -12851 0 60 0
1145 12 742 500 -6 24 0 55 51
1146 12 742 609 6 -24 0 51 55
1147 8 500 0 6 -12851 0 55 0
1148 8 500 0 -24 -12851 0 60 0
1149 8 1100 0 6 -12851 0 60 0
1150 12 742 609 6 -24 0 51 51
1151 8 609 0 24 -12851 0 55 0
1152 12 742 903 -6 24 0 55 55
1153 8 609 0 24 -12851 0 55 0
1154 8 1100 0 -24 -12851 0 60 0
1155 8 1100 0 -24 -12851 0 60 0
1156 8 500 0 24 -12851 0 60 0
1157 8 1100 0 -24 -12851 0 55 0
1158 8 500 0 -6 -12851 0 55 0
1159 8 609 0 24 -12851 0 55 0
1160 8 1100 0 -6 -12851 0 55 0
1161 12 500 742 -6 24 0 55 51
1162 8 903 0 6 -12851 0 55 0
1163 8 903 0 24 -12851 0 60 0
1164 8 742 0 -24 -12851 0 55 0
1165 12 609 742 6 -24 0 51 55
1166 8 742 0 -24 -12851 0 60 0
1167 8 609 0 6 -12851 0 60 0
1168 8 609 0 6 -12851 0 60 0
1169 8 500 0 -6 -12851 0 55 0
1170 8 742 0 24 -12851 0 60 0
1171 8 903 0 -24 -12851 0 55 0
1172 8 500 0 -6 -12851 0 60 0
1173 8 500 0 24 -12851 0 55 0
1174 12 742 500 -6 24 0 55 55
1175 12 742 609 6 -24 0 51 51
1176 8 1100 0 -6 -12851 0 55 0
1177 8 742 0 24 -12851 0 60 0
1178 8 609 0 6 -12851 0 60 0
1179 8 500 0 -6 -12851 0 60 0
1180 12 742 609 6 -24 0 51 51
1181 8 609 0 24 -12851 0 55 0
1182 8 500 0 -6 -12851 0 55 0
1183 8 742 0 -24 -12851 0 55 0
1184 8 742 0 -6 -12851 0 60 0
1185 12 742 903 -6 24 0 55 51
1186 8 609 0 24 -12851 0 55 0
1187 8 903 0 -6 -12851 0 55 0
1188 12 742 1100 6 -24 0 55 51
1189 8 1100 0 24 -12851 0 60 0
1190 8 1100 0 24 -12851 0 55 0
1191 8 903 0 -24 -12851 0 55 0
1192 8 903 0 -6 -12851 0 60 0
1193 8 903 0 -6 -12851 0 55 0
1194 12 742 903 -6 24 0 55 51
1195 8 903 0 24 -12851 0 60 0
1196 8 903 0 24 -12851 0 55 0
1197 8 609 0 -6 -12851 0 60 0
1198 8 742 0 -24 -12851 0 55 0
1199 12 609 742 -6 24 0 55 51
1200 12 742 609 -6 24 0 51 55
1201 8 500 0 24 -12851 0 55 0
1202 8 742 0 -24 -12851 0 55 0
1203 12 903 742 -6 24 0 55 51
1204 12 742 1100 6 -24 0 55 51
1205 8 609 0 -24 -12851 0 55 0
1206 8 1100 0 6 -12851 0 55 0
1207 8 903 0 -6 -12851 0 60 0
1208 12 742 500 6 -24 0 55 55
1209 8 609 0 6 -12851 0 60 0
1210 12 903 742 -6 24 0 55 51
1211 8 1100 0 -24 -12851 0 55 0
1212 8 742 0 -24 -12851 0 60 0
1213 8 1100 0 24 -12851 0 55 0
1214 12 500 742 6 -24 0 51 51
1215 8 500 0 6 -12851 0 60 0
1216 12 742 500 -6 24 0 55 55
1217 8 500 0 24 -12851 0 55 0
1218 8 742 0 24 -12851 0 60 0
1219 8 742 0 24 -12851 0 55 0
1220 8 903 0 -24 -12851 0 60 0
1221 12 609 742 6 -24 0 51 55
1222 8 903 0 6 -12851 0 55 0
1223 12 609 742 -6 24 0 51 55
1224 12 1100 742 -6 24 0 51 55
1225 12 742 500 -6 24 0 55 51
1226 8 742 0 6 -12851 0 55 0
1227 12 609 742 -6 24 0 55 55
1228 8 609 0 -6 -12851 0 60 0
1229 8 903 0 6 -12851 0 60 0
1230 12 1100 742 6 -24 0 51 55
1231 12 742 609 6 -24 0 55 51
1232 8 500 0 -24 -12851 0 60 0
1233 12 742 609 6 -24 0 51 55
1234 12 742 1100 6 -24 0 55 55
1235 8 742 0 24 -12851 0 55 0
1236 12 742 903 6 -24 0 51 51
1237 8 1100 0 -24 -12851 0 60 0
1238 8 500 0 6 -12851 0 60 0
1239 12 1100 742 -6 24 0 55 55
1240 8 1100 0 -24 -12851 0 60 0
1241 8 1100 0 24 -12851 0 55 0
1242 8 609 0 6 -12851 0 60 0
1243 8 609 0 6 -12851 0 55 0
1244 8 500 0 24 -12851 0 55 0
1245 12 742 1100 -6 24 0 51 51
1246 12 742 609 6 -24 0 55 55
1247 8 742 0 6 -12851 0 55 0
1248 8 742 0 24 -12851 0 60 0
1249 8 903 0 -24 -12851 0 60 0
1250 8 742 0 6 -12851 0 55 0
1251 12 1100 742 -6 24 0 55 51
1252 8 903 0 6 -12851 0 60 0
1253 8 500 0 6 -12851 0 60 0
1254 8 609 0 -6 -12851 0 55 0
1255 12 609 742 -6 24 0 51 51
1256 12 742 903 6 -24 0 55 55
1257 8 1100 0 6 -12851 0 55 0
1258 8 609 0 -24 -12851 0 60 0
1259 8 742 0 24 -12851 0 60 0
1260 8 500 0 24 -12851 0 60 0
1261 12 742 500 6 -24 0 51 51
1262 8 500 0 -6 -12851 0 60 0
1263 12 609 742 6 -24 0 51 55
1264 8 903 0 24 -12851 0 55 0
1265 8 1100 0 24 -12851 0 55 0
1266 8 609 0 6 -12851 0 60 0
1267 8 1100 0 -6 -12851 0 55 0
1268 8 742 0 24 -12851 0 60 0
1269 8 742 0 -24 -12851 0 60 0
1270 12 903 742 -6 24 0 51 55
1271 12 609 742 -6 24 0 51 51
1272 12 1100 742 6 -24 0 55 55
1273 8 500 0 -6 -12851 0 60 0
1274 12 609 742 -6 24 0 51 51
1275 12 742 1100 -6 24 0 51 55
1276 8 903 0 -6 -12851 0 55 0
1277 8 742 0 -24 -12851 0 55 0
1278 12 1100 742 -6 24 0 51 55
1279 8 500 0 -6 -12851 0 55 0
1280 8 609 0 -6 -12851 0 60 0
1281 8 742 0 -24 -12851 0 60 0
1282 8 903 0 24 -12851 0 55 0
1283 8 1100 0 6 -12851 0 60 0
1284 8 609 0 24 -12851 0 55 0
1285 12 609 742 -6 24 0 55 55
1286 8 609 0 -24 -12851 0 60 0
1287 8 903 0 -6 -12851 0 60 0
1288 12 742 609 -6 24 0 55 51
1289 12 742 500 6 -24 0 55 55
1290 12 742 903 6 -24 0 55 55
1291 8 1100 0 -24 -12851 0 55 0
1292 8 1100 0 24 -12851 0 60 0
1293 8 500 0 24 -12851 0 60 0
1294 8 903 0 -24 -12851 0 55 0
1295 12 609 742 6 -24 0 51 55
1296 8 903 0 6 -12851 0 55 0
1297 8 742 0 -24 -12851 0 55 0
1298 12 742 1100 6 -24 0 51 55
1299 8 500 0 -24 -12851 0 55 0
1300 8 1100 0 -24 -12851 0 55 0
1301 8 903 0 24 -12851 0 60 0
1302 8 1100 0 24 -12851 0 55 0
1303 12 742 903 -6 24 0 55 55
1304 8 903 0 24 -12851 0 60 0
1305 8 742 0 -24 -12851 0 55 0
1306 12 742 1100 -6 24 0 51 51
1307 12 742 609 6 -24 0 55 55
1308 8 742 0 -24 -12851 0 55 0
1309 8 609 0 6 -12851 0 55 0
1310 12 742 1100 6 -24 0 55 55
1311 8 500 0 -24 -12851 0 60 0
1312 12 742 500 6 -24 0 55 51
1313 8 500 0 6 -12851 0 60 0
1314 12 742 903 -6 24 0 55 51
1315 12 742 1100 6 -24 0 55 55
1316 12 1100 742 6 -24 0 51 55
1317 8 1100 0 -6 -12851 0 60 0
1318 8 609 0 -6 -12851 0 55 0
1319 8 609 0 -6 -12851 0 55 0
1320 8 742 0 24 -12851 0 55 0
1321 12 1100 742 -6 24 0 55 51
1322 8 742 0 -24 -12851 0 55 0
1323 8 903 0 -6 -12851 0 55 0
1324 8 742 0 -6 -12851 0 55 0
1325 8 903 0 24 -12851 0 55 0
1326 12 742 609 6 -24 0 55 51
1327 12 742 500 6 -24 0 51 55
1328 8 500 0 -24 -12851 0 55 0
1329 8 609 0 24 -12851 0 55 0
1330 8 1100 0 -24 -12851 0 60 0
1331 8 609 0 -24 -12851 0 60 0
1332 12 742 500 6 -24 0 55 55
1333 8 742 0 -6 -12851 0 60 0
1334 8 500 0 -24 -12851 0 60 0
1335 8 500 0 6 -12851 0 60 0
1336 8 903 0 -24 -12851 0 60 0
1337 8 1100 0 24 -12851 0 60 0
1338 12 742 1100 6 -24 0 55 55
1339 8 609 0 24 -12851 0 60 0
1340 8 1100 0 -6 -12851 0 60 0
1341 8 1100 0 -24 -12851 0 60 0
1342 8 1100 0 6 -12851 0 55 0
1343 8 500 0 24 -12851 0 60 0
1344 8 1100 0 -6 -12851 0 60 0
1345 12 742 903 6 -24 0 55 55
1346 12 742 609 6 -24 0 51 55
1347 8 500 0 6 -12851 0 55 0
1348 12 742 903 -6 24 0 51 51
1349 12 1100 742 -6 24 0 51 55
1350 8 609 0 -6 -12851 0 55 0
1351 12 1100 742 6 -24 0 51 55
1352 8 1100 0 -24 -12851 0 60 0
1353 8 903 0 -6 -12851 0 55 0
1354 12 500 742 -6 24 0 55 51
1355 8 903 0 6 -12851 0 55 0
1356 12 500 742 -6 24 0 51 51
1357 8 742 0 24 -12851 0 60 0
1358 8 742 0 6 -12851 0 60 0
1359 8 609 0 -24 -12851 0 55 0
1360 8 609 0 24 -12851 0 55 0
1361 8 500 0 24 -12851 0 60 0
1362 8 742 0 6 -12851 0 55 0
1363 8 903 0 -6 -12851 0 55 0
1364 12 742 903 6 -24 0 51 51
1365 8 742 0 -24 -12851 0 55 0
1366 8 742 0 6 -12851 0 60 0
1367 8 903 0 -6 -12851 0 55 0
1368 8 500 0 -6 -12851 0 60 0
1369 8 1100 0 -6 -12851 0 60 0
1370 12 742 609 6 -24 0 51 51
1371 12 742 1100 -6 24 0 51 51
1372 12 742 609 6 -24 0 55 51
1373 8 609 0 24 -12851 0 55 0
1374 8 609 0 24 -12851 0 60 0
1375 12 903 742 -6 24 0 55 55
1376 12 742 500 6 -24 0 55 55
1377 12 500 742 -6 24 0 51 51
1378 8 903 0 -6 -12851 0 60 0
1379 8 903 0 6 -12851 0 60 0
1380 12 1100 742 6 -24 0 51 55
1381 8 609 0 24 -12851 0 60 0
1382 8 500 0 -24 -12851 0 55 0
1383 12 742 609 -6 24 0 51 55
1384 8 742 0 -24 -12851 0 60 0
1385 12 742 609 6 -24 0 51 51
1386 12 742 609 6 -24 0 51 51
1387 12 742 1100 6 -24 0 55 51
1388 8 742 0 -24 -12851 0 60 0
1389 12 1100 742 6 -24 0 55 51
1390 8 500 0 6 -12851 0 55 0
1391 8 1100 0 -6 -12851 0 60 0
1392 8 1100 0 6 -12851 0 55 0
1393 8 1100 0 24 -12851 0 60 0
1394 8 1100 0 24 -12851 0 60 0
1395 12 742 903 6 -24 0 51 55
1396 8 500 0 6 -12851 0 60 0
1397 8 742 0 -6 -12851 0 60 0
1398 8 609 0 -6 -12851 0 55 0
1399 12 742 500 -6 24 0 55 55
1400 12 609 742 6 -24 0 55 51
1401 12 742 1100 -6 24 0 55 51
1402 8 500 0 -24 -12851 0 60 0
1403 8 500 0 -6 -12851 0 60 0
1404 8 742 0 -24 -12851 0 60 0
1405 12 742 1100 -6 24 0 55 55
1406 8 903 0 -24 -12851 0 55 0
1407 8 742 0 -24 -12851 0 55 0
1408 8 1100 0 6 -12851 0 55 0
1409 12 742 903 6 -24 0 55 55
1410 8 903 0 6 -12851 0 60 0
1411 8 1100 0 24 -12851 0 55 0
1412 8 903 0 -24 -12851 0 60 0
1413 12 609 742 -6 24 0 51 55
1414 8 609 0 -24 -12851 0 60 0
1415 12 609 742 -6 24 0 55 55
1416 8 609 0 6 -12851 0 55 0
1417 8 742 0 24 -12851 0 55 0
1418 8 742 0 24 -12851 0 60 0
1419 12 742 500 -6 24 0 51 51
1420 12 742 903 6 -24 0 55 55
1421 8 609 0 24 -12851 0 60 0
1422 8 1100 0 24 -12851 0 60 0
1423 8 903 0 -24 -12851 0 60 0
1424 8 500 0 24 -12851 0 60 0
1425 12 1100 742 6 -24 0 51 55
1426 8 742 0 -6 -12851 0 60 0
1427 8 903 0 -6 -12851 0 55 0
1428 12 500 742 -6 24 0 51 51
1429 8 742 0 24 -12851 0 55 0
1430 12 500 742 6 -24 0 51 51
1431 8 903 0 -6 -12851 0 60 0
1432 12 903 742 6 -24 0 51 51
1433 8 609 0 24 -12851 0 60 0
1434 8 500 0 24 -12851 0 55 0
1435 8 1100 0 24 -12851 0 60 0
1436 8 1100 0 -24 -12851 0 60 0
1437 8 500 0 -6 -12851 0 55 0
1438 8 609 0 -24 -12851 0 55 0
1439 8 609 0 24 -12851 0 60 0
1440 12 903 742 6 -24 0 55 55
1441 12 742 903 6 -24 0 55 55
1442 8 609 0 24 -12851 0 55 0
1443 12 742 609 6 -24 0 55 55
1444 8 903 0 -6 -12851 0 55 0
1445 8 903 0 6 -12851 0 60 0
1446 12 742 1100 -6 24 0 51 55
1447 8 500 0 6 -12851 0 55 0
1448 8 1100 0 -24 -12851 0 60 0
1449 8 742 0 -6 -12851 0 55 0
1450 8 1100 0 -6 -12851 0 55 0
1451 8 500 0 -24 -12851 0 60 0
1452 8 1100 0 6 -12851 0 60 0
1453 8 500 0 6 -12851 0 60 0
1454 8 903 0 -6 -12851 0 60 0
1455 12 609 742 -6 24 0 51 51
1456 8 609 0 6 -12851 0 55 0
1457 8 609 0 6 -12851 0 55 0
1458 8 742 0 -6 -12851 0 55 0
1459 12 742 1100 -6 24 0 51 55
1460 8 742 0 24 -12851 0 55 0
1461 8 609 0 -24 -12851 0 55 0
1462 8 609 0 6 -12851 0 55 0
1463 12 742 500 6 -24 0 51 51
1464 8 903 0 24 -12851 0 55 0
1465 8 500 0 6 -12851 0 60 0
1466 8 742 0 24 -12851 0 60 0
1467 8 500 0 -6 -12851 0 55 0
1468 8 1100 0 -6 -12851 0 55 0
1469 12 742 1100 6 -24 0 55 55
1470 8 742 0 -6 -12851 0 60 0
1471 8 1100 0 -24 -12851 0 55 0
1472 8 609 0 -24 -12851 0 55 0
1473 8 903 0 6 -12851 0 60 0
1474 12 742 609 -6 24 0 55 55
1475 8 609 0 -6 -12851 0 55 0
1476 8 1100 0 6 -12851 0 60 0
1477 8 903 0 24 -12851 0 60 0
1478 8 500 0 -24 -12851 0 60 0
1479 12 742 1100 6 -24 0 55 55
1480 8 742 0 6 -12851 0 55 0
1481 12 1100 742 -6 24 0 51 51
1482 12 903 742 6 -24 0 51 51
1483 8 742 0 -6 -12851 0 60 0
1484 8 742 0 24 -12851 0 55 0
1485 8 609 0 24 -12851 0 55 0
1486 12 742 500 6 -24 0 51 51
1487 8 1100 0 -24 -12851 0 60 0
1488 8 903 0 24 -12851 0 55 0
1489 12 609 742 -6 24 0 51 51
1490 8 500 0 -24 -12851 0 60 0
1491 8 742 0 24 -12851 0 55 0
1492 12 903 742 6 -24 0 55 55
1493 12 1100 742 -6 24 0 51 55
1494 12 903 742 6 -24 0 55 55
1495 12 500 742 -6 24 0 55 55
1496 8 903 0 -24 -12851 0 60 0
1497 8 742 0 -6 -12851 0 55 0
1498 12 742 609 -6 24 0 55 51
1499 12 742 1100 -6 24 0 55 51
1500 8 903 0 -24 -12851 0 60 0
1501 12 742 903 -6 24 0 51 55
1502 12 609 742 -6 24 0 51 55
1503 12 903 742 -6 24 0 55 55
1504 12 742 1100 -6 24 0 51 51
1505 12 742 1100 -6 24 0 55 51
1506 12 742 1100 6 -24 0 55 55
1507 8 609 0 24 -12851 0 55 0
1508 12 742 1100 -6 24 0 51 55
1509 12 1100 742 6 -24 0 51 51
1510 12 1100 742 6 -24 0 51 55
1511 12 742 609 -6 24 0 55 55
1512 8 500 0 6 -12851 0 55 0
1513 8 1100 0 -24 -12851 0 55 0
1514 8 1100 0 6 -12851 0 60 0
1515 8 500 0 -6 -12851 0 55 0
1516 12 742 903 6 -24 0 51 51
1517 12 1100 742 6 -24 0 55 51
1518 12 742 500 -6 24 0 55 51
1519 8 609 0 -6 -12851 0 55 0
1520 8 1100 0 6 -12851 0 60 0
1521 8 1100 0 24 -12851 0 55 0
1522 8 1100 0 -24 -12851 0 60 0
1523 12 609 742 6 -24 0 55 55
1524 8 500 0 -6 -12851 0 55 0
1525 12 903 742 6 -24 0 55 55
1526 8 500 0 6 -12851 0 55 0
1527 8 1100 0 6 -12851 0 60 0
1528 8 903 0 -24 -12851 0 60 0
1529 8 500 0 6 -12851 0 60 0
1530 8 903 0 -24 -12851 0 60 0
1531 8 903 0 24 -12851 0 55 0
1532 8 742 0 24 -12851 0 60 0
1533 8 742 0 -6 -12851 0 60 0
1534 12 742 609 6 -24 0 51 51
1535 12 609 742 -6 24 0 51 51
1536 8 742 0 24 -12851 0 55 0
1537 12 500 742 -6 24 0 55 51
1538 8 609 0 6 -12851 0 55 0
1539 8 609 0 -6 -12851 0 55 0
1540 12 742 903 6 -24 0 51 55
1541 8 609 0 6 -12851 0 55 0
1542 12 609 742 -6 24 0 55 51
1543 12 742 500 -6 24 0 55 51
1544 8 500 0 6 -12851 0 55 0
1545 8 500 0 -6 -12851 0 55 0
1546 8 609 0 -6 -12851 0 55 0
1547 12 609 742 -6 24 0 51 51
1548 8 609 0 6 -12851 0 55 0
1549 8 609 0 24 -12851 0 55 0
1550 12 903 742 -6 24 0 55 55
1551 12 742 1100 -6 24 0 51 55
1552 8 742 0 -6 -12851 0 55 0
1553 12 742 500 6 -24 0 55 51
1554 8 500 0 24 -12851 0 60 0
1555 8 500 0 6 -12851 0 55 0
1556 8 742 0 -6 -12851 0 60 0
1557 12 609 742 6 -24 0 51 51
1558 8 1100 0 24 -12851 0 60 0
1559 8 1100 0 -24 -12851 0 55 0
1560 8 742 0 -6 -12851 0 55 0
1561 12 903 742 6 -24 0 55 55
1562 8 1100 0 24 -12851 0 60 0
1563 12 500 742 6 -24 0 55 55
1564 8 903 0 6 -12851 0 55 0
1565 8 903 0 -6 -12851 0 60 0
1566 8 903 0 6 -12851 0 55 0
1567 8 500 0 24 -12851 0 55 0
1568 8 500 0 -6 -12851 0 60 0
1569 8 500 0 -24 -12851 0 60 0
1570 8 742 0 -6 -12851 0 60 0
1571 8 1100 0 -24 -12851 0 60 0
1572 8 500 0 -6 -12851 0 60 0
1573 12 742 1100 6 -24 0 55 55
1574 8 1100 0 6 -12851 0 60 0
1575 8 1100 0 -24 -12851 0 55 0
1576 12 742 609 -6 24 0 51 51
1577 12 1100 742 6 -24 0 55 55
1578 8 609 0 -6 -12851 0 55 0
1579 12 742 609 6 -24 0 55 55
1580 12 1100 742 -6 24 0 51 51
1581 12 903 742 6 -24 0 55 55
1582 12 742 903 -6 24 0 51 51
1583 8 903 0 -6 -12851 0 55 0
1584 8 742 0 24 -12851 0 60 0
1585 8 742 0 24 -12851 0 55 0
1586 12 500 742 -6 24 0 55 51
1587 12 742 500 6 -24 0 55 51
1588 12 609 742 6 -24 0 51 51
1589 8 903 0 6 -12851 0 55 0
1590 12 742 1100 -6 24 0 55 55
1591 8 903 0 -24 -12851 0 55 0
1592 12 742 903 -6 24 0 55 55
1593 12 742 609 -6 24 0 55 55
1594 8 609 0 6 -12851 0 55 0
1595 8 609 0 -24 -12851 0 60 0
1596 12 742 500 6 -24 0 55 55
1597 12 903 742 -6 24 0 55 51
1598 8 1100 0 -24 -12851 0 60 0
1599 8 1100 0 -6 -12851 0 60 0
1600 8 903 0 6 -12851 0 60 0
1601 8 500 0 24 -12851 0 60 0
1602 8 742 0 -24 -12851 0 55 0
1603 8 1100 0 -6 -12851 0 60 0
1604 12 903 742 -6 24 0 55 55
1605 12 742 500 6 -24 0 51 51
1606 12 742 903 6 -24 0 51 51
1607 8 903 0 24 -12851 0 60 0
1608 12 1100 742 -6 24 0 55 51
1609 8 903 0 6 -12851 0 55 0
1610 8 500 0 -24 -12851 0 60 0
1611 8 500 0 6 -12851 0 55 0
1612 12 742 1100 6 -24 0 55 55
1613 8 1100 0 24 -12851 0 60 0
1614 12 742 903 -6 24 0 55 51
1615 8 609 0 24 -12851 0 55 0
1616 8 609 0 -24 -12851 0 60 0
1617 12 903 742 -6 24 0 51 51
1618 12 742 903 6 -24 0 51 51
1619 12 742 609 6 -24 0 55 55
1620 12 742 500 6 -24 0 51 55
1621 8 742 0 6 -12851 0 60 0
1622 8 742 0 -6 -12851 0 55 0
1623 8 609 0 -24 -12851 0 60 0
1624 12 742 1100 6 -24 0 51 51
1625 8 742 0 6 -12851 0 60 0
1626 8 742 0 -24 -12851 0 60 0
1627 8 609 0 24 -12851 0 60 0
1628 12 609 742 6 -24 0 55 55
1629 12 500 742 6 -24 0 55 55
1630 8 1100 0 -6 -12851 0 60 0
1631 8 609 0 -24 -12851 0 55 0
1632 8 903 0 -6 -12851 0 55 0
1633 8 903 0 24 -12851 0 60 0
1634 12 500 742 -6 24 0 51 55
1635 12 742 609 6 -24 0 55 55
1636 8 500 0 6 -12851 0 60 0
1637 8 742 0 24 -12851 0 55 0
1638 8 500 0 -6 -12851 0 60 0
1639 12 609 742 6 -24 0 55 55
1640 12 742 1100 -6 24 0 55 55
1641 8 1100 0 24 -12851 0 55 0
1642 8 500 0 -24 -12851 0 60 0
1643 12 609 742 -6 24 0 55 55
1644 12 1100 742 6 -24 0 51 51
1645 8 1100 0 6 -12851 0 60 0
1646 8 903 0 -6 -12851 0 55 0
1647 8 609 0 -24 -12851 0 55 0
1648 8 742 0 6 -12851 0 60 0
1649 8 500 0 -6 -12851 0 55 0
1650 12 1100 742 -6 24 0 55 51
1651 8 500 0 6 -12851 0 60 0
1652 12 903 742 6 -24 0 51 55
1653 8 1100 0 24 -12851 0 55 0
1654 8 500 0 24 -12851 0 60 0
1655 8 1100 0 6 -12851 0 55 0
1656 12 1100 742 -6 24 0 55 51
1657 8 903 0 -24 -12851 0 60 0
1658 8 609 0 24 -12851 0 55 0
1659 12 742 500 6 -24 0 51 51
1660 8 903 0 -24 -12851 0 55 0
1661 12 742 609 6 -24 0 51 51
1662 8 903 0 6 -12851 0 60 0
1663 12 903 742 -6 24 0 55 51
1664 8 1100 0 24 -12851 0 60 0
1665 8 609 0 -6 -12851 0 55 0
1666 12 609 742 6 -24 0 55 55
1667 12 609 742 -6 24 0 51 55
1668 12 742 609 6 -24 0 55 55
1669 8 500 0 -6 -12851 0 55 0
1670 8 742 0 -6 -12851 0 55 0
1671 8 609 0 -24 -12851 0 60 0
1672 12 742 903 6 -24 0 55 55
1673 12 742 500 -6 24 0 55 55
1674 12 742 1100 6 -24 0 55 55
1675 8 742 0 -24 -12851 0 60 0
1676 8 742 0 6 -12851 0 60 0
1677 8 742 0 -24 -12851 0 55 0
