386 8 609 0 -24 -12851 0 55 0
387 12 903 742 6 -24 1 55 55
388 12 742 1100 -6 24 0 55 55
389 8 903 0 24 -12851 0 60 0
390 12 1100 742 -6 24 1 51 55
391 12 609 742 -6 24 1 51 51
392 12 1100 742 6 -24 1 51 55
393 12 742 609 -6 24 1 51 51
394 8 742 0 -6 -12851 1 60 0
395 8 609 0 6 -12851 0 60 0
396 12 742 609 6 -24 1 55 55
397 8 903 0 6 -12851 1 60 0
398 8 742 0 -24 -12851 1 55 0
399 8 742 0 24 -12851 0 60 0
400 12 742 609 6 -24 0 51 51
401 8 1100 0 6 -12851 1 60 0
402 12 742 609 -6 24 1 55 51
403 12 742 609 -6 24 0 55 55
404 12 742 903 6 -24 1 51 51
405 12 742 1100 6 -24 1 55 51
406 12 742 1100 6 -24 0 55 55
407 8 1100 0 6 -12851 1 60 0
408 8 903 0 -6 -12851 1 60 0
409 8 609 0 24 -12851 1 60 0
410 12 742 1100 6 -24 1 51 51
411 8 500 0 -6 -12851 1 55 0
412 12 742 1100 6 -24 1 51 55
413 8 500 0 -24 -12851 1 55 0
414 8 500 0 -6 -12851 1 55 0
415 12 1100 742 6 -24 1 51 55
416 8 1100 0 -24 -12851 1 60 0
417 8 1100 0 6 -12851 1 60 0
418 8 742 0 -24 -12851 0 60 0
419 8 742 0 6 -12851 0 60 0
420 12 742 903 -6 24 0 51 55
421 8 609 0 24 -12851 1 60 0
422 12 609 742 6 -24 1 51 51
423 8 609 0 24 -12851 1 55 0
424 12 609 742 6 -24 1 51 51
425 8 609 0 6 -12851 1 60 0
426 8 903 0 6 -12851 1 60 0
427 12 742 1100 6 -24 1 51 55
428 12 742 903 -6 24 0 55 55
429 12 742 500 -6 24 1 55 51
430 8 742 0 -24 -12851 1 60 0
431 12 1100 742 -6 24 0 55 51
432 8 500 0 24 -12851 1 60 0
433 12 500 742 6 -24 1 55 51
434 12 742 1100 -6 24 0 51 55
435 12 742 903 -6 24 0 51 51
436 12 742 500 -6 24 1 51 51
437 12 500 742 -6 24 1 55 51
438 12 500 742 -6 24 0 51 51
439 8 500 0 6 -12851 1 60 0
440 8 500 0 -6 -12851 0 55 0
441 8 1100 0 24 -12851 1 55 0
442 12 609 742 -6 24 1 51 55
443 12 1100 742 6 -24 1 55 51
444 12 742 500 -6 24 1 55 51
445 12 903 742 6 -24 1 55 55
446 12 742 500 6 -24 0 51 51
447 12 742 500 -6 24 0 51 55
448 12 500 742 6 -24 0 55 51
449 8 903 0 -6 -12851 1 55 0
450 8 1100 0 24 -12851 0 60 0
451 12 1100 742 6 -24 1 55 55
452 8 903 0 -24 -12851 1 55 0
453 8 609 0 6 -12851 1 55 0
454 12 500 742 -6 24 1 55 51
455 8 609 0 -6 -12851 0 55 0
456 12 609 742 -6 24 1 55 51
457 12 742 609 -6 24 0 51 55
458 12 742 1100 -6 24 0 51 51
459 8 500 0 6 -12851 1 55 0
460 12 742 500 6 -24 0 51 51
461 8 609 0 -24 -12851 0 55 0
462 8 1100 0 -6 -12851 0 55 0
463 8 1100 0 24 -12851 1 55 0
464 8 500 0 -6 -12851 1 60 0
465 12 609 742 6 -24 1 55 51
466 8 742 0 -6 -12851 0 55 0
467 12 742 1100 6 -24 1 55 51
468 12 1100 742 6 -24 1 55 55
469 8 500 0 24 -12851 1 60 0
470 12 742 1100 -6 24 1 51 55
471 8 903 0 6 -12851 1 60 0
472 12 742 903 6 -24 1 55 55
473 8 1100 0 -24 -12851 1 55 0
474 8 742 0 -24 -12851 1 55 0
475 8 903 0 -6 -12851 1 55 0
476 12 742 903 -6 24 0 55 51
477 12 903 742 6 -24 1 55 55
478 8 609 0 24 -12851 1 55 0
479 12 609 742 6 -24 1 51 51
480 12 742 609 6 -24 0 55 51
481 8 742 0 -6 -12851 1 55 0
482 12 1100 742 6 -24 1 51 55
483 8 903 0 -24 -12851 1 55 0
484 8 609 0 -6 -12851 0 60 0
485 8 609 0 24 -12851 0 60 0
486 8 609 0 -24 -12851 1 60 0
487 12 742 903 -6 24 0 55 51
488 12 500 742 6 -24 1 51 51
489 8 609 0 -6 -12851 1 60 0
490 12 903 742 -6 24 0 55 55
491 8 903 0 -6 -12851 0 55 0
492 8 500 0 6 -12851 1 55 0
493 12 742 903 -6 24 1 51 51
494 8 500 0 24 -12851 1 55 0
495 12 742 903 6 -24 1 55 51
496 8 1100 0 -6 -12851 1 55 0
497 12 742 609 6 -24 1 55 51
498 8 1100 0 6 -12851 1 60 0
499 8 1100 0 24 -12851 1 55 0
500 12 742 609 6 -24 1 55 51
501 12 742 500 6 -24 1 51 51
502 12 742 609 -6 24 0 51 55
503 12 903 742 -6 24 0 55 51
504 12 742 500 -6 24 1 51 51
505 12 500 742 6 -24 1 51 51
506 8 500 0 -6 -12851 1 60 0
507 8 742 0 6 -12851 1 55 0
508 8 903 0 24 -12851 1 55 0
509 8 742 0 -6 -12851 1 55 0
510 8 903 0 6 -12851 1 55 0
511 12 500 742 6 -24 1 55 51
512 8 742 0 6 -12851 1 60 0
513 8 500 0 -24 -12851 1 55 0
514 12 742 903 -6 24 1 51 55
515 8 500 0 24 -12851 0 60 0
516 12 500 742 6 -24 1 51 51
517 8 903 0 -24 -12851 1 55 0
518 12 742 609 -6 24 0 55 55
519 8 903 0 24 -12851 0 60 0
520 8 903 0 6 -12851 0 55 0
521 8 609 0 -24 -12851 1 60 0
522 8 1100 0 -24 -12851 0 55 0
523 8 609 0 -6 -12851 0 60 0
524 8 609 0 24 -12851 1 55 0
525 8 500 0 -24 -12851 1 55 0
526 8 742 0 -6 -12851 1 55 0
527 8 742 0 6 -12851 1 55 0
528 12 609 742 -6 24 0 55 55
529 8 1100 0 -24 -12851 1 55 0
530 8 500 0 6 -12851 0 60 0
531 8 742 0 -6 -12851 1 55 0
532 12 742 500 6 -24 0 51 55
533 12 903 742 -6 24 0 51 51
534 8 1100 0 -6 -12851 1 60 0
535 12 742 609 6 -24 1 55 51
536 12 903 742 -6 24 0 55 51
537 12 742 500 -6 24 0 51 51
538 12 1100 742 -6 24 1 51 51
539 12 742 609 -6 24 1 51 55
540 8 609 0 24 -12851 1 60 0
541 12 742 500 6 -24 0 55 55
542 12 742 500 6 -24 1 55 51
543 8 609 0 6 -12851 1 60 0
544 8 903 0 -24 -12851 0 55 0
545 8 903 0 -24 -12851 1 60 0
546 12 500 742 6 -24 1 51 51
547 12 500 742 -6 24 0 51 51
548 12 742 1100 -6 24 0 55 51
549 12 609 742 -6 24 0 55 51
550 8 1100 0 24 -12851 0 55 0
551 8 742 0 -6 -12851 0 60 0
552 8 609 0 -24 -12851 1 55 0
553 12 609 742 -6 24 1 51 51
554 8 1100 0 -6 -12851 1 55 0
555 8 742 0 6 -12851 1 55 0
556 12 742 903 -6 24 1 55 55
557 12 1100 742 -6 24 1 51 51
558 12 742 903 6 -24 1 51 51
559 8 1100 0 6 -12851 1 60 0
560 8 742 0 24 -12851 1 55 0
561 8 903 0 6 -12851 1 60 0
562 12 500 742 -6 24 0 55 51
563 8 609 0 -24 -12851 1 60 0
564 8 500 0 -6 -12851 0 60 0
565 12 742 500 6 -24 1 51 51
566 8 500 0 -6 -12851 0 60 0
567 12 903 742 6 -24 0 55 51
568 8 500 0 24 -12851 1 55 0
569 8 1100 0 24 -12851 1 60 0
570 8 1100 0 6 -12851 1 55 0
571 12 500 742 -6 24 0 55 51
572 8 500 0 -6 -12851 1 55 0
573 8 609 0 -24 -12851 1 60 0
574 8 500 0 -6 -12851 0 55 0
575 12 903 742 6 -24 0 55 55
576 8 500 0 6 -12851 1 60 0
577 12 903 742 6 -24 1 51 51
578 12 500 742 6 -24 1 51 51
579 8 1100 0 -24 -12851 1 55 0
580 12 742 500 6 -24 1 51 51
581 12 742 903 6 -24 1 55 55
582 12 742 500 6 -24 1 51 55
583 8 903 0 6 -12851 1 60 0
584 12 903 742 6 -24 1 55 55
585 12 1100 742 6 -24 1 55 55
586 12 1100 742 6 -24 1 55 51
587 12 1100 742 -6 24 0 51 55
588 12 609 742 6 -24 0 51 51
589 8 609 0 6 -12851 1 60 0
590 12 742 1100 -6 24 1 51 51
591 12 742 1100 6 -24 1 55 55
592 12 742 609 6 -24 1 51 55
593 12 742 500 -6 24 0 55 51
594 8 1100 0 -24 -12851 1 60 0
595 12 609 742 6 -24 0 51 51
596 12 903 742 6 -24 1 51 51
597 8 609 0 -24 -12851 1 60 0
598 8 742 0 -24 -12851 1 60 0
599 12 742 903 -6 24 1 51 51
600 12 742 903 6 -24 0 55 51
601 12 742 1100 6 -24 0 55 51
602 8 742 0 -24 -12851 1 60 0
603 12 609 742 -6 24 1 51 55
604 8 742 0 -6 -12851 0 55 0
605 8 903 0 24 -12851 1 55 0
606 12 742 609 -6 24 0 55 51
607 8 903 0 -24 -12851 1 55 0
608 8 1100 0 -6 -12851 0 60 0
609 12 1100 742 6 -24 0 51 51
610 8 1100 0 24 -12851 1 55 0
611 12 1100 742 -6 24 1 55 51
612 12 903 742 6 -24 0 55 51
613 8 742 0 -24 -12851 1 55 0
614 8 742 0 -6 -12851 1 60 0
615 12 742 500 -6 24 0 51 51
616 12 742 609 6 -24 0 55 51
617 8 609 0 -24 -12851 1 55 0
618 8 609 0 -6 -12851 0 60 0
619 8 609 0 -24 -12851 1 55 0
620 12 742 903 -6 24 1 51 55
621 8 903 0 24 -12851 1 55 0
622 12 742 500 -6 24 1 55 55
623 12 500 742 -6 24 0 55 51
624 12 742 500 -6 24 0 55 55
625 8 742 0 -6 -12851 0 55 0
626 12 903 742 -6 24 1 51 55
627 8 500 0 -24 -12851 1 55 0
628 12 742 500 6 -24 0 55 51
629 8 500 0 24 -12851 1 60 0
630 8 500 0 -6 -12851 0 55 0
631 8 1100 0 6 -12851 1 55 0
632 8 903 0 -6 -12851 1 60 0
633 8 1100 0 6 -12851 0 55 0
634 8 903 0 6 -12851 1 55 0
635 8 609 0 -24 -12851 1 55 0
636 8 609 0 -6 -12851 0 55 0
637 8 609 0 -6 -12851 1 55 0
638 8 742 0 -24 -12851 1 55 0
639 8 609 0 -6 -12851 1 60 0
640 12 609 742 -6 24 1 51 51
641 12 742 1100 -6 24 0 55 55
642 12 500 742 -6 24 0 51 55
643 12 609 742 6 -24 1 51 51
644 8 903 0 -6 -12851 1 55 0
645 12 609 742 -6 24 1 51 55
646 12 1100 742 -6 24 0 51 55
647 8 903 0 -6 -12851 1 60 0
648 12 742 500 -6 24 1 55 55
649 8 903 0 -24 -12851 1 55 0
650 8 500 0 24 -12851 0 55 0
651 8 1100 0 -24 -12851 1 55 0
652 8 500 0 -6 -12851 1 60 0
653 8 742 0 -24 -12851 1 60 0
654 8 500 0 -6 -12851 1 60 0
655 8 742 0 24 -12851 1 55 0
656 12 742 500 -6 24 1 51 51
657 8 1100 0 6 -12851 1 60 0
658 12 742 1100 -6 24 1 55 55
659 8 1100 0 -24 -12851 1 60 0
660 12 742 1100 -6 24 0 51 51
661 8 500 0 24 -12851 0 60 0
662 8 500 0 6 -12851 1 55 0
663 8 500 0 -24 -12851 1 55 0
664 12 742 609 6 -24 0 51 51
665 12 742 1100 -6 24 1 51 55
666 12 609 742 -6 24 1 55 55
667 8 1100 0 24 -12851 1 60 0
668 8 742 0 -6 -12851 0 55 0
669 8 742 0 6 -12851 0 60 0
670 8 609 0 6 -12851 0 60 0
671 12 609 742 -6 24 1 55 51
672 8 903 0 -6 -12851 1 55 0
673 12 742 609 6 -24 1 55 51
674 12 742 903 6 -24 0 55 55
675 8 903 0 24 -12851 0 60 0
676 8 609 0 24 -12851 0 55 0
677 12 742 903 6 -24 0 55 55
678 8 609 0 -6 -12851 0 55 0
679 8 500 0 24 -12851 0 55 0
680 8 903 0 -6 -12851 0 60 0
681 8 1100 0 6 -12851 0 55 0
682 12 1100 742 -6 24 0 51 51
683 8 1100 0 -6 -12851 0 60 0
684 12 903 742 -6 24 0 55 51
685 12 903 742 -6 24 0 55 51
686 12 742 500 -6 24 0 51 51
687 8 742 0 24 -12851 1 55 0
688 8 609 0 -6 -12851 0 60 0
689 12 742 500 -6 24 1 51 51
690 12 742 903 6 -24 1 51 55
691 12 742 500 6 -24 1 55 55
692 8 609 0 24 -12851 1 55 0
693 8 500 0 -24 -12851 1 60 0
694 12 609 742 6 -24 0 55 55
695 12 742 1100 -6 24 0 55 51
696 12 742 903 -6 24 1 51 55
697 12 500 742 -6 24 1 55 55
698 12 609 742 6 -24 1 51 55
699 8 609 0 -24 -12851 1 55 0
700 8 903 0 -6 -12851 1 60 0
701 12 742 1100 6 -24 1 51 51
702 12 742 500 6 -24 1 51 55
703 8 742 0 -24 -12851 1 55 0
704 8 903 0 -6 -12851 1 60 0
705 8 742 0 6 -12851 1 55 0
706 8 500 0 6 -12851 1 55 0
707 8 609 0 24 -12851 1 60 0
708 12 742 903 6 -24 1 51 51
709 12 742 609 6 -24 1 51 51
710 12 742 609 -6 24 0 55 51
711 8 903 0 24 -12851 1 60 0
712 8 742 0 6 -12851 1 60 0
713 12 742 903 -6 24 1 51 51
714 12 742 609 -6 24 1 55 51
715 8 500 0 -6 -12851 1 55 0
716 8 1100 0 24 -12851 1 60 0
717 8 1100 0 6 -12851 1 55 0
718 8 1100 0 -24 -12851 1 55 0
719 12 500 742 6 -24 1 55 55
720 8 609 0 -24 -12851 1 60 0
721 12 1100 742 -6 24 0 51 51
722 12 742 609 6 -24 1 51 51
723 12 742 1100 6 -24 1 55 55
724 8 609 0 -24 -12851 1 55 0
725 8 500 0 -6 -12851 0 60 0
726 8 609 0 -24 -12851 1 55 0
727 8 1100 0 -6 -12851 1 60 0
728 8 1100 0 24 -12851 1 55 0
729 12 742 609 -6 24 0 55 51
730 8 500 0 24 -12851 1 55 0
731 12 903 742 -6 24 0 51 51
732 8 742 0 24 -12851 0 60 0
733 12 742 903 6 -24 0 55 51
734 12 742 1100 -6 24 0 55 51
735 8 500 0 24 -12851 0 55 0
736 8 903 0 -24 -12851 0 60 0
737 8 1100 0 -6 -12851 0 60 0
738 8 742 0 24 -12851 1 55 0
739 12 903 742 6 -24 0 55 55
740 8 903 0 6 -12851 1 55 0
741 12 742 1100 -6 24 0 55 55
742 8 609 0 6 -12851 0 60 0
743 12 500 742 6 -24 0 55 51
744 12 742 609 6 -24 0 51 55
745 12 1100 742 6 -24 1 55 51
746 12 903 742 -6 24 0 55 55
747 8 742 0 -6 -12851 1 60 0
748 8 903 0 -24 -12851 1 60 0
749 8 1100 0 -24 -12851 1 55 0
750 12 742 903 6 -24 1 55 55
751 8 1100 0 24 -12851 1 55 0
752 12 742 903 6 -24 1 51 55
753 12 742 1100 6 -24 1 51 51
754 12 1100 742 6 -24 1 51 55
755 12 742 500 6 -24 1 51 51
756 12 609 742 6 -24 0 51 51
757 12 742 609 -6 24 1 55 55
758 8 609 0 6 -12851 1 55 0
759 12 742 500 6 -24 0 51 51
760 12 742 903 -6 24 1 51 51
761 12 903 742 6 -24 0 55 51
762 8 903 0 24 -12851 1 55 0
763 8 742 0 -6 -12851 0 60 0
764 12 903 742 -6 24 1 55 55
765 8 609 0 24 -12851 0 60 0
766 8 903 0 6 -12851 0 60 0
767 8 742 0 24 -12851 0 60 0
768 8 742 0 6 -12851 1 60 0
769 8 1100 0 6 -12851 0 55 0
770 12 1100 742 -6 24 1 51 51
771 12 742 500 6 -24 0 51 51
772 12 609 742 -6 24 1 51 51
773 8 1100 0 -24 -12851 1 55 0
774 8 903 0 6 -12851 1 60 0
775 8 609 0 -6 -12851 1 60 0
776 8 500 0 -6 -12851 1 60 0
777 12 1100 742 6 -24 1 55 51
778 8 500 0 -6 -12851 0 55 0
779 8 500 0 -6 -12851 0 55 0
780 8 1100 0 24 -12851 1 55 0
781 8 1100 0 24 -12851 1 55 0
782 12 609 742 -6 24 1 55 51
783 12 609 742 -6 24 1 55 55
784 12 742 609 -6 24 1 51 55
785 8 500 0 6 -12851 1 60 0
786 8 609 0 -24 -12851 1 55 0
787 12 1100 742 -6 24 1 55 55
788 8 500 0 6 -12851 1 60 0
789 8 500 0 -6 -12851 0 60 0
790 12 609 742 6 -24 1 55 51
791 12 500 742 6 -24 1 55 55
792 8 1100 0 24 -12851 1 60 0
793 8 903 0 -6 -12851 1 55 0
794 12 1100 742 -6 24 1 55 51
795 12 742 903 -6 24 1 51 55
796 8 609 0 -24 -12851 1 60 0
797 8 1100 0 24 -12851 1 55 0
798 8 609 0 6 -12851 1 55 0
799 12 742 903 6 -24 1 51 51
800 12 903 742 6 -24 0 55 51
801 8 742 0 24 -12851 1 55 0
802 12 742 1100 -6 24 1 51 51
803 12 500 742 6 -24 1 51 55
804 12 742 500 -6 24 1 51 51
805 12 1100 742 -6 24 1 51 51
806 12 742 500 -6 24 1 55 51
807 8 742 0 -6 -12851 1 60 0
808 12 500 742 6 -24 1 51 51
809 8 742 0 -24 -12851 1 60 0
810 12 1100 742 -6 24 0 51 51
811 8 903 0 24 -12851 1 60 0
812 8 903 0 -6 -12851 1 60 0
813 12 1100 742 -6 24 1 55 51
814 8 903 0 24 -12851 1 60 0
815 12 609 742 6 -24 1 51 51
816 8 903 0 -6 -12851 1 60 0
817 8 1100 0 24 -12851 1 60 0
818 12 742 609 -6 24 1 51 55
819 12 500 742 6 -24 1 51 55
820 8 1100 0 24 -12851 1 60 0
821 8 500 0 -24 -12851 1 60 0
822 12 742 1100 -6 24 1 51 55
823 8 609 0 -24 -12851 0 60 0
824 8 500 0 24 -12851 1 60 0
825 8 1100 0 -24 -12851 1 55 0
826 12 742 1100 -6 24 1 51 51
827 12 903 742 -6 24 1 51 51
828 8 742 0 6 -12851 1 60 0
829 12 742 903 -6 24 1 51 55
830 8 903 0 -6 -12851 1 60 0
831 12 903 742 6 -24 0 55 51
832 8 500 0 24 -12851 1 55 0
833 8 609 0 -24 -12851 0 55 0
834 8 903 0 -6 -12851 0 55 0
835 12 742 500 6 -24 0 55 51
836 12 903 742 -6 24 0 51 51
837 8 609 0 6 -12851 0 60 0
838 12 742 1100 -6 24 0 55 51
839 12 742 1100 -6 24 0 51 55
840 12 742 609 -6 24 0 55 51
841 12 742 903 6 -24 0 51 51
842 12 742 903 -6 24 0 55 51
843 8 742 0 24 -12851 1 60 0
844 12 742 500 -6 24 0 55 55
845 8 742 0 -24 -12851 1 55 0
846 8 903 0 -24 -12851 1 60 0
847 12 742 903 -6 24 1 55 55
848 12 609 742 -6 24 1 55 51
849 8 903 0 -24 -12851 0 55 0
850 12 742 609 6 -24 0 55 51
851 8 742 0 -6 -12851 0 60 0
852 12 742 903 -6 24 1 51 51
853 8 742 0 -24 -12851 0 60 0
854 8 903 0 24 -12851 0 55 0
855 8 500 0 24 -12851 0 60 0
856 12 500 742 -6 24 0 55 51
857 8 742 0 -24 -12851 0 55 0
858 8 1100 0 -24 -12851 0 60 0
859 8 500 0 -6 -12851 0 55 0
860 8 1100 0 6 -12851 0 60 0
861 8 500 0 -24 -12851 0 55 0
862 8 609 0 6 -12851 0 55 0
863 12 742 500 -6 24 0 51 51
864 8 1100 0 24 -12851 0 60 0
865 12 500 742 -6 24 0 55 55
866 12 742 500 -6 24 0 55 55
867 12 742 1100 6 -24 0 55 55
868 8 609 0 24 -12851 0 55 0
869 8 609 0 24 -12851 0 55 0
870 12 742 1100 -6 24 1 55 51
871 12 1100 742 6 -24 1 51 55
872 12 500 742 -6 24 0 55 51
873 12 903 742 6 -24 0 51 55
874 12 609 742 -6 24 0 51 51
875 12 1100 742 -6 24 0 51 51
876 8 903 0 -6 -12851 0 60 0
877 8 903 0 -24 -12851 0 60 0
878 8 903 0 -24 -12851 0 60 0
879 8 903 0 6 -12851 0 55 0
880 12 903 742 6 -24 0 55 55
881 12 742 903 6 -24 0 51 51
882 12 742 609 -6 24 0 55 55
883 8 1100 0 -6 -12851 0 55 0
884 8 1100 0 -24 -12851 0 60 0
885 12 609 742 6 -24 0 51 55
886 8 742 0 -6 -12851 0 60 0
887 12 742 903 6 -24 0 51 51
888 8 500 0 24 -12851 0 55 0
889 8 609 0 24 -12851 0 60 0
890 8 1100 0 24 -12851 0 60 0
891 8 500 0 24 -12851 0 60 0
892 8 609 0 6 -12851 0 55 0
893 8 609 0 -6 -12851 0 60 0
894 8 742 0 -6 -12851 0 60 0
895 12 1100 742 6 -24 0 55 51
896 8 903 0 -24 -12851 0 55 0
897 8 742 0 -24 -12851 0 60 0
898 8 500 0 6 -12851 0 55 0
899 12 742 609 -6 24 0 55 51
900 12 1100 742 6 -24 0 55 55
901 8 903 0 24 -12851 0 60 0
902 12 609 742 -6 24 0 55 51
903 12 903 742 -6 24 0 55 55
904 12 742 500 -6 24 0 51 51
905 12 742 609 -6 24 0 51 51
906 12 742 500 6 -24 0 55 51
907 8 903 0 -24 -12851 0 60 0
908 8 742 0 24 -12851 0 60 0
909 8 500 0 -6 -12851 0 60 0
910 12 609 742 -6 24 0 51 55
911 8 500 0 -24 -12851 0 55 0
912 8 500 0 -6 -12851 0 60 0
913 8 1100 0 -24 -12851 0 55 0
914 12 903 742 6 -24 0 51 51
915 8 609 0 24 -12851 0 55 0
916 12 903 742 6 -24 0 55 51
917 8 1100 0 -6 -12851 0 60 0
918 8 742 0 -6 -12851 0 60 0
919 8 609 0 -24 -12851 0 60 0
920 12 1100 742 6 -24 0 55 55
921 12 742 903 -6 24 0 55 55
922 8 1100 0 24 -12851 0 55 0
923 12 1100 742 6 -24 0 55 55
924 12 609 742 6 -24 0 55 51
925 12 742 1100 6 -24 0 55 55
926 12 609 742 6 -24 0 55 55
927 12 609 742 -6 24 0 55 55
928 12 1100 742 -6 24 0 51 51
929 8 903 0 24 -12851 0 60 0
930 8 609 0 -24 -12851 0 55 0
931 12 609 742 -6 24 0 55 55
932 8 903 0 6 -12851 1 55 0
933 8 742 0 -24 -12851 0 60 0
934 8 1100 0 6 -12851 0 55 0
935 8 1100 0 -6 -12851 0 60 0
936 12 742 903 6 -24 0 55 51
937 8 500 0 -6 -12851 0 60 0
938 12 742 609 6 -24 0 51 51
939 12 500 742 -6 24 0 51 51
940 12 742 1100 6 -24 0 55 55
941 12 742 903 6 -24 0 55 51
942 8 500 0 -6 -12851 0 55 0
943 12 742 609 -6 24 1 55 55
944 12 500 742 -6 24 0 51 55
945 12 500 742 6 -24 0 55 51
946 8 609 0 6 -12851 0 55 0
947 12 903 742 -6 24 0 55 51
948 8 500 0 -24 -12851 0 55 0
949 12 1100 742 6 -24 0 55 55
950 8 903 0 24 -12851 0 55 0
951 8 1100 0 -24 -12851 0 60 0
952 8 742 0 24 -12851 0 55 0
953 12 742 609 6 -24 0 55 55
954 12 742 609 6 -24 0 51 51
955 8 742 0 -24 -12851 0 55 0
956 12 609 742 -6 24 0 51 51
957 12 500 742 6 -24 0 55 51
958 12 742 903 6 -24 0 55 55
959 8 609 0 -6 -12851 0 60 0
960 8 609 0 24 -12851 0 60 0
961 8 1100 0 24 -12851 0 55 0
962 12 1100 742 6 -24 0 55 51
963 8 903 0 -24 -12851 0 60 0
964 8 903 0 6 -12851 1 55 0
965 8 742 0 24 -12851 0 55 0
966 8 500 0 24 -12851 0 55 0
967 8 500 0 6 -12851 0 55 0
968 12 500 742 6 -24 0 51 51
969 12 903 742 -6 24 0 51 51
970 12 742 500 -6 24 0 51 55
971 12 1100 742 6 -24 0 55 51
972 12 609 742 -6 24 0 51 51
973 12 742 903 -6 24 0 51 55
974 12 742 903 -6 24 0 51 51
975 12 742 609 6 -24 0 55 55
976 12 742 1100 -6 24 0 51 51
977 8 742 0 24 -12851 0 60 0
978 12 1100 742 -6 24 0 55 55
979 8 500 0 24 -12851 0 55 0
980 12 609 742 -6 24 0 55 55
981 12 742 609 -6 24 0 51 51
982 12 742 500 6 -24 0 55 55
983 12 903 742 -6 24 0 51 55
984 8 500 0 -24 -12851 0 60 0
985 8 609 0 -24 -12851 0 55 0
986 8 903 0 24 -12851 0 55 0
987 8 609 0 24 -12851 0 55 0
988 8 903 0 -6 -12851 0 55 0
989 12 742 1100 -6 24 0 55 55
990 12 742 500 -6 24 0 51 55
991 8 609 0 -6 -12851 0 55 0
992 8 903 0 -24 -12851 0 55 0
993 8 1100 0 6 -12851 1 60 0
994 8 742 0 -6 -12851 0 60 0
995 12 609 742 6 -24 0 51 55
996 8 1100 0 24 -12851 0 55 0
997 12 1100 742 -6 24 0 51 51
998 12 742 1100 -6 24 0 55 55
999 8 742 0 24 -12851 0 60 0
1000 12 742 609 -6 24 0 51 55
1001 8 1100 0 -6 -12851 0 55 0
1002 12 500 742 6 -24 0 51 55
1003 8 609 0 -24 -12851 1 60 0
1004 8 609 0 24 -12851 0 60 0
1005 8 903 0 24 -12851 0 60 0
1006 8 742 0 6 -12851 0 60 0
1007 8 903 0 24 -12851 0 55 0
1008 8 742 0 24 -12851 0 55 0
1009 8 1100 0 -6 -12851 1 60 0
1010 12 742 1100 -6 24 0 51 55
1011 8 609 0 -24 -12851 0 55 0
1012 12 742 1100 6 -24 0 55 51
1013 8 742 0 24 -12851 0 55 0
1014 8 609 0 -6 -12851 0 55 0
1015 12 609 742 -6 24 0 51 55
1016 8 903 0 -24 -12851 0 55 0
1017 8 500 0 24 -12851 0 55 0
1018 8 1100 0 -24 -12851 0 55 0
1019 12 609 742 6 -24 0 51 51
1020 8 500 0 24 -12851 0 60 0
1021 8 500 0 -24 -12851 1 55 0
1022 12 1100 742 6 -24 0 55 51
1023 8 1100 0 -24 -12851 0 55 0
1024 12 903 742 -6 24 0 51 55
1025 8 742 0 6 -12851 0 55 0
1026 8 742 0 24 -12851 0 55 0
1027 12 742 500 6 -24 0 55 51
1028 8 500 0 6 -12851 0 55 0
1029 12 742 903 -6 24 0 51 51
1030 8 742 0 -24 -12851 0 60 0
1031 12 903 742 6 -24 0 55 55
1032 8 1100 0 -6 -12851 0 55 0
1033 8 1100 0 6 -12851 0 60 0
1034 12 742 903 -6 24 0 51 51
1035 12 742 609 -6 24 0 51 51
1036 8 1100 0 -24 -12851 0 55 0
1037 8 609 0 -6 -12851 0 55 0
1038 8 609 0 -24 -12851 0 60 0
1039 8 742 0 6 -12851 0 55 0
1040 8 903 0 24 -12851 0 60 0
1041 8 500 0 24 -12851 0 60 0
1042 8 500 0 -24 -12851 0 55 0
1043 12 500 742 6 -24 0 55 55
1044 8 903 0 -6 -12851 0 60 0
1045 8 903 0 6 -12851 0 60 0
1046 12 742 1100 -6 24 0 51 51
1047 8 609 0 -6 -12851 0 60 0
1048 8 742 0 -24 -12851 0 60 0
1049 12 742 500 6 -24 0 55 55
1050 12 742 609 -6 24 0 55 51
1051 12 742 500 -6 24 0 51 55
1052 12 742 500 6 -24 0 51 51
1053 12 742 1100 6 -24 0 51 55
1054 8 742 0 6 -12851 0 55 0
1055 12 742 903 6 -24 0 51 51
1056 12 609 742 -6 24 0 55 51
1057 8 742 0 24 -12851 1 60 0
1058 8 500 0 -24 -12851 1 60 0
1059 8 500 0 -24 -12851 0 55 0
1060 8 500 0 6 -12851 0 55 0
1061 8 742 0 24 -12851 0 60 0
1062 12 742 903 -6 24 0 51 55
1063 8 609 0 24 -12851 0 55 0
1064 8 609 0 -6 -12851 0 55 0
1065 12 903 742 6 -24 0 55 55
1066 8 609 0 24 -12851 0 55 0
1067 8 903 0 6 -12851 0 55 0
1068 12 742 609 6 -24 0 55 51
1069 12 742 903 6 -24 0 55 55
1070 12 1100 742 -6 24 0 55 51
1071 12 609 742 -6 24 0 55 51
1072 8 903 0 6 -12851 0 60 0
1073 8 1100 0 -24 -12851 0 55 0
1074 8 903 0 24 -12851 0 60 0
1075 8 1100 0 -24 -12851 0 55 0
1076 8 1100 0 24 -12851 0 55 0
1077 8 500 0 -24 -12851 0 55 0
1078 8 500 0 -24 -12851 0 60 0
1079 8 500 0 24 -12851 0 60 0
1080 12 903 742 6 -24 0 55 55
1081 12 742 1100 6 -24 0 55 55
1082 12 742 609 -6 24 0 51 55
1083 8 1100 0 24 -12851 0 60 0
1084 12 742 609 6 -24 0 55 55
1085 12 903 742 -6 24 0 55 55
1086 8 903 0 -6 -12851 0 60 0
1087 12 1100 742 -6 24 0 55 55
1088 12 609 742 6 -24 0 55 51
1089 8 742 0 -6 -12851 0 60 0
1090 12 742 903 -6 24 0 51 55
1091 12 742 903 -6 24 0 51 55
1092 8 500 0 -6 -12851 0 60 0
1093 8 609 0 6 -12851 0 55 0
1094 12 742 903 -6 24 0 55 51
1095 12 742 609 -6 24 0 55 55
1096 12 609 742 6 -24 1 51 55
1097 12 500 742 -6 24 0 55 55
1098 12 742 1100 6 -24 1 55 51
1099 12 742 903 -6 24 0 55 55
1100 12 609 742 -6 24 0 51 55
1101 8 609 0 -24 -12851 0 60 0
1102 8 609 0 24 -12851 0 60 0
1103 12 500 742 -6 24 0 51 55
1104 12 742 903 -6 24 1 55 55
1105 8 742 0 -24 -12851 0 55 0
1106 8 1100 0 6 -12851 0 55 0
1107 12 609 742 -6 24 0 51 55
1108 12 903 742 -6 24 0 51 51
1109 12 742 1100 6 -24 0 51 55
1110 8 1100 0 6 -12851 0 60 0
1111 12 742 1100 -6 24 0 55 51
1112 8 742 0 6 -12851 0 60 0
1113 12 500 742 -6 24 0 55 51
1114 12 1100 742 -6 24 0 55 51
1115 12 1100 742 -6 24 0 51 55
1116 8 903 0 6 -12851 0 60 0
1117 12 500 742 6 -24 0 55 51
1118 12 742 609 -6 24 0 51 51
1119 12 609 742 6 -24 0 55 55
1120 12 903 742 -6 24 0 55 51
1121 12 742 609 6 -24 0 51 55
1122 12 1100 742 -6 24 0 55 51
1123 12 500 742 -6 24 0 55 51
1124 8 903 0 -24 -12851 0 60 0
1125 8 500 0 -24 -12851 0 60 0
1126 8 500 0 -6 -12851 0 60 0
1127 12 742 1100 -6 24 0 55 55
1128 12 742 609 -6 24 0 51 55
1129 12 742 609 6 -24 0 51 55
1130 12 609 742 -6 24 0 55 55
1131 12 742 1100 6 -24 0 55 51
1132 12 742 1100 -6 24 0 51 51
1133 12 500 742 -6 24 0 51 55
1134 12 500 742 -6 24 0 55 51
1135 8 742 0 -6 -12851 0 60 0
1136 12 742 609 6 -24 0 51 51
1137 8 742 0 -6 -12851 0 55 0
1138 12 500 742 -6 24 0 51 51
1139 8 742 0 -24 -12851 0 60 0
1140 12 742 609 -6 24 0 55 55
1141 8 903 0 -24 -12851 0 60 0
1142 8 609 0 -24 -12851 0 60 0
1143 12 500 742 6 -24 0 55 51
1144 8 500 0 -6 -12851 0 60 0
1145 12 609 742 6 -24 0 51 51
1146 12 742 1100 6 -24 0 51 51
1147 12 903 742 6 -24 0 51 51
1148 12 1100 742 6 -24 0 51 51
1149 8 903 0 -24 -12851 0 60 0
1150 12 742 1100 6 -24 0 51 51
1151 12 903 742 -6 24 0 55 55
1152 8 903 0 24 -12851 0 55 0
1153 12 1100 742 6 -24 0 51 55
1154 8 609 0 24 -12851 0 60 0
1155 8 609 0 -24 -12851 0 55 0
1156 8 1100 0 -6 -12851 0 55 0
1157 8 500 0 6 -12851 0 60 0
1158 12 1100 742 6 -24 0 51 55
1159 8 1100 0 24 -12851 0 60 0
1160 12 500 742 6 -24 0 55 51
1161 12 742 500 6 -24 0 51 51
1162 12 609 742 6 -24 0 51 51
1163 12 609 742 6 -24 0 55 55
1164 8 1100 0 24 -12851 0 55 0
1165 8 500 0 6 -12851 0 60 0
1166 12 742 609 -6 24 0 55 55
1167 12 742 609 -6 24 0 55 51
1168 12 500 742 6 -24 0 51 55
1169 12 742 500 6 -24 0 55 55
1170 12 500 742 6 -24 0 55 55
1171 8 500 0 -24 -12851 0 55 0
1172 12 742 903 -6 24 0 51 51
1173 12 742 500 -6 24 0 55 55
1174 12 1100 742 -6 24 0 51 51
1175 12 742 1100 6 -24 0 51 55
1176 12 903 742 6 -24 0 55 55
1177 8 742 0 24 -12851 0 60 0
1178 8 742 0 6 -12851 0 55 0
1179 12 742 903 -6 24 0 51 51
1180 8 742 0 -24 -12851 0 55 0
1181 12 1100 742 -6 24 0 55 55
1182 12 609 742 6 -24 0 51 55
1183 8 903 0 -6 -12851 0 60 0
1184 12 742 1100 6 -24 0 55 55
1185 12 742 903 -6 24 0 55 51
1186 12 742 903 -6 24 0 55 55
1187 12 1100 742 -6 24 0 51 51
1188 12 609 742 6 -24 0 51 51
1189 12 742 609 6 -24 0 51 55
1190 8 1100 0 6 -12851 0 60 0
1191 12 742 903 -6 24 0 55 51
1192 8 500 0 -24 -12851 0 55 0
1193 12 742 903 6 -24 0 55 55
1194 8 609 0 24 -12851 0 55 0
1195 12 1100 742 -6 24 0 51 51
1196 8 500 0 -24 -12851 0 55 0
1197 12 903 742 6 -24 0 55 51
1198 12 742 500 6 -24 0 51 55
1199 8 903 0 -6 -12851 0 55 0
1200 8 1100 0 -24 -12851 0 60 0
1201 12 609 742 6 -24 0 55 51
1202 8 1100 0 -6 -12851 0 60 0
1203 12 1100 742 6 -24 0 55 51
1204 8 609 0 -6 -12851 0 60 0
1205 8 903 0 24 -12851 0 55 0
1206 8 609 0 -6 -12851 0 55 0
1207 12 742 500 -6 24 0 55 51
1208 12 609 742 6 -24 0 51 51
1209 12 1100 742 -6 24 0 55 51
1210 12 1100 742 -6 24 0 55 55
1211 8 903 0 24 -12851 0 60 0
1212 8 903 0 -6 -12851 0 60 0
1213 12 903 742 -6 24 0 55 55
1214 12 500 742 -6 24 0 55 55
1215 8 500 0 -6 -12851 0 60 0
1216 12 609 742 6 -24 0 55 55
1217 12 742 500 6 -24 0 55 55
1218 12 1100 742 -6 24 0 51 51
1219 8 903 0 -24 -12851 0 60 0
1220 12 500 742 -6 24 0 55 55
1221 8 609 0 24 -12851 0 55 0
1222 8 500 0 6 -12851 0 55 0
1223 12 903 742 -6 24 0 51 55
1224 12 1100 742 6 -24 0 51 51
1225 8 742 0 -6 -12851 0 60 0
1226 12 742 903 -6 24 0 51 55
1227 8 500 0 24 -12851 0 55 0
1228 8 742 0 -24 -12851 0 55 0
1229 8 609 0 -24 -12851 0 60 0
1230 12 742 903 6 -24 0 55 55
1231 12 742 500 6 -24 0 51 55
1232 8 1100 0 24 -12851 0 55 0
1233 8 609 0 24 -12851 0 55 0
1234 12 742 1100 6 -24 0 51 51
1235 12 1100 742 -6 24 0 55 55
1236 8 742 0 -24 -12851 0 60 0
1237 8 1100 0 6 -12851 0 60 0
1238 8 903 0 24 -12851 0 60 0
1239 12 742 903 -6 24 0 51 51
1240 12 609 742 -6 24 0 55 51
1241 12 1100 742 6 -24 0 51 51
1242 8 1100 0 -6 -12851 0 55 0
1243 8 609 0 -24 -12851 0 60 0
1244 8 609 0 24 -12851 0 60 0
1245 12 742 903 6 -24 0 51 51
1246 12 742 1100 -6 24 0 55 55
1247 8 609 0 24 -12851 0 55 0
1248 8 500 0 24 -12851 0 55 0
1249 12 742 903 6 -24 0 55 55
1250 12 742 500 -6 24 0 55 51
1251 8 742 0 -6 -12851 0 55 0
1252 12 742 500 6 -24 0 55 51
1253 8 903 0 -24 -12851 0 55 0
1254 8 609 0 24 -12851 0 60 0
1255 8 1100 0 -24 -12851 0 55 0
1256 12 609 742 6 -24 0 55 51
1257 12 742 1100 -6 24 0 55 51
1258 8 500 0 -24 -12851 0 60 0
1259 12 1100 742 -6 24 0 55 55
1260 12 742 903 -6 24 0 51 51
1261 8 903 0 -6 -12851 0 55 0
1262 12 500 742 6 -24 0 55 51
1263 8 903 0 24 -12851 0 55 0
1264 12 742 903 6 -24 0 55 51
1265 12 742 500 6 -24 0 51 51
1266 12 742 903 6 -24 0 51 55
1267 12 742 1100 -6 24 0 55 51
1268 12 1100 742 6 -24 0 55 55
1269 12 1100 742 -6 24 0 55 51
1270 12 742 1100 -6 24 0 55 51
1271 12 903 742 6 -24 0 55 55
1272 8 1100 0 6 -12851 0 55 0
1273 8 500 0 -24 -12851 0 60 0
1274 12 742 903 -6 24 0 51 55
1275 12 1100 742 6 -24 0 51 51
1276 12 609 742 6 -24 0 55 51
1277 12 742 1100 -6 24 0 55 51
1278 8 1100 0 6 -12851 0 60 0
1279 12 742 609 6 -24 0 55 55
1280 8 742 0 -6 -12851 0 60 0
1281 12 500 742 6 -24 0 51 55
1282 12 742 1100 6 -24 0 55 55
1283 12 609 742 -6 24 0 51 51
1284 8 742 0 6 -12851 0 55 0
1285 12 609 742 -6 24 0 55 55
1286 12 742 609 -6 24 0 51 51
1287 8 1100 0 6 -12851 0 55 0
1288 8 1100 0 -6 -12851 0 60 0
1289 12 609 742 6 -24 0 55 55
1290 8 500 0 -6 -12851 0 55 0
1291 12 500 742 -6 24 0 51 55
1292 8 742 0 -6 -12851 0 60 0
1293 12 500 742 6 -24 0 51 51
1294 12 742 903 6 -24 0 51 51
1295 8 1100 0 -6 -12851 0 55 0
1296 12 742 500 -6 24 0 51 55
1297 12 1100 742 6 -24 0 51 55
1298 12 500 742 6 -24 0 51 55
1299 12 742 903 -6 24 0 51 51
1300 12 742 903 -6 24 0 55 55
1301 12 742 903 6 -24 0 51 51
1302 12 1100 742 -6 24 0 55 51
1303 12 742 903 6 -24 0 55 51
1304 12 903 742 -6 24 0 51 55
1305 8 1100 0 -24 -12851 0 55 0
1306 12 742 500 -6 24 0 55 55
1307 8 903 0 -6 -12851 0 60 0
1308 8 609 0 24 -12851 0 60 0
1309 12 500 742 6 -24 0 51 51
1310 12 903 742 -6 24 0 55 55
1311 8 903 0 24 -12851 0 60 0
1312 8 742 0 24 -12851 0 60 0
1313 8 903 0 24 -12851 0 60 0
1314 12 903 742 6 -24 0 55 55
1315 12 609 742 6 -24 0 55 55
1316 12 742 1100 -6 24 0 55 51
1317 12 1100 742 -6 24 0 55 55
1318 12 500 742 6 -24 0 51 51
1319 12 903 742 -6 24 0 55 51
1320 8 500 0 -6 -12851 0 55 0
1321 8 500 0 6 -12851 0 55 0
1322 12 742 1100 6 -24 0 51 51
1323 12 742 609 -6 24 0 55 51
1324 12 742 609 -6 24 0 51 51
1325 12 609 742 -6 24 0 51 51
1326 8 742 0 6 -12851 0 60 0
1327 12 903 742 -6 24 0 51 51
1328 8 609 0 24 -12851 0 60 0
1329 12 742 1100 -6 24 0 51 51
1330 8 609 0 24 -12851 0 55 0
1331 12 742 903 -6 24 0 55 55
1332 8 500 0 -6 -12851 0 55 0
1333 12 500 742 -6 24 0 55 55
1334 12 1100 742 6 -24 0 51 51
1335 8 500 0 -24 -12851 0 60 0
1336 8 1100 0 6 -12851 0 60 0
1337 12 742 1100 6 -24 0 55 55
1338 12 742 1100 6 -24 0 51 51
1339 8 742 0 -24 -12851 0 55 0
1340 12 903 742 6 -24 0 55 51
1341 12 742 903 6 -24 0 51 51
1342 12 742 500 -6 24 0 55 55
1343 8 903 0 6 -12851 0 55 0
1344 8 742 0 -6 -12851 0 55 0
1345 8 903 0 -6 -12851 0 55 0
1346 8 742 0 6 -12851 0 55 0
1347 8 500 0 -24 -12851 0 60 0
1348 12 1100 742 6 -24 0 51 55
1349 12 742 609 6 -24 0 51 55
1350 8 609 0 24 -12851 0 60 0
1351 12 500 742 -6 24 0 51 51
1352 8 609 0 -24 -12851 0 55 0
1353 8 1100 0 -24 -12851 0 55 0
1354 8 903 0 6 -12851 0 60 0
1355 12 742 903 -6 24 0 51 55
1356 8 1100 0 6 -12851 0 60 0
1357 12 609 742 -6 24 0 55 51
1358 12 742 903 6 -24 0 55 51
1359 12 500 742 -6 24 0 55 51
1360 12 742 903 6 -24 0 51 51
1361 8 500 0 24 -12851 0 55 0
1362 12 609 742 6 -24 0 55 55
1363 8 609 0 6 -12851 0 60 0
1364 12 742 500 6 -24 0 55 51
1365 12 903 742 -6 24 0 51 51
1366 12 742 1100 6 -24 0 51 55
1367 8 500 0 6 -12851 0 60 0
1368 12 1100 742 -6 24 0 55 55
1369 8 500 0 6 -12851 0 55 0
1370 8 1100 0 -24 -12851 0 60 0
1371 12 742 500 -6 24 0 55 55
1372 8 742 0 -6 -12851 0 55 0
1373 8 903 0 -6 -12851 0 55 0
1374 12 742 1100 -6 24 0 55 51
1375 8 742 0 -6 -12851 0 60 0
1376 8 903 0 6 -12851 0 60 0
1377 8 742 0 -6 -12851 0 55 0
1378 8 500 0 -6 -12851 0 60 0
1379 12 500 742 -6 24 0 55 55
1380 12 500 742 6 -24 0 51 55
1381 8 609 0 -24 -12851 0 55 0
1382 12 1100 742 -6 24 0 55 51
1383 8 609 0 -6 -12851 0 60 0
1384 8 1100 0 -6 -12851 0 60 0
1385 12 742 1100 6 -24 0 51 55
1386 8 903 0 24 -12851 0 60 0
1387 8 1100 0 -24 -12851 0 55 0
1388 12 1100 742 -6 24 0 51 55
1389 8 500 0 24 -12851 0 60 0
1390 8 609 0 24 -12851 0 60 0
1391 12 742 903 6 -24 0 55 55
1392 12 742 609 -6 24 0 55 55
1393 8 742 0 -24 -12851 0 60 0
1394 12 742 609 -6 24 0 51 51
1395 8 742 0 6 -12851 0 60 0
1396 8 1100 0 -6 -12851 0 55 0
1397 12 1100 742 6 -24 0 51 55
1398 8 1100 0 -24 -12851 0 55 0
1399 12 742 609 6 -24 0 51 51
1400 8 742 0 24 -12851 0 60 0
1401 12 742 903 -6 24 0 55 51
1402 12 1100 742 6 -24 0 55 51
1403 12 609 742 6 -24 0 51 51
1404 8 609 0 24 -12851 0 60 0
1405 12 742 609 -6 24 0 55 55
1406 8 609 0 24 -12851 0 60 0
1407 12 742 1100 6 -24 0 51 51
1408 8 1100 0 6 -12851 0 60 0
1409 12 742 903 6 -24 0 55 51
1410 8 609 0 24 -12851 0 60 0
1411 8 500 0 6 -12851 0 55 0
1412 12 742 903 6 -24 0 55 55
1413 8 903 0 -6 -12851 0 55 0
1414 8 742 0 6 -12851 0 60 0
1415 8 903 0 -24 -12851 0 60 0
1416 8 903 0 24 -12851 0 60 0
1417 12 500 742 6 -24 0 51 51
1418 8 500 0 -24 -12851 0 60 0
1419 12 609 742 -6 24 0 51 55
1420 8 500 0 -6 -12851 0 60 0
1421 12 609 742 -6 24 0 55 55
1422 8 609 0 24 -12851 0 55 0
1423 12 742 609 -6 24 0 51 55
1424 12 742 500 6 -24 0 55 55
1425 8 609 0 24 -12851 0 55 0
1426 12 500 742 6 -24 0 51 51
1427 12 742 903 6 -24 0 51 51
1428 8 500 0 -6 -12851 0 60 0
1429 8 609 0 6 -12851 0 60 0
1430 8 1100 0 -24 -12851 0 60 0
1431 12 742 500 6 -24 0 55 51
1432 8 1100 0 6 -12851 0 55 0
1433 8 500 0 -24 -12851 0 55 0
1434 8 742 0 6 -12851 0 60 0
1435 12 500 742 -6 24 0 51 51
1436 8 500 0 6 -12851 0 55 0
1437 12 742 1100 -6 24 0 51 55
1438 12 903 742 -6 24 0 55 51
1439 12 609 742 6 -24 0 51 51
1440 12 742 903 -6 24 0 55 55
1441 8 903 0 -6 -12851 0 60 0
1442 8 1100 0 24 -12851 0 55 0
1443 12 500 742 -6 24 0 51 55
1444 8 742 0 -6 -12851 0 60 0
1445 8 903 0 -24 -12851 0 55 0
1446 12 742 500 -6 24 0 55 55
1447 12 500 742 6 -24 0 55 55
1448 12 1100 742 -6 24 0 55 55
1449 8 609 0 24 -12851 0 55 0
1450 12 1100 742 -6 24 0 55 55
1451 12 742 609 -6 24 0 55 55
1452 8 742 0 -6 -12851 0 55 0
1453 12 742 1100 -6 24 0 55 55
1454 8 903 0 -24 -12851 0 55 0
1455 12 609 742 -6 24 0 51 51
1456 8 609 0 6 -12851 0 55 0
1457 12 742 500 -6 24 0 55 55
1458 12 1100 742 6 -24 0 55 51
1459 12 742 903 -6 24 0 51 51
1460 12 1100 742 6 -24 0 51 55
1461 8 609 0 -6 -12851 0 60 0
1462 8 903 0 -6 -12851 0 55 0
1463 12 742 500 -6 24 0 51 51
1464 8 609 0 -6 -12851 0 60 0
1465 8 609 0 6 -12851 0 55 0
1466 8 500 0 -24 -12851 0 60 0
1467 8 500 0 -24 -12851 0 55 0
1468 8 1100 0 -6 -12851 0 55 0
1469 8 742 0 -6 -12851 0 55 0
1470 12 742 500 6 -24 0 51 55
1471 12 742 609 6 -24 0 55 51
1472 12 742 609 6 -24 0 55 51
1473 8 903 0 6 -12851 0 55 0
1474 8 742 0 -24 -12851 0 60 0
1475 8 903 0 24 -12851 0 60 0
1476 8 500 0 -24 -12851 0 55 0
1477 8 742 0 24 -12851 0 60 0
1478 8 1100 0 -24 -12851 0 60 0
1479 12 742 1100 6 -24 0 51 51
1480 12 500 742 6 -24 0 55 51
1481 8 1100 0 -6 -12851 0 60 0
1482 8 1100 0 -24 -12851 0 55 0
1483 8 1100 0 6 -12851 0 55 0
1484 12 742 500 6 -24 0 55 55
1485 8 742 0 6 -12851 0 60 0
1486 12 1100 742 -6 24 0 55 55
1487 8 1100 0 -6 -12851 0 60 0
1488 8 903 0 -24 -12851 0 60 0
1489 12 609 742 -6 24 0 51 55
1490 8 1100 0 6 -12851 0 60 0
1491 8 742 0 -6 -12851 0 60 0
1492 8 742 0 -6 -12851 0 60 0
1493 8 903 0 -6 -12851 0 55 0
1494 8 903 0 -24 -12851 0 55 0
1495 8 609 0 24 -12851 0 55 0
1496 8 609 0 -24 -12851 0 55 0
1497 12 500 742 6 -24 0 51 51
1498 12 742 903 6 -24 0 51 55
1499 12 500 742 6 -24 0 51 55
1500 8 500 0 6 -12851 0 60 0
1501 8 500 0 24 -12851 0 60 0
1502 12 903 742 6 -24 0 51 55
1503 8 609 0 -24 -12851 0 60 0
1504 8 500 0 6 -12851 0 55 0
1505 8 742 0 6 -12851 0 60 0
1506 12 609 742 6 -24 0 55 55
1507 12 742 903 6 -24 0 51 51
1508 12 742 903 6 -24 0 51 55
1509 8 742 0 -24 -12851 0 60 0
1510 12 500 742 6 -24 0 51 51
1511 8 742 0 6 -12851 0 55 0
1512 8 500 0 24 -12851 0 55 0
1513 8 500 0 6 -12851 0 60 0
1514 12 742 903 -6 24 0 55 51
1515 8 500 0 -6 -12851 0 55 0
1516 8 742 0 -24 -12851 0 55 0
1517 8 609 0 6 -12851 0 55 0
1518 12 742 903 6 -24 0 51 55
1519 12 742 500 6 -24 0 51 55
1520 12 609 742 -6 24 0 55 55
1521 8 609 0 -6 -12851 0 60 0
1522 12 742 903 6 -24 0 55 51
1523 8 609 0 -24 -12851 0 60 0
1524 8 903 0 -6 -12851 0 55 0
1525 8 903 0 -24 -12851 0 60 0
1526 12 742 1100 6 -24 0 55 55
1527 12 609 742 -6 24 0 51 55
1528 8 1100 0 6 -12851 0 55 0
1529 8 903 0 6 -12851 0 60 0
1530 8 1100 0 -24 -12851 0 60 0
1531 12 742 609 6 -24 0 51 51
1532 12 609 742 6 -24 0 55 55
1533 8 1100 0 24 -12851 0 60 0
1534 8 500 0 -6 -12851 0 55 0
1535 8 500 0 -6 -12851 0 55 0
1536 12 500 742 6 -24 0 51 51
1537 12 742 903 -6 24 0 51 51
1538 8 903 0 6 -12851 0 55 0
1539 12 609 742 6 -24 0 55 51
1540 12 1100 742 6 -24 0 55 55
1541 8 903 0 -24 -12851 0 55 0
1542 12 1100 742 6 -24 0 51 55
1543 12 903 742 6 -24 0 55 55
1544 12 742 903 6 -24 0 51 51
1545 8 903 0 24 -12851 0 55 0
1546 12 742 1100 6 -24 0 55 55
1547 12 742 1100 6 -24 0 51 55
1548 12 903 742 6 -24 0 51 55
1549 12 1100 742 -6 24 0 55 51
1550 8 609 0 -24 -12851 0 60 0
1551 8 1100 0 -24 -12851 0 60 0
1552 8 609 0 -6 -12851 0 55 0
1553 12 742 903 6 -24 0 55 51
1554 8 609 0 6 -12851 0 55 0
