321 12 742 609 -6 24 1 51 55
322 12 500 742 -6 24 0 55 55
323 12 500 742 6 -24 0 55 55
324 8 500 0 6 -12851 1 55 0
325 8 500 0 -6 -12851 1 60 0
326 8 903 0 -24 -12851 1 60 0
327 8 903 0 -24 -12851 1 60 0
328 12 1100 742 -6 24 0 51 55
329 12 1100 742 6 -24 0 51 51
330 8 903 0 6 -12851 1 55 0
331 8 609 0 24 -12851 1 55 0
332 12 742 903 6 -24 0 55 51
333 8 500 0 24 -12851 1 55 0
334 8 1100 0 24 -12851 1 60 0
335 8 609 0 -6 -12851 1 60 0
336 12 742 500 6 -24 1 51 55
337 12 742 1100 6 -24 0 55 55
338 8 609 0 6 -12851 0 55 0
339 8 903 0 -6 -12851 1 60 0
340 8 500 0 6 -12851 1 55 0
341 8 742 0 24 -12851 1 55 0
342 8 500 0 24 -12851 1 55 0
343 8 742 0 -6 -12851 1 55 0
344 8 742 0 24 -12851 1 60 0
345 12 500 742 -6 24 1 51 51
346 8 1100 0 24 -12851 0 55 0
347 8 1100 0 -6 -12851 1 60 0
348 12 742 500 6 -24 1 51 51
349 8 742 0 24 -12851 1 55 0
350 8 742 0 24 -12851 1 60 0
351 8 742 0 -6 -12851 1 60 0
352 8 500 0 6 -12851 1 55 0
353 8 609 0 6 -12851 1 60 0
354 12 742 609 6 -24 1 51 55
355 8 500 0 24 -12851 1 55 0
356 12 742 903 6 -24 1 51 51
357 12 609 742 6 -24 1 51 51
358 12 742 903 -6 24 1 55 55
359 8 1100 0 -24 -12851 1 55 0
360 12 609 742 -6 24 0 55 55
361 8 1100 0 -6 -12851 0 60 0
362 12 1100 742 -6 24 0 51 55
363 8 609 0 6 -12851 1 60 0
364 8 609 0 -6 -12851 1 60 0
365 12 742 609 -6 24 0 51 55
366 12 609 742 6 -24 1 51 51
367 12 609 742 -6 24 1 51 55
368 12 1100 742 -6 24 0 51 51
369 12 903 742 6 -24 0 51 51
370 8 500 0 -6 -12851 1 55 0
371 8 1100 0 24 -12851 1 60 0
372 12 1100 742 -6 24 1 51 51
373 12 742 1100 -6 24 1 51 51
374 8 903 0 -24 -12851 1 55 0
375 12 742 903 -6 24 1 51 51
376 8 903 0 24 -12851 0 55 0
377 12 742 500 -6 24 1 51 55
378 8 742 0 -6 -12851 1 55 0
379 12 1100 742 6 -24 0 51 51
380 8 903 0 -24 -12851 0 55 0
381 12 742 903 -6 24 1 55 55
382 12 500 742 -6 24 0 51 55
383 8 742 0 6 -12851 1 55 0
384 8 742 0 -6 -12851 1 55 0
385 12 500 742 6 -24 1 51 55
386 8 903 0 24 -12851 1 55 0
387 8 609 0 6 -12851 1 60 0
388 12 1100 742 -6 24 0 55 55
389 8 1100 0 -6 -12851 1 55 0
390 8 903 0 -24 -12851 1 55 0
391 8 742 0 24 -12851 0 55 0
392 8 742 0 -6 -12851 1 60 0
393 12 1100 742 6 -24 1 51 51
394 8 903 0 6 -12851 1 60 0
395 12 903 742 6 -24 1 51 55
396 12 1100 742 6 -24 0 51 51
397 12 742 609 -6 24 1 55 51
398 8 500 0 -6 -12851 1 55 0
399 8 1100 0 24 -12851 1 55 0
400 12 742 903 -6 24 1 51 55
401 12 742 903 6 -24 1 51 55
402 8 609 0 -6 -12851 0 55 0
403 12 742 609 -6 24 0 51 55
404 12 742 500 -6 24 1 51 55
405 12 742 903 -6 24 1 55 55
406 12 742 1100 -6 24 1 51 51
407 8 500 0 -6 -12851 1 60 0
408 8 609 0 -6 -12851 0 60 0
409 8 1100 0 24 -12851 1 55 0
410 12 742 500 6 -24 0 51 51
411 12 742 903 6 -24 0 51 51
412 12 742 609 -6 24 0 51 55
413 8 500 0 -24 -12851 1 55 0
414 12 742 609 6 -24 0 55 55
415 12 742 609 -6 24 0 55 55
416 12 742 903 6 -24 1 55 55
417 8 500 0 6 -12851 1 55 0
418 12 1100 742 -6 24 0 51 55
419 8 500 0 -24 -12851 1 60 0
420 8 500 0 -6 -12851 1 55 0
421 12 742 1100 -6 24 1 55 51
422 8 500 0 -24 -12851 0 60 0
423 12 500 742 -6 24 0 51 55
424 8 609 0 24 -12851 1 55 0
425 8 903 0 24 -12851 1 60 0
426 12 742 903 -6 24 1 51 55
427 12 609 742 6 -24 1 51 51
428 8 609 0 6 -12851 1 55 0
429 8 742 0 -6 -12851 1 55 0
430 8 1100 0 6 -12851 1 55 0
431 8 1100 0 24 -12851 1 55 0
432 12 609 742 6 -24 0 55 55
433 8 903 0 -24 -12851 1 55 0
434 12 500 742 -6 24 1 55 55
435 8 742 0 -6 -12851 0 60 0
436 12 609 742 -6 24 0 55 51
437 12 500 742 -6 24 1 51 51
438 12 500 742 6 -24 1 51 51
439 12 742 500 6 -24 1 55 55
440 8 1100 0 6 -12851 1 60 0
441 12 500 742 6 -24 1 55 51
442 12 742 609 6 -24 0 55 51
443 12 1100 742 6 -24 1 55 55
444 8 742 0 -6 -12851 1 60 0
445 12 609 742 6 -24 1 51 55
446 8 903 0 -24 -12851 1 55 0
447 8 609 0 -24 -12851 1 60 0
448 8 500 0 -6 -12851 1 60 0
449 8 500 0 -6 -12851 1 55 0
450 12 742 500 6 -24 0 55 51
451 8 500 0 -24 -12851 0 60 0
452 8 1100 0 -24 -12851 1 60 0
453 12 903 742 6 -24 0 55 51
454 8 609 0 -24 -12851 1 55 0
455 8 1100 0 -6 -12851 1 60 0
456 8 500 0 24 -12851 1 55 0
457 12 903 742 -6 24 1 51 51
458 8 1100 0 -24 -12851 1 55 0
459 8 903 0 6 -12851 1 60 0
460 12 742 609 -6 24 1 51 51
461 12 500 742 6 -24 0 55 51
462 12 742 609 6 -24 0 51 51
463 12 903 742 6 -24 0 55 55
464 8 609 0 -24 -12851 1 55 0
465 12 742 1100 6 -24 0 51 51
466 8 609 0 6 -12851 1 60 0
467 8 903 0 6 -12851 1 60 0
468 12 742 1100 -6 24 1 55 55
469 12 500 742 -6 24 1 51 55
470 8 903 0 -6 -12851 0 55 0
471 12 742 609 6 -24 0 55 55
472 8 742 0 24 -12851 1 55 0
473 8 742 0 24 -12851 1 55 0
474 8 742 0 -6 -12851 1 55 0
475 8 742 0 -24 -12851 1 55 0
476 8 742 0 24 -12851 1 60 0
477 8 1100 0 -24 -12851 1 60 0
478 8 742 0 -6 -12851 1 60 0
479 8 742 0 -6 -12851 1 60 0
480 8 609 0 -24 -12851 0 55 0
481 8 609 0 -6 -12851 1 55 0
482 12 742 1100 6 -24 0 55 55
483 8 609 0 -6 -12851 0 55 0
484 8 1100 0 24 -12851 0 55 0
485 12 742 500 6 -24 0 55 55
486 8 1100 0 24 -12851 1 60 0
487 8 903 0 6 -12851 1 55 0
488 8 500 0 6 -12851 1 60 0
489 8 500 0 -6 -12851 1 60 0
490 8 500 0 -24 -12851 1 60 0
491 12 742 500 -6 24 0 55 55
492 8 903 0 24 -12851 0 55 0
493 12 903 742 6 -24 0 55 51
494 8 903 0 24 -12851 1 60 0
495 8 1100 0 -24 -12851 1 55 0
496 12 500 742 6 -24 1 51 55
497 8 1100 0 -6 -12851 1 55 0
498 12 903 742 6 -24 0 51 51
499 12 903 742 6 -24 0 55 55
500 12 742 903 -6 24 0 55 55
501 12 1100 742 -6 24 0 55 55
502 12 742 1100 6 -24 0 55 55
503 12 742 903 -6 24 0 51 51
504 8 609 0 24 -12851 0 60 0
505 8 903 0 -6 -12851 0 60 0
506 12 1100 742 6 -24 0 55 55
507 8 500 0 -6 -12851 0 60 0
508 12 609 742 6 -24 0 55 51
509 12 742 500 6 -24 0 55 51
510 8 1100 0 24 -12851 1 55 0
511 8 500 0 24 -12851 0 60 0
512 8 500 0 6 -12851 1 60 0
513 8 609 0 -6 -12851 0 60 0
514 12 500 742 6 -24 1 55 51
515 12 742 500 6 -24 1 55 55
516 8 742 0 -24 -12851 1 55 0
517 12 742 609 -6 24 1 51 51
518 8 903 0 -24 -12851 0 55 0
519 8 1100 0 24 -12851 1 55 0
520 8 903 0 -24 -12851 1 55 0
521 8 609 0 6 -12851 0 55 0
522 8 742 0 -6 -12851 0 60 0
523 8 742 0 24 -12851 0 60 0
524 12 742 1100 6 -24 0 55 51
525 12 500 742 6 -24 0 55 55
526 12 742 903 6 -24 0 55 55
527 8 1100 0 24 -12851 0 60 0
528 12 742 903 -6 24 0 51 55
529 12 742 609 -6 24 0 51 55
530 12 500 742 6 -24 0 55 55
531 8 1100 0 6 -12851 1 55 0
532 12 1100 742 -6 24 0 51 55
533 8 1100 0 24 -12851 0 55 0
534 8 609 0 6 -12851 0 55 0
535 12 742 609 6 -24 0 51 55
536 8 903 0 6 -12851 1 55 0
537 8 609 0 24 -12851 1 55 0
538 12 1100 742 -6 24 0 51 55
539 12 903 742 -6 24 0 55 51
540 12 742 1100 -6 24 0 55 51
541 12 742 500 -6 24 0 55 51
542 8 1100 0 6 -12851 1 55 0
543 8 609 0 6 -12851 1 60 0
544 8 903 0 -24 -12851 1 60 0
545 8 903 0 -24 -12851 0 60 0
546 12 500 742 -6 24 0 51 55
547 8 500 0 -24 -12851 0 55 0
548 12 903 742 -6 24 0 55 55
549 12 742 609 -6 24 0 51 51
550 8 500 0 24 -12851 0 55 0
551 8 742 0 -6 -12851 1 60 0
552 8 742 0 -6 -12851 1 60 0
553 8 500 0 -24 -12851 1 55 0
554 8 742 0 -6 -12851 0 60 0
555 12 742 1100 6 -24 0 51 55
556 12 903 742 -6 24 0 55 55
557 8 500 0 -24 -12851 1 55 0
558 12 742 609 6 -24 1 55 51
559 12 903 742 -6 24 0 55 55
560 8 500 0 24 -12851 1 55 0
561 12 500 742 6 -24 0 55 51
562 8 1100 0 6 -12851 0 60 0
563 8 903 0 6 -12851 1 55 0
564 8 742 0 24 -12851 1 55 0
565 12 609 742 -6 24 1 55 51
566 12 742 1100 6 -24 1 51 51
567 8 742 0 6 -12851 1 60 0
568 12 903 742 -6 24 0 55 51
569 8 609 0 6 -12851 1 60 0
570 8 903 0 6 -12851 1 60 0
571 8 609 0 -6 -12851 1 60 0
572 8 903 0 -24 -12851 1 55 0
573 8 500 0 6 -12851 1 60 0
574 8 500 0 6 -12851 1 60 0
575 8 1100 0 24 -12851 1 55 0
576 8 609 0 -6 -12851 1 60 0
577 12 1100 742 -6 24 0 51 51
578 12 742 500 6 -24 0 55 55
579 8 742 0 24 -12851 1 55 0
580 12 1100 742 -6 24 1 55 55
581 8 1100 0 -24 -12851 0 55 0
582 12 742 1100 6 -24 1 55 55
583 8 500 0 -6 -12851 1 55 0
584 8 500 0 24 -12851 0 60 0
585 8 742 0 -24 -12851 0 60 0
586 12 609 742 -6 24 1 51 55
587 12 742 609 -6 24 0 51 51
588 8 903 0 24 -12851 0 60 0
589 8 903 0 6 -12851 0 60 0
590 12 742 500 6 -24 1 51 55
591 8 742 0 24 -12851 1 60 0
592 8 1100 0 -6 -12851 0 60 0
593 8 742 0 6 -12851 1 55 0
594 12 742 609 -6 24 0 55 51
595 12 609 742 -6 24 0 51 55
596 12 742 609 6 -24 0 51 55
597 8 903 0 -24 -12851 0 60 0
598 8 1100 0 6 -12851 0 55 0
599 8 609 0 -6 -12851 0 55 0
600 8 500 0 -24 -12851 1 60 0
601 8 1100 0 24 -12851 1 60 0
602 12 903 742 -6 24 1 55 51
603 12 742 500 -6 24 0 51 55
604 8 609 0 6 -12851 1 60 0
605 8 609 0 -6 -12851 0 55 0
606 12 742 1100 -6 24 1 55 55
607 12 1100 742 6 -24 0 55 51
608 12 903 742 6 -24 1 51 55
609 8 500 0 -6 -12851 1 60 0
610 12 500 742 -6 24 1 51 55
611 12 742 1100 -6 24 1 51 55
612 8 500 0 24 -12851 0 55 0
613 8 500 0 -24 -12851 1 55 0
614 8 500 0 6 -12851 1 55 0
615 8 742 0 24 -12851 1 60 0
616 8 500 0 -24 -12851 1 55 0
617 8 903 0 -6 -12851 0 60 0
618 8 742 0 24 -12851 0 55 0
619 8 1100 0 24 -12851 1 60 0
620 8 742 0 -6 -12851 1 55 0
621 8 1100 0 -6 -12851 0 60 0
622 12 742 500 -6 24 1 55 51
623 8 903 0 24 -12851 0 60 0
624 12 742 609 6 -24 0 51 51
625 12 742 500 6 -24 0 55 51
626 12 742 500 6 -24 1 51 55
627 12 1100 742 -6 24 0 51 55
628 12 903 742 -6 24 1 51 55
629 8 609 0 24 -12851 1 60 0
630 8 1100 0 -24 -12851 1 55 0
631 8 903 0 -24 -12851 1 60 0
632 8 609 0 24 -12851 1 55 0
633 8 609 0 6 -12851 1 55 0
634 8 500 0 -24 -12851 0 55 0
635 8 500 0 24 -12851 1 55 0
636 8 609 0 6 -12851 1 60 0
637 8 903 0 -24 -12851 0 55 0
638 8 1100 0 -6 -12851 0 60 0
639 8 1100 0 -6 -12851 0 60 0
640 12 903 742 -6 24 1 51 55
641 12 903 742 -6 24 1 55 55
642 8 1100 0 24 -12851 0 55 0
643 8 742 0 -6 -12851 0 60 0
644 12 500 742 6 -24 1 51 51
645 8 500 0 24 -12851 0 55 0
646 12 903 742 6 -24 0 55 51
647 8 500 0 24 -12851 1 55 0
648 8 903 0 24 -12851 1 55 0
649 8 609 0 -6 -12851 1 55 0
650 12 903 742 6 -24 0 51 55
651 12 742 1100 6 -24 1 55 51
652 12 742 609 6 -24 0 51 51
653 12 742 1100 6 -24 0 55 51
654 12 742 903 6 -24 1 51 51
655 12 742 903 -6 24 0 55 55
656 12 609 742 6 -24 0 55 55
657 12 500 742 6 -24 1 51 51
658 8 903 0 6 -12851 1 60 0
659 8 609 0 6 -12851 1 60 0
660 12 742 500 6 -24 0 51 55
661 12 742 903 6 -24 0 51 55
662 12 742 1100 -6 24 1 51 51
663 8 742 0 6 -12851 0 60 0
664 12 742 609 6 -24 0 55 55
665 8 742 0 6 -12851 0 55 0
666 8 903 0 24 -12851 0 60 0
667 8 903 0 -24 -12851 0 55 0
668 8 903 0 -24 -12851 0 60 0
669 12 742 500 -6 24 0 51 51
670 8 742 0 -6 -12851 1 55 0
671 8 742 0 24 -12851 1 60 0
672 12 742 1100 6 -24 0 55 51
673 8 500 0 -24 -12851 1 55 0
674 8 609 0 6 -12851 1 60 0
675 12 742 500 6 -24 1 55 55
676 12 1100 742 6 -24 0 55 55
677 8 500 0 6 -12851 1 55 0
678 12 742 609 -6 24 1 51 55
679 12 500 742 -6 24 0 51 51
680 8 742 0 -6 -12851 1 60 0
681 12 742 1100 -6 24 0 51 51
682 8 609 0 6 -12851 1 60 0
683 8 609 0 24 -12851 1 55 0
684 12 609 742 -6 24 0 51 55
685 8 1100 0 6 -12851 0 55 0
686 8 1100 0 6 -12851 1 60 0
687 8 1100 0 -6 -12851 0 55 0
688 8 903 0 24 -12851 1 55 0
689 12 742 609 6 -24 1 55 51
690 12 742 609 6 -24 1 55 55
691 8 500 0 -24 -12851 1 60 0
692 12 742 609 6 -24 1 51 55
693 8 1100 0 6 -12851 1 60 0
694 12 742 609 6 -24 1 51 55
695 12 609 742 6 -24 1 51 51
696 12 1100 742 -6 24 0 51 55
697 8 1100 0 6 -12851 1 60 0
698 8 500 0 24 -12851 1 60 0
699 12 500 742 -6 24 0 51 51
700 8 1100 0 -6 -12851 1 60 0
701 8 1100 0 -6 -12851 1 55 0
702 12 742 903 6 -24 1 55 51
703 8 742 0 24 -12851 0 60 0
704 8 500 0 -6 -12851 1 55 0
705 8 903 0 -6 -12851 1 55 0
706 12 500 742 6 -24 1 55 55
707 12 1100 742 6 -24 0 51 51
708 8 903 0 6 -12851 1 55 0
709 8 903 0 -24 -12851 1 55 0
710 8 609 0 6 -12851 1 60 0
711 12 903 742 6 -24 0 51 51
712 12 742 500 -6 24 1 51 51
713 12 742 500 6 -24 0 55 55
714 8 609 0 24 -12851 1 55 0
715 8 742 0 24 -12851 0 60 0
716 8 609 0 -24 -12851 1 55 0
717 12 500 742 -6 24 0 55 55
718 8 500 0 -6 -12851 0 60 0
719 12 609 742 -6 24 1 55 51
720 12 742 1100 6 -24 1 51 51
721 8 742 0 -24 -12851 0 60 0
722 8 742 0 -24 -12851 1 55 0
723 12 742 609 6 -24 0 55 55
724 8 742 0 6 -12851 1 55 0
725 12 903 742 6 -24 0 55 51
726 8 903 0 -24 -12851 0 60 0
727 8 500 0 6 -12851 1 60 0
728 12 742 609 -6 24 0 55 55
729 12 609 742 -6 24 0 51 51
730 8 742 0 -24 -12851 1 60 0
731 8 903 0 -6 -12851 1 60 0
732 8 500 0 24 -12851 1 60 0
733 12 500 742 6 -24 1 55 51
734 12 903 742 6 -24 0 51 55
735 12 742 903 -6 24 0 51 55
736 12 500 742 6 -24 0 51 51
737 8 609 0 24 -12851 0 55 0
738 8 500 0 24 -12851 1 55 0
739 8 609 0 6 -12851 1 55 0
740 8 1100 0 24 -12851 0 60 0
741 12 609 742 6 -24 0 51 51
742 8 742 0 24 -12851 0 60 0
743 8 903 0 -6 -12851 0 55 0
744 12 742 1100 6 -24 0 55 51
745 12 742 1100 6 -24 0 55 51
746 12 742 500 6 -24 1 51 55
747 8 1100 0 -6 -12851 1 60 0
748 12 742 1100 6 -24 1 51 51
749 12 742 903 6 -24 1 55 55
750 8 1100 0 24 -12851 1 55 0
751 8 609 0 24 -12851 1 60 0
752 8 742 0 -24 -12851 1 60 0
753 8 742 0 -6 -12851 1 60 0
754 12 609 742 6 -24 0 55 51
755 12 903 742 6 -24 0 55 55
756 8 742 0 24 -12851 1 60 0
757 12 609 742 -6 24 0 55 51
758 8 500 0 -24 -12851 1 55 0
759 8 609 0 -6 -12851 1 55 0
760 12 742 903 6 -24 0 51 55
761 8 903 0 6 -12851 1 60 0
762 8 903 0 24 -12851 1 60 0
763 12 609 742 -6 24 1 55 55
764 12 1100 742 -6 24 0 51 51
765 12 1100 742 6 -24 0 51 51
766 12 500 742 -6 24 1 51 51
767 12 742 1100 6 -24 1 51 55
768 8 903 0 -24 -12851 0 60 0
769 8 500 0 6 -12851 1 60 0
770 12 609 742 6 -24 0 55 51
771 8 742 0 24 -12851 0 55 0
772 12 742 609 6 -24 0 51 51
773 8 1100 0 -6 -12851 0 60 0
774 8 609 0 24 -12851 0 55 0
775 8 1100 0 -24 -12851 0 55 0
776 8 500 0 24 -12851 0 60 0
777 8 609 0 6 -12851 1 55 0
778 12 742 1100 6 -24 0 55 51
779 8 1100 0 -24 -12851 1 60 0
780 12 609 742 6 -24 0 55 51
781 8 903 0 6 -12851 0 60 0
782 8 903 0 6 -12851 0 55 0
783 8 500 0 -24 -12851 0 60 0
784 8 609 0 -6 -12851 0 55 0
785 12 609 742 6 -24 0 51 51
786 8 609 0 24 -12851 0 55 0
787 12 609 742 6 -24 0 55 55
788 12 609 742 -6 24 0 51 55
789 8 1100 0 -24 -12851 1 55 0
790 8 903 0 24 -12851 0 60 0
791 8 742 0 -6 -12851 1 55 0
792 12 609 742 -6 24 1 51 51
793 8 742 0 24 -12851 1 55 0
794 12 742 903 6 -24 0 51 51
795 8 609 0 -6 -12851 1 60 0
796 8 903 0 -24 -12851 0 55 0
797 12 609 742 6 -24 0 55 55
798 12 742 500 6 -24 1 51 55
799 12 742 500 6 -24 0 51 55
800 12 742 903 6 -24 0 51 55
801 12 742 609 6 -24 0 55 51
802 12 609 742 6 -24 1 55 55
803 8 1100 0 -6 -12851 1 60 0
804 12 742 1100 6 -24 1 51 55
805 12 1100 742 6 -24 1 55 51
806 8 742 0 -6 -12851 0 55 0
807 12 903 742 6 -24 0 55 51
808 12 742 903 6 -24 0 55 51
809 8 500 0 -24 -12851 0 55 0
810 8 1100 0 -6 -12851 1 60 0
811 8 500 0 -24 -12851 1 55 0
812 12 1100 742 -6 24 0 55 55
813 8 742 0 24 -12851 0 55 0
814 12 609 742 -6 24 0 55 51
815 8 742 0 -6 -12851 1 60 0
816 12 742 500 -6 24 0 55 55
817 12 742 1100 6 -24 0 51 55
818 8 500 0 24 -12851 1 60 0
819 12 742 500 -6 24 0 51 55
820 8 1100 0 -24 -12851 0 60 0
821 12 500 742 6 -24 0 51 51
822 12 742 1100 -6 24 0 55 55
823 12 742 500 6 -24 0 55 51
824 8 609 0 24 -12851 0 60 0
825 12 609 742 -6 24 0 51 51
826 8 500 0 -24 -12851 0 60 0
827 8 903 0 -24 -12851 0 55 0
828 8 903 0 24 -12851 0 60 0
829 12 500 742 -6 24 0 51 55
830 12 903 742 6 -24 0 51 55
831 12 1100 742 -6 24 0 55 55
832 8 903 0 -6 -12851 0 55 0
833 12 1100 742 6 -24 0 51 55
834 12 742 903 -6 24 1 51 55
835 8 742 0 6 -12851 1 60 0
836 8 609 0 24 -12851 1 55 0
837 8 609 0 -6 -12851 0 60 0
838 8 500 0 -6 -12851 0 60 0
839 8 742 0 -6 -12851 0 60 0
840 12 1100 742 -6 24 0 51 55
841 8 1100 0 6 -12851 0 60 0
842 8 1100 0 -6 -12851 0 55 0
843 12 742 903 6 -24 0 55 55
844 8 903 0 -24 -12851 0 60 0
845 12 742 500 6 -24 0 51 55
846 8 903 0 6 -12851 0 55 0
847 8 742 0 6 -12851 0 55 0
848 8 742 0 -6 -12851 0 60 0
849 8 609 0 -24 -12851 0 55 0
850 8 903 0 -24 -12851 0 55 0
851 8 1100 0 24 -12851 0 60 0
852 8 903 0 -6 -12851 0 60 0
853 12 903 742 6 -24 0 55 51
854 8 1100 0 -24 -12851 0 60 0
855 8 609 0 -6 -12851 0 55 0
856 12 742 1100 6 -24 0 55 55
857 12 742 903 -6 24 0 55 51
858 8 742 0 -6 -12851 0 55 0
859 8 500 0 24 -12851 0 60 0
860 8 500 0 6 -12851 0 60 0
861 8 1100 0 24 -12851 0 60 0
862 12 742 500 6 -24 0 51 51
863 12 742 500 6 -24 0 51 51
864 8 500 0 6 -12851 0 60 0
865 8 609 0 24 -12851 0 55 0
866 12 742 609 -6 24 0 51 51
867 12 742 500 -6 24 0 51 51
868 8 609 0 -24 -12851 0 60 0
869 8 609 0 -24 -12851 0 55 0
870 8 500 0 24 -12851 0 60 0
871 8 500 0 24 -12851 0 55 0
872 12 500 742 6 -24 0 55 51
873 8 1100 0 -6 -12851 0 60 0
874 8 742 0 -6 -12851 0 60 0
875 8 903 0 -6 -12851 0 60 0
876 8 742 0 6 -12851 0 55 0
877 8 903 0 -24 -12851 0 55 0
878 12 742 1100 -6 24 0 55 51
879 8 903 0 -24 -12851 0 60 0
880 8 609 0 -24 -12851 0 55 0
881 8 742 0 -24 -12851 0 60 0
882 12 1100 742 -6 24 0 51 51
883 8 500 0 24 -12851 0 60 0
884 12 609 742 6 -24 0 55 51
885 8 609 0 24 -12851 0 60 0
886 8 1100 0 -24 -12851 0 60 0
887 8 1100 0 6 -12851 0 60 0
888 8 903 0 6 -12851 0 55 0
889 8 903 0 -24 -12851 0 60 0
890 12 742 500 -6 24 0 51 51
891 12 609 742 -6 24 0 55 51
892 8 903 0 -6 -12851 0 60 0
893 8 903 0 24 -12851 0 55 0
894 8 742 0 -24 -12851 0 60 0
895 12 742 609 -6 24 0 51 55
896 8 609 0 24 -12851 0 60 0
897 8 1100 0 24 -12851 0 55 0
898 8 500 0 -24 -12851 0 55 0
899 8 500 0 24 -12851 0 55 0
900 8 500 0 -6 -12851 0 55 0
901 12 742 1100 -6 24 0 51 55
902 8 742 0 -6 -12851 0 55 0
903 12 609 742 6 -24 0 55 51
904 8 1100 0 -6 -12851 0 55 0
905 8 742 0 24 -12851 0 55 0
906 8 609 0 6 -12851 0 60 0
907 12 742 1100 -6 24 0 51 55
908 12 742 609 -6 24 0 55 51
909 12 742 609 6 -24 0 51 51
910 12 500 742 6 -24 0 51 51
911 12 903 742 -6 24 0 51 51
912 12 742 1100 6 -24 0 55 51
913 8 1100 0 -24 -12851 0 55 0
914 12 903 742 6 -24 0 55 51
915 12 742 1100 6 -24 0 55 55
916 8 609 0 24 -12851 0 55 0
917 12 742 500 -6 24 0 55 51
918 8 609 0 -6 -12851 0 55 0
919 12 742 903 6 -24 0 51 51
920 8 609 0 -24 -12851 0 55 0
921 12 609 742 6 -24 0 51 55
922 8 742 0 -6 -12851 0 55 0
923 12 609 742 -6 24 0 55 55
924 12 742 500 -6 24 0 55 51
925 12 742 609 -6 24 0 55 51
926 8 609 0 -6 -12851 0 60 0
927 8 903 0 -24 -12851 0 60 0
928 8 903 0 6 -12851 0 60 0
929 8 1100 0 24 -12851 0 55 0
930 12 500 742 6 -24 0 55 55
931 8 903 0 -6 -12851 0 55 0
932 8 609 0 -6 -12851 0 55 0
933 8 1100 0 -24 -12851 0 55 0
934 8 742 0 -6 -12851 0 55 0
935 8 500 0 24 -12851 0 60 0
936 12 742 500 -6 24 0 51 51
937 8 500 0 6 -12851 0 60 0
938 8 742 0 24 -12851 0 60 0
939 8 500 0 6 -12851 0 55 0
940 8 1100 0 -6 -12851 0 60 0
941 12 742 1100 6 -24 0 55 51
942 12 903 742 -6 24 0 51 55
943 12 742 1100 6 -24 0 55 55
944 12 742 500 -6 24 0 55 55
945 12 609 742 -6 24 0 51 55
946 8 500 0 6 -12851 0 60 0
947 8 500 0 6 -12851 0 60 0
948 12 903 742 6 -24 0 51 55
949 12 742 1100 -6 24 0 51 55
950 8 1100 0 6 -12851 0 60 0
951 8 609 0 24 -12851 0 55 0
952 12 742 500 -6 24 0 55 51
953 12 742 903 -6 24 0 55 51
954 8 903 0 -6 -12851 0 60 0
955 12 742 500 6 -24 0 55 55
956 8 903 0 24 -12851 0 60 0
957 12 742 903 -6 24 0 55 55
958 8 1100 0 6 -12851 0 55 0
959 8 609 0 -6 -12851 0 55 0
960 8 903 0 -6 -12851 0 60 0
961 12 1100 742 6 -24 0 51 51
962 12 742 500 6 -24 0 51 51
963 12 609 742 -6 24 0 55 51
964 12 500 742 -6 24 0 55 55
965 8 742 0 6 -12851 0 60 0
966 8 1100 0 6 -12851 0 55 0
967 8 500 0 24 -12851 0 60 0
968 12 500 742 6 -24 0 51 51
969 12 609 742 -6 24 0 51 51
970 8 609 0 24 -12851 0 55 0
971 12 903 742 6 -24 0 55 55
972 8 500 0 -6 -12851 0 55 0
973 12 500 742 6 -24 0 51 51
974 12 609 742 6 -24 0 55 55
975 8 742 0 -24 -12851 0 55 0
976 8 742 0 24 -12851 0 60 0
977 12 500 742 6 -24 0 55 51
978 8 903 0 24 -12851 0 60 0
979 12 1100 742 6 -24 0 55 55
980 12 903 742 6 -24 0 55 55
981 8 903 0 -24 -12851 0 60 0
982 12 609 742 6 -24 0 55 55
983 8 742 0 6 -12851 0 60 0
984 8 609 0 -6 -12851 0 55 0
985 8 1100 0 24 -12851 0 60 0
986 12 1100 742 6 -24 0 51 51
987 12 903 742 -6 24 0 51 51
988 12 1100 742 6 -24 0 51 55
989 12 742 903 -6 24 0 51 55
990 12 742 609 -6 24 0 51 51
991 12 609 742 -6 24 0 55 51
992 8 742 0 -24 -12851 0 60 0
993 12 742 1100 -6 24 0 51 55
994 12 742 903 6 -24 0 55 55
995 8 903 0 6 -12851 0 55 0
996 12 742 1100 -6 24 0 55 51
997 8 500 0 -6 -12851 0 60 0
998 12 903 742 6 -24 0 55 51
999 12 1100 742 6 -24 0 55 55
1000 8 500 0 6 -12851 0 55 0
1001 8 742 0 -6 -12851 0 60 0
1002 12 742 609 -6 24 0 51 51
1003 8 1100 0 6 -12851 0 55 0
1004 12 500 742 6 -24 0 55 51
1005 12 742 609 6 -24 0 55 55
1006 8 1100 0 -24 -12851 0 60 0
1007 12 742 500 6 -24 0 55 55
1008 12 903 742 -6 24 0 55 55
1009 8 609 0 24 -12851 0 60 0
1010 12 903 742 -6 24 0 51 55
1011 8 609 0 24 -12851 0 60 0
1012 8 903 0 -6 -12851 0 60 0
1013 8 500 0 -24 -12851 0 55 0
1014 8 1100 0 -6 -12851 0 55 0
1015 8 1100 0 6 -12851 0 55 0
1016 8 1100 0 24 -12851 0 55 0
1017 12 742 609 6 -24 0 51 51
1018 12 742 500 -6 24 0 55 51
1019 8 609 0 -24 -12851 0 55 0
1020 8 742 0 24 -12851 0 55 0
1021 8 903 0 6 -12851 0 60 0
1022 12 609 742 6 -24 0 55 51
1023 12 742 500 -6 24 0 55 55
1024 8 609 0 24 -12851 0 60 0
1025 8 742 0 6 -12851 0 60 0
1026 8 609 0 6 -12851 0 55 0
1027 12 903 742 6 -24 0 51 55
1028 8 500 0 24 -12851 0 55 0
1029 8 500 0 -24 -12851 0 60 0
1030 8 742 0 6 -12851 0 55 0
1031 12 742 903 6 -24 0 55 55
1032 8 500 0 -24 -12851 0 60 0
1033 8 1100 0 6 -12851 0 60 0
1034 8 903 0 6 -12851 0 60 0
1035 8 903 0 -6 -12851 0 55 0
1036 12 1100 742 6 -24 0 55 55
1037 12 903 742 6 -24 0 55 55
1038 8 742 0 6 -12851 0 55 0
1039 8 742 0 -6 -12851 0 55 0
1040 12 609 742 6 -24 0 55 55
1041 12 1100 742 -6 24 0 51 55
1042 12 742 1100 -6 24 0 55 55
1043 12 500 742 -6 24 0 55 55
1044 12 742 500 6 -24 0 51 51
1045 8 1100 0 -6 -12851 0 60 0
1046 8 1100 0 6 -12851 0 60 0
1047 12 742 500 -6 24 0 55 55
1048 8 742 0 24 -12851 0 60 0
1049 12 742 1100 6 -24 0 51 51
1050 8 903 0 -24 -12851 0 55 0
1051 8 742 0 -24 -12851 0 60 0
1052 12 903 742 -6 24 0 55 55
1053 8 609 0 -24 -12851 0 55 0
1054 8 500 0 -6 -12851 0 60 0
1055 8 500 0 24 -12851 0 60 0
1056 8 609 0 -6 -12851 0 55 0
1057 8 1100 0 24 -12851 0 60 0
1058 8 903 0 6 -12851 0 60 0
1059 12 742 1100 6 -24 0 51 55
1060 12 742 903 6 -24 0 55 51
1061 8 609 0 6 -12851 0 60 0
1062 8 903 0 -24 -12851 0 60 0
1063 8 500 0 6 -12851 0 55 0
1064 12 609 742 -6 24 0 51 55
1065 8 903 0 6 -12851 0 60 0
1066 12 742 500 -6 24 0 55 55
1067 8 903 0 -24 -12851 0 60 0
1068 8 742 0 24 -12851 0 55 0
1069 8 609 0 -6 -12851 0 55 0
1070 8 1100 0 -24 -12851 0 60 0
1071 12 500 742 6 -24 0 51 51
1072 8 742 0 -24 -12851 0 55 0
1073 12 1100 742 -6 24 0 55 51
1074 8 903 0 24 -12851 0 60 0
1075 8 500 0 -24 -12851 0 60 0
1076 8 500 0 24 -12851 0 60 0
1077 12 742 500 -6 24 0 55 51
1078 12 742 609 -6 24 0 55 51
1079 12 903 742 -6 24 0 51 55
1080 8 742 0 24 -12851 0 55 0
1081 8 1100 0 24 -12851 0 60 0
1082 8 1100 0 -24 -12851 0 55 0
1083 8 609 0 6 -12851 0 55 0
1084 8 609 0 -6 -12851 0 60 0
1085 12 742 1100 6 -24 0 51 55
1086 8 903 0 -6 -12851 0 55 0
1087 8 500 0 -6 -12851 0 55 0
1088 8 903 0 -24 -12851 0 60 0
1089 8 903 0 6 -12851 0 55 0
1090 12 1100 742 -6 24 0 55 55
1091 8 609 0 -24 -12851 0 55 0
1092 12 742 500 -6 24 0 55 55
1093 8 742 0 -24 -12851 0 60 0
1094 8 903 0 24 -12851 0 55 0
1095 8 1100 0 6 -12851 0 55 0
1096 12 742 609 6 -24 0 55 51
1097 8 609 0 -6 -12851 0 60 0
1098 12 903 742 -6 24 0 55 55
1099 12 742 903 6 -24 0 55 55
1100 12 742 903 6 -24 0 51 55
1101 12 742 1100 6 -24 0 51 51
1102 8 609 0 -24 -12851 0 60 0
1103 8 742 0 24 -12851 0 55 0
1104 12 742 1100 6 -24 0 51 51
1105 12 500 742 6 -24 0 51 51
1106 8 742 0 -6 -12851 0 55 0
1107 12 609 742 -6 24 0 55 51
1108 8 1100 0 6 -12851 0 60 0
1109 12 742 1100 -6 24 0 55 51
1110 12 609 742 6 -24 0 51 51
1111 8 500 0 24 -12851 0 55 0
1112 8 500 0 -24 -12851 0 60 0
1113 8 500 0 -6 -12851 0 55 0
1114 12 742 500 -6 24 0 51 51
1115 8 1100 0 6 -12851 0 60 0
1116 8 903 0 24 -12851 0 55 0
1117 12 742 903 6 -24 0 55 51
1118 8 1100 0 24 -12851 0 60 0
1119 8 1100 0 24 -12851 0 55 0
1120 8 1100 0 -6 -12851 0 60 0
1121 8 609 0 24 -12851 0 60 0
1122 12 500 742 6 -24 0 51 51
1123 8 742 0 -6 -12851 0 60 0
1124 8 609 0 -6 -12851 0 60 0
1125 8 1100 0 24 -12851 0 60 0
1126 8 742 0 -24 -12851 0 60 0
1127 8 903 0 6 -12851 0 55 0
1128 8 903 0 6 -12851 0 55 0
1129 8 903 0 24 -12851 0 60 0
1130 12 742 609 -6 24 0 55 55
1131 8 500 0 24 -12851 0 55 0
1132 8 609 0 -6 -12851 0 55 0
1133 12 742 1100 -6 24 0 51 55
1134 12 742 609 6 -24 0 55 55
1135 12 903 742 -6 24 0 51 55
1136 8 500 0 -6 -12851 0 60 0
1137 8 500 0 -6 -12851 0 55 0
1138 8 742 0 6 -12851 0 55 0
1139 8 742 0 -24 -12851 0 55 0
1140 12 609 742 6 -24 0 51 55
1141 8 742 0 24 -12851 0 55 0
1142 8 1100 0 6 -12851 0 60 0
1143 12 742 500 6 -24 0 55 55
1144 12 742 609 6 -24 0 55 51
1145 8 742 0 24 -12851 0 60 0
1146 8 742 0 -24 -12851 0 55 0
1147 12 1100 742 6 -24 0 55 55
1148 12 500 742 -6 24 0 51 55
1149 8 609 0 -6 -12851 0 60 0
1150 12 742 1100 -6 24 0 51 55
1151 12 742 500 6 -24 0 51 51
1152 8 609 0 24 -12851 0 55 0
1153 12 903 742 -6 24 0 55 51
1154 8 609 0 24 -12851 0 60 0
1155 12 742 903 6 -24 0 51 55
1156 8 1100 0 6 -12851 0 55 0
1157 12 742 609 -6 24 0 51 51
1158 8 1100 0 6 -12851 0 55 0
1159 12 903 742 -6 24 0 55 55
1160 8 903 0 -24 -12851 0 55 0
1161 8 500 0 6 -12851 0 55 0
1162 8 500 0 -6 -12851 0 55 0
1163 8 500 0 24 -12851 0 55 0
1164 8 903 0 -6 -12851 0 60 0
1165 8 903 0 -6 -12851 0 55 0
1166 8 609 0 24 -12851 0 55 0
1167 8 609 0 -6 -12851 0 60 0
1168 12 1100 742 6 -24 0 55 55
1169 8 500 0 24 -12851 0 55 0
1170 12 742 1100 -6 24 0 55 55
1171 8 903 0 -6 -12851 0 55 0
1172 8 1100 0 -24 -12851 0 60 0
1173 8 903 0 -24 -12851 0 55 0
1174 8 742 0 6 -12851 0 55 0
1175 8 609 0 6 -12851 0 60 0
1176 8 1100 0 6 -12851 0 55 0
1177 8 742 0 -6 -12851 0 55 0
1178 8 609 0 24 -12851 0 55 0
1179 8 742 0 -6 -12851 0 55 0
1180 8 1100 0 6 -12851 0 60 0
1181 8 903 0 24 -12851 0 55 0
1182 8 500 0 -6 -12851 0 55 0
1183 12 500 742 6 -24 0 55 55
1184 8 500 0 -6 -12851 0 60 0
1185 8 903 0 6 -12851 0 60 0
1186 8 903 0 -24 -12851 0 55 0
1187 12 742 500 -6 24 0 51 51
1188 8 609 0 6 -12851 0 55 0
1189 8 1100 0 -24 -12851 0 55 0
1190 8 903 0 6 -12851 0 60 0
1191 8 903 0 -24 -12851 0 55 0
1192 12 609 742 6 -24 0 51 55
1193 8 500 0 24 -12851 0 55 0
1194 8 742 0 6 -12851 0 60 0
1195 12 500 742 -6 24 0 55 55
1196 12 1100 742 6 -24 0 51 51
1197 8 1100 0 -24 -12851 0 55 0
1198 8 500 0 -24 -12851 0 60 0
1199 8 1100 0 6 -12851 0 55 0
1200 8 500 0 24 -12851 0 55 0
1201 8 609 0 -6 -12851 0 60 0
1202 12 742 903 -6 24 0 51 55
1203 8 742 0 -24 -12851 0 60 0
1204 8 609 0 -24 -12851 0 55 0
1205 12 609 742 -6 24 0 55 51
1206 12 742 609 -6 24 0 55 51
1207 12 500 742 -6 24 0 55 51
1208 12 609 742 6 -24 0 55 51
1209 8 742 0 24 -12851 0 60 0
1210 12 903 742 6 -24 0 51 55
1211 8 1100 0 6 -12851 0 60 0
1212 8 1100 0 -6 -12851 0 55 0
1213 12 742 1100 6 -24 0 51 55
1214 12 500 742 6 -24 0 51 55
1215 8 609 0 -6 -12851 0 55 0
1216 8 903 0 6 -12851 0 55 0
1217 12 742 1100 6 -24 0 51 51
1218 12 742 500 -6 24 0 51 51
1219 8 500 0 24 -12851 0 55 0
1220 8 1100 0 6 -12851 0 55 0
1221 12 742 609 6 -24 0 51 51
1222 12 903 742 -6 24 0 55 55
1223 8 500 0 6 -12851 0 55 0
1224 8 500 0 6 -12851 0 55 0
1225 8 609 0 -24 -12851 0 60 0
1226 8 742 0 -6 -12851 0 55 0
1227 12 742 903 -6 24 0 55 51
1228 8 903 0 24 -12851 0 55 0
1229 8 1100 0 -24 -12851 0 60 0
1230 8 903 0 24 -12851 0 55 0
1231 12 742 609 -6 24 0 55 55
1232 12 1100 742 6 -24 0 51 55
1233 8 609 0 6 -12851 0 55 0
1234 8 742 0 -6 -12851 0 55 0
1235 8 742 0 -6 -12851 0 60 0
1236 8 1100 0 24 -12851 0 60 0
1237 8 1100 0 -6 -12851 0 55 0
1238 12 742 1100 6 -24 0 55 55
1239 8 742 0 -24 -12851 0 55 0
1240 8 609 0 6 -12851 0 60 0
1241 8 1100 0 24 -12851 0 60 0
1242 8 1100 0 24 -12851 0 55 0
1243 8 609 0 24 -12851 0 55 0
1244 12 1100 742 -6 24 0 55 55
1245 8 500 0 24 -12851 0 55 0
1246 8 609 0 24 -12851 0 60 0
1247 8 742 0 -6 -12851 0 55 0
1248 8 903 0 24 -12851 0 60 0
1249 12 903 742 6 -24 0 55 51
1250 12 742 1100 -6 24 0 51 51
1251 12 609 742 -6 24 0 55 51
1252 8 742 0 -6 -12851 0 60 0
1253 12 742 903 -6 24 0 51 55
1254 8 903 0 24 -12851 0 60 0
1255 8 500 0 -24 -12851 0 60 0
1256 8 500 0 6 -12851 0 60 0
1257 12 500 742 -6 24 0 51 55
1258 8 903 0 -6 -12851 0 60 0
1259 8 609 0 -6 -12851 0 55 0
1260 12 742 609 -6 24 0 51 55
1261 12 1100 742 -6 24 0 55 55
1262 8 609 0 24 -12851 0 55 0
1263 12 903 742 -6 24 0 51 55
1264 8 903 0 -6 -12851 0 60 0
1265 12 1100 742 6 -24 0 55 55
1266 12 903 742 6 -24 0 51 55
1267 8 500 0 -6 -12851 0 55 0
1268 8 903 0 24 -12851 0 55 0
1269 8 742 0 -24 -12851 0 60 0
1270 8 742 0 6 -12851 0 60 0
1271 8 742 0 6 -12851 0 60 0
1272 12 742 609 -6 24 0 55 55
1273 12 903 742 -6 24 0 55 55
1274 8 609 0 -24 -12851 0 60 0
1275 8 903 0 -6 -12851 0 55 0
1276 12 742 903 -6 24 0 51 55
1277 12 742 1100 6 -24 0 51 55
1278 8 1100 0 -6 -12851 0 55 0
1279 8 1100 0 -24 -12851 0 60 0
1280 8 1100 0 -24 -12851 0 55 0
1281 12 742 1100 -6 24 0 55 51
1282 12 903 742 6 -24 0 51 51
1283 8 609 0 -24 -12851 0 60 0
1284 12 500 742 6 -24 0 55 55
1285 8 500 0 -24 -12851 0 55 0
1286 8 500 0 24 -12851 0 60 0
1287 8 1100 0 -6 -12851 0 55 0
1288 8 1100 0 -24 -12851 0 60 0
1289 8 742 0 6 -12851 0 60 0
1290 12 742 609 6 -24 0 55 55
1291 8 609 0 -24 -12851 0 55 0
1292 12 742 903 6 -24 0 55 51
1293 8 1100 0 -24 -12851 0 55 0
1294 8 1100 0 -24 -12851 0 60 0
1295 8 609 0 -24 -12851 0 60 0
1296 8 500 0 6 -12851 0 55 0
1297 8 609 0 -24 -12851 0 55 0
1298 8 742 0 6 -12851 0 60 0
1299 8 903 0 -6 -12851 0 60 0
1300 12 742 903 6 -24 0 55 51
1301 8 742 0 24 -12851 0 60 0
1302 12 742 609 -6 24 0 55 51
1303 12 742 903 6 -24 0 55 55
1304 12 500 742 -6 24 0 55 51
1305 12 742 500 6 -24 0 51 55
1306 12 903 742 -6 24 0 55 55
1307 12 903 742 -6 24 0 55 55
1308 8 903 0 6 -12851 0 55 0
1309 8 500 0 -6 -12851 0 60 0
1310 12 742 500 6 -24 0 51 55
1311 8 500 0 24 -12851 0 60 0
1312 12 609 742 6 -24 0 51 55
1313 12 742 903 6 -24 0 51 51
1314 8 903 0 -24 -12851 0 55 0
1315 12 742 609 -6 24 0 55 51
1316 8 1100 0 -24 -12851 0 55 0
1317 12 742 1100 -6 24 0 55 55
1318 8 1100 0 -6 -12851 0 55 0
1319 8 903 0 -24 -12851 0 55 0
1320 12 742 1100 6 -24 0 51 55
1321 12 903 742 6 -24 0 55 51
1322 8 903 0 -6 -12851 0 60 0
1323 8 903 0 -24 -12851 0 55 0
1324 12 742 609 6 -24 0 55 55
1325 12 903 742 -6 24 0 51 55
1326 8 500 0 -24 -12851 0 55 0
1327 12 1100 742 6 -24 0 55 55
1328 8 609 0 -24 -12851 0 55 0
1329 12 742 1100 -6 24 0 55 55
1330 12 742 609 6 -24 0 55 55
1331 8 742 0 24 -12851 0 60 0
1332 12 742 609 6 -24 0 51 55
1333 12 742 903 -6 24 0 55 51
1334 12 1100 742 -6 24 0 55 51
1335 12 609 742 -6 24 0 51 51
1336 8 1100 0 -6 -12851 0 60 0
1337 8 609 0 -24 -12851 0 55 0
1338 12 903 742 6 -24 0 51 55
1339 8 1100 0 -24 -12851 0 60 0
1340 8 500 0 24 -12851 0 60 0
1341 12 903 742 6 -24 0 51 55
1342 8 742 0 -6 -12851 0 60 0
1343 8 500 0 -24 -12851 0 55 0
1344 8 609 0 -24 -12851 0 60 0
1345 12 609 742 6 -24 0 55 51
1346 8 742 0 24 -12851 0 55 0
1347 12 742 1100 6 -24 0 51 51
1348 8 742 0 -24 -12851 0 60 0
1349 8 742 0 -24 -12851 0 55 0
1350 12 742 609 -6 24 0 51 55
1351 8 903 0 6 -12851 0 60 0
1352 12 742 903 -6 24 0 51 51
1353 8 742 0 -6 -12851 0 60 0
1354 12 742 500 -6 24 0 55 51
1355 8 500 0 -24 -12851 0 55 0
1356 12 742 609 -6 24 0 51 51
1357 12 903 742 6 -24 0 55 51
1358 12 742 1100 6 -24 0 55 55
1359 8 500 0 24 -12851 0 60 0
1360 8 500 0 -24 -12851 0 55 0
1361 8 742 0 -6 -12851 0 55 0
1362 8 1100 0 6 -12851 0 55 0
1363 8 903 0 -6 -12851 0 55 0
1364 12 903 742 -6 24 0 51 55
1365 8 609 0 24 -12851 0 60 0
1366 12 903 742 6 -24 0 55 51
1367 12 742 609 -6 24 0 55 51
1368 12 742 500 -6 24 0 55 55
1369 8 609 0 -6 -12851 0 55 0
1370 12 1100 742 -6 24 0 51 55
1371 8 1100 0 6 -12851 0 55 0
1372 12 742 1100 6 -24 0 51 51
1373 8 1100 0 -6 -12851 0 55 0
1374 8 609 0 -24 -12851 0 55 0
1375 12 1100 742 -6 24 0 55 51
1376 8 903 0 6 -12851 0 60 0
1377 8 500 0 -24 -12851 0 55 0
1378 8 500 0 24 -12851 0 60 0
1379 8 742 0 6 -12851 0 55 0
1380 8 500 0 24 -12851 0 60 0
1381 8 500 0 -24 -12851 0 55 0
1382 12 742 1100 -6 24 0 55 55
1383 12 742 609 6 -24 0 51 55
1384 8 742 0 -24 -12851 0 60 0
1385 8 903 0 -24 -12851 0 55 0
1386 8 903 0 24 -12851 0 55 0
1387 8 742 0 -24 -12851 0 55 0
1388 12 742 500 6 -24 0 55 55
1389 8 903 0 24 -12851 0 55 0
1390 8 609 0 6 -12851 0 55 0
1391 8 1100 0 -24 -12851 0 60 0
1392 12 742 609 -6 24 0 51 55
1393 12 500 742 6 -24 0 55 55
1394 8 609 0 -24 -12851 0 60 0
1395 12 609 742 -6 24 0 51 51
1396 12 742 500 -6 24 0 55 55
1397 12 742 1100 6 -24 0 51 51
1398 8 1100 0 6 -12851 0 55 0
1399 12 742 609 -6 24 0 55 51
1400 8 1100 0 -6 -12851 0 60 0
1401 8 609 0 -6 -12851 0 55 0
1402 12 742 1100 6 -24 0 51 51
1403 8 903 0 6 -12851 0 60 0
1404 8 903 0 -6 -12851 0 55 0
1405 8 742 0 -24 -12851 0 60 0
1406 8 903 0 24 -12851 0 55 0
1407 8 609 0 -6 -12851 0 55 0
1408 12 500 742 -6 24 0 55 55
1409 12 742 609 -6 24 0 51 55
1410 8 609 0 -6 -12851 0 55 0
1411 12 1100 742 -6 24 0 55 55
1412 12 742 1100 6 -24 0 55 55
1413 12 742 609 6 -24 0 55 55
1414 12 903 742 6 -24 0 55 55
1415 12 742 609 6 -24 0 51 51
1416 8 903 0 24 -12851 0 60 0
1417 8 1100 0 6 -12851 0 55 0
1418 12 609 742 6 -24 0 51 55
1419 8 609 0 -24 -12851 0 60 0
1420 12 609 742 -6 24 0 55 55
1421 12 1100 742 -6 24 0 55 51
1422 8 742 0 6 -12851 0 55 0
1423 8 1100 0 24 -12851 0 55 0
1424 12 742 500 6 -24 0 55 51
1425 12 742 903 6 -24 0 51 51
1426 12 742 609 6 -24 0 55 51
1427 12 742 903 6 -24 0 51 51
1428 8 1100 0 6 -12851 0 60 0
1429 8 742 0 -6 -12851 0 60 0
1430 12 609 742 -6 24 0 51 55
1431 8 500 0 6 -12851 0 60 0
1432 12 609 742 6 -24 0 55 51
1433 8 500 0 -24 -12851 0 55 0
1434 8 500 0 -6 -12851 0 60 0
1435 8 1100 0 24 -12851 0 60 0
1436 8 1100 0 -6 -12851 0 55 0
1437 12 742 609 6 -24 0 55 51
1438 8 742 0 -24 -12851 0 55 0
1439 8 742 0 -6 -12851 0 55 0
1440 12 742 1100 6 -24 0 55 51
1441 8 500 0 6 -12851 0 55 0
1442 8 500 0 -6 -12851 0 55 0
1443 8 903 0 -24 -12851 0 60 0
1444 8 903 0 -6 -12851 0 60 0
1445 12 742 609 6 -24 0 51 55
1446 8 500 0 -6 -12851 0 60 0
1447 8 903 0 -24 -12851 0 55 0
1448 12 742 609 -6 24 0 55 51
1449 12 742 609 -6 24 0 51 51
1450 8 609 0 24 -12851 0 60 0
1451 8 1100 0 -24 -12851 0 55 0
1452 12 742 500 -6 24 0 55 55
1453 12 903 742 6 -24 0 51 51
1454 8 609 0 6 -12851 0 55 0
1455 8 609 0 6 -12851 0 55 0
1456 12 742 1100 6 -24 0 51 51
1457 8 742 0 -24 -12851 0 55 0
1458 12 742 609 6 -24 0 55 55
1459 8 1100 0 6 -12851 0 55 0
1460 8 903 0 24 -12851 0 55 0
1461 8 903 0 -6 -12851 0 60 0
1462 8 742 0 6 -12851 0 55 0
1463 12 500 742 -6 24 0 55 51
1464 8 742 0 6 -12851 0 60 0
1465 8 609 0 24 -12851 0 60 0
1466 8 903 0 -24 -12851 0 55 0
1467 8 1100 0 24 -12851 0 55 0
1468 8 903 0 -6 -12851 0 60 0
1469 12 742 500 -6 24 0 51 51
1470 8 1100 0 24 -12851 0 55 0
1471 8 609 0 6 -12851 0 60 0
1472 8 742 0 -6 -12851 0 55 0
1473 8 500 0 -24 -12851 0 60 0
1474 8 500 0 -6 -12851 0 60 0
1475 8 1100 0 24 -12851 0 55 0
1476 12 742 1100 -6 24 0 55 55
1477 8 500 0 -24 -12851 0 60 0
1478 12 742 1100 -6 24 0 51 51
1479 8 609 0 24 -12851 0 55 0
1480 8 1100 0 -6 -12851 0 60 0
1481 12 500 742 -6 24 0 55 55
1482 8 1100 0 24 -12851 0 55 0
1483 8 903 0 -6 -12851 0 55 0
1484 12 500 742 -6 24 0 51 55
1485 12 742 1100 -6 24 0 55 51
1486 8 500 0 6 -12851 0 60 0
1487 12 903 742 6 -24 0 51 51
1488 12 609 742 6 -24 0 51 51
1489 8 609 0 24 -12851 0 60 0
1490 12 742 1100 -6 24 0 55 55
1491 12 903 742 -6 24 0 55 51
1492 8 609 0 -24 -12851 0 55 0
1493 12 609 742 -6 24 0 51 55
1494 12 742 1100 -6 24 0 51 51
1495 8 742 0 -24 -12851 0 60 0
1496 8 609 0 24 -12851 0 55 0
1497 8 903 0 6 -12851 0 55 0
1498 8 903 0 -24 -12851 0 55 0
1499 8 500 0 24 -12851 0 55 0
1500 8 500 0 24 -12851 0 60 0
1501 8 1100 0 -6 -12851 0 55 0
1502 8 742 0 6 -12851 0 60 0
1503 8 1100 0 -24 -12851 0 60 0
1504 8 742 0 6 -12851 0 60 0
1505 12 742 903 -6 24 0 51 51
1506 8 500 0 -6 -12851 0 60 0
1507 8 500 0 6 -12851 0 55 0
1508 12 742 1100 -6 24 0 51 51
1509 8 609 0 -6 -12851 0 60 0
1510 8 742 0 24 -12851 0 55 0
1511 8 609 0 6 -12851 0 55 0
1512 8 1100 0 -24 -12851 0 55 0
1513 8 500 0 24 -12851 0 55 0
1514 8 742 0 -24 -12851 0 55 0
1515 12 742 609 6 -24 0 55 55
1516 8 500 0 6 -12851 0 55 0
1517 8 742 0 -24 -12851 0 60 0
1518 12 500 742 -6 24 0 51 51
1519 8 903 0 -6 -12851 0 55 0
1520 12 903 742 6 -24 0 55 55
1521 12 1100 742 6 -24 0 51 51
1522 12 742 609 6 -24 0 51 55
1523 8 609 0 6 -12851 0 60 0
1524 8 1100 0 24 -12851 0 60 0
1525 8 903 0 -24 -12851 0 55 0
1526 12 742 1100 -6 24 0 51 55
1527 8 903 0 24 -12851 0 60 0
1528 12 742 500 6 -24 0 55 51
1529 8 1100 0 -6 -12851 0 55 0
1530 12 742 1100 6 -24 0 51 55
1531 8 609 0 -6 -12851 0 60 0
1532 8 609 0 -6 -12851 0 55 0
1533 8 500 0 -6 -12851 0 55 0
1534 12 500 742 -6 24 0 55 55
1535 12 609 742 6 -24 0 55 51
1536 12 500 742 -6 24 0 51 55
1537 12 742 1100 6 -24 0 55 55
1538 12 742 500 6 -24 0 51 51
1539 8 903 0 6 -12851 0 55 0
1540 12 609 742 -6 24 1 55 55
1541 8 742 0 24 -12851 0 55 0
1542 12 1100 742 -6 24 0 51 51
1543 12 1100 742 -6 24 0 51 55
1544 8 500 0 -6 -12851 0 55 0
1545 8 500 0 -24 -12851 0 60 0
1546 12 742 1100 -6 24 0 55 51
1547 12 742 609 -6 24 0 51 55
1548 8 609 0 6 -12851 0 55 0
1549 12 500 742 -6 24 0 55 51
1550 12 742 903 -6 24 0 55 55
1551 8 903 0 24 -12851 0 55 0
1552 12 742 1100 -6 24 0 55 51
1553 12 500 742 -6 24 0 51 51
1554 12 742 1100 6 -24 0 51 55
1555 8 903 0 24 -12851 0 60 0
1556 8 1100 0 -24 -12851 1 60 0
1557 8 742 0 -6 -12851 0 60 0
1558 12 742 500 6 -24 0 55 51
1559 12 903 742 6 -24 1 51 51
1560 8 1100 0 24 -12851 0 60 0
1561 8 609 0 24 -12851 0 60 0
1562 8 1100 0 6 -12851 0 60 0
1563 8 742 0 6 -12851 1 60 0
1564 8 1100 0 -24 -12851 0 55 0
1565 8 1100 0 -6 -12851 0 55 0
1566 8 1100 0 -6 -12851 0 60 0
1567 8 609 0 -6 -12851 0 60 0
1568 12 742 903 6 -24 0 51 55
1569 12 742 500 -6 24 0 55 51
1570 12 500 742 6 -24 0 55 51
1571 8 742 0 -6 -12851 0 55 0
1572 8 609 0 6 -12851 0 60 0
1573 8 1100 0 24 -12851 0 60 0
1574 8 742 0 -6 -12851 0 60 0
1575 8 903 0 -6 -12851 0 60 0
1576 12 742 1100 6 -24 0 51 55
1577 12 500 742 -6 24 0 51 51
1578 8 903 0 6 -12851 0 55 0
1579 8 903 0 -6 -12851 0 60 0
1580 12 500 742 6 -24 0 55 51
1581 12 742 609 6 -24 0 51 55
1582 8 500 0 -6 -12851 0 60 0
1583 12 742 903 -6 24 0 55 51
1584 8 609 0 24 -12851 0 55 0
1585 8 500 0 24 -12851 0 55 0
1586 8 500 0 24 -12851 0 55 0
1587 8 742 0 24 -12851 0 55 0
1588 8 500 0 24 -12851 0 60 0
1589 8 500 0 -6 -12851 0 55 0
1590 8 742 0 -24 -12851 0 60 0
1591 8 500 0 6 -12851 0 55 0
1592 8 1100 0 6 -12851 0 55 0
1593 8 500 0 6 -12851 0 55 0
1594 8 609 0 6 -12851 0 55 0
1595 12 742 1100 6 -24 0 51 55
1596 12 500 742 -6 24 0 55 51
1597 8 1100 0 -24 -12851 0 55 0
1598 12 742 609 6 -24 0 51 55
1599 8 742 0 24 -12851 0 55 0
1600 8 1100 0 6 -12851 0 55 0
1601 12 742 609 6 -24 0 55 51
1602 12 1100 742 -6 24 0 51 51
1603 8 903 0 -24 -12851 0 60 0
1604 8 903 0 24 -12851 0 60 0
1605 8 609 0 -24 -12851 0 60 0
1606 12 742 903 6 -24 0 55 51
1607 8 609 0 -6 -12851 0 55 0
1608 8 903 0 24 -12851 0 55 0
1609 8 742 0 24 -12851 0 60 0
1610 8 742 0 6 -12851 0 55 0
1611 12 609 742 -6 24 0 55 55
1612 12 742 903 -6 24 0 51 55
1613 12 609 742 -6 24 0 55 55
1614 12 742 1100 6 -24 0 55 51
1615 8 742 0 24 -12851 0 55 0
1616 8 500 0 24 -12851 0 55 0
1617 12 742 609 6 -24 0 51 55
1618 12 500 742 6 -24 0 55 51
1619 8 1100 0 6 -12851 0 55 0
1620 8 609 0 -6 -12851 0 60 0
1621 8 500 0 24 -12851 0 60 0
1622 8 903 0 6 -12851 0 55 0
1623 12 500 742 6 -24 0 55 51
1624 8 903 0 -6 -12851 0 55 0
1625 12 742 500 -6 24 0 51 55
1626 12 903 742 -6 24 0 55 55
1627 8 903 0 6 -12851 0 55 0
1628 12 742 903 -6 24 0 55 55
1629 12 1100 742 -6 24 0 51 51
1630 8 742 0 6 -12851 0 55 0
1631 8 609 0 24 -12851 0 60 0
1632 12 742 609 6 -24 0 55 51
1633 12 500 742 -6 24 0 55 55
