719 8 500 0 6 -12851 1 55 0
720 8 903 0 -24 -12851 1 60 0
721 12 742 1100 6 -24 1 55 55
722 8 609 0 6 -12851 1 60 0
723 12 742 609 6 -24 1 51 51
724 8 1100 0 24 -12851 1 60 0
725 12 742 609 -6 24 1 51 55
726 8 609 0 -24 -12851 1 55 0
727 8 742 0 6 -12851 1 60 0
728 8 1100 0 -6 -12851 1 55 0
729 8 1100 0 24 -12851 1 60 0
730 8 500 0 24 -12851 1 60 0
731 12 903 742 6 -24 1 55 55
732 8 742 0 6 -12851 1 55 0
733 8 903 0 24 -12851 1 55 0
734 12 742 1100 6 -24 1 55 51
735 12 742 1100 6 -24 1 51 51
736 12 609 742 -6 24 0 55 51
737 8 903 0 24 -12851 1 60 0
738 8 1100 0 24 -12851 1 55 0
739 8 1100 0 24 -12851 1 55 0
740 12 742 609 -6 24 1 51 51
741 12 742 903 -6 24 0 55 55
742 12 742 903 -6 24 1 51 55
743 8 500 0 -6 -12851 1 55 0
744 12 742 500 -6 24 1 51 55
745 8 500 0 -24 -12851 1 60 0
746 8 609 0 24 -12851 1 55 0
747 8 1100 0 -6 -12851 0 55 0
748 8 609 0 -6 -12851 1 55 0
749 8 742 0 6 -12851 1 55 0
750 8 500 0 -24 -12851 0 60 0
751 12 742 500 -6 24 0 55 55
752 8 609 0 -24 -12851 0 55 0
753 8 742 0 -24 -12851 0 60 0
754 12 742 609 -6 24 0 55 51
755 12 1100 742 6 -24 0 55 55
756 8 903 0 -6 -12851 1 60 0
757 12 742 500 -6 24 0 51 51
758 8 903 0 24 -12851 1 55 0
759 12 742 500 -6 24 0 51 51
760 12 742 609 -6 24 0 51 51
761 8 1100 0 24 -12851 1 60 0
762 8 903 0 -24 -12851 1 60 0
763 8 742 0 -6 -12851 1 55 0
764 12 609 742 -6 24 1 51 51
765 12 609 742 6 -24 1 55 55
766 12 1100 742 -6 24 1 55 55
767 12 903 742 -6 24 1 51 55
768 8 1100 0 -24 -12851 1 55 0
769 12 609 742 6 -24 1 51 55
770 12 742 500 -6 24 0 55 55
771 12 903 742 -6 24 1 51 51
772 8 1100 0 6 -12851 1 60 0
773 8 903 0 24 -12851 1 60 0
774 8 742 0 -24 -12851 1 55 0
775 12 742 903 6 -24 1 55 51
776 12 742 609 -6 24 1 51 51
777 8 1100 0 -24 -12851 1 60 0
778 8 1100 0 24 -12851 1 55 0
779 8 903 0 6 -12851 1 60 0
780 8 742 0 -24 -12851 1 55 0
781 8 500 0 6 -12851 0 55 0
782 8 903 0 6 -12851 0 60 0
783 12 903 742 6 -24 0 51 51
784 8 742 0 24 -12851 0 60 0
785 12 609 742 6 -24 0 55 51
786 12 742 609 -6 24 1 51 51
787 8 500 0 6 -12851 1 60 0
788 8 609 0 6 -12851 0 60 0
789 8 609 0 -24 -12851 1 55 0
790 8 609 0 -24 -12851 1 60 0
791 12 609 742 -6 24 1 55 51
792 8 500 0 -24 -12851 1 55 0
793 12 742 1100 6 -24 0 51 51
794 8 1100 0 -24 -12851 1 60 0
795 8 1100 0 -24 -12851 1 55 0
796 12 609 742 -6 24 0 55 51
797 8 742 0 -6 -12851 0 55 0
798 12 742 609 6 -24 0 51 55
799 8 742 0 6 -12851 1 60 0
800 8 500 0 -24 -12851 1 55 0
801 12 742 903 -6 24 0 55 55
802 12 742 609 6 -24 1 51 51
803 12 742 903 -6 24 1 55 55
804 8 500 0 6 -12851 1 60 0
805 12 742 1100 -6 24 0 51 51
806 8 903 0 6 -12851 1 60 0
807 8 742 0 -6 -12851 1 60 0
808 8 1100 0 -24 -12851 1 60 0
809 12 609 742 6 -24 1 51 55
810 8 609 0 -24 -12851 1 60 0
811 12 500 742 -6 24 1 55 51
812 8 903 0 6 -12851 1 60 0
813 8 500 0 -6 -12851 0 55 0
814 12 609 742 6 -24 1 51 51
815 12 742 500 6 -24 0 55 55
816 8 1100 0 -24 -12851 1 60 0
817 12 742 609 6 -24 0 51 55
818 8 903 0 -24 -12851 0 55 0
819 8 609 0 -6 -12851 0 55 0
820 8 609 0 6 -12851 1 60 0
821 8 609 0 6 -12851 1 60 0
822 8 609 0 -24 -12851 1 60 0
823 8 903 0 -6 -12851 1 60 0
824 8 609 0 24 -12851 1 60 0
825 8 903 0 24 -12851 0 55 0
826 12 742 1100 6 -24 1 51 51
827 8 1100 0 24 -12851 1 60 0
828 8 500 0 -6 -12851 1 55 0
829 12 609 742 -6 24 0 51 55
830 12 1100 742 6 -24 1 55 51
831 12 742 500 -6 24 1 51 51
832 8 742 0 6 -12851 1 60 0
833 8 609 0 24 -12851 1 60 0
834 12 742 1100 6 -24 1 51 51
835 8 742 0 -6 -12851 1 60 0
836 8 1100 0 -24 -12851 0 60 0
837 8 500 0 24 -12851 0 55 0
838 8 1100 0 24 -12851 0 55 0
839 12 609 742 6 -24 1 51 51
840 12 742 903 6 -24 0 51 55
841 8 742 0 -6 -12851 0 60 0
842 8 903 0 24 -12851 0 55 0
843 8 500 0 6 -12851 0 55 0
844 12 742 500 6 -24 0 55 51
845 8 500 0 24 -12851 1 60 0
846 12 609 742 6 -24 1 55 51
847 12 742 903 -6 24 1 51 55
848 8 500 0 -24 -12851 1 60 0
849 8 609 0 -24 -12851 1 60 0
850 12 742 1100 6 -24 0 55 51
851 8 609 0 -6 -12851 0 60 0
852 8 609 0 6 -12851 1 60 0
853 12 742 609 -6 24 0 51 51
854 12 742 903 6 -24 1 51 55
855 8 742 0 -24 -12851 1 60 0
856 12 742 609 -6 24 0 51 51
857 12 742 1100 6 -24 0 51 51
858 12 742 609 -6 24 1 51 55
859 8 500 0 6 -12851 1 60 0
860 12 903 742 6 -24 1 51 51
861 12 742 1100 -6 24 1 55 51
862 12 1100 742 -6 24 1 55 51
863 12 500 742 -6 24 0 51 55
864 8 903 0 24 -12851 1 60 0
865 8 742 0 -24 -12851 1 55 0
866 12 742 609 6 -24 1 51 51
867 8 1100 0 -24 -12851 1 55 0
868 8 500 0 6 -12851 1 60 0
869 8 1100 0 -6 -12851 0 55 0
870 12 903 742 6 -24 1 51 51
871 12 742 609 6 -24 0 55 55
872 8 903 0 24 -12851 0 60 0
873 8 742 0 -24 -12851 1 55 0
874 8 1100 0 -24 -12851 1 55 0
875 8 903 0 -6 -12851 0 60 0
876 8 742 0 24 -12851 1 60 0
877 8 742 0 -6 -12851 0 60 0
878 8 1100 0 -24 -12851 1 55 0
879 8 500 0 6 -12851 0 60 0
880 12 609 742 6 -24 0 51 51
881 8 609 0 -24 -12851 1 55 0
882 12 742 903 -6 24 1 55 51
883 12 742 1100 -6 24 1 55 51
884 12 742 903 6 -24 1 55 55
885 12 1100 742 -6 24 0 51 51
886 8 500 0 -24 -12851 1 55 0
887 12 742 903 6 -24 0 55 55
888 8 500 0 -6 -12851 0 55 0
889 12 609 742 6 -24 0 55 55
890 8 903 0 -6 -12851 0 55 0
891 8 609 0 24 -12851 0 60 0
892 12 742 1100 6 -24 1 55 51
893 8 903 0 6 -12851 1 55 0
894 12 500 742 -6 24 0 51 51
895 12 500 742 6 -24 0 55 51
896 12 500 742 -6 24 0 55 51
897 8 609 0 -6 -12851 0 60 0
898 12 1100 742 -6 24 0 51 55
899 8 742 0 6 -12851 1 55 0
900 8 1100 0 6 -12851 1 55 0
901 8 1100 0 -24 -12851 1 60 0
902 12 500 742 -6 24 1 55 55
903 12 742 609 6 -24 1 55 51
904 12 609 742 -6 24 1 55 51
905 8 903 0 24 -12851 0 60 0
906 12 609 742 -6 24 0 55 55
907 8 742 0 -24 -12851 0 55 0
908 8 742 0 24 -12851 1 60 0
909 8 742 0 6 -12851 1 60 0
910 12 742 609 6 -24 1 51 55
911 8 1100 0 -6 -12851 1 60 0
912 8 742 0 -6 -12851 0 55 0
913 8 1100 0 -24 -12851 1 55 0
914 8 742 0 6 -12851 1 60 0
915 12 742 903 -6 24 1 55 55
916 8 1100 0 -24 -12851 1 55 0
917 8 609 0 24 -12851 1 60 0
918 8 903 0 24 -12851 1 55 0
919 8 609 0 -6 -12851 0 55 0
920 12 742 609 -6 24 0 51 55
921 8 903 0 -6 -12851 0 60 0
922 12 1100 742 -6 24 0 51 55
923 8 609 0 -6 -12851 0 60 0
924 8 500 0 6 -12851 0 60 0
925 8 500 0 24 -12851 0 55 0
926 8 903 0 -6 -12851 0 55 0
927 8 500 0 -24 -12851 0 55 0
928 12 500 742 -6 24 0 51 51
929 12 903 742 -6 24 0 55 51
930 8 742 0 6 -12851 0 60 0
931 12 742 609 -6 24 0 51 55
932 8 742 0 -24 -12851 0 60 0
933 12 903 742 6 -24 0 55 55
934 12 742 500 -6 24 0 51 55
935 8 609 0 6 -12851 1 55 0
936 8 609 0 6 -12851 1 55 0
937 8 742 0 24 -12851 0 60 0
938 8 609 0 6 -12851 1 60 0
939 8 1100 0 6 -12851 0 55 0
940 8 1100 0 -24 -12851 1 60 0
941 12 903 742 -6 24 1 51 51
942 8 1100 0 -24 -12851 1 60 0
943 12 742 500 6 -24 1 55 51
944 8 903 0 6 -12851 1 55 0
945 8 500 0 -6 -12851 0 60 0
946 8 500 0 -6 -12851 0 55 0
947 12 903 742 -6 24 0 55 55
948 8 500 0 6 -12851 0 55 0
949 8 903 0 -6 -12851 0 60 0
950 12 742 1100 6 -24 0 55 51
951 8 742 0 -6 -12851 0 60 0
952 12 742 903 -6 24 0 51 55
953 12 500 742 -6 24 0 51 51
954 8 903 0 -6 -12851 0 55 0
955 8 500 0 -6 -12851 0 60 0
956 12 903 742 6 -24 0 55 55
957 8 500 0 24 -12851 0 60 0
958 8 903 0 24 -12851 0 55 0
959 12 500 742 -6 24 0 55 51
960 8 500 0 -6 -12851 0 55 0
961 12 742 500 -6 24 1 55 55
962 12 742 609 6 -24 1 55 55
963 8 609 0 -6 -12851 0 60 0
964 12 500 742 -6 24 0 51 55
965 8 500 0 -6 -12851 0 60 0
966 8 742 0 -6 -12851 1 55 0
967 8 1100 0 -24 -12851 1 60 0
968 12 903 742 -6 24 0 55 55
969 12 500 742 6 -24 1 55 55
970 8 903 0 24 -12851 0 60 0
971 8 742 0 24 -12851 0 55 0
972 12 903 742 -6 24 0 55 55
973 8 1100 0 -6 -12851 0 55 0
974 12 742 609 -6 24 0 51 55
975 8 742 0 6 -12851 0 55 0
976 8 1100 0 -6 -12851 0 60 0
977 12 1100 742 -6 24 0 55 51
978 8 609 0 24 -12851 0 60 0
979 8 609 0 6 -12851 0 55 0
980 8 903 0 6 -12851 1 60 0
981 8 609 0 6 -12851 1 55 0
982 8 609 0 24 -12851 0 55 0
983 8 903 0 24 -12851 0 60 0
984 8 609 0 6 -12851 0 60 0
985 8 903 0 6 -12851 0 60 0
986 12 742 903 -6 24 0 51 55
987 8 1100 0 -6 -12851 1 55 0
988 12 500 742 -6 24 0 51 55
989 12 1100 742 6 -24 0 51 55
990 8 500 0 6 -12851 1 55 0
991 8 742 0 -24 -12851 1 55 0
992 12 742 500 6 -24 0 55 55
993 12 609 742 -6 24 0 51 51
994 12 609 742 6 -24 1 51 51
995 12 742 609 6 -24 0 51 51
996 8 609 0 24 -12851 0 55 0
997 8 742 0 24 -12851 1 60 0
998 8 1100 0 -24 -12851 0 60 0
999 8 500 0 -6 -12851 0 55 0
1000 12 742 609 -6 24 0 55 51
1001 12 500 742 -6 24 0 51 55
1002 8 1100 0 -6 -12851 1 60 0
1003 12 742 1100 -6 24 0 55 51
1004 8 742 0 -24 -12851 0 60 0
1005 8 903 0 6 -12851 0 55 0
1006 8 500 0 24 -12851 0 55 0
1007 12 742 1100 6 -24 0 51 55
1008 8 742 0 -6 -12851 0 60 0
1009 8 742 0 -6 -12851 0 55 0
1010 8 1100 0 -6 -12851 0 60 0
1011 8 742 0 24 -12851 0 55 0
1012 8 742 0 -6 -12851 0 55 0
1013 8 500 0 -6 -12851 0 55 0
1014 8 609 0 -24 -12851 0 60 0
1015 12 903 742 6 -24 0 51 55
1016 12 1100 742 -6 24 0 55 51
1017 8 500 0 -6 -12851 0 60 0
1018 8 903 0 6 -12851 0 55 0
1019 8 609 0 -24 -12851 0 60 0
1020 12 1100 742 6 -24 0 55 55
1021 12 742 500 -6 24 0 55 55
1022 8 609 0 -24 -12851 0 60 0
1023 12 742 1100 6 -24 0 55 51
1024 8 1100 0 6 -12851 0 55 0
1025 8 1100 0 -6 -12851 0 60 0
1026 8 500 0 24 -12851 0 60 0
1027 12 742 1100 -6 24 0 51 51
1028 8 903 0 -6 -12851 0 55 0
1029 12 609 742 6 -24 0 55 51
1030 8 903 0 24 -12851 0 55 0
1031 8 609 0 -24 -12851 0 60 0
1032 8 609 0 -6 -12851 0 55 0
1033 12 742 609 6 -24 0 51 51
1034 12 500 742 -6 24 0 55 51
1035 8 609 0 -24 -12851 1 55 0
1036 8 609 0 -6 -12851 1 60 0
1037 12 742 609 -6 24 0 51 55
1038 8 1100 0 6 -12851 1 60 0
1039 8 1100 0 24 -12851 0 55 0
1040 12 903 742 6 -24 1 51 51
1041 12 1100 742 -6 24 0 55 55
1042 12 742 609 -6 24 1 55 55
1043 8 500 0 24 -12851 0 60 0
1044 12 742 1100 -6 24 0 55 55
1045 8 500 0 -24 -12851 0 60 0
1046 8 742 0 -24 -12851 0 60 0
1047 8 500 0 6 -12851 0 55 0
1048 12 742 609 -6 24 0 55 55
1049 8 742 0 -6 -12851 0 60 0
1050 8 903 0 -24 -12851 0 60 0
1051 12 609 742 6 -24 0 55 55
1052 8 903 0 -6 -12851 0 55 0
1053 8 742 0 -24 -12851 0 55 0
1054 12 609 742 6 -24 0 51 51
1055 12 1100 742 6 -24 0 51 51
1056 12 742 609 -6 24 0 55 55
1057 8 1100 0 6 -12851 0 60 0
1058 8 903 0 24 -12851 0 60 0
1059 8 1100 0 6 -12851 0 55 0
1060 8 1100 0 6 -12851 0 60 0
1061 8 500 0 -24 -12851 0 60 0
1062 8 609 0 -6 -12851 0 55 0
1063 8 609 0 6 -12851 0 55 0
1064 12 742 500 -6 24 0 51 51
1065 8 500 0 -6 -12851 0 55 0
1066 8 500 0 24 -12851 0 60 0
1067 8 742 0 24 -12851 0 55 0
1068 8 742 0 -6 -12851 0 60 0
1069 12 742 500 6 -24 0 55 55
1070 12 609 742 6 -24 0 51 51
1071 8 742 0 6 -12851 0 60 0
1072 8 1100 0 -6 -12851 0 60 0
1073 8 903 0 6 -12851 0 60 0
1074 12 609 742 6 -24 0 51 51
1075 12 903 742 6 -24 0 51 51
1076 12 742 500 -6 24 0 55 55
1077 8 1100 0 6 -12851 0 60 0
1078 8 903 0 -6 -12851 0 60 0
1079 12 500 742 -6 24 0 51 51
1080 8 609 0 6 -12851 0 60 0
1081 12 742 903 6 -24 0 51 51
1082 12 609 742 6 -24 0 51 55
1083 12 742 500 6 -24 0 51 55
1084 12 742 903 -6 24 0 51 55
1085 8 903 0 -6 -12851 0 60 0
1086 12 742 500 6 -24 0 55 55
1087 8 1100 0 6 -12851 0 60 0
1088 8 1100 0 -6 -12851 0 60 0
1089 8 903 0 24 -12851 0 60 0
1090 8 1100 0 -24 -12851 0 55 0
1091 8 500 0 6 -12851 0 55 0
1092 8 903 0 6 -12851 0 55 0
1093 12 742 609 6 -24 0 51 51
1094 12 742 609 -6 24 0 51 55
1095 8 742 0 -24 -12851 0 55 0
1096 8 1100 0 -6 -12851 0 60 0
1097 8 500 0 6 -12851 0 55 0
1098 12 500 742 -6 24 0 51 55
1099 8 609 0 6 -12851 0 55 0
1100 12 609 742 6 -24 1 55 55
1101 8 903 0 24 -12851 1 60 0
1102 12 742 1100 -6 24 0 51 51
1103 12 609 742 -6 24 0 51 55
1104 8 742 0 24 -12851 0 55 0
1105 12 903 742 6 -24 0 51 55
1106 12 742 1100 6 -24 0 51 51
1107 8 609 0 -24 -12851 0 55 0
1108 8 500 0 24 -12851 0 55 0
1109 12 742 609 6 -24 0 55 55
1110 8 742 0 -6 -12851 0 55 0
1111 8 609 0 24 -12851 0 55 0
1112 12 742 1100 6 -24 0 55 51
1113 12 742 609 -6 24 0 51 51
1114 8 903 0 -24 -12851 0 55 0
1115 8 903 0 -6 -12851 0 60 0
1116 8 1100 0 -24 -12851 0 60 0
1117 8 742 0 -6 -12851 0 55 0
1118 12 742 1100 6 -24 0 55 55
1119 8 903 0 -24 -12851 0 60 0
1120 8 742 0 -6 -12851 0 55 0
1121 8 742 0 6 -12851 0 60 0
1122 12 742 609 -6 24 0 55 51
1123 8 500 0 -24 -12851 0 60 0
1124 8 609 0 -6 -12851 0 55 0
1125 8 1100 0 -24 -12851 0 60 0
1126 12 609 742 6 -24 0 51 55
1127 8 609 0 24 -12851 0 55 0
1128 8 1100 0 -6 -12851 0 60 0
1129 8 903 0 24 -12851 0 60 0
1130 8 500 0 -24 -12851 0 55 0
1131 12 500 742 -6 24 0 51 51
1132 8 609 0 -6 -12851 0 55 0
1133 12 500 742 -6 24 0 51 55
1134 8 500 0 24 -12851 0 60 0
1135 8 609 0 6 -12851 0 55 0
1136 8 609 0 24 -12851 0 55 0
1137 8 609 0 -6 -12851 0 60 0
1138 8 903 0 -24 -12851 0 55 0
1139 8 500 0 24 -12851 0 55 0
1140 8 609 0 24 -12851 0 60 0
1141 8 903 0 -6 -12851 0 55 0
1142 12 1100 742 6 -24 0 55 55
1143 12 742 903 6 -24 0 51 55
1144 12 742 500 6 -24 0 51 55
1145 8 500 0 -6 -12851 0 55 0
1146 12 742 500 -6 24 0 51 51
1147 12 742 1100 -6 24 0 55 55
1148 12 742 609 6 -24 0 51 55
1149 8 903 0 6 -12851 0 55 0
1150 8 742 0 -6 -12851 0 55 0
1151 8 1100 0 -24 -12851 0 60 0
1152 8 500 0 6 -12851 0 55 0
1153 8 742 0 -6 -12851 0 55 0
1154 12 742 1100 -6 24 0 51 55
1155 12 742 903 6 -24 0 55 51
1156 12 742 609 -6 24 0 55 55
1157 12 742 500 -6 24 0 55 51
1158 8 742 0 24 -12851 0 60 0
1159 12 500 742 -6 24 0 55 51
1160 8 1100 0 -6 -12851 0 60 0
1161 12 742 903 6 -24 0 51 51
1162 12 742 500 6 -24 0 55 51
1163 8 1100 0 -6 -12851 0 55 0
1164 8 1100 0 -24 -12851 0 60 0
1165 8 1100 0 24 -12851 0 55 0
1166 12 742 1100 6 -24 0 55 55
1167 12 742 903 6 -24 0 51 51
1168 12 1100 742 -6 24 0 55 55
1169 12 609 742 6 -24 0 55 55
1170 8 742 0 24 -12851 0 55 0
1171 8 742 0 24 -12851 0 60 0
1172 8 500 0 -24 -12851 0 60 0
1173 8 609 0 6 -12851 0 55 0
1174 12 742 903 6 -24 0 51 55
1175 8 500 0 -6 -12851 0 55 0
1176 8 1100 0 24 -12851 0 60 0
1177 12 903 742 6 -24 0 55 55
1178 12 903 742 -6 24 0 55 55
1179 8 1100 0 -6 -12851 0 55 0
1180 8 500 0 24 -12851 0 60 0
1181 12 742 609 6 -24 0 51 55
1182 8 903 0 6 -12851 0 60 0
1183 8 609 0 6 -12851 0 60 0
1184 12 742 1100 -6 24 0 51 55
1185 8 609 0 24 -12851 0 60 0
1186 12 742 1100 6 -24 0 51 55
1187 12 609 742 6 -24 0 51 51
1188 8 742 0 24 -12851 0 55 0
1189 8 903 0 -24 -12851 0 60 0
1190 12 500 742 6 -24 0 51 55
1191 8 903 0 6 -12851 0 60 0
1192 8 1100 0 -6 -12851 0 60 0
1193 12 742 1100 6 -24 0 51 55
1194 8 1100 0 6 -12851 0 55 0
1195 12 1100 742 6 -24 0 55 51
1196 8 500 0 -6 -12851 0 55 0
1197 8 1100 0 6 -12851 0 55 0
1198 8 1100 0 -24 -12851 0 60 0
1199 12 742 1100 -6 24 0 51 55
1200 8 609 0 24 -12851 0 55 0
1201 8 500 0 6 -12851 0 55 0
1202 8 742 0 24 -12851 0 60 0
1203 8 500 0 24 -12851 0 60 0
1204 12 609 742 6 -24 0 55 51
1205 8 903 0 -24 -12851 0 60 0
1206 8 742 0 24 -12851 0 55 0
1207 8 742 0 -6 -12851 0 60 0
1208 8 903 0 6 -12851 0 55 0
1209 8 609 0 -24 -12851 0 60 0
1210 8 903 0 6 -12851 0 55 0
1211 12 609 742 6 -24 0 51 55
1212 8 609 0 -6 -12851 0 60 0
1213 12 742 609 6 -24 0 55 51
1214 12 742 609 6 -24 0 55 55
1215 8 609 0 -24 -12851 0 60 0
1216 12 609 742 -6 24 0 51 51
1217 8 609 0 -6 -12851 0 60 0
1218 8 742 0 24 -12851 0 55 0
1219 8 903 0 -24 -12851 0 55 0
1220 12 609 742 -6 24 0 51 51
1221 8 500 0 -6 -12851 0 55 0
1222 8 1100 0 -6 -12851 0 60 0
1223 8 500 0 -6 -12851 0 55 0
1224 12 742 609 6 -24 0 55 51
1225 8 500 0 -24 -12851 0 60 0
1226 12 742 500 -6 24 0 51 51
1227 12 742 500 -6 24 0 55 55
1228 8 1100 0 24 -12851 0 60 0
1229 8 609 0 -6 -12851 0 55 0
1230 8 609 0 -6 -12851 0 55 0
1231 8 903 0 6 -12851 0 55 0
1232 8 742 0 -24 -12851 0 60 0
1233 8 903 0 24 -12851 0 55 0
1234 8 1100 0 24 -12851 0 55 0
1235 12 500 742 6 -24 0 51 51
1236 12 742 1100 -6 24 0 51 55
1237 8 742 0 6 -12851 0 60 0
1238 12 742 1100 6 -24 0 51 55
1239 12 1100 742 6 -24 0 51 51
1240 8 903 0 -6 -12851 0 60 0
1241 8 903 0 -6 -12851 0 55 0
1242 8 742 0 24 -12851 0 55 0
1243 8 903 0 -24 -12851 0 60 0
1244 8 742 0 -6 -12851 0 55 0
1245 12 903 742 6 -24 0 55 51
1246 8 742 0 6 -12851 0 60 0
1247 12 903 742 -6 24 0 55 51
1248 8 1100 0 24 -12851 0 60 0
1249 12 1100 742 -6 24 0 55 55
1250 8 609 0 6 -12851 0 55 0
1251 8 500 0 -6 -12851 0 60 0
1252 8 609 0 24 -12851 0 55 0
1253 8 903 0 -6 -12851 0 55 0
1254 8 1100 0 -24 -12851 0 55 0
1255 12 609 742 -6 24 0 51 55
1256 12 903 742 6 -24 0 51 55
1257 8 1100 0 -6 -12851 0 60 0
1258 8 609 0 -24 -12851 0 60 0
1259 8 500 0 -6 -12851 0 60 0
1260 8 500 0 -24 -12851 0 55 0
1261 12 903 742 6 -24 0 55 51
1262 8 500 0 6 -12851 0 55 0
1263 12 742 609 6 -24 0 55 55
1264 12 1100 742 -6 24 0 55 55
1265 8 500 0 24 -12851 0 60 0
1266 12 500 742 6 -24 0 55 51
1267 8 1100 0 6 -12851 0 55 0
1268 8 500 0 -24 -12851 0 60 0
1269 8 609 0 6 -12851 0 60 0
1270 8 609 0 -24 -12851 0 55 0
1271 12 742 903 -6 24 0 51 51
1272 8 742 0 24 -12851 0 60 0
1273 12 500 742 -6 24 0 55 55
1274 8 903 0 -6 -12851 0 60 0
1275 12 1100 742 -6 24 0 55 55
1276 8 500 0 24 -12851 0 55 0
1277 12 742 609 6 -24 0 55 51
1278 8 903 0 6 -12851 0 60 0
1279 8 609 0 -6 -12851 0 60 0
1280 8 1100 0 24 -12851 0 55 0
1281 12 609 742 6 -24 0 55 55
1282 8 1100 0 -24 -12851 0 60 0
1283 8 742 0 -6 -12851 0 55 0
1284 8 903 0 24 -12851 0 60 0
1285 8 742 0 6 -12851 0 55 0
1286 8 903 0 -24 -12851 0 55 0
1287 8 903 0 -6 -12851 0 55 0
1288 8 903 0 -24 -12851 0 60 0
1289 8 1100 0 -6 -12851 0 55 0
1290 12 742 903 6 -24 0 51 51
1291 12 742 500 6 -24 0 51 55
1292 12 500 742 -6 24 0 51 55
1293 8 903 0 -6 -12851 0 55 0
1294 12 500 742 6 -24 0 51 51
1295 12 609 742 6 -24 0 51 55
1296 8 1100 0 6 -12851 0 55 0
1297 8 609 0 -6 -12851 0 55 0
1298 8 500 0 24 -12851 0 60 0
1299 8 1100 0 -24 -12851 0 60 0
1300 8 609 0 6 -12851 0 60 0
1301 8 500 0 -6 -12851 0 55 0
1302 8 742 0 -6 -12851 0 60 0
1303 8 609 0 24 -12851 0 60 0
1304 12 1100 742 6 -24 0 51 51
1305 8 742 0 6 -12851 0 60 0
1306 8 742 0 -6 -12851 0 60 0
1307 8 500 0 6 -12851 0 55 0
1308 8 1100 0 -24 -12851 0 55 0
1309 12 742 1100 6 -24 0 51 55
1310 8 1100 0 -6 -12851 0 60 0
1311 8 500 0 24 -12851 0 55 0
1312 12 742 1100 -6 24 0 51 51
1313 8 609 0 -24 -12851 0 55 0
1314 12 1100 742 -6 24 0 55 55
1315 12 609 742 -6 24 0 55 55
1316 8 609 0 -6 -12851 0 60 0
1317 8 500 0 6 -12851 0 55 0
1318 12 742 903 -6 24 0 55 55
1319 8 500 0 6 -12851 0 60 0
1320 8 742 0 24 -12851 0 60 0
1321 8 742 0 -6 -12851 0 60 0
1322 12 742 1100 -6 24 0 55 51
1323 12 742 903 6 -24 0 55 55
1324 12 742 1100 6 -24 0 51 51
1325 8 742 0 -24 -12851 0 60 0
1326 12 500 742 -6 24 0 55 55
1327 8 1100 0 -6 -12851 0 60 0
1328 8 903 0 -24 -12851 0 60 0
1329 8 1100 0 6 -12851 0 60 0
1330 12 903 742 6 -24 0 55 55
1331 12 903 742 6 -24 0 55 51
1332 12 903 742 -6 24 0 51 55
1333 8 903 0 6 -12851 0 55 0
1334 8 609 0 6 -12851 0 55 0
1335 8 903 0 6 -12851 0 60 0
1336 8 609 0 -6 -12851 0 60 0
1337 8 609 0 -24 -12851 0 60 0
1338 12 742 1100 -6 24 0 55 55
1339 12 742 903 -6 24 0 55 55
1340 12 742 609 -6 24 0 55 51
1341 8 500 0 6 -12851 0 55 0
1342 12 742 609 6 -24 0 55 55
1343 12 1100 742 6 -24 0 51 51
1344 8 742 0 6 -12851 0 60 0
1345 8 609 0 24 -12851 0 60 0
1346 8 903 0 -6 -12851 0 55 0
1347 8 1100 0 -24 -12851 0 55 0
1348 12 500 742 6 -24 0 55 51
1349 12 903 742 6 -24 0 51 51
1350 8 1100 0 6 -12851 0 55 0
1351 12 742 500 -6 24 0 55 51
1352 12 903 742 -6 24 0 51 55
1353 12 903 742 -6 24 0 51 51
1354 12 742 903 -6 24 0 55 51
1355 8 500 0 6 -12851 0 55 0
1356 12 742 609 -6 24 0 55 55
1357 8 742 0 24 -12851 0 55 0
1358 8 1100 0 -24 -12851 0 55 0
1359 12 742 1100 -6 24 0 51 55
1360 12 500 742 -6 24 0 55 51
1361 8 609 0 -6 -12851 0 60 0
1362 8 903 0 6 -12851 0 60 0
1363 12 742 500 6 -24 0 55 51
1364 12 742 903 -6 24 0 55 55
1365 8 500 0 6 -12851 0 60 0
1366 8 903 0 -6 -12851 0 55 0
1367 8 742 0 24 -12851 0 55 0
1368 12 500 742 6 -24 0 55 55
1369 8 500 0 6 -12851 0 60 0
1370 12 742 609 6 -24 0 51 51
1371 12 609 742 -6 24 0 55 51
1372 12 903 742 6 -24 0 55 55
1373 12 903 742 6 -24 0 51 55
1374 12 1100 742 6 -24 0 51 55
1375 12 742 903 -6 24 0 55 55
1376 12 500 742 -6 24 0 55 51
1377 8 500 0 -6 -12851 0 55 0
1378 8 903 0 6 -12851 0 55 0
1379 8 500 0 24 -12851 0 60 0
1380 8 609 0 24 -12851 0 60 0
1381 8 500 0 -6 -12851 0 55 0
1382 12 742 1100 -6 24 0 55 55
1383 12 500 742 6 -24 0 51 55
1384 8 742 0 6 -12851 0 55 0
1385 12 903 742 6 -24 0 55 55
1386 8 1100 0 -24 -12851 0 60 0
1387 8 903 0 -24 -12851 0 60 0
1388 8 742 0 -6 -12851 0 60 0
1389 12 742 903 -6 24 0 51 55
1390 8 1100 0 6 -12851 0 55 0
1391 12 500 742 -6 24 0 55 55
1392 12 742 1100 6 -24 0 55 55
1393 12 1100 742 6 -24 0 55 55
1394 12 742 500 -6 24 0 51 55
1395 8 742 0 -6 -12851 0 60 0
1396 8 1100 0 6 -12851 0 55 0
1397 12 609 742 6 -24 0 55 51
1398 8 609 0 -24 -12851 0 55 0
1399 8 609 0 6 -12851 0 55 0
1400 8 903 0 -24 -12851 0 60 0
1401 8 1100 0 24 -12851 0 55 0
1402 8 1100 0 24 -12851 0 60 0
1403 8 500 0 6 -12851 0 60 0
1404 8 609 0 -6 -12851 0 55 0
1405 8 609 0 6 -12851 0 60 0
1406 12 742 609 -6 24 0 51 51
1407 12 742 903 -6 24 0 51 55
1408 8 500 0 6 -12851 0 60 0
1409 12 742 1100 6 -24 0 51 51
1410 8 500 0 24 -12851 0 55 0
1411 8 742 0 -6 -12851 0 60 0
1412 8 742 0 -24 -12851 0 60 0
1413 8 742 0 6 -12851 0 55 0
1414 12 742 903 -6 24 0 55 55
1415 8 1100 0 6 -12851 0 55 0
1416 8 903 0 24 -12851 0 60 0
1417 12 1100 742 -6 24 0 55 55
1418 12 903 742 -6 24 0 51 55
1419 8 1100 0 -6 -12851 0 60 0
1420 12 742 500 6 -24 0 51 55
1421 12 742 903 -6 24 0 51 55
1422 12 609 742 6 -24 0 55 55
1423 8 903 0 -6 -12851 0 55 0
1424 12 903 742 6 -24 0 55 55
1425 8 609 0 -6 -12851 0 60 0
1426 8 903 0 -6 -12851 0 55 0
1427 8 609 0 -24 -12851 0 55 0
1428 12 742 1100 6 -24 0 51 51
1429 12 742 500 -6 24 0 51 51
1430 12 903 742 6 -24 0 51 51
1431 12 742 1100 -6 24 0 51 55
1432 8 609 0 -6 -12851 0 60 0
1433 8 500 0 -6 -12851 0 60 0
1434 8 903 0 6 -12851 0 60 0
1435 8 609 0 6 -12851 0 60 0
1436 12 500 742 -6 24 0 51 51
1437 8 742 0 6 -12851 0 55 0
1438 12 742 500 -6 24 0 51 55
1439 8 1100 0 -6 -12851 0 60 0
1440 8 609 0 -24 -12851 0 55 0
1441 12 742 903 -6 24 0 51 51
1442 8 500 0 6 -12851 0 60 0
1443 8 903 0 -6 -12851 0 60 0
1444 12 742 903 -6 24 0 55 51
1445 12 1100 742 6 -24 0 51 51
1446 12 500 742 -6 24 0 55 55
1447 8 742 0 24 -12851 0 60 0
1448 8 742 0 24 -12851 0 60 0
1449 8 500 0 -24 -12851 0 55 0
1450 8 903 0 6 -12851 0 60 0
1451 8 1100 0 24 -12851 0 60 0
1452 8 1100 0 6 -12851 0 55 0
1453 12 609 742 -6 24 0 51 55
1454 12 742 500 -6 24 0 55 51
1455 8 903 0 -6 -12851 0 55 0
1456 12 742 1100 6 -24 0 51 51
1457 12 742 903 6 -24 0 55 51
1458 8 903 0 6 -12851 0 60 0
1459 12 742 903 -6 24 0 55 55
1460 12 742 609 -6 24 0 55 51
1461 12 903 742 -6 24 0 55 55
1462 8 609 0 24 -12851 0 60 0
1463 8 609 0 -6 -12851 0 60 0
1464 8 903 0 24 -12851 0 55 0
1465 12 742 1100 -6 24 0 55 55
1466 8 742 0 -24 -12851 0 60 0
1467 8 500 0 -6 -12851 0 60 0
1468 12 742 903 6 -24 0 55 51
1469 8 742 0 -6 -12851 0 60 0
1470 8 609 0 -24 -12851 0 55 0
1471 12 742 500 6 -24 0 55 51
1472 8 903 0 -6 -12851 0 55 0
1473 8 1100 0 6 -12851 0 60 0
1474 12 903 742 -6 24 0 55 55
1475 8 500 0 6 -12851 0 55 0
1476 12 1100 742 -6 24 0 55 55
1477 8 1100 0 6 -12851 0 60 0
1478 8 500 0 -24 -12851 0 55 0
1479 8 1100 0 -6 -12851 0 55 0
1480 12 742 500 -6 24 0 55 51
1481 8 742 0 -6 -12851 0 60 0
1482 8 742 0 6 -12851 0 60 0
1483 12 609 742 6 -24 0 51 51
1484 8 742 0 -6 -12851 0 55 0
1485 12 742 903 6 -24 0 55 51
1486 8 903 0 -6 -12851 0 60 0
1487 8 609 0 -6 -12851 0 60 0
1488 12 903 742 -6 24 0 51 55
1489 8 742 0 6 -12851 0 55 0
1490 8 500 0 24 -12851 0 55 0
1491 8 742 0 -6 -12851 0 60 0
1492 8 1100 0 6 -12851 0 55 0
1493 8 609 0 -6 -12851 0 55 0
1494 12 1100 742 -6 24 0 51 55
1495 8 903 0 -6 -12851 0 55 0
1496 12 742 903 6 -24 0 51 51
1497 8 609 0 -24 -12851 0 60 0
1498 8 1100 0 24 -12851 0 55 0
1499 12 903 742 -6 24 0 55 55
1500 8 500 0 24 -12851 0 60 0
1501 8 903 0 6 -12851 0 60 0
1502 8 1100 0 6 -12851 0 60 0
1503 8 500 0 6 -12851 0 55 0
1504 12 500 742 -6 24 0 51 51
1505 12 1100 742 -6 24 0 55 51
1506 12 742 1100 6 -24 0 55 55
1507 12 609 742 -6 24 0 55 51
1508 12 903 742 6 -24 0 55 55
1509 12 742 609 6 -24 0 51 51
1510 12 742 1100 -6 24 0 55 55
1511 8 609 0 24 -12851 0 60 0
1512 8 609 0 6 -12851 0 55 0
1513 8 500 0 -24 -12851 0 60 0
1514 12 1100 742 -6 24 0 55 55
1515 12 742 500 -6 24 0 55 55
1516 8 903 0 -6 -12851 0 55 0
1517 12 742 609 -6 24 0 51 51
1518 8 1100 0 -24 -12851 0 55 0
1519 12 500 742 -6 24 0 55 55
1520 8 500 0 6 -12851 0 60 0
1521 12 609 742 -6 24 0 51 55
1522 8 742 0 24 -12851 0 55 0
1523 12 609 742 6 -24 0 55 55
1524 8 1100 0 24 -12851 0 55 0
1525 8 500 0 6 -12851 0 55 0
1526 12 742 609 6 -24 0 51 51
1527 12 742 1100 6 -24 0 51 51
1528 12 500 742 -6 24 0 55 51
1529 8 903 0 24 -12851 0 60 0
1530 12 742 609 6 -24 0 51 51
1531 8 742 0 6 -12851 0 60 0
1532 8 609 0 -24 -12851 0 55 0
1533 8 609 0 24 -12851 0 55 0
1534 8 742 0 -24 -12851 0 60 0
1535 12 742 500 -6 24 0 51 51
1536 12 903 742 6 -24 0 51 55
1537 8 1100 0 6 -12851 0 60 0
1538 12 742 609 -6 24 0 51 51
1539 12 742 903 -6 24 0 55 55
1540 12 903 742 -6 24 0 51 51
1541 8 903 0 24 -12851 0 60 0
1542 12 742 609 6 -24 0 55 55
1543 8 1100 0 -6 -12851 0 60 0
1544 8 1100 0 6 -12851 0 60 0
1545 8 500 0 -6 -12851 0 60 0
1546 12 609 742 6 -24 0 51 51
1547 8 742 0 -24 -12851 0 60 0
1548 8 500 0 6 -12851 0 60 0
1549 12 742 500 6 -24 0 55 55
1550 8 500 0 24 -12851 0 60 0
1551 8 742 0 -24 -12851 0 60 0
1552 12 742 1100 -6 24 0 55 51
1553 8 742 0 6 -12851 0 60 0
1554 8 609 0 6 -12851 0 60 0
1555 12 1100 742 -6 24 0 51 51
1556 12 742 609 -6 24 0 51 55
1557 8 609 0 -6 -12851 0 60 0
1558 8 903 0 24 -12851 0 60 0
1559 8 609 0 6 -12851 0 55 0
1560 8 903 0 24 -12851 0 55 0
1561 8 903 0 -6 -12851 0 60 0
1562 8 1100 0 -24 -12851 0 55 0
1563 8 1100 0 6 -12851 0 55 0
1564 8 609 0 -6 -12851 0 55 0
1565 8 609 0 -6 -12851 0 60 0
1566 12 742 1100 6 -24 0 55 51
1567 12 742 1100 -6 24 0 55 51
1568 12 609 742 -6 24 0 55 51
1569 12 742 500 6 -24 0 51 51
1570 12 742 609 -6 24 0 55 51
1571 12 742 1100 -6 24 0 51 55
1572 12 609 742 -6 24 0 55 51
1573 8 903 0 -24 -12851 0 55 0
1574 8 609 0 6 -12851 0 55 0
1575 8 1100 0 -24 -12851 0 60 0
1576 8 500 0 -6 -12851 0 55 0
1577 12 903 742 6 -24 0 51 51
1578 8 500 0 -24 -12851 0 55 0
1579 8 903 0 -6 -12851 0 60 0
1580 12 742 903 -6 24 0 55 55
1581 8 903 0 -24 -12851 0 55 0
1582 8 1100 0 6 -12851 0 60 0
1583 8 500 0 24 -12851 0 55 0
1584 8 609 0 -6 -12851 0 55 0
1585 8 1100 0 -24 -12851 0 55 0
1586 8 742 0 -24 -12851 0 60 0
1587 8 742 0 -24 -12851 0 55 0
1588 12 1100 742 -6 24 0 51 55
1589 12 1100 742 -6 24 0 51 55
1590 8 742 0 6 -12851 0 60 0
1591 12 742 1100 6 -24 0 55 51
1592 8 1100 0 -6 -12851 0 55 0
1593 8 1100 0 -6 -12851 0 60 0
1594 8 1100 0 6 -12851 0 55 0
1595 12 1100 742 6 -24 0 55 55
1596 8 903 0 -24 -12851 0 60 0
1597 8 903 0 6 -12851 0 60 0
1598 12 903 742 -6 24 0 55 55
1599 12 742 500 6 -24 0 55 51
1600 8 500 0 24 -12851 0 60 0
1601 12 742 1100 6 -24 0 51 55
1602 12 742 1100 6 -24 0 51 51
1603 12 903 742 -6 24 0 55 55
1604 8 742 0 -6 -12851 0 55 0
1605 12 500 742 6 -24 0 55 51
1606 12 500 742 -6 24 0 55 51
1607 8 742 0 6 -12851 0 60 0
1608 12 1100 742 -6 24 0 55 51
1609 12 903 742 6 -24 0 55 55
1610 8 500 0 6 -12851 0 55 0
1611 12 742 1100 -6 24 0 51 51
1612 12 1100 742 -6 24 0 55 55
1613 12 500 742 6 -24 0 51 55
1614 8 1100 0 6 -12851 0 55 0
1615 12 742 500 6 -24 0 51 51
1616 8 609 0 -6 -12851 0 55 0
1617 12 742 609 -6 24 0 51 51
1618 8 742 0 -24 -12851 0 60 0
1619 8 903 0 -24 -12851 0 55 0
1620 12 903 742 -6 24 0 51 55
1621 8 609 0 24 -12851 0 60 0
1622 12 1100 742 -6 24 0 55 55
1623 12 903 742 6 -24 0 55 51
1624 8 500 0 24 -12851 0 55 0
1625 12 609 742 -6 24 0 55 51
1626 8 609 0 6 -12851 0 55 0
1627 8 609 0 -24 -12851 0 55 0
1628 12 742 903 -6 24 0 51 51
1629 8 609 0 -6 -12851 0 55 0
1630 12 742 903 6 -24 0 51 55
1631 8 742 0 -6 -12851 0 60 0
1632 12 903 742 -6 24 0 55 51
1633 12 1100 742 -6 24 0 51 51
1634 8 609 0 -6 -12851 0 55 0
1635 8 742 0 6 -12851 0 60 0
1636 12 903 742 6 -24 0 51 55
1637 8 903 0 -24 -12851 0 55 0
1638 8 903 0 -24 -12851 0 60 0
1639 12 903 742 6 -24 0 51 55
1640 8 742 0 24 -12851 0 60 0
1641 8 609 0 -6 -12851 0 60 0
1642 8 903 0 -24 -12851 0 60 0
1643 12 609 742 6 -24 0 51 51
1644 8 1100 0 -24 -12851 0 60 0
1645 8 500 0 -6 -12851 0 60 0
1646 8 1100 0 24 -12851 0 55 0
1647 8 500 0 24 -12851 0 60 0
1648 12 742 903 6 -24 0 55 51
1649 12 742 903 6 -24 0 55 51
1650 12 903 742 -6 24 0 55 55
1651 12 1100 742 -6 24 0 55 51
1652 8 500 0 -6 -12851 0 60 0
1653 12 742 1100 -6 24 0 51 51
1654 8 1100 0 -6 -12851 0 55 0
1655 8 500 0 -6 -12851 0 55 0
1656 12 742 903 -6 24 0 51 55
1657 12 500 742 6 -24 0 55 55
1658 12 500 742 -6 24 0 55 51
1659 8 500 0 -6 -12851 0 55 0
1660 8 1100 0 -24 -12851 0 60 0
1661 8 500 0 -6 -12851 0 60 0
1662 8 609 0 -6 -12851 0 55 0
1663 8 609 0 6 -12851 0 55 0
1664 8 742 0 24 -12851 0 60 0
1665 12 742 903 -6 24 0 55 55
1666 12 1100 742 6 -24 0 55 55
1667 8 903 0 -6 -12851 0 60 0
1668 8 500 0 24 -12851 0 60 0
1669 12 742 1100 -6 24 0 55 55
1670 8 903 0 -6 -12851 0 60 0
1671 8 609 0 -6 -12851 0 60 0
1672 12 742 903 6 -24 0 55 51
1673 8 1100 0 24 -12851 0 60 0
1674 8 1100 0 -6 -12851 0 60 0
1675 12 1100 742 -6 24 0 55 55
1676 8 742 0 -24 -12851 0 55 0
1677 8 903 0 -6 -12851 0 60 0
1678 12 903 742 -6 24 0 55 51
1679 8 742 0 6 -12851 0 60 0
1680 8 609 0 -6 -12851 0 60 0
1681 8 609 0 24 -12851 0 55 0
1682 12 609 742 6 -24 0 55 55
1683 8 742 0 6 -12851 0 60 0
1684 8 903 0 -6 -12851 0 60 0
1685 8 500 0 24 -12851 0 60 0
1686 8 1100 0 6 -12851 0 55 0
1687 8 500 0 -24 -12851 0 55 0
1688 8 500 0 -24 -12851 0 60 0
1689 12 742 903 -6 24 0 55 55
1690 8 1100 0 -6 -12851 0 55 0
1691 12 742 903 -6 24 0 55 51
1692 8 609 0 24 -12851 0 60 0
1693 8 609 0 -24 -12851 0 60 0
1694 12 903 742 -6 24 0 55 51
1695 8 903 0 -6 -12851 0 55 0
1696 12 742 609 6 -24 0 51 51
1697 12 500 742 6 -24 0 51 55
1698 8 742 0 -24 -12851 0 55 0
1699 8 903 0 -6 -12851 0 60 0
1700 8 1100 0 6 -12851 0 55 0
1701 8 742 0 -24 -12851 0 55 0
1702 8 500 0 -24 -12851 0 55 0
1703 8 500 0 24 -12851 0 55 0
1704 8 500 0 -24 -12851 0 60 0
1705 12 742 609 -6 24 0 51 51
1706 8 1100 0 24 -12851 0 55 0
1707 8 1100 0 -6 -12851 0 60 0
1708 8 500 0 24 -12851 0 55 0
1709 12 609 742 6 -24 0 51 55
1710 8 742 0 24 -12851 0 60 0
1711 12 742 1100 6 -24 0 51 51
1712 8 903 0 24 -12851 0 60 0
1713 8 1100 0 -24 -12851 0 55 0
1714 8 742 0 -24 -12851 0 60 0
1715 8 742 0 -6 -12851 0 60 0
1716 8 609 0 6 -12851 0 55 0
1717 12 742 500 -6 24 0 51 51
1718 12 742 500 -6 24 0 51 51
1719 8 609 0 -6 -12851 0 60 0
1720 8 903 0 24 -12851 0 55 0
1721 8 609 0 6 -12851 0 55 0
1722 8 903 0 6 -12851 0 60 0
1723 8 1100 0 -24 -12851 0 55 0
1724 8 1100 0 24 -12851 0 55 0
1725 8 1100 0 24 -12851 0 55 0
1726 8 903 0 6 -12851 0 60 0
1727 12 742 1100 -6 24 0 51 55
1728 12 500 742 6 -24 0 55 55
1729 8 903 0 6 -12851 0 60 0
1730 8 500 0 24 -12851 0 60 0
1731 8 742 0 6 -12851 0 55 0
1732 12 1100 742 -6 24 0 51 51
1733 12 903 742 -6 24 0 51 51
1734 12 1100 742 6 -24 0 51 55
1735 12 1100 742 6 -24 0 51 51
1736 12 742 500 6 -24 0 55 55
1737 12 742 1100 -6 24 0 55 51
1738 12 500 742 6 -24 0 51 51
1739 8 742 0 24 -12851 0 60 0
