1 12 500 742 -6 24 1 51 51
2 12 742 500 6 -24 1 51 51
3 12 500 742 6 -24 1 51 51
4 12 500 742 6 -24 1 51 51
5 12 500 742 6 -24 1 51 51
6 12 500 742 6 -24 1 51 51
7 12 742 500 6 -24 0 51 51
8 12 742 500 -6 24 0 51 51
9 12 742 500 6 -24 0 51 51
10 12 500 742 6 -24 0 51 51
11 12 742 500 -6 24 1 51 51
12 12 500 742 -6 24 1 51 51
13 12 500 742 -6 24 0 51 51
14 12 500 742 -6 24 0 51 51
15 12 500 742 6 -24 1 51 51
16 12 742 500 6 -24 0 51 51
17 12 500 742 -6 24 0 51 51
18 12 500 742 -6 24 0 51 51
19 12 500 742 -6 24 1 51 51
20 12 742 500 -6 24 1 51 51
21 12 500 742 6 -24 1 51 51
22 12 500 742 6 -24 0 51 51
23 12 500 742 6 -24 0 51 51
24 12 742 500 -6 24 1 51 51
25 12 742 500 -6 24 1 51 51
26 12 742 500 -6 24 0 51 51
27 12 500 742 6 -24 1 51 51
28 12 500 742 -6 24 1 51 51
29 12 742 500 -6 24 1 51 51
30 12 742 500 6 -24 1 51 51
31 12 742 500 6 -24 1 51 51
32 12 742 500 -6 24 0 51 51
33 12 500 742 -6 24 1 51 51
34 12 500 742 6 -24 1 51 51
35 12 500 742 6 -24 0 51 51
36 12 500 742 6 -24 1 51 51
37 12 742 500 6 -24 1 51 51
38 12 742 500 6 -24 0 51 51
39 12 500 742 -6 24 0 51 51
40 12 500 742 -6 24 1 51 51
41 12 742 500 -6 24 1 51 51
42 12 500 742 6 -24 0 51 51
43 12 500 742 -6 24 0 51 51
44 12 500 742 -6 24 0 51 51
45 12 500 742 6 -24 1 51 51
46 12 742 500 6 -24 1 51 51
47 12 742 500 -6 24 0 51 51
48 12 500 742 6 -24 0 51 51
49 12 500 742 -6 24 1 51 51
50 12 742 500 -6 24 0 51 51
51 12 500 742 -6 24 0 51 51
52 12 500 742 6 -24 1 51 51
53 12 500 742 6 -24 1 51 51
54 12 500 742 -6 24 0 51 51
55 12 500 742 6 -24 0 51 51
56 12 500 742 6 -24 0 51 51
57 12 500 742 -6 24 0 51 51
58 12 742 500 -6 24 0 51 51
59 12 742 500 -6 24 0 51 51
60 12 500 742 -6 24 0 51 51
61 12 742 500 -6 24 1 51 51
62 12 742 500 -6 24 0 51 51
63 12 500 742 6 -24 0 51 51
64 12 500 742 -6 24 0 51 51
65 12 500 742 6 -24 0 51 51
66 12 742 500 6 -24 1 51 51
67 12 500 742 -6 24 1 51 51
68 12 742 500 -6 24 0 51 51
69 12 742 500 -6 24 1 51 51
70 12 500 742 -6 24 1 51 51
71 12 742 500 6 -24 0 51 51
72 12 500 742 6 -24 0 51 51
73 12 500 742 -6 24 0 51 51
74 12 742 500 -6 24 0 51 51
75 12 742 500 6 -24 0 51 51
76 12 500 742 -6 24 0 51 51
77 12 500 742 -6 24 0 51 51
78 12 742 500 6 -24 0 51 51
79 12 742 500 6 -24 0 51 51
80 12 500 742 6 -24 0 51 51
81 12 742 500 6 -24 0 51 51
82 12 500 742 6 -24 0 51 51
83 12 742 500 -6 24 0 51 51
84 12 500 742 -6 24 0 51 51
85 12 742 500 6 -24 0 51 51
86 12 500 742 -6 24 0 51 51
87 12 742 500 -6 24 0 51 51
88 12 742 500 6 -24 0 51 51
89 12 742 500 6 -24 1 51 51
90 12 500 742 6 -24 1 51 51
91 12 500 742 6 -24 0 51 51
92 12 742 500 -6 24 0 51 51
93 12 500 742 6 -24 0 51 51
94 12 742 500 -6 24 0 51 51
95 12 742 500 6 -24 0 51 51
96 12 500 742 6 -24 0 51 51
97 12 742 500 6 -24 0 51 51
98 12 742 500 -6 24 0 51 51
99 12 742 500 -6 24 0 51 51
100 12 742 500 -6 24 0 51 51
101 12 742 500 6 -24 0 51 51
102 12 500 742 6 -24 0 51 51
103 12 742 500 6 -24 1 51 51
104 12 500 742 6 -24 1 51 51
105 12 500 742 6 -24 0 51 51
106 12 742 500 6 -24 1 51 51
107 12 742 500 6 -24 1 51 51
108 12 742 500 6 -24 1 51 51
109 12 742 500 -6 24 0 51 51
110 12 742 500 -6 24 0 51 51
111 12 500 742 6 -24 1 51 51
112 12 500 742 -6 24 0 51 51
113 12 742 500 -6 24 0 51 51
114 12 500 742 -6 24 0 51 51
115 12 500 742 6 -24 0 51 51
116 12 742 500 -6 24 0 51 51
117 12 742 500 6 -24 0 51 51
118 12 500 742 6 -24 0 51 51
119 12 500 742 6 -24 0 51 51
120 12 742 500 -6 24 0 51 51
121 12 500 742 -6 24 0 51 51
122 12 742 500 6 -24 0 51 51
123 12 742 500 6 -24 1 51 51
124 12 742 500 -6 24 0 51 51
125 12 500 742 -6 24 1 51 51
126 12 500 742 -6 24 1 51 51
127 12 500 742 -6 24 1 51 51
128 12 500 742 6 -24 1 51 51
129 12 500 742 6 -24 1 51 51
130 12 1100 742 6 -24 0 51 51
131 12 742 1100 6 -24 0 51 51
132 12 1100 742 6 -24 0 51 51
133 12 742 1100 6 -24 0 51 51
134 12 742 1100 -6 24 0 51 51
135 12 1100 742 6 -24 0 51 51
136 12 1100 742 6 -24 0 51 51
137 12 742 1100 6 -24 0 51 51
138 12 742 1100 6 -24 0 51 51
139 12 1100 742 -6 24 0 51 51
140 12 1100 742 6 -24 0 51 51
141 12 1100 742 -6 24 0 51 51
142 12 742 1100 6 -24 0 51 51
143 12 742 1100 -6 24 0 51 51
144 12 1100 742 6 -24 0 51 51
145 12 1100 742 -6 24 0 51 51
146 12 1100 742 -6 24 0 51 51
147 12 742 1100 -6 24 0 51 51
148 12 742 1100 6 -24 0 51 51
149 12 1100 742 -6 24 0 51 51
150 12 742 1100 -6 24 0 51 51
151 12 1100 742 -6 24 0 51 51
152 12 742 1100 -6 24 0 51 51
153 12 1100 742 -6 24 0 51 51
154 12 1100 742 -6 24 0 51 51
155 12 1100 742 -6 24 0 51 51
156 12 1100 742 6 -24 0 51 51
157 12 1100 742 6 -24 0 51 51
158 12 1100 742 -6 24 0 51 51
159 12 742 1100 6 -24 0 51 51
160 12 742 1100 -6 24 0 51 51
161 12 742 1100 6 -24 0 51 51
162 12 1100 742 -6 24 0 51 51
163 12 742 1100 6 -24 0 51 51
164 12 1100 742 -6 24 0 51 51
165 12 1100 742 -6 24 0 51 51
166 12 1100 742 -6 24 0 51 51
167 12 742 1100 6 -24 0 51 51
168 12 1100 742 6 -24 0 51 51
169 12 1100 742 6 -24 0 51 51
170 12 742 1100 6 -24 0 51 51
171 12 742 1100 -6 24 0 51 51
172 12 742 1100 -6 24 0 51 51
173 12 742 1100 -6 24 0 51 51
174 12 1100 742 6 -24 0 51 51
175 12 742 1100 6 -24 0 51 51
176 12 742 1100 6 -24 1 51 51
177 12 742 1100 -6 24 0 51 51
178 12 1100 742 -6 24 0 51 51
179 12 1100 742 -6 24 0 51 51
180 12 1100 742 -6 24 0 51 51
181 12 742 1100 6 -24 0 51 51
182 12 1100 742 6 -24 0 51 51
183 12 1100 742 -6 24 0 51 51
184 12 742 1100 -6 24 0 51 51
185 12 742 1100 6 -24 0 51 51
186 12 742 1100 6 -24 0 51 51
187 12 742 1100 6 -24 0 51 51
188 12 742 1100 -6 24 0 51 51
189 12 742 1100 6 -24 0 51 51
190 12 1100 742 -6 24 0 51 51
191 12 742 1100 6 -24 1 51 51
192 12 742 1100 -6 24 0 51 51
193 12 1100 742 6 -24 0 51 51
194 12 1100 742 -6 24 0 51 51
195 12 742 1100 -6 24 0 51 51
196 12 1100 742 -6 24 0 51 51
197 12 742 1100 6 -24 0 51 51
198 12 742 1100 6 -24 1 51 51
199 12 742 1100 -6 24 0 51 51
200 12 742 1100 -6 24 0 51 51
201 12 742 1100 -6 24 0 51 51
202 12 1100 742 6 -24 0 51 51
203 12 742 1100 6 -24 1 51 51
204 12 1100 742 6 -24 0 51 51
205 12 1100 742 -6 24 0 51 51
206 12 742 1100 -6 24 0 51 51
207 12 1100 742 -6 24 0 51 51
208 12 742 1100 6 -24 0 51 51
209 12 1100 742 -6 24 0 51 51
210 12 1100 742 6 -24 0 51 51
211 12 742 1100 6 -24 0 51 51
212 12 1100 742 -6 24 0 51 51
213 12 1100 742 6 -24 0 51 51
214 12 1100 742 -6 24 0 51 51
215 12 1100 742 6 -24 0 51 51
216 12 1100 742 -6 24 0 51 51
217 12 742 1100 -6 24 0 51 51
218 12 1100 742 6 -24 0 51 51
219 12 742 1100 -6 24 0 51 51
220 12 1100 742 -6 24 0 51 51
221 12 1100 742 6 -24 0 51 51
222 12 1100 742 -6 24 0 51 51
223 12 742 1100 -6 24 0 51 51
224 12 742 1100 -6 24 0 51 51
225 12 742 1100 -6 24 0 51 51
226 12 742 1100 6 -24 0 51 51
227 12 742 1100 -6 24 0 51 51
228 12 1100 742 6 -24 0 51 51
229 12 1100 742 6 -24 0 51 51
230 12 1100 742 -6 24 0 51 51
231 12 742 1100 -6 24 0 51 51
232 12 742 1100 6 -24 0 51 51
233 12 742 1100 6 -24 0 51 51
234 12 1100 742 -6 24 0 51 51
235 12 742 1100 6 -24 0 51 51
236 12 1100 742 6 -24 0 51 51
237 12 742 1100 -6 24 0 51 51
238 12 1100 742 -6 24 0 51 51
239 12 742 1100 -6 24 0 51 51
240 12 742 1100 -6 24 0 51 51
241 12 742 1100 6 -24 0 51 51
242 12 1100 742 -6 24 0 51 51
243 12 1100 742 6 -24 0 51 51
244 12 1100 742 6 -24 0 51 51
245 12 1100 742 -6 24 0 51 51
246 12 742 1100 -6 24 0 51 51
247 12 742 1100 -6 24 0 51 51
248 12 1100 742 6 -24 0 51 51
249 12 1100 742 6 -24 0 51 51
250 12 1100 742 -6 24 0 51 51
251 12 1100 742 -6 24 0 51 51
252 12 1100 742 6 -24 0 51 51
253 12 1100 742 6 -24 0 51 51
254 12 1100 742 6 -24 0 51 51
255 12 1100 742 6 -24 0 51 51
256 12 1100 742 -6 24 0 51 51
257 12 1100 742 -6 24 0 51 51
258 12 742 1100 -6 24 0 51 51
259 12 742 1100 6 -24 0 51 51
260 12 1100 742 -6 24 0 51 51
261 12 1100 742 6 -24 0 51 51
262 12 1100 742 6 -24 0 51 51
263 12 1100 742 6 -24 0 51 51
264 12 742 1100 -6 24 0 51 51
265 12 1100 742 6 -24 0 51 51
266 12 742 1100 6 -24 0 51 51
267 12 742 1100 -6 24 0 51 51
268 12 742 1100 -6 24 0 51 51
269 12 742 1100 -6 24 0 51 51
270 12 1100 742 -6 24 0 51 51
271 12 742 1100 -6 24 0 51 51
272 12 742 1100 6 -24 0 51 51
273 12 1100 742 6 -24 0 51 51
274 12 742 1100 6 -24 0 51 51
275 12 1100 742 6 -24 0 51 51
276 12 742 1100 -6 24 0 51 51
277 12 742 1100 6 -24 0 51 51
278 12 742 1100 -6 24 0 51 51
279 12 1100 742 6 -24 0 51 51
280 12 742 1100 -6 24 0 51 51
281 12 1100 742 6 -24 0 51 51
282 12 1100 742 -6 24 0 51 51
283 12 742 1100 -6 24 0 51 51
284 12 1100 742 6 -24 0 51 51
285 12 1100 742 -6 24 0 51 51
286 12 1100 742 6 -24 0 51 51
287 12 742 1100 6 -24 0 51 51
288 12 1100 742 -6 24 0 51 51
289 12 742 1100 6 -24 0 51 51
290 12 742 1100 -6 24 0 51 51
291 12 1100 742 -6 24 0 51 51
292 12 1100 742 6 -24 0 51 51
293 12 1100 742 -6 24 0 51 51
294 12 1100 742 6 -24 0 51 51
295 12 742 1100 -6 24 0 51 51
296 12 1100 742 6 -24 0 51 51
297 12 742 1100 -6 24 0 51 51
298 12 742 1100 6 -24 0 51 51
299 12 1100 742 -6 24 0 51 51
300 12 1100 742 6 -24 0 51 51
301 12 903 609 6 -24 0 51 51
302 12 609 903 -6 24 0 51 51
303 12 903 609 -6 24 0 51 51
304 12 903 609 6 -24 0 51 51
305 12 903 609 -6 24 0 51 51
306 12 903 609 6 -24 0 51 51
307 12 609 903 -6 24 0 51 51
308 12 903 609 -6 24 0 51 51
309 12 903 609 -6 24 0 51 51
310 12 609 903 -6 24 0 51 51
311 12 609 903 -6 24 0 51 51
312 12 903 609 6 -24 1 51 51
313 12 903 609 -6 24 0 51 51
314 12 609 903 -6 24 0 51 51
315 12 609 903 6 -24 0 51 51
316 12 903 609 -6 24 0 51 51
317 12 609 903 -6 24 0 51 51
318 12 609 903 6 -24 0 51 51
319 12 609 903 6 -24 0 51 51
320 12 609 903 6 -24 0 51 51
321 12 903 609 -6 24 0 51 51
322 12 903 609 6 -24 0 51 51
323 12 903 609 6 -24 0 51 51
324 12 609 903 6 -24 0 51 51
325 12 903 609 -6 24 0 51 51
326 12 903 609 -6 24 0 51 51
327 12 609 903 6 -24 0 51 51
328 12 903 609 6 -24 0 51 51
329 12 903 609 -6 24 0 51 51
330 12 903 609 6 -24 0 51 51
331 12 609 903 6 -24 0 51 51
332 12 609 903 -6 24 0 51 51
333 12 609 903 6 -24 1 51 51
334 12 609 903 -6 24 0 51 51
335 12 903 609 -6 24 0 51 51
336 12 903 609 -6 24 0 51 51
337 12 609 903 6 -24 0 51 51
338 12 903 609 -6 24 0 51 51
339 12 903 609 6 -24 0 51 51
340 12 903 609 -6 24 0 51 51
341 12 609 903 -6 24 0 51 51
342 12 903 609 -6 24 0 51 51
343 12 903 609 -6 24 0 51 51
344 12 609 903 6 -24 0 51 51
345 12 903 609 6 -24 0 51 51
346 12 609 903 6 -24 0 51 51
347 12 903 609 6 -24 0 51 51
348 12 903 609 6 -24 0 51 51
349 12 903 609 6 -24 0 51 51
350 12 609 903 6 -24 0 51 51
351 12 609 903 6 -24 0 51 51
352 12 903 609 6 -24 0 51 51
353 12 903 609 -6 24 0 51 51
354 12 609 903 6 -24 0 51 51
355 12 609 903 -6 24 0 51 51
356 12 609 903 6 -24 0 51 51
357 12 903 609 -6 24 0 51 51
358 12 609 903 6 -24 0 51 51
359 12 903 609 -6 24 0 51 51
360 12 903 609 6 -24 0 51 51
361 12 903 609 6 -24 0 51 51
362 12 609 903 6 -24 0 51 51
363 12 609 903 -6 24 0 51 51
364 12 903 609 -6 24 0 51 51
365 12 903 609 6 -24 0 51 51
366 12 903 609 -6 24 0 51 51
367 12 609 903 -6 24 0 51 51
368 12 609 903 -6 24 0 51 51
369 12 903 609 -6 24 0 51 51
370 12 609 903 6 -24 1 51 51
371 12 903 609 -6 24 0 51 51
372 12 903 609 6 -24 1 51 51
373 12 609 903 6 -24 0 51 51
374 12 903 609 6 -24 0 51 51
375 12 903 609 -6 24 0 51 51
376 12 903 609 -6 24 0 51 51
377 12 903 609 -6 24 0 51 51
378 12 903 609 -6 24 0 51 51
379 12 609 903 -6 24 0 51 51
380 12 609 903 6 -24 0 51 51
381 12 903 609 -6 24 0 51 51
382 12 609 903 -6 24 0 51 51
383 12 903 609 6 -24 0 51 51
384 12 903 609 -6 24 0 51 51
385 12 903 609 6 -24 0 51 51
386 12 903 609 6 -24 0 51 51
387 12 609 903 -6 24 0 51 51
388 12 903 609 6 -24 0 51 51
389 12 903 609 6 -24 0 51 51
390 12 609 903 -6 24 0 51 51
391 12 903 609 -6 24 0 51 51
392 12 609 903 6 -24 0 51 51
393 12 903 609 6 -24 0 51 51
394 12 609 903 -6 24 0 51 51
395 12 903 609 -6 24 0 51 51
396 12 609 903 6 -24 0 51 51
397 12 609 903 6 -24 1 51 51
398 12 609 903 -6 24 0 51 51
399 12 609 903 6 -24 0 51 51
400 12 609 903 6 -24 0 51 51
401 12 609 903 6 -24 0 51 51
402 12 609 903 6 -24 0 51 51
403 12 903 609 6 -24 0 51 51
404 12 903 609 6 -24 0 51 51
405 12 903 609 6 -24 0 51 51
406 12 609 903 -6 24 0 51 51
407 12 609 903 6 -24 0 51 51
408 12 903 609 -6 24 0 51 51
409 12 609 903 6 -24 0 51 51
410 12 903 609 6 -24 0 51 51
411 12 609 903 6 -24 0 51 51
412 12 609 903 6 -24 0 51 51
413 12 609 903 -6 24 0 51 51
414 12 609 903 -6 24 0 51 51
415 12 903 609 6 -24 0 51 51
416 12 903 609 -6 24 0 51 51
417 12 903 609 6 -24 0 51 51
418 12 903 609 -6 24 0 51 51
419 12 903 609 -6 24 0 51 51
420 12 609 903 6 -24 1 51 51
421 12 609 903 -6 24 0 51 51
422 12 609 903 6 -24 0 51 51
423 12 903 609 6 -24 0 51 51
424 12 903 609 6 -24 0 51 51
425 12 609 903 6 -24 0 51 51
426 12 609 903 6 -24 0 51 51
427 12 609 903 -6 24 0 51 51
428 12 903 609 6 -24 0 51 51
429 12 609 903 -6 24 0 51 51
430 12 609 903 6 -24 0 51 51
431 12 903 609 -6 24 0 51 51
432 12 609 903 6 -24 0 51 51
433 12 609 903 -6 24 0 51 51
434 12 903 609 -6 24 0 51 51
435 12 903 609 -6 24 0 51 51
436 12 903 609 6 -24 0 51 51
437 12 903 609 6 -24 0 51 51
438 12 903 609 -6 24 0 51 51
439 12 609 903 6 -24 0 51 51
440 12 609 903 -6 24 0 51 51
441 12 903 609 6 -24 0 51 51
442 12 903 609 -6 24 1 51 51
443 12 903 609 6 -24 0 51 51
444 12 903 609 6 -24 0 51 51
445 12 609 903 -6 24 0 51 51
446 12 609 903 6 -24 0 51 51
447 12 609 903 -6 24 0 51 51
448 12 609 903 6 -24 0 51 51
449 12 903 609 6 -24 0 51 51
450 12 609 903 -6 24 0 51 51
451 12 609 903 -6 24 0 51 51
452 12 903 609 -6 24 0 51 51
453 12 903 609 -6 24 0 51 51
454 12 903 609 6 -24 0 51 51
455 12 903 609 6 -24 0 51 51
456 12 609 903 -6 24 0 51 51
457 12 609 903 6 -24 0 51 51
458 12 609 903 6 -24 0 51 51
459 12 609 903 -6 24 0 51 51
460 12 609 903 -6 24 0 51 51
461 12 903 609 -6 24 0 51 51
462 12 609 903 6 -24 0 51 51
463 12 903 609 6 -24 0 51 51
464 12 609 903 -6 24 0 51 51
465 12 609 903 6 -24 0 51 51
466 12 609 903 -6 24 0 51 51
467 12 903 609 -6 24 0 51 51
468 12 903 609 -6 24 0 51 51
469 12 903 609 6 -24 0 51 51
470 12 609 903 -6 24 0 51 51
471 12 609 903 -6 24 0 51 51
472 12 609 903 6 -24 0 51 51
473 12 609 903 6 -24 0 51 51
474 12 609 903 -6 24 0 51 51
475 12 903 609 6 -24 0 51 51
476 12 903 609 -6 24 0 51 51
477 12 903 609 6 -24 0 51 51
478 12 903 609 -6 24 0 51 51
479 12 609 903 -6 24 0 51 51
480 12 903 609 -6 24 0 51 51
481 12 903 609 -6 24 0 51 51
482 12 609 903 -6 24 0 51 51
483 12 903 609 -6 24 0 51 51
484 12 609 903 6 -24 0 51 51
485 12 609 903 -6 24 0 51 51
486 12 609 903 6 -24 0 51 51
487 12 903 609 -6 24 0 51 51
488 12 903 609 6 -24 0 51 51
489 12 903 609 6 -24 0 51 51
490 12 609 903 -6 24 0 51 51
491 12 609 903 6 -24 0 51 51
492 12 609 903 -6 24 0 51 51
493 12 903 609 6 -24 0 51 51
494 12 609 903 -6 24 0 51 51
495 12 903 609 -6 24 0 51 51
496 12 609 903 6 -24 0 51 51
497 12 903 609 -6 24 0 51 51
498 12 903 609 6 -24 0 51 51
499 12 903 609 -6 24 0 51 51
500 12 903 609 -6 24 0 51 51
501 12 903 609 -6 24 0 51 51
502 12 609 903 6 -24 0 51 51
503 12 609 903 -6 24 0 51 51
504 12 903 609 6 -24 0 51 51
505 12 609 903 6 -24 0 51 51
506 12 609 903 -6 24 0 51 51
507 12 903 609 6 -24 0 51 51
508 12 609 903 6 -24 0 51 51
509 12 903 609 6 -24 0 51 51
510 12 903 609 -6 24 0 51 51
511 12 903 609 6 -24 0 51 51
512 12 609 903 6 -24 0 51 51
513 12 903 609 -6 24 0 51 51
514 12 903 609 6 -24 0 51 51
515 12 903 609 -6 24 0 51 51
516 12 609 903 -6 24 0 51 51
517 12 903 609 -6 24 0 51 51
518 12 903 609 -6 24 0 51 51
519 12 903 609 -6 24 0 51 51
520 12 903 609 -6 24 0 51 51
521 12 903 609 -6 24 0 51 51
522 12 903 609 -6 24 0 51 51
523 12 609 903 -6 24 0 51 51
524 12 903 609 -6 24 0 51 51
525 12 903 609 -6 24 0 51 51
526 12 903 609 -6 24 0 51 51
527 12 903 609 -6 24 0 51 51
528 12 903 609 6 -24 0 51 51
529 12 903 609 6 -24 0 51 51
530 12 903 609 -6 24 0 51 51
531 12 903 609 6 -24 0 51 51
532 12 609 903 6 -24 0 51 51
533 12 903 609 6 -24 0 51 51
534 12 903 609 6 -24 0 51 51
535 12 903 609 6 -24 0 51 51
536 12 609 903 6 -24 0 51 51
537 12 609 903 -6 24 0 51 51
538 12 609 903 -6 24 0 51 51
539 12 609 903 6 -24 0 51 51
540 12 609 903 6 -24 0 51 51
541 12 609 903 -6 24 0 51 51
542 12 609 903 -6 24 0 51 51
543 12 609 903 6 -24 0 51 51
544 12 903 609 6 -24 0 51 51
545 12 609 903 -6 24 0 51 51
546 12 609 903 6 -24 0 51 51
547 12 609 903 6 -24 0 51 51
548 12 903 609 6 -24 0 51 51
549 12 609 903 6 -24 0 51 51
550 12 609 903 6 -24 0 51 51
551 12 609 903 6 -24 0 51 51
552 12 609 903 6 -24 0 51 51
553 12 609 903 -6 24 0 51 51
554 12 903 609 -6 24 0 51 51
555 12 609 903 -6 24 0 51 51
556 12 903 609 6 -24 0 51 51
557 12 903 609 -6 24 0 51 51
558 12 609 903 6 -24 0 51 51
559 12 903 609 -6 24 0 51 51
560 12 609 903 6 -24 0 51 51
561 12 903 609 -6 24 0 51 51
562 12 609 903 6 -24 0 51 51
563 12 609 903 6 -24 0 51 51
564 12 903 609 -6 24 0 51 51
565 12 609 903 -6 24 0 51 51
566 12 903 609 6 -24 0 51 51
567 12 609 903 -6 24 0 51 51
568 12 903 609 -6 24 0 51 51
569 12 903 609 -6 24 0 51 51
570 12 609 903 -6 24 0 51 51
571 12 609 903 6 -24 0 51 51
572 12 903 609 -6 24 0 51 51
573 12 903 609 -6 24 0 51 51
574 12 903 609 6 -24 0 51 51
575 12 903 609 -6 24 0 51 51
576 8 742 0 18 -12851 0 55 0
577 8 742 0 -12 -12851 0 55 0
578 8 500 0 18 -12851 1 55 0
579 8 742 0 -24 -12851 0 55 0
580 8 500 0 12 -12851 1 55 0
581 8 500 0 -24 -12851 0 55 0
582 8 500 0 24 -12851 0 55 0
583 8 742 0 24 -12851 0 55 0
584 8 742 0 0 -12851 1 55 0
585 8 500 0 6 -12851 1 55 0
586 8 742 0 6 -12851 1 55 0
587 8 742 0 -12 -12851 0 55 0
588 8 742 0 -6 -12851 1 55 0
589 8 742 0 -6 -12851 0 55 0
590 8 500 0 0 -12851 1 55 0
591 8 500 0 12 -12851 1 55 0
592 8 500 0 -18 -12851 0 55 0
593 8 500 0 -18 -12851 1 55 0
594 8 500 0 -6 -12851 1 55 0
595 8 500 0 -6 -12851 1 55 0
596 8 742 0 -18 -12851 1 55 0
597 8 500 0 0 -12851 1 55 0
598 8 500 0 18 -12851 1 55 0
599 8 742 0 18 -12851 0 55 0
600 8 500 0 0 -12851 1 55 0
601 8 500 0 6 -12851 1 55 0
602 8 742 0 24 -12851 0 55 0
603 8 742 0 -24 -12851 0 55 0
604 8 742 0 -6 -12851 0 55 0
605 8 500 0 24 -12851 1 55 0
606 8 500 0 -18 -12851 0 55 0
607 8 742 0 12 -12851 1 55 0
608 8 742 0 6 -12851 1 55 0
609 8 742 0 12 -12851 1 55 0
610 8 742 0 -24 -12851 0 55 0
611 8 500 0 -12 -12851 0 55 0
612 8 500 0 -12 -12851 1 55 0
613 8 742 0 6 -12851 1 55 0
614 8 500 0 6 -12851 1 55 0
615 8 500 0 24 -12851 1 55 0
616 8 500 0 -24 -12851 1 55 0
617 8 500 0 0 -12851 1 55 0
618 8 742 0 12 -12851 1 55 0
619 8 500 0 -18 -12851 1 55 0
620 8 742 0 12 -12851 1 55 0
621 8 500 0 18 -12851 0 55 0
622 8 500 0 18 -12851 1 55 0
623 8 742 0 6 -12851 0 55 0
624 8 500 0 -18 -12851 1 55 0
625 8 742 0 -12 -12851 1 55 0
626 8 742 0 -6 -12851 1 55 0
627 8 500 0 -6 -12851 1 55 0
628 8 500 0 -12 -12851 0 55 0
629 8 500 0 -24 -12851 1 55 0
630 8 500 0 24 -12851 1 55 0
631 8 742 0 0 -12851 1 55 0
632 8 742 0 24 -12851 0 55 0
633 8 500 0 24 -12851 0 55 0
634 8 742 0 -18 -12851 0 55 0
635 8 742 0 -12 -12851 0 55 0
636 8 500 0 12 -12851 1 55 0
637 8 742 0 -12 -12851 0 55 0
638 8 500 0 12 -12851 1 55 0
639 8 500 0 -24 -12851 1 55 0
640 8 742 0 6 -12851 1 55 0
641 8 500 0 6 -12851 0 55 0
642 8 500 0 -18 -12851 1 55 0
643 8 742 0 24 -12851 0 55 0
644 8 500 0 -24 -12851 1 55 0
645 8 500 0 18 -12851 0 55 0
646 8 742 0 -6 -12851 1 55 0
647 8 742 0 -6 -12851 0 55 0
648 8 742 0 18 -12851 1 55 0
649 8 500 0 0 -12851 1 55 0
650 8 500 0 0 -12851 1 55 0
651 8 742 0 12 -12851 1 55 0
652 8 500 0 12 -12851 1 55 0
653 8 500 0 0 -12851 1 55 0
654 8 742 0 -18 -12851 1 55 0
655 8 500 0 24 -12851 1 55 0
656 8 742 0 -6 -12851 1 55 0
657 8 500 0 -18 -12851 0 55 0
658 8 742 0 18 -12851 1 55 0
659 8 742 0 0 -12851 1 55 0
660 8 742 0 6 -12851 1 55 0
661 8 742 0 6 -12851 1 55 0
662 8 500 0 18 -12851 1 55 0
663 8 742 0 -12 -12851 0 55 0
664 8 500 0 12 -12851 1 55 0
665 8 742 0 -12 -12851 1 55 0
666 8 500 0 24 -12851 1 55 0
667 8 742 0 -24 -12851 0 55 0
668 8 742 0 -24 -12851 0 55 0
669 8 500 0 -6 -12851 1 55 0
670 8 500 0 24 -12851 0 55 0
671 8 742 0 24 -12851 1 55 0
672 8 742 0 -18 -12851 1 55 0
673 8 500 0 -6 -12851 1 55 0
674 8 742 0 24 -12851 0 55 0
675 8 742 0 0 -12851 1 55 0
676 8 500 0 -24 -12851 1 55 0
677 8 500 0 -12 -12851 0 55 0
678 8 742 0 -12 -12851 0 55 0
679 8 742 0 12 -12851 1 55 0
680 8 500 0 18 -12851 1 55 0
681 8 500 0 12 -12851 1 55 0
682 8 500 0 -18 -12851 1 55 0
683 8 500 0 6 -12851 1 55 0
684 8 500 0 0 -12851 1 55 0
685 8 742 0 18 -12851 1 55 0
686 8 742 0 6 -12851 1 55 0
687 8 742 0 -6 -12851 0 55 0
688 8 742 0 -24 -12851 0 55 0
689 8 742 0 24 -12851 0 55 0
690 8 500 0 24 -12851 0 55 0
691 8 500 0 12 -12851 1 55 0
692 8 500 0 6 -12851 1 55 0
693 8 500 0 6 -12851 1 55 0
694 8 500 0 -24 -12851 0 55 0
695 8 500 0 18 -12851 0 55 0
696 8 500 0 -6 -12851 1 55 0
697 8 742 0 18 -12851 0 55 0
698 8 742 0 -24 -12851 0 55 0
699 8 500 0 24 -12851 0 55 0
700 8 742 0 12 -12851 0 55 0
701 8 500 0 -18 -12851 1 55 0
702 8 742 0 -12 -12851 0 55 0
703 8 742 0 -18 -12851 1 55 0
704 8 500 0 -12 -12851 0 55 0
705 8 500 0 0 -12851 0 55 0
706 8 500 0 0 -12851 0 55 0
707 8 742 0 -6 -12851 1 55 0
708 8 500 0 0 -12851 0 55 0
709 8 742 0 0 -12851 0 55 0
710 8 742 0 -12 -12851 0 55 0
711 8 742 0 6 -12851 1 55 0
712 8 742 0 -18 -12851 1 55 0
713 8 500 0 -6 -12851 1 55 0
714 8 500 0 6 -12851 0 55 0
715 8 500 0 12 -12851 1 55 0
716 8 500 0 24 -12851 1 55 0
717 8 742 0 24 -12851 0 55 0
718 8 500 0 0 -12851 1 55 0
719 8 742 0 -18 -12851 1 55 0
720 8 500 0 18 -12851 1 55 0
721 8 742 0 -24 -12851 0 55 0
722 8 742 0 18 -12851 1 55 0
723 8 742 0 -12 -12851 0 55 0
724 8 500 0 12 -12851 1 55 0
725 8 500 0 -6 -12851 1 55 0
726 8 500 0 -24 -12851 0 55 0
727 8 500 0 12 -12851 1 55 0
728 8 500 0 12 -12851 1 55 0
729 8 742 0 -12 -12851 1 55 0
730 8 742 0 -24 -12851 0 55 0
731 8 742 0 12 -12851 1 55 0
732 8 500 0 -6 -12851 1 55 0
733 8 500 0 0 -12851 1 55 0
734 8 742 0 -24 -12851 0 55 0
735 8 500 0 18 -12851 0 55 0
736 8 742 0 -12 -12851 0 55 0
737 8 742 0 -6 -12851 0 55 0
738 8 742 0 18 -12851 0 55 0
739 8 742 0 24 -12851 0 55 0
740 8 500 0 6 -12851 0 55 0
741 8 500 0 24 -12851 0 55 0
742 8 500 0 0 -12851 0 55 0
743 8 1100 0 -18 -12851 0 55 0
744 8 742 0 6 -12851 0 55 0
745 8 742 0 -18 -12851 0 55 0
746 8 1100 0 24 -12851 0 55 0
747 8 742 0 24 -12851 0 55 0
748 8 742 0 -18 -12851 0 55 0
749 8 742 0 -18 -12851 0 55 0
750 8 742 0 6 -12851 0 55 0
751 8 742 0 -6 -12851 0 55 0
752 8 742 0 24 -12851 0 55 0
753 8 1100 0 18 -12851 0 55 0
754 8 1100 0 -6 -12851 0 55 0
755 8 742 0 -24 -12851 0 55 0
756 8 742 0 6 -12851 0 55 0
757 8 1100 0 -24 -12851 0 55 0
758 8 1100 0 18 -12851 0 55 0
759 8 1100 0 -12 -12851 0 55 0
760 8 1100 0 -12 -12851 0 55 0
761 8 1100 0 0 -12851 0 55 0
762 8 1100 0 0 -12851 0 55 0
763 8 1100 0 12 -12851 0 55 0
764 8 1100 0 12 -12851 0 55 0
765 8 742 0 12 -12851 0 55 0
766 8 742 0 12 -12851 0 55 0
767 8 742 0 12 -12851 0 55 0
768 8 1100 0 -12 -12851 0 55 0
769 8 742 0 24 -12851 0 55 0
770 8 742 0 -24 -12851 0 55 0
771 8 742 0 -18 -12851 0 55 0
772 8 742 0 0 -12851 0 55 0
773 8 1100 0 -6 -12851 0 55 0
774 8 742 0 -12 -12851 0 55 0
775 8 742 0 18 -12851 0 55 0
776 8 742 0 0 -12851 0 55 0
777 8 742 0 6 -12851 0 55 0
778 8 1100 0 24 -12851 0 55 0
779 8 1100 0 -18 -12851 0 55 0
780 8 1100 0 -6 -12851 0 55 0
781 8 1100 0 18 -12851 0 55 0
782 8 1100 0 -24 -12851 0 55 0
783 8 1100 0 6 -12851 0 55 0
784 8 1100 0 18 -12851 0 55 0
785 8 742 0 18 -12851 0 55 0
786 8 742 0 -12 -12851 0 55 0
787 8 742 0 18 -12851 0 55 0
788 8 742 0 -24 -12851 0 55 0
789 8 742 0 12 -12851 0 55 0
790 8 1100 0 -24 -12851 0 55 0
791 8 1100 0 24 -12851 0 55 0
792 8 1100 0 24 -12851 0 55 0
793 8 742 0 0 -12851 0 55 0
794 8 742 0 6 -12851 0 55 0
795 8 1100 0 6 -12851 0 55 0
796 8 742 0 -12 -12851 0 55 0
797 8 1100 0 -6 -12851 0 55 0
798 8 742 0 -6 -12851 0 55 0
799 8 1100 0 0 -12851 0 55 0
800 8 742 0 12 -12851 0 55 0
801 8 742 0 -18 -12851 0 55 0
802 8 1100 0 -18 -12851 0 55 0
803 8 1100 0 6 -12851 0 55 0
804 8 742 0 6 -12851 0 55 0
805 8 742 0 18 -12851 0 55 0
806 8 742 0 24 -12851 0 55 0
807 8 1100 0 12 -12851 0 55 0
808 8 742 0 -12 -12851 0 55 0
809 8 1100 0 18 -12851 0 55 0
810 8 742 0 12 -12851 0 55 0
811 8 1100 0 6 -12851 0 55 0
812 8 742 0 0 -12851 0 55 0
813 8 1100 0 0 -12851 0 55 0
814 8 1100 0 24 -12851 0 55 0
815 8 1100 0 -18 -12851 0 55 0
816 8 1100 0 -12 -12851 0 55 0
817 8 1100 0 -6 -12851 0 55 0
818 8 742 0 -24 -12851 0 55 0
819 8 742 0 -18 -12851 0 55 0
820 8 742 0 -6 -12851 0 55 0
821 8 1100 0 -24 -12851 0 55 0
822 8 742 0 -18 -12851 0 55 0
823 8 742 0 -18 -12851 0 55 0
824 8 1100 0 12 -12851 0 55 0
825 8 1100 0 -6 -12851 0 55 0
826 8 742 0 18 -12851 0 55 0
827 8 742 0 18 -12851 0 55 0
828 8 742 0 -12 -12851 0 55 0
829 8 742 0 -24 -12851 0 55 0
830 8 742 0 12 -12851 0 55 0
831 8 742 0 0 -12851 0 55 0
832 8 1100 0 -12 -12851 0 55 0
833 8 1100 0 -24 -12851 0 55 0
834 8 1100 0 0 -12851 0 55 0
835 8 1100 0 6 -12851 0 55 0
836 8 1100 0 24 -12851 0 55 0
837 8 1100 0 -18 -12851 0 55 0
838 8 1100 0 6 -12851 0 55 0
839 8 1100 0 24 -12851 0 55 0
840 8 1100 0 -6 -12851 0 55 0
841 8 1100 0 -24 -12851 0 55 0
842 8 1100 0 -24 -12851 0 55 0
843 8 742 0 -18 -12851 0 55 0
844 8 742 0 -18 -12851 0 55 0
845 8 742 0 -12 -12851 0 55 0
846 8 742 0 -24 -12851 0 55 0
847 8 742 0 -6 -12851 0 55 0
848 8 1100 0 18 -12851 0 55 0
849 8 1100 0 -12 -12851 0 55 0
850 8 1100 0 -6 -12851 0 55 0
851 8 1100 0 18 -12851 0 55 0
852 8 742 0 24 -12851 0 55 0
853 8 1100 0 6 -12851 0 55 0
854 8 1100 0 12 -12851 0 55 0
855 8 742 0 0 -12851 0 55 0
856 8 742 0 12 -12851 0 55 0
857 8 742 0 0 -12851 0 55 0
858 8 742 0 6 -12851 0 55 0
859 8 742 0 24 -12851 0 55 0
860 8 742 0 -24 -12851 0 55 0
861 8 742 0 -24 -12851 0 55 0
862 8 1100 0 -12 -12851 0 55 0
863 8 742 0 12 -12851 0 55 0
864 8 1100 0 6 -12851 0 55 0
865 8 742 0 6 -12851 0 55 0
866 8 1100 0 -18 -12851 0 55 0
867 8 742 0 -18 -12851 0 55 0
868 8 1100 0 24 -12851 0 55 0
869 8 1100 0 -12 -12851 0 55 0
870 8 742 0 -24 -12851 0 55 0
871 8 742 0 0 -12851 0 55 0
872 8 1100 0 -6 -12851 0 55 0
873 8 1100 0 -6 -12851 0 55 0
874 8 742 0 24 -12851 0 55 0
875 8 742 0 0 -12851 0 55 0
876 8 1100 0 18 -12851 0 55 0
877 8 1100 0 12 -12851 0 55 0
878 8 742 0 18 -12851 0 55 0
879 8 1100 0 18 -12851 0 55 0
880 8 742 0 18 -12851 0 55 0
881 8 742 0 -18 -12851 0 55 0
882 8 742 0 12 -12851 0 55 0
883 8 1100 0 -6 -12851 0 55 0
884 8 742 0 -6 -12851 0 55 0
885 8 1100 0 -24 -12851 0 55 0
886 8 1100 0 12 -12851 0 55 0
887 8 742 0 0 -12851 0 55 0
888 8 742 0 0 -12851 0 55 0
889 8 742 0 -12 -12851 0 55 0
890 8 1100 0 -18 -12851 0 55 0
891 8 1100 0 -12 -12851 0 55 0
892 8 742 0 18 -12851 0 55 0
893 8 742 0 -24 -12851 0 55 0
894 8 1100 0 24 -12851 0 55 0
895 8 1100 0 24 -12851 0 55 0
896 8 1100 0 6 -12851 0 55 0
897 8 1100 0 6 -12851 0 55 0
898 8 742 0 12 -12851 0 55 0
899 8 1100 0 12 -12851 0 55 0
900 8 742 0 -12 -12851 0 55 0
901 8 742 0 18 -12851 0 55 0
902 8 742 0 24 -12851 0 55 0
903 8 742 0 -6 -12851 0 55 0
904 8 742 0 -6 -12851 0 55 0
905 8 1100 0 -24 -12851 0 55 0
906 8 1100 0 -24 -12851 0 55 0
907 8 742 0 0 -12851 0 55 0
908 8 1100 0 6 -12851 0 55 0
909 8 1100 0 -18 -12851 0 55 0
910 8 1100 0 12 -12851 0 55 0
911 8 742 0 18 -12851 0 55 0
912 8 742 0 0 -12851 0 55 0
913 8 742 0 -12 -12851 0 55 0
914 8 1100 0 6 -12851 0 55 0
915 8 1100 0 24 -12851 0 55 0
916 8 742 0 -18 -12851 0 55 0
917 8 742 0 -24 -12851 0 55 0
918 8 1100 0 -24 -12851 0 55 0
919 8 742 0 12 -12851 0 55 0
920 8 1100 0 -12 -12851 0 55 0
921 8 742 0 -18 -12851 0 55 0
922 8 742 0 0 -12851 0 55 0
923 8 1100 0 -18 -12851 0 55 0
924 8 1100 0 -6 -12851 0 55 0
925 8 1100 0 0 -12851 0 55 0
926 8 1100 0 6 -12851 0 55 0
927 8 1100 0 24 -12851 0 55 0
928 8 742 0 24 -12851 0 55 0
929 8 742 0 -12 -12851 0 55 0
930 8 742 0 -24 -12851 0 55 0
931 8 1100 0 12 -12851 0 55 0
932 8 1100 0 6 -12851 0 55 0
933 8 742 0 18 -12851 0 55 0
934 8 1100 0 18 -12851 0 55 0
935 8 742 0 -6 -12851 0 55 0
936 8 1100 0 0 -12851 0 55 0
937 8 1100 0 0 -12851 0 55 0
938 8 1100 0 0 -12851 0 55 0
939 8 1100 0 6 -12851 0 55 0
940 8 742 0 18 -12851 0 55 0
941 8 742 0 -24 -12851 0 55 0
942 8 1100 0 6 -12851 0 55 0
943 8 742 0 -18 -12851 0 55 0
944 8 742 0 -12 -12851 0 55 0
945 8 1100 0 -12 -12851 0 55 0
946 8 742 0 -24 -12851 0 55 0
947 8 742 0 18 -12851 0 55 0
948 8 742 0 -18 -12851 0 55 0
949 8 742 0 -6 -12851 0 55 0
950 8 742 0 24 -12851 0 55 0
951 8 742 0 -6 -12851 0 55 0
952 8 1100 0 12 -12851 0 55 0
953 8 1100 0 24 -12851 0 55 0
954 8 742 0 12 -12851 0 55 0
955 8 1100 0 24 -12851 0 55 0
956 8 1100 0 24 -12851 0 55 0
957 8 1100 0 -18 -12851 0 55 0
958 8 742 0 -12 -12851 0 55 0
959 8 742 0 12 -12851 0 55 0
960 8 1100 0 -12 -12851 0 55 0
961 8 742 0 12 -12851 0 55 0
962 8 742 0 -24 -12851 0 55 0
963 8 742 0 6 -12851 0 55 0
964 8 1100 0 6 -12851 0 55 0
965 8 742 0 -18 -12851 0 55 0
966 8 1100 0 24 -12851 0 55 0
967 8 1100 0 -24 -12851 0 55 0
968 8 1100 0 18 -12851 0 55 0
969 8 742 0 -6 -12851 0 55 0
970 8 742 0 -6 -12851 0 55 0
971 8 1100 0 18 -12851 0 55 0
972 8 1100 0 0 -12851 0 55 0
973 8 1100 0 0 -12851 0 55 0
974 8 1100 0 24 -12851 0 55 0
975 8 742 0 24 -12851 0 55 0
976 8 742 0 -18 -12851 0 55 0
977 8 742 0 -12 -12851 0 55 0
978 8 1100 0 12 -12851 0 55 0
979 8 742 0 -12 -12851 0 55 0
980 8 1100 0 12 -12851 0 55 0
981 8 1100 0 -24 -12851 0 55 0
982 8 742 0 6 -12851 0 55 0
983 8 1100 0 6 -12851 0 55 0
984 8 1100 0 -18 -12851 0 55 0
985 8 742 0 24 -12851 0 55 0
986 8 1100 0 -24 -12851 0 55 0
987 8 742 0 18 -12851 0 55 0
988 8 1100 0 -6 -12851 0 55 0
989 8 742 0 -6 -12851 0 55 0
990 8 742 0 18 -12851 0 55 0
991 8 742 0 0 -12851 0 55 0
992 8 742 0 0 -12851 0 55 0
993 8 742 0 -18 -12851 0 55 0
994 8 1100 0 -18 -12851 0 55 0
995 8 1100 0 6 -12851 0 55 0
996 8 1100 0 6 -12851 0 55 0
997 8 742 0 -18 -12851 0 55 0
998 8 903 0 0 -12851 0 55 0
999 8 903 0 -24 -12851 0 55 0
1000 8 609 0 0 -12851 0 55 0
1001 8 903 0 -12 -12851 0 55 0
1002 8 903 0 -12 -12851 0 55 0
1003 8 609 0 -24 -12851 0 55 0
1004 8 609 0 18 -12851 0 55 0
1005 8 609 0 18 -12851 0 55 0
1006 8 609 0 -6 -12851 0 55 0
1007 8 609 0 24 -12851 0 55 0
1008 8 903 0 12 -12851 0 55 0
1009 8 609 0 24 -12851 0 55 0
1010 8 903 0 -6 -12851 0 55 0
1011 8 609 0 12 -12851 0 55 0
1012 8 903 0 -24 -12851 0 55 0
1013 8 609 0 -24 -12851 0 55 0
1014 8 609 0 12 -12851 0 55 0
1015 8 903 0 -12 -12851 0 55 0
1016 8 903 0 -18 -12851 0 55 0
1017 8 609 0 0 -12851 0 55 0
1018 8 609 0 -18 -12851 0 55 0
1019 8 609 0 -6 -12851 0 55 0
1020 8 609 0 0 -12851 0 55 0
1021 8 609 0 6 -12851 0 55 0
1022 8 903 0 24 -12851 0 55 0
1023 8 903 0 24 -12851 0 55 0
1024 8 609 0 -12 -12851 0 55 0
1025 8 903 0 -24 -12851 0 55 0
1026 8 903 0 12 -12851 0 55 0
1027 8 903 0 6 -12851 0 55 0
1028 8 609 0 18 -12851 0 55 0
1029 8 609 0 18 -12851 0 55 0
1030 8 903 0 -6 -12851 0 55 0
1031 8 609 0 12 -12851 0 55 0
1032 8 903 0 12 -12851 0 55 0
1033 8 609 0 -12 -12851 0 55 0
1034 8 609 0 -12 -12851 0 55 0
1035 8 609 0 18 -12851 0 55 0
1036 8 903 0 0 -12851 0 55 0
1037 8 903 0 24 -12851 0 55 0
1038 8 903 0 18 -12851 0 55 0
1039 8 609 0 -6 -12851 0 55 0
1040 8 609 0 12 -12851 0 55 0
1041 8 903 0 -24 -12851 0 55 0
1042 8 609 0 6 -12851 0 55 0
1043 8 609 0 -18 -12851 0 55 0
1044 8 903 0 -6 -12851 0 55 0
1045 8 903 0 6 -12851 0 55 0
1046 8 903 0 24 -12851 0 55 0
1047 8 609 0 -24 -12851 0 55 0
1048 8 609 0 -18 -12851 0 55 0
1049 8 903 0 0 -12851 0 55 0
1050 8 609 0 24 -12851 0 55 0
1051 8 609 0 24 -12851 0 55 0
1052 8 903 0 -24 -12851 0 55 0
1053 8 903 0 -12 -12851 0 55 0
1054 8 609 0 -6 -12851 0 55 0
1055 8 903 0 -6 -12851 0 55 0
1056 8 609 0 12 -12851 0 55 0
1057 8 609 0 18 -12851 0 55 0
1058 8 609 0 -12 -12851 0 55 0
1059 8 903 0 -24 -12851 0 55 0
1060 8 903 0 18 -12851 0 55 0
1061 8 903 0 0 -12851 0 55 0
1062 8 903 0 24 -12851 0 55 0
1063 8 903 0 6 -12851 0 55 0
1064 8 903 0 0 -12851 0 55 0
1065 8 609 0 -18 -12851 0 55 0
1066 8 903 0 -18 -12851 0 55 0
1067 8 609 0 6 -12851 0 55 0
1068 8 903 0 12 -12851 0 55 0
1069 8 609 0 0 -12851 0 55 0
1070 8 609 0 0 -12851 0 55 0
1071 8 609 0 0 -12851 0 55 0
1072 8 609 0 6 -12851 0 55 0
1073 8 609 0 18 -12851 0 55 0
1074 8 903 0 -24 -12851 0 55 0
1075 8 609 0 6 -12851 0 55 0
1076 8 903 0 -18 -12851 0 55 0
1077 8 609 0 -12 -12851 0 55 0
1078 8 609 0 -12 -12851 0 55 0
1079 8 609 0 -24 -12851 0 55 0
1080 8 903 0 18 -12851 0 55 0
1081 8 903 0 -18 -12851 0 55 0
1082 8 903 0 -6 -12851 0 55 0
1083 8 609 0 24 -12851 0 55 0
1084 8 609 0 -6 -12851 0 55 0
1085 8 609 0 12 -12851 0 55 0
1086 8 903 0 24 -12851 0 55 0
1087 8 609 0 12 -12851 0 55 0
1088 8 609 0 18 -12851 0 55 0
1089 8 609 0 18 -12851 0 55 0
1090 8 903 0 -6 -12851 0 55 0
1091 8 903 0 6 -12851 0 55 0
1092 8 903 0 0 -12851 0 55 0
1093 8 903 0 6 -12851 0 55 0
1094 8 609 0 0 -12851 0 55 0
1095 8 609 0 -18 -12851 0 55 0
1096 8 609 0 18 -12851 0 55 0
1097 8 903 0 -6 -12851 0 55 0
1098 8 609 0 24 -12851 0 55 0
1099 8 903 0 24 -12851 0 55 0
1100 8 903 0 -18 -12851 0 55 0
1101 8 609 0 -24 -12851 0 55 0
1102 8 609 0 -24 -12851 0 55 0
1103 8 903 0 -12 -12851 0 55 0
1104 8 903 0 -12 -12851 0 55 0
1105 8 903 0 12 -12851 0 55 0
1106 8 903 0 12 -12851 0 55 0
1107 8 903 0 24 -12851 0 55 0
1108 8 609 0 24 -12851 0 55 0
1109 8 609 0 -24 -12851 0 55 0
1110 8 903 0 0 -12851 0 55 0
1111 8 609 0 -12 -12851 0 55 0
1112 8 609 0 0 -12851 0 55 0
1113 8 903 0 12 -12851 0 55 0
1114 8 903 0 18 -12851 0 55 0
1115 8 609 0 18 -12851 0 55 0
1116 8 903 0 24 -12851 0 55 0
1117 8 903 0 6 -12851 0 55 0
1118 8 609 0 -12 -12851 0 55 0
1119 8 903 0 12 -12851 0 55 0
1120 8 903 0 -24 -12851 0 55 0
1121 8 609 0 -18 -12851 0 55 0
1122 8 609 0 6 -12851 0 55 0
1123 8 903 0 -18 -12851 0 55 0
1124 8 609 0 -6 -12851 0 55 0
1125 8 903 0 -6 -12851 0 55 0
1126 8 609 0 0 -12851 0 55 0
1127 8 903 0 0 -12851 0 55 0
1128 8 903 0 -18 -12851 0 55 0
1129 8 609 0 18 -12851 0 55 0
1130 8 609 0 6 -12851 0 55 0
1131 8 903 0 6 -12851 0 55 0
1132 8 609 0 -24 -12851 0 55 0
1133 8 903 0 18 -12851 0 55 0
1134 8 903 0 12 -12851 0 55 0
1135 8 903 0 12 -12851 0 55 0
1136 8 609 0 -6 -12851 0 55 0
1137 8 609 0 24 -12851 0 55 0
1138 8 609 0 -12 -12851 0 55 0
1139 8 609 0 0 -12851 0 55 0
1140 8 903 0 24 -12851 0 55 0
1141 8 609 0 -6 -12851 0 55 0
1142 8 903 0 -18 -12851 0 55 0
1143 8 609 0 -24 -12851 0 55 0
1144 8 609 0 -12 -12851 0 55 0
1145 8 609 0 -18 -12851 0 55 0
1146 8 903 0 -18 -12851 0 55 0
1147 8 903 0 18 -12851 0 55 0
1148 8 903 0 24 -12851 0 55 0
1149 8 609 0 24 -12851 0 55 0
1150 8 609 0 -12 -12851 0 55 0
1151 8 609 0 12 -12851 0 55 0
1152 8 609 0 0 -12851 0 55 0
1153 8 609 0 12 -12851 0 55 0
1154 8 903 0 -12 -12851 0 55 0
1155 8 903 0 -18 -12851 0 55 0
1156 8 609 0 18 -12851 0 55 0
1157 8 903 0 -6 -12851 0 55 0
1158 8 903 0 6 -12851 0 55 0
1159 8 903 0 6 -12851 0 55 0
1160 8 609 0 -24 -12851 0 55 0
1161 8 609 0 -24 -12851 0 55 0
1162 8 609 0 -6 -12851 0 55 0
1163 8 903 0 0 -12851 0 55 0
1164 8 609 0 0 -12851 0 55 0
1165 8 609 0 0 -12851 0 55 0
1166 8 609 0 -6 -12851 0 55 0
1167 8 903 0 -24 -12851 0 55 0
1168 8 903 0 -12 -12851 0 55 0
1169 8 903 0 -6 -12851 0 55 0
1170 8 903 0 -18 -12851 0 55 0
1171 8 609 0 -12 -12851 0 55 0
1172 8 609 0 12 -12851 0 55 0
1173 8 609 0 -24 -12851 0 55 0
1174 8 609 0 6 -12851 0 55 0
1175 8 609 0 12 -12851 0 55 0
1176 8 609 0 -18 -12851 0 55 0
1177 8 903 0 0 -12851 0 55 0
1178 8 903 0 24 -12851 0 55 0
1179 8 903 0 24 -12851 0 55 0
1180 8 903 0 18 -12851 0 55 0
1181 8 903 0 6 -12851 0 55 0
1182 8 903 0 18 -12851 0 55 0
1183 8 903 0 -18 -12851 0 55 0
1184 8 903 0 -18 -12851 0 55 0
1185 8 903 0 12 -12851 0 55 0
1186 8 609 0 -6 -12851 0 55 0
1187 8 609 0 -12 -12851 0 55 0
1188 8 903 0 24 -12851 0 55 0
1189 8 609 0 18 -12851 0 55 0
1190 8 903 0 -24 -12851 0 55 0
1191 8 609 0 0 -12851 0 55 0
1192 8 609 0 -24 -12851 0 55 0
1193 8 609 0 -18 -12851 0 55 0
1194 8 609 0 -12 -12851 0 55 0
1195 8 903 0 0 -12851 0 55 0
1196 8 903 0 12 -12851 0 55 0
1197 8 609 0 6 -12851 0 55 0
1198 8 903 0 -6 -12851 0 55 0
1199 8 903 0 24 -12851 0 55 0
1200 8 903 0 6 -12851 0 55 0
1201 8 609 0 18 -12851 0 55 0
1202 8 609 0 24 -12851 0 55 0
1203 8 609 0 24 -12851 0 55 0
1204 8 609 0 6 -12851 0 55 0
1205 8 609 0 -12 -12851 0 55 0
1206 8 903 0 24 -12851 0 55 0
1207 8 903 0 6 -12851 0 55 0
1208 8 609 0 -6 -12851 0 55 0
1209 8 903 0 0 -12851 0 55 0
1210 8 609 0 -24 -12851 0 55 0
1211 8 609 0 0 -12851 0 55 0
1212 8 609 0 18 -12851 0 55 0
1213 8 903 0 -24 -12851 0 55 0
1214 8 903 0 -18 -12851 0 55 0
1215 8 609 0 18 -12851 0 55 0
1216 8 609 0 -6 -12851 0 55 0
1217 8 903 0 -18 -12851 0 55 0
1218 8 609 0 12 -12851 0 55 0
1219 8 609 0 12 -12851 0 55 0
1220 8 609 0 -12 -12851 0 55 0
1221 8 903 0 6 -12851 0 55 0
1222 8 903 0 6 -12851 0 55 0
1223 8 903 0 6 -12851 0 55 0
1224 8 903 0 -24 -12851 0 55 0
1225 8 609 0 24 -12851 0 55 0
1226 8 903 0 -24 -12851 0 55 0
1227 8 903 0 12 -12851 0 55 0
1228 8 609 0 -12 -12851 0 55 0
1229 8 609 0 -12 -12851 0 55 0
1230 8 903 0 24 -12851 0 55 0
1231 8 903 0 -18 -12851 0 55 0
1232 8 903 0 -6 -12851 0 55 0
1233 8 903 0 -18 -12851 0 55 0
1234 8 609 0 -6 -12851 0 55 0
1235 8 609 0 12 -12851 0 55 0
