333 8 903 0 -24 -12851 1 60 0
334 8 500 0 -24 -12851 1 60 0
335 8 742 0 -6 -12851 0 55 0
336 12 742 609 -6 24 0 55 51
337 8 1100 0 -24 -12851 0 60 0
338 12 903 742 -6 24 1 51 51
339 8 1100 0 6 -12851 1 60 0
340 12 500 742 -6 24 1 51 55
341 8 1100 0 6 -12851 0 55 0
342 8 609 0 24 -12851 1 60 0
343 12 742 903 -6 24 1 51 51
344 8 903 0 6 -12851 1 60 0
345 12 609 742 -6 24 1 51 51
346 12 500 742 -6 24 1 51 51
347 8 742 0 -6 -12851 0 60 0
348 8 500 0 -6 -12851 1 60 0
349 12 742 500 -6 24 0 55 51
350 8 609 0 24 -12851 1 55 0
351 8 903 0 24 -12851 1 60 0
352 8 500 0 6 -12851 1 60 0
353 12 609 742 6 -24 1 51 55
354 8 500 0 6 -12851 1 55 0
355 12 903 742 6 -24 1 51 51
356 8 1100 0 6 -12851 1 60 0
357 8 742 0 -24 -12851 0 55 0
358 12 742 500 6 -24 1 51 51
359 8 609 0 -6 -12851 0 55 0
360 12 609 742 -6 24 0 51 51
361 8 1100 0 24 -12851 1 60 0
362 8 903 0 24 -12851 1 60 0
363 8 742 0 -6 -12851 0 55 0
364 8 500 0 -24 -12851 0 55 0
365 12 500 742 -6 24 1 55 55
366 8 500 0 -6 -12851 0 55 0
367 8 500 0 6 -12851 1 60 0
368 8 500 0 6 -12851 1 55 0
369 12 1100 742 6 -24 0 51 51
370 12 903 742 -6 24 0 51 51
371 12 1100 742 6 -24 0 51 55
372 8 903 0 6 -12851 0 60 0
373 8 609 0 -6 -12851 0 55 0
374 12 903 742 6 -24 1 55 55
375 8 1100 0 -24 -12851 0 60 0
376 8 903 0 6 -12851 1 60 0
377 8 609 0 6 -12851 1 55 0
378 12 742 609 -6 24 1 55 55
379 12 500 742 6 -24 1 55 55
380 8 609 0 24 -12851 1 60 0
381 8 742 0 -24 -12851 1 60 0
382 8 903 0 24 -12851 1 60 0
383 8 1100 0 6 -12851 1 60 0
384 8 742 0 -6 -12851 0 55 0
385 8 1100 0 -24 -12851 1 55 0
386 8 742 0 24 -12851 0 55 0
387 8 903 0 24 -12851 1 55 0
388 12 742 903 -6 24 0 51 55
389 12 742 500 -6 24 1 51 55
390 8 903 0 6 -12851 0 60 0
391 12 742 903 6 -24 1 55 51
392 12 742 500 -6 24 0 55 55
393 8 500 0 24 -12851 1 55 0
394 8 1100 0 -6 -12851 1 60 0
395 8 903 0 -24 -12851 1 55 0
396 12 1100 742 6 -24 0 55 55
397 8 742 0 -24 -12851 1 55 0
398 8 742 0 24 -12851 1 55 0
399 8 742 0 24 -12851 1 55 0
400 8 500 0 6 -12851 1 60 0
401 12 500 742 6 -24 1 51 55
402 8 609 0 24 -12851 1 60 0
403 12 742 609 6 -24 1 51 51
404 8 500 0 -24 -12851 0 60 0
405 12 609 742 -6 24 1 55 51
406 8 903 0 -6 -12851 0 60 0
407 8 1100 0 -6 -12851 0 55 0
408 8 609 0 24 -12851 1 60 0
409 8 1100 0 6 -12851 1 60 0
410 8 609 0 24 -12851 1 55 0
411 12 500 742 -6 24 0 55 51
412 12 903 742 6 -24 1 55 55
413 12 742 1100 -6 24 1 51 51
414 12 1100 742 6 -24 1 55 55
415 8 500 0 6 -12851 1 60 0
416 8 500 0 6 -12851 1 60 0
417 8 903 0 -6 -12851 1 60 0
418 12 742 609 -6 24 1 51 51
419 8 1100 0 -24 -12851 1 60 0
420 8 500 0 24 -12851 1 60 0
421 12 500 742 -6 24 0 55 55
422 12 903 742 -6 24 1 55 55
423 8 903 0 6 -12851 1 60 0
424 8 500 0 -6 -12851 1 55 0
425 12 742 609 -6 24 1 55 51
426 8 903 0 24 -12851 1 55 0
427 8 1100 0 24 -12851 0 60 0
428 12 609 742 6 -24 1 55 51
429 12 1100 742 6 -24 1 55 55
430 12 742 500 6 -24 1 51 51
431 12 500 742 -6 24 0 55 51
432 8 1100 0 6 -12851 1 60 0
433 8 609 0 24 -12851 1 55 0
434 12 742 500 -6 24 1 55 55
435 12 903 742 -6 24 0 55 55
436 8 609 0 -6 -12851 0 55 0
437 12 500 742 -6 24 0 55 55
438 8 742 0 6 -12851 1 55 0
439 12 742 1100 -6 24 0 55 51
440 8 742 0 6 -12851 1 55 0
441 8 609 0 -6 -12851 0 60 0
442 8 742 0 6 -12851 1 55 0
443 8 1100 0 -24 -12851 0 55 0
444 8 1100 0 -24 -12851 1 60 0
445 12 1100 742 -6 24 1 55 55
446 8 500 0 -24 -12851 0 60 0
447 12 609 742 -6 24 0 51 55
448 8 903 0 -24 -12851 1 55 0
449 8 609 0 24 -12851 1 55 0
450 8 742 0 -6 -12851 1 60 0
451 8 1100 0 -24 -12851 1 55 0
452 8 1100 0 6 -12851 1 60 0
453 12 903 742 -6 24 0 51 51
454 12 742 903 -6 24 0 51 55
455 8 742 0 -24 -12851 1 60 0
456 8 742 0 -6 -12851 0 55 0
457 8 903 0 6 -12851 1 60 0
458 8 500 0 24 -12851 0 60 0
459 12 742 500 6 -24 0 51 51
460 8 500 0 -24 -12851 1 60 0
461 8 609 0 -6 -12851 1 55 0
462 12 1100 742 -6 24 1 51 51
463 8 609 0 -6 -12851 1 60 0
464 8 903 0 -6 -12851 1 60 0
465 8 609 0 -24 -12851 1 60 0
466 12 1100 742 -6 24 0 51 55
467 8 609 0 -6 -12851 1 55 0
468 8 903 0 6 -12851 1 60 0
469 8 742 0 6 -12851 1 55 0
470 8 500 0 24 -12851 0 60 0
471 12 500 742 6 -24 0 51 51
472 8 1100 0 6 -12851 0 60 0
473 12 1100 742 6 -24 0 55 51
474 8 500 0 -6 -12851 0 60 0
475 8 742 0 6 -12851 1 60 0
476 8 609 0 6 -12851 1 55 0
477 8 500 0 -24 -12851 1 60 0
478 8 742 0 -6 -12851 0 55 0
479 12 742 609 6 -24 1 55 51
480 8 609 0 -24 -12851 1 60 0
481 8 903 0 6 -12851 0 55 0
482 8 903 0 -6 -12851 1 60 0
483 12 500 742 6 -24 1 51 55
484 12 742 500 6 -24 1 51 55
485 12 742 500 6 -24 1 51 51
486 12 742 500 -6 24 0 55 51
487 12 1100 742 -6 24 0 55 51
488 8 1100 0 6 -12851 1 60 0
489 8 1100 0 6 -12851 0 60 0
490 12 742 1100 -6 24 0 51 55
491 12 903 742 -6 24 0 51 55
492 8 500 0 -24 -12851 1 55 0
493 8 500 0 24 -12851 1 60 0
494 12 1100 742 -6 24 0 55 51
495 8 609 0 6 -12851 0 55 0
496 12 742 903 -6 24 1 51 51
497 8 742 0 6 -12851 1 55 0
498 8 609 0 6 -12851 1 55 0
499 12 609 742 -6 24 0 51 51
500 8 609 0 24 -12851 1 60 0
501 8 903 0 6 -12851 1 60 0
502 8 903 0 24 -12851 1 55 0
503 8 500 0 -6 -12851 0 55 0
504 12 742 609 6 -24 1 55 51
505 8 742 0 -6 -12851 0 55 0
506 12 742 1100 6 -24 0 51 55
507 12 903 742 6 -24 0 51 51
508 8 742 0 -24 -12851 1 60 0
509 12 609 742 6 -24 0 51 51
510 8 1100 0 -6 -12851 0 60 0
511 8 500 0 -24 -12851 1 55 0
512 8 903 0 24 -12851 0 60 0
513 8 1100 0 6 -12851 1 60 0
514 12 903 742 -6 24 0 51 51
515 12 903 742 -6 24 0 55 55
516 8 1100 0 6 -12851 1 60 0
517 12 500 742 6 -24 1 55 51
518 8 903 0 -24 -12851 1 55 0
519 8 903 0 24 -12851 1 60 0
520 8 609 0 -6 -12851 0 55 0
521 8 500 0 -6 -12851 0 55 0
522 8 903 0 -24 -12851 0 60 0
523 8 609 0 24 -12851 0 55 0
524 12 500 742 -6 24 1 51 55
525 12 500 742 -6 24 1 55 55
526 8 903 0 24 -12851 0 60 0
527 8 1100 0 -24 -12851 1 55 0
528 8 609 0 24 -12851 0 55 0
529 8 742 0 6 -12851 1 55 0
530 8 500 0 24 -12851 0 60 0
531 12 903 742 6 -24 1 51 51
532 8 1100 0 -6 -12851 0 55 0
533 8 1100 0 6 -12851 1 55 0
534 8 742 0 6 -12851 0 60 0
535 12 609 742 -6 24 0 51 55
536 12 742 1100 -6 24 0 55 51
537 8 742 0 6 -12851 1 55 0
538 8 500 0 24 -12851 1 60 0
539 12 903 742 -6 24 0 55 51
540 12 903 742 -6 24 0 55 55
541 12 1100 742 -6 24 0 55 51
542 8 609 0 -24 -12851 0 55 0
543 8 609 0 6 -12851 0 60 0
544 12 609 742 6 -24 0 55 51
545 8 500 0 6 -12851 1 55 0
546 12 742 500 6 -24 1 51 51
547 8 1100 0 24 -12851 0 55 0
548 12 742 500 -6 24 1 55 51
549 8 1100 0 -6 -12851 0 60 0
550 8 609 0 24 -12851 1 60 0
551 12 609 742 -6 24 0 55 55
552 8 1100 0 24 -12851 1 60 0
553 8 903 0 6 -12851 1 55 0
554 8 609 0 6 -12851 0 60 0
555 8 500 0 -6 -12851 0 55 0
556 8 903 0 -24 -12851 1 55 0
557 8 500 0 24 -12851 1 55 0
558 12 903 742 -6 24 0 55 51
559 8 742 0 -6 -12851 0 55 0
560 8 742 0 -24 -12851 1 60 0
561 8 742 0 -6 -12851 1 55 0
562 8 903 0 24 -12851 1 55 0
563 8 742 0 -24 -12851 0 55 0
564 8 742 0 -24 -12851 1 60 0
565 8 500 0 24 -12851 1 55 0
566 8 903 0 -24 -12851 1 60 0
567 12 1100 742 6 -24 0 55 55
568 8 742 0 6 -12851 1 60 0
569 8 609 0 -6 -12851 0 60 0
570 8 500 0 -6 -12851 1 55 0
571 8 903 0 -6 -12851 1 55 0
572 8 609 0 -24 -12851 0 60 0
573 8 609 0 24 -12851 1 60 0
574 8 500 0 6 -12851 0 60 0
575 8 1100 0 -6 -12851 1 60 0
576 8 903 0 -6 -12851 0 55 0
577 8 742 0 6 -12851 1 60 0
578 8 1100 0 6 -12851 0 60 0
579 12 500 742 6 -24 0 51 55
580 12 742 609 6 -24 1 51 51
581 8 1100 0 -6 -12851 1 55 0
582 8 903 0 24 -12851 1 55 0
583 12 742 500 -6 24 0 55 55
584 8 903 0 -6 -12851 1 55 0
585 8 1100 0 -24 -12851 0 55 0
586 8 609 0 -6 -12851 1 60 0
587 12 742 1100 -6 24 1 55 51
588 12 742 903 6 -24 0 51 51
589 8 500 0 -6 -12851 1 60 0
590 12 742 1100 6 -24 1 55 55
591 12 903 742 6 -24 0 51 51
592 8 903 0 -24 -12851 1 55 0
593 8 903 0 6 -12851 1 60 0
594 8 742 0 -6 -12851 0 60 0
595 8 742 0 24 -12851 1 60 0
596 12 500 742 6 -24 0 55 51
597 8 609 0 6 -12851 1 60 0
598 12 903 742 6 -24 0 51 55
599 12 742 500 6 -24 0 51 51
600 12 742 1100 -6 24 0 51 51
601 12 742 609 6 -24 0 51 51
602 12 903 742 -6 24 0 55 51
603 12 742 500 6 -24 0 51 55
604 8 609 0 -24 -12851 0 55 0
605 12 609 742 -6 24 1 55 51
606 8 500 0 6 -12851 1 60 0
607 8 742 0 6 -12851 0 60 0
608 8 1100 0 -6 -12851 0 60 0
609 8 500 0 -24 -12851 0 55 0
610 12 500 742 -6 24 0 51 51
611 8 1100 0 24 -12851 1 60 0
612 12 1100 742 -6 24 0 55 51
613 8 500 0 -6 -12851 0 60 0
614 8 500 0 24 -12851 1 55 0
615 12 742 1100 -6 24 0 51 51
616 12 609 742 6 -24 0 55 51
617 8 609 0 -6 -12851 1 60 0
618 8 742 0 6 -12851 1 60 0
619 12 609 742 -6 24 0 55 51
620 8 609 0 6 -12851 1 55 0
621 8 609 0 6 -12851 1 55 0
622 8 903 0 6 -12851 0 60 0
623 8 903 0 24 -12851 1 55 0
624 8 500 0 -6 -12851 1 55 0
625 8 742 0 6 -12851 1 60 0
626 8 742 0 -6 -12851 0 55 0
627 12 500 742 -6 24 0 55 51
628 12 742 500 6 -24 0 55 55
629 8 1100 0 6 -12851 1 60 0
630 12 742 500 -6 24 0 51 51
631 12 742 1100 6 -24 0 51 51
632 8 500 0 24 -12851 1 60 0
633 8 903 0 6 -12851 1 60 0
634 8 1100 0 6 -12851 1 60 0
635 8 1100 0 6 -12851 1 60 0
636 8 500 0 24 -12851 0 55 0
637 8 500 0 -6 -12851 1 55 0
638 8 609 0 -24 -12851 1 55 0
639 12 742 903 6 -24 1 55 55
640 8 609 0 -6 -12851 1 60 0
641 12 903 742 -6 24 0 51 51
642 12 1100 742 6 -24 1 51 51
643 8 903 0 -24 -12851 1 55 0
644 8 1100 0 -24 -12851 1 60 0
645 8 742 0 -6 -12851 1 55 0
646 8 1100 0 24 -12851 1 60 0
647 12 903 742 6 -24 1 55 55
648 8 903 0 24 -12851 1 60 0
649 8 500 0 24 -12851 1 60 0
650 8 742 0 -24 -12851 1 55 0
651 8 903 0 -24 -12851 1 60 0
652 8 1100 0 24 -12851 0 60 0
653 12 500 742 6 -24 0 55 51
654 12 1100 742 -6 24 0 51 51
655 8 742 0 -6 -12851 0 60 0
656 12 1100 742 6 -24 0 55 51
657 8 500 0 6 -12851 1 55 0
658 8 609 0 -24 -12851 0 55 0
659 8 903 0 -6 -12851 0 55 0
660 8 903 0 24 -12851 1 55 0
661 8 500 0 6 -12851 0 55 0
662 8 1100 0 -6 -12851 0 55 0
663 8 903 0 24 -12851 1 60 0
664 12 742 500 -6 24 1 51 55
665 12 609 742 -6 24 0 51 51
666 12 742 1100 6 -24 0 51 51
667 8 742 0 -6 -12851 1 55 0
668 12 903 742 -6 24 0 55 55
669 8 742 0 -6 -12851 1 55 0
670 8 742 0 -6 -12851 1 60 0
671 12 1100 742 6 -24 0 55 55
672 8 500 0 -6 -12851 1 60 0
673 12 742 903 6 -24 0 55 55
674 8 609 0 24 -12851 1 55 0
675 8 500 0 6 -12851 1 60 0
676 8 903 0 -24 -12851 1 55 0
677 8 1100 0 -24 -12851 1 60 0
678 12 1100 742 6 -24 1 51 51
679 8 609 0 6 -12851 0 55 0
680 8 1100 0 6 -12851 1 55 0
681 8 609 0 -6 -12851 0 60 0
682 8 1100 0 -24 -12851 1 55 0
683 12 1100 742 -6 24 0 55 51
684 12 609 742 -6 24 1 55 55
685 8 1100 0 -24 -12851 1 55 0
686 8 1100 0 6 -12851 1 55 0
687 8 742 0 6 -12851 1 55 0
688 8 903 0 -6 -12851 1 55 0
689 8 742 0 6 -12851 1 55 0
690 8 742 0 -6 -12851 1 55 0
691 8 500 0 6 -12851 0 60 0
692 12 742 609 6 -24 1 55 55
693 12 742 1100 6 -24 1 51 51
694 12 903 742 6 -24 1 51 51
695 12 500 742 -6 24 0 55 55
696 12 742 500 6 -24 0 51 51
697 8 1100 0 -24 -12851 1 60 0
698 8 500 0 6 -12851 0 60 0
699 12 742 609 -6 24 1 55 55
700 8 500 0 6 -12851 0 60 0
701 8 903 0 -24 -12851 1 60 0
702 12 609 742 -6 24 0 55 51
703 12 1100 742 6 -24 0 55 55
704 8 609 0 -24 -12851 1 55 0
705 12 742 1100 6 -24 0 55 55
706 8 903 0 6 -12851 0 55 0
707 12 742 1100 -6 24 0 51 51
708 12 903 742 6 -24 1 55 55
709 8 609 0 -24 -12851 1 60 0
710 8 609 0 -24 -12851 0 60 0
711 8 500 0 -6 -12851 1 55 0
712 12 742 1100 6 -24 1 55 51
713 12 742 1100 -6 24 0 51 51
714 8 500 0 6 -12851 0 55 0
715 8 609 0 -24 -12851 0 60 0
716 12 742 903 -6 24 1 51 51
717 12 742 609 -6 24 0 51 55
718 8 742 0 24 -12851 0 55 0
719 12 1100 742 6 -24 0 55 55
720 12 1100 742 -6 24 0 51 51
721 12 742 500 -6 24 0 55 51
722 8 742 0 -6 -12851 1 55 0
723 8 742 0 -6 -12851 0 55 0
724 12 742 500 6 -24 0 55 55
725 8 903 0 -6 -12851 0 55 0
726 8 500 0 6 -12851 0 60 0
727 12 742 1100 -6 24 0 51 51
728 8 1100 0 24 -12851 0 55 0
729 8 500 0 -6 -12851 0 60 0
730 8 903 0 6 -12851 0 60 0
731 8 609 0 -6 -12851 0 55 0
732 8 903 0 6 -12851 0 60 0
733 8 609 0 6 -12851 0 60 0
734 8 1100 0 -6 -12851 1 55 0
735 8 1100 0 -24 -12851 0 60 0
736 12 742 500 -6 24 0 51 55
737 8 500 0 6 -12851 0 60 0
738 12 742 1100 6 -24 0 51 51
739 8 500 0 -24 -12851 0 60 0
740 8 500 0 -6 -12851 0 60 0
741 12 742 903 6 -24 0 55 55
742 12 609 742 -6 24 0 55 51
743 12 742 903 6 -24 0 51 51
744 8 903 0 -6 -12851 0 60 0
745 12 1100 742 -6 24 0 51 55
746 12 903 742 6 -24 0 55 55
747 8 500 0 6 -12851 0 60 0
748 8 1100 0 -24 -12851 0 60 0
749 8 742 0 -24 -12851 0 60 0
750 12 742 609 -6 24 0 55 55
751 12 742 609 6 -24 0 51 55
752 8 903 0 -24 -12851 0 55 0
753 8 903 0 6 -12851 0 55 0
754 12 742 903 6 -24 0 55 51
755 8 742 0 -6 -12851 0 55 0
756 12 500 742 6 -24 0 51 51
757 8 609 0 6 -12851 0 55 0
758 12 500 742 6 -24 0 51 55
759 12 1100 742 -6 24 0 51 55
760 8 1100 0 24 -12851 0 60 0
761 8 1100 0 -6 -12851 0 60 0
762 8 609 0 -6 -12851 0 55 0
763 8 742 0 -24 -12851 0 55 0
764 8 609 0 24 -12851 0 55 0
765 8 742 0 24 -12851 0 60 0
766 8 742 0 6 -12851 0 60 0
767 8 1100 0 -6 -12851 0 60 0
768 8 903 0 -24 -12851 0 60 0
769 12 742 500 -6 24 0 51 51
770 12 742 903 -6 24 0 51 55
771 8 609 0 -6 -12851 0 55 0
772 12 500 742 6 -24 0 55 51
773 8 609 0 6 -12851 0 55 0
774 8 1100 0 -6 -12851 0 60 0
775 8 609 0 -24 -12851 0 55 0
776 8 903 0 24 -12851 0 60 0
777 8 903 0 6 -12851 0 55 0
778 8 1100 0 24 -12851 0 60 0
779 8 500 0 -6 -12851 0 55 0
780 8 742 0 6 -12851 0 55 0
781 8 742 0 -6 -12851 0 60 0
782 8 500 0 -6 -12851 0 60 0
783 8 500 0 -24 -12851 0 55 0
784 8 1100 0 6 -12851 0 60 0
785 8 1100 0 -24 -12851 0 60 0
786 12 903 742 -6 24 0 51 51
787 8 609 0 -6 -12851 0 60 0
788 8 903 0 6 -12851 0 60 0
789 12 1100 742 6 -24 0 51 55
790 12 903 742 6 -24 0 55 51
791 8 742 0 24 -12851 0 55 0
792 12 903 742 6 -24 0 55 51
793 8 500 0 6 -12851 0 60 0
794 8 609 0 6 -12851 0 55 0
795 8 903 0 -6 -12851 0 60 0
796 8 500 0 6 -12851 0 60 0
797 8 500 0 -24 -12851 0 60 0
798 8 1100 0 -6 -12851 0 60 0
799 8 742 0 -6 -12851 0 60 0
800 12 742 609 6 -24 0 51 55
801 12 742 903 6 -24 0 55 55
802 12 609 742 -6 24 0 51 55
803 12 500 742 -6 24 0 51 51
804 8 609 0 -24 -12851 0 55 0
805 12 500 742 6 -24 0 51 55
806 8 1100 0 -24 -12851 0 55 0
807 12 500 742 6 -24 0 51 51
808 8 903 0 -6 -12851 0 55 0
809 8 742 0 24 -12851 0 55 0
810 8 742 0 -24 -12851 0 55 0
811 8 742 0 6 -12851 0 55 0
812 12 500 742 6 -24 0 51 55
813 8 609 0 24 -12851 0 60 0
814 8 609 0 -6 -12851 0 60 0
815 8 742 0 24 -12851 0 55 0
816 12 742 500 -6 24 0 51 51
817 8 500 0 24 -12851 0 55 0
818 8 609 0 -6 -12851 0 55 0
819 12 609 742 -6 24 0 55 51
820 8 742 0 6 -12851 0 60 0
821 8 500 0 6 -12851 0 60 0
822 8 903 0 -6 -12851 0 60 0
823 8 903 0 6 -12851 0 60 0
824 12 500 742 6 -24 0 51 55
825 8 903 0 24 -12851 0 60 0
826 12 500 742 6 -24 0 55 51
827 8 500 0 6 -12851 0 55 0
828 8 1100 0 -24 -12851 0 55 0
829 12 903 742 6 -24 0 51 55
830 8 1100 0 -6 -12851 0 60 0
831 8 1100 0 24 -12851 0 60 0
832 8 609 0 6 -12851 0 60 0
833 8 609 0 6 -12851 0 60 0
834 12 742 500 6 -24 0 55 51
835 12 742 500 -6 24 0 51 51
836 8 1100 0 6 -12851 0 60 0
837 12 742 1100 6 -24 0 55 55
838 8 609 0 24 -12851 0 55 0
839 12 903 742 -6 24 0 55 51
840 8 742 0 24 -12851 0 60 0
841 12 742 609 -6 24 0 55 55
842 8 609 0 -24 -12851 0 60 0
843 12 742 609 -6 24 0 51 55
844 8 1100 0 -24 -12851 0 60 0
845 12 742 1100 6 -24 0 55 51
846 8 742 0 -6 -12851 0 60 0
847 8 903 0 6 -12851 0 55 0
848 12 903 742 -6 24 0 51 55
849 12 742 903 6 -24 0 55 55
850 8 903 0 -6 -12851 0 60 0
851 12 1100 742 6 -24 0 55 55
852 12 742 500 6 -24 0 51 51
853 8 500 0 -6 -12851 0 60 0
854 8 500 0 -24 -12851 0 55 0
855 12 500 742 6 -24 0 55 51
856 12 742 903 -6 24 0 55 55
857 8 742 0 -24 -12851 0 60 0
858 8 903 0 -24 -12851 0 55 0
859 12 742 609 6 -24 0 51 55
860 8 1100 0 -24 -12851 0 55 0
861 12 903 742 6 -24 0 55 55
862 8 500 0 6 -12851 0 60 0
863 12 1100 742 -6 24 0 55 51
864 8 742 0 6 -12851 0 55 0
865 8 742 0 -6 -12851 0 55 0
866 8 1100 0 6 -12851 0 55 0
867 8 609 0 -6 -12851 0 60 0
868 8 1100 0 -6 -12851 0 55 0
869 8 903 0 -24 -12851 0 55 0
870 12 1100 742 -6 24 0 51 51
871 8 609 0 -24 -12851 0 60 0
872 8 903 0 24 -12851 0 55 0
873 12 742 500 6 -24 0 55 51
874 8 903 0 -24 -12851 0 60 0
875 8 500 0 -24 -12851 0 60 0
876 12 742 903 -6 24 0 55 51
877 12 903 742 6 -24 0 55 51
878 8 1100 0 6 -12851 0 55 0
879 8 609 0 24 -12851 0 60 0
880 8 500 0 -24 -12851 0 60 0
881 8 742 0 -24 -12851 0 55 0
882 8 742 0 6 -12851 0 55 0
883 8 500 0 24 -12851 0 60 0
884 8 609 0 -6 -12851 0 55 0
885 8 609 0 6 -12851 0 60 0
886 12 742 500 -6 24 0 55 55
887 8 742 0 24 -12851 0 55 0
888 12 903 742 6 -24 0 55 55
889 8 609 0 -6 -12851 0 55 0
890 12 742 1100 -6 24 0 51 55
891 8 1100 0 -24 -12851 0 55 0
892 8 609 0 24 -12851 0 55 0
893 8 500 0 -6 -12851 0 55 0
894 8 903 0 -6 -12851 0 60 0
895 12 742 1100 6 -24 0 51 55
896 12 609 742 -6 24 0 55 51
897 12 742 1100 6 -24 0 51 55
898 8 742 0 24 -12851 0 55 0
899 8 1100 0 6 -12851 0 55 0
900 8 1100 0 -24 -12851 0 55 0
901 8 500 0 -24 -12851 0 60 0
902 8 742 0 -6 -12851 0 55 0
903 12 742 1100 -6 24 0 55 55
904 12 742 903 -6 24 0 51 55
905 12 742 609 -6 24 0 51 55
906 8 903 0 -6 -12851 0 60 0
907 12 903 742 -6 24 0 51 51
908 12 742 500 -6 24 0 55 51
909 8 903 0 6 -12851 0 60 0
910 8 500 0 24 -12851 0 60 0
911 8 500 0 -6 -12851 0 60 0
912 12 742 1100 6 -24 0 55 51
913 8 500 0 24 -12851 0 55 0
914 12 742 1100 6 -24 0 51 51
915 8 903 0 6 -12851 0 60 0
916 12 1100 742 -6 24 0 51 55
917 12 500 742 6 -24 0 55 55
918 12 1100 742 -6 24 0 55 55
919 12 500 742 6 -24 0 55 51
920 8 1100 0 6 -12851 0 60 0
921 8 500 0 6 -12851 0 60 0
922 12 742 609 -6 24 0 55 51
923 12 742 903 -6 24 0 51 51
924 12 742 903 6 -24 0 51 51
925 12 742 500 -6 24 0 51 51
926 8 1100 0 -24 -12851 0 55 0
927 8 903 0 -24 -12851 0 55 0
928 12 742 903 6 -24 0 51 55
929 12 742 903 -6 24 0 55 51
930 8 1100 0 -6 -12851 0 55 0
931 12 742 609 -6 24 0 55 51
932 8 903 0 -24 -12851 0 60 0
933 12 742 1100 6 -24 0 51 51
934 8 742 0 -24 -12851 0 60 0
935 12 1100 742 -6 24 0 51 51
936 12 742 609 -6 24 0 55 51
937 12 1100 742 6 -24 0 51 51
938 8 500 0 -24 -12851 0 60 0
939 8 609 0 -6 -12851 0 55 0
940 8 742 0 24 -12851 0 55 0
941 12 742 903 6 -24 0 51 55
942 8 609 0 6 -12851 0 60 0
943 8 609 0 -24 -12851 0 55 0
944 12 742 500 -6 24 0 55 55
945 12 903 742 -6 24 0 55 51
946 8 742 0 6 -12851 0 55 0
947 12 742 1100 6 -24 0 51 51
948 8 1100 0 6 -12851 0 60 0
949 12 609 742 6 -24 0 51 55
950 12 609 742 -6 24 0 55 51
951 8 1100 0 24 -12851 0 55 0
952 8 1100 0 -6 -12851 0 60 0
953 8 742 0 6 -12851 0 60 0
954 12 742 1100 -6 24 0 51 55
955 12 1100 742 -6 24 0 51 51
956 8 903 0 6 -12851 0 60 0
957 8 742 0 -6 -12851 0 55 0
958 8 609 0 -6 -12851 0 60 0
959 12 500 742 6 -24 0 55 51
960 8 500 0 24 -12851 0 55 0
961 8 742 0 6 -12851 0 60 0
962 12 742 1100 6 -24 0 55 55
963 12 742 903 6 -24 0 51 55
964 8 903 0 -24 -12851 0 55 0
965 8 609 0 -24 -12851 0 60 0
966 12 609 742 6 -24 0 51 51
967 8 500 0 -6 -12851 0 60 0
968 12 742 1100 -6 24 0 55 55
969 12 742 609 6 -24 0 51 51
970 8 903 0 24 -12851 0 55 0
971 8 500 0 24 -12851 0 55 0
972 12 742 1100 -6 24 0 55 51
973 12 609 742 6 -24 0 55 55
974 12 500 742 -6 24 0 55 51
975 8 1100 0 24 -12851 0 60 0
976 8 609 0 -24 -12851 0 60 0
977 8 742 0 -6 -12851 0 55 0
978 8 742 0 24 -12851 0 55 0
979 12 903 742 -6 24 0 51 51
980 8 500 0 -6 -12851 0 55 0
981 8 742 0 24 -12851 0 60 0
982 12 500 742 6 -24 0 51 55
983 12 742 609 -6 24 0 51 51
984 12 609 742 6 -24 0 51 55
985 8 742 0 -24 -12851 0 60 0
986 8 1100 0 -24 -12851 0 60 0
987 12 742 1100 -6 24 0 51 55
988 12 903 742 -6 24 0 51 55
989 8 1100 0 -24 -12851 0 55 0
990 8 500 0 6 -12851 0 55 0
991 8 903 0 6 -12851 0 60 0
992 12 903 742 -6 24 0 51 51
993 8 1100 0 -6 -12851 0 60 0
994 8 500 0 -24 -12851 0 55 0
995 8 903 0 24 -12851 0 60 0
996 8 903 0 -24 -12851 0 60 0
997 8 609 0 24 -12851 0 55 0
998 12 742 500 6 -24 0 51 51
999 12 903 742 6 -24 0 51 51
1000 12 609 742 6 -24 0 51 51
1001 12 742 903 -6 24 0 55 55
1002 8 609 0 -24 -12851 0 60 0
1003 12 1100 742 6 -24 0 51 51
1004 12 1100 742 6 -24 0 51 51
1005 12 500 742 6 -24 0 51 51
1006 8 609 0 -6 -12851 0 55 0
1007 8 742 0 6 -12851 0 60 0
1008 12 903 742 6 -24 0 55 55
1009 12 1100 742 6 -24 0 51 55
1010 8 742 0 -6 -12851 0 60 0
1011 8 1100 0 6 -12851 0 55 0
1012 8 500 0 -6 -12851 0 55 0
1013 8 903 0 24 -12851 0 55 0
1014 8 1100 0 -6 -12851 0 60 0
1015 12 742 500 -6 24 0 55 55
1016 8 609 0 24 -12851 0 55 0
1017 12 742 609 6 -24 0 51 51
1018 8 1100 0 -6 -12851 0 55 0
1019 8 609 0 24 -12851 0 60 0
1020 12 1100 742 -6 24 0 55 51
1021 12 609 742 6 -24 0 51 51
1022 12 742 1100 6 -24 0 55 51
1023 12 742 500 -6 24 0 51 55
1024 8 609 0 6 -12851 0 55 0
1025 8 742 0 24 -12851 0 55 0
1026 8 903 0 -24 -12851 0 55 0
1027 8 500 0 6 -12851 0 60 0
1028 12 609 742 -6 24 0 55 55
1029 8 500 0 -6 -12851 0 55 0
1030 8 903 0 -6 -12851 0 60 0
1031 8 742 0 -24 -12851 0 60 0
1032 8 500 0 24 -12851 0 60 0
1033 8 500 0 6 -12851 0 55 0
1034 12 609 742 -6 24 0 51 51
1035 8 609 0 -24 -12851 0 60 0
1036 12 742 1100 -6 24 0 55 51
1037 8 609 0 -6 -12851 0 55 0
1038 12 742 609 6 -24 0 55 55
1039 12 609 742 6 -24 0 55 55
1040 12 742 903 6 -24 0 51 51
1041 8 742 0 -24 -12851 0 60 0
1042 8 903 0 6 -12851 0 55 0
1043 8 500 0 -6 -12851 0 55 0
1044 8 1100 0 -6 -12851 0 60 0
1045 8 1100 0 -6 -12851 0 55 0
1046 8 1100 0 24 -12851 0 60 0
1047 8 903 0 -24 -12851 0 55 0
1048 8 609 0 -6 -12851 0 60 0
1049 12 1100 742 -6 24 0 51 55
1050 12 1100 742 6 -24 0 55 55
1051 12 500 742 -6 24 0 51 51
1052 8 742 0 6 -12851 0 60 0
1053 8 742 0 6 -12851 0 60 0
1054 12 903 742 -6 24 0 51 51
1055 12 903 742 -6 24 0 51 55
1056 8 903 0 24 -12851 0 55 0
1057 8 500 0 -24 -12851 0 60 0
1058 8 609 0 -24 -12851 0 55 0
1059 12 903 742 6 -24 0 55 55
1060 12 1100 742 -6 24 0 51 51
1061 12 742 903 -6 24 0 51 51
1062 8 609 0 24 -12851 0 60 0
1063 8 903 0 -6 -12851 0 55 0
1064 8 903 0 24 -12851 0 60 0
1065 8 500 0 -24 -12851 0 55 0
1066 12 1100 742 -6 24 0 51 51
1067 12 903 742 6 -24 0 55 51
1068 8 742 0 -24 -12851 0 55 0
1069 12 742 903 6 -24 0 51 55
1070 8 609 0 -24 -12851 0 60 0
1071 8 903 0 24 -12851 0 60 0
1072 8 1100 0 6 -12851 0 55 0
1073 12 742 903 -6 24 0 51 55
1074 12 742 609 -6 24 0 51 51
1075 8 500 0 -6 -12851 0 55 0
1076 8 500 0 6 -12851 0 55 0
1077 8 1100 0 24 -12851 0 60 0
1078 12 742 903 6 -24 0 55 55
1079 12 742 903 6 -24 0 55 51
1080 8 1100 0 -24 -12851 0 55 0
1081 8 609 0 24 -12851 0 55 0
1082 8 742 0 -6 -12851 0 55 0
1083 12 1100 742 6 -24 0 55 55
1084 8 742 0 -6 -12851 0 60 0
1085 12 903 742 -6 24 0 55 51
1086 8 500 0 6 -12851 0 55 0
1087 12 742 609 6 -24 0 51 55
1088 12 742 1100 6 -24 0 55 51
1089 12 742 1100 6 -24 0 55 55
1090 12 742 609 6 -24 0 51 51
1091 8 500 0 6 -12851 0 55 0
1092 12 609 742 -6 24 0 51 55
1093 12 903 742 6 -24 0 51 51
1094 8 609 0 6 -12851 0 60 0
1095 8 1100 0 -6 -12851 0 55 0
1096 8 903 0 24 -12851 0 60 0
1097 8 609 0 -24 -12851 0 60 0
1098 8 609 0 6 -12851 0 55 0
1099 12 742 500 -6 24 0 55 51
1100 8 500 0 24 -12851 0 55 0
1101 8 500 0 24 -12851 0 60 0
1102 8 742 0 6 -12851 0 60 0
1103 12 742 903 6 -24 0 55 55
1104 8 1100 0 24 -12851 0 55 0
1105 12 903 742 -6 24 0 51 51
1106 8 903 0 24 -12851 0 55 0
1107 8 1100 0 6 -12851 0 55 0
1108 8 903 0 -6 -12851 0 55 0
1109 12 742 500 6 -24 0 51 55
1110 12 903 742 -6 24 0 55 55
1111 8 742 0 -24 -12851 0 60 0
1112 12 742 1100 6 -24 0 55 55
1113 8 742 0 24 -12851 0 60 0
1114 12 1100 742 6 -24 0 55 55
1115 12 609 742 6 -24 0 51 51
1116 8 500 0 6 -12851 0 60 0
1117 8 500 0 24 -12851 0 55 0
1118 8 609 0 -24 -12851 0 60 0
1119 8 742 0 24 -12851 0 60 0
1120 8 742 0 -24 -12851 0 55 0
1121 8 742 0 -24 -12851 0 60 0
1122 12 500 742 6 -24 0 55 51
1123 12 609 742 6 -24 0 55 55
1124 8 903 0 -24 -12851 0 55 0
1125 8 500 0 -6 -12851 0 60 0
1126 12 903 742 6 -24 0 51 55
1127 8 1100 0 6 -12851 0 60 0
1128 12 1100 742 -6 24 0 51 51
1129 12 609 742 6 -24 0 55 51
1130 8 500 0 -24 -12851 0 55 0
1131 12 1100 742 -6 24 0 51 51
1132 12 742 1100 6 -24 0 51 55
1133 8 903 0 24 -12851 0 60 0
1134 12 500 742 -6 24 0 55 55
1135 8 609 0 -6 -12851 0 55 0
1136 8 903 0 6 -12851 0 60 0
1137 8 609 0 6 -12851 0 55 0
1138 12 742 609 -6 24 0 51 51
1139 12 1100 742 6 -24 0 51 51
1140 12 1100 742 -6 24 0 51 51
1141 8 1100 0 24 -12851 0 55 0
1142 12 500 742 -6 24 0 51 51
1143 12 742 500 -6 24 0 55 51
1144 8 1100 0 24 -12851 0 55 0
1145 8 609 0 24 -12851 0 60 0
1146 8 609 0 -6 -12851 0 55 0
1147 12 903 742 6 -24 0 51 55
1148 12 742 609 -6 24 0 51 51
1149 12 500 742 -6 24 0 55 51
1150 12 742 903 -6 24 0 55 55
1151 12 742 609 -6 24 0 51 51
1152 12 742 1100 -6 24 0 55 51
1153 8 903 0 -24 -12851 0 60 0
1154 8 1100 0 -24 -12851 0 60 0
1155 12 742 1100 -6 24 0 55 51
1156 12 500 742 -6 24 0 51 51
1157 12 500 742 -6 24 0 55 51
1158 8 1100 0 24 -12851 0 60 0
1159 8 500 0 24 -12851 0 55 0
1160 12 903 742 6 -24 0 51 55
1161 12 903 742 -6 24 0 55 55
1162 12 742 609 -6 24 0 55 55
1163 8 609 0 24 -12851 0 60 0
1164 12 500 742 -6 24 0 51 51
1165 12 742 609 6 -24 0 51 51
1166 12 742 1100 6 -24 0 51 51
1167 12 609 742 -6 24 0 51 51
1168 12 742 903 -6 24 0 55 55
1169 12 742 609 -6 24 0 55 55
1170 12 742 903 -6 24 0 51 51
1171 8 500 0 -6 -12851 1 60 0
1172 12 500 742 -6 24 0 51 55
1173 8 500 0 24 -12851 0 60 0
1174 8 609 0 -6 -12851 0 60 0
1175 12 609 742 6 -24 0 55 51
1176 12 742 500 6 -24 0 51 51
1177 12 742 500 6 -24 0 55 51
1178 8 742 0 6 -12851 0 60 0
1179 12 742 500 6 -24 0 51 55
1180 12 742 609 6 -24 0 55 55
1181 8 742 0 -24 -12851 0 55 0
1182 12 903 742 6 -24 0 55 55
1183 8 742 0 24 -12851 0 55 0
1184 8 1100 0 6 -12851 0 55 0
1185 8 903 0 -24 -12851 0 55 0
1186 8 903 0 6 -12851 0 55 0
1187 8 500 0 -6 -12851 0 60 0
1188 8 500 0 -6 -12851 0 55 0
1189 12 1100 742 -6 24 0 51 51
1190 8 742 0 6 -12851 0 55 0
1191 8 500 0 -6 -12851 0 60 0
1192 8 903 0 -24 -12851 0 60 0
1193 8 742 0 6 -12851 0 55 0
1194 12 742 609 6 -24 0 51 51
1195 8 1100 0 -24 -12851 0 60 0
1196 12 742 609 -6 24 0 51 55
1197 12 742 1100 -6 24 0 51 55
1198 12 500 742 -6 24 0 51 55
1199 8 500 0 24 -12851 0 60 0
1200 12 500 742 -6 24 0 55 51
1201 12 742 1100 6 -24 0 55 51
1202 8 1100 0 24 -12851 0 55 0
1203 8 903 0 6 -12851 0 55 0
1204 8 609 0 -6 -12851 0 60 0
1205 12 609 742 6 -24 0 55 51
1206 8 609 0 24 -12851 0 60 0
1207 8 742 0 -6 -12851 0 55 0
1208 12 609 742 -6 24 0 51 55
1209 12 742 500 6 -24 0 51 55
1210 8 609 0 -6 -12851 0 55 0
1211 12 742 500 6 -24 0 51 51
1212 12 500 742 -6 24 0 55 55
1213 8 1100 0 6 -12851 0 55 0
1214 8 903 0 -24 -12851 0 60 0
1215 12 500 742 6 -24 0 55 55
1216 12 1100 742 6 -24 0 51 51
1217 8 1100 0 6 -12851 0 60 0
1218 12 500 742 -6 24 0 51 55
1219 8 1100 0 24 -12851 0 60 0
1220 8 903 0 -24 -12851 0 55 0
1221 8 609 0 -6 -12851 0 60 0
1222 12 609 742 6 -24 0 55 55
1223 12 742 500 -6 24 0 51 51
1224 12 742 903 -6 24 0 51 51
1225 8 903 0 24 -12851 0 55 0
1226 8 609 0 -24 -12851 0 60 0
1227 12 500 742 6 -24 0 55 55
1228 12 1100 742 6 -24 0 51 51
1229 8 742 0 -6 -12851 0 60 0
1230 8 742 0 -24 -12851 0 60 0
1231 12 742 1100 6 -24 0 51 51
1232 8 609 0 -6 -12851 0 55 0
1233 8 903 0 6 -12851 0 55 0
1234 12 903 742 -6 24 0 55 55
1235 8 1100 0 -24 -12851 0 60 0
1236 12 500 742 -6 24 0 55 51
1237 8 1100 0 -6 -12851 0 55 0
1238 8 742 0 6 -12851 0 55 0
1239 8 500 0 6 -12851 0 60 0
1240 12 742 609 6 -24 0 51 51
1241 12 742 903 6 -24 0 51 51
1242 12 609 742 6 -24 0 55 51
1243 12 500 742 6 -24 0 55 55
1244 8 500 0 24 -12851 0 60 0
1245 8 500 0 24 -12851 0 55 0
1246 8 609 0 -24 -12851 0 55 0
1247 8 609 0 24 -12851 0 55 0
1248 8 742 0 -6 -12851 0 55 0
1249 8 609 0 24 -12851 0 60 0
1250 8 1100 0 -24 -12851 0 60 0
1251 12 1100 742 -6 24 0 55 55
1252 12 1100 742 -6 24 0 55 51
1253 12 742 609 6 -24 0 55 55
1254 12 500 742 6 -24 0 51 55
1255 12 1100 742 6 -24 0 51 51
1256 12 742 903 6 -24 0 51 55
1257 8 609 0 6 -12851 0 55 0
1258 8 500 0 24 -12851 0 60 0
1259 12 742 903 -6 24 0 55 55
1260 8 903 0 -6 -12851 0 55 0
1261 8 742 0 -6 -12851 0 60 0
1262 12 742 1100 -6 24 0 55 51
1263 8 1100 0 -24 -12851 0 60 0
1264 8 1100 0 6 -12851 0 60 0
1265 12 903 742 -6 24 0 55 55
1266 12 742 903 6 -24 0 51 51
1267 8 500 0 6 -12851 0 55 0
1268 8 742 0 -24 -12851 0 55 0
1269 8 903 0 24 -12851 0 55 0
1270 8 903 0 -24 -12851 0 55 0
1271 8 500 0 -6 -12851 0 60 0
1272 8 609 0 -24 -12851 0 60 0
1273 12 742 500 -6 24 0 51 51
1274 12 500 742 -6 24 0 51 51
1275 12 1100 742 6 -24 0 55 51
1276 8 609 0 6 -12851 0 60 0
1277 12 742 903 6 -24 0 55 55
1278 12 609 742 -6 24 0 55 51
1279 12 903 742 -6 24 0 51 51
1280 8 742 0 6 -12851 0 60 0
1281 12 742 903 -6 24 0 51 51
1282 8 1100 0 24 -12851 0 55 0
1283 8 500 0 24 -12851 0 60 0
1284 12 742 903 6 -24 0 51 55
1285 8 500 0 -6 -12851 0 55 0
1286 12 742 609 6 -24 0 51 51
1287 12 500 742 -6 24 0 51 51
1288 12 742 609 6 -24 0 51 51
1289 12 1100 742 -6 24 0 55 55
1290 12 609 742 6 -24 0 55 55
1291 12 742 500 -6 24 0 51 55
1292 12 742 609 -6 24 0 55 55
1293 8 903 0 6 -12851 0 60 0
1294 8 609 0 24 -12851 0 60 0
1295 8 609 0 -6 -12851 0 60 0
1296 8 742 0 -6 -12851 0 60 0
1297 12 742 1100 -6 24 0 55 55
1298 12 742 903 -6 24 0 51 51
1299 8 742 0 -24 -12851 0 60 0
1300 12 1100 742 6 -24 0 51 55
1301 12 903 742 -6 24 0 55 55
1302 12 742 1100 6 -24 0 55 55
1303 12 609 742 -6 24 0 51 55
1304 8 1100 0 -24 -12851 0 60 0
1305 12 500 742 6 -24 0 55 51
1306 12 500 742 -6 24 0 55 51
1307 8 500 0 24 -12851 0 55 0
1308 8 903 0 -24 -12851 0 55 0
1309 8 903 0 -24 -12851 0 60 0
1310 8 1100 0 6 -12851 0 60 0
1311 12 1100 742 6 -24 0 55 51
1312 12 742 903 6 -24 0 55 51
1313 8 500 0 6 -12851 0 60 0
1314 12 609 742 6 -24 0 51 55
1315 8 500 0 -6 -12851 0 60 0
1316 12 742 903 -6 24 0 51 55
1317 12 742 609 -6 24 0 55 55
1318 8 609 0 -24 -12851 0 55 0
1319 8 609 0 -6 -12851 0 60 0
1320 12 500 742 -6 24 0 55 55
1321 12 742 903 -6 24 0 51 55
1322 12 742 609 -6 24 0 55 51
1323 8 903 0 6 -12851 0 60 0
1324 12 609 742 6 -24 0 55 51
1325 12 1100 742 -6 24 0 55 51
1326 12 903 742 6 -24 0 51 51
1327 8 1100 0 -24 -12851 0 55 0
1328 8 742 0 -24 -12851 0 60 0
1329 12 500 742 6 -24 0 51 51
1330 8 1100 0 -24 -12851 0 60 0
1331 12 609 742 -6 24 0 51 55
1332 8 903 0 -6 -12851 0 55 0
1333 8 500 0 -6 -12851 0 55 0
1334 12 742 1100 -6 24 0 55 55
1335 12 742 903 -6 24 0 51 55
1336 8 742 0 24 -12851 0 55 0
1337 8 903 0 6 -12851 0 60 0
1338 8 1100 0 -24 -12851 0 60 0
1339 8 742 0 -6 -12851 0 60 0
1340 8 500 0 6 -12851 0 60 0
1341 8 609 0 6 -12851 0 60 0
1342 8 742 0 -6 -12851 0 55 0
1343 12 609 742 6 -24 0 55 55
1344 12 742 1100 -6 24 0 55 51
1345 12 500 742 6 -24 0 51 55
1346 12 1100 742 -6 24 0 55 51
1347 8 742 0 -24 -12851 0 55 0
1348 12 903 742 6 -24 0 51 55
1349 12 1100 742 6 -24 0 51 51
1350 8 609 0 6 -12851 0 55 0
1351 8 609 0 -24 -12851 0 55 0
1352 8 742 0 -6 -12851 0 55 0
1353 12 1100 742 -6 24 0 55 51
1354 8 500 0 -24 -12851 0 60 0
1355 8 609 0 24 -12851 0 60 0
1356 8 742 0 -24 -12851 0 60 0
1357 8 500 0 -6 -12851 0 60 0
1358 8 903 0 6 -12851 0 60 0
1359 8 903 0 -24 -12851 0 55 0
1360 8 903 0 24 -12851 0 55 0
1361 8 500 0 -24 -12851 0 55 0
1362 8 1100 0 -6 -12851 0 55 0
1363 12 742 1100 -6 24 0 55 51
1364 8 1100 0 24 -12851 0 60 0
1365 8 1100 0 24 -12851 0 55 0
1366 12 903 742 -6 24 0 55 51
1367 12 500 742 -6 24 0 51 55
1368 12 609 742 6 -24 0 55 51
1369 8 903 0 24 -12851 0 55 0
1370 8 903 0 -6 -12851 0 60 0
1371 8 903 0 24 -12851 0 60 0
1372 12 742 903 -6 24 0 51 51
1373 8 903 0 6 -12851 0 60 0
1374 12 903 742 6 -24 0 55 55
1375 8 1100 0 24 -12851 0 60 0
1376 8 1100 0 6 -12851 0 55 0
1377 12 742 1100 -6 24 0 51 55
1378 8 609 0 6 -12851 0 55 0
1379 12 903 742 -6 24 0 51 55
1380 12 742 500 -6 24 0 55 55
1381 8 742 0 24 -12851 0 55 0
1382 8 500 0 -6 -12851 0 55 0
1383 8 1100 0 -24 -12851 0 60 0
1384 12 742 500 -6 24 0 51 51
1385 8 609 0 24 -12851 0 60 0
1386 8 609 0 -24 -12851 0 55 0
1387 8 742 0 -24 -12851 0 60 0
1388 12 1100 742 6 -24 0 55 55
1389 12 1100 742 6 -24 0 55 51
1390 8 742 0 6 -12851 0 55 0
1391 8 500 0 -6 -12851 0 60 0
1392 8 500 0 24 -12851 0 60 0
1393 12 742 1100 6 -24 0 55 55
1394 12 500 742 -6 24 0 51 55
1395 12 742 1100 -6 24 0 55 51
1396 8 609 0 24 -12851 0 55 0
1397 12 742 903 -6 24 0 55 55
1398 12 742 500 6 -24 0 51 51
1399 8 609 0 24 -12851 0 60 0
1400 8 742 0 -24 -12851 0 55 0
1401 8 1100 0 -24 -12851 0 60 0
1402 8 500 0 -6 -12851 0 60 0
1403 8 500 0 -6 -12851 0 60 0
1404 8 903 0 6 -12851 0 60 0
1405 12 1100 742 6 -24 0 55 51
1406 8 609 0 6 -12851 0 60 0
1407 8 609 0 -6 -12851 0 60 0
1408 8 742 0 -24 -12851 0 55 0
1409 8 742 0 -6 -12851 0 60 0
1410 12 1100 742 -6 24 0 51 51
1411 8 1100 0 6 -12851 0 55 0
1412 12 1100 742 -6 24 0 55 55
1413 8 500 0 6 -12851 0 60 0
1414 12 609 742 -6 24 0 55 51
1415 12 742 903 -6 24 0 51 51
1416 12 609 742 -6 24 0 51 55
1417 12 903 742 6 -24 0 55 55
1418 8 903 0 -24 -12851 0 60 0
1419 12 742 903 -6 24 0 51 51
1420 12 500 742 6 -24 0 55 51
1421 8 903 0 6 -12851 0 55 0
1422 12 609 742 -6 24 0 55 55
1423 8 1100 0 24 -12851 0 60 0
1424 8 742 0 24 -12851 0 60 0
1425 8 742 0 -24 -12851 0 60 0
1426 12 742 1100 -6 24 0 55 55
1427 8 500 0 -6 -12851 0 55 0
1428 12 903 742 -6 24 0 51 51
1429 12 903 742 -6 24 0 55 55
1430 8 742 0 6 -12851 0 60 0
1431 8 903 0 24 -12851 0 60 0
1432 12 742 903 6 -24 0 55 51
1433 12 742 903 -6 24 0 55 51
1434 12 609 742 6 -24 0 51 55
1435 8 742 0 6 -12851 0 60 0
1436 12 742 500 -6 24 0 51 51
1437 12 500 742 -6 24 0 51 51
1438 12 742 1100 -6 24 0 51 51
1439 12 742 1100 6 -24 0 51 51
1440 8 1100 0 24 -12851 0 60 0
1441 8 1100 0 6 -12851 0 60 0
1442 8 903 0 -6 -12851 0 60 0
1443 8 1100 0 24 -12851 0 60 0
1444 12 609 742 6 -24 0 51 55
1445 12 742 903 -6 24 0 55 51
1446 8 903 0 6 -12851 0 55 0
1447 8 500 0 -6 -12851 0 55 0
1448 8 500 0 24 -12851 0 55 0
1449 8 609 0 24 -12851 0 60 0
1450 8 609 0 -6 -12851 0 60 0
1451 8 609 0 -24 -12851 0 55 0
1452 8 609 0 -24 -12851 0 60 0
1453 12 903 742 6 -24 0 51 51
1454 12 609 742 -6 24 0 51 55
1455 8 609 0 -24 -12851 0 55 0
1456 8 742 0 -24 -12851 0 55 0
1457 8 1100 0 24 -12851 0 60 0
1458 12 742 1100 6 -24 0 55 55
1459 8 500 0 -24 -12851 0 60 0
1460 8 903 0 24 -12851 1 55 0
1461 12 609 742 -6 24 0 55 55
1462 8 500 0 -6 -12851 0 55 0
1463 12 742 500 -6 24 0 51 51
1464 12 742 1100 6 -24 0 51 51
1465 12 742 609 6 -24 0 51 55
1466 8 903 0 6 -12851 0 60 0
1467 12 609 742 6 -24 0 55 55
1468 8 903 0 -24 -12851 0 60 0
1469 12 742 903 -6 24 0 51 51
1470 12 609 742 -6 24 0 55 51
1471 8 742 0 24 -12851 0 60 0
1472 12 742 1100 6 -24 0 55 55
1473 8 609 0 24 -12851 0 60 0
1474 12 742 609 6 -24 0 51 51
1475 8 1100 0 6 -12851 0 55 0
1476 8 742 0 -24 -12851 0 55 0
1477 8 1100 0 -24 -12851 0 55 0
1478 8 609 0 24 -12851 0 60 0
1479 12 1100 742 6 -24 0 55 55
1480 8 500 0 6 -12851 0 60 0
1481 8 903 0 -6 -12851 0 55 0
1482 12 903 742 6 -24 0 51 51
1483 8 903 0 -6 -12851 0 60 0
1484 8 609 0 24 -12851 0 55 0
1485 8 903 0 6 -12851 0 60 0
1486 8 1100 0 6 -12851 0 55 0
1487 12 500 742 6 -24 0 51 51
1488 8 903 0 -24 -12851 0 55 0
1489 12 742 903 6 -24 0 51 51
1490 8 742 0 -6 -12851 0 60 0
1491 12 609 742 -6 24 0 55 55
1492 8 609 0 6 -12851 0 55 0
1493 12 742 1100 6 -24 0 55 55
1494 12 500 742 6 -24 0 51 51
1495 8 609 0 -6 -12851 0 55 0
1496 12 500 742 -6 24 0 55 55
1497 12 1100 742 6 -24 0 51 51
1498 8 500 0 -6 -12851 0 60 0
1499 8 1100 0 6 -12851 0 60 0
1500 8 500 0 6 -12851 0 55 0
1501 8 500 0 -6 -12851 0 55 0
1502 12 742 609 -6 24 0 51 51
1503 8 1100 0 -24 -12851 0 60 0
1504 8 742 0 -24 -12851 0 60 0
1505 8 742 0 -6 -12851 0 55 0
1506 12 742 500 6 -24 0 55 55
1507 8 609 0 24 -12851 0 60 0
1508 8 609 0 24 -12851 0 55 0
1509 12 742 903 -6 24 0 55 55
1510 8 500 0 24 -12851 0 60 0
1511 12 609 742 -6 24 0 51 51
1512 8 1100 0 -6 -12851 0 60 0
1513 8 1100 0 24 -12851 0 55 0
1514 8 609 0 24 -12851 0 60 0
1515 12 609 742 -6 24 0 51 55
1516 8 1100 0 -24 -12851 0 60 0
1517 8 903 0 6 -12851 0 55 0
1518 12 609 742 6 -24 0 55 51
1519 12 742 903 6 -24 0 55 55
1520 8 609 0 6 -12851 0 55 0
1521 8 500 0 -6 -12851 1 60 0
1522 8 903 0 24 -12851 0 55 0
1523 8 500 0 -24 -12851 0 55 0
1524 8 742 0 24 -12851 0 55 0
1525 8 742 0 24 -12851 1 60 0
1526 12 609 742 -6 24 0 51 51
1527 12 742 609 6 -24 0 55 51
1528 8 742 0 6 -12851 0 60 0
1529 12 742 609 -6 24 0 51 55
1530 8 903 0 -6 -12851 0 60 0
1531 8 1100 0 6 -12851 0 60 0
1532 8 1100 0 24 -12851 0 60 0
1533 8 742 0 6 -12851 0 55 0
1534 8 742 0 24 -12851 0 60 0
1535 8 903 0 24 -12851 0 55 0
1536 12 609 742 -6 24 0 55 55
1537 8 1100 0 24 -12851 0 55 0
1538 8 500 0 -6 -12851 0 60 0
1539 8 609 0 24 -12851 0 60 0
1540 12 903 742 6 -24 0 51 51
1541 12 742 1100 -6 24 0 51 51
1542 8 500 0 -24 -12851 0 55 0
1543 8 609 0 -6 -12851 0 60 0
1544 8 609 0 24 -12851 0 60 0
1545 8 500 0 -6 -12851 0 60 0
1546 8 1100 0 -24 -12851 0 55 0
1547 8 742 0 24 -12851 0 60 0
1548 8 903 0 24 -12851 0 60 0
1549 8 903 0 -24 -12851 0 55 0
1550 12 742 609 -6 24 0 51 51
1551 12 742 500 -6 24 0 51 55
1552 12 742 903 6 -24 0 55 51
1553 8 742 0 6 -12851 0 55 0
1554 8 742 0 24 -12851 0 60 0
1555 8 742 0 -6 -12851 0 55 0
1556 12 742 609 6 -24 0 55 55
1557 8 903 0 24 -12851 0 60 0
1558 8 609 0 -6 -12851 0 60 0
1559 12 742 500 -6 24 0 51 55
1560 8 609 0 -24 -12851 0 55 0
1561 8 742 0 24 -12851 0 60 0
1562 12 609 742 -6 24 0 51 55
1563 12 742 500 6 -24 0 55 51
1564 12 500 742 -6 24 0 55 55
1565 8 609 0 -24 -12851 0 55 0
1566 8 1100 0 -6 -12851 0 55 0
1567 12 742 903 -6 24 0 51 55
1568 12 742 903 -6 24 0 55 51
1569 8 500 0 24 -12851 0 60 0
1570 12 1100 742 6 -24 0 51 55
1571 12 903 742 -6 24 0 51 51
1572 12 903 742 6 -24 0 51 55
1573 8 500 0 24 -12851 0 60 0
1574 12 1100 742 -6 24 0 55 51
1575 8 500 0 6 -12851 0 60 0
1576 8 903 0 -6 -12851 0 60 0
1577 8 903 0 -6 -12851 0 60 0
1578 12 903 742 6 -24 0 51 51
1579 8 1100 0 -6 -12851 0 55 0
1580 12 742 500 -6 24 0 55 55
1581 12 609 742 -6 24 0 51 55
1582 12 742 903 -6 24 0 51 51
1583 8 1100 0 24 -12851 0 60 0
1584 12 742 1100 6 -24 0 55 55
1585 8 609 0 -6 -12851 0 55 0
1586 8 609 0 6 -12851 0 55 0
1587 8 903 0 -24 -12851 0 55 0
1588 12 742 1100 -6 24 0 51 51
1589 12 609 742 -6 24 0 55 51
1590 8 742 0 24 -12851 0 55 0
1591 8 500 0 -24 -12851 0 55 0
1592 12 609 742 6 -24 0 51 51
1593 12 742 609 -6 24 0 55 51
1594 8 1100 0 6 -12851 0 55 0
1595 8 500 0 -24 -12851 0 55 0
1596 12 742 1100 -6 24 0 55 55
1597 12 742 500 -6 24 0 55 51
1598 8 742 0 24 -12851 0 55 0
1599 8 609 0 -24 -12851 0 60 0
1600 12 1100 742 6 -24 0 51 51
1601 8 500 0 -6 -12851 0 60 0
1602 12 742 500 6 -24 0 55 55
1603 8 742 0 6 -12851 0 55 0
1604 8 609 0 -6 -12851 0 60 0
1605 8 903 0 6 -12851 0 60 0
1606 12 742 500 -6 24 0 55 51
1607 8 903 0 24 -12851 0 60 0
1608 8 1100 0 -24 -12851 0 60 0
1609 8 1100 0 6 -12851 0 60 0
1610 8 500 0 24 -12851 0 60 0
1611 12 500 742 -6 24 0 51 51
1612 12 1100 742 6 -24 0 51 51
1613 12 742 903 -6 24 0 55 51
1614 12 742 500 6 -24 0 51 55
1615 12 742 903 -6 24 0 51 51
1616 8 500 0 24 -12851 0 60 0
1617 12 1100 742 6 -24 0 51 51
1618 8 500 0 24 -12851 0 60 0
1619 8 1100 0 6 -12851 0 55 0
1620 12 742 500 6 -24 0 51 55
1621 8 1100 0 6 -12851 0 60 0
1622 8 742 0 6 -12851 0 60 0
1623 12 500 742 -6 24 0 55 55
1624 12 609 742 6 -24 0 55 55
1625 8 742 0 -6 -12851 0 60 0
1626 8 500 0 -24 -12851 0 55 0
1627 8 742 0 6 -12851 0 55 0
1628 12 742 1100 -6 24 0 51 55
1629 8 1100 0 -6 -12851 0 60 0
1630 12 500 742 -6 24 0 55 51
1631 8 903 0 24 -12851 0 55 0
1632 8 609 0 -6 -12851 0 55 0
1633 12 742 500 -6 24 0 55 51
1634 12 903 742 -6 24 0 55 51
1635 12 903 742 -6 24 0 51 51
1636 12 742 500 -6 24 0 55 51
1637 12 742 903 -6 24 0 55 51
1638 12 742 1100 -6 24 0 55 55
1639 8 903 0 6 -12851 0 60 0
1640 8 609 0 -24 -12851 0 55 0
1641 8 903 0 -6 -12851 0 60 0
1642 8 609 0 -24 -12851 0 60 0
1643 8 609 0 -6 -12851 0 55 0
1644 8 609 0 24 -12851 0 60 0
1645 12 609 742 -6 24 0 55 55
1646 12 742 609 6 -24 0 51 51
1647 8 1100 0 -24 -12851 0 60 0
1648 12 742 1100 6 -24 0 55 55
1649 8 500 0 24 -12851 0 60 0
1650 12 500 742 -6 24 0 51 51
1651 8 903 0 24 -12851 0 55 0
1652 8 1100 0 6 -12851 0 60 0
1653 8 609 0 24 -12851 0 60 0
1654 12 742 609 -6 24 0 55 55
1655 12 742 609 6 -24 0 51 51
1656 12 742 609 -6 24 0 51 55
1657 8 500 0 -6 -12851 0 55 0
1658 12 742 1100 -6 24 0 51 55
1659 8 1100 0 6 -12851 0 55 0
1660 8 500 0 24 -12851 0 55 0
1661 12 742 500 -6 24 0 55 55
1662 12 500 742 6 -24 0 55 51
1663 12 903 742 -6 24 0 55 51
1664 12 1100 742 6 -24 0 51 55
1665 8 742 0 -6 -12851 0 55 0
1666 12 742 903 -6 24 0 51 51
1667 8 609 0 -6 -12851 0 55 0
1668 8 903 0 24 -12851 0 55 0
1669 8 742 0 24 -12851 0 60 0
1670 8 903 0 24 -12851 0 55 0
1671 8 742 0 -24 -12851 0 55 0
1672 8 500 0 -6 -12851 0 55 0
1673 8 500 0 6 -12851 0 60 0
1674 8 1100 0 -6 -12851 0 60 0
1675 12 1100 742 -6 24 0 51 51
1676 8 609 0 -24 -12851 0 55 0
1677 12 742 1100 6 -24 0 55 51
1678 8 1100 0 -24 -12851 0 55 0
1679 12 742 903 6 -24 0 51 55
1680 12 1100 742 -6 24 0 51 51
1681 8 1100 0 24 -12851 0 60 0
1682 8 742 0 -24 -12851 0 60 0
1683 12 609 742 6 -24 0 51 55
1684 8 742 0 6 -12851 0 60 0
1685 12 742 609 -6 24 0 55 55
1686 8 609 0 24 -12851 0 60 0
1687 8 500 0 -6 -12851 0 55 0
1688 12 742 500 6 -24 0 55 55
1689 8 609 0 24 -12851 0 55 0
1690 12 609 742 -6 24 0 51 55
1691 12 742 1100 6 -24 0 51 51
1692 8 500 0 -6 -12851 0 60 0
1693 8 742 0 6 -12851 0 60 0
1694 8 903 0 24 -12851 0 60 0
1695 8 903 0 6 -12851 0 55 0
1696 12 609 742 6 -24 0 51 51
1697 12 742 609 6 -24 0 51 51
1698 8 903 0 -6 -12851 0 60 0
1699 8 609 0 -6 -12851 0 55 0
1700 8 609 0 6 -12851 0 55 0
1701 8 742 0 24 -12851 0 55 0
1702 12 742 903 -6 24 0 55 55
1703 12 903 742 6 -24 0 55 55
1704 8 609 0 6 -12851 0 55 0
1705 8 1100 0 -6 -12851 0 55 0
1706 8 609 0 -24 -12851 0 60 0
1707 8 500 0 6 -12851 0 55 0
1708 8 903 0 24 -12851 0 60 0
1709 8 742 0 -6 -12851 0 60 0
1710 12 742 1100 -6 24 0 55 51
1711 8 1100 0 24 -12851 0 60 0
1712 8 1100 0 -24 -12851 0 55 0
1713 8 500 0 6 -12851 0 60 0
1714 12 609 742 -6 24 0 55 51
1715 12 1100 742 -6 24 0 55 51
1716 8 742 0 -6 -12851 0 55 0
1717 8 903 0 -6 -12851 0 55 0
1718 12 742 609 6 -24 0 55 55
1719 8 903 0 -24 -12851 0 60 0
1720 8 500 0 -24 -12851 0 55 0
1721 12 500 742 6 -24 0 51 55
1722 8 1100 0 24 -12851 0 55 0
1723 12 742 609 6 -24 0 51 55
1724 8 1100 0 24 -12851 0 60 0
1725 8 742 0 -24 -12851 0 60 0
1726 8 742 0 24 -12851 0 55 0
1727 8 500 0 6 -12851 0 60 0
1728 12 609 742 -6 24 0 51 51
1729 12 742 1100 -6 24 0 55 51
1730 8 903 0 24 -12851 0 60 0
1731 8 742 0 24 -12851 0 55 0
1732 8 500 0 24 -12851 0 60 0
1733 8 903 0 6 -12851 0 55 0
1734 8 609 0 -6 -12851 0 55 0
1735 8 903 0 24 -12851 0 60 0
1736 8 500 0 -24 -12851 0 60 0
1737 12 500 742 6 -24 0 51 55
1738 12 903 742 -6 24 0 55 51
1739 12 742 500 -6 24 0 55 55
1740 12 1100 742 -6 24 0 51 51
1741 12 500 742 -6 24 0 55 51
1742 8 609 0 -24 -12851 0 60 0
1743 8 1100 0 24 -12851 0 55 0
1744 8 1100 0 6 -12851 0 55 0
1745 12 742 903 -6 24 0 51 51
1746 8 609 0 6 -12851 0 55 0
1747 8 1100 0 -24 -12851 0 60 0
1748 8 1100 0 -24 -12851 0 60 0
1749 8 742 0 24 -12851 0 60 0
1750 12 742 609 -6 24 0 55 55
1751 8 742 0 6 -12851 0 55 0
1752 8 500 0 24 -12851 0 55 0
1753 12 1100 742 -6 24 0 51 55
1754 12 1100 742 -6 24 0 51 55
1755 8 903 0 -6 -12851 0 60 0
1756 8 742 0 -6 -12851 0 60 0
1757 12 742 500 -6 24 0 55 55
1758 8 500 0 6 -12851 0 60 0
1759 12 609 742 -6 24 0 55 51
1760 8 903 0 -24 -12851 0 60 0
1761 8 609 0 -6 -12851 0 55 0
1762 8 903 0 6 -12851 0 55 0
1763 12 742 1100 -6 24 0 51 55
1764 8 500 0 -24 -12851 0 60 0
1765 8 609 0 -6 -12851 0 60 0
1766 8 1100 0 -6 -12851 0 60 0
1767 8 1100 0 24 -12851 0 55 0
1768 8 609 0 24 -12851 0 55 0
1769 12 742 903 6 -24 0 51 51
1770 12 500 742 -6 24 0 51 51
1771 12 903 742 -6 24 0 51 55
1772 8 1100 0 24 -12851 0 60 0
1773 12 742 609 6 -24 0 55 51
1774 12 609 742 -6 24 0 51 55
1775 8 1100 0 -24 -12851 0 60 0
1776 12 742 609 6 -24 0 51 55
1777 8 903 0 -6 -12851 0 60 0
1778 8 609 0 24 -12851 0 55 0
1779 12 742 609 -6 24 0 55 55
1780 12 500 742 6 -24 0 55 51
1781 12 742 1100 6 -24 0 51 55
1782 8 903 0 -6 -12851 0 55 0
1783 12 500 742 6 -24 0 55 55
1784 12 500 742 -6 24 0 55 55
1785 12 500 742 6 -24 0 55 51
1786 8 609 0 24 -12851 0 55 0
1787 8 742 0 6 -12851 0 55 0
1788 8 742 0 -6 -12851 0 55 0
1789 12 609 742 -6 24 0 51 51
1790 8 609 0 -24 -12851 0 60 0
1791 12 903 742 -6 24 0 55 55
1792 8 903 0 6 -12851 0 60 0
1793 8 1100 0 24 -12851 0 55 0
1794 12 742 903 -6 24 0 51 55
1795 8 1100 0 6 -12851 0 60 0
1796 12 903 742 6 -24 0 55 55
1797 8 742 0 -6 -12851 0 55 0
1798 8 500 0 6 -12851 0 60 0
1799 12 903 742 -6 24 0 51 55
1800 8 500 0 24 -12851 0 60 0
1801 8 500 0 -24 -12851 0 55 0
1802 12 609 742 -6 24 0 55 55
1803 8 742 0 -6 -12851 0 60 0
1804 8 742 0 6 -12851 0 60 0
1805 12 903 742 6 -24 0 55 51
1806 8 500 0 -6 -12851 0 60 0
1807 12 742 500 6 -24 0 55 51
1808 8 903 0 -24 -12851 0 60 0
1809 8 609 0 -24 -12851 0 60 0
1810 8 500 0 24 -12851 0 60 0
1811 8 742 0 -24 -12851 0 55 0
1812 12 742 609 -6 24 0 51 51
1813 8 500 0 6 -12851 0 55 0
1814 8 1100 0 24 -12851 0 55 0
1815 12 742 609 -6 24 0 55 51
1816 8 609 0 6 -12851 0 60 0
1817 12 742 609 6 -24 0 55 55
1818 8 742 0 6 -12851 0 60 0
1819 8 609 0 6 -12851 0 60 0
1820 12 500 742 -6 24 0 51 51
1821 8 1100 0 24 -12851 0 60 0
1822 12 742 1100 -6 24 0 55 51
1823 12 903 742 6 -24 0 55 51
1824 12 742 500 -6 24 0 55 55
1825 8 1100 0 6 -12851 0 60 0
1826 8 903 0 6 -12851 0 60 0
1827 8 903 0 -24 -12851 0 55 0
1828 8 1100 0 -6 -12851 0 60 0
1829 12 742 609 -6 24 0 55 51
1830 8 1100 0 6 -12851 0 55 0
1831 8 742 0 24 -12851 0 55 0
1832 12 903 742 -6 24 0 55 55
1833 8 742 0 -6 -12851 0 55 0
