306 8 903 0 6 -12851 1 60 0
307 8 903 0 6 -12851 1 60 0
308 12 742 500 -6 24 1 55 51
309 8 609 0 6 -12851 1 55 0
310 8 609 0 24 -12851 0 60 0
311 12 1100 742 6 -24 0 51 51
312 12 609 742 6 -24 0 55 55
313 8 500 0 -6 -12851 1 60 0
314 12 742 903 6 -24 1 51 51
315 12 742 1100 6 -24 1 55 51
316 8 609 0 -6 -12851 1 60 0
317 8 500 0 24 -12851 0 60 0
318 8 903 0 24 -12851 1 55 0
319 12 500 742 6 -24 0 55 55
320 8 609 0 -24 -12851 1 60 0
321 12 609 742 -6 24 1 55 51
322 8 500 0 24 -12851 1 55 0
323 8 742 0 -24 -12851 1 60 0
324 12 1100 742 6 -24 0 55 55
325 12 609 742 6 -24 1 51 51
326 8 1100 0 24 -12851 1 55 0
327 12 609 742 6 -24 1 55 51
328 8 742 0 -6 -12851 0 55 0
329 12 609 742 -6 24 0 55 51
330 8 742 0 -24 -12851 1 55 0
331 8 1100 0 24 -12851 1 55 0
332 12 742 903 -6 24 1 55 51
333 8 1100 0 6 -12851 1 60 0
334 8 903 0 -6 -12851 0 60 0
335 8 903 0 -6 -12851 0 55 0
336 8 742 0 24 -12851 1 60 0
337 8 742 0 -6 -12851 0 55 0
338 8 500 0 -24 -12851 1 55 0
339 12 500 742 -6 24 1 51 51
340 8 500 0 6 -12851 1 55 0
341 12 742 500 -6 24 1 51 51
342 12 742 609 6 -24 1 51 55
343 12 742 1100 6 -24 1 55 55
344 8 903 0 24 -12851 0 60 0
345 8 609 0 -24 -12851 1 60 0
346 12 742 500 -6 24 0 55 51
347 8 1100 0 -6 -12851 0 60 0
348 12 1100 742 -6 24 0 55 55
349 12 903 742 6 -24 1 55 55
350 8 903 0 -6 -12851 1 55 0
351 12 742 1100 -6 24 0 51 51
352 12 609 742 -6 24 0 55 51
353 8 500 0 24 -12851 1 55 0
354 12 742 903 6 -24 1 55 55
355 8 1100 0 -24 -12851 1 60 0
356 8 1100 0 6 -12851 1 60 0
357 8 609 0 -6 -12851 1 55 0
358 12 500 742 -6 24 1 55 51
359 12 609 742 6 -24 0 51 55
360 8 903 0 6 -12851 1 55 0
361 8 742 0 -24 -12851 1 55 0
362 8 742 0 24 -12851 1 55 0
363 8 609 0 -6 -12851 1 60 0
364 8 500 0 -24 -12851 1 60 0
365 12 742 609 6 -24 1 51 55
366 12 742 903 6 -24 1 51 51
367 8 500 0 6 -12851 1 55 0
368 12 742 1100 6 -24 1 55 55
369 8 742 0 24 -12851 0 60 0
370 8 609 0 6 -12851 1 60 0
371 8 742 0 24 -12851 1 60 0
372 8 903 0 -24 -12851 1 55 0
373 12 1100 742 6 -24 0 51 55
374 12 742 609 -6 24 0 55 51
375 12 742 1100 6 -24 0 51 55
376 12 1100 742 -6 24 0 51 51
377 12 1100 742 6 -24 1 55 55
378 12 742 500 -6 24 0 55 51
379 8 1100 0 6 -12851 0 55 0
380 8 500 0 -6 -12851 0 60 0
381 8 500 0 24 -12851 0 55 0
382 8 1100 0 24 -12851 1 60 0
383 8 903 0 24 -12851 1 60 0
384 8 742 0 -6 -12851 0 55 0
385 8 903 0 -24 -12851 1 55 0
386 12 609 742 6 -24 1 51 55
387 8 609 0 6 -12851 1 60 0
388 12 1100 742 6 -24 0 51 55
389 8 609 0 24 -12851 0 60 0
390 12 742 609 -6 24 0 55 51
391 8 1100 0 6 -12851 1 55 0
392 8 903 0 -24 -12851 0 55 0
393 8 903 0 -6 -12851 1 55 0
394 8 609 0 -24 -12851 1 60 0
395 12 609 742 -6 24 1 51 51
396 8 500 0 24 -12851 1 55 0
397 8 500 0 -6 -12851 1 55 0
398 12 742 903 6 -24 1 55 51
399 8 903 0 -6 -12851 0 55 0
400 12 742 609 -6 24 1 55 55
401 12 903 742 6 -24 1 55 55
402 8 609 0 -24 -12851 1 60 0
403 8 1100 0 -6 -12851 1 55 0
404 12 742 903 6 -24 1 55 55
405 8 742 0 6 -12851 1 55 0
406 8 500 0 6 -12851 1 55 0
407 8 609 0 24 -12851 1 55 0
408 8 903 0 6 -12851 1 55 0
409 12 903 742 6 -24 1 51 55
410 8 742 0 24 -12851 1 60 0
411 8 1100 0 -6 -12851 1 60 0
412 8 1100 0 6 -12851 0 55 0
413 12 742 903 6 -24 1 51 51
414 12 742 1100 6 -24 1 51 55
415 12 742 1100 -6 24 0 51 55
416 8 742 0 -24 -12851 1 60 0
417 12 742 1100 -6 24 0 51 51
418 8 609 0 24 -12851 1 60 0
419 8 609 0 24 -12851 1 55 0
420 12 500 742 -6 24 0 51 55
421 8 1100 0 -6 -12851 0 55 0
422 8 500 0 -6 -12851 1 60 0
423 12 903 742 6 -24 0 55 55
424 8 742 0 -24 -12851 1 60 0
425 8 742 0 -6 -12851 1 60 0
426 12 500 742 -6 24 1 55 51
427 8 903 0 6 -12851 1 60 0
428 12 1100 742 6 -24 1 51 51
429 8 1100 0 -6 -12851 1 55 0
430 12 1100 742 -6 24 0 55 51
431 8 903 0 -6 -12851 1 55 0
432 8 742 0 -24 -12851 1 55 0
433 8 609 0 24 -12851 1 60 0
434 12 742 903 6 -24 1 51 55
435 8 903 0 -24 -12851 1 60 0
436 8 500 0 -24 -12851 1 55 0
437 12 742 609 -6 24 0 55 55
438 8 1100 0 -24 -12851 1 55 0
439 8 609 0 -6 -12851 0 60 0
440 12 742 609 6 -24 1 55 55
441 12 1100 742 6 -24 1 55 51
442 8 500 0 -24 -12851 1 55 0
443 12 742 609 -6 24 0 51 55
444 8 1100 0 -24 -12851 0 60 0
445 8 1100 0 24 -12851 1 55 0
446 8 1100 0 6 -12851 1 55 0
447 8 1100 0 24 -12851 1 55 0
448 8 609 0 -6 -12851 0 55 0
449 8 742 0 -6 -12851 0 60 0
450 8 500 0 24 -12851 1 55 0
451 8 903 0 24 -12851 1 55 0
452 8 609 0 6 -12851 1 55 0
453 12 742 500 6 -24 0 51 55
454 8 903 0 -6 -12851 0 60 0
455 12 742 903 6 -24 1 51 51
456 8 903 0 24 -12851 1 60 0
457 8 742 0 24 -12851 0 55 0
458 8 742 0 -6 -12851 1 55 0
459 12 742 903 6 -24 1 55 55
460 12 609 742 -6 24 1 55 55
461 12 609 742 -6 24 1 51 55
462 12 903 742 6 -24 1 51 51
463 12 742 903 -6 24 1 55 51
464 8 609 0 -24 -12851 1 60 0
465 12 609 742 -6 24 0 55 55
466 8 500 0 -6 -12851 1 60 0
467 8 500 0 -6 -12851 0 60 0
468 8 742 0 6 -12851 1 55 0
469 8 742 0 -24 -12851 1 60 0
470 8 609 0 6 -12851 1 60 0
471 12 742 500 -6 24 1 55 55
472 12 742 500 -6 24 0 51 51
473 12 903 742 -6 24 1 55 51
474 12 1100 742 -6 24 1 51 55
475 12 500 742 -6 24 0 51 55
476 12 742 903 -6 24 1 51 51
477 12 903 742 6 -24 1 51 55
478 8 903 0 -6 -12851 1 55 0
479 12 903 742 -6 24 1 55 55
480 12 903 742 -6 24 0 55 51
481 12 609 742 -6 24 1 51 55
482 12 1100 742 6 -24 1 55 51
483 12 903 742 6 -24 1 55 51
484 8 903 0 -24 -12851 1 55 0
485 8 903 0 24 -12851 1 60 0
486 8 742 0 6 -12851 1 55 0
487 8 1100 0 24 -12851 1 60 0
488 8 742 0 -6 -12851 1 55 0
489 8 500 0 -24 -12851 1 55 0
490 8 609 0 6 -12851 1 60 0
491 8 609 0 6 -12851 1 60 0
492 8 500 0 24 -12851 1 60 0
493 8 500 0 -6 -12851 1 55 0
494 8 1100 0 -6 -12851 1 55 0
495 8 1100 0 24 -12851 1 55 0
496 8 1100 0 -6 -12851 0 60 0
497 12 903 742 -6 24 1 55 51
498 12 1100 742 6 -24 0 55 55
499 12 742 500 -6 24 1 51 51
500 12 742 1100 -6 24 1 51 55
501 8 1100 0 6 -12851 1 60 0
502 8 500 0 6 -12851 1 60 0
503 12 1100 742 6 -24 1 55 55
504 8 1100 0 24 -12851 1 60 0
505 12 742 500 -6 24 0 55 55
506 12 1100 742 -6 24 1 55 55
507 8 1100 0 24 -12851 0 55 0
508 8 742 0 -24 -12851 1 55 0
509 12 609 742 -6 24 0 55 51
510 8 609 0 -24 -12851 1 60 0
511 8 903 0 6 -12851 1 60 0
512 8 742 0 24 -12851 1 60 0
513 8 609 0 6 -12851 1 55 0
514 8 903 0 -24 -12851 1 55 0
515 8 500 0 6 -12851 1 60 0
516 12 742 903 -6 24 0 51 55
517 12 742 1100 6 -24 1 51 51
518 8 500 0 -6 -12851 0 55 0
519 8 903 0 -6 -12851 1 55 0
520 8 609 0 6 -12851 1 55 0
521 12 1100 742 6 -24 0 55 55
522 12 742 1100 -6 24 0 55 51
523 8 742 0 -24 -12851 1 60 0
524 12 742 1100 -6 24 1 51 51
525 12 742 1100 -6 24 0 55 51
526 8 609 0 24 -12851 1 60 0
527 12 742 903 6 -24 1 55 51
528 12 903 742 6 -24 1 55 55
529 8 609 0 -24 -12851 1 55 0
530 12 500 742 6 -24 1 51 55
531 12 500 742 -6 24 1 51 55
532 8 500 0 6 -12851 1 55 0
533 8 903 0 -24 -12851 1 60 0
534 8 742 0 -6 -12851 1 60 0
535 12 500 742 -6 24 0 51 55
536 8 903 0 6 -12851 0 55 0
537 8 500 0 24 -12851 0 55 0
538 8 1100 0 -6 -12851 0 60 0
539 8 903 0 -24 -12851 0 55 0
540 12 742 1100 6 -24 1 55 55
541 8 1100 0 24 -12851 1 55 0
542 8 1100 0 -24 -12851 0 55 0
543 12 903 742 -6 24 1 55 55
544 12 1100 742 6 -24 1 55 55
545 12 903 742 6 -24 1 51 51
546 8 609 0 -24 -12851 1 55 0
547 12 903 742 -6 24 1 51 51
548 12 1100 742 6 -24 1 55 55
549 8 742 0 -6 -12851 0 60 0
550 8 609 0 -6 -12851 1 60 0
551 12 1100 742 6 -24 1 51 51
552 8 742 0 6 -12851 1 55 0
553 12 742 500 6 -24 1 55 55
554 8 500 0 -24 -12851 1 60 0
555 8 903 0 -6 -12851 0 55 0
556 8 903 0 -24 -12851 1 55 0
557 8 1100 0 -6 -12851 1 60 0
558 12 742 903 -6 24 0 55 55
559 12 742 1100 6 -24 1 55 55
560 12 609 742 6 -24 0 51 51
561 12 1100 742 6 -24 1 51 51
562 8 500 0 -6 -12851 1 60 0
563 12 742 1100 -6 24 1 51 51
564 12 903 742 6 -24 1 55 55
565 8 903 0 6 -12851 1 55 0
566 8 903 0 -6 -12851 1 55 0
567 12 742 903 -6 24 0 55 55
568 8 609 0 6 -12851 0 55 0
569 12 1100 742 -6 24 1 55 55
570 12 903 742 -6 24 1 51 51
571 8 1100 0 24 -12851 1 55 0
572 12 609 742 -6 24 1 55 51
573 8 742 0 24 -12851 1 55 0
574 12 742 1100 6 -24 1 51 55
575 8 742 0 24 -12851 1 55 0
576 8 500 0 -24 -12851 1 55 0
577 8 1100 0 -24 -12851 1 60 0
578 8 742 0 24 -12851 1 60 0
579 8 500 0 -24 -12851 1 60 0
580 8 609 0 -6 -12851 1 60 0
581 8 609 0 -6 -12851 0 55 0
582 12 1100 742 -6 24 0 55 51
583 8 609 0 24 -12851 1 60 0
584 8 609 0 6 -12851 1 60 0
585 8 742 0 6 -12851 0 55 0
586 8 500 0 -24 -12851 0 55 0
587 8 903 0 -6 -12851 1 60 0
588 12 742 903 6 -24 1 55 51
589 12 903 742 6 -24 1 51 51
590 8 500 0 6 -12851 1 60 0
591 12 500 742 6 -24 1 55 55
592 12 742 609 -6 24 0 55 55
593 12 1100 742 6 -24 0 55 55
594 8 500 0 24 -12851 0 60 0
595 12 742 1100 6 -24 0 55 55
596 12 742 903 -6 24 0 55 55
597 12 500 742 -6 24 0 51 55
598 8 1100 0 -24 -12851 0 55 0
599 8 609 0 -24 -12851 1 55 0
600 12 742 500 -6 24 0 51 55
601 8 903 0 -24 -12851 1 55 0
602 8 742 0 -24 -12851 1 60 0
603 8 609 0 -6 -12851 0 55 0
604 8 742 0 24 -12851 1 55 0
605 8 1100 0 -6 -12851 1 60 0
606 8 1100 0 -6 -12851 1 55 0
607 8 903 0 24 -12851 1 60 0
608 12 742 500 -6 24 1 51 51
609 12 742 903 -6 24 0 55 51
610 12 742 609 6 -24 0 51 55
611 12 742 1100 -6 24 1 51 51
612 8 609 0 -24 -12851 1 55 0
613 12 903 742 6 -24 0 51 51
614 8 609 0 -6 -12851 0 60 0
615 12 742 609 -6 24 0 51 55
616 8 742 0 24 -12851 0 60 0
617 12 609 742 -6 24 0 55 55
618 8 903 0 24 -12851 0 60 0
619 8 903 0 -6 -12851 0 55 0
620 8 609 0 6 -12851 0 60 0
621 8 742 0 -24 -12851 1 55 0
622 8 1100 0 -6 -12851 1 60 0
623 8 1100 0 24 -12851 1 55 0
624 12 742 903 -6 24 1 51 55
625 8 903 0 24 -12851 1 60 0
626 8 609 0 6 -12851 1 60 0
627 8 1100 0 -6 -12851 1 55 0
628 8 500 0 24 -12851 0 60 0
629 8 742 0 -6 -12851 0 60 0
630 12 903 742 -6 24 0 55 51
631 8 500 0 -6 -12851 0 55 0
632 8 500 0 24 -12851 0 60 0
633 12 742 500 -6 24 0 55 55
634 8 609 0 24 -12851 0 55 0
635 12 742 500 -6 24 0 51 51
636 8 609 0 -24 -12851 1 60 0
637 8 1100 0 -6 -12851 0 60 0
638 12 742 903 6 -24 1 51 51
639 12 742 1100 6 -24 1 55 51
640 12 609 742 -6 24 0 55 51
641 12 742 1100 6 -24 0 55 55
642 12 500 742 -6 24 0 51 51
643 8 1100 0 6 -12851 0 55 0
644 8 500 0 -24 -12851 0 55 0
645 8 1100 0 -24 -12851 1 55 0
646 12 742 500 -6 24 0 55 55
647 8 903 0 -24 -12851 1 55 0
648 8 742 0 -24 -12851 1 55 0
649 8 903 0 -6 -12851 1 55 0
650 12 742 500 6 -24 0 55 51
651 12 500 742 -6 24 0 51 55
652 12 903 742 6 -24 0 55 55
653 8 500 0 -24 -12851 0 60 0
654 8 500 0 6 -12851 0 60 0
655 12 742 903 6 -24 0 51 51
656 8 742 0 6 -12851 0 60 0
657 12 742 903 -6 24 0 55 51
658 12 1100 742 6 -24 0 55 55
659 8 609 0 -6 -12851 0 60 0
660 8 742 0 24 -12851 0 55 0
661 12 742 1100 6 -24 1 51 55
662 12 742 500 -6 24 0 51 55
663 12 742 609 -6 24 0 55 51
664 8 903 0 -6 -12851 0 60 0
665 12 1100 742 6 -24 0 51 51
666 8 609 0 6 -12851 0 55 0
667 8 903 0 -24 -12851 0 55 0
668 8 903 0 -6 -12851 0 60 0
669 8 742 0 -24 -12851 1 60 0
670 12 609 742 -6 24 0 51 51
671 12 1100 742 6 -24 0 55 51
672 12 742 500 6 -24 0 51 51
673 8 609 0 -6 -12851 0 60 0
674 8 742 0 -24 -12851 0 60 0
675 8 1100 0 24 -12851 0 55 0
676 8 1100 0 -6 -12851 0 60 0
677 12 500 742 6 -24 0 51 51
678 12 1100 742 -6 24 0 55 51
679 8 903 0 -24 -12851 0 60 0
680 12 609 742 6 -24 0 55 55
681 8 1100 0 -24 -12851 0 60 0
682 8 742 0 -6 -12851 0 60 0
683 8 609 0 -24 -12851 0 55 0
684 8 500 0 24 -12851 0 55 0
685 8 903 0 -6 -12851 0 60 0
686 12 742 1100 -6 24 0 51 51
687 8 609 0 24 -12851 0 55 0
688 8 500 0 6 -12851 0 55 0
689 12 1100 742 -6 24 0 55 51
690 12 609 742 -6 24 0 51 51
691 8 500 0 -6 -12851 0 60 0
692 8 500 0 24 -12851 0 60 0
693 12 500 742 -6 24 0 55 55
694 8 500 0 -24 -12851 0 55 0
695 12 742 609 6 -24 0 51 55
696 12 609 742 6 -24 0 51 55
697 8 903 0 -6 -12851 0 55 0
698 8 609 0 -6 -12851 0 55 0
699 12 742 903 6 -24 0 51 51
700 12 742 1100 -6 24 0 51 55
701 12 742 903 -6 24 0 55 51
702 8 1100 0 24 -12851 0 60 0
703 12 500 742 6 -24 0 51 55
704 8 903 0 6 -12851 0 55 0
705 8 903 0 -6 -12851 0 60 0
706 12 742 1100 -6 24 0 55 55
707 12 609 742 -6 24 0 55 55
708 8 1100 0 -6 -12851 0 60 0
709 8 742 0 24 -12851 0 60 0
710 8 500 0 -6 -12851 0 55 0
711 8 1100 0 6 -12851 0 55 0
712 8 742 0 -6 -12851 0 60 0
713 8 609 0 -24 -12851 0 60 0
714 8 742 0 6 -12851 0 55 0
715 8 609 0 -6 -12851 0 60 0
716 8 500 0 -24 -12851 0 60 0
717 8 500 0 -6 -12851 0 60 0
718 12 742 500 -6 24 0 51 51
719 12 742 609 6 -24 0 51 51
720 8 500 0 -6 -12851 0 55 0
721 8 742 0 6 -12851 0 55 0
722 12 742 500 -6 24 0 55 55
723 12 609 742 -6 24 0 51 51
724 8 500 0 24 -12851 0 55 0
725 8 903 0 -6 -12851 0 55 0
726 8 609 0 6 -12851 0 55 0
727 8 609 0 24 -12851 0 55 0
728 12 742 903 6 -24 0 51 55
729 12 742 609 -6 24 0 51 51
730 8 609 0 24 -12851 0 55 0
731 8 1100 0 -6 -12851 0 60 0
732 8 500 0 6 -12851 0 55 0
733 8 742 0 -6 -12851 0 60 0
734 8 903 0 6 -12851 0 60 0
735 12 903 742 -6 24 0 51 51
736 8 1100 0 6 -12851 0 55 0
737 8 903 0 -6 -12851 0 55 0
738 12 742 500 -6 24 0 51 55
739 12 742 609 6 -24 0 51 51
740 8 742 0 -24 -12851 0 55 0
741 8 1100 0 -6 -12851 0 55 0
742 12 742 500 6 -24 0 51 51
743 8 903 0 6 -12851 0 60 0
744 8 903 0 24 -12851 0 60 0
745 8 500 0 24 -12851 0 60 0
746 12 1100 742 -6 24 0 55 55
747 8 1100 0 24 -12851 0 55 0
748 12 1100 742 6 -24 0 55 51
749 12 903 742 6 -24 0 51 51
750 8 500 0 6 -12851 0 55 0
751 8 500 0 6 -12851 0 60 0
752 8 742 0 -24 -12851 0 60 0
753 8 742 0 24 -12851 0 55 0
754 8 742 0 6 -12851 0 55 0
755 12 742 500 -6 24 0 51 51
756 8 609 0 -6 -12851 0 55 0
757 12 1100 742 6 -24 0 51 51
758 12 903 742 6 -24 0 51 55
759 8 609 0 24 -12851 0 55 0
760 8 609 0 24 -12851 0 55 0
761 8 1100 0 -24 -12851 0 60 0
762 12 742 609 6 -24 0 51 55
763 8 903 0 6 -12851 0 55 0
764 8 1100 0 -24 -12851 0 55 0
765 12 742 609 -6 24 0 55 51
766 12 1100 742 -6 24 0 55 55
767 8 903 0 24 -12851 0 55 0
768 8 500 0 6 -12851 0 60 0
769 12 742 500 -6 24 0 51 51
770 12 1100 742 -6 24 0 55 55
771 8 500 0 6 -12851 0 60 0
772 12 500 742 -6 24 0 51 55
773 12 500 742 -6 24 0 51 51
774 8 903 0 24 -12851 0 60 0
775 12 1100 742 -6 24 0 55 51
776 8 1100 0 -24 -12851 0 60 0
777 8 500 0 6 -12851 0 55 0
778 8 1100 0 6 -12851 0 55 0
779 12 742 1100 -6 24 0 51 55
780 12 1100 742 -6 24 0 55 55
781 12 742 500 -6 24 0 55 51
782 12 500 742 -6 24 0 55 55
783 12 903 742 -6 24 0 51 55
784 8 903 0 24 -12851 0 60 0
785 8 1100 0 24 -12851 0 55 0
786 8 609 0 24 -12851 0 60 0
787 8 500 0 -24 -12851 0 55 0
788 8 742 0 -6 -12851 0 60 0
789 12 500 742 6 -24 0 55 55
790 8 609 0 -6 -12851 0 60 0
791 12 742 1100 6 -24 0 55 51
792 12 1100 742 -6 24 0 51 55
793 8 903 0 6 -12851 0 55 0
794 12 742 609 6 -24 0 51 55
795 12 742 500 -6 24 0 55 55
796 12 742 609 -6 24 0 51 51
797 12 742 903 6 -24 0 55 51
798 8 742 0 -24 -12851 0 55 0
799 12 609 742 -6 24 0 51 51
800 8 742 0 6 -12851 0 55 0
801 8 609 0 -24 -12851 0 60 0
802 12 500 742 6 -24 0 51 55
803 12 742 500 -6 24 0 55 55
804 8 742 0 -6 -12851 0 60 0
805 12 742 609 -6 24 0 51 51
806 12 742 500 -6 24 0 51 51
807 8 742 0 24 -12851 0 55 0
808 12 742 500 6 -24 0 51 55
809 8 609 0 -6 -12851 0 55 0
810 12 609 742 -6 24 0 51 51
811 8 609 0 6 -12851 0 60 0
812 8 500 0 -24 -12851 0 55 0
813 8 500 0 24 -12851 0 60 0
814 8 742 0 24 -12851 0 55 0
815 8 1100 0 -24 -12851 0 55 0
816 8 609 0 24 -12851 0 55 0
817 12 903 742 6 -24 0 55 51
818 8 903 0 24 -12851 0 60 0
819 8 500 0 6 -12851 0 55 0
820 12 1100 742 6 -24 0 51 51
821 12 500 742 -6 24 0 51 51
822 8 903 0 -24 -12851 0 60 0
823 12 742 903 -6 24 0 51 55
824 8 903 0 -24 -12851 0 60 0
825 8 1100 0 -6 -12851 0 55 0
826 8 1100 0 24 -12851 0 55 0
827 8 742 0 24 -12851 0 60 0
828 8 609 0 6 -12851 0 55 0
829 12 742 903 -6 24 0 51 55
830 8 609 0 6 -12851 0 60 0
831 12 742 609 -6 24 0 51 51
832 12 609 742 6 -24 0 51 55
833 8 500 0 6 -12851 0 55 0
834 12 1100 742 -6 24 0 55 55
835 12 742 1100 6 -24 0 51 51
836 8 742 0 -24 -12851 0 60 0
837 8 500 0 24 -12851 0 60 0
838 8 742 0 -6 -12851 0 60 0
839 8 500 0 -6 -12851 0 60 0
840 8 742 0 -24 -12851 0 60 0
841 12 609 742 6 -24 0 51 55
842 8 903 0 -6 -12851 0 60 0
843 8 609 0 -6 -12851 0 60 0
844 12 1100 742 6 -24 0 55 55
845 8 609 0 -24 -12851 0 55 0
846 8 1100 0 6 -12851 0 55 0
847 8 1100 0 -6 -12851 0 55 0
848 12 609 742 6 -24 0 55 55
849 12 500 742 6 -24 0 55 55
850 12 609 742 6 -24 0 55 55
851 8 903 0 24 -12851 0 55 0
852 12 742 609 6 -24 0 51 55
853 8 1100 0 -24 -12851 0 55 0
854 8 903 0 -24 -12851 0 55 0
855 12 903 742 -6 24 0 51 55
856 8 903 0 6 -12851 0 55 0
857 8 903 0 -6 -12851 0 55 0
858 12 903 742 6 -24 0 51 51
859 12 742 1100 -6 24 0 55 55
860 12 742 903 6 -24 0 51 51
861 8 903 0 24 -12851 0 60 0
862 8 500 0 24 -12851 0 60 0
863 8 1100 0 -6 -12851 0 55 0
864 12 903 742 -6 24 0 51 51
865 8 742 0 -6 -12851 0 55 0
866 8 742 0 -6 -12851 0 55 0
867 12 609 742 -6 24 0 55 55
868 8 742 0 24 -12851 0 55 0
869 12 742 500 -6 24 0 55 55
870 12 742 500 -6 24 0 55 55
871 12 742 500 6 -24 0 51 55
872 12 903 742 6 -24 0 51 55
873 12 742 1100 6 -24 0 51 51
874 8 903 0 24 -12851 0 60 0
875 12 742 903 -6 24 0 55 51
876 12 742 903 6 -24 0 51 55
877 8 500 0 24 -12851 0 55 0
878 8 1100 0 -24 -12851 0 55 0
879 8 500 0 6 -12851 0 55 0
880 8 609 0 -24 -12851 0 55 0
881 8 609 0 -6 -12851 0 55 0
882 12 742 1100 6 -24 0 55 51
883 8 609 0 -24 -12851 0 55 0
884 12 742 609 -6 24 0 51 51
885 8 1100 0 -24 -12851 0 60 0
886 8 742 0 -24 -12851 0 60 0
887 12 742 1100 6 -24 0 51 51
888 8 742 0 6 -12851 0 55 0
889 12 742 903 6 -24 0 55 51
890 8 609 0 -24 -12851 0 55 0
891 8 609 0 -6 -12851 0 55 0
892 8 500 0 -6 -12851 0 60 0
893 12 903 742 -6 24 0 51 51
894 8 500 0 24 -12851 0 60 0
895 12 742 609 -6 24 0 55 51
896 8 742 0 6 -12851 0 55 0
897 8 1100 0 24 -12851 0 55 0
898 12 500 742 -6 24 0 55 55
899 8 609 0 6 -12851 0 55 0
900 8 903 0 -6 -12851 0 60 0
901 12 500 742 -6 24 0 51 51
902 12 742 1100 -6 24 0 51 55
903 8 500 0 -6 -12851 0 55 0
904 12 500 742 -6 24 0 55 55
905 8 903 0 24 -12851 0 55 0
906 12 1100 742 -6 24 0 55 55
907 8 903 0 -24 -12851 0 55 0
908 8 1100 0 6 -12851 0 60 0
909 8 1100 0 24 -12851 0 60 0
910 12 742 609 -6 24 0 51 51
911 8 742 0 6 -12851 0 55 0
912 8 609 0 6 -12851 0 60 0
913 8 609 0 6 -12851 0 60 0
914 8 1100 0 -6 -12851 0 55 0
915 8 500 0 -6 -12851 0 60 0
916 12 742 1100 -6 24 0 55 55
917 8 742 0 6 -12851 0 55 0
918 8 742 0 24 -12851 0 60 0
919 12 1100 742 6 -24 0 55 51
920 12 742 609 6 -24 0 55 55
921 12 1100 742 -6 24 0 55 55
922 8 903 0 -24 -12851 0 60 0
923 8 1100 0 24 -12851 0 55 0
924 12 742 609 -6 24 0 51 51
925 8 903 0 6 -12851 0 60 0
926 12 609 742 -6 24 0 51 55
927 12 742 903 6 -24 0 51 51
928 8 742 0 24 -12851 0 60 0
929 8 609 0 24 -12851 0 60 0
930 8 903 0 24 -12851 0 60 0
931 8 500 0 6 -12851 0 60 0
932 12 742 609 6 -24 0 55 51
933 8 1100 0 24 -12851 0 60 0
934 12 609 742 6 -24 0 55 51
935 8 609 0 6 -12851 0 60 0
936 12 742 500 6 -24 0 51 55
937 12 742 609 -6 24 0 51 51
938 8 500 0 -24 -12851 0 55 0
939 8 742 0 6 -12851 0 60 0
940 12 742 500 6 -24 0 55 51
941 8 742 0 -6 -12851 0 55 0
942 8 742 0 -6 -12851 0 55 0
943 8 609 0 -6 -12851 0 55 0
944 8 500 0 -24 -12851 0 60 0
945 12 742 500 -6 24 0 55 51
946 8 1100 0 6 -12851 0 55 0
947 8 500 0 6 -12851 0 60 0
948 12 742 500 -6 24 0 51 51
949 12 609 742 -6 24 0 51 55
950 8 742 0 24 -12851 0 60 0
951 8 1100 0 6 -12851 0 60 0
952 12 742 903 6 -24 0 55 51
953 8 500 0 -6 -12851 0 60 0
954 12 500 742 -6 24 0 51 55
955 12 1100 742 -6 24 0 55 55
956 8 903 0 -24 -12851 0 60 0
957 8 609 0 6 -12851 0 60 0
958 8 903 0 24 -12851 0 55 0
959 8 903 0 -24 -12851 0 55 0
960 8 609 0 6 -12851 0 55 0
961 8 1100 0 6 -12851 0 55 0
962 8 1100 0 24 -12851 0 55 0
963 12 903 742 -6 24 0 55 55
964 12 742 1100 6 -24 0 55 55
965 8 1100 0 -6 -12851 0 55 0
966 8 903 0 6 -12851 0 60 0
967 12 742 1100 6 -24 0 55 51
968 8 903 0 24 -12851 0 60 0
969 8 742 0 -24 -12851 0 60 0
970 12 742 903 6 -24 0 51 55
971 8 500 0 -24 -12851 0 55 0
972 12 609 742 -6 24 0 55 51
973 12 1100 742 -6 24 0 51 51
974 12 742 903 6 -24 0 55 55
975 8 742 0 24 -12851 0 55 0
976 12 742 609 -6 24 0 55 55
977 12 903 742 6 -24 0 51 55
978 12 742 903 -6 24 0 55 51
979 12 1100 742 6 -24 0 51 51
980 8 609 0 -24 -12851 0 60 0
981 12 742 609 -6 24 0 51 51
982 8 500 0 -24 -12851 0 60 0
983 8 1100 0 -24 -12851 0 60 0
984 12 1100 742 6 -24 0 55 55
985 12 742 903 -6 24 0 55 51
986 8 609 0 24 -12851 0 60 0
987 12 742 609 -6 24 0 55 55
988 8 500 0 -24 -12851 0 60 0
989 12 742 1100 -6 24 0 55 51
990 8 609 0 6 -12851 0 60 0
991 12 742 1100 -6 24 0 55 55
992 8 742 0 24 -12851 0 55 0
993 8 1100 0 -6 -12851 0 55 0
994 12 742 1100 -6 24 0 51 55
995 8 903 0 6 -12851 0 55 0
996 12 742 903 -6 24 0 51 51
997 12 609 742 6 -24 0 51 55
998 8 500 0 24 -12851 0 60 0
999 8 500 0 -6 -12851 0 55 0
1000 8 742 0 -24 -12851 0 55 0
1001 12 609 742 6 -24 0 55 55
1002 12 742 500 6 -24 0 51 55
1003 8 609 0 6 -12851 0 55 0
1004 12 742 500 6 -24 0 55 55
1005 8 742 0 24 -12851 0 55 0
1006 8 903 0 6 -12851 0 55 0
1007 12 742 609 6 -24 0 51 55
1008 8 1100 0 24 -12851 0 60 0
1009 12 1100 742 6 -24 0 55 55
1010 12 903 742 -6 24 0 51 51
1011 8 500 0 -6 -12851 0 60 0
1012 12 742 500 6 -24 0 55 55
1013 12 742 1100 -6 24 0 55 55
1014 8 500 0 24 -12851 0 60 0
1015 8 1100 0 -24 -12851 0 60 0
1016 12 742 903 -6 24 0 51 51
1017 12 903 742 -6 24 0 55 55
1018 12 742 500 -6 24 0 55 51
1019 8 903 0 -24 -12851 0 60 0
1020 8 742 0 -24 -12851 0 55 0
1021 12 742 1100 6 -24 0 55 55
1022 12 1100 742 6 -24 0 55 55
1023 8 903 0 6 -12851 0 55 0
1024 8 609 0 24 -12851 0 60 0
1025 8 609 0 24 -12851 0 60 0
1026 12 1100 742 -6 24 0 51 51
1027 12 500 742 6 -24 0 51 55
1028 12 742 903 -6 24 0 51 51
1029 12 903 742 -6 24 0 51 55
1030 12 1100 742 6 -24 0 51 51
1031 12 903 742 6 -24 0 55 55
1032 12 742 1100 6 -24 0 51 55
1033 12 903 742 6 -24 0 51 55
1034 12 742 903 -6 24 0 51 51
1035 8 1100 0 -24 -12851 0 60 0
1036 8 903 0 -6 -12851 0 55 0
1037 12 500 742 -6 24 0 51 55
1038 8 903 0 6 -12851 0 55 0
1039 8 903 0 24 -12851 0 55 0
1040 8 903 0 -24 -12851 0 60 0
1041 12 742 1100 -6 24 0 51 51
1042 12 742 1100 6 -24 0 55 55
1043 12 742 609 -6 24 0 51 51
1044 12 742 1100 6 -24 0 51 55
1045 12 742 500 6 -24 0 55 51
1046 12 742 903 -6 24 0 51 55
1047 8 742 0 -6 -12851 0 55 0
1048 8 609 0 -24 -12851 0 60 0
1049 8 609 0 6 -12851 0 60 0
1050 8 609 0 6 -12851 0 55 0
1051 8 742 0 -24 -12851 0 60 0
1052 8 742 0 -24 -12851 0 60 0
1053 8 500 0 24 -12851 0 60 0
1054 12 500 742 6 -24 0 51 51
1055 12 1100 742 -6 24 0 51 55
1056 8 1100 0 24 -12851 0 60 0
1057 12 609 742 -6 24 0 55 51
1058 8 1100 0 -6 -12851 0 55 0
1059 8 500 0 -24 -12851 0 55 0
1060 12 1100 742 6 -24 0 51 51
1061 8 1100 0 -6 -12851 0 55 0
1062 8 500 0 24 -12851 0 60 0
1063 8 903 0 24 -12851 0 55 0
1064 8 903 0 6 -12851 0 60 0
1065 8 903 0 6 -12851 0 55 0
1066 8 500 0 6 -12851 0 55 0
1067 8 1100 0 -24 -12851 0 55 0
1068 8 742 0 6 -12851 0 55 0
1069 12 742 500 -6 24 0 55 55
1070 12 609 742 6 -24 0 51 55
1071 8 742 0 -6 -12851 0 60 0
1072 12 903 742 -6 24 0 55 51
1073 12 742 500 -6 24 0 55 55
1074 8 742 0 -6 -12851 0 55 0
1075 12 742 1100 6 -24 0 55 51
1076 8 903 0 6 -12851 0 60 0
1077 8 500 0 6 -12851 0 60 0
1078 8 1100 0 -6 -12851 0 60 0
1079 8 500 0 -6 -12851 0 55 0
1080 8 609 0 6 -12851 0 55 0
1081 12 609 742 6 -24 0 51 51
1082 8 609 0 -6 -12851 0 60 0
1083 8 609 0 24 -12851 0 60 0
1084 8 1100 0 6 -12851 0 55 0
1085 12 742 1100 6 -24 0 51 55
1086 8 742 0 24 -12851 0 60 0
1087 8 742 0 24 -12851 0 55 0
1088 8 1100 0 -6 -12851 0 60 0
1089 8 500 0 6 -12851 0 55 0
1090 8 500 0 -6 -12851 0 55 0
1091 8 609 0 24 -12851 0 55 0
1092 8 742 0 -24 -12851 0 60 0
1093 12 742 903 -6 24 0 55 51
1094 12 742 609 -6 24 0 55 55
1095 8 903 0 24 -12851 0 55 0
1096 12 609 742 6 -24 0 51 51
1097 12 609 742 6 -24 0 55 55
1098 12 609 742 6 -24 0 51 51
1099 12 742 500 -6 24 0 51 55
1100 8 609 0 -6 -12851 0 55 0
1101 8 742 0 -6 -12851 0 55 0
1102 8 903 0 -24 -12851 0 60 0
1103 8 609 0 24 -12851 0 55 0
1104 12 742 903 6 -24 0 51 51
1105 12 500 742 6 -24 0 55 55
1106 12 903 742 6 -24 0 55 51
1107 12 903 742 6 -24 0 55 51
1108 8 500 0 -24 -12851 0 55 0
1109 12 500 742 -6 24 0 51 51
1110 8 903 0 24 -12851 0 60 0
1111 12 609 742 -6 24 0 55 51
1112 8 1100 0 -6 -12851 0 55 0
1113 8 1100 0 24 -12851 0 55 0
1114 8 903 0 -6 -12851 0 60 0
1115 12 500 742 -6 24 0 51 51
1116 8 903 0 24 -12851 0 55 0
1117 8 903 0 6 -12851 0 60 0
1118 8 609 0 -6 -12851 0 55 0
1119 8 742 0 6 -12851 0 60 0
1120 8 500 0 -24 -12851 0 55 0
1121 12 903 742 -6 24 0 55 55
1122 8 609 0 24 -12851 0 60 0
1123 8 742 0 24 -12851 0 60 0
1124 8 903 0 -6 -12851 0 55 0
1125 8 609 0 -24 -12851 0 55 0
1126 8 742 0 -6 -12851 0 55 0
1127 8 1100 0 6 -12851 0 60 0
1128 12 609 742 -6 24 0 55 55
1129 12 500 742 6 -24 0 55 55
1130 8 1100 0 24 -12851 0 60 0
1131 8 1100 0 -24 -12851 0 55 0
1132 12 903 742 6 -24 0 51 51
1133 8 500 0 -24 -12851 0 60 0
1134 12 742 1100 -6 24 0 51 51
1135 12 742 903 -6 24 0 55 51
1136 12 609 742 6 -24 0 55 55
1137 8 500 0 24 -12851 0 55 0
1138 8 903 0 6 -12851 0 60 0
1139 12 742 609 6 -24 0 55 55
1140 8 903 0 -6 -12851 0 60 0
1141 12 1100 742 6 -24 0 55 51
1142 8 903 0 -6 -12851 0 55 0
1143 8 903 0 6 -12851 0 60 0
1144 12 742 609 -6 24 0 51 51
1145 8 742 0 -6 -12851 0 55 0
1146 8 1100 0 -6 -12851 0 55 0
1147 8 1100 0 6 -12851 0 60 0
1148 8 1100 0 6 -12851 0 60 0
1149 8 609 0 6 -12851 0 55 0
1150 8 609 0 24 -12851 0 60 0
1151 8 500 0 -24 -12851 0 55 0
1152 8 500 0 -6 -12851 0 60 0
1153 8 742 0 6 -12851 0 55 0
1154 8 500 0 -24 -12851 0 60 0
1155 8 609 0 -6 -12851 0 55 0
1156 12 903 742 6 -24 0 51 51
1157 8 742 0 -24 -12851 0 55 0
1158 8 500 0 6 -12851 0 60 0
1159 12 742 1100 6 -24 0 55 55
1160 12 609 742 -6 24 0 55 51
1161 12 1100 742 -6 24 0 55 51
1162 12 500 742 -6 24 0 55 51
1163 12 742 903 -6 24 0 51 55
1164 8 500 0 24 -12851 0 60 0
1165 8 742 0 -24 -12851 0 60 0
1166 8 500 0 24 -12851 0 60 0
1167 8 903 0 6 -12851 0 60 0
1168 8 609 0 -24 -12851 0 60 0
1169 12 742 1100 -6 24 0 55 51
1170 8 609 0 -6 -12851 0 55 0
1171 8 609 0 -6 -12851 0 55 0
1172 12 742 500 6 -24 0 55 55
1173 8 1100 0 -6 -12851 0 60 0
1174 12 742 500 -6 24 0 51 55
1175 8 500 0 6 -12851 0 55 0
1176 8 742 0 24 -12851 0 55 0
1177 12 500 742 6 -24 0 51 51
1178 12 609 742 6 -24 0 51 55
1179 12 742 903 6 -24 0 55 51
1180 8 903 0 -6 -12851 0 55 0
1181 12 500 742 -6 24 0 51 51
1182 8 1100 0 24 -12851 0 60 0
1183 8 903 0 -6 -12851 0 55 0
1184 12 1100 742 6 -24 0 51 55
1185 8 742 0 24 -12851 0 60 0
1186 8 1100 0 -6 -12851 0 60 0
1187 8 742 0 24 -12851 0 55 0
1188 8 742 0 6 -12851 0 55 0
1189 8 903 0 -6 -12851 0 60 0
1190 8 609 0 24 -12851 0 55 0
1191 8 1100 0 6 -12851 0 55 0
1192 12 500 742 -6 24 0 51 51
1193 8 742 0 -24 -12851 0 60 0
1194 12 742 500 6 -24 0 55 51
1195 12 742 903 -6 24 0 51 51
1196 8 903 0 24 -12851 0 60 0
1197 8 609 0 6 -12851 0 55 0
1198 8 903 0 6 -12851 0 60 0
1199 12 742 1100 -6 24 0 51 51
1200 8 1100 0 -24 -12851 0 60 0
1201 12 742 1100 -6 24 0 51 51
1202 8 742 0 -24 -12851 0 55 0
1203 12 903 742 6 -24 0 55 51
1204 8 500 0 24 -12851 0 55 0
1205 12 742 903 6 -24 0 51 55
1206 8 1100 0 -6 -12851 1 55 0
1207 8 609 0 6 -12851 0 60 0
1208 12 1100 742 -6 24 0 55 55
1209 12 742 609 6 -24 0 55 55
1210 8 500 0 6 -12851 0 60 0
1211 12 609 742 -6 24 0 55 51
1212 12 742 609 -6 24 0 55 51
1213 8 500 0 -24 -12851 0 55 0
1214 12 1100 742 6 -24 0 55 55
1215 8 500 0 -24 -12851 0 55 0
1216 8 500 0 24 -12851 0 55 0
1217 12 1100 742 6 -24 0 51 51
1218 8 903 0 6 -12851 0 55 0
1219 8 609 0 -24 -12851 1 60 0
1220 12 500 742 6 -24 1 55 55
1221 8 1100 0 6 -12851 0 55 0
1222 8 903 0 -24 -12851 1 60 0
1223 8 903 0 -24 -12851 1 60 0
1224 8 1100 0 6 -12851 1 60 0
1225 8 742 0 -24 -12851 0 60 0
1226 8 500 0 24 -12851 0 55 0
1227 8 1100 0 -24 -12851 0 60 0
1228 8 742 0 24 -12851 0 60 0
1229 8 609 0 6 -12851 0 60 0
1230 12 1100 742 -6 24 0 51 55
1231 8 742 0 -6 -12851 1 60 0
1232 8 609 0 24 -12851 0 55 0
1233 8 500 0 6 -12851 1 55 0
1234 12 742 500 6 -24 0 51 51
1235 12 742 609 6 -24 0 51 51
1236 12 609 742 -6 24 0 55 55
1237 8 742 0 6 -12851 0 55 0
1238 12 742 1100 -6 24 1 51 55
1239 12 742 609 -6 24 1 51 55
1240 12 742 609 6 -24 1 55 55
1241 8 742 0 6 -12851 1 60 0
1242 8 1100 0 24 -12851 0 60 0
1243 12 500 742 6 -24 0 55 51
1244 8 500 0 -24 -12851 0 55 0
1245 12 609 742 6 -24 0 51 55
1246 8 500 0 24 -12851 1 55 0
1247 8 609 0 -24 -12851 1 55 0
1248 8 742 0 24 -12851 0 60 0
1249 8 903 0 6 -12851 1 55 0
1250 12 903 742 6 -24 1 51 55
1251 8 609 0 -6 -12851 1 60 0
1252 12 500 742 -6 24 0 51 51
1253 12 742 500 -6 24 0 51 51
1254 8 742 0 -24 -12851 1 55 0
1255 12 742 609 -6 24 0 55 55
1256 8 903 0 24 -12851 0 55 0
1257 8 609 0 -24 -12851 1 60 0
1258 8 500 0 -24 -12851 1 60 0
1259 8 903 0 -24 -12851 1 55 0
1260 8 1100 0 -6 -12851 1 60 0
1261 8 1100 0 24 -12851 0 55 0
1262 12 500 742 -6 24 0 55 55
1263 8 903 0 6 -12851 0 55 0
1264 8 903 0 24 -12851 1 55 0
1265 8 609 0 24 -12851 0 60 0
1266 12 500 742 -6 24 1 51 51
1267 12 609 742 6 -24 1 51 51
1268 12 742 903 6 -24 1 55 55
1269 12 742 903 6 -24 0 55 51
1270 12 742 500 6 -24 0 55 51
1271 12 1100 742 6 -24 1 55 55
1272 12 903 742 -6 24 0 55 55
1273 12 742 1100 6 -24 0 55 51
1274 12 742 1100 -6 24 0 55 55
1275 8 903 0 6 -12851 1 60 0
1276 12 742 609 -6 24 1 55 55
1277 12 742 903 6 -24 0 51 51
1278 8 903 0 6 -12851 1 55 0
1279 12 742 500 6 -24 1 51 55
1280 12 500 742 -6 24 1 51 55
1281 8 500 0 -6 -12851 1 55 0
1282 8 1100 0 -24 -12851 1 60 0
1283 12 903 742 -6 24 1 55 55
1284 8 1100 0 24 -12851 1 60 0
1285 12 742 609 6 -24 0 55 51
1286 12 609 742 -6 24 1 51 51
1287 8 1100 0 6 -12851 0 60 0
1288 8 742 0 -6 -12851 1 60 0
1289 8 742 0 -6 -12851 1 55 0
1290 12 903 742 6 -24 0 55 51
1291 12 742 500 -6 24 0 55 55
1292 12 742 609 -6 24 0 51 51
1293 12 742 500 6 -24 1 51 55
1294 8 500 0 6 -12851 1 55 0
1295 12 742 500 -6 24 0 55 55
1296 12 903 742 6 -24 0 51 55
1297 8 500 0 24 -12851 1 60 0
1298 8 742 0 24 -12851 1 60 0
1299 8 609 0 24 -12851 0 55 0
1300 8 609 0 -6 -12851 0 55 0
1301 8 609 0 24 -12851 1 55 0
1302 8 609 0 6 -12851 1 60 0
1303 12 742 609 6 -24 1 55 55
1304 8 500 0 -6 -12851 0 55 0
1305 8 609 0 6 -12851 1 60 0
1306 12 742 500 -6 24 1 51 55
1307 12 903 742 6 -24 0 55 51
1308 12 742 609 6 -24 1 55 51
1309 12 903 742 6 -24 1 51 51
1310 8 500 0 -6 -12851 0 55 0
1311 12 742 500 -6 24 1 51 55
1312 8 903 0 6 -12851 1 55 0
1313 12 1100 742 -6 24 1 51 51
1314 8 609 0 -6 -12851 1 60 0
1315 8 500 0 6 -12851 1 55 0
1316 12 742 1100 6 -24 1 51 51
1317 12 903 742 -6 24 0 55 55
1318 8 742 0 6 -12851 1 60 0
1319 12 742 500 6 -24 0 51 51
1320 12 742 500 6 -24 1 55 55
1321 8 1100 0 -24 -12851 1 60 0
1322 12 742 1100 6 -24 0 55 55
1323 8 742 0 -6 -12851 0 60 0
1324 8 742 0 6 -12851 1 55 0
1325 8 1100 0 6 -12851 1 60 0
1326 8 1100 0 6 -12851 1 55 0
1327 8 903 0 -24 -12851 1 60 0
1328 12 742 903 6 -24 1 51 51
1329 8 903 0 -6 -12851 0 60 0
1330 8 742 0 -24 -12851 1 60 0
1331 12 742 903 -6 24 0 51 55
1332 8 742 0 -6 -12851 0 55 0
1333 8 500 0 -6 -12851 1 55 0
1334 12 500 742 -6 24 1 51 55
1335 8 500 0 -6 -12851 1 55 0
1336 12 742 1100 -6 24 1 51 51
1337 8 903 0 -24 -12851 0 60 0
1338 12 742 500 6 -24 1 55 55
1339 8 609 0 -6 -12851 0 55 0
1340 8 1100 0 24 -12851 1 60 0
1341 12 742 609 6 -24 0 51 55
1342 8 903 0 6 -12851 1 55 0
1343 8 500 0 -24 -12851 1 55 0
1344 8 1100 0 -24 -12851 1 60 0
1345 8 1100 0 -6 -12851 1 60 0
1346 12 1100 742 6 -24 1 51 55
1347 8 609 0 -6 -12851 0 60 0
1348 12 742 500 6 -24 0 51 51
1349 12 742 1100 -6 24 0 55 51
1350 8 903 0 24 -12851 0 55 0
1351 8 742 0 6 -12851 1 55 0
1352 12 742 1100 6 -24 1 51 55
1353 8 742 0 24 -12851 0 55 0
1354 12 609 742 6 -24 1 55 55
1355 8 609 0 -24 -12851 1 55 0
1356 8 609 0 -6 -12851 1 60 0
1357 8 609 0 24 -12851 1 55 0
1358 8 742 0 -24 -12851 1 55 0
1359 8 1100 0 24 -12851 0 55 0
1360 8 500 0 6 -12851 1 60 0
1361 12 903 742 6 -24 1 51 55
1362 12 1100 742 -6 24 1 55 51
1363 12 742 609 -6 24 1 55 55
1364 8 903 0 6 -12851 1 55 0
1365 12 742 1100 6 -24 0 55 51
1366 12 742 609 6 -24 1 55 55
1367 8 1100 0 24 -12851 1 55 0
1368 12 742 1100 6 -24 1 55 51
1369 8 903 0 6 -12851 1 55 0
1370 12 903 742 -6 24 0 51 51
1371 8 1100 0 24 -12851 1 60 0
1372 8 903 0 6 -12851 1 55 0
1373 8 742 0 -6 -12851 1 55 0
1374 8 500 0 6 -12851 1 60 0
1375 12 609 742 6 -24 0 55 51
1376 8 742 0 -24 -12851 1 60 0
1377 8 609 0 6 -12851 1 60 0
1378 8 609 0 -24 -12851 1 60 0
1379 12 742 903 6 -24 1 55 51
1380 8 500 0 6 -12851 1 60 0
1381 12 742 903 -6 24 1 51 55
1382 8 742 0 24 -12851 1 60 0
1383 8 742 0 24 -12851 0 60 0
1384 8 500 0 6 -12851 1 55 0
1385 8 500 0 6 -12851 1 55 0
1386 8 742 0 -6 -12851 0 55 0
1387 12 742 1100 -6 24 1 51 55
1388 8 1100 0 24 -12851 1 55 0
1389 8 609 0 -6 -12851 0 60 0
1390 12 500 742 -6 24 1 55 51
1391 8 1100 0 -6 -12851 0 60 0
1392 12 742 903 6 -24 1 55 55
1393 8 903 0 6 -12851 1 55 0
1394 8 742 0 -24 -12851 1 60 0
1395 12 500 742 6 -24 1 55 55
1396 8 609 0 -24 -12851 1 55 0
1397 12 609 742 -6 24 0 51 51
1398 12 742 1100 -6 24 0 51 55
1399 8 609 0 -6 -12851 0 55 0
1400 12 609 742 6 -24 1 51 55
1401 8 1100 0 -24 -12851 1 55 0
1402 12 1100 742 -6 24 1 51 55
1403 8 500 0 -24 -12851 1 60 0
1404 8 903 0 -6 -12851 0 55 0
1405 8 903 0 24 -12851 1 55 0
1406 8 1100 0 24 -12851 1 55 0
1407 12 742 609 6 -24 1 55 51
1408 12 903 742 -6 24 1 55 51
1409 12 742 609 6 -24 0 55 55
1410 12 742 903 6 -24 0 55 51
1411 8 1100 0 24 -12851 1 60 0
1412 8 1100 0 -6 -12851 0 55 0
1413 12 742 1100 -6 24 1 55 55
1414 8 1100 0 6 -12851 1 55 0
1415 8 609 0 6 -12851 1 60 0
1416 8 742 0 6 -12851 1 55 0
1417 8 500 0 24 -12851 1 55 0
1418 8 903 0 -24 -12851 0 60 0
1419 8 609 0 -6 -12851 1 60 0
1420 8 903 0 24 -12851 1 55 0
1421 8 903 0 6 -12851 1 55 0
1422 8 742 0 24 -12851 1 55 0
1423 8 742 0 24 -12851 1 55 0
1424 8 609 0 -24 -12851 1 60 0
1425 8 500 0 -6 -12851 1 60 0
1426 12 742 1100 -6 24 1 51 55
1427 8 500 0 -24 -12851 1 60 0
1428 8 1100 0 24 -12851 1 60 0
1429 8 1100 0 6 -12851 1 60 0
1430 8 903 0 24 -12851 0 60 0
1431 8 609 0 6 -12851 1 60 0
1432 8 609 0 6 -12851 1 55 0
1433 8 609 0 24 -12851 1 60 0
1434 8 1100 0 6 -12851 1 55 0
1435 8 742 0 6 -12851 1 55 0
1436 8 903 0 24 -12851 1 55 0
1437 8 903 0 6 -12851 1 55 0
1438 8 1100 0 24 -12851 1 55 0
1439 8 742 0 -6 -12851 0 60 0
1440 12 742 500 -6 24 1 55 55
1441 8 500 0 6 -12851 0 55 0
1442 12 609 742 -6 24 1 51 51
1443 8 742 0 6 -12851 1 55 0
1444 12 500 742 6 -24 0 51 51
1445 8 500 0 6 -12851 1 55 0
1446 8 500 0 24 -12851 1 60 0
1447 12 742 1100 -6 24 0 55 51
1448 12 742 500 -6 24 1 51 51
1449 12 609 742 6 -24 1 55 51
1450 8 500 0 -24 -12851 1 60 0
1451 8 500 0 -6 -12851 0 55 0
1452 8 903 0 6 -12851 1 60 0
1453 8 609 0 -24 -12851 1 60 0
1454 8 1100 0 24 -12851 1 60 0
1455 8 903 0 24 -12851 1 55 0
1456 8 903 0 24 -12851 1 55 0
1457 12 742 1100 6 -24 1 51 51
1458 8 1100 0 6 -12851 1 55 0
1459 12 1100 742 -6 24 0 51 55
1460 12 609 742 -6 24 0 55 51
1461 8 742 0 -6 -12851 1 60 0
1462 8 500 0 6 -12851 1 55 0
1463 8 1100 0 6 -12851 0 55 0
1464 8 742 0 -6 -12851 1 60 0
1465 12 742 903 6 -24 1 51 55
1466 8 609 0 -6 -12851 0 55 0
1467 8 742 0 -24 -12851 1 55 0
1468 8 609 0 -6 -12851 1 60 0
1469 12 742 903 6 -24 1 51 55
1470 12 742 609 -6 24 1 51 51
1471 8 500 0 -6 -12851 1 60 0
1472 8 742 0 6 -12851 1 60 0
1473 8 742 0 6 -12851 0 60 0
1474 8 609 0 6 -12851 1 55 0
1475 12 742 609 -6 24 1 51 51
1476 8 903 0 24 -12851 1 60 0
1477 12 500 742 -6 24 1 51 55
1478 8 903 0 -6 -12851 0 60 0
1479 8 903 0 6 -12851 1 60 0
1480 8 742 0 -6 -12851 0 60 0
1481 8 1100 0 24 -12851 0 55 0
1482 8 742 0 6 -12851 0 55 0
1483 12 742 609 6 -24 0 51 51
1484 8 500 0 -24 -12851 0 60 0
1485 8 609 0 6 -12851 1 60 0
1486 8 609 0 24 -12851 1 60 0
1487 12 500 742 6 -24 1 55 51
1488 8 500 0 24 -12851 1 55 0
1489 8 500 0 -24 -12851 1 60 0
1490 8 1100 0 24 -12851 1 55 0
1491 8 1100 0 6 -12851 1 60 0
1492 12 500 742 6 -24 1 55 51
1493 12 903 742 6 -24 1 55 55
1494 8 1100 0 24 -12851 1 55 0
1495 8 1100 0 24 -12851 1 55 0
1496 12 742 500 6 -24 0 55 55
1497 8 500 0 -24 -12851 1 55 0
1498 8 903 0 -6 -12851 0 55 0
1499 8 903 0 6 -12851 1 55 0
1500 8 500 0 -6 -12851 0 55 0
1501 8 1100 0 24 -12851 0 55 0
1502 8 609 0 -24 -12851 1 60 0
1503 12 742 903 -6 24 1 51 51
1504 8 903 0 -6 -12851 0 55 0
1505 12 609 742 6 -24 1 51 51
1506 8 500 0 -6 -12851 1 55 0
1507 8 1100 0 -6 -12851 0 60 0
1508 8 609 0 -6 -12851 0 55 0
1509 12 742 903 6 -24 0 51 51
1510 8 609 0 6 -12851 1 55 0
1511 8 742 0 -24 -12851 1 55 0
1512 12 742 500 6 -24 1 55 55
1513 8 742 0 24 -12851 1 60 0
1514 12 742 500 6 -24 0 51 55
1515 12 742 609 6 -24 1 55 55
1516 8 742 0 -24 -12851 1 60 0
1517 12 742 903 6 -24 0 51 55
1518 8 903 0 -24 -12851 1 55 0
1519 12 742 1100 -6 24 0 55 55
1520 12 742 903 -6 24 1 55 51
1521 12 742 1100 6 -24 0 55 51
1522 12 742 609 6 -24 0 55 51
1523 8 903 0 6 -12851 1 60 0
1524 8 1100 0 24 -12851 1 60 0
1525 8 742 0 -6 -12851 0 60 0
1526 8 609 0 -6 -12851 1 55 0
1527 8 500 0 24 -12851 1 60 0
1528 12 903 742 6 -24 1 55 55
1529 8 903 0 6 -12851 1 55 0
1530 8 500 0 -6 -12851 0 60 0
1531 12 742 500 6 -24 0 51 55
1532 8 1100 0 -24 -12851 1 60 0
1533 8 500 0 24 -12851 1 55 0
1534 8 1100 0 24 -12851 1 55 0
1535 8 903 0 6 -12851 1 55 0
1536 12 903 742 6 -24 0 51 51
1537 12 500 742 6 -24 0 51 55
1538 8 609 0 -24 -12851 1 55 0
1539 12 1100 742 -6 24 1 55 55
1540 12 609 742 6 -24 1 55 51
1541 8 609 0 6 -12851 1 55 0
1542 12 742 903 -6 24 0 51 55
1543 8 742 0 6 -12851 1 60 0
1544 12 742 500 6 -24 1 55 55
1545 8 742 0 6 -12851 0 60 0
1546 8 500 0 24 -12851 1 55 0
1547 12 742 500 6 -24 1 55 55
1548 12 742 500 6 -24 1 51 55
1549 8 500 0 -6 -12851 0 60 0
1550 12 903 742 -6 24 0 55 55
1551 8 742 0 24 -12851 1 60 0
1552 12 742 609 6 -24 0 55 55
1553 12 742 609 -6 24 1 51 55
1554 8 903 0 24 -12851 1 60 0
1555 8 500 0 24 -12851 1 60 0
1556 12 903 742 6 -24 1 55 55
1557 8 609 0 -24 -12851 1 60 0
1558 8 903 0 6 -12851 1 55 0
1559 12 742 500 6 -24 1 51 55
1560 12 742 609 6 -24 1 51 55
1561 12 742 1100 6 -24 1 51 51
1562 8 903 0 -6 -12851 0 60 0
1563 12 742 903 -6 24 1 55 55
1564 8 1100 0 -24 -12851 1 55 0
1565 12 609 742 -6 24 1 55 55
1566 8 609 0 -6 -12851 1 55 0
1567 8 609 0 6 -12851 1 55 0
1568 8 1100 0 -24 -12851 1 55 0
1569 8 500 0 24 -12851 0 60 0
1570 8 1100 0 6 -12851 1 55 0
1571 8 742 0 -24 -12851 1 55 0
1572 8 742 0 -6 -12851 1 55 0
1573 8 742 0 24 -12851 1 55 0
1574 8 742 0 6 -12851 1 60 0
1575 8 500 0 -6 -12851 1 60 0
1576 8 609 0 6 -12851 1 55 0
1577 8 500 0 -6 -12851 0 60 0
1578 8 500 0 -24 -12851 1 55 0
1579 12 742 1100 6 -24 0 55 55
1580 8 1100 0 -6 -12851 0 55 0
1581 12 742 500 6 -24 0 51 55
1582 8 742 0 -24 -12851 1 60 0
1583 8 903 0 -6 -12851 0 55 0
1584 8 1100 0 -24 -12851 1 60 0
1585 8 903 0 24 -12851 1 55 0
1586 8 742 0 -6 -12851 0 55 0
1587 8 1100 0 24 -12851 1 55 0
1588 12 742 500 6 -24 1 55 51
1589 8 903 0 -6 -12851 1 60 0
1590 12 742 1100 -6 24 1 51 51
1591 12 742 1100 -6 24 1 55 55
1592 8 609 0 -24 -12851 1 55 0
1593 12 500 742 -6 24 0 55 55
1594 8 609 0 6 -12851 1 60 0
1595 8 500 0 6 -12851 1 60 0
1596 12 903 742 6 -24 1 51 51
1597 8 500 0 6 -12851 0 55 0
1598 8 742 0 -24 -12851 1 55 0
1599 8 1100 0 24 -12851 1 60 0
1600 8 903 0 -6 -12851 0 55 0
1601 12 742 1100 -6 24 0 55 51
1602 8 903 0 24 -12851 1 55 0
1603 8 903 0 6 -12851 1 55 0
1604 8 609 0 6 -12851 1 55 0
1605 12 742 1100 -6 24 0 51 55
1606 8 609 0 24 -12851 1 55 0
1607 8 1100 0 24 -12851 1 55 0
1608 8 500 0 -24 -12851 1 55 0
1609 8 609 0 -24 -12851 1 60 0
1610 12 1100 742 6 -24 1 51 55
1611 8 500 0 24 -12851 1 55 0
1612 12 903 742 6 -24 0 55 51
1613 8 742 0 6 -12851 1 60 0
1614 12 742 609 -6 24 1 55 55
1615 8 1100 0 -24 -12851 1 55 0
1616 8 742 0 24 -12851 1 55 0
1617 12 742 1100 -6 24 0 55 55
