1 12 903 609 6 -24 1 55 1
2 12 609 903 -6 24 1 55 1
3 12 609 903 6 -24 0 55 1
4 12 903 609 6 -24 1 55 1
5 12 903 609 6 -24 1 55 1
6 12 609 903 -6 24 0 55 1
7 12 609 903 6 -24 1 55 1
8 12 609 903 -6 24 0 55 1
9 12 903 609 -6 24 0 55 1
10 12 903 609 6 -24 1 55 1
11 12 903 609 -6 24 1 55 1
12 12 609 903 -6 24 1 55 1
13 12 903 609 6 -24 1 55 1
14 12 609 903 6 -24 0 55 1
15 12 609 903 6 -24 0 55 1
16 12 903 609 -6 24 1 55 1
17 12 903 609 -6 24 0 55 1
18 12 609 903 -6 24 0 55 1
19 12 609 903 -6 24 0 55 1
20 12 903 609 -6 24 0 55 1
21 12 903 609 6 -24 1 55 1
22 12 609 903 -6 24 1 55 1
23 12 903 609 6 -24 1 55 1
24 12 903 609 -6 24 0 55 1
25 12 903 609 6 -24 1 55 1
26 12 609 903 -6 24 1 55 1
27 12 903 609 -6 24 0 55 1
28 12 903 609 6 -24 0 55 1
29 12 903 609 -6 24 0 55 1
30 12 609 903 6 -24 1 55 1
31 12 903 609 6 -24 1 55 1
32 12 903 609 6 -24 0 55 1
33 12 903 609 6 -24 1 55 1
34 12 903 609 6 -24 1 55 1
35 12 609 903 -6 24 0 55 1
36 12 609 903 6 -24 0 55 1
37 12 609 903 6 -24 0 55 1
38 12 903 609 -6 24 0 55 1
39 12 903 609 6 -24 0 55 1
40 12 609 903 6 -24 0 55 1
41 12 609 903 6 -24 0 55 1
42 12 903 609 6 -24 0 55 1
43 12 609 903 6 -24 1 55 1
44 12 903 609 6 -24 0 55 1
45 12 903 609 -6 24 1 55 1
46 12 609 903 6 -24 1 55 1
47 12 903 609 6 -24 1 55 1
48 12 609 903 -6 24 1 55 1
49 12 903 609 6 -24 1 55 1
50 12 609 903 6 -24 1 55 1
51 12 609 903 6 -24 1 55 1
52 12 609 903 -6 24 0 55 1
53 12 609 903 6 -24 0 55 1
54 12 609 903 6 -24 1 55 1
55 12 903 609 6 -24 0 55 1
56 12 609 903 -6 24 0 55 1
57 12 903 609 6 -24 1 55 1
58 12 903 609 -6 24 0 55 1
59 12 609 903 6 -24 0 55 1
60 12 609 903 6 -24 1 55 1
61 12 609 903 -6 24 0 55 1
62 12 903 609 6 -24 1 55 1
63 12 903 609 -6 24 0 55 1
64 12 609 903 -6 24 0 55 1
65 12 903 609 -6 24 1 55 1
66 12 903 609 -6 24 0 55 1
67 12 609 903 6 -24 0 55 1
68 12 903 609 6 -24 1 55 1
69 12 903 609 -6 24 1 55 1
70 12 609 903 -6 24 0 55 1
71 12 903 609 -6 24 0 55 1
72 12 903 609 -6 24 0 55 1
73 12 903 609 -6 24 0 55 1
74 12 609 903 -6 24 1 55 1
75 12 609 903 -6 24 0 55 1
76 12 903 609 6 -24 1 55 1
77 12 903 609 -6 24 0 55 1
78 12 903 609 6 -24 1 55 1
79 12 609 903 -6 24 0 55 1
80 12 609 903 -6 24 0 55 1
81 12 903 609 6 -24 0 55 1
82 12 903 609 -6 24 0 55 1
83 12 903 609 -6 24 0 55 1
84 12 609 903 -6 24 0 55 1
85 12 903 609 6 -24 0 55 1
86 12 609 903 6 -24 0 55 1
87 12 903 609 -6 24 1 55 1
88 12 903 609 -6 24 0 55 1
89 12 903 609 -6 24 1 55 1
90 12 903 609 -6 24 0 55 1
91 12 903 609 -6 24 1 55 1
92 12 903 609 6 -24 1 55 1
93 12 903 609 6 -24 1 55 1
94 12 903 609 -6 24 1 55 1
95 12 903 609 6 -24 0 55 1
96 12 903 609 -6 24 1 55 1
97 12 903 609 6 -24 0 55 1
98 12 609 903 -6 24 0 55 1
99 12 609 903 6 -24 1 55 1
100 12 903 609 -6 24 1 55 1
101 12 609 903 -6 24 0 55 1
102 12 609 903 -6 24 0 55 1
103 12 609 903 6 -24 0 55 1
104 12 609 903 -6 24 0 55 1
105 12 903 609 -6 24 0 55 1
106 12 742 1100 -6 24 0 55 1
107 12 742 1100 -6 24 1 55 1
108 12 1100 742 6 -24 0 55 1
109 12 1100 742 -6 24 0 55 1
110 12 742 1100 -6 24 0 55 1
111 12 742 1100 -6 24 0 55 1
112 12 1100 742 -6 24 1 55 1
113 12 742 1100 -6 24 0 55 1
114 12 742 1100 -6 24 0 55 1
115 12 742 1100 6 -24 0 55 1
116 12 1100 742 -6 24 0 55 1
117 12 742 1100 -6 24 0 55 1
118 12 1100 742 6 -24 0 55 1
119 12 742 1100 -6 24 0 55 1
120 12 1100 742 -6 24 0 55 1
121 12 742 1100 -6 24 0 55 1
122 12 742 1100 -6 24 0 55 1
123 12 1100 742 -6 24 0 55 1
124 12 1100 742 6 -24 0 55 1
125 12 1100 742 -6 24 0 55 1
126 12 1100 742 -6 24 0 55 1
127 12 742 1100 -6 24 0 55 1
128 12 742 1100 -6 24 0 55 1
129 12 1100 742 6 -24 0 55 1
130 12 742 1100 6 -24 0 55 1
131 12 1100 742 -6 24 0 55 1
132 12 742 1100 6 -24 0 55 1
133 12 742 1100 6 -24 0 55 1
134 12 1100 742 6 -24 0 55 1
135 12 1100 742 -6 24 0 55 1
136 12 742 1100 -6 24 0 55 1
137 12 742 1100 -6 24 0 55 1
138 12 742 1100 6 -24 0 55 1
139 12 742 1100 -6 24 0 55 1
140 12 742 1100 6 -24 0 55 1
141 12 1100 742 -6 24 0 55 1
142 12 1100 742 -6 24 0 55 1
143 12 1100 742 -6 24 0 55 1
144 12 742 1100 -6 24 0 55 1
145 12 1100 742 -6 24 0 55 1
146 12 742 1100 6 -24 0 55 1
147 12 1100 742 -6 24 0 55 1
148 12 742 1100 -6 24 0 55 1
149 12 1100 742 6 -24 0 55 1
150 12 1100 742 -6 24 0 55 1
151 12 742 1100 -6 24 0 55 1
152 12 742 1100 -6 24 0 55 1
153 12 742 1100 -6 24 0 55 1
154 12 742 1100 -6 24 0 55 1
155 12 1100 742 -6 24 0 55 1
156 12 1100 742 6 -24 0 55 1
157 12 1100 742 6 -24 0 55 1
158 12 742 1100 -6 24 0 55 1
159 12 1100 742 -6 24 0 55 1
160 12 1100 742 -6 24 0 55 1
161 12 742 1100 6 -24 0 55 1
162 12 742 1100 6 -24 0 55 1
163 12 1100 742 6 -24 0 55 1
164 12 742 1100 -6 24 0 55 1
165 12 1100 742 -6 24 0 55 1
166 12 742 1100 -6 24 0 55 1
167 12 742 1100 -6 24 0 55 1
168 12 742 1100 -6 24 0 55 1
169 12 742 1100 -6 24 0 55 1
170 12 1100 742 6 -24 0 55 1
171 12 742 1100 -6 24 0 55 1
172 12 1100 742 -6 24 0 55 1
173 12 1100 742 6 -24 0 55 1
174 12 742 1100 -6 24 0 55 1
175 12 742 1100 -6 24 0 55 1
176 12 1100 742 -6 24 0 55 1
177 12 742 1100 6 -24 0 55 1
178 12 1100 742 -6 24 0 55 1
179 12 1100 742 -6 24 0 55 1
180 12 1100 742 -6 24 0 55 1
181 12 1100 742 -6 24 0 55 1
182 12 742 1100 -6 24 0 55 1
183 12 1100 742 -6 24 0 55 1
184 12 1100 742 6 -24 0 55 1
185 12 742 1100 -6 24 0 55 1
186 12 1100 742 6 -24 0 55 1
187 12 1100 742 -6 24 0 55 1
188 12 1100 742 -6 24 0 55 1
189 12 1100 742 6 -24 0 55 1
190 12 1100 742 -6 24 0 55 1
191 12 1100 742 -6 24 0 55 1
192 12 1100 742 -6 24 0 55 1
193 12 742 1100 -6 24 0 55 1
194 12 1100 742 -6 24 0 55 1
195 12 1100 742 -6 24 0 55 1
196 12 742 1100 -6 24 0 55 1
197 12 742 1100 -6 24 0 55 1
198 12 742 1100 6 -24 0 55 1
199 12 742 1100 -6 24 0 55 1
200 12 1100 742 -6 24 0 55 1
201 12 1100 742 -6 24 0 55 1
202 12 742 1100 6 -24 0 55 1
203 12 1100 742 -6 24 0 55 1
204 12 1100 742 -6 24 0 55 1
205 12 1100 742 -6 24 0 55 1
206 12 742 1100 -6 24 0 55 1
207 12 742 1100 6 -24 0 55 1
208 12 1100 742 -6 24 0 55 1
209 12 1100 742 -6 24 0 55 1
210 12 1100 742 -6 24 0 55 1
211 12 742 1100 6 -24 0 55 1
212 12 1100 742 -6 24 0 55 1
213 12 1100 742 -6 24 0 55 1
214 12 742 1100 -6 24 0 55 1
215 12 1100 742 -6 24 0 55 1
216 12 1100 742 6 -24 0 55 1
217 12 742 1100 -6 24 0 55 1
218 12 1100 742 -6 24 0 55 1
219 12 742 1100 -6 24 0 55 1
220 12 742 1100 6 -24 0 55 1
221 12 1100 742 -6 24 0 55 1
222 12 1100 742 -6 24 0 55 1
223 12 742 1100 -6 24 0 55 1
224 12 742 1100 6 -24 0 55 1
225 12 742 1100 6 -24 0 55 1
226 12 742 1100 -6 24 0 55 1
227 12 742 1100 -6 24 0 55 1
228 12 1100 742 6 -24 0 55 1
229 12 1100 742 6 -24 0 55 1
230 12 1100 742 -6 24 0 55 1
231 12 1100 742 -6 24 0 55 1
232 12 742 1100 6 -24 0 55 1
233 12 1100 742 6 -24 0 55 1
234 12 1100 742 -6 24 0 55 1
235 12 1100 742 6 -24 0 55 1
236 12 742 1100 6 -24 0 55 1
237 12 742 1100 6 -24 0 55 1
238 12 1100 742 6 -24 0 55 1
239 12 1100 742 6 -24 0 55 1
240 12 1100 742 6 -24 0 55 1
241 12 1100 742 -6 24 0 55 1
242 12 1100 742 -6 24 0 55 1
243 12 1100 742 6 -24 0 55 1
244 12 742 1100 -6 24 0 55 1
245 12 742 1100 -6 24 0 55 1
246 12 742 1100 -6 24 0 55 1
247 12 742 1100 -6 24 0 55 1
248 12 1100 742 6 -24 0 55 1
249 12 1100 742 -6 24 0 55 1
250 12 1100 742 -6 24 0 55 1
251 12 742 1100 6 -24 0 55 1
252 12 742 1100 6 -24 0 55 1
253 12 742 1100 6 -24 0 55 1
254 12 1100 742 -6 24 0 55 1
255 12 1100 742 -6 24 0 55 1
256 12 742 1100 6 -24 0 55 1
257 12 1100 742 -6 24 0 55 1
258 12 1100 742 6 -24 0 55 1
259 12 1100 742 -6 24 0 55 1
260 12 742 1100 -6 24 0 55 1
261 12 1100 742 -6 24 0 55 1
262 12 742 1100 -6 24 0 55 1
263 12 742 1100 -6 24 0 55 1
264 12 742 1100 6 -24 0 55 1
265 12 742 1100 -6 24 0 55 1
266 12 1100 742 -6 24 0 55 1
267 12 1100 742 6 -24 0 55 1
268 12 742 1100 -6 24 0 55 1
269 12 742 1100 -6 24 0 55 1
270 12 742 1100 -6 24 0 55 1
271 12 1100 742 -6 24 0 55 1
272 12 1100 742 6 -24 0 55 1
273 12 1100 742 -6 24 0 55 1
274 12 742 1100 -6 24 0 55 1
275 12 1100 742 -6 24 0 55 1
276 12 742 1100 6 -24 0 55 1
277 12 1100 742 6 -24 0 55 1
278 12 742 1100 -6 24 0 55 1
279 12 1100 742 6 -24 1 55 1
280 12 1100 742 -6 24 0 55 1
281 12 1100 742 6 -24 0 55 1
282 12 1100 742 -6 24 0 55 1
283 12 742 1100 -6 24 0 55 1
284 12 742 1100 6 -24 0 55 1
285 12 1100 742 -6 24 0 55 1
286 12 1100 742 6 -24 0 55 1
287 12 742 1100 -6 24 0 55 1
288 12 742 1100 6 -24 0 55 1
289 12 1100 742 6 -24 0 55 1
290 12 742 1100 6 -24 0 55 1
291 12 742 1100 6 -24 0 55 1
292 12 742 1100 6 -24 0 55 1
293 12 1100 742 -6 24 0 55 1
294 12 1100 742 6 -24 0 55 1
295 12 742 1100 6 -24 0 55 1
296 12 742 1100 -6 24 0 55 1
297 12 1100 742 6 -24 0 55 1
298 12 742 1100 -6 24 0 55 1
299 12 742 1100 6 -24 0 55 1
300 12 742 1100 6 -24 0 55 1
301 12 1100 742 -6 24 0 55 1
302 12 1100 742 -6 24 0 55 1
303 12 742 1100 -6 24 0 55 1
304 12 742 1100 -6 24 0 55 1
305 12 1100 742 6 -24 0 55 1
306 12 1100 742 -6 24 0 55 1
307 12 742 1100 -6 24 0 55 1
308 12 742 1100 6 -24 0 55 1
309 12 742 1100 6 -24 0 55 1
310 12 742 1100 6 -24 0 55 1
311 12 742 1100 6 -24 0 55 1
312 12 742 1100 -6 24 0 55 1
313 12 742 1100 6 -24 0 55 1
314 12 1100 742 -6 24 0 55 1
315 12 1100 742 -6 24 0 55 1
316 12 1100 742 -6 24 0 55 1
317 12 1100 742 6 -24 0 55 1
318 12 742 1100 -6 24 0 55 1
319 12 742 1100 6 -24 0 55 1
320 12 1100 742 6 -24 0 55 1
321 12 1100 742 -6 24 0 55 1
322 12 1100 742 -6 24 0 55 1
323 12 742 1100 6 -24 0 55 1
324 12 742 1100 6 -24 0 55 1
325 12 742 1100 6 -24 0 55 1
326 12 1100 742 -6 24 0 55 1
327 12 1100 742 6 -24 0 55 1
328 12 742 1100 6 -24 0 55 1
329 12 742 1100 6 -24 0 55 1
330 12 742 1100 -6 24 0 55 1
331 12 1100 742 -6 24 0 55 1
332 12 742 1100 6 -24 0 55 1
333 12 742 1100 6 -24 0 55 1
334 12 742 1100 6 -24 0 55 1
335 12 742 1100 6 -24 0 55 1
336 12 1100 742 6 -24 0 55 1
337 12 1100 742 6 -24 0 55 1
338 12 1100 742 6 -24 0 55 1
339 12 1100 742 6 -24 0 55 1
340 12 742 1100 -6 24 0 55 1
341 12 742 1100 -6 24 0 55 1
342 12 500 742 -6 24 0 55 1
343 12 500 742 6 -24 0 55 1
344 12 500 742 6 -24 0 55 1
345 12 500 742 -6 24 0 55 1
346 12 742 500 -6 24 0 55 1
347 12 500 742 -6 24 0 55 1
348 12 500 742 6 -24 0 55 1
349 12 500 742 6 -24 0 55 1
350 12 742 500 -6 24 0 55 1
351 12 742 500 -6 24 0 55 1
352 12 742 500 -6 24 0 55 1
353 12 500 742 6 -24 0 55 1
354 12 500 742 -6 24 0 55 1
355 12 742 500 6 -24 0 55 1
356 12 742 500 -6 24 0 55 1
357 12 742 500 -6 24 0 55 1
358 12 742 500 6 -24 0 55 1
359 12 742 500 -6 24 0 55 1
360 12 500 742 -6 24 0 55 1
361 12 742 500 -6 24 0 55 1
362 12 742 500 6 -24 1 55 1
363 12 742 500 -6 24 0 55 1
364 12 742 500 6 -24 1 55 1
365 12 500 742 -6 24 0 55 1
366 12 742 500 6 -24 0 55 1
367 12 500 742 6 -24 1 55 1
368 12 742 500 -6 24 1 55 1
369 12 742 500 6 -24 1 55 1
370 12 500 742 -6 24 0 55 1
371 12 742 500 -6 24 1 55 1
372 12 500 742 6 -24 1 55 1
373 12 500 742 -6 24 0 55 1
374 12 742 500 -6 24 0 55 1
375 12 742 500 6 -24 1 55 1
376 12 500 742 -6 24 0 55 1
377 12 500 742 -6 24 0 55 1
378 12 742 500 6 -24 0 55 1
379 12 500 742 -6 24 1 55 1
380 12 500 742 6 -24 1 55 1
381 12 742 500 6 -24 0 55 1
382 12 742 500 6 -24 1 55 1
383 12 500 742 6 -24 1 55 1
384 12 500 742 -6 24 0 55 1
385 12 500 742 -6 24 0 55 1
386 12 500 742 6 -24 0 55 1
387 12 500 742 6 -24 1 55 1
388 12 742 500 -6 24 0 55 1
389 12 742 500 -6 24 0 55 1
390 12 500 742 6 -24 1 55 1
391 12 742 500 -6 24 0 55 1
392 12 742 500 6 -24 0 55 1
393 12 500 742 6 -24 1 55 1
394 12 742 500 6 -24 0 55 1
395 12 500 742 -6 24 1 55 1
396 12 742 500 -6 24 1 55 1
397 12 500 742 -6 24 0 55 1
398 12 742 500 -6 24 0 55 1
399 12 742 500 -6 24 1 55 1
400 12 742 500 -6 24 1 55 1
401 12 500 742 6 -24 0 55 1
402 12 500 742 6 -24 0 55 1
403 12 742 500 -6 24 1 55 1
404 12 742 500 6 -24 0 55 1
405 12 500 742 -6 24 1 55 1
406 12 500 742 6 -24 0 55 1
407 12 742 500 -6 24 0 55 1
408 12 500 742 -6 24 0 55 1
409 12 500 742 6 -24 1 55 1
410 12 742 500 -6 24 1 55 1
411 12 500 742 6 -24 1 55 1
412 12 500 742 6 -24 1 55 1
413 12 500 742 -6 24 1 55 1
414 12 742 500 6 -24 1 55 1
415 12 742 500 -6 24 0 55 1
416 12 500 742 6 -24 1 55 1
417 12 742 500 6 -24 0 55 1
418 12 742 500 -6 24 1 55 1
419 12 742 500 -6 24 0 55 1
420 12 500 742 -6 24 0 55 1
421 12 500 742 -6 24 0 55 1
422 12 500 742 6 -24 1 55 1
423 12 742 500 6 -24 0 55 1
424 12 500 742 6 -24 1 55 1
425 12 500 742 -6 24 0 55 1
426 12 500 742 -6 24 0 55 1
427 12 500 742 6 -24 1 55 1
428 12 742 500 6 -24 0 55 1
429 12 500 742 6 -24 0 55 1
430 12 500 742 -6 24 1 55 1
431 12 500 742 6 -24 0 55 1
432 12 742 500 6 -24 1 55 1
433 12 500 742 -6 24 1 55 1
434 12 500 742 -6 24 1 55 1
435 12 742 500 -6 24 1 55 1
436 12 500 742 -6 24 0 55 1
437 12 500 742 6 -24 1 55 1
438 12 500 742 -6 24 0 55 1
439 12 500 742 -6 24 0 55 1
440 12 500 742 -6 24 1 55 1
441 12 742 500 6 -24 0 55 1
442 12 500 742 6 -24 0 55 1
443 12 500 742 -6 24 1 55 1
444 12 500 742 6 -24 1 55 1
445 12 742 500 -6 24 0 55 1
446 12 742 500 6 -24 1 55 1
447 12 742 500 -6 24 0 55 1
448 12 742 500 6 -24 0 55 1
449 12 500 742 -6 24 0 55 1
450 12 500 742 -6 24 0 55 1
451 12 742 500 -6 24 0 55 1
452 12 500 742 -6 24 0 55 1
453 12 500 742 -6 24 0 55 1
454 12 500 742 6 -24 0 55 1
455 12 742 500 6 -24 1 55 1
456 12 742 500 -6 24 0 55 1
457 12 500 742 6 -24 0 55 1
458 12 742 500 6 -24 0 55 1
459 12 500 742 -6 24 0 55 1
460 12 500 742 -6 24 1 55 1
461 12 500 742 6 -24 1 55 1
462 12 500 742 6 -24 1 55 1
463 12 500 742 6 -24 0 55 1
464 12 500 742 6 -24 1 55 1
465 12 742 500 -6 24 1 55 1
466 12 500 742 6 -24 0 55 1
467 12 742 500 -6 24 0 55 1
468 12 742 500 -6 24 0 55 1
469 12 500 742 6 -24 0 55 1
470 8 609 0 18 -12851 1 55 0
471 8 903 0 -18 -12851 1 55 0
472 8 609 0 -24 -12851 1 55 0
473 8 903 0 -6 -12851 1 55 0
474 8 903 0 12 -12851 1 55 0
475 8 609 0 -24 -12851 1 55 0
476 7 609 0 -18 -12851 1 55 0
477 8 903 0 6 -12851 1 55 0
478 8 903 0 -12 -12851 1 55 0
479 8 609 0 -12 -12851 1 55 0
480 8 903 0 0 -12851 1 55 0
481 8 903 0 6 -12851 1 55 0
482 8 903 0 24 -12851 1 55 0
483 8 903 0 12 -12851 1 55 0
484 8 609 0 0 -12851 1 55 0
485 8 609 0 -6 -12851 1 55 0
486 8 609 0 18 -12851 1 55 0
487 8 609 0 24 -12851 1 55 0
488 8 903 0 0 -12851 0 55 0
489 8 903 0 0 -12851 1 55 0
490 8 903 0 -12 -12851 1 55 0
491 8 609 0 6 -12851 1 55 0
492 8 609 0 -18 -12851 1 55 0
493 8 903 0 18 -12851 1 55 0
494 8 903 0 12 -12851 1 55 0
495 8 903 0 0 -12851 1 55 0
496 8 609 0 -18 -12851 1 55 0
497 8 609 0 24 -12851 1 55 0
498 8 609 0 12 -12851 1 55 0
499 8 903 0 -12 -12851 1 55 0
500 8 903 0 6 -12851 1 55 0
501 8 903 0 -6 -12851 1 55 0
502 7 903 0 -24 -12851 1 55 0
503 8 609 0 -6 -12851 1 55 0
504 7 609 0 18 -12851 0 55 0
505 8 903 0 -24 -12851 1 55 0
506 7 609 0 24 -12851 1 55 0
507 8 609 0 6 -12851 1 55 0
508 8 903 0 6 -12851 1 55 0
509 8 609 0 12 -12851 1 55 0
510 8 903 0 -6 -12851 1 55 0
511 8 903 0 -6 -12851 1 55 0
512 8 903 0 -24 -12851 0 55 0
513 8 903 0 12 -12851 1 55 0
514 8 609 0 -18 -12851 1 55 0
515 8 609 0 6 -12851 1 55 0
516 8 903 0 -18 -12851 0 55 0
517 8 903 0 24 -12851 0 55 0
518 8 609 0 -24 -12851 1 55 0
519 8 609 0 0 -12851 0 55 0
520 7 609 0 -12 -12851 0 55 0
521 8 903 0 18 -12851 1 55 0
522 8 903 0 0 -12851 1 55 0
523 8 903 0 18 -12851 1 55 0
524 8 903 0 -12 -12851 1 55 0
525 8 609 0 24 -12851 1 55 0
526 8 609 0 -12 -12851 1 55 0
527 8 903 0 -12 -12851 1 55 0
528 8 609 0 0 -12851 1 55 0
529 7 609 0 -24 -12851 1 55 0
530 7 903 0 -12 -12851 1 55 0
531 8 609 0 12 -12851 1 55 0
532 8 903 0 6 -12851 1 55 0
533 8 903 0 -18 -12851 0 55 0
534 8 609 0 24 -12851 1 55 0
535 8 903 0 -18 -12851 0 55 0
536 8 903 0 24 -12851 0 55 0
537 8 609 0 -6 -12851 1 55 0
538 8 609 0 -6 -12851 0 55 0
539 8 609 0 12 -12851 1 55 0
540 8 609 0 -24 -12851 1 55 0
541 8 903 0 18 -12851 1 55 0
542 8 903 0 0 -12851 0 55 0
543 8 609 0 6 -12851 1 55 0
544 8 609 0 18 -12851 1 55 0
545 8 903 0 18 -12851 1 55 0
546 8 609 0 18 -12851 1 55 0
547 8 609 0 -18 -12851 1 55 0
548 8 609 0 -24 -12851 1 55 0
549 8 903 0 -6 -12851 1 55 0
550 8 609 0 12 -12851 0 55 0
551 7 903 0 -24 -12851 1 55 0
552 8 903 0 -18 -12851 1 55 0
553 8 903 0 6 -12851 1 55 0
554 8 903 0 -12 -12851 1 55 0
555 8 903 0 -12 -12851 1 55 0
556 8 609 0 0 -12851 1 55 0
557 8 609 0 6 -12851 0 55 0
558 8 609 0 24 -12851 1 55 0
559 8 903 0 12 -12851 1 55 0
560 8 609 0 0 -12851 1 55 0
561 8 903 0 -6 -12851 1 55 0
562 8 609 0 18 -12851 1 55 0
563 8 903 0 24 -12851 0 55 0
564 8 903 0 -18 -12851 1 55 0
565 7 903 0 -18 -12851 1 55 0
566 8 903 0 6 -12851 1 55 0
567 7 903 0 -6 -12851 1 55 0
568 8 609 0 -6 -12851 1 55 0
569 8 609 0 -18 -12851 1 55 0
570 8 609 0 6 -12851 1 55 0
571 8 903 0 18 -12851 1 55 0
572 8 903 0 12 -12851 1 55 0
573 7 903 0 0 -12851 0 55 0
574 8 609 0 -24 -12851 1 55 0
575 8 609 0 18 -12851 1 55 0
576 8 609 0 24 -12851 0 55 0
577 8 609 0 24 -12851 0 55 0
578 7 903 0 -24 -12851 1 55 0
579 8 903 0 -12 -12851 1 55 0
580 8 903 0 -12 -12851 1 55 0
581 8 609 0 0 -12851 1 55 0
582 8 609 0 12 -12851 1 55 0
583 7 903 0 -24 -12851 0 55 0
584 8 609 0 -24 -12851 1 55 0
585 7 903 0 18 -12851 1 55 0
586 8 609 0 6 -12851 1 55 0
587 8 609 0 -18 -12851 1 55 0
588 8 742 0 18 -12851 0 55 0
589 8 1100 0 -6 -12851 0 55 0
590 8 742 0 -6 -12851 0 55 0
591 7 742 0 -18 -12851 0 55 0
592 8 742 0 -12 -12851 0 55 0
593 8 1100 0 12 -12851 0 55 0
594 8 742 0 -12 -12851 0 55 0
595 8 1100 0 6 -12851 0 55 0
596 8 1100 0 12 -12851 0 55 0
597 8 1100 0 24 -12851 0 55 0
598 8 1100 0 0 -12851 0 55 0
599 8 1100 0 0 -12851 0 55 0
600 8 1100 0 24 -12851 0 55 0
601 8 742 0 -24 -12851 0 55 0
602 8 1100 0 -6 -12851 0 55 0
603 7 742 0 -6 -12851 0 55 0
604 8 1100 0 -12 -12851 0 55 0
605 8 742 0 -12 -12851 0 55 0
606 8 742 0 -18 -12851 0 55 0
607 8 742 0 24 -12851 0 55 0
608 8 1100 0 -24 -12851 0 55 0
609 8 742 0 12 -12851 0 55 0
610 8 742 0 18 -12851 0 55 0
611 8 742 0 24 -12851 0 55 0
612 8 742 0 -18 -12851 0 55 0
613 8 1100 0 18 -12851 0 55 0
614 8 1100 0 -24 -12851 0 55 0
615 7 742 0 -6 -12851 0 55 0
616 8 742 0 12 -12851 0 55 0
617 8 1100 0 6 -12851 0 55 0
618 8 1100 0 6 -12851 0 55 0
619 8 1100 0 0 -12851 0 55 0
620 8 1100 0 0 -12851 0 55 0
621 8 1100 0 -6 -12851 0 55 0
622 8 1100 0 -6 -12851 0 55 0
623 8 742 0 12 -12851 0 55 0
624 8 1100 0 -18 -12851 0 55 0
625 8 1100 0 -6 -12851 0 55 0
626 8 742 0 -12 -12851 0 55 0
627 8 1100 0 -18 -12851 0 55 0
628 8 742 0 -24 -12851 0 55 0
629 8 742 0 -12 -12851 0 55 0
630 8 742 0 -24 -12851 0 55 0
631 7 1100 0 18 -12851 0 55 0
632 8 1100 0 6 -12851 0 55 0
633 8 742 0 6 -12851 0 55 0
634 8 742 0 24 -12851 0 55 0
635 7 742 0 12 -12851 0 55 0
636 8 742 0 0 -12851 1 55 0
637 8 742 0 24 -12851 0 55 0
638 8 1100 0 0 -12851 1 55 0
639 8 1100 0 18 -12851 1 55 0
640 8 1100 0 6 -12851 1 55 0
641 8 1100 0 6 -12851 1 55 0
642 8 1100 0 -6 -12851 1 55 0
643 8 1100 0 -18 -12851 0 55 0
644 7 742 0 18 -12851 1 55 0
645 8 742 0 0 -12851 1 55 0
646 8 742 0 12 -12851 1 55 0
647 7 742 0 -24 -12851 0 55 0
648 8 1100 0 -6 -12851 0 55 0
649 7 1100 0 -18 -12851 0 55 0
650 7 742 0 12 -12851 1 55 0
651 8 1100 0 6 -12851 1 55 0
652 8 1100 0 -12 -12851 1 55 0
653 8 742 0 18 -12851 1 55 0
654 8 742 0 0 -12851 0 55 0
655 8 742 0 -12 -12851 1 55 0
656 8 742 0 24 -12851 0 55 0
657 8 742 0 -24 -12851 1 55 0
658 8 742 0 24 -12851 0 55 0
659 8 1100 0 -6 -12851 1 55 0
660 8 1100 0 -6 -12851 1 55 0
661 8 1100 0 24 -12851 0 55 0
662 8 1100 0 -24 -12851 0 55 0
663 8 1100 0 -6 -12851 0 55 0
664 8 742 0 6 -12851 1 55 0
665 8 742 0 -18 -12851 1 55 0
666 8 742 0 12 -12851 1 55 0
667 8 1100 0 12 -12851 1 55 0
668 8 742 0 -24 -12851 0 55 0
669 8 742 0 -18 -12851 1 55 0
670 8 1100 0 -12 -12851 1 55 0
671 8 1100 0 0 -12851 0 55 0
672 8 1100 0 -12 -12851 0 55 0
673 8 742 0 0 -12851 1 55 0
674 8 1100 0 18 -12851 1 55 0
675 8 1100 0 24 -12851 0 55 0
676 7 1100 0 6 -12851 0 55 0
677 8 742 0 18 -12851 1 55 0
678 8 1100 0 24 -12851 0 55 0
679 8 1100 0 24 -12851 0 55 0
680 8 1100 0 24 -12851 0 55 0
681 8 1100 0 0 -12851 1 55 0
682 8 742 0 -18 -12851 1 55 0
683 8 742 0 -6 -12851 1 55 0
684 8 742 0 0 -12851 1 55 0
685 8 742 0 18 -12851 0 55 0
686 8 1100 0 -12 -12851 0 55 0
687 8 1100 0 -6 -12851 1 55 0
688 8 1100 0 12 -12851 1 55 0
689 8 742 0 -18 -12851 1 55 0
690 8 1100 0 -12 -12851 1 55 0
691 8 1100 0 18 -12851 0 55 0
692 8 742 0 -24 -12851 1 55 0
693 8 742 0 6 -12851 0 55 0
694 8 1100 0 -24 -12851 1 55 0
695 8 742 0 6 -12851 1 55 0
696 8 742 0 12 -12851 1 55 0
697 8 1100 0 24 -12851 0 55 0
698 8 1100 0 24 -12851 0 55 0
699 8 742 0 24 -12851 0 55 0
700 8 1100 0 0 -12851 0 55 0
701 8 742 0 -24 -12851 0 55 0
702 8 1100 0 12 -12851 1 55 0
703 8 742 0 -24 -12851 0 55 0
704 8 742 0 6 -12851 0 55 0
705 7 1100 0 -18 -12851 1 55 0
706 8 1100 0 -18 -12851 1 55 0
707 8 742 0 -12 -12851 1 55 0
708 8 1100 0 6 -12851 1 55 0
709 8 1100 0 -6 -12851 1 55 0
710 8 1100 0 12 -12851 1 55 0
711 8 742 0 0 -12851 1 55 0
712 8 742 0 -6 -12851 0 55 0
713 8 742 0 18 -12851 0 55 0
714 8 1100 0 18 -12851 1 55 0
715 8 1100 0 -12 -12851 1 55 0
716 7 1100 0 -24 -12851 0 55 0
717 8 742 0 -24 -12851 1 55 0
718 8 742 0 -18 -12851 1 55 0
719 8 742 0 24 -12851 0 55 0
720 8 742 0 0 -12851 1 55 0
721 8 742 0 -24 -12851 1 55 0
722 8 742 0 -12 -12851 1 55 0
723 8 742 0 24 -12851 0 55 0
724 8 742 0 12 -12851 0 55 0
725 8 1100 0 -18 -12851 1 55 0
726 8 1100 0 12 -12851 0 55 0
727 8 1100 0 -12 -12851 1 55 0
728 8 1100 0 18 -12851 1 55 0
729 8 1100 0 -6 -12851 0 55 0
730 8 1100 0 6 -12851 0 55 0
731 8 1100 0 -6 -12851 0 55 0
732 8 742 0 18 -12851 0 55 0
733 8 742 0 0 -12851 0 55 0
734 8 742 0 6 -12851 0 55 0
735 8 742 0 0 -12851 0 55 0
736 8 742 0 0 -12851 0 55 0
737 8 1100 0 -12 -12851 0 55 0
738 8 1100 0 -24 -12851 0 55 0
739 8 1100 0 -24 -12851 0 55 0
740 8 1100 0 0 -12851 0 55 0
741 8 742 0 18 -12851 0 55 0
742 8 742 0 6 -12851 0 55 0
743 8 1100 0 12 -12851 0 55 0
744 8 742 0 12 -12851 0 55 0
745 8 742 0 6 -12851 0 55 0
746 8 742 0 18 -12851 0 55 0
747 8 742 0 -6 -12851 0 55 0
748 8 1100 0 -6 -12851 0 55 0
749 8 1100 0 -12 -12851 0 55 0
750 8 1100 0 24 -12851 0 55 0
751 8 1100 0 24 -12851 0 55 0
752 8 742 0 -18 -12851 1 55 0
753 8 742 0 -18 -12851 1 55 0
754 8 1100 0 6 -12851 0 55 0
755 8 742 0 6 -12851 0 55 0
756 8 742 0 -6 -12851 0 55 0
757 8 742 0 -6 -12851 0 55 0
758 8 1100 0 24 -12851 0 55 0
759 8 742 0 12 -12851 0 55 0
760 8 1100 0 12 -12851 0 55 0
761 8 1100 0 -12 -12851 0 55 0
762 8 1100 0 24 -12851 0 55 0
763 8 742 0 6 -12851 0 55 0
764 8 742 0 -24 -12851 0 55 0
765 8 1100 0 -24 -12851 0 55 0
766 8 742 0 18 -12851 0 55 0
767 8 1100 0 -12 -12851 0 55 0
768 8 742 0 0 -12851 0 55 0
769 8 742 0 -18 -12851 1 55 0
770 8 1100 0 0 -12851 1 55 0
771 8 1100 0 18 -12851 1 55 0
772 8 1100 0 -18 -12851 1 55 0
773 8 742 0 18 -12851 1 55 0
774 8 1100 0 18 -12851 1 55 0
775 8 1100 0 24 -12851 1 55 0
776 8 742 0 -6 -12851 1 55 0
777 8 1100 0 -12 -12851 1 55 0
778 8 1100 0 6 -12851 1 55 0
779 8 742 0 -18 -12851 1 55 0
780 8 742 0 -18 -12851 1 55 0
781 8 742 0 -12 -12851 1 55 0
782 8 742 0 -24 -12851 1 55 0
783 8 1100 0 12 -12851 1 55 0
784 8 1100 0 12 -12851 1 55 0
785 8 1100 0 24 -12851 1 55 0
786 8 1100 0 0 -12851 1 55 0
787 8 1100 0 0 -12851 1 55 0
788 7 742 0 18 -12851 1 55 0
789 8 1100 0 -6 -12851 1 55 0
790 8 742 0 -24 -12851 1 55 0
791 8 1100 0 6 -12851 1 55 0
792 8 742 0 6 -12851 0 55 0
793 8 742 0 6 -12851 1 55 0
794 8 742 0 -12 -12851 1 55 0
795 8 1100 0 12 -12851 0 55 0
796 8 742 0 -24 -12851 1 55 0
797 8 742 0 -18 -12851 1 55 0
798 8 742 0 -18 -12851 1 55 0
799 8 742 0 0 -12851 1 55 0
800 8 742 0 -6 -12851 1 55 0
801 8 1100 0 12 -12851 1 55 0
802 8 742 0 -24 -12851 1 55 0
803 8 1100 0 -6 -12851 1 55 0
804 8 1100 0 6 -12851 1 55 0
805 8 1100 0 0 -12851 0 55 0
806 8 1100 0 24 -12851 0 55 0
807 8 1100 0 24 -12851 0 55 0
808 8 1100 0 18 -12851 0 55 0
809 8 742 0 18 -12851 0 55 0
810 8 742 0 -12 -12851 0 55 0
811 8 742 0 6 -12851 1 55 0
812 7 742 0 6 -12851 0 55 0
813 7 742 0 -12 -12851 1 55 0
814 8 1100 0 18 -12851 1 55 0
815 8 1100 0 18 -12851 1 55 0
816 8 1100 0 -6 -12851 0 55 0
817 8 1100 0 -12 -12851 1 55 0
818 8 742 0 0 -12851 1 55 0
819 8 742 0 6 -12851 0 55 0
820 8 742 0 -24 -12851 1 55 0
821 8 1100 0 -18 -12851 0 55 0
822 8 1100 0 24 -12851 0 55 0
823 8 742 0 -6 -12851 1 55 0
824 8 1100 0 24 -12851 0 55 0
825 8 1100 0 12 -12851 0 55 0
826 8 742 0 12 -12851 0 55 0
827 8 742 0 -24 -12851 1 55 0
828 8 1100 0 -18 -12851 1 55 0
829 8 742 0 0 -12851 1 55 0
830 8 742 0 18 -12851 0 55 0
831 8 742 0 18 -12851 1 55 0
832 8 500 0 -6 -12851 0 55 0
833 7 500 0 -12 -12851 0 55 0
834 8 742 0 18 -12851 0 55 0
835 8 742 0 6 -12851 0 55 0
836 8 742 0 24 -12851 0 55 0
837 7 500 0 -24 -12851 1 55 0
838 8 500 0 0 -12851 1 55 0
839 8 500 0 0 -12851 0 55 0
840 8 742 0 -12 -12851 1 55 0
841 8 742 0 12 -12851 0 55 0
842 8 500 0 -18 -12851 1 55 0
843 8 742 0 -18 -12851 0 55 0
844 8 500 0 24 -12851 0 55 0
845 8 742 0 12 -12851 0 55 0
846 8 500 0 -6 -12851 1 55 0
847 8 500 0 -24 -12851 0 55 0
848 8 500 0 6 -12851 1 55 0
849 8 500 0 -24 -12851 0 55 0
850 8 500 0 0 -12851 1 55 0
851 8 500 0 -6 -12851 1 55 0
852 8 500 0 12 -12851 1 55 0
853 8 500 0 6 -12851 1 55 0
854 8 742 0 18 -12851 1 55 0
855 8 742 0 6 -12851 1 55 0
856 8 742 0 24 -12851 0 55 0
857 8 742 0 -6 -12851 1 55 0
858 8 742 0 -24 -12851 1 55 0
859 8 742 0 -18 -12851 1 55 0
860 8 742 0 -18 -12851 1 55 0
861 8 500 0 12 -12851 1 55 0
862 8 742 0 18 -12851 1 55 0
863 8 742 0 -12 -12851 1 55 0
864 8 500 0 -12 -12851 1 55 0
865 8 500 0 0 -12851 1 55 0
866 8 500 0 24 -12851 0 55 0
867 8 500 0 -6 -12851 1 55 0
868 8 742 0 -6 -12851 1 55 0
869 8 742 0 -24 -12851 1 55 0
870 8 500 0 6 -12851 1 55 0
871 8 500 0 6 -12851 1 55 0
872 8 500 0 0 -12851 1 55 0
873 8 742 0 -18 -12851 1 55 0
874 8 500 0 12 -12851 1 55 0
875 8 742 0 -24 -12851 1 55 0
876 8 742 0 -12 -12851 1 55 0
877 7 742 0 -18 -12851 1 55 0
878 7 500 0 24 -12851 1 55 0
879 8 500 0 -6 -12851 1 55 0
880 8 742 0 24 -12851 0 55 0
881 8 742 0 12 -12851 1 55 0
882 8 742 0 18 -12851 0 55 0
883 8 500 0 18 -12851 1 55 0
884 8 500 0 -12 -12851 1 55 0
885 8 500 0 0 -12851 1 55 0
886 8 742 0 -18 -12851 0 55 0
887 8 500 0 -18 -12851 0 55 0
888 8 500 0 -24 -12851 0 55 0
889 8 742 0 -24 -12851 0 55 0
890 7 742 0 18 -12851 0 55 0
891 8 742 0 0 -12851 1 55 0
892 8 742 0 -12 -12851 1 55 0
893 8 742 0 18 -12851 1 55 0
894 8 500 0 -6 -12851 1 55 0
895 7 742 0 -12 -12851 1 55 0
896 8 500 0 6 -12851 0 55 0
897 8 742 0 0 -12851 1 55 0
898 7 742 0 -18 -12851 0 55 0
899 8 742 0 24 -12851 0 55 0
900 7 500 0 12 -12851 1 55 0
901 8 500 0 24 -12851 0 55 0
902 7 500 0 6 -12851 1 55 0
903 8 500 0 -6 -12851 1 55 0
904 8 500 0 12 -12851 1 55 0
905 8 500 0 18 -12851 0 55 0
906 7 742 0 18 -12851 1 55 0
907 8 742 0 0 -12851 1 55 0
908 8 742 0 -6 -12851 1 55 0
909 8 500 0 12 -12851 0 55 0
910 7 500 0 0 -12851 1 55 0
911 8 742 0 -18 -12851 1 55 0
912 8 500 0 -12 -12851 1 55 0
913 8 742 0 6 -12851 1 55 0
914 7 742 0 12 -12851 1 55 0
915 8 742 0 24 -12851 1 55 0
916 8 500 0 -12 -12851 1 55 0
917 8 742 0 -6 -12851 1 55 0
918 7 500 0 -18 -12851 0 55 0
919 8 742 0 -24 -12851 1 55 0
920 8 742 0 -24 -12851 1 55 0
921 8 500 0 6 -12851 1 55 0
922 8 500 0 18 -12851 1 55 0
923 8 500 0 24 -12851 0 55 0
924 8 742 0 -12 -12851 1 55 0
925 8 742 0 -12 -12851 1 55 0
926 8 742 0 -18 -12851 1 55 0
927 8 742 0 24 -12851 1 55 0
928 8 742 0 24 -12851 0 55 0
929 8 500 0 -6 -12851 1 55 0
930 8 742 0 -12 -12851 0 55 0
931 8 742 0 6 -12851 1 55 0
932 8 500 0 12 -12851 1 55 0
933 8 500 0 6 -12851 0 55 0
934 8 500 0 -24 -12851 1 55 0
935 7 500 0 -18 -12851 0 55 0
936 8 742 0 -24 -12851 1 55 0
937 8 742 0 -6 -12851 1 55 0
938 8 500 0 0 -12851 1 55 0
939 8 742 0 0 -12851 1 55 0
940 8 742 0 18 -12851 0 55 0
941 7 500 0 12 -12851 1 55 0
942 7 742 0 18 -12851 1 55 0
943 8 500 0 -12 -12851 1 55 0
944 8 500 0 -12 -12851 0 55 0
945 8 742 0 -24 -12851 1 55 0
946 8 500 0 -18 -12851 1 55 0
947 7 500 0 0 -12851 1 55 0
948 8 500 0 -6 -12851 1 55 0
949 8 742 0 12 -12851 0 55 0
950 8 742 0 12 -12851 1 55 0
951 8 500 0 -18 -12851 0 55 0
952 8 500 0 -12 -12851 1 55 0
953 8 500 0 24 -12851 1 55 0
954 7 500 0 0 -12851 1 55 0
955 8 742 0 -6 -12851 1 55 0
956 8 742 0 -24 -12851 0 55 0
957 8 742 0 6 -12851 1 55 0
958 7 500 0 6 -12851 1 55 0
959 8 500 0 24 -12851 0 55 0
960 8 500 0 18 -12851 0 55 0
961 8 742 0 18 -12851 0 55 0
962 8 500 0 -12 -12851 1 55 0
963 8 742 0 -12 -12851 0 55 0
964 7 500 0 18 -12851 0 55 0
965 8 742 0 6 -12851 0 55 0
966 7 742 0 18 -12851 0 55 0
967 8 742 0 -18 -12851 0 55 0
968 8 500 0 -6 -12851 0 55 0
969 8 500 0 -6 -12851 0 55 0
970 8 500 0 0 -12851 0 55 0
971 8 742 0 -12 -12851 1 55 0
972 8 742 0 -18 -12851 1 55 0
973 8 500 0 -24 -12851 1 55 0
974 8 500 0 24 -12851 1 55 0
975 8 500 0 0 -12851 1 55 0
976 8 500 0 -24 -12851 1 55 0
977 8 742 0 6 -12851 1 55 0
978 8 742 0 12 -12851 0 55 0
979 8 742 0 24 -12851 1 55 0
980 8 500 0 12 -12851 1 55 0
981 8 500 0 0 -12851 1 55 0
982 8 500 0 0 -12851 1 55 0
983 8 500 0 -24 -12851 0 55 0
984 8 500 0 0 -12851 0 55 0
985 8 742 0 -6 -12851 0 55 0
986 8 742 0 18 -12851 0 55 0
987 8 500 0 18 -12851 0 55 0
988 8 742 0 -18 -12851 1 55 0
989 8 742 0 -24 -12851 1 55 0
990 8 742 0 -18 -12851 1 55 0
991 8 500 0 -12 -12851 0 55 0
992 8 500 0 24 -12851 0 55 0
993 8 500 0 -6 -12851 0 55 0
994 8 742 0 24 -12851 0 55 0
995 8 500 0 6 -12851 0 55 0
996 8 500 0 6 -12851 0 55 0
997 8 500 0 -12 -12851 0 55 0
998 8 742 0 12 -12851 0 55 0
999 8 742 0 12 -12851 0 55 0
1000 8 742 0 -18 -12851 0 55 0
1001 8 742 0 -18 -12851 0 55 0
1002 7 500 0 -6 -12851 0 55 0
1003 8 500 0 6 -12851 0 55 0
1004 8 742 0 -6 -12851 0 55 0
1005 8 742 0 24 -12851 0 55 0
1006 8 500 0 -24 -12851 0 55 0
1007 8 742 0 24 -12851 0 55 0
1008 8 742 0 -12 -12851 0 55 0
1009 7 500 0 6 -12851 0 55 0
1010 8 500 0 -12 -12851 0 55 0
1011 8 500 0 12 -12851 0 55 0
1012 8 742 0 18 -12851 0 55 0
1013 8 500 0 -24 -12851 0 55 0
1014 8 500 0 18 -12851 0 55 0
1015 8 742 0 0 -12851 0 55 0
1016 8 500 0 0 -12851 0 55 0
1017 8 742 0 -18 -12851 0 55 0
1018 8 500 0 12 -12851 0 55 0
1019 8 742 0 -12 -12851 0 55 0
1020 8 500 0 -12 -12851 0 55 0
1021 8 500 0 -24 -12851 0 55 0
1022 8 742 0 -18 -12851 0 55 0
1023 8 742 0 0 -12851 0 55 0
1024 8 742 0 -6 -12851 0 55 0
1025 8 742 0 12 -12851 0 55 0
1026 8 500 0 12 -12851 0 55 0
1027 8 742 0 -18 -12851 0 55 0
1028 8 500 0 -12 -12851 0 55 0
1029 8 742 0 24 -12851 0 55 0
1030 7 500 0 0 -12851 0 55 0
1031 8 500 0 -6 -12851 0 55 0
1032 8 742 0 -24 -12851 0 55 0
1033 8 742 0 6 -12851 0 55 0
1034 8 500 0 6 -12851 0 55 0
1035 8 500 0 24 -12851 0 55 0
1036 8 500 0 18 -12851 0 55 0
1037 8 500 0 18 -12851 0 55 0
1038 8 742 0 -24 -12851 0 55 0
1039 8 500 0 -24 -12851 0 55 0
