341 8 609 0 -6 -12851 1 60 0
342 12 742 1100 -6 24 0 51 51
343 8 609 0 24 -12851 0 60 0
344 8 1100 0 -24 -12851 0 55 0
345 8 500 0 -24 -12851 1 60 0
346 12 609 742 -6 24 0 55 51
347 8 500 0 -6 -12851 0 60 0
348 8 1100 0 24 -12851 1 55 0
349 12 609 742 6 -24 1 51 51
350 12 742 903 -6 24 0 51 51
351 12 903 742 -6 24 0 51 55
352 12 1100 742 -6 24 0 51 51
353 12 1100 742 6 -24 1 55 51
354 8 903 0 -24 -12851 1 60 0
355 8 742 0 24 -12851 1 55 0
356 12 1100 742 6 -24 0 55 55
357 12 742 609 -6 24 1 51 55
358 12 903 742 -6 24 0 51 55
359 8 609 0 24 -12851 1 55 0
360 8 903 0 6 -12851 1 60 0
361 8 609 0 -6 -12851 0 60 0
362 8 500 0 6 -12851 1 60 0
363 12 742 1100 6 -24 1 51 51
364 8 1100 0 -6 -12851 1 60 0
365 8 742 0 24 -12851 1 55 0
366 8 903 0 -6 -12851 1 55 0
367 8 742 0 -6 -12851 0 55 0
368 12 609 742 6 -24 1 55 51
369 12 742 500 -6 24 1 55 51
370 8 1100 0 24 -12851 1 55 0
371 8 1100 0 6 -12851 1 55 0
372 8 500 0 -24 -12851 1 55 0
373 8 1100 0 -6 -12851 1 60 0
374 12 742 609 -6 24 1 55 55
375 8 609 0 24 -12851 1 60 0
376 8 742 0 24 -12851 1 55 0
377 8 742 0 24 -12851 0 60 0
378 8 903 0 24 -12851 0 60 0
379 12 500 742 6 -24 1 55 55
380 8 742 0 -24 -12851 1 60 0
381 12 742 500 6 -24 1 55 55
382 8 903 0 -6 -12851 1 60 0
383 8 609 0 -24 -12851 1 60 0
384 8 903 0 6 -12851 0 55 0
385 12 903 742 6 -24 1 51 55
386 12 903 742 6 -24 1 51 55
387 8 500 0 -6 -12851 1 60 0
388 12 500 742 -6 24 1 55 55
389 8 500 0 24 -12851 0 55 0
390 8 609 0 24 -12851 1 55 0
391 8 1100 0 -6 -12851 1 55 0
392 8 609 0 24 -12851 0 55 0
393 12 742 903 6 -24 1 55 51
394 8 609 0 6 -12851 1 55 0
395 12 1100 742 6 -24 0 51 55
396 8 1100 0 6 -12851 1 55 0
397 8 1100 0 6 -12851 1 60 0
398 12 500 742 -6 24 1 51 51
399 8 903 0 6 -12851 1 60 0
400 8 742 0 6 -12851 1 55 0
401 12 742 903 6 -24 0 55 51
402 12 742 609 -6 24 0 55 55
403 12 1100 742 6 -24 1 51 55
404 8 609 0 -6 -12851 0 60 0
405 12 742 609 -6 24 0 51 51
406 8 742 0 6 -12851 1 55 0
407 8 903 0 -24 -12851 1 55 0
408 8 500 0 24 -12851 1 55 0
409 12 500 742 6 -24 0 55 55
410 8 609 0 -24 -12851 1 60 0
411 12 742 903 6 -24 0 55 51
412 12 903 742 6 -24 0 55 51
413 12 609 742 -6 24 0 55 51
414 12 742 1100 -6 24 0 51 51
415 8 500 0 -24 -12851 1 60 0
416 12 742 903 6 -24 1 51 51
417 8 903 0 -6 -12851 0 60 0
418 12 742 903 6 -24 1 51 55
419 8 1100 0 -24 -12851 1 55 0
420 8 500 0 -6 -12851 1 55 0
421 8 742 0 24 -12851 0 55 0
422 12 742 903 6 -24 1 55 55
423 8 609 0 6 -12851 1 55 0
424 8 609 0 6 -12851 1 60 0
425 12 903 742 -6 24 1 55 55
426 12 609 742 -6 24 0 55 55
427 8 742 0 -6 -12851 1 55 0
428 12 1100 742 6 -24 1 55 51
429 8 742 0 24 -12851 1 55 0
430 8 1100 0 6 -12851 1 60 0
431 8 903 0 -6 -12851 1 55 0
432 8 609 0 -6 -12851 0 60 0
433 8 1100 0 -6 -12851 0 60 0
434 8 742 0 6 -12851 1 55 0
435 8 500 0 24 -12851 1 60 0
436 8 903 0 6 -12851 1 60 0
437 8 609 0 -24 -12851 0 55 0
438 8 1100 0 24 -12851 1 55 0
439 12 500 742 6 -24 1 51 55
440 12 742 903 -6 24 1 55 51
441 8 500 0 24 -12851 1 60 0
442 8 500 0 24 -12851 1 60 0
443 12 609 742 -6 24 1 51 51
444 8 903 0 -24 -12851 1 60 0
445 12 609 742 -6 24 1 55 51
446 8 1100 0 -24 -12851 1 60 0
447 8 1100 0 -6 -12851 1 60 0
448 8 742 0 -6 -12851 1 60 0
449 8 742 0 24 -12851 1 55 0
450 12 1100 742 6 -24 1 51 51
451 12 742 609 -6 24 0 55 55
452 8 742 0 -24 -12851 1 55 0
453 12 903 742 -6 24 0 55 55
454 12 903 742 6 -24 1 55 55
455 12 500 742 -6 24 0 55 55
456 8 903 0 -24 -12851 1 60 0
457 12 742 903 -6 24 0 51 51
458 8 500 0 6 -12851 1 55 0
459 8 609 0 24 -12851 1 60 0
460 12 742 903 -6 24 1 55 55
461 8 903 0 6 -12851 1 60 0
462 12 500 742 -6 24 0 51 51
463 12 742 609 6 -24 1 51 51
464 12 742 1100 -6 24 1 55 55
465 8 1100 0 -6 -12851 1 60 0
466 12 742 500 -6 24 0 55 51
467 8 500 0 -6 -12851 1 60 0
468 12 742 903 6 -24 0 51 51
469 12 903 742 -6 24 1 55 55
470 8 609 0 -6 -12851 0 55 0
471 8 500 0 -24 -12851 1 55 0
472 8 609 0 24 -12851 1 60 0
473 12 742 500 6 -24 1 51 51
474 12 500 742 -6 24 0 55 51
475 12 742 903 6 -24 0 55 51
476 8 903 0 -24 -12851 1 60 0
477 12 1100 742 6 -24 0 51 51
478 8 1100 0 6 -12851 1 60 0
479 8 500 0 -6 -12851 0 55 0
480 8 500 0 -24 -12851 0 55 0
481 8 742 0 24 -12851 1 55 0
482 8 742 0 -24 -12851 0 55 0
483 8 500 0 -24 -12851 1 60 0
484 8 742 0 -6 -12851 1 60 0
485 8 903 0 -24 -12851 1 60 0
486 8 1100 0 6 -12851 1 55 0
487 8 903 0 -6 -12851 0 55 0
488 8 500 0 -6 -12851 0 60 0
489 8 609 0 -24 -12851 1 60 0
490 8 903 0 -6 -12851 0 55 0
491 12 742 903 6 -24 1 51 51
492 12 742 609 -6 24 0 55 51
493 12 903 742 6 -24 1 55 51
494 8 1100 0 6 -12851 1 55 0
495 8 1100 0 24 -12851 0 60 0
496 12 609 742 6 -24 1 51 51
497 12 903 742 6 -24 0 55 51
498 8 609 0 24 -12851 1 60 0
499 12 903 742 6 -24 0 51 51
500 12 742 609 -6 24 0 55 55
501 12 500 742 -6 24 1 55 51
502 12 500 742 6 -24 1 55 51
503 8 609 0 24 -12851 0 60 0
504 8 609 0 24 -12851 1 55 0
505 8 609 0 6 -12851 1 60 0
506 12 609 742 6 -24 1 51 51
507 8 742 0 -24 -12851 1 60 0
508 12 1100 742 6 -24 1 51 51
509 8 1100 0 -6 -12851 1 55 0
510 12 609 742 -6 24 1 51 55
511 8 903 0 24 -12851 0 60 0
512 12 609 742 6 -24 1 55 55
513 12 742 609 -6 24 0 55 51
514 8 903 0 24 -12851 1 60 0
515 8 903 0 6 -12851 1 60 0
516 8 742 0 -6 -12851 1 55 0
517 12 903 742 -6 24 0 55 51
518 8 1100 0 -24 -12851 1 55 0
519 8 742 0 -6 -12851 1 55 0
520 8 609 0 24 -12851 1 55 0
521 12 742 1100 6 -24 0 51 51
522 12 903 742 -6 24 0 51 51
523 12 1100 742 -6 24 0 51 51
524 12 742 609 6 -24 0 55 55
525 8 500 0 -24 -12851 1 55 0
526 8 609 0 -24 -12851 1 55 0
527 12 742 1100 -6 24 0 51 51
528 12 1100 742 6 -24 1 55 51
529 12 903 742 6 -24 1 55 55
530 8 1100 0 6 -12851 1 60 0
531 8 500 0 -6 -12851 1 55 0
532 12 500 742 6 -24 0 51 55
533 8 500 0 6 -12851 1 60 0
534 12 742 903 6 -24 1 51 51
535 8 609 0 -24 -12851 1 60 0
536 12 500 742 6 -24 1 55 51
537 8 609 0 24 -12851 0 60 0
538 8 742 0 -24 -12851 1 55 0
539 8 903 0 -6 -12851 1 55 0
540 8 903 0 -24 -12851 1 60 0
541 8 742 0 -6 -12851 1 55 0
542 12 1100 742 6 -24 1 51 55
543 8 742 0 -6 -12851 0 55 0
544 8 609 0 6 -12851 1 60 0
545 12 742 500 6 -24 1 51 55
546 8 903 0 24 -12851 0 55 0
547 8 609 0 6 -12851 1 60 0
548 12 742 500 6 -24 1 55 55
549 8 1100 0 -6 -12851 0 60 0
550 8 500 0 -6 -12851 0 60 0
551 12 742 609 -6 24 0 51 51
552 8 1100 0 6 -12851 1 60 0
553 8 1100 0 24 -12851 0 55 0
554 8 500 0 24 -12851 1 55 0
555 8 500 0 -6 -12851 1 60 0
556 8 500 0 -24 -12851 1 55 0
557 8 500 0 -24 -12851 1 60 0
558 12 742 903 6 -24 1 55 51
559 8 500 0 -24 -12851 1 55 0
560 12 609 742 -6 24 0 55 51
561 12 1100 742 -6 24 0 55 51
562 12 742 609 6 -24 1 55 51
563 8 903 0 24 -12851 1 55 0
564 8 742 0 -6 -12851 1 60 0
565 8 742 0 -6 -12851 0 60 0
566 8 903 0 -24 -12851 1 55 0
567 12 1100 742 -6 24 0 55 51
568 8 903 0 6 -12851 1 60 0
569 12 1100 742 -6 24 0 51 51
570 8 609 0 -6 -12851 1 55 0
571 8 742 0 6 -12851 0 60 0
572 8 1100 0 -24 -12851 1 55 0
573 12 1100 742 -6 24 0 51 51
574 12 742 609 6 -24 1 51 51
575 8 1100 0 6 -12851 0 60 0
576 12 903 742 6 -24 1 55 51
577 8 500 0 6 -12851 1 55 0
578 12 742 609 -6 24 0 55 55
579 12 500 742 6 -24 0 55 51
580 8 609 0 6 -12851 1 60 0
581 8 1100 0 6 -12851 1 55 0
582 8 609 0 -24 -12851 1 55 0
583 8 500 0 -6 -12851 0 55 0
584 12 903 742 6 -24 1 55 55
585 12 609 742 -6 24 1 51 55
586 8 500 0 -24 -12851 1 60 0
587 12 742 1100 -6 24 0 55 55
588 8 500 0 6 -12851 0 55 0
589 12 609 742 -6 24 1 55 55
590 8 742 0 6 -12851 1 60 0
591 12 1100 742 6 -24 0 51 55
592 8 903 0 -24 -12851 1 60 0
593 12 609 742 -6 24 0 51 51
594 12 1100 742 -6 24 0 55 51
595 8 1100 0 6 -12851 1 60 0
596 8 742 0 -6 -12851 0 60 0
597 8 609 0 6 -12851 1 60 0
598 8 500 0 -6 -12851 0 60 0
599 8 609 0 -24 -12851 1 60 0
600 12 742 609 -6 24 1 51 51
601 8 742 0 6 -12851 1 55 0
602 8 609 0 24 -12851 0 55 0
603 12 500 742 -6 24 0 55 55
604 12 903 742 -6 24 0 51 55
605 8 903 0 24 -12851 1 60 0
606 8 903 0 -6 -12851 0 60 0
607 12 742 903 -6 24 0 51 51
608 12 609 742 -6 24 0 55 55
609 8 1100 0 24 -12851 1 55 0
610 8 1100 0 6 -12851 1 60 0
611 12 742 500 6 -24 0 55 51
612 8 1100 0 6 -12851 1 55 0
613 12 742 903 -6 24 0 51 51
614 12 742 1100 -6 24 1 51 55
615 8 1100 0 -24 -12851 0 55 0
616 12 742 500 -6 24 0 51 51
617 12 1100 742 -6 24 0 55 55
618 12 1100 742 6 -24 1 51 51
619 8 609 0 24 -12851 0 55 0
620 12 742 500 6 -24 0 55 55
621 8 500 0 -24 -12851 1 55 0
622 8 742 0 6 -12851 0 55 0
623 8 609 0 6 -12851 1 55 0
624 8 609 0 24 -12851 1 55 0
625 8 1100 0 -24 -12851 0 60 0
626 8 1100 0 6 -12851 1 55 0
627 12 742 903 6 -24 0 55 51
628 8 903 0 -24 -12851 1 55 0
629 12 742 609 6 -24 1 55 51
630 8 742 0 6 -12851 0 60 0
631 12 1100 742 -6 24 0 55 55
632 12 500 742 6 -24 1 55 51
633 12 742 500 -6 24 0 55 55
634 12 742 609 -6 24 0 51 51
635 8 903 0 -6 -12851 1 60 0
636 12 609 742 -6 24 0 51 51
637 12 609 742 -6 24 0 51 51
638 12 903 742 -6 24 0 55 51
639 8 500 0 24 -12851 1 60 0
640 12 742 903 -6 24 0 55 51
641 12 742 609 -6 24 0 55 51
642 8 742 0 24 -12851 1 55 0
643 12 1100 742 6 -24 1 55 51
644 8 903 0 -6 -12851 1 60 0
645 8 500 0 6 -12851 1 60 0
646 8 609 0 -6 -12851 0 55 0
647 8 609 0 24 -12851 1 55 0
648 8 903 0 -24 -12851 1 60 0
649 8 500 0 24 -12851 1 60 0
650 8 500 0 -24 -12851 1 55 0
651 8 500 0 -6 -12851 1 55 0
652 12 742 500 -6 24 0 51 51
653 8 903 0 24 -12851 1 55 0
654 12 742 609 6 -24 1 55 51
655 8 609 0 6 -12851 1 60 0
656 8 1100 0 -6 -12851 1 60 0
657 8 742 0 -6 -12851 0 55 0
658 8 609 0 -24 -12851 1 55 0
659 8 1100 0 24 -12851 0 60 0
660 8 903 0 24 -12851 1 55 0
661 8 1100 0 6 -12851 1 60 0
662 12 500 742 -6 24 0 55 55
663 8 742 0 6 -12851 1 60 0
664 8 742 0 24 -12851 1 55 0
665 12 742 500 -6 24 1 55 55
666 12 1100 742 6 -24 0 55 51
667 8 1100 0 6 -12851 1 55 0
668 8 1100 0 24 -12851 0 60 0
669 8 1100 0 24 -12851 1 60 0
670 12 742 609 6 -24 1 51 51
671 8 903 0 6 -12851 0 60 0
672 12 1100 742 -6 24 1 51 55
673 12 903 742 -6 24 0 55 55
674 8 500 0 -24 -12851 1 60 0
675 12 500 742 -6 24 1 51 51
676 12 609 742 6 -24 0 55 51
677 8 903 0 6 -12851 1 60 0
678 8 742 0 -6 -12851 0 60 0
679 12 742 903 6 -24 1 55 51
680 12 742 903 6 -24 1 55 55
681 8 500 0 -6 -12851 1 55 0
682 8 500 0 24 -12851 1 60 0
683 8 1100 0 24 -12851 1 55 0
684 8 742 0 -24 -12851 1 55 0
685 8 609 0 6 -12851 1 60 0
686 8 609 0 -6 -12851 1 55 0
687 8 742 0 -6 -12851 1 60 0
688 12 903 742 6 -24 1 51 51
689 8 903 0 24 -12851 1 60 0
690 12 903 742 -6 24 0 55 51
691 12 742 500 6 -24 1 51 51
692 12 500 742 6 -24 0 51 51
693 8 609 0 -6 -12851 0 55 0
694 12 742 1100 -6 24 0 51 51
695 8 742 0 -6 -12851 1 55 0
696 8 742 0 24 -12851 1 60 0
697 8 609 0 6 -12851 1 55 0
698 8 903 0 -24 -12851 1 55 0
699 8 1100 0 24 -12851 0 60 0
700 8 609 0 -24 -12851 0 60 0
701 8 1100 0 -6 -12851 0 60 0
702 12 742 1100 6 -24 0 51 51
703 12 1100 742 6 -24 1 55 55
704 12 1100 742 -6 24 1 51 51
705 8 609 0 -6 -12851 0 60 0
706 12 903 742 -6 24 0 51 51
707 12 742 500 -6 24 1 51 55
708 8 742 0 -24 -12851 0 60 0
709 12 609 742 -6 24 0 51 51
710 8 742 0 -24 -12851 1 60 0
711 8 1100 0 6 -12851 1 55 0
712 8 903 0 -24 -12851 1 55 0
713 8 500 0 -24 -12851 1 55 0
714 8 500 0 -24 -12851 0 55 0
715 12 742 609 -6 24 0 55 51
716 8 500 0 -24 -12851 1 60 0
717 12 742 609 -6 24 1 51 51
718 8 903 0 24 -12851 0 60 0
719 8 1100 0 -6 -12851 0 60 0
720 12 903 742 6 -24 0 55 55
721 8 1100 0 -24 -12851 1 55 0
722 8 742 0 -24 -12851 1 55 0
723 12 742 1100 6 -24 1 51 55
724 12 903 742 -6 24 0 55 55
725 12 742 609 -6 24 1 51 51
726 8 742 0 -6 -12851 0 60 0
727 8 742 0 -24 -12851 0 55 0
728 8 903 0 24 -12851 1 55 0
729 8 500 0 6 -12851 1 55 0
730 8 609 0 -24 -12851 1 55 0
731 8 903 0 -24 -12851 1 55 0
732 8 1100 0 -24 -12851 1 60 0
733 12 742 500 -6 24 0 55 55
734 8 500 0 -6 -12851 0 55 0
735 8 609 0 -6 -12851 0 60 0
736 8 500 0 -24 -12851 1 60 0
737 8 609 0 -24 -12851 1 55 0
738 8 903 0 24 -12851 1 60 0
739 12 742 500 -6 24 1 51 51
740 8 1100 0 6 -12851 1 60 0
741 8 742 0 24 -12851 1 60 0
742 8 742 0 -6 -12851 1 60 0
743 8 903 0 -6 -12851 1 60 0
744 8 1100 0 6 -12851 1 55 0
745 12 903 742 -6 24 0 51 51
746 12 742 500 -6 24 0 55 55
747 8 742 0 6 -12851 1 60 0
748 8 1100 0 24 -12851 0 60 0
749 12 1100 742 -6 24 1 55 51
750 8 1100 0 6 -12851 1 60 0
751 8 609 0 -6 -12851 1 55 0
752 8 609 0 -24 -12851 1 55 0
753 8 609 0 24 -12851 1 55 0
754 12 609 742 6 -24 0 51 51
755 8 903 0 24 -12851 0 55 0
756 12 500 742 -6 24 1 55 51
757 8 742 0 24 -12851 1 60 0
758 12 742 903 -6 24 1 51 51
759 8 903 0 6 -12851 0 55 0
760 8 500 0 6 -12851 1 55 0
761 12 1100 742 6 -24 0 55 51
762 8 500 0 -24 -12851 1 55 0
763 12 742 903 6 -24 0 55 51
764 12 903 742 6 -24 0 55 51
765 8 500 0 24 -12851 0 60 0
766 12 742 500 -6 24 1 55 51
767 12 903 742 6 -24 0 55 51
768 8 903 0 -24 -12851 0 55 0
769 8 903 0 6 -12851 0 55 0
770 8 609 0 6 -12851 1 60 0
771 12 742 609 6 -24 0 55 51
772 12 903 742 -6 24 0 55 51
773 12 903 742 -6 24 0 55 55
774 12 1100 742 6 -24 0 55 51
775 8 742 0 -6 -12851 1 60 0
776 8 1100 0 24 -12851 1 60 0
777 12 500 742 -6 24 1 55 51
778 8 903 0 6 -12851 1 60 0
779 12 903 742 -6 24 1 55 51
780 8 1100 0 -24 -12851 1 55 0
781 8 609 0 24 -12851 1 55 0
782 12 742 500 6 -24 0 55 51
783 12 500 742 6 -24 1 51 55
784 8 609 0 -24 -12851 1 60 0
785 8 1100 0 -6 -12851 0 55 0
786 12 742 1100 6 -24 1 55 51
787 8 903 0 6 -12851 1 55 0
788 8 500 0 6 -12851 1 55 0
789 8 500 0 -6 -12851 1 55 0
790 8 742 0 -6 -12851 1 55 0
791 8 500 0 6 -12851 1 60 0
792 8 742 0 6 -12851 1 55 0
793 8 500 0 -24 -12851 0 55 0
794 12 742 1100 6 -24 1 55 51
795 8 500 0 -6 -12851 0 55 0
796 8 609 0 24 -12851 1 55 0
797 8 609 0 -24 -12851 0 55 0
798 8 500 0 -6 -12851 1 55 0
799 8 903 0 -24 -12851 1 60 0
800 8 500 0 -24 -12851 1 55 0
801 8 742 0 6 -12851 1 60 0
802 12 742 1100 6 -24 0 51 51
803 8 609 0 6 -12851 1 60 0
804 8 903 0 -6 -12851 1 60 0
805 8 903 0 6 -12851 1 60 0
806 12 500 742 -6 24 1 51 55
807 12 742 500 -6 24 0 55 51
808 8 742 0 -24 -12851 1 55 0
809 12 609 742 -6 24 1 51 51
810 8 1100 0 24 -12851 1 60 0
811 8 1100 0 -6 -12851 1 55 0
812 8 742 0 -6 -12851 1 55 0
813 8 1100 0 24 -12851 1 60 0
814 12 1100 742 6 -24 0 55 51
815 12 742 500 6 -24 1 55 55
816 8 1100 0 -24 -12851 0 55 0
817 8 1100 0 6 -12851 0 60 0
818 8 609 0 24 -12851 0 60 0
819 8 500 0 -24 -12851 0 60 0
820 12 742 903 -6 24 1 55 55
821 12 609 742 -6 24 0 55 55
822 8 903 0 24 -12851 1 55 0
823 8 903 0 -6 -12851 0 55 0
824 8 1100 0 6 -12851 0 55 0
825 8 742 0 6 -12851 0 60 0
826 8 742 0 24 -12851 0 60 0
827 12 500 742 -6 24 0 51 55
828 8 742 0 6 -12851 0 55 0
829 8 609 0 6 -12851 0 60 0
830 12 742 609 6 -24 0 51 51
831 8 903 0 24 -12851 0 55 0
832 12 609 742 -6 24 0 51 55
833 8 1100 0 -6 -12851 0 55 0
834 12 609 742 -6 24 0 55 55
835 12 742 903 -6 24 0 55 55
836 8 609 0 -24 -12851 0 60 0
837 8 500 0 6 -12851 1 60 0
838 8 500 0 -24 -12851 1 60 0
839 8 500 0 -24 -12851 1 55 0
840 12 500 742 -6 24 0 55 55
841 8 500 0 -6 -12851 1 55 0
842 8 742 0 6 -12851 1 60 0
843 8 742 0 24 -12851 1 55 0
844 8 500 0 -6 -12851 0 60 0
845 8 1100 0 -6 -12851 1 60 0
846 8 1100 0 -24 -12851 1 55 0
847 12 742 1100 6 -24 1 55 55
848 8 1100 0 6 -12851 0 60 0
849 8 742 0 24 -12851 1 55 0
850 8 903 0 6 -12851 1 55 0
851 8 903 0 -6 -12851 1 55 0
852 8 500 0 -6 -12851 0 55 0
853 12 609 742 -6 24 1 55 51
854 8 903 0 6 -12851 1 60 0
855 12 1100 742 -6 24 0 51 55
856 8 609 0 24 -12851 1 60 0
857 12 742 1100 6 -24 1 51 51
858 8 609 0 -24 -12851 0 60 0
859 8 609 0 24 -12851 0 60 0
860 8 1100 0 -24 -12851 1 55 0
861 12 609 742 -6 24 0 55 55
862 12 742 1100 -6 24 0 51 51
863 12 742 1100 6 -24 0 51 55
864 8 1100 0 6 -12851 1 55 0
865 8 609 0 -24 -12851 1 55 0
866 8 500 0 6 -12851 1 60 0
867 8 903 0 24 -12851 0 55 0
868 12 742 609 -6 24 1 55 51
869 8 742 0 24 -12851 0 60 0
870 12 903 742 6 -24 1 55 55
871 12 500 742 -6 24 0 51 51
872 8 609 0 -24 -12851 1 55 0
873 12 1100 742 6 -24 0 51 51
874 8 742 0 24 -12851 1 60 0
875 8 609 0 24 -12851 1 55 0
876 8 500 0 6 -12851 1 55 0
877 12 742 609 -6 24 0 55 51
878 8 500 0 24 -12851 1 55 0
879 12 742 609 -6 24 0 55 55
880 8 742 0 -24 -12851 0 55 0
881 12 742 500 6 -24 0 55 55
882 8 1100 0 6 -12851 0 55 0
883 8 1100 0 -24 -12851 0 60 0
884 8 903 0 24 -12851 1 60 0
885 8 903 0 -24 -12851 0 55 0
886 8 903 0 -24 -12851 0 60 0
887 8 903 0 24 -12851 0 60 0
888 12 742 500 -6 24 0 55 51
889 12 742 609 6 -24 0 51 51
890 8 742 0 -6 -12851 0 55 0
891 12 742 1100 -6 24 1 51 51
892 12 500 742 6 -24 0 55 55
893 8 1100 0 6 -12851 1 60 0
894 12 903 742 6 -24 1 55 55
895 8 903 0 -6 -12851 0 60 0
896 8 609 0 6 -12851 1 60 0
897 8 742 0 -24 -12851 0 55 0
898 12 742 609 -6 24 0 55 51
899 12 903 742 -6 24 0 55 51
900 12 903 742 -6 24 0 51 51
901 12 500 742 -6 24 0 51 55
902 8 742 0 24 -12851 0 55 0
903 8 500 0 -6 -12851 0 55 0
904 8 500 0 6 -12851 0 55 0
905 8 1100 0 -24 -12851 1 55 0
906 8 500 0 6 -12851 1 60 0
907 8 903 0 -24 -12851 1 60 0
908 12 742 500 -6 24 1 51 51
909 12 742 1100 -6 24 0 51 51
910 12 742 903 6 -24 1 51 51
911 12 742 1100 6 -24 1 55 51
912 8 609 0 6 -12851 1 55 0
913 12 742 609 6 -24 0 51 55
914 8 1100 0 -24 -12851 0 55 0
915 12 742 1100 -6 24 1 55 55
916 8 609 0 -24 -12851 0 60 0
917 12 742 903 -6 24 0 55 55
918 12 742 1100 6 -24 0 51 55
919 8 500 0 24 -12851 0 55 0
920 12 742 500 -6 24 0 51 51
921 8 500 0 6 -12851 1 55 0
922 8 742 0 6 -12851 1 60 0
923 8 742 0 6 -12851 1 60 0
924 12 742 500 -6 24 0 51 55
925 8 500 0 -24 -12851 0 60 0
926 12 742 500 -6 24 0 51 51
927 8 1100 0 -6 -12851 1 60 0
928 12 903 742 -6 24 0 55 51
929 8 1100 0 24 -12851 0 55 0
930 8 1100 0 24 -12851 0 60 0
931 12 500 742 -6 24 0 51 51
932 12 742 500 6 -24 0 51 51
933 8 742 0 24 -12851 0 55 0
934 12 742 500 6 -24 0 51 55
935 12 742 1100 -6 24 0 51 51
936 8 903 0 24 -12851 0 55 0
937 12 609 742 -6 24 0 51 55
938 12 903 742 6 -24 0 55 51
939 12 742 903 6 -24 0 51 51
940 8 903 0 6 -12851 0 60 0
941 12 500 742 6 -24 0 51 55
942 12 742 903 -6 24 0 51 55
943 8 500 0 6 -12851 0 60 0
944 12 500 742 6 -24 0 55 55
945 8 903 0 24 -12851 0 55 0
946 12 903 742 -6 24 0 55 55
947 8 609 0 -6 -12851 0 55 0
948 12 742 903 -6 24 0 51 55
949 12 609 742 6 -24 0 55 55
950 8 609 0 24 -12851 0 55 0
951 12 742 609 -6 24 0 55 55
952 8 609 0 6 -12851 0 55 0
953 12 903 742 6 -24 0 51 51
954 12 742 1100 -6 24 0 51 55
955 12 500 742 6 -24 0 51 51
956 12 742 1100 -6 24 0 55 51
957 12 742 1100 6 -24 0 55 51
958 8 500 0 -24 -12851 0 55 0
959 12 1100 742 -6 24 0 55 51
960 12 742 1100 6 -24 0 51 55
961 8 500 0 -24 -12851 0 55 0
962 8 742 0 -6 -12851 0 60 0
963 8 1100 0 -6 -12851 0 60 0
964 8 903 0 -24 -12851 0 55 0
965 12 742 903 6 -24 0 51 55
966 12 742 903 6 -24 0 55 55
967 8 1100 0 6 -12851 0 60 0
968 8 609 0 6 -12851 0 60 0
969 8 903 0 -24 -12851 0 55 0
970 12 742 1100 -6 24 0 51 55
971 8 742 0 -6 -12851 0 55 0
972 8 903 0 6 -12851 0 55 0
973 8 1100 0 24 -12851 0 55 0
974 12 742 609 -6 24 0 55 51
975 12 742 500 -6 24 0 51 55
976 12 500 742 6 -24 0 55 51
977 8 742 0 6 -12851 0 55 0
978 8 500 0 24 -12851 0 55 0
979 8 609 0 6 -12851 0 60 0
980 12 742 903 6 -24 0 51 55
981 12 903 742 -6 24 0 55 51
982 8 609 0 -6 -12851 0 60 0
983 8 500 0 -24 -12851 0 55 0
984 8 609 0 -24 -12851 0 60 0
985 8 609 0 24 -12851 0 55 0
986 8 609 0 6 -12851 0 55 0
987 12 742 500 6 -24 0 55 51
988 12 742 609 6 -24 0 51 51
989 8 609 0 24 -12851 0 60 0
990 8 742 0 -6 -12851 0 60 0
991 8 903 0 -6 -12851 0 60 0
992 12 609 742 6 -24 0 51 51
993 8 903 0 24 -12851 0 55 0
994 12 742 500 -6 24 0 55 51
995 8 742 0 6 -12851 0 55 0
996 12 742 903 -6 24 0 55 55
997 12 903 742 6 -24 0 55 55
998 8 903 0 24 -12851 0 55 0
999 12 609 742 6 -24 0 55 55
1000 12 742 609 6 -24 0 55 55
1001 12 742 500 6 -24 0 55 55
1002 8 1100 0 24 -12851 0 55 0
1003 8 500 0 -6 -12851 0 55 0
1004 8 742 0 -24 -12851 0 55 0
1005 8 500 0 6 -12851 0 55 0
1006 12 742 609 -6 24 0 51 55
1007 8 1100 0 -6 -12851 0 60 0
1008 8 500 0 6 -12851 0 60 0
1009 12 742 500 -6 24 0 55 51
1010 12 903 742 6 -24 0 55 51
1011 8 1100 0 -6 -12851 0 60 0
1012 8 500 0 -6 -12851 0 55 0
1013 8 500 0 24 -12851 0 55 0
1014 8 500 0 6 -12851 0 60 0
1015 8 500 0 24 -12851 0 55 0
1016 8 1100 0 -24 -12851 0 60 0
1017 12 903 742 6 -24 0 55 51
1018 8 742 0 -6 -12851 0 55 0
1019 8 1100 0 -24 -12851 0 60 0
1020 12 742 903 6 -24 0 51 55
1021 12 609 742 6 -24 0 51 51
1022 12 742 1100 -6 24 0 55 55
1023 12 742 903 6 -24 0 55 51
1024 8 1100 0 -6 -12851 0 60 0
1025 12 742 500 -6 24 0 55 51
1026 12 742 609 6 -24 0 55 51
1027 8 609 0 6 -12851 0 55 0
1028 12 609 742 6 -24 0 55 55
1029 12 1100 742 6 -24 0 51 55
1030 8 609 0 -24 -12851 0 60 0
1031 8 742 0 24 -12851 0 60 0
1032 8 609 0 -24 -12851 0 55 0
1033 8 742 0 6 -12851 0 55 0
1034 8 903 0 6 -12851 0 60 0
1035 8 903 0 -6 -12851 0 60 0
1036 12 609 742 6 -24 0 55 51
1037 8 903 0 -24 -12851 0 60 0
1038 8 742 0 6 -12851 0 60 0
1039 8 742 0 -6 -12851 0 55 0
1040 8 742 0 -6 -12851 0 55 0
1041 8 609 0 -24 -12851 0 55 0
1042 8 903 0 6 -12851 0 55 0
1043 12 742 609 6 -24 0 55 51
1044 12 903 742 -6 24 0 55 51
1045 8 903 0 -24 -12851 0 55 0
1046 12 903 742 -6 24 0 55 51
1047 8 1100 0 24 -12851 0 55 0
1048 12 742 1100 6 -24 0 55 55
1049 8 1100 0 -6 -12851 0 55 0
1050 8 500 0 6 -12851 0 55 0
1051 12 742 609 6 -24 0 55 51
1052 8 609 0 24 -12851 0 60 0
1053 12 903 742 -6 24 0 51 51
1054 8 609 0 -24 -12851 0 55 0
1055 8 903 0 6 -12851 0 55 0
1056 8 1100 0 -6 -12851 0 55 0
1057 12 1100 742 -6 24 0 51 51
1058 12 742 1100 -6 24 0 51 51
1059 8 742 0 -6 -12851 0 60 0
1060 8 500 0 -6 -12851 0 55 0
1061 12 609 742 -6 24 0 51 55
1062 8 500 0 -24 -12851 0 55 0
1063 8 903 0 -24 -12851 0 60 0
1064 8 903 0 6 -12851 0 55 0
1065 8 500 0 6 -12851 0 55 0
1066 12 903 742 6 -24 0 51 55
1067 12 742 609 -6 24 0 55 55
1068 8 742 0 6 -12851 0 55 0
1069 8 903 0 6 -12851 0 55 0
1070 8 1100 0 24 -12851 0 55 0
1071 8 742 0 -6 -12851 0 55 0
1072 8 903 0 -24 -12851 0 60 0
1073 12 1100 742 6 -24 0 51 51
1074 8 742 0 -24 -12851 0 55 0
1075 12 742 609 -6 24 0 55 51
1076 12 742 609 -6 24 0 55 51
1077 8 500 0 24 -12851 0 60 0
1078 12 742 500 -6 24 0 51 51
1079 8 609 0 -24 -12851 0 55 0
1080 8 1100 0 -24 -12851 0 60 0
1081 8 609 0 -6 -12851 0 55 0
1082 8 1100 0 6 -12851 0 55 0
1083 8 500 0 6 -12851 0 60 0
1084 8 609 0 6 -12851 0 55 0
1085 12 609 742 6 -24 0 55 55
1086 12 609 742 -6 24 0 55 51
1087 8 609 0 -6 -12851 0 55 0
1088 8 609 0 -6 -12851 0 60 0
1089 8 742 0 24 -12851 0 60 0
1090 8 742 0 6 -12851 0 55 0
1091 8 1100 0 -24 -12851 0 55 0
1092 12 1100 742 6 -24 0 51 51
1093 8 903 0 -6 -12851 0 60 0
1094 8 609 0 -6 -12851 0 55 0
1095 12 742 609 6 -24 0 51 55
1096 12 1100 742 6 -24 0 51 55
1097 8 1100 0 6 -12851 0 55 0
1098 8 742 0 -24 -12851 0 60 0
1099 12 500 742 6 -24 0 55 55
1100 12 1100 742 -6 24 0 55 51
1101 8 500 0 24 -12851 0 60 0
1102 8 903 0 -6 -12851 0 60 0
1103 12 742 1100 -6 24 0 51 55
1104 8 609 0 -24 -12851 0 55 0
1105 12 1100 742 -6 24 0 55 51
1106 8 1100 0 -6 -12851 0 60 0
1107 8 500 0 -24 -12851 0 55 0
1108 12 742 903 6 -24 0 51 55
1109 8 500 0 -24 -12851 0 55 0
1110 12 500 742 6 -24 0 55 55
1111 12 742 609 6 -24 0 51 51
1112 8 903 0 24 -12851 0 60 0
1113 8 742 0 -24 -12851 0 60 0
1114 8 742 0 6 -12851 0 55 0
1115 8 500 0 6 -12851 0 60 0
1116 8 903 0 6 -12851 0 60 0
1117 8 742 0 -24 -12851 0 55 0
1118 8 609 0 -6 -12851 0 55 0
1119 8 903 0 24 -12851 0 60 0
1120 8 742 0 -24 -12851 0 55 0
1121 8 903 0 6 -12851 0 55 0
1122 12 742 903 6 -24 0 51 51
1123 8 609 0 -24 -12851 0 60 0
1124 8 609 0 -6 -12851 0 60 0
1125 12 742 609 6 -24 0 55 51
1126 12 742 609 6 -24 0 51 51
1127 8 1100 0 -6 -12851 0 60 0
1128 12 903 742 6 -24 0 55 55
1129 12 742 903 -6 24 0 55 51
1130 8 500 0 -6 -12851 0 55 0
1131 8 500 0 -6 -12851 0 60 0
1132 12 903 742 -6 24 0 51 55
1133 8 1100 0 6 -12851 0 55 0
1134 8 1100 0 24 -12851 0 55 0
1135 8 500 0 -6 -12851 0 60 0
1136 8 500 0 -24 -12851 0 60 0
1137 12 742 1100 6 -24 0 55 51
1138 8 742 0 -6 -12851 0 60 0
1139 8 1100 0 -24 -12851 0 60 0
1140 8 903 0 -24 -12851 0 55 0
1141 8 500 0 24 -12851 0 60 0
1142 12 742 609 -6 24 0 55 51
1143 8 609 0 6 -12851 0 60 0
1144 12 903 742 -6 24 0 55 55
1145 8 903 0 -6 -12851 0 55 0
1146 12 742 609 -6 24 0 55 55
1147 8 500 0 24 -12851 0 55 0
1148 12 742 609 6 -24 0 55 51
1149 8 742 0 6 -12851 0 60 0
1150 8 609 0 -6 -12851 0 60 0
1151 8 1100 0 24 -12851 0 60 0
1152 8 903 0 -6 -12851 0 55 0
1153 8 609 0 -24 -12851 0 60 0
1154 12 742 1100 6 -24 0 55 55
1155 8 742 0 -24 -12851 0 55 0
1156 12 500 742 -6 24 0 51 51
1157 8 1100 0 -6 -12851 0 55 0
1158 8 500 0 -24 -12851 0 60 0
1159 12 742 1100 6 -24 0 55 55
1160 8 500 0 6 -12851 0 55 0
1161 8 1100 0 -6 -12851 0 60 0
1162 8 500 0 24 -12851 0 60 0
1163 8 609 0 24 -12851 0 60 0
1164 8 609 0 -24 -12851 0 60 0
1165 12 500 742 6 -24 0 55 55
1166 8 1100 0 24 -12851 0 55 0
1167 8 742 0 -6 -12851 0 60 0
1168 12 742 1100 6 -24 0 51 51
1169 8 742 0 -24 -12851 0 55 0
1170 12 609 742 6 -24 0 55 55
1171 12 742 1100 6 -24 0 55 55
1172 8 742 0 24 -12851 0 55 0
1173 8 1100 0 -6 -12851 0 60 0
1174 8 500 0 -24 -12851 0 55 0
1175 8 903 0 6 -12851 0 55 0
1176 12 742 609 -6 24 0 55 55
1177 12 742 903 6 -24 0 51 55
1178 12 742 1100 6 -24 0 55 51
1179 8 903 0 6 -12851 0 60 0
1180 8 609 0 24 -12851 0 55 0
1181 12 742 609 -6 24 0 55 51
1182 12 609 742 6 -24 0 55 55
1183 12 742 500 -6 24 0 55 55
1184 8 903 0 -24 -12851 0 60 0
1185 8 1100 0 6 -12851 0 55 0
1186 8 1100 0 -6 -12851 0 60 0
1187 8 609 0 -6 -12851 0 55 0
1188 8 500 0 -24 -12851 0 60 0
1189 8 903 0 -24 -12851 0 60 0
1190 12 1100 742 -6 24 0 55 51
1191 8 742 0 24 -12851 0 55 0
1192 8 609 0 24 -12851 0 60 0
1193 8 742 0 -6 -12851 0 60 0
1194 8 609 0 -6 -12851 0 60 0
1195 12 742 903 -6 24 0 51 51
1196 8 500 0 -6 -12851 0 55 0
1197 8 500 0 6 -12851 0 60 0
1198 12 742 903 6 -24 0 55 51
1199 12 742 500 6 -24 0 55 51
1200 12 742 500 -6 24 0 51 51
1201 12 742 903 -6 24 0 51 55
1202 8 742 0 6 -12851 0 60 0
1203 8 1100 0 24 -12851 0 60 0
1204 8 1100 0 24 -12851 0 55 0
1205 8 903 0 6 -12851 0 60 0
1206 8 903 0 -6 -12851 0 60 0
1207 8 742 0 -6 -12851 0 60 0
1208 8 742 0 -24 -12851 0 60 0
1209 12 1100 742 6 -24 0 55 51
1210 8 903 0 -6 -12851 0 55 0
1211 12 500 742 6 -24 0 51 55
1212 8 500 0 24 -12851 0 55 0
1213 8 609 0 -6 -12851 0 60 0
1214 8 1100 0 -6 -12851 0 60 0
1215 12 742 1100 6 -24 0 51 51
1216 8 500 0 -24 -12851 0 60 0
1217 8 742 0 24 -12851 0 60 0
1218 8 609 0 6 -12851 0 55 0
1219 12 500 742 -6 24 0 51 51
1220 8 742 0 -24 -12851 0 60 0
1221 8 609 0 -24 -12851 0 55 0
1222 8 1100 0 6 -12851 0 60 0
1223 8 903 0 -6 -12851 0 60 0
1224 12 609 742 -6 24 0 55 51
1225 12 500 742 -6 24 0 55 51
1226 8 500 0 6 -12851 0 55 0
1227 8 1100 0 6 -12851 0 60 0
1228 8 903 0 6 -12851 0 55 0
1229 8 609 0 -6 -12851 0 60 0
1230 12 742 1100 -6 24 0 51 55
1231 12 742 609 6 -24 0 51 55
1232 12 1100 742 -6 24 0 51 51
1233 8 609 0 24 -12851 0 55 0
1234 8 1100 0 -24 -12851 0 55 0
1235 12 742 609 -6 24 0 55 51
1236 8 500 0 24 -12851 0 55 0
1237 8 500 0 -6 -12851 0 55 0
1238 8 1100 0 -6 -12851 0 60 0
1239 8 903 0 6 -12851 0 60 0
1240 12 742 500 -6 24 0 55 51
1241 8 742 0 -24 -12851 0 55 0
1242 8 609 0 6 -12851 0 55 0
1243 8 903 0 -24 -12851 0 60 0
1244 12 609 742 6 -24 0 55 51
1245 8 609 0 6 -12851 0 60 0
1246 8 500 0 -6 -12851 0 60 0
1247 8 1100 0 6 -12851 0 60 0
1248 8 742 0 24 -12851 0 60 0
1249 8 903 0 6 -12851 0 55 0
1250 12 742 500 -6 24 0 55 55
1251 8 742 0 24 -12851 0 55 0
1252 12 1100 742 6 -24 0 51 55
1253 8 500 0 6 -12851 0 60 0
1254 8 500 0 6 -12851 0 60 0
1255 8 500 0 6 -12851 0 55 0
1256 12 609 742 -6 24 0 51 51
1257 12 742 903 -6 24 0 55 55
1258 8 903 0 -6 -12851 1 60 0
1259 12 1100 742 -6 24 0 51 51
1260 12 742 609 -6 24 0 51 51
1261 8 742 0 24 -12851 0 60 0
1262 8 742 0 6 -12851 0 55 0
1263 8 1100 0 -6 -12851 0 60 0
1264 8 609 0 24 -12851 0 60 0
1265 8 609 0 -24 -12851 0 55 0
1266 12 609 742 -6 24 0 51 55
1267 8 742 0 -24 -12851 0 55 0
1268 12 609 742 6 -24 0 55 51
1269 8 500 0 24 -12851 0 60 0
1270 8 903 0 6 -12851 0 55 0
1271 8 903 0 -24 -12851 0 60 0
1272 8 609 0 24 -12851 0 55 0
1273 8 1100 0 -24 -12851 0 60 0
1274 12 742 609 6 -24 0 51 55
1275 12 742 903 -6 24 0 55 55
1276 8 1100 0 6 -12851 0 60 0
1277 8 609 0 -24 -12851 0 55 0
1278 12 500 742 6 -24 0 51 55
1279 8 609 0 -24 -12851 0 55 0
1280 12 742 903 6 -24 0 55 55
1281 12 609 742 6 -24 1 51 51
1282 8 1100 0 24 -12851 0 55 0
1283 12 742 609 -6 24 0 55 55
1284 8 500 0 6 -12851 0 60 0
1285 8 742 0 24 -12851 0 60 0
1286 8 1100 0 -24 -12851 0 60 0
1287 8 609 0 6 -12851 0 60 0
1288 12 742 1100 -6 24 0 55 51
1289 12 609 742 -6 24 0 55 55
1290 8 500 0 -6 -12851 0 60 0
1291 12 609 742 6 -24 0 51 51
1292 12 1100 742 -6 24 0 51 51
1293 12 742 1100 6 -24 0 55 51
1294 12 742 903 -6 24 0 51 51
1295 12 742 1100 -6 24 0 51 51
1296 8 609 0 24 -12851 0 55 0
1297 8 903 0 6 -12851 0 55 0
1298 8 742 0 -6 -12851 0 60 0
1299 12 742 500 -6 24 0 51 55
1300 12 742 903 6 -24 0 51 51
1301 8 742 0 6 -12851 0 55 0
1302 8 1100 0 6 -12851 0 60 0
1303 8 500 0 -24 -12851 0 60 0
1304 8 903 0 24 -12851 0 60 0
1305 12 500 742 -6 24 0 55 55
1306 12 742 903 -6 24 0 55 51
1307 8 903 0 6 -12851 0 60 0
1308 12 742 500 6 -24 0 51 51
1309 12 742 903 -6 24 0 51 55
1310 8 500 0 6 -12851 0 55 0
1311 8 500 0 -6 -12851 0 60 0
1312 8 500 0 -6 -12851 0 60 0
1313 8 742 0 6 -12851 0 55 0
1314 8 1100 0 -24 -12851 0 55 0
1315 12 742 903 -6 24 0 55 55
1316 8 742 0 6 -12851 0 55 0
1317 12 742 500 6 -24 0 55 55
1318 12 742 609 6 -24 0 51 51
1319 8 742 0 24 -12851 0 55 0
1320 8 1100 0 24 -12851 0 55 0
1321 8 1100 0 6 -12851 0 55 0
1322 12 609 742 6 -24 0 55 51
1323 8 609 0 -6 -12851 0 55 0
1324 12 1100 742 6 -24 0 55 55
1325 8 903 0 -24 -12851 0 60 0
1326 8 609 0 24 -12851 0 55 0
1327 8 903 0 -6 -12851 0 60 0
1328 12 1100 742 -6 24 0 51 55
1329 12 742 1100 -6 24 0 51 55
1330 8 609 0 -6 -12851 0 55 0
1331 8 903 0 -24 -12851 0 60 0
1332 12 742 903 -6 24 0 51 51
1333 12 742 609 6 -24 0 55 55
1334 12 742 1100 -6 24 0 55 51
1335 8 500 0 24 -12851 0 55 0
1336 12 742 609 -6 24 0 51 51
1337 12 1100 742 6 -24 0 51 55
1338 8 1100 0 24 -12851 0 55 0
1339 8 1100 0 -6 -12851 0 60 0
1340 12 1100 742 -6 24 0 55 55
1341 8 609 0 6 -12851 0 55 0
1342 12 903 742 -6 24 0 51 55
1343 8 903 0 -24 -12851 0 60 0
1344 8 1100 0 -24 -12851 0 60 0
1345 12 742 500 6 -24 0 55 55
1346 12 742 1100 6 -24 0 55 55
1347 12 742 609 6 -24 0 51 55
1348 12 903 742 6 -24 0 51 51
1349 8 742 0 -6 -12851 0 55 0
1350 8 609 0 -24 -12851 0 60 0
1351 8 1100 0 24 -12851 0 60 0
1352 8 742 0 6 -12851 0 60 0
1353 8 500 0 24 -12851 0 55 0
1354 8 903 0 -24 -12851 0 60 0
1355 8 742 0 24 -12851 0 55 0
1356 12 500 742 6 -24 0 51 55
1357 12 742 903 6 -24 0 55 51
1358 12 903 742 6 -24 0 55 55
1359 12 500 742 6 -24 0 55 55
1360 12 903 742 -6 24 0 55 55
1361 8 903 0 6 -12851 0 55 0
1362 12 500 742 -6 24 0 55 55
1363 8 609 0 6 -12851 0 55 0
1364 12 742 500 -6 24 0 51 51
1365 12 742 1100 6 -24 0 55 51
1366 8 500 0 -6 -12851 0 60 0
1367 12 742 609 6 -24 0 51 51
1368 8 500 0 -24 -12851 0 60 0
1369 8 1100 0 6 -12851 0 60 0
1370 12 742 500 -6 24 0 55 51
1371 12 742 609 -6 24 0 51 51
1372 8 1100 0 6 -12851 0 55 0
1373 8 609 0 -24 -12851 0 60 0
1374 12 1100 742 -6 24 0 51 51
1375 12 742 609 6 -24 0 51 51
1376 12 742 903 -6 24 0 55 51
1377 8 742 0 -24 -12851 0 60 0
1378 12 609 742 6 -24 0 55 51
1379 12 742 609 6 -24 0 51 51
1380 12 500 742 -6 24 0 55 51
1381 8 609 0 24 -12851 0 55 0
1382 8 609 0 -6 -12851 0 55 0
1383 8 500 0 -24 -12851 0 55 0
1384 8 742 0 6 -12851 0 60 0
1385 12 742 1100 -6 24 0 51 51
1386 12 609 742 -6 24 0 51 51
1387 12 742 903 -6 24 0 51 51
1388 8 742 0 -6 -12851 0 60 0
1389 12 903 742 6 -24 0 55 51
1390 8 903 0 24 -12851 0 60 0
1391 8 903 0 24 -12851 0 55 0
1392 8 500 0 -6 -12851 0 55 0
1393 8 500 0 24 -12851 0 60 0
1394 8 1100 0 6 -12851 0 60 0
1395 12 742 500 -6 24 0 51 55
1396 12 742 1100 -6 24 0 55 51
1397 8 1100 0 -6 -12851 0 60 0
1398 12 742 1100 6 -24 0 55 55
1399 8 903 0 -24 -12851 0 60 0
1400 8 609 0 24 -12851 0 60 0
1401 8 609 0 24 -12851 0 55 0
1402 8 1100 0 -24 -12851 0 60 0
1403 8 903 0 -24 -12851 0 60 0
1404 8 1100 0 -6 -12851 0 60 0
1405 8 609 0 24 -12851 0 55 0
1406 12 500 742 -6 24 0 51 55
1407 12 903 742 -6 24 0 55 55
1408 8 903 0 -6 -12851 0 60 0
1409 8 903 0 -24 -12851 0 60 0
1410 8 500 0 -6 -12851 0 55 0
1411 8 609 0 6 -12851 0 60 0
1412 12 903 742 -6 24 0 51 55
1413 12 742 609 6 -24 0 55 55
1414 8 1100 0 -24 -12851 0 60 0
1415 8 742 0 24 -12851 0 55 0
1416 12 609 742 6 -24 0 55 55
1417 8 742 0 -24 -12851 0 60 0
1418 12 1100 742 6 -24 0 51 55
1419 8 742 0 -6 -12851 0 55 0
1420 8 500 0 -24 -12851 0 55 0
1421 8 500 0 6 -12851 0 60 0
1422 12 609 742 6 -24 0 51 51
1423 12 742 903 6 -24 0 55 51
1424 8 609 0 6 -12851 0 60 0
1425 12 742 500 6 -24 0 55 51
1426 8 609 0 24 -12851 0 55 0
1427 8 742 0 -24 -12851 0 60 0
1428 8 903 0 24 -12851 0 60 0
1429 12 742 609 -6 24 0 51 55
1430 8 903 0 -6 -12851 0 55 0
1431 8 742 0 -6 -12851 0 55 0
1432 8 742 0 6 -12851 0 60 0
1433 12 742 903 -6 24 0 55 55
1434 8 609 0 -6 -12851 0 55 0
1435 8 903 0 -24 -12851 0 55 0
1436 8 609 0 24 -12851 0 60 0
1437 8 1100 0 -24 -12851 0 60 0
1438 8 500 0 -6 -12851 0 55 0
1439 12 742 500 6 -24 0 55 55
1440 8 1100 0 -24 -12851 0 60 0
1441 12 742 903 6 -24 0 55 51
1442 8 1100 0 24 -12851 0 60 0
1443 8 500 0 -6 -12851 0 55 0
1444 12 742 903 6 -24 0 51 51
1445 8 500 0 24 -12851 0 55 0
1446 8 742 0 -6 -12851 0 60 0
1447 8 742 0 -6 -12851 0 55 0
1448 8 742 0 -6 -12851 0 55 0
1449 8 609 0 6 -12851 0 60 0
1450 8 903 0 -6 -12851 0 60 0
1451 8 903 0 24 -12851 0 55 0
1452 12 1100 742 6 -24 0 55 55
1453 8 1100 0 24 -12851 0 60 0
1454 8 1100 0 6 -12851 0 60 0
1455 8 500 0 6 -12851 0 55 0
1456 8 609 0 6 -12851 0 55 0
1457 12 609 742 6 -24 0 55 55
1458 8 609 0 24 -12851 0 60 0
1459 12 742 1100 -6 24 0 51 55
1460 12 742 903 -6 24 0 51 55
1461 8 903 0 -24 -12851 0 55 0
1462 12 742 1100 -6 24 0 51 51
1463 8 1100 0 -6 -12851 0 60 0
1464 8 742 0 6 -12851 0 55 0
1465 8 500 0 24 -12851 0 60 0
1466 12 903 742 6 -24 0 55 55
1467 8 500 0 -6 -12851 0 60 0
1468 12 742 1100 6 -24 0 55 51
1469 8 609 0 6 -12851 0 55 0
1470 8 609 0 -24 -12851 0 60 0
1471 12 742 609 -6 24 0 51 51
1472 8 1100 0 -24 -12851 0 55 0
1473 8 500 0 24 -12851 0 60 0
1474 12 609 742 6 -24 0 55 51
1475 12 500 742 -6 24 0 51 55
1476 8 500 0 -24 -12851 0 60 0
1477 8 1100 0 -6 -12851 0 55 0
1478 8 903 0 -24 -12851 0 55 0
1479 12 903 742 -6 24 0 51 51
1480 12 742 609 6 -24 0 51 51
1481 12 742 609 6 -24 0 55 51
1482 8 742 0 24 -12851 0 55 0
1483 12 742 1100 6 -24 0 51 51
1484 8 609 0 6 -12851 0 60 0
1485 8 903 0 -6 -12851 0 60 0
1486 8 609 0 24 -12851 0 55 0
1487 8 500 0 6 -12851 0 55 0
1488 12 609 742 -6 24 0 55 55
1489 12 1100 742 6 -24 0 55 51
1490 8 1100 0 6 -12851 0 60 0
1491 12 742 903 -6 24 0 51 55
1492 12 609 742 -6 24 0 51 51
1493 8 742 0 24 -12851 0 60 0
1494 8 903 0 -6 -12851 0 60 0
1495 8 742 0 -6 -12851 0 55 0
1496 8 903 0 24 -12851 0 60 0
1497 8 903 0 -24 -12851 0 60 0
1498 12 500 742 6 -24 0 55 55
1499 12 609 742 6 -24 0 55 55
1500 12 609 742 6 -24 0 51 55
1501 8 903 0 -24 -12851 0 60 0
1502 8 1100 0 24 -12851 0 60 0
1503 8 1100 0 -24 -12851 0 55 0
1504 8 609 0 24 -12851 0 60 0
1505 8 500 0 24 -12851 0 60 0
1506 8 742 0 -6 -12851 0 60 0
1507 8 903 0 6 -12851 0 60 0
1508 12 1100 742 6 -24 0 55 55
1509 8 1100 0 -24 -12851 0 55 0
1510 8 500 0 24 -12851 0 55 0
1511 8 609 0 6 -12851 0 60 0
1512 12 742 1100 6 -24 0 55 55
1513 8 742 0 24 -12851 0 60 0
1514 12 1100 742 6 -24 0 51 51
1515 8 500 0 6 -12851 0 55 0
1516 8 742 0 24 -12851 0 60 0
1517 8 609 0 -6 -12851 0 60 0
1518 8 742 0 -24 -12851 0 55 0
1519 8 742 0 24 -12851 0 60 0
1520 8 903 0 6 -12851 0 55 0
1521 12 1100 742 -6 24 0 51 55
1522 8 742 0 -24 -12851 0 55 0
1523 8 500 0 -6 -12851 0 55 0
1524 8 742 0 6 -12851 0 55 0
1525 12 742 903 -6 24 0 51 51
1526 8 903 0 -24 -12851 0 60 0
1527 8 903 0 -6 -12851 0 55 0
1528 12 742 500 -6 24 0 51 55
1529 12 609 742 -6 24 0 55 55
1530 8 609 0 -24 -12851 0 60 0
1531 12 903 742 6 -24 0 51 55
1532 12 609 742 -6 24 0 55 51
1533 8 500 0 -24 -12851 0 60 0
1534 8 500 0 6 -12851 0 55 0
1535 12 742 1100 6 -24 0 55 55
1536 12 742 609 6 -24 0 55 51
1537 8 1100 0 -24 -12851 0 60 0
1538 12 742 903 -6 24 0 55 55
1539 12 1100 742 6 -24 0 55 51
1540 8 1100 0 24 -12851 0 55 0
1541 12 742 500 6 -24 0 51 51
1542 8 1100 0 24 -12851 0 60 0
1543 12 742 1100 -6 24 0 55 51
1544 12 903 742 -6 24 0 51 51
1545 8 609 0 24 -12851 0 60 0
1546 12 609 742 6 -24 0 51 55
1547 8 609 0 -6 -12851 0 55 0
1548 8 609 0 24 -12851 0 60 0
1549 8 609 0 -24 -12851 0 60 0
1550 12 903 742 -6 24 0 55 51
1551 8 903 0 6 -12851 0 55 0
1552 12 742 609 -6 24 0 55 51
1553 8 500 0 -6 -12851 0 55 0
1554 12 609 742 -6 24 0 51 51
1555 12 903 742 6 -24 0 55 51
1556 12 742 1100 -6 24 0 55 55
1557 12 742 1100 -6 24 0 55 55
1558 8 500 0 -24 -12851 0 55 0
1559 8 500 0 -24 -12851 0 55 0
1560 8 903 0 -6 -12851 0 55 0
1561 8 609 0 -24 -12851 0 55 0
1562 12 742 500 6 -24 0 55 55
1563 8 1100 0 24 -12851 0 55 0
1564 8 742 0 -6 -12851 0 60 0
1565 12 742 1100 -6 24 0 55 51
1566 8 609 0 -6 -12851 0 60 0
1567 8 1100 0 -6 -12851 0 55 0
1568 12 742 903 6 -24 0 51 55
1569 8 903 0 24 -12851 0 60 0
1570 8 1100 0 6 -12851 0 55 0
1571 8 742 0 -24 -12851 0 60 0
1572 8 742 0 24 -12851 0 55 0
1573 12 742 903 6 -24 0 55 55
1574 8 500 0 -6 -12851 0 55 0
1575 8 500 0 -24 -12851 0 60 0
1576 8 609 0 -6 -12851 0 55 0
1577 12 500 742 6 -24 0 55 55
1578 12 500 742 -6 24 0 55 55
1579 8 903 0 24 -12851 0 60 0
1580 8 903 0 -24 -12851 0 60 0
1581 8 1100 0 24 -12851 0 55 0
1582 12 742 903 -6 24 0 51 51
1583 12 903 742 -6 24 0 55 51
1584 12 609 742 -6 24 0 51 51
1585 12 1100 742 -6 24 0 51 51
1586 12 500 742 -6 24 0 55 51
1587 12 609 742 -6 24 0 55 55
1588 8 903 0 24 -12851 0 55 0
1589 12 742 500 6 -24 0 51 51
1590 8 500 0 -24 -12851 0 60 0
1591 8 500 0 6 -12851 0 60 0
1592 8 742 0 24 -12851 0 60 0
1593 12 500 742 -6 24 0 55 51
1594 8 1100 0 24 -12851 0 60 0
1595 8 609 0 24 -12851 0 55 0
1596 12 903 742 6 -24 0 55 51
1597 8 609 0 6 -12851 0 60 0
1598 8 742 0 24 -12851 0 60 0
1599 8 742 0 -24 -12851 0 55 0
1600 8 1100 0 -24 -12851 0 60 0
1601 8 609 0 -6 -12851 0 60 0
1602 8 609 0 -24 -12851 0 55 0
1603 8 742 0 6 -12851 0 55 0
1604 8 1100 0 6 -12851 0 60 0
1605 8 903 0 24 -12851 0 60 0
1606 12 742 500 -6 24 0 55 51
1607 12 500 742 6 -24 0 55 51
1608 12 609 742 -6 24 0 51 51
1609 8 903 0 24 -12851 0 60 0
1610 12 742 500 -6 24 0 55 51
1611 12 742 903 6 -24 0 51 55
1612 12 742 500 -6 24 0 55 55
1613 8 903 0 6 -12851 0 60 0
1614 12 903 742 6 -24 0 51 51
1615 8 742 0 -6 -12851 0 55 0
1616 12 742 903 6 -24 0 55 51
1617 8 1100 0 24 -12851 0 60 0
1618 12 742 1100 -6 24 0 51 51
1619 8 742 0 -6 -12851 0 60 0
1620 8 609 0 6 -12851 0 55 0
1621 8 500 0 -6 -12851 0 60 0
1622 8 609 0 -6 -12851 0 55 0
1623 8 1100 0 24 -12851 0 60 0
1624 12 742 609 -6 24 0 55 51
1625 12 903 742 6 -24 0 51 55
1626 12 609 742 -6 24 0 55 51
1627 8 500 0 24 -12851 0 60 0
1628 8 500 0 24 -12851 0 55 0
1629 12 742 609 -6 24 0 55 55
1630 8 1100 0 6 -12851 0 55 0
1631 8 1100 0 -24 -12851 0 55 0
1632 8 1100 0 -24 -12851 0 55 0
1633 8 500 0 -24 -12851 0 60 0
1634 12 903 742 -6 24 0 55 51
1635 12 500 742 6 -24 0 51 51
1636 8 742 0 6 -12851 0 60 0
1637 8 742 0 -6 -12851 0 60 0
1638 8 1100 0 6 -12851 0 55 0
1639 8 742 0 -6 -12851 0 55 0
1640 8 903 0 -24 -12851 0 55 0
1641 12 742 1100 -6 24 0 51 51
1642 8 500 0 -24 -12851 0 60 0
1643 8 500 0 -24 -12851 0 60 0
1644 12 742 1100 -6 24 0 55 55
1645 8 609 0 -24 -12851 0 60 0
1646 8 903 0 24 -12851 0 60 0
1647 8 903 0 -6 -12851 0 55 0
1648 8 609 0 -6 -12851 0 60 0
1649 12 742 500 6 -24 0 51 55
1650 12 1100 742 6 -24 0 55 51
1651 8 609 0 -24 -12851 0 55 0
1652 8 500 0 -24 -12851 0 60 0
1653 8 500 0 -6 -12851 0 60 0
1654 8 500 0 -24 -12851 0 60 0
1655 8 903 0 6 -12851 0 60 0
1656 8 742 0 -24 -12851 0 55 0
1657 8 742 0 -24 -12851 0 55 0
1658 8 1100 0 6 -12851 0 55 0
1659 12 742 1100 6 -24 0 51 51
1660 8 609 0 -6 -12851 0 55 0
1661 12 1100 742 6 -24 0 55 55
1662 12 903 742 6 -24 0 55 55
1663 12 742 903 6 -24 0 51 55
1664 8 609 0 -6 -12851 0 60 0
1665 8 742 0 6 -12851 0 60 0
1666 12 742 1100 -6 24 0 55 55
1667 8 500 0 -6 -12851 0 60 0
1668 12 1100 742 -6 24 0 51 51
1669 8 903 0 -6 -12851 0 55 0
1670 8 903 0 6 -12851 0 55 0
1671 12 742 1100 6 -24 0 51 51
1672 8 609 0 -24 -12851 0 55 0
1673 8 1100 0 24 -12851 0 60 0
1674 8 1100 0 -24 -12851 0 55 0
1675 12 1100 742 -6 24 0 55 51
1676 8 609 0 6 -12851 0 60 0
1677 8 609 0 -24 -12851 0 55 0
1678 8 903 0 -6 -12851 0 55 0
1679 8 609 0 -24 -12851 0 55 0
1680 8 609 0 -6 -12851 0 55 0
1681 12 609 742 -6 24 0 55 51
1682 8 742 0 -24 -12851 0 60 0
1683 12 742 1100 6 -24 0 55 51
1684 12 500 742 -6 24 0 51 55
1685 12 742 903 -6 24 0 55 51
1686 8 742 0 -24 -12851 0 55 0
1687 12 742 1100 -6 24 0 51 51
1688 8 500 0 -6 -12851 0 60 0
1689 12 500 742 -6 24 0 55 55
1690 8 742 0 24 -12851 0 60 0
1691 8 903 0 24 -12851 0 55 0
1692 8 903 0 -24 -12851 0 55 0
1693 8 1100 0 -24 -12851 0 55 0
1694 12 609 742 -6 24 0 51 51
1695 8 500 0 -24 -12851 0 55 0
1696 8 500 0 6 -12851 0 60 0
1697 12 742 609 -6 24 0 55 51
1698 12 1100 742 -6 24 0 55 51
1699 8 1100 0 -6 -12851 0 60 0
1700 8 1100 0 -24 -12851 0 60 0
1701 12 1100 742 6 -24 0 51 51
1702 8 903 0 -6 -12851 0 60 0
1703 12 742 1100 -6 24 0 51 55
1704 12 742 500 6 -24 0 51 51
1705 8 903 0 6 -12851 0 60 0
1706 8 500 0 6 -12851 0 60 0
1707 12 742 609 6 -24 0 51 51
1708 8 742 0 -6 -12851 0 55 0
1709 12 742 500 6 -24 0 51 51
1710 8 903 0 24 -12851 0 55 0
1711 8 1100 0 24 -12851 0 60 0
1712 12 742 500 -6 24 0 55 51
1713 12 609 742 -6 24 0 51 55
1714 12 742 609 -6 24 0 51 51
1715 8 742 0 24 -12851 0 60 0
1716 8 903 0 -6 -12851 0 60 0
1717 8 742 0 6 -12851 0 60 0
1718 8 500 0 -6 -12851 0 60 0
1719 12 742 609 -6 24 0 51 51
1720 8 609 0 -24 -12851 0 55 0
1721 12 903 742 -6 24 0 55 51
1722 12 742 500 -6 24 0 51 51
1723 8 1100 0 -6 -12851 0 60 0
1724 8 609 0 -24 -12851 0 55 0
1725 12 609 742 -6 24 0 51 51
1726 8 1100 0 -24 -12851 0 55 0
1727 8 500 0 -6 -12851 0 60 0
1728 12 903 742 -6 24 0 55 51
1729 12 609 742 6 -24 0 51 51
1730 12 742 500 6 -24 0 51 55
1731 8 609 0 24 -12851 0 55 0
1732 12 903 742 6 -24 0 55 55
1733 12 500 742 -6 24 0 55 51
1734 12 500 742 6 -24 0 55 51
1735 12 903 742 -6 24 0 51 55
1736 12 742 1100 -6 24 0 51 55
1737 8 1100 0 24 -12851 0 55 0
1738 8 1100 0 -6 -12851 0 60 0
1739 8 1100 0 6 -12851 0 55 0
1740 12 742 500 6 -24 0 55 55
1741 12 500 742 -6 24 0 55 55
1742 8 500 0 -6 -12851 0 55 0
1743 12 742 1100 6 -24 0 55 51
1744 8 609 0 -6 -12851 0 60 0
1745 8 609 0 -6 -12851 0 55 0
1746 12 609 742 6 -24 0 51 55
1747 12 742 1100 6 -24 0 51 55
1748 12 742 609 6 -24 0 51 51
1749 8 742 0 6 -12851 0 60 0
1750 8 1100 0 -24 -12851 0 60 0
1751 12 742 903 -6 24 0 55 55
1752 12 742 903 6 -24 0 55 55
1753 8 903 0 24 -12851 0 55 0
1754 12 903 742 -6 24 0 55 55
1755 8 609 0 24 -12851 0 60 0
1756 8 903 0 -24 -12851 0 55 0
1757 8 500 0 24 -12851 0 60 0
1758 12 1100 742 6 -24 0 51 51
1759 12 742 903 6 -24 0 51 55
1760 12 742 500 -6 24 0 55 51
1761 12 609 742 6 -24 0 51 51
1762 8 500 0 -24 -12851 0 55 0
1763 12 903 742 -6 24 0 51 51
1764 12 742 609 6 -24 0 51 51
1765 12 609 742 6 -24 0 51 55
1766 8 903 0 24 -12851 0 60 0
1767 12 742 500 -6 24 0 51 51
1768 8 742 0 24 -12851 0 55 0
1769 12 742 500 6 -24 0 51 51
1770 12 1100 742 -6 24 0 55 55
1771 12 1100 742 -6 24 0 51 51
1772 8 742 0 6 -12851 0 60 0
1773 12 742 903 6 -24 0 51 51
1774 12 742 609 -6 24 0 55 51
1775 8 742 0 -6 -12851 0 60 0
1776 8 742 0 -6 -12851 0 55 0
1777 8 1100 0 24 -12851 0 60 0
1778 8 500 0 -6 -12851 0 60 0
1779 12 742 500 6 -24 0 55 51
1780 8 500 0 6 -12851 0 55 0
1781 8 609 0 6 -12851 0 55 0
1782 12 1100 742 -6 24 0 51 55
1783 8 903 0 -24 -12851 0 55 0
1784 8 609 0 24 -12851 0 60 0
1785 8 500 0 24 -12851 0 60 0
1786 8 903 0 6 -12851 0 55 0
1787 8 1100 0 24 -12851 0 55 0
1788 12 1100 742 -6 24 0 51 55
1789 8 1100 0 6 -12851 0 55 0
1790 12 742 1100 6 -24 0 55 55
1791 12 742 903 6 -24 0 55 51
1792 8 742 0 24 -12851 0 55 0
1793 8 609 0 6 -12851 0 60 0
1794 8 742 0 -24 -12851 0 60 0
1795 8 903 0 24 -12851 0 60 0
1796 12 742 903 6 -24 0 55 55
1797 8 609 0 -6 -12851 0 55 0
1798 12 1100 742 6 -24 0 55 51
1799 8 609 0 -6 -12851 0 55 0
1800 8 903 0 -6 -12851 0 55 0
1801 8 500 0 24 -12851 0 55 0
1802 12 742 903 6 -24 0 51 55
1803 8 500 0 24 -12851 0 60 0
1804 8 500 0 6 -12851 0 55 0
1805 8 903 0 6 -12851 0 55 0
1806 8 609 0 24 -12851 0 55 0
1807 8 1100 0 6 -12851 0 55 0
1808 8 742 0 24 -12851 0 60 0
1809 12 742 500 -6 24 0 51 55
1810 8 609 0 -6 -12851 0 55 0
1811 8 1100 0 -6 -12851 0 60 0
1812 12 742 903 6 -24 0 55 55
1813 12 742 500 6 -24 0 55 51
1814 8 903 0 6 -12851 0 60 0
1815 8 1100 0 -6 -12851 0 60 0
1816 8 742 0 -6 -12851 0 55 0
1817 12 1100 742 6 -24 0 55 55
1818 12 742 1100 6 -24 0 51 51
1819 8 742 0 -6 -12851 0 60 0
1820 8 742 0 -24 -12851 0 55 0
1821 12 500 742 6 -24 0 51 55
1822 8 742 0 6 -12851 0 60 0
1823 12 742 903 -6 24 0 55 51
1824 12 742 500 6 -24 0 55 55
1825 12 609 742 -6 24 0 51 51
1826 12 742 500 -6 24 0 55 55
1827 8 1100 0 6 -12851 0 60 0
1828 8 609 0 -6 -12851 0 55 0
1829 12 742 903 6 -24 0 51 55
1830 12 609 742 -6 24 0 51 51
1831 8 609 0 -6 -12851 0 55 0
1832 8 609 0 6 -12851 0 60 0
1833 8 1100 0 -6 -12851 0 60 0
1834 8 500 0 -6 -12851 0 60 0
1835 8 500 0 24 -12851 0 55 0
1836 12 1100 742 6 -24 0 51 51
1837 12 609 742 6 -24 0 51 51
1838 12 742 1100 6 -24 0 55 51
1839 8 500 0 24 -12851 0 55 0
1840 12 742 1100 6 -24 0 51 55
1841 12 742 903 -6 24 0 51 55
1842 12 742 903 6 -24 0 55 51
