1 11 742 903 -6 24 1 55 51
2 11 742 903 6 -24 1 55 51
3 11 742 903 6 -24 0 51 55
4 12 500 742 6 -24 1 51 55
5 12 500 742 6 -24 0 55 55
6 12 500 742 -6 24 0 51 51
7 12 742 500 -6 24 1 51 51
8 12 500 742 6 -24 1 51 51
9 12 500 742 -6 24 1 51 55
10 12 500 742 -6 24 0 55 55
11 12 742 500 -6 24 0 51 51
12 12 500 742 -6 24 0 51 55
13 12 500 742 6 -24 1 51 51
14 12 500 742 6 -24 1 51 51
15 12 500 742 -6 24 0 55 51
16 12 500 742 6 -24 0 51 55
17 12 742 500 -6 24 1 55 55
18 12 500 742 -6 24 1 51 51
19 12 742 500 -6 24 1 51 51
20 12 500 742 6 -24 1 51 51
21 12 742 500 -6 24 1 51 51
22 12 500 742 6 -24 1 51 55
23 12 742 500 -6 24 0 51 51
24 12 742 500 6 -24 1 55 55
25 12 500 742 6 -24 1 51 55
26 12 742 500 -6 24 1 55 55
27 12 742 500 -6 24 0 55 51
28 12 742 500 6 -24 1 51 55
29 12 500 742 6 -24 0 51 55
30 12 742 500 6 -24 1 55 51
31 12 742 500 -6 24 0 55 51
32 12 500 742 -6 24 0 55 51
33 12 500 742 -6 24 0 55 51
34 12 742 500 -6 24 1 51 55
35 12 742 500 6 -24 1 51 55
36 12 742 500 -6 24 1 51 51
37 12 742 500 6 -24 1 55 55
38 12 500 742 6 -24 1 55 55
39 12 500 742 -6 24 0 51 51
40 12 742 500 6 -24 1 51 55
41 12 742 500 6 -24 1 55 51
42 12 742 500 6 -24 1 51 55
43 12 500 742 -6 24 1 51 51
44 12 500 742 -6 24 0 55 55
45 12 742 500 6 -24 1 55 51
46 12 500 742 6 -24 1 55 51
47 12 500 742 -6 24 1 55 55
48 12 500 742 6 -24 1 51 51
49 12 742 500 6 -24 1 51 55
50 12 742 500 -6 24 1 55 51
51 12 742 500 -6 24 1 51 55
52 12 742 500 -6 24 1 51 51
53 12 742 500 6 -24 1 51 55
54 12 742 500 -6 24 0 51 55
55 12 500 742 6 -24 1 51 51
56 12 742 500 -6 24 1 55 55
57 12 742 500 6 -24 1 55 51
58 12 742 500 -6 24 0 55 51
59 12 500 742 -6 24 1 51 51
60 12 742 500 6 -24 1 55 55
61 12 500 742 -6 24 1 55 51
62 12 500 742 -6 24 1 51 51
63 12 742 500 6 -24 1 51 51
64 12 500 742 -6 24 0 51 55
65 12 500 742 6 -24 1 51 55
66 12 500 742 6 -24 1 51 51
67 12 500 742 -6 24 1 51 51
68 12 500 742 -6 24 0 55 55
69 12 742 500 -6 24 1 51 55
70 12 742 500 6 -24 1 55 55
71 12 742 500 6 -24 1 55 55
72 12 742 500 6 -24 1 55 55
73 12 742 500 -6 24 0 55 51
74 12 500 742 6 -24 1 51 51
75 12 742 500 6 -24 1 55 55
76 12 742 500 6 -24 1 55 51
77 12 500 742 -6 24 0 51 51
78 12 500 742 -6 24 1 51 51
79 12 500 742 -6 24 1 51 55
80 12 500 742 -6 24 1 55 55
81 12 742 500 -6 24 0 51 55
82 12 742 500 6 -24 1 55 55
83 12 500 742 -6 24 1 51 55
84 12 500 742 -6 24 1 55 51
85 12 742 500 -6 24 1 51 55
86 12 742 500 -6 24 0 51 51
87 12 500 742 -6 24 1 51 51
88 12 742 500 -6 24 1 55 55
89 12 742 500 6 -24 1 51 51
90 12 500 742 -6 24 1 55 55
91 12 742 500 -6 24 1 51 51
92 12 742 500 -6 24 1 51 55
93 12 500 742 -6 24 1 51 51
94 12 742 500 -6 24 1 51 55
95 12 500 742 6 -24 1 51 51
96 12 500 742 6 -24 1 51 51
97 12 742 500 6 -24 1 55 55
98 12 742 500 -6 24 0 51 51
99 12 742 500 6 -24 0 51 55
100 12 500 742 -6 24 1 55 55
101 12 500 742 -6 24 0 55 55
102 12 742 500 6 -24 1 51 55
103 12 500 742 -6 24 1 55 55
104 12 500 742 6 -24 1 55 55
105 12 742 500 -6 24 0 55 55
106 12 500 742 6 -24 1 51 55
107 12 500 742 6 -24 1 51 51
108 12 742 500 -6 24 1 51 55
109 12 742 500 6 -24 1 51 51
110 12 742 500 6 -24 1 51 51
111 12 500 742 -6 24 1 51 55
112 12 742 500 6 -24 1 51 55
113 12 742 500 -6 24 0 55 55
114 12 742 500 -6 24 0 55 55
115 12 500 742 6 -24 1 55 55
116 12 742 500 -6 24 1 55 55
117 12 742 500 6 -24 1 51 51
118 12 742 500 -6 24 0 55 51
119 12 500 742 -6 24 1 51 51
120 12 500 742 -6 24 1 51 55
121 12 742 500 6 -24 1 55 51
122 12 742 500 6 -24 1 51 51
123 12 742 500 -6 24 0 55 51
124 12 500 742 6 -24 1 55 51
125 12 500 742 6 -24 1 51 55
126 12 609 742 -6 24 0 51 51
127 12 742 609 -6 24 0 51 51
128 12 609 742 -6 24 0 55 51
129 12 609 742 6 -24 1 51 55
130 12 742 609 -6 24 0 51 51
131 12 742 609 -6 24 1 51 51
132 12 609 742 -6 24 1 51 51
133 12 742 609 6 -24 1 55 51
134 12 742 609 6 -24 1 51 55
135 12 742 609 -6 24 1 51 55
136 12 609 742 -6 24 0 51 55
137 12 609 742 -6 24 0 55 55
138 12 742 609 -6 24 1 51 55
139 12 742 609 -6 24 0 55 55
140 12 742 609 6 -24 1 51 51
141 12 609 742 6 -24 1 51 51
142 12 742 609 6 -24 1 51 55
143 12 609 742 6 -24 0 51 51
144 12 742 609 6 -24 1 55 55
145 12 609 742 -6 24 1 55 51
146 12 609 742 -6 24 0 55 51
147 12 609 742 6 -24 1 55 51
148 12 609 742 6 -24 1 51 55
149 12 609 742 -6 24 0 55 55
150 12 742 609 -6 24 0 55 55
151 12 742 609 -6 24 1 51 51
152 12 742 609 6 -24 1 51 55
153 12 609 742 -6 24 0 55 55
154 12 609 742 -6 24 1 55 51
155 12 609 742 6 -24 1 51 51
156 12 742 609 -6 24 1 55 55
157 12 742 609 6 -24 1 55 51
158 12 609 742 -6 24 0 55 51
159 12 609 742 6 -24 1 51 55
160 12 609 742 6 -24 1 55 55
161 12 742 609 -6 24 0 55 55
162 12 609 742 6 -24 1 51 51
163 12 742 609 -6 24 0 55 51
164 12 742 609 -6 24 1 55 55
165 12 742 609 -6 24 0 55 55
166 12 609 742 6 -24 1 55 55
167 12 609 742 -6 24 1 51 51
168 12 609 742 -6 24 0 55 51
169 12 609 742 6 -24 1 55 55
170 12 742 609 6 -24 1 51 55
171 12 609 742 -6 24 0 51 51
172 12 742 609 -6 24 1 55 51
173 12 742 609 -6 24 1 51 55
174 12 609 742 -6 24 1 55 51
175 12 742 609 -6 24 1 51 55
176 12 742 609 -6 24 1 51 51
177 12 609 742 6 -24 1 55 51
178 12 609 742 6 -24 1 55 55
179 12 742 609 6 -24 1 51 55
180 12 609 742 -6 24 1 51 55
181 12 742 609 -6 24 0 51 55
182 12 742 609 6 -24 1 51 55
183 12 609 742 -6 24 1 55 55
184 12 742 609 -6 24 1 55 51
185 12 609 742 -6 24 1 51 55
186 12 609 742 6 -24 1 51 55
187 12 609 742 6 -24 1 51 55
188 12 742 609 6 -24 1 51 51
189 12 609 742 -6 24 0 55 51
190 12 742 609 6 -24 0 51 55
191 12 609 742 -6 24 1 51 51
192 12 609 742 -6 24 1 55 55
193 12 742 609 6 -24 1 51 51
194 12 742 609 6 -24 1 51 55
195 12 609 742 6 -24 1 55 55
196 12 742 609 6 -24 1 51 55
197 12 609 742 -6 24 0 55 55
198 12 609 742 6 -24 1 55 55
199 12 742 609 -6 24 0 51 55
200 12 609 742 6 -24 1 55 51
201 12 742 609 6 -24 1 55 51
202 12 742 609 6 -24 1 55 51
203 12 609 742 -6 24 1 51 51
204 12 609 742 -6 24 0 51 51
205 12 609 742 -6 24 1 55 55
206 12 742 609 -6 24 1 51 55
207 12 609 742 -6 24 0 55 51
208 12 742 609 -6 24 1 55 55
209 12 609 742 6 -24 0 51 55
210 12 742 609 6 -24 1 51 55
211 12 742 609 6 -24 1 51 51
212 12 742 609 -6 24 0 55 51
213 12 742 609 6 -24 1 55 51
214 12 742 609 -6 24 1 51 51
215 12 609 742 -6 24 1 51 51
216 12 742 609 6 -24 1 55 55
217 12 609 742 6 -24 1 55 51
218 12 742 609 6 -24 0 55 51
219 12 742 609 6 -24 1 55 51
220 12 609 742 6 -24 1 51 55
221 12 742 609 -6 24 1 55 55
222 12 742 609 6 -24 1 51 51
223 12 609 742 -6 24 1 55 55
224 12 742 609 6 -24 1 55 55
225 12 742 609 -6 24 0 55 51
226 12 742 609 6 -24 1 51 51
227 12 742 609 -6 24 0 55 51
228 12 609 742 -6 24 1 51 55
229 12 742 609 6 -24 1 55 55
230 12 742 609 6 -24 1 55 55
231 12 742 609 -6 24 1 55 55
232 12 742 609 -6 24 1 55 51
233 12 609 742 -6 24 0 55 55
234 12 742 609 -6 24 0 55 55
235 12 742 609 -6 24 1 51 51
236 12 742 609 6 -24 1 55 55
237 12 609 742 -6 24 1 51 51
238 12 609 742 -6 24 1 51 51
239 12 609 742 -6 24 1 55 51
240 12 742 609 6 -24 1 55 55
241 12 742 609 6 -24 1 55 55
242 12 609 742 6 -24 1 51 55
243 12 742 609 -6 24 1 51 51
244 12 609 742 -6 24 1 51 51
245 12 742 609 -6 24 1 55 51
246 12 609 742 -6 24 0 55 55
247 12 742 609 -6 24 1 51 51
248 12 609 742 6 -24 0 55 55
249 12 742 609 6 -24 1 51 51
250 12 742 609 6 -24 1 51 55
251 12 903 742 -6 24 1 51 51
252 12 903 742 -6 24 1 51 55
253 12 903 742 -6 24 1 55 51
254 12 903 742 6 -24 1 55 55
255 12 742 903 6 -24 1 55 55
256 12 742 903 6 -24 1 51 55
257 12 742 903 -6 24 1 55 51
258 12 903 742 6 -24 1 51 55
259 12 903 742 6 -24 1 51 55
260 12 742 903 6 -24 1 51 55
261 12 742 903 -6 24 1 51 55
262 12 742 903 6 -24 1 55 51
263 12 742 903 6 -24 1 55 51
264 12 742 903 -6 24 0 55 55
265 12 742 903 -6 24 0 51 55
266 12 903 742 6 -24 1 55 51
267 12 742 903 -6 24 0 55 55
268 12 742 903 -6 24 1 51 51
269 12 903 742 6 -24 1 55 51
270 12 742 903 6 -24 1 51 55
271 12 742 903 6 -24 1 55 55
272 12 903 742 6 -24 1 51 51
273 12 903 742 6 -24 1 51 55
274 12 903 742 6 -24 1 55 55
275 12 742 903 -6 24 0 55 51
276 12 903 742 -6 24 1 55 55
277 12 742 903 6 -24 1 51 55
278 12 742 903 -6 24 1 51 51
279 12 903 742 -6 24 0 51 55
280 12 903 742 -6 24 1 51 51
281 12 903 742 6 -24 1 51 55
282 12 903 742 6 -24 1 55 55
283 12 903 742 -6 24 0 55 51
284 12 903 742 -6 24 1 51 51
285 12 903 742 6 -24 1 51 51
286 12 903 742 6 -24 1 51 51
287 12 742 903 6 -24 1 51 51
288 12 903 742 -6 24 0 51 55
289 12 903 742 -6 24 0 51 51
290 12 903 742 -6 24 0 51 51
291 12 742 903 -6 24 1 55 51
292 12 903 742 6 -24 1 51 51
293 12 742 903 6 -24 1 55 51
294 12 742 903 -6 24 0 51 51
295 12 903 742 -6 24 1 51 51
296 12 903 742 -6 24 1 55 51
297 12 742 903 6 -24 1 51 55
298 12 742 903 -6 24 0 55 55
299 12 742 903 6 -24 1 55 55
300 12 903 742 6 -24 1 55 55
301 12 742 903 -6 24 0 51 55
302 12 903 742 6 -24 1 55 55
303 12 903 742 -6 24 0 55 55
304 12 742 903 6 -24 1 51 55
305 12 903 742 6 -24 1 55 51
306 12 742 903 -6 24 1 51 51
307 12 742 903 6 -24 1 55 55
308 12 903 742 -6 24 1 55 51
309 12 742 903 -6 24 1 51 51
310 12 903 742 6 -24 1 51 55
311 12 742 903 -6 24 0 51 51
312 12 903 742 -6 24 1 51 55
313 12 742 903 6 -24 1 51 55
314 12 742 903 -6 24 0 51 51
315 12 903 742 -6 24 1 51 55
316 12 742 903 -6 24 1 55 55
317 12 903 742 -6 24 1 51 55
318 12 742 903 -6 24 1 51 51
319 12 742 903 6 -24 1 51 55
320 12 903 742 6 -24 1 55 51
321 12 903 742 -6 24 0 55 51
322 12 742 903 -6 24 0 51 55
323 12 903 742 -6 24 1 55 55
324 12 742 903 -6 24 1 51 55
325 12 742 903 6 -24 1 55 51
326 12 903 742 6 -24 1 55 55
327 12 903 742 -6 24 1 51 55
328 12 903 742 6 -24 1 55 51
329 12 903 742 -6 24 0 51 55
330 12 903 742 -6 24 1 51 55
331 12 903 742 6 -24 1 51 51
332 12 903 742 -6 24 1 55 55
333 12 903 742 -6 24 0 51 55
334 12 742 903 -6 24 1 51 51
335 12 742 903 6 -24 1 55 55
336 12 903 742 6 -24 1 51 55
337 12 903 742 6 -24 0 51 51
338 12 903 742 -6 24 1 51 51
339 12 742 903 -6 24 1 51 51
340 12 742 903 6 -24 1 55 55
341 12 903 742 -6 24 1 51 51
342 12 742 903 -6 24 1 55 51
343 12 742 903 6 -24 1 55 55
344 12 903 742 6 -24 0 51 51
345 12 742 903 -6 24 1 55 51
346 12 903 742 6 -24 1 51 51
347 12 903 742 -6 24 1 51 51
348 12 903 742 6 -24 1 55 55
349 12 742 903 -6 24 0 55 51
350 12 742 903 -6 24 0 51 55
351 12 903 742 -6 24 1 51 51
352 12 742 903 6 -24 1 51 55
353 12 903 742 -6 24 1 55 51
354 12 903 742 -6 24 1 55 55
355 12 903 742 -6 24 1 55 55
356 12 903 742 6 -24 0 55 51
357 12 742 903 6 -24 1 55 51
358 12 903 742 6 -24 0 51 51
359 12 742 903 6 -24 1 51 55
360 12 742 903 -6 24 1 51 51
361 12 742 903 -6 24 1 51 55
362 12 903 742 -6 24 0 51 55
363 12 903 742 -6 24 0 51 51
364 12 903 742 -6 24 1 51 55
365 12 903 742 6 -24 0 51 55
366 12 903 742 6 -24 1 51 55
367 12 903 742 -6 24 1 51 51
368 12 742 903 -6 24 1 55 51
369 12 742 903 -6 24 1 55 55
370 12 903 742 -6 24 1 55 55
371 12 742 903 6 -24 1 55 51
372 12 903 742 6 -24 1 51 55
373 12 742 903 6 -24 1 55 51
374 12 903 742 -6 24 1 55 55
375 12 742 903 6 -24 1 55 55
376 12 1100 742 -6 24 0 55 51
377 12 742 1100 -6 24 1 55 51
378 12 742 1100 6 -24 1 55 55
379 12 1100 742 -6 24 0 55 51
380 12 742 1100 -6 24 1 51 55
381 12 742 1100 -6 24 0 51 55
382 12 1100 742 -6 24 1 51 51
383 12 1100 742 -6 24 1 55 51
384 12 742 1100 6 -24 1 51 51
385 12 742 1100 -6 24 0 51 51
386 12 1100 742 -6 24 0 51 55
387 12 742 1100 -6 24 1 55 51
388 12 1100 742 -6 24 1 55 55
389 12 1100 742 -6 24 1 51 55
390 12 742 1100 6 -24 1 51 51
391 12 742 1100 6 -24 1 55 55
392 12 742 1100 -6 24 1 51 55
393 12 742 1100 6 -24 1 51 55
394 12 1100 742 -6 24 1 55 51
395 12 1100 742 6 -24 1 51 55
396 12 742 1100 6 -24 1 55 51
397 12 742 1100 6 -24 0 51 55
398 12 1100 742 -6 24 1 51 55
399 12 742 1100 -6 24 1 51 51
400 12 1100 742 6 -24 0 55 55
401 12 1100 742 6 -24 0 55 51
402 12 1100 742 6 -24 1 55 55
403 12 742 1100 6 -24 1 51 51
404 12 1100 742 6 -24 1 51 55
405 12 742 1100 6 -24 0 51 51
406 12 1100 742 -6 24 0 55 51
407 12 742 1100 -6 24 0 55 51
408 12 1100 742 -6 24 1 55 55
409 12 742 1100 -6 24 1 51 51
410 12 1100 742 -6 24 1 55 55
411 12 1100 742 -6 24 1 55 51
412 12 742 1100 -6 24 1 55 55
413 12 742 1100 6 -24 1 51 55
414 12 742 1100 6 -24 1 51 55
415 12 1100 742 -6 24 1 51 51
416 12 1100 742 6 -24 1 51 51
417 12 742 1100 6 -24 1 55 55
418 12 1100 742 -6 24 1 51 55
419 12 742 1100 -6 24 1 51 55
420 12 742 1100 6 -24 0 55 51
421 12 1100 742 -6 24 0 55 51
422 12 1100 742 6 -24 1 51 51
423 12 742 1100 6 -24 1 51 55
424 12 742 1100 6 -24 1 55 51
425 12 1100 742 -6 24 0 51 55
426 12 742 1100 -6 24 1 51 55
427 12 742 1100 -6 24 1 51 51
428 12 1100 742 6 -24 1 55 51
429 12 742 1100 -6 24 1 55 55
430 12 1100 742 -6 24 1 51 51
431 12 742 1100 6 -24 1 55 51
432 12 1100 742 -6 24 1 51 51
433 12 1100 742 -6 24 1 51 55
434 12 1100 742 6 -24 1 51 55
435 12 742 1100 -6 24 1 55 55
436 12 1100 742 -6 24 0 55 55
437 12 742 1100 -6 24 1 51 51
438 12 742 1100 -6 24 1 51 55
439 12 742 1100 -6 24 1 51 55
440 12 742 1100 6 -24 1 55 51
441 12 742 1100 6 -24 1 51 55
442 12 742 1100 -6 24 0 55 51
443 12 742 1100 -6 24 1 55 51
444 12 1100 742 -6 24 1 55 51
445 12 1100 742 -6 24 1 55 55
446 12 742 1100 -6 24 0 51 51
447 12 1100 742 6 -24 1 51 55
448 12 1100 742 6 -24 1 55 51
449 12 742 1100 6 -24 1 55 55
450 12 742 1100 -6 24 1 51 55
451 12 742 1100 6 -24 1 55 51
452 12 742 1100 -6 24 0 51 55
453 12 1100 742 -6 24 0 55 51
454 12 1100 742 6 -24 1 51 55
455 12 1100 742 -6 24 1 55 55
456 12 1100 742 -6 24 0 51 51
457 12 1100 742 6 -24 1 55 55
458 12 1100 742 6 -24 1 51 55
459 12 742 1100 6 -24 1 51 55
460 12 742 1100 6 -24 1 51 51
461 12 742 1100 6 -24 1 55 51
462 12 1100 742 6 -24 1 55 51
463 12 1100 742 -6 24 1 51 55
464 12 1100 742 -6 24 1 55 55
465 12 1100 742 6 -24 1 55 51
466 12 1100 742 -6 24 0 51 51
467 12 1100 742 -6 24 1 51 51
468 12 1100 742 -6 24 1 55 51
469 12 742 1100 -6 24 1 51 51
470 12 1100 742 -6 24 1 51 51
471 12 1100 742 6 -24 1 55 55
472 12 1100 742 -6 24 1 55 55
473 12 1100 742 6 -24 1 55 51
474 12 742 1100 -6 24 1 55 55
475 12 1100 742 -6 24 1 55 55
476 12 742 1100 -6 24 1 51 51
477 12 742 1100 -6 24 1 55 55
478 12 1100 742 -6 24 0 51 55
479 12 742 1100 -6 24 1 55 55
480 12 1100 742 6 -24 1 51 55
481 12 742 1100 -6 24 1 51 55
482 12 742 1100 -6 24 1 51 51
483 12 742 1100 -6 24 0 55 55
484 12 742 1100 -6 24 1 55 55
485 12 742 1100 -6 24 0 55 51
486 12 742 1100 -6 24 1 51 55
487 12 1100 742 6 -24 1 51 55
488 12 1100 742 6 -24 1 51 55
489 12 742 1100 6 -24 1 51 51
490 12 1100 742 6 -24 1 51 55
491 12 742 1100 -6 24 0 55 51
492 12 1100 742 6 -24 1 51 55
493 12 1100 742 6 -24 0 55 51
494 12 1100 742 -6 24 1 55 55
495 12 742 1100 -6 24 0 55 55
496 12 1100 742 6 -24 1 51 51
497 12 1100 742 -6 24 1 55 55
498 8 609 0 24 -12851 0 55 0
499 8 903 0 -24 -12851 1 55 0
500 8 742 0 -24 -12851 1 55 0
501 8 500 0 -12 -12851 0 55 0
502 8 609 0 -24 -12851 0 55 0
503 8 500 0 -12 -12851 1 55 0
504 8 742 0 12 -12851 1 55 0
505 8 500 0 12 -12851 1 55 0
506 8 500 0 -6 -12851 1 55 0
507 8 903 0 18 -12851 1 55 0
508 8 609 0 24 -12851 1 55 0
509 8 903 0 24 -12851 0 55 0
510 8 500 0 18 -12851 0 55 0
511 8 500 0 0 -12851 1 55 0
512 8 903 0 -6 -12851 1 55 0
513 8 742 0 0 -12851 1 55 0
514 8 609 0 6 -12851 1 55 0
515 8 609 0 -18 -12851 0 55 0
516 8 1100 0 6 -12851 1 55 0
517 8 742 0 -18 -12851 1 55 0
518 8 742 0 18 -12851 1 55 0
519 8 1100 0 18 -12851 1 55 0
520 8 1100 0 -18 -12851 1 55 0
521 8 609 0 -12 -12851 0 55 0
522 8 609 0 -18 -12851 1 55 0
523 8 742 0 6 -12851 1 55 0
524 8 742 0 12 -12851 1 55 0
525 8 903 0 24 -12851 1 55 0
526 8 742 0 12 -12851 1 55 0
527 8 1100 0 -6 -12851 1 55 0
528 8 500 0 -12 -12851 1 55 0
529 8 609 0 18 -12851 1 55 0
530 8 609 0 6 -12851 1 55 0
531 8 1100 0 0 -12851 1 55 0
532 8 903 0 24 -12851 1 55 0
533 8 500 0 -6 -12851 1 55 0
534 8 903 0 0 -12851 1 55 0
535 8 500 0 -24 -12851 1 55 0
536 8 1100 0 -24 -12851 1 55 0
537 8 903 0 12 -12851 1 55 0
538 8 903 0 12 -12851 1 55 0
539 8 500 0 -12 -12851 1 55 0
540 8 609 0 6 -12851 1 55 0
541 8 742 0 12 -12851 1 55 0
542 8 609 0 24 -12851 1 55 0
543 8 609 0 24 -12851 1 55 0
544 8 1100 0 18 -12851 1 55 0
545 8 1100 0 -18 -12851 1 55 0
546 8 500 0 0 -12851 1 55 0
547 8 500 0 -6 -12851 1 55 0
548 8 903 0 6 -12851 1 55 0
549 8 903 0 -18 -12851 1 55 0
550 8 742 0 -24 -12851 1 55 0
551 8 1100 0 -24 -12851 1 55 0
552 8 742 0 -6 -12851 1 55 0
553 8 1100 0 -12 -12851 0 55 0
554 8 1100 0 18 -12851 1 55 0
555 8 1100 0 0 -12851 1 55 0
556 8 903 0 -24 -12851 1 55 0
557 8 903 0 -24 -12851 1 55 0
558 8 1100 0 24 -12851 1 55 0
559 8 903 0 12 -12851 1 55 0
560 8 609 0 6 -12851 1 55 0
561 8 609 0 24 -12851 1 55 0
562 8 500 0 -6 -12851 1 55 0
563 8 609 0 0 -12851 1 55 0
564 8 742 0 -24 -12851 1 55 0
565 8 742 0 -6 -12851 1 55 0
566 8 500 0 -12 -12851 0 55 0
567 8 500 0 -18 -12851 1 55 0
568 8 742 0 -12 -12851 0 55 0
569 8 609 0 -18 -12851 1 55 0
570 8 609 0 0 -12851 1 55 0
571 8 500 0 18 -12851 1 55 0
572 8 1100 0 6 -12851 1 55 0
573 8 903 0 12 -12851 1 55 0
574 8 1100 0 18 -12851 1 55 0
575 8 903 0 -18 -12851 1 55 0
576 8 609 0 -18 -12851 1 55 0
577 8 903 0 24 -12851 1 55 0
578 8 742 0 -12 -12851 1 55 0
579 8 500 0 18 -12851 1 55 0
580 8 500 0 12 -12851 1 55 0
581 8 742 0 -6 -12851 1 55 0
582 8 609 0 0 -12851 1 55 0
583 8 1100 0 18 -12851 1 55 0
584 8 742 0 12 -12851 1 55 0
585 8 742 0 -24 -12851 1 55 0
586 8 742 0 6 -12851 1 55 0
587 8 903 0 -6 -12851 1 55 0
588 8 742 0 -24 -12851 1 55 0
589 8 609 0 24 -12851 1 55 0
590 8 742 0 -12 -12851 0 55 0
591 8 609 0 -18 -12851 1 55 0
592 8 1100 0 6 -12851 1 55 0
593 8 609 0 0 -12851 1 55 0
594 8 1100 0 12 -12851 1 55 0
595 8 500 0 12 -12851 1 55 0
596 8 1100 0 6 -12851 1 55 0
597 8 500 0 -24 -12851 1 55 0
598 8 500 0 -12 -12851 1 55 0
599 8 903 0 -12 -12851 1 55 0
600 8 903 0 0 -12851 1 55 0
601 8 1100 0 0 -12851 1 55 0
602 8 1100 0 12 -12851 1 55 0
603 8 903 0 -6 -12851 1 55 0
604 8 500 0 -6 -12851 1 55 0
605 8 609 0 18 -12851 1 55 0
606 8 500 0 24 -12851 0 55 0
607 8 742 0 -24 -12851 0 55 0
608 8 742 0 6 -12851 0 55 0
609 8 609 0 24 -12851 0 55 0
610 8 742 0 -18 -12851 0 55 0
611 8 609 0 18 -12851 1 55 0
612 8 1100 0 -18 -12851 1 55 0
613 8 500 0 -18 -12851 1 55 0
614 8 1100 0 -18 -12851 1 55 0
615 8 903 0 -12 -12851 0 55 0
616 8 903 0 24 -12851 1 55 0
617 8 903 0 -12 -12851 0 55 0
618 8 903 0 -6 -12851 1 55 0
619 8 500 0 18 -12851 1 55 0
620 8 903 0 -6 -12851 1 55 0
621 8 903 0 -24 -12851 1 55 0
622 8 1100 0 18 -12851 1 55 0
623 8 609 0 6 -12851 1 55 0
624 8 609 0 0 -12851 1 55 0
625 8 742 0 0 -12851 1 55 0
626 8 742 0 -24 -12851 1 55 0
627 8 609 0 6 -12851 1 55 0
628 8 500 0 -18 -12851 1 55 0
629 8 742 0 12 -12851 0 55 0
630 8 1100 0 24 -12851 1 55 0
631 8 500 0 12 -12851 1 55 0
632 8 1100 0 0 -12851 1 55 0
633 8 742 0 0 -12851 1 55 0
634 8 742 0 -12 -12851 1 55 0
635 8 903 0 -12 -12851 1 55 0
636 8 500 0 -18 -12851 1 55 0
637 8 742 0 24 -12851 1 55 0
638 8 903 0 0 -12851 1 55 0
639 8 903 0 -18 -12851 1 55 0
640 8 742 0 24 -12851 1 55 0
641 8 500 0 18 -12851 1 55 0
642 8 1100 0 -24 -12851 1 55 0
643 8 500 0 -24 -12851 1 55 0
644 8 609 0 18 -12851 1 55 0
645 8 1100 0 -6 -12851 1 55 0
646 8 609 0 -6 -12851 1 55 0
647 8 609 0 12 -12851 1 55 0
648 8 1100 0 12 -12851 1 55 0
649 8 742 0 6 -12851 1 55 0
650 8 742 0 6 -12851 1 55 0
651 8 500 0 18 -12851 1 55 0
652 8 742 0 18 -12851 1 55 0
653 8 742 0 24 -12851 1 55 0
654 8 1100 0 24 -12851 1 55 0
655 8 903 0 -18 -12851 1 55 0
656 8 500 0 -18 -12851 1 55 0
657 8 609 0 12 -12851 1 55 0
658 8 609 0 0 -12851 1 55 0
659 8 1100 0 6 -12851 1 55 0
660 8 1100 0 12 -12851 1 55 0
661 8 609 0 18 -12851 1 55 0
662 8 500 0 0 -12851 1 55 0
663 8 903 0 -12 -12851 1 55 0
664 8 903 0 -24 -12851 1 55 0
665 8 1100 0 -6 -12851 1 55 0
666 8 1100 0 -12 -12851 1 55 0
667 8 500 0 -6 -12851 1 55 0
668 8 903 0 -24 -12851 1 55 0
669 8 742 0 6 -12851 1 55 0
670 8 609 0 -6 -12851 1 55 0
671 8 609 0 -6 -12851 1 55 0
672 8 500 0 24 -12851 1 55 0
673 8 903 0 18 -12851 1 55 0
674 8 500 0 -24 -12851 1 55 0
675 8 1100 0 -12 -12851 1 55 0
676 8 903 0 -18 -12851 0 55 0
677 8 1100 0 -12 -12851 0 55 0
678 8 609 0 -6 -12851 1 55 0
679 8 742 0 12 -12851 1 55 0
680 8 742 0 24 -12851 1 55 0
681 8 1100 0 -18 -12851 1 55 0
682 8 1100 0 -24 -12851 1 55 0
683 8 609 0 0 -12851 0 55 0
684 8 903 0 0 -12851 1 55 0
685 8 742 0 6 -12851 0 55 0
686 8 1100 0 18 -12851 1 55 0
687 8 742 0 6 -12851 1 55 0
688 8 609 0 12 -12851 1 55 0
689 8 742 0 6 -12851 1 55 0
690 8 609 0 6 -12851 1 55 0
691 8 1100 0 -12 -12851 1 55 0
692 8 903 0 0 -12851 1 55 0
693 8 500 0 12 -12851 1 55 0
694 8 500 0 -24 -12851 1 55 0
695 8 903 0 -12 -12851 0 55 0
696 8 500 0 18 -12851 0 55 0
697 8 609 0 0 -12851 1 55 0
698 8 609 0 -24 -12851 1 55 0
699 8 500 0 18 -12851 1 55 0
700 8 1100 0 12 -12851 1 55 0
701 8 903 0 6 -12851 0 55 0
702 8 1100 0 24 -12851 1 55 0
703 8 903 0 -18 -12851 1 55 0
704 8 609 0 -18 -12851 1 55 0
705 8 903 0 -6 -12851 1 55 0
706 8 742 0 -6 -12851 1 55 0
707 8 500 0 24 -12851 1 55 0
708 8 500 0 -24 -12851 0 55 0
709 8 742 0 -24 -12851 1 55 0
710 8 609 0 -12 -12851 0 55 0
711 8 1100 0 -24 -12851 1 55 0
712 8 742 0 -12 -12851 1 55 0
713 8 1100 0 12 -12851 1 55 0
714 8 1100 0 12 -12851 1 55 0
715 8 1100 0 -6 -12851 1 55 0
716 8 903 0 18 -12851 1 55 0
717 8 903 0 24 -12851 1 55 0
718 8 1100 0 24 -12851 1 55 0
719 8 903 0 18 -12851 1 55 0
720 8 609 0 0 -12851 1 55 0
721 8 609 0 -6 -12851 1 55 0
722 8 500 0 0 -12851 1 55 0
723 8 609 0 6 -12851 1 55 0
724 8 742 0 -18 -12851 1 55 0
725 8 742 0 6 -12851 1 55 0
726 8 500 0 -18 -12851 1 55 0
727 8 500 0 12 -12851 1 55 0
728 8 742 0 12 -12851 0 55 0
729 8 609 0 -12 -12851 0 55 0
730 8 609 0 6 -12851 1 55 0
731 8 903 0 0 -12851 1 55 0
732 8 609 0 18 -12851 1 55 0
733 8 609 0 -12 -12851 1 55 0
734 8 1100 0 -24 -12851 1 55 0
735 8 500 0 24 -12851 0 55 0
736 8 1100 0 -18 -12851 1 55 0
737 8 500 0 18 -12851 1 55 0
738 8 742 0 12 -12851 1 55 0
739 8 742 0 -24 -12851 1 55 0
740 8 903 0 6 -12851 1 55 0
741 8 903 0 -6 -12851 1 55 0
742 8 500 0 0 -12851 1 55 0
743 8 742 0 -18 -12851 1 55 0
744 8 1100 0 24 -12851 1 55 0
745 8 742 0 -6 -12851 1 55 0
746 8 742 0 0 -12851 1 55 0
747 8 500 0 0 -12851 1 55 0
748 8 1100 0 -12 -12851 1 55 0
749 8 1100 0 0 -12851 1 55 0
750 8 609 0 12 -12851 1 55 0
751 8 1100 0 18 -12851 1 55 0
752 8 903 0 -6 -12851 1 55 0
753 8 500 0 24 -12851 1 55 0
754 8 500 0 18 -12851 1 55 0
755 8 742 0 -24 -12851 1 55 0
756 8 609 0 -6 -12851 1 55 0
757 8 609 0 -12 -12851 0 55 0
758 8 742 0 24 -12851 1 55 0
759 8 903 0 6 -12851 1 55 0
760 8 903 0 6 -12851 1 55 0
761 8 609 0 -24 -12851 1 55 0
762 8 609 0 -18 -12851 1 55 0
763 8 903 0 12 -12851 1 55 0
764 8 742 0 -18 -12851 1 55 0
765 8 742 0 6 -12851 1 55 0
766 8 609 0 6 -12851 1 55 0
767 8 609 0 -24 -12851 1 55 0
768 8 500 0 -12 -12851 1 55 0
769 8 903 0 18 -12851 1 55 0
770 8 742 0 -18 -12851 1 55 0
771 8 500 0 18 -12851 1 55 0
772 8 903 0 -18 -12851 1 55 0
773 8 1100 0 -24 -12851 1 55 0
774 8 1100 0 24 -12851 1 55 0
775 8 500 0 -12 -12851 1 55 0
776 8 1100 0 6 -12851 1 55 0
777 8 903 0 0 -12851 1 55 0
778 8 903 0 0 -12851 1 55 0
779 8 500 0 24 -12851 1 55 0
780 8 609 0 12 -12851 1 55 0
781 8 742 0 12 -12851 1 55 0
782 8 609 0 -6 -12851 1 55 0
783 8 609 0 -6 -12851 1 55 0
784 8 1100 0 18 -12851 1 55 0
785 8 1100 0 18 -12851 1 55 0
786 8 500 0 -24 -12851 1 55 0
787 8 500 0 24 -12851 1 55 0
788 8 903 0 24 -12851 1 55 0
789 8 903 0 6 -12851 1 55 0
790 8 742 0 0 -12851 1 55 0
791 8 1100 0 6 -12851 1 55 0
792 8 742 0 -12 -12851 1 55 0
793 8 1100 0 -6 -12851 1 55 0
794 8 1100 0 -6 -12851 1 55 0
795 8 742 0 0 -12851 1 55 0
796 8 1100 0 -18 -12851 0 55 0
797 8 500 0 -12 -12851 1 55 0
798 8 500 0 -24 -12851 1 55 0
799 8 609 0 12 -12851 1 55 0
800 8 903 0 -18 -12851 1 55 0
801 8 609 0 18 -12851 1 55 0
802 8 609 0 12 -12851 1 55 0
803 8 742 0 6 -12851 1 55 0
804 8 1100 0 6 -12851 1 55 0
805 8 500 0 6 -12851 1 55 0
806 8 903 0 -6 -12851 1 55 0
807 8 903 0 -18 -12851 1 55 0
808 8 742 0 -12 -12851 1 55 0
809 8 500 0 18 -12851 1 55 0
810 8 500 0 -24 -12851 1 55 0
811 8 903 0 -24 -12851 1 55 0
812 8 903 0 18 -12851 0 55 0
813 8 742 0 12 -12851 0 55 0
814 8 1100 0 -18 -12851 1 55 0
815 8 1100 0 0 -12851 0 55 0
816 8 1100 0 -12 -12851 1 55 0
817 8 500 0 0 -12851 1 55 0
818 8 742 0 24 -12851 1 55 0
819 8 742 0 12 -12851 1 55 0
820 8 500 0 -6 -12851 1 55 0
821 8 609 0 24 -12851 0 55 0
822 8 609 0 12 -12851 1 55 0
823 8 903 0 12 -12851 1 55 0
824 8 609 0 24 -12851 1 55 0
825 8 1100 0 -24 -12851 1 55 0
826 8 1100 0 -18 -12851 1 55 0
827 8 609 0 6 -12851 1 55 0
828 8 742 0 24 -12851 1 55 0
829 8 903 0 -18 -12851 1 55 0
830 8 903 0 6 -12851 1 55 0
831 8 500 0 0 -12851 1 55 0
832 8 903 0 -12 -12851 0 55 0
833 8 742 0 -12 -12851 1 55 0
834 8 500 0 18 -12851 1 55 0
835 8 1100 0 -24 -12851 1 55 0
836 8 609 0 18 -12851 1 55 0
837 8 742 0 0 -12851 1 55 0
838 8 1100 0 12 -12851 1 55 0
839 8 609 0 -6 -12851 1 55 0
840 8 500 0 -6 -12851 1 55 0
841 8 903 0 18 -12851 1 55 0
842 8 903 0 18 -12851 1 55 0
843 8 500 0 6 -12851 1 55 0
844 8 609 0 0 -12851 1 55 0
845 8 742 0 18 -12851 1 55 0
846 8 609 0 12 -12851 1 55 0
847 8 609 0 24 -12851 0 55 0
848 8 1100 0 0 -12851 1 55 0
849 8 1100 0 -24 -12851 1 55 0
850 8 500 0 -24 -12851 1 55 0
851 8 500 0 6 -12851 1 55 0
852 8 903 0 -12 -12851 1 55 0
853 8 903 0 -18 -12851 1 55 0
854 8 742 0 -18 -12851 1 55 0
855 8 1100 0 -6 -12851 1 55 0
856 8 742 0 12 -12851 1 55 0
857 8 609 0 -12 -12851 0 55 0
858 8 609 0 24 -12851 1 55 0
859 8 903 0 -6 -12851 1 55 0
860 8 609 0 -24 -12851 1 55 0
861 8 609 0 -24 -12851 0 55 0
862 8 1100 0 -12 -12851 1 55 0
863 8 500 0 -24 -12851 1 55 0
864 8 1100 0 -12 -12851 1 55 0
865 8 500 0 12 -12851 1 55 0
866 8 742 0 12 -12851 1 55 0
867 8 742 0 -6 -12851 1 55 0
868 8 903 0 18 -12851 1 55 0
869 8 903 0 24 -12851 1 55 0
870 8 500 0 24 -12851 1 55 0
871 8 742 0 18 -12851 1 55 0
872 8 1100 0 0 -12851 1 55 0
873 8 903 0 -6 -12851 1 55 0
874 8 903 0 0 -12851 0 55 0
875 8 742 0 6 -12851 1 55 0
876 8 609 0 -18 -12851 1 55 0
877 8 903 0 6 -12851 1 55 0
878 8 903 0 -18 -12851 1 55 0
879 8 742 0 -18 -12851 1 55 0
880 8 500 0 -18 -12851 1 55 0
881 8 500 0 -12 -12851 1 55 0
882 8 500 0 -6 -12851 1 55 0
883 8 742 0 24 -12851 0 55 0
884 8 1100 0 -24 -12851 0 55 0
885 8 609 0 -6 -12851 1 55 0
886 8 609 0 -24 -12851 1 55 0
887 8 1100 0 24 -12851 1 55 0
888 8 1100 0 18 -12851 1 55 0
889 8 500 0 0 -12851 0 55 0
890 8 500 0 -12 -12851 0 55 0
891 8 742 0 0 -12851 1 55 0
892 8 500 0 12 -12851 1 55 0
893 8 742 0 6 -12851 1 55 0
894 8 1100 0 18 -12851 1 55 0
895 8 1100 0 12 -12851 1 55 0
896 8 903 0 -18 -12851 1 55 0
897 8 742 0 6 -12851 1 55 0
898 8 500 0 -24 -12851 0 55 0
899 8 903 0 -24 -12851 1 55 0
900 8 1100 0 12 -12851 1 55 0
901 8 903 0 18 -12851 1 55 0
902 8 609 0 24 -12851 0 55 0
903 8 609 0 12 -12851 1 55 0
904 8 609 0 -12 -12851 1 55 0
905 8 500 0 -24 -12851 1 55 0
906 8 500 0 18 -12851 1 55 0
907 8 609 0 24 -12851 1 55 0
908 8 903 0 0 -12851 1 55 0
909 8 742 0 6 -12851 1 55 0
910 8 903 0 6 -12851 0 55 0
911 8 742 0 -18 -12851 1 55 0
912 8 1100 0 -18 -12851 1 55 0
913 8 903 0 0 -12851 1 55 0
914 8 742 0 -12 -12851 1 55 0
915 8 609 0 -6 -12851 1 55 0
916 8 609 0 -6 -12851 1 55 0
917 8 500 0 24 -12851 1 55 0
918 8 1100 0 24 -12851 0 55 0
919 8 1100 0 6 -12851 1 55 0
920 8 500 0 -12 -12851 1 55 0
921 8 609 0 -18 -12851 1 55 0
922 8 609 0 6 -12851 1 55 0
923 8 903 0 -18 -12851 1 55 0
924 8 609 0 -12 -12851 0 55 0
925 8 903 0 24 -12851 1 55 0
926 8 609 0 -6 -12851 1 55 0
927 8 1100 0 12 -12851 0 55 0
928 8 742 0 0 -12851 1 55 0
929 8 903 0 0 -12851 1 55 0
930 8 500 0 18 -12851 1 55 0
931 8 500 0 -24 -12851 0 55 0
932 8 1100 0 -24 -12851 0 55 0
933 8 742 0 -6 -12851 1 55 0
934 8 1100 0 12 -12851 1 55 0
935 8 742 0 18 -12851 1 55 0
936 8 500 0 12 -12851 1 55 0
937 8 742 0 12 -12851 0 55 0
938 8 742 0 -24 -12851 1 55 0
939 8 500 0 -6 -12851 1 55 0
940 8 742 0 -18 -12851 1 55 0
941 8 742 0 0 -12851 1 55 0
942 8 1100 0 6 -12851 1 55 0
943 8 903 0 -12 -12851 1 55 0
944 8 500 0 24 -12851 0 55 0
945 8 609 0 -24 -12851 0 55 0
946 8 609 0 18 -12851 1 55 0
947 8 1100 0 -6 -12851 1 55 0
948 8 1100 0 24 -12851 1 55 0
949 8 609 0 0 -12851 1 55 0
950 8 500 0 -18 -12851 1 55 0
951 8 903 0 -12 -12851 1 55 0
952 8 903 0 12 -12851 0 55 0
953 8 1100 0 18 -12851 0 55 0
954 8 1100 0 6 -12851 1 55 0
955 8 903 0 -18 -12851 1 55 0
956 8 500 0 -18 -12851 1 55 0
957 8 500 0 12 -12851 1 55 0
958 8 903 0 12 -12851 1 55 0
959 8 742 0 -18 -12851 1 55 0
960 8 742 0 24 -12851 0 55 0
961 8 742 0 0 -12851 1 55 0
962 8 500 0 18 -12851 1 55 0
963 8 1100 0 18 -12851 1 55 0
964 8 903 0 -12 -12851 0 55 0
965 8 1100 0 -6 -12851 1 55 0
966 8 609 0 -24 -12851 1 55 0
967 8 609 0 24 -12851 0 55 0
968 8 609 0 0 -12851 1 55 0
969 8 903 0 -24 -12851 1 55 0
970 8 903 0 -12 -12851 1 55 0
971 8 742 0 6 -12851 0 55 0
972 8 500 0 -6 -12851 1 55 0
973 8 1100 0 6 -12851 1 55 0
974 8 609 0 -24 -12851 1 55 0
975 8 903 0 -24 -12851 1 55 0
976 8 742 0 6 -12851 0 55 0
977 8 903 0 24 -12851 1 55 0
978 8 742 0 -12 -12851 1 55 0
979 8 1100 0 18 -12851 1 55 0
980 8 609 0 18 -12851 1 55 0
981 8 1100 0 -6 -12851 0 55 0
982 8 500 0 24 -12851 0 55 0
983 8 500 0 12 -12851 1 55 0
984 8 609 0 -12 -12851 1 55 0
985 8 1100 0 -6 -12851 1 55 0
986 8 1100 0 -24 -12851 1 55 0
987 8 609 0 -18 -12851 1 55 0
988 8 742 0 -18 -12851 1 55 0
989 8 1100 0 12 -12851 1 55 0
990 8 903 0 6 -12851 1 55 0
991 8 1100 0 0 -12851 1 55 0
992 8 609 0 0 -12851 1 55 0
993 8 609 0 24 -12851 0 55 0
994 8 903 0 24 -12851 1 55 0
995 8 742 0 -6 -12851 1 55 0
996 8 903 0 6 -12851 1 55 0
997 8 500 0 0 -12851 1 55 0
998 8 500 0 -24 -12851 0 55 0
999 8 500 0 -6 -12851 1 55 0
1000 8 742 0 18 -12851 1 55 0
1001 8 609 0 -18 -12851 1 55 0
1002 8 609 0 -12 -12851 0 55 0
1003 8 609 0 12 -12851 1 55 0
1004 8 500 0 -12 -12851 1 55 0
1005 8 742 0 6 -12851 1 55 0
1006 8 742 0 0 -12851 1 55 0
1007 8 500 0 18 -12851 1 55 0
1008 8 742 0 -24 -12851 0 55 0
1009 8 609 0 24 -12851 1 55 0
1010 8 903 0 -18 -12851 1 55 0
1011 8 500 0 12 -12851 1 55 0
1012 8 1100 0 24 -12851 1 55 0
1013 8 1100 0 24 -12851 1 55 0
1014 8 903 0 6 -12851 1 55 0
1015 8 903 0 -12 -12851 1 55 0
1016 8 1100 0 24 -12851 1 55 0
1017 8 742 0 -6 -12851 1 55 0
1018 8 742 0 -24 -12851 1 55 0
1019 8 500 0 0 -12851 1 55 0
1020 8 1100 0 12 -12851 1 55 0
1021 8 1100 0 -24 -12851 1 55 0
1022 8 609 0 -6 -12851 0 55 0
1023 8 1100 0 18 -12851 1 55 0
1024 8 903 0 6 -12851 1 55 0
1025 8 500 0 0 -12851 0 55 0
1026 8 500 0 -12 -12851 1 55 0
1027 8 742 0 18 -12851 0 55 0
1028 8 609 0 12 -12851 1 55 0
1029 8 609 0 -18 -12851 1 55 0
1030 8 742 0 -18 -12851 1 55 0
1031 8 903 0 0 -12851 1 55 0
1032 8 903 0 0 -12851 1 55 0
1033 8 742 0 12 -12851 1 55 0
1034 8 742 0 18 -12851 1 55 0
1035 8 500 0 -18 -12851 0 55 0
1036 8 1100 0 12 -12851 1 55 0
1037 8 1100 0 -12 -12851 1 55 0
1038 8 609 0 0 -12851 0 55 0
1039 8 1100 0 -6 -12851 1 55 0
1040 8 903 0 24 -12851 0 55 0
1041 8 500 0 -6 -12851 1 55 0
1042 8 500 0 18 -12851 1 55 0
1043 8 742 0 -12 -12851 1 55 0
1044 8 609 0 -18 -12851 1 55 0
1045 8 609 0 6 -12851 1 55 0
1046 8 742 0 6 -12851 1 55 0
1047 8 903 0 -24 -12851 1 55 0
1048 8 903 0 24 -12851 1 55 0
1049 8 903 0 -24 -12851 1 55 0
1050 8 903 0 -24 -12851 1 55 0
1051 8 903 0 -24 -12851 1 55 0
1052 8 742 0 -24 -12851 1 55 0
1053 8 742 0 0 -12851 1 55 0
1054 8 903 0 18 -12851 1 55 0
1055 8 1100 0 12 -12851 1 55 0
1056 8 500 0 0 -12851 1 55 0
1057 8 742 0 24 -12851 1 55 0
1058 8 1100 0 -12 -12851 1 55 0
1059 8 1100 0 -12 -12851 1 55 0
