258 12 903 742 6 -24 0 55 51
259 12 500 742 6 -24 1 55 51
260 12 742 500 -6 24 1 51 51
261 8 1100 0 6 -12851 1 60 0
262 8 742 0 -24 -12851 1 55 0
263 8 609 0 24 -12851 1 55 0
264 12 500 742 -6 24 1 51 51
265 8 742 0 -24 -12851 1 55 0
266 12 903 742 -6 24 0 55 51
267 8 903 0 -24 -12851 1 60 0
268 12 609 742 6 -24 0 55 55
269 12 742 903 -6 24 1 51 51
270 8 903 0 -6 -12851 0 55 0
271 8 500 0 -6 -12851 1 60 0
272 12 742 500 -6 24 1 51 51
273 12 903 742 6 -24 1 51 51
274 12 609 742 6 -24 1 55 51
275 8 500 0 24 -12851 0 60 0
276 8 500 0 24 -12851 0 55 0
277 8 903 0 -6 -12851 1 60 0
278 8 903 0 -24 -12851 0 60 0
279 8 742 0 6 -12851 1 60 0
280 12 742 500 -6 24 1 51 51
281 12 1100 742 6 -24 0 55 51
282 8 1100 0 24 -12851 1 60 0
283 12 609 742 -6 24 1 51 51
284 8 1100 0 24 -12851 1 55 0
285 12 609 742 -6 24 0 55 51
286 12 903 742 6 -24 1 55 55
287 12 903 742 6 -24 1 55 51
288 8 742 0 6 -12851 1 60 0
289 12 500 742 -6 24 1 51 51
290 8 1100 0 -24 -12851 1 60 0
291 8 903 0 -6 -12851 0 55 0
292 12 609 742 6 -24 1 51 51
293 12 742 500 6 -24 1 51 51
294 8 903 0 6 -12851 1 60 0
295 12 742 609 6 -24 1 51 51
296 12 742 609 6 -24 1 51 55
297 12 742 903 -6 24 0 51 51
298 8 742 0 -6 -12851 1 55 0
299 8 609 0 -24 -12851 0 55 0
300 8 609 0 24 -12851 1 60 0
301 12 903 742 -6 24 0 51 55
302 8 609 0 -24 -12851 0 55 0
303 8 500 0 6 -12851 1 60 0
304 12 742 1100 -6 24 1 55 55
305 12 903 742 6 -24 1 55 55
306 8 500 0 -24 -12851 1 60 0
307 8 500 0 -6 -12851 0 60 0
308 8 903 0 -6 -12851 0 55 0
309 12 742 609 6 -24 1 55 51
310 12 742 500 6 -24 1 51 51
311 8 903 0 -24 -12851 1 60 0
312 8 500 0 24 -12851 1 55 0
313 8 903 0 6 -12851 1 60 0
314 8 903 0 24 -12851 1 55 0
315 12 1100 742 -6 24 0 55 51
316 8 609 0 24 -12851 0 60 0
317 8 742 0 -24 -12851 0 60 0
318 8 500 0 -6 -12851 1 55 0
319 8 742 0 6 -12851 1 60 0
320 8 609 0 6 -12851 1 60 0
321 12 609 742 -6 24 1 51 55
322 8 609 0 -6 -12851 0 55 0
323 8 1100 0 -24 -12851 0 55 0
324 12 742 500 6 -24 1 51 51
325 12 742 609 -6 24 1 55 55
326 8 742 0 6 -12851 0 60 0
327 8 1100 0 24 -12851 0 60 0
328 8 1100 0 -24 -12851 1 60 0
329 12 742 1100 6 -24 1 55 55
330 8 500 0 24 -12851 1 55 0
331 12 500 742 6 -24 1 55 55
332 12 742 903 6 -24 1 55 55
333 12 742 903 -6 24 1 51 55
334 12 1100 742 -6 24 1 51 55
335 12 500 742 -6 24 1 51 55
336 8 609 0 24 -12851 1 60 0
337 12 742 903 6 -24 1 55 51
338 8 609 0 6 -12851 0 55 0
339 12 1100 742 6 -24 1 51 51
340 8 500 0 -24 -12851 0 55 0
341 12 742 1100 -6 24 0 55 55
342 12 742 1100 -6 24 0 55 55
343 8 742 0 6 -12851 1 60 0
344 8 1100 0 24 -12851 1 60 0
345 12 742 903 6 -24 0 55 51
346 8 609 0 6 -12851 1 60 0
347 8 903 0 -6 -12851 0 60 0
348 8 1100 0 -6 -12851 0 60 0
349 12 742 1100 -6 24 1 51 51
350 12 742 500 -6 24 0 55 55
351 8 742 0 -24 -12851 1 55 0
352 12 609 742 6 -24 1 55 55
353 12 500 742 6 -24 0 51 51
354 8 500 0 24 -12851 0 60 0
355 8 742 0 -24 -12851 0 60 0
356 8 500 0 -24 -12851 1 55 0
357 8 903 0 24 -12851 1 60 0
358 12 903 742 -6 24 1 51 55
359 8 1100 0 -6 -12851 0 60 0
360 8 903 0 24 -12851 1 55 0
361 8 609 0 6 -12851 1 60 0
362 8 609 0 6 -12851 1 55 0
363 8 609 0 24 -12851 1 55 0
364 8 742 0 24 -12851 1 60 0
365 8 742 0 24 -12851 1 60 0
366 8 609 0 6 -12851 1 55 0
367 12 742 609 6 -24 1 51 51
368 8 609 0 -6 -12851 1 55 0
369 8 742 0 -24 -12851 1 55 0
370 12 1100 742 -6 24 0 55 55
371 8 1100 0 24 -12851 0 60 0
372 12 742 1100 -6 24 1 51 51
373 12 742 903 6 -24 0 55 55
374 12 500 742 -6 24 0 55 55
375 12 1100 742 6 -24 0 51 55
376 8 1100 0 -24 -12851 0 55 0
377 12 742 609 6 -24 1 55 55
378 8 1100 0 -24 -12851 1 55 0
379 8 500 0 6 -12851 1 60 0
380 8 500 0 -24 -12851 1 55 0
381 12 500 742 6 -24 1 51 51
382 8 500 0 24 -12851 1 60 0
383 12 609 742 6 -24 1 51 55
384 12 609 742 6 -24 1 51 51
385 8 903 0 24 -12851 1 60 0
386 8 903 0 6 -12851 0 55 0
387 12 742 609 -6 24 1 55 51
388 8 903 0 -24 -12851 1 60 0
389 8 500 0 -6 -12851 1 55 0
390 8 500 0 24 -12851 1 55 0
391 12 1100 742 -6 24 1 55 55
392 8 903 0 24 -12851 0 55 0
393 12 742 609 -6 24 0 55 51
394 12 742 500 -6 24 0 51 51
395 8 500 0 -24 -12851 1 60 0
396 8 500 0 -6 -12851 0 55 0
397 12 1100 742 -6 24 0 55 55
398 8 903 0 6 -12851 1 55 0
399 8 609 0 24 -12851 0 60 0
400 12 742 1100 6 -24 1 55 55
401 8 903 0 6 -12851 1 60 0
402 8 609 0 -24 -12851 1 60 0
403 8 742 0 -24 -12851 1 60 0
404 8 609 0 24 -12851 1 60 0
405 12 742 500 -6 24 1 55 55
406 8 1100 0 -6 -12851 1 55 0
407 12 1100 742 6 -24 1 55 51
408 8 742 0 24 -12851 1 60 0
409 12 742 903 6 -24 0 55 55
410 8 742 0 -6 -12851 0 55 0
411 8 1100 0 -24 -12851 1 55 0
412 12 742 903 6 -24 0 55 55
413 8 1100 0 24 -12851 1 60 0
414 8 500 0 24 -12851 1 55 0
415 12 903 742 -6 24 0 55 51
416 8 500 0 -24 -12851 0 60 0
417 12 742 609 6 -24 1 51 51
418 12 742 500 -6 24 0 51 51
419 12 742 500 6 -24 1 55 55
420 8 500 0 24 -12851 1 55 0
421 8 500 0 6 -12851 1 55 0
422 8 742 0 24 -12851 0 55 0
423 12 609 742 6 -24 1 51 55
424 8 742 0 6 -12851 0 60 0
425 8 1100 0 -24 -12851 1 60 0
426 8 903 0 24 -12851 1 60 0
427 12 903 742 6 -24 0 51 51
428 8 742 0 6 -12851 1 60 0
429 8 609 0 24 -12851 1 60 0
430 12 1100 742 -6 24 0 51 55
431 12 742 609 6 -24 1 51 55
432 12 742 903 6 -24 1 51 51
433 8 1100 0 24 -12851 1 55 0
434 8 903 0 -24 -12851 1 55 0
435 8 1100 0 6 -12851 1 60 0
436 8 609 0 -24 -12851 1 55 0
437 8 609 0 -24 -12851 1 60 0
438 12 742 1100 6 -24 1 51 51
439 8 903 0 -6 -12851 0 60 0
440 8 500 0 24 -12851 1 55 0
441 8 500 0 -6 -12851 0 55 0
442 12 903 742 6 -24 1 55 55
443 12 742 500 -6 24 0 51 51
444 12 742 1100 6 -24 0 51 51
445 12 1100 742 6 -24 1 51 55
446 12 742 609 6 -24 0 51 55
447 8 500 0 24 -12851 1 60 0
448 8 742 0 -24 -12851 1 60 0
449 12 742 500 -6 24 1 55 51
450 12 742 609 -6 24 0 55 51
451 8 500 0 -6 -12851 0 60 0
452 8 609 0 -6 -12851 0 55 0
453 8 1100 0 24 -12851 1 60 0
454 8 609 0 -24 -12851 1 55 0
455 8 742 0 -24 -12851 1 60 0
456 12 742 500 -6 24 0 55 51
457 8 609 0 -24 -12851 1 60 0
458 8 742 0 -6 -12851 0 60 0
459 8 903 0 6 -12851 0 55 0
460 8 903 0 24 -12851 0 55 0
461 12 742 500 6 -24 1 51 51
462 8 1100 0 -24 -12851 1 55 0
463 12 903 742 -6 24 1 51 51
464 8 1100 0 -24 -12851 1 55 0
465 8 903 0 24 -12851 0 55 0
466 8 742 0 -6 -12851 0 60 0
467 12 903 742 -6 24 0 55 55
468 12 742 609 6 -24 1 51 55
469 12 903 742 -6 24 0 55 51
470 12 742 609 6 -24 0 51 51
471 12 609 742 6 -24 1 55 51
472 8 742 0 -6 -12851 1 60 0
473 8 500 0 24 -12851 1 55 0
474 8 609 0 -6 -12851 0 55 0
475 8 1100 0 24 -12851 1 60 0
476 12 903 742 -6 24 1 55 55
477 12 500 742 6 -24 1 55 55
478 8 742 0 -6 -12851 1 55 0
479 8 1100 0 24 -12851 1 60 0
480 12 742 1100 6 -24 1 55 55
481 8 742 0 -24 -12851 1 55 0
482 8 903 0 -24 -12851 1 60 0
483 8 500 0 6 -12851 0 55 0
484 12 500 742 6 -24 1 51 51
485 8 903 0 6 -12851 1 55 0
486 12 742 609 -6 24 0 51 51
487 8 1100 0 24 -12851 0 55 0
488 8 500 0 -6 -12851 0 55 0
489 8 903 0 -24 -12851 1 55 0
490 12 742 609 6 -24 1 55 55
491 8 609 0 6 -12851 1 60 0
492 8 609 0 -6 -12851 0 55 0
493 8 903 0 -6 -12851 0 60 0
494 8 903 0 24 -12851 1 60 0
495 8 903 0 6 -12851 1 55 0
496 8 500 0 -24 -12851 0 60 0
497 8 1100 0 6 -12851 1 55 0
498 8 1100 0 6 -12851 0 55 0
499 12 742 609 6 -24 0 55 55
500 12 742 500 -6 24 1 55 55
501 8 903 0 -24 -12851 1 60 0
502 8 1100 0 6 -12851 1 60 0
503 8 742 0 6 -12851 0 60 0
504 8 500 0 6 -12851 1 55 0
505 8 500 0 -24 -12851 1 55 0
506 8 609 0 -6 -12851 1 60 0
507 8 609 0 24 -12851 0 60 0
508 12 742 500 -6 24 0 51 51
509 8 609 0 -6 -12851 0 55 0
510 8 742 0 -6 -12851 0 55 0
511 8 742 0 24 -12851 1 60 0
512 8 609 0 6 -12851 0 55 0
513 8 609 0 -24 -12851 1 55 0
514 8 609 0 -24 -12851 0 55 0
515 8 903 0 -6 -12851 1 60 0
516 8 609 0 6 -12851 1 55 0
517 8 742 0 -6 -12851 0 60 0
518 8 500 0 24 -12851 1 60 0
519 12 903 742 -6 24 0 51 55
520 8 742 0 -6 -12851 0 55 0
521 8 742 0 -6 -12851 0 60 0
522 8 1100 0 6 -12851 0 60 0
523 8 500 0 -6 -12851 0 60 0
524 8 500 0 24 -12851 0 60 0
525 12 500 742 6 -24 1 51 55
526 12 742 1100 -6 24 0 55 55
527 12 500 742 -6 24 0 51 51
528 12 1100 742 -6 24 1 51 55
529 12 742 903 6 -24 1 51 51
530 12 500 742 -6 24 0 55 55
531 8 903 0 -24 -12851 1 55 0
532 12 742 903 -6 24 1 51 51
533 12 609 742 6 -24 0 51 51
534 8 1100 0 -24 -12851 0 55 0
535 8 1100 0 24 -12851 0 55 0
536 8 903 0 6 -12851 1 60 0
537 8 609 0 24 -12851 1 60 0
538 12 500 742 -6 24 0 51 51
539 12 742 1100 -6 24 0 55 55
540 12 742 1100 -6 24 0 55 51
541 8 609 0 24 -12851 0 55 0
542 8 1100 0 -24 -12851 1 60 0
543 8 1100 0 24 -12851 1 60 0
544 12 742 903 6 -24 1 51 51
545 8 903 0 24 -12851 1 60 0
546 8 742 0 -24 -12851 1 60 0
547 8 609 0 -6 -12851 1 55 0
548 12 742 609 -6 24 0 51 55
549 8 742 0 6 -12851 1 55 0
550 8 609 0 6 -12851 1 55 0
551 12 1100 742 -6 24 0 51 55
552 12 742 903 6 -24 0 55 55
553 8 903 0 -24 -12851 1 55 0
554 8 742 0 24 -12851 0 60 0
555 12 742 609 6 -24 1 55 51
556 8 500 0 24 -12851 1 60 0
557 8 1100 0 -24 -12851 1 60 0
558 8 500 0 6 -12851 0 60 0
559 12 1100 742 -6 24 1 55 51
560 8 903 0 6 -12851 1 60 0
561 8 500 0 -24 -12851 0 60 0
562 8 903 0 -24 -12851 1 55 0
563 8 903 0 6 -12851 1 55 0
564 8 742 0 -6 -12851 1 55 0
565 8 1100 0 24 -12851 1 55 0
566 8 1100 0 -6 -12851 1 60 0
567 8 742 0 6 -12851 1 60 0
568 8 1100 0 6 -12851 1 60 0
569 12 903 742 6 -24 1 55 51
570 8 903 0 24 -12851 1 60 0
571 8 903 0 -6 -12851 1 55 0
572 8 742 0 -6 -12851 0 55 0
573 8 609 0 6 -12851 0 55 0
574 8 609 0 24 -12851 1 60 0
575 8 609 0 -24 -12851 1 55 0
576 8 500 0 24 -12851 1 60 0
577 8 500 0 -6 -12851 1 60 0
578 12 903 742 6 -24 1 55 55
579 12 742 903 6 -24 1 51 51
580 8 500 0 6 -12851 1 60 0
581 12 742 500 6 -24 1 55 55
582 12 742 609 6 -24 1 51 55
583 12 1100 742 6 -24 1 55 51
584 8 742 0 24 -12851 1 55 0
585 12 742 500 -6 24 1 55 51
586 12 500 742 -6 24 1 51 51
587 8 742 0 6 -12851 1 55 0
588 12 500 742 -6 24 1 51 51
589 12 903 742 6 -24 0 51 55
590 8 1100 0 -24 -12851 1 60 0
591 8 609 0 24 -12851 1 55 0
592 12 742 1100 6 -24 1 55 55
593 8 1100 0 -24 -12851 0 55 0
594 8 609 0 24 -12851 1 60 0
595 12 609 742 6 -24 0 55 51
596 8 903 0 24 -12851 1 55 0
597 12 742 609 6 -24 0 51 51
598 12 609 742 6 -24 1 51 55
599 12 742 1100 -6 24 0 51 55
600 12 742 500 6 -24 0 51 51
601 8 742 0 6 -12851 1 60 0
602 12 742 609 6 -24 0 55 55
603 12 1100 742 -6 24 0 51 55
604 8 609 0 6 -12851 1 55 0
605 8 903 0 24 -12851 0 55 0
606 12 1100 742 -6 24 0 51 51
607 12 903 742 6 -24 1 51 55
608 12 742 903 -6 24 0 51 51
609 12 1100 742 6 -24 1 55 51
610 12 609 742 6 -24 1 51 55
611 8 500 0 24 -12851 1 60 0
612 12 742 609 -6 24 0 55 51
613 8 742 0 6 -12851 0 60 0
614 8 903 0 -24 -12851 0 60 0
615 8 500 0 -6 -12851 1 55 0
616 12 742 1100 6 -24 0 51 55
617 12 500 742 6 -24 1 55 51
618 8 1100 0 6 -12851 1 60 0
619 8 500 0 6 -12851 1 60 0
620 8 742 0 -24 -12851 0 55 0
621 12 903 742 -6 24 0 51 51
622 12 609 742 -6 24 1 55 55
623 8 742 0 -24 -12851 1 55 0
624 12 609 742 -6 24 1 55 51
625 12 500 742 -6 24 0 51 55
626 8 742 0 24 -12851 1 60 0
627 8 1100 0 -24 -12851 0 60 0
628 8 500 0 -6 -12851 1 55 0
629 8 1100 0 6 -12851 1 60 0
630 12 742 903 6 -24 1 55 51
631 8 1100 0 -24 -12851 0 60 0
632 8 609 0 -6 -12851 0 55 0
633 8 903 0 6 -12851 0 55 0
634 8 903 0 -6 -12851 0 55 0
635 8 609 0 24 -12851 0 60 0
636 12 742 609 6 -24 0 55 55
637 12 742 1100 6 -24 0 51 51
638 8 609 0 6 -12851 1 55 0
639 8 903 0 -6 -12851 0 60 0
640 12 903 742 -6 24 1 55 55
641 8 742 0 -6 -12851 1 60 0
642 12 742 500 6 -24 1 55 55
643 12 1100 742 -6 24 0 51 55
644 8 500 0 24 -12851 1 55 0
645 12 500 742 -6 24 0 55 51
646 8 500 0 -24 -12851 0 55 0
647 8 1100 0 6 -12851 1 60 0
648 12 742 500 6 -24 1 55 55
649 8 1100 0 6 -12851 0 55 0
650 12 742 903 6 -24 1 55 55
651 12 742 609 6 -24 0 51 51
652 8 903 0 6 -12851 0 60 0
653 8 500 0 24 -12851 1 55 0
654 8 1100 0 -6 -12851 0 60 0
655 8 609 0 -6 -12851 0 60 0
656 12 500 742 -6 24 1 51 55
657 8 1100 0 6 -12851 1 55 0
658 12 742 903 -6 24 1 51 55
659 12 742 1100 -6 24 0 51 51
660 12 742 500 -6 24 1 55 51
661 12 742 1100 6 -24 1 55 51
662 8 903 0 -24 -12851 1 60 0
663 12 742 1100 -6 24 0 51 51
664 8 500 0 -24 -12851 1 60 0
665 8 903 0 -6 -12851 1 55 0
666 12 742 500 6 -24 1 51 51
667 8 500 0 -24 -12851 1 60 0
668 8 609 0 24 -12851 1 55 0
669 8 609 0 -24 -12851 1 60 0
670 8 742 0 6 -12851 1 60 0
671 12 742 500 6 -24 0 55 55
672 8 742 0 24 -12851 1 55 0
673 12 609 742 6 -24 0 55 51
674 12 742 903 -6 24 1 51 51
675 12 742 500 -6 24 1 55 55
676 8 742 0 6 -12851 1 60 0
677 12 742 500 -6 24 0 55 55
678 12 609 742 6 -24 1 51 51
679 8 500 0 24 -12851 1 55 0
680 12 742 500 6 -24 0 51 51
681 8 500 0 24 -12851 0 55 0
682 8 903 0 -6 -12851 0 60 0
683 8 1100 0 6 -12851 1 55 0
684 8 742 0 -24 -12851 1 60 0
685 8 903 0 -24 -12851 1 60 0
686 8 1100 0 24 -12851 1 60 0
687 8 1100 0 24 -12851 0 60 0
688 12 742 609 6 -24 1 55 51
689 8 609 0 6 -12851 0 60 0
690 12 500 742 -6 24 1 51 55
691 8 500 0 6 -12851 0 55 0
692 12 742 903 6 -24 1 51 55
693 12 1100 742 6 -24 1 51 51
694 8 903 0 24 -12851 1 55 0
695 8 609 0 -6 -12851 0 55 0
696 8 500 0 6 -12851 1 60 0
697 12 742 1100 6 -24 1 55 55
698 12 1100 742 -6 24 0 51 55
699 12 742 903 6 -24 0 51 55
700 12 742 1100 6 -24 1 51 55
701 12 500 742 6 -24 1 51 51
702 8 742 0 -24 -12851 1 60 0
703 12 903 742 -6 24 0 55 55
704 8 742 0 24 -12851 0 60 0
705 8 609 0 -6 -12851 0 60 0
706 12 742 903 -6 24 1 51 51
707 8 903 0 -24 -12851 1 55 0
708 8 903 0 6 -12851 1 60 0
709 8 742 0 -24 -12851 1 60 0
710 8 742 0 6 -12851 0 60 0
711 8 742 0 24 -12851 1 55 0
712 12 742 500 -6 24 0 55 55
713 8 500 0 -24 -12851 0 55 0
714 8 1100 0 24 -12851 1 55 0
715 8 609 0 6 -12851 1 55 0
716 8 609 0 24 -12851 1 55 0
717 12 500 742 6 -24 0 55 55
718 8 1100 0 -6 -12851 1 55 0
719 8 500 0 -24 -12851 1 55 0
720 8 609 0 -24 -12851 0 60 0
721 8 1100 0 -6 -12851 0 55 0
722 12 742 903 -6 24 1 55 55
723 8 500 0 24 -12851 1 55 0
724 12 1100 742 6 -24 0 51 55
725 8 903 0 24 -12851 1 55 0
726 8 903 0 24 -12851 1 55 0
727 8 609 0 24 -12851 1 55 0
728 12 1100 742 6 -24 1 55 51
729 12 742 609 6 -24 0 55 51
730 8 609 0 6 -12851 1 55 0
731 12 500 742 -6 24 1 55 51
732 12 1100 742 -6 24 0 51 55
733 8 609 0 6 -12851 1 55 0
734 12 742 500 -6 24 0 55 51
735 8 742 0 -6 -12851 0 60 0
736 8 1100 0 6 -12851 0 60 0
737 8 1100 0 6 -12851 1 55 0
738 12 742 609 -6 24 0 55 55
739 8 500 0 24 -12851 1 60 0
740 12 609 742 6 -24 1 51 51
741 8 903 0 -24 -12851 1 60 0
742 8 903 0 6 -12851 1 60 0
743 8 1100 0 24 -12851 0 60 0
744 12 609 742 -6 24 0 51 51
745 8 500 0 6 -12851 1 55 0
746 12 742 500 6 -24 1 55 55
747 8 500 0 -6 -12851 1 55 0
748 8 742 0 -6 -12851 0 55 0
749 8 742 0 24 -12851 1 55 0
750 12 742 609 6 -24 1 51 55
751 12 903 742 6 -24 0 55 55
752 8 609 0 -6 -12851 1 60 0
753 8 903 0 -24 -12851 0 55 0
754 12 742 609 6 -24 0 55 51
755 12 1100 742 -6 24 0 55 55
756 8 742 0 -24 -12851 1 60 0
757 8 742 0 -6 -12851 0 55 0
758 8 1100 0 24 -12851 0 60 0
759 8 609 0 -6 -12851 0 55 0
760 12 609 742 -6 24 0 55 55
761 12 742 500 6 -24 1 55 55
762 8 500 0 24 -12851 1 60 0
763 8 1100 0 6 -12851 1 60 0
764 12 742 609 6 -24 0 55 55
765 12 742 1100 -6 24 0 55 55
766 8 903 0 24 -12851 0 60 0
767 8 742 0 -6 -12851 1 60 0
768 12 742 903 -6 24 0 55 55
769 12 903 742 -6 24 1 51 51
770 12 903 742 6 -24 0 55 51
771 8 903 0 6 -12851 1 60 0
772 8 742 0 -24 -12851 1 60 0
773 8 609 0 -24 -12851 1 55 0
774 12 903 742 6 -24 1 55 55
775 8 609 0 24 -12851 1 60 0
776 8 500 0 -24 -12851 1 55 0
777 8 903 0 6 -12851 1 55 0
778 8 500 0 -24 -12851 1 60 0
779 8 1100 0 -6 -12851 1 60 0
780 8 500 0 6 -12851 1 55 0
781 8 500 0 6 -12851 1 55 0
782 8 609 0 24 -12851 0 60 0
783 12 1100 742 6 -24 0 55 55
784 12 742 609 6 -24 1 55 51
785 8 500 0 -24 -12851 0 60 0
786 8 1100 0 -24 -12851 1 60 0
787 8 742 0 -6 -12851 0 55 0
788 8 742 0 -24 -12851 1 60 0
789 12 742 903 6 -24 0 51 51
790 8 903 0 6 -12851 0 60 0
791 12 742 1100 -6 24 0 51 51
792 12 742 500 -6 24 0 55 51
793 8 500 0 24 -12851 0 55 0
794 8 903 0 -6 -12851 0 60 0
795 8 903 0 -6 -12851 0 60 0
796 12 609 742 6 -24 0 51 55
797 8 1100 0 -24 -12851 0 60 0
798 8 742 0 -24 -12851 0 60 0
799 12 903 742 6 -24 0 55 55
800 8 609 0 24 -12851 0 60 0
801 8 1100 0 -6 -12851 1 55 0
802 8 609 0 24 -12851 1 55 0
803 8 609 0 24 -12851 1 60 0
804 8 609 0 24 -12851 1 55 0
805 8 609 0 -24 -12851 1 55 0
806 8 1100 0 -6 -12851 0 60 0
807 8 1100 0 6 -12851 1 55 0
808 8 903 0 24 -12851 1 55 0
809 8 742 0 -6 -12851 1 55 0
810 8 1100 0 24 -12851 1 60 0
811 8 742 0 24 -12851 1 55 0
812 8 609 0 6 -12851 0 60 0
813 12 1100 742 -6 24 0 55 51
814 8 742 0 -24 -12851 0 55 0
815 12 609 742 6 -24 1 51 51
816 8 903 0 24 -12851 1 60 0
817 8 903 0 -6 -12851 0 60 0
818 8 500 0 -24 -12851 0 55 0
819 8 500 0 24 -12851 0 55 0
820 8 500 0 6 -12851 0 55 0
821 8 903 0 6 -12851 0 60 0
822 12 742 903 6 -24 1 55 51
823 8 903 0 -6 -12851 0 55 0
824 8 1100 0 24 -12851 0 55 0
825 8 1100 0 -24 -12851 1 60 0
826 12 742 903 6 -24 0 55 55
827 8 500 0 24 -12851 1 55 0
828 12 500 742 6 -24 1 51 51
829 8 903 0 -6 -12851 0 55 0
830 8 742 0 24 -12851 1 60 0
831 12 742 903 6 -24 1 51 51
832 8 903 0 -24 -12851 1 55 0
833 12 609 742 6 -24 1 51 51
834 12 742 1100 6 -24 1 51 55
835 8 742 0 24 -12851 1 55 0
836 8 609 0 6 -12851 1 60 0
837 8 742 0 -24 -12851 0 55 0
838 8 500 0 6 -12851 0 55 0
839 12 742 903 6 -24 0 55 55
840 12 609 742 -6 24 1 51 51
841 12 1100 742 -6 24 1 55 55
842 12 742 903 -6 24 1 55 51
843 12 742 609 6 -24 0 51 55
844 8 609 0 24 -12851 0 55 0
845 8 500 0 -24 -12851 0 60 0
846 8 1100 0 6 -12851 0 60 0
847 12 742 903 -6 24 0 51 51
848 12 903 742 -6 24 0 51 51
849 12 742 609 -6 24 0 55 55
850 12 1100 742 6 -24 0 51 55
851 12 742 609 6 -24 1 55 55
852 12 500 742 -6 24 0 51 55
853 8 609 0 6 -12851 1 60 0
854 12 742 903 -6 24 0 51 51
855 8 500 0 24 -12851 1 55 0
856 12 742 500 6 -24 1 55 55
857 8 500 0 -24 -12851 1 60 0
858 12 742 903 6 -24 1 55 55
859 8 742 0 -24 -12851 0 60 0
860 8 742 0 6 -12851 1 60 0
861 12 742 1100 -6 24 0 55 51
862 8 903 0 24 -12851 0 60 0
863 8 742 0 24 -12851 0 60 0
864 8 903 0 -24 -12851 1 55 0
865 8 609 0 24 -12851 0 60 0
866 8 903 0 -24 -12851 1 55 0
867 8 500 0 24 -12851 1 60 0
868 8 609 0 24 -12851 0 60 0
869 8 500 0 6 -12851 0 60 0
870 8 609 0 24 -12851 1 55 0
871 12 742 500 -6 24 0 51 55
872 12 742 609 -6 24 1 51 51
873 8 1100 0 24 -12851 1 60 0
874 8 1100 0 -6 -12851 0 60 0
875 12 1100 742 -6 24 1 51 51
876 8 1100 0 -24 -12851 1 60 0
877 12 742 609 -6 24 0 55 51
878 8 609 0 24 -12851 1 55 0
879 8 609 0 24 -12851 1 60 0
880 12 1100 742 -6 24 0 55 51
881 12 903 742 -6 24 1 55 51
882 12 500 742 6 -24 0 55 55
883 8 609 0 -24 -12851 0 55 0
884 12 742 903 6 -24 1 51 51
885 8 903 0 -24 -12851 1 55 0
886 12 903 742 6 -24 1 51 55
887 8 609 0 -6 -12851 0 55 0
888 8 742 0 24 -12851 0 60 0
889 12 742 500 6 -24 1 51 55
890 12 609 742 -6 24 0 51 55
891 8 500 0 -24 -12851 1 55 0
892 12 903 742 -6 24 0 55 55
893 12 742 500 -6 24 1 55 51
894 8 742 0 -24 -12851 1 60 0
895 12 1100 742 6 -24 0 51 55
896 12 742 500 -6 24 1 55 55
897 8 742 0 6 -12851 0 55 0
898 8 1100 0 -6 -12851 1 55 0
899 12 500 742 -6 24 0 55 51
900 12 609 742 6 -24 1 51 55
901 12 742 1100 -6 24 0 55 55
902 8 500 0 -24 -12851 0 60 0
903 8 500 0 -24 -12851 0 55 0
904 8 903 0 24 -12851 0 60 0
905 8 1100 0 -6 -12851 0 60 0
906 8 1100 0 -6 -12851 0 60 0
907 8 903 0 -24 -12851 1 60 0
908 8 609 0 -24 -12851 1 55 0
909 8 609 0 24 -12851 1 60 0
910 12 500 742 6 -24 1 51 51
911 8 903 0 6 -12851 0 60 0
912 8 742 0 6 -12851 0 60 0
913 12 742 1100 6 -24 1 51 55
914 8 903 0 -24 -12851 0 55 0
915 8 1100 0 -24 -12851 0 60 0
916 8 609 0 6 -12851 0 60 0
917 8 903 0 24 -12851 0 55 0
918 8 1100 0 -6 -12851 0 55 0
919 8 609 0 -24 -12851 0 55 0
920 8 742 0 24 -12851 0 55 0
921 8 1100 0 24 -12851 0 55 0
922 8 500 0 -6 -12851 0 55 0
923 12 742 609 6 -24 0 51 55
924 12 742 903 -6 24 0 51 51
925 8 742 0 6 -12851 0 55 0
926 8 500 0 -6 -12851 1 60 0
927 8 500 0 -24 -12851 1 60 0
928 12 742 1100 -6 24 1 55 51
929 12 609 742 6 -24 0 51 55
930 8 742 0 24 -12851 0 60 0
931 12 903 742 -6 24 0 55 51
932 12 742 903 6 -24 0 55 55
933 8 742 0 24 -12851 0 60 0
934 8 742 0 24 -12851 0 55 0
935 8 609 0 -6 -12851 0 55 0
936 12 742 903 6 -24 0 51 51
937 8 500 0 6 -12851 0 60 0
938 12 609 742 -6 24 0 51 51
939 8 903 0 24 -12851 0 55 0
940 8 1100 0 -24 -12851 0 60 0
941 12 1100 742 6 -24 0 51 51
942 8 609 0 -24 -12851 0 55 0
943 8 500 0 24 -12851 0 60 0
944 12 742 500 -6 24 0 55 55
945 12 742 609 -6 24 0 51 51
946 8 1100 0 24 -12851 0 60 0
947 8 742 0 24 -12851 0 60 0
948 12 742 609 6 -24 0 55 55
949 8 500 0 6 -12851 0 55 0
950 8 609 0 24 -12851 0 60 0
951 8 903 0 -24 -12851 0 55 0
952 8 903 0 -24 -12851 0 55 0
953 12 609 742 -6 24 0 55 55
954 8 1100 0 6 -12851 0 55 0
955 8 609 0 -24 -12851 0 55 0
956 12 1100 742 -6 24 0 55 51
957 8 609 0 -24 -12851 0 60 0
958 8 609 0 6 -12851 0 60 0
959 12 742 1100 -6 24 0 51 55
960 12 742 1100 6 -24 0 55 55
961 8 1100 0 -24 -12851 0 60 0
962 8 1100 0 -24 -12851 0 55 0
963 8 500 0 6 -12851 0 55 0
964 12 742 1100 6 -24 0 55 55
965 8 742 0 -24 -12851 0 55 0
966 8 500 0 -24 -12851 0 55 0
967 8 1100 0 -6 -12851 0 60 0
968 8 903 0 6 -12851 0 55 0
969 8 500 0 24 -12851 0 55 0
970 12 609 742 -6 24 0 55 55
971 8 609 0 -6 -12851 0 55 0
972 12 903 742 6 -24 0 55 55
973 12 500 742 -6 24 0 51 51
974 12 742 609 6 -24 0 55 55
975 8 742 0 6 -12851 0 60 0
976 12 903 742 -6 24 0 55 55
977 8 903 0 -6 -12851 0 55 0
978 8 742 0 -6 -12851 0 60 0
979 8 903 0 -6 -12851 0 55 0
980 12 742 500 6 -24 0 51 55
981 12 903 742 -6 24 0 55 51
982 8 903 0 -24 -12851 0 55 0
983 12 742 609 -6 24 0 51 55
984 8 903 0 -24 -12851 0 55 0
985 8 903 0 -24 -12851 0 55 0
986 12 742 500 6 -24 0 51 51
987 8 903 0 24 -12851 0 55 0
988 8 742 0 6 -12851 0 55 0
989 8 500 0 24 -12851 0 55 0
990 8 609 0 6 -12851 0 60 0
991 8 500 0 -24 -12851 0 55 0
992 8 1100 0 -24 -12851 0 55 0
993 12 742 609 -6 24 0 55 51
994 8 1100 0 24 -12851 0 55 0
995 8 500 0 24 -12851 0 55 0
996 12 609 742 6 -24 0 55 51
997 12 903 742 -6 24 0 55 55
998 12 1100 742 -6 24 0 51 55
999 12 742 903 -6 24 0 55 51
1000 12 742 500 6 -24 0 51 51
1001 12 742 903 6 -24 0 55 51
1002 12 742 1100 6 -24 0 51 51
1003 8 609 0 -24 -12851 0 55 0
1004 8 742 0 6 -12851 0 60 0
1005 8 1100 0 -6 -12851 0 60 0
1006 8 609 0 -6 -12851 0 60 0
1007 8 742 0 -24 -12851 0 55 0
1008 12 742 903 -6 24 0 51 55
1009 8 500 0 -6 -12851 0 60 0
1010 8 500 0 6 -12851 0 60 0
1011 8 500 0 -24 -12851 0 55 0
1012 12 903 742 6 -24 0 55 55
1013 12 1100 742 -6 24 0 55 55
1014 8 500 0 6 -12851 0 60 0
1015 8 609 0 -6 -12851 0 55 0
1016 12 500 742 6 -24 0 55 51
1017 12 742 500 -6 24 0 55 51
1018 12 742 500 -6 24 0 55 55
1019 12 609 742 -6 24 0 51 51
1020 8 1100 0 6 -12851 0 55 0
1021 12 500 742 6 -24 0 51 51
1022 8 903 0 24 -12851 0 55 0
1023 8 742 0 -6 -12851 0 60 0
1024 8 1100 0 24 -12851 0 60 0
1025 12 742 500 -6 24 0 55 55
1026 12 742 903 -6 24 0 55 51
1027 8 903 0 -6 -12851 0 55 0
1028 8 903 0 6 -12851 0 55 0
1029 12 742 609 -6 24 0 55 55
1030 8 1100 0 -6 -12851 0 60 0
1031 8 609 0 24 -12851 0 55 0
1032 8 742 0 -6 -12851 0 55 0
1033 8 609 0 24 -12851 0 55 0
1034 8 742 0 -24 -12851 0 55 0
1035 12 742 500 6 -24 0 55 55
1036 8 500 0 -6 -12851 0 55 0
1037 12 742 609 6 -24 0 55 51
1038 8 500 0 24 -12851 0 55 0
1039 12 903 742 6 -24 0 51 55
1040 8 609 0 24 -12851 0 55 0
1041 12 742 609 6 -24 0 55 51
1042 12 903 742 6 -24 0 51 55
1043 12 742 500 -6 24 0 55 51
1044 12 742 500 -6 24 0 55 55
1045 12 903 742 6 -24 0 55 51
1046 8 609 0 24 -12851 0 55 0
1047 12 609 742 6 -24 0 51 51
1048 8 1100 0 -6 -12851 0 60 0
1049 8 609 0 6 -12851 0 55 0
1050 12 609 742 6 -24 0 55 51
1051 12 609 742 -6 24 0 55 55
1052 8 742 0 -24 -12851 0 55 0
1053 8 1100 0 -24 -12851 0 60 0
1054 12 1100 742 -6 24 0 51 55
1055 8 742 0 24 -12851 0 60 0
1056 12 500 742 6 -24 0 55 51
1057 8 500 0 24 -12851 0 60 0
1058 12 500 742 -6 24 0 51 51
1059 8 500 0 6 -12851 0 55 0
1060 12 742 500 -6 24 0 55 55
1061 8 903 0 6 -12851 0 60 0
1062 8 1100 0 24 -12851 0 60 0
1063 12 1100 742 6 -24 0 55 51
1064 12 1100 742 6 -24 0 55 55
1065 8 742 0 -24 -12851 0 55 0
1066 8 903 0 6 -12851 0 60 0
1067 12 1100 742 -6 24 0 55 55
1068 12 500 742 -6 24 0 55 51
1069 8 903 0 24 -12851 0 55 0
1070 8 903 0 24 -12851 0 55 0
1071 12 742 903 -6 24 0 51 51
1072 12 742 1100 6 -24 0 51 55
1073 12 742 903 6 -24 0 51 55
1074 8 903 0 -6 -12851 0 60 0
1075 12 742 903 6 -24 0 55 55
1076 12 903 742 -6 24 0 51 51
1077 12 903 742 6 -24 0 51 55
1078 8 500 0 -24 -12851 0 55 0
1079 8 609 0 24 -12851 0 55 0
1080 12 742 609 -6 24 0 55 55
1081 8 903 0 -24 -12851 0 55 0
1082 8 1100 0 24 -12851 0 60 0
1083 8 500 0 -6 -12851 0 55 0
1084 12 742 903 6 -24 0 55 51
1085 8 500 0 -6 -12851 0 60 0
1086 8 903 0 -24 -12851 0 55 0
1087 8 609 0 24 -12851 0 60 0
1088 8 1100 0 6 -12851 0 60 0
1089 12 609 742 -6 24 0 55 51
1090 12 1100 742 -6 24 0 51 55
1091 12 742 609 -6 24 0 51 51
1092 12 609 742 -6 24 0 51 55
1093 8 742 0 -24 -12851 0 55 0
1094 12 742 500 -6 24 0 51 51
1095 8 1100 0 24 -12851 0 55 0
1096 8 742 0 24 -12851 0 60 0
1097 8 742 0 -24 -12851 0 60 0
1098 8 609 0 6 -12851 0 60 0
1099 8 903 0 -24 -12851 0 60 0
1100 8 903 0 6 -12851 0 60 0
1101 8 742 0 -6 -12851 0 55 0
1102 12 1100 742 6 -24 0 55 55
1103 12 903 742 -6 24 0 51 55
1104 12 1100 742 -6 24 0 51 55
1105 12 742 609 -6 24 0 51 55
1106 12 742 903 6 -24 0 55 51
1107 8 500 0 -24 -12851 0 60 0
1108 8 609 0 6 -12851 0 60 0
1109 12 609 742 6 -24 0 55 55
1110 8 500 0 -24 -12851 0 55 0
1111 8 609 0 24 -12851 0 55 0
1112 8 500 0 -24 -12851 0 60 0
1113 8 609 0 24 -12851 0 55 0
1114 8 742 0 -24 -12851 0 55 0
1115 8 903 0 6 -12851 0 60 0
1116 12 742 1100 -6 24 0 51 55
1117 12 1100 742 -6 24 0 51 51
1118 8 1100 0 -6 -12851 0 60 0
1119 8 742 0 6 -12851 0 55 0
1120 12 1100 742 6 -24 0 55 55
1121 8 1100 0 24 -12851 0 60 0
1122 8 903 0 24 -12851 0 60 0
1123 8 1100 0 -6 -12851 0 55 0
1124 12 742 609 6 -24 0 55 55
1125 12 609 742 -6 24 0 55 55
1126 12 903 742 6 -24 0 51 51
1127 12 500 742 -6 24 0 55 55
1128 12 742 500 6 -24 0 51 55
1129 12 903 742 -6 24 0 55 55
1130 12 742 609 -6 24 0 51 51
1131 8 500 0 -24 -12851 0 60 0
1132 8 500 0 -6 -12851 0 60 0
1133 8 500 0 -24 -12851 0 55 0
1134 8 742 0 -6 -12851 0 60 0
1135 12 500 742 -6 24 0 51 51
1136 12 742 1100 -6 24 0 51 51
1137 12 609 742 6 -24 0 55 55
1138 8 500 0 24 -12851 0 60 0
1139 12 609 742 -6 24 0 51 51
1140 8 609 0 -24 -12851 0 55 0
1141 12 742 903 6 -24 0 51 55
1142 12 1100 742 -6 24 0 55 55
1143 8 1100 0 6 -12851 0 60 0
1144 8 609 0 24 -12851 0 60 0
1145 8 742 0 6 -12851 0 55 0
1146 12 742 609 6 -24 0 51 55
1147 12 742 1100 6 -24 0 55 55
1148 8 609 0 -6 -12851 0 60 0
1149 12 609 742 6 -24 0 55 55
1150 8 742 0 24 -12851 0 55 0
1151 12 742 609 6 -24 0 51 51
1152 12 742 903 -6 24 0 55 51
1153 8 903 0 6 -12851 0 60 0
1154 12 742 500 -6 24 0 51 51
1155 12 1100 742 6 -24 0 55 55
1156 12 742 500 -6 24 0 55 55
1157 12 742 1100 -6 24 0 55 51
1158 8 903 0 6 -12851 0 55 0
1159 8 1100 0 24 -12851 0 55 0
1160 8 1100 0 24 -12851 0 60 0
1161 12 903 742 -6 24 0 51 51
1162 12 742 1100 6 -24 0 55 51
1163 12 609 742 6 -24 0 55 51
1164 12 500 742 -6 24 0 55 55
1165 8 903 0 -24 -12851 0 60 0
1166 8 1100 0 24 -12851 0 55 0
1167 8 1100 0 -6 -12851 0 55 0
1168 8 1100 0 -24 -12851 0 60 0
1169 8 903 0 24 -12851 0 60 0
1170 8 903 0 -6 -12851 0 55 0
1171 8 742 0 -6 -12851 0 60 0
1172 8 609 0 24 -12851 0 55 0
1173 8 903 0 -6 -12851 0 55 0
1174 8 1100 0 -24 -12851 0 55 0
1175 12 903 742 6 -24 0 51 55
1176 8 609 0 24 -12851 0 55 0
1177 12 1100 742 -6 24 0 55 51
1178 12 903 742 -6 24 0 55 51
1179 8 742 0 6 -12851 0 55 0
1180 8 609 0 24 -12851 0 60 0
1181 8 742 0 -24 -12851 0 60 0
1182 8 500 0 6 -12851 0 60 0
1183 8 500 0 6 -12851 0 55 0
1184 8 500 0 24 -12851 0 60 0
1185 8 609 0 6 -12851 0 55 0
1186 8 609 0 -24 -12851 0 55 0
1187 12 500 742 -6 24 0 55 55
1188 8 903 0 6 -12851 0 55 0
1189 12 742 903 -6 24 0 55 51
1190 12 742 903 6 -24 0 51 55
1191 8 742 0 24 -12851 0 55 0
1192 12 500 742 -6 24 0 51 55
1193 8 903 0 6 -12851 0 60 0
1194 8 1100 0 6 -12851 0 55 0
1195 12 1100 742 6 -24 0 51 55
1196 8 609 0 -6 -12851 0 60 0
1197 8 903 0 6 -12851 0 55 0
1198 8 1100 0 24 -12851 0 60 0
1199 8 609 0 6 -12851 0 55 0
1200 8 742 0 -6 -12851 0 55 0
1201 8 1100 0 -6 -12851 0 55 0
1202 12 742 500 -6 24 0 55 55
1203 12 742 903 -6 24 0 51 51
1204 12 1100 742 6 -24 0 55 55
1205 8 500 0 24 -12851 0 60 0
1206 12 742 609 -6 24 0 55 55
1207 12 742 1100 -6 24 0 55 55
1208 12 742 500 -6 24 0 55 51
1209 8 742 0 -24 -12851 0 60 0
1210 12 903 742 6 -24 0 51 55
1211 12 609 742 -6 24 0 51 55
1212 8 500 0 24 -12851 0 60 0
1213 8 500 0 -24 -12851 0 55 0
1214 12 742 1100 -6 24 0 55 55
1215 12 500 742 -6 24 0 51 51
1216 12 742 609 6 -24 0 51 51
1217 12 742 609 6 -24 0 55 51
1218 12 500 742 6 -24 0 51 55
1219 8 500 0 6 -12851 0 55 0
1220 8 500 0 6 -12851 0 60 0
1221 12 903 742 -6 24 0 55 51
1222 8 609 0 -6 -12851 0 60 0
1223 8 742 0 -24 -12851 0 60 0
1224 12 500 742 6 -24 0 51 55
1225 8 742 0 6 -12851 0 60 0
1226 8 1100 0 -24 -12851 0 55 0
1227 8 609 0 -6 -12851 0 60 0
1228 8 1100 0 6 -12851 0 60 0
1229 12 500 742 6 -24 0 51 55
1230 8 1100 0 24 -12851 0 55 0
1231 8 742 0 24 -12851 0 60 0
1232 8 609 0 6 -12851 0 60 0
1233 12 903 742 6 -24 0 51 55
1234 8 500 0 6 -12851 0 55 0
1235 8 903 0 -6 -12851 0 60 0
1236 8 500 0 -6 -12851 0 60 0
1237 8 903 0 24 -12851 0 60 0
1238 8 903 0 -24 -12851 0 60 0
1239 8 742 0 6 -12851 0 60 0
1240 8 742 0 24 -12851 0 55 0
1241 12 500 742 6 -24 0 51 55
1242 8 742 0 6 -12851 0 60 0
1243 8 609 0 -24 -12851 0 55 0
1244 8 500 0 6 -12851 0 60 0
1245 12 742 903 -6 24 0 51 51
1246 8 903 0 -24 -12851 0 60 0
1247 8 1100 0 24 -12851 0 55 0
1248 8 609 0 -24 -12851 0 60 0
1249 8 500 0 6 -12851 0 55 0
1250 8 1100 0 -6 -12851 0 60 0
1251 8 742 0 6 -12851 0 55 0
1252 8 500 0 -24 -12851 0 60 0
1253 8 609 0 6 -12851 0 55 0
1254 12 742 1100 6 -24 0 55 51
1255 12 742 1100 -6 24 0 55 51
1256 12 500 742 6 -24 0 55 55
1257 8 903 0 -6 -12851 0 55 0
1258 12 742 609 -6 24 0 55 51
1259 8 903 0 6 -12851 0 55 0
1260 12 742 609 -6 24 0 51 55
1261 8 1100 0 -24 -12851 0 55 0
1262 12 742 609 -6 24 0 55 55
1263 8 903 0 24 -12851 0 55 0
1264 8 903 0 -6 -12851 0 55 0
1265 12 742 500 -6 24 0 55 55
1266 8 742 0 -6 -12851 0 60 0
1267 8 1100 0 6 -12851 0 55 0
1268 8 1100 0 24 -12851 0 60 0
1269 12 609 742 -6 24 0 55 51
1270 8 742 0 -6 -12851 0 60 0
1271 8 1100 0 -24 -12851 0 55 0
1272 8 903 0 24 -12851 0 55 0
1273 8 903 0 6 -12851 0 55 0
1274 8 742 0 6 -12851 0 60 0
1275 12 1100 742 6 -24 0 55 55
1276 8 609 0 -24 -12851 0 55 0
1277 8 609 0 -24 -12851 0 60 0
1278 12 609 742 -6 24 0 51 51
1279 8 609 0 24 -12851 0 60 0
1280 8 500 0 24 -12851 0 60 0
1281 8 500 0 -24 -12851 0 60 0
1282 8 500 0 6 -12851 0 55 0
1283 8 1100 0 -6 -12851 0 60 0
1284 12 903 742 -6 24 0 51 55
1285 8 1100 0 24 -12851 0 55 0
1286 8 903 0 -6 -12851 0 60 0
1287 12 742 903 6 -24 0 55 55
1288 12 903 742 6 -24 0 51 51
1289 8 742 0 -6 -12851 0 55 0
1290 8 609 0 6 -12851 0 60 0
1291 8 609 0 -24 -12851 0 60 0
1292 12 742 903 6 -24 0 55 55
1293 8 1100 0 6 -12851 0 55 0
1294 8 1100 0 -24 -12851 0 60 0
1295 8 500 0 -6 -12851 0 60 0
1296 12 500 742 6 -24 0 55 51
1297 12 609 742 6 -24 0 51 51
1298 12 1100 742 6 -24 0 55 51
1299 12 742 500 6 -24 0 51 55
1300 8 742 0 6 -12851 0 55 0
1301 12 500 742 -6 24 0 51 51
1302 12 609 742 6 -24 0 55 51
1303 8 500 0 24 -12851 0 60 0
1304 8 609 0 6 -12851 0 60 0
1305 8 500 0 -6 -12851 0 60 0
1306 12 903 742 -6 24 0 51 55
1307 12 903 742 -6 24 0 51 51
1308 8 742 0 -24 -12851 0 60 0
1309 12 609 742 6 -24 0 51 51
1310 8 903 0 24 -12851 0 55 0
1311 8 903 0 -24 -12851 0 55 0
1312 12 1100 742 6 -24 0 55 55
1313 12 742 500 -6 24 0 51 51
1314 8 1100 0 24 -12851 0 55 0
1315 12 903 742 6 -24 0 51 55
1316 12 742 500 6 -24 0 55 51
1317 8 1100 0 -6 -12851 0 60 0
1318 12 1100 742 -6 24 0 51 55
1319 12 500 742 6 -24 0 55 51
1320 12 1100 742 -6 24 0 55 55
1321 12 500 742 6 -24 0 55 51
1322 8 742 0 6 -12851 0 55 0
1323 8 1100 0 24 -12851 0 55 0
1324 12 1100 742 6 -24 0 51 55
1325 12 1100 742 -6 24 0 51 55
1326 12 500 742 -6 24 0 51 55
1327 8 609 0 24 -12851 0 55 0
1328 12 1100 742 -6 24 0 55 51
1329 8 1100 0 -24 -12851 0 60 0
1330 8 609 0 24 -12851 0 55 0
1331 8 609 0 6 -12851 0 55 0
1332 12 742 609 -6 24 0 55 55
1333 12 742 903 6 -24 0 55 55
1334 8 500 0 -6 -12851 0 55 0
1335 8 500 0 6 -12851 0 60 0
1336 12 742 903 6 -24 0 55 55
1337 8 500 0 6 -12851 0 55 0
1338 12 1100 742 -6 24 0 55 55
1339 12 742 609 6 -24 0 55 51
1340 12 609 742 6 -24 0 55 55
1341 8 742 0 24 -12851 0 55 0
1342 8 742 0 -24 -12851 0 60 0
1343 8 903 0 24 -12851 0 60 0
1344 8 903 0 -24 -12851 0 55 0
1345 12 742 903 -6 24 0 55 55
1346 8 903 0 24 -12851 0 55 0
1347 8 1100 0 -6 -12851 0 60 0
1348 8 1100 0 24 -12851 0 55 0
1349 8 742 0 -24 -12851 0 55 0
1350 12 609 742 -6 24 0 51 51
1351 8 609 0 24 -12851 0 60 0
1352 8 500 0 24 -12851 0 55 0
1353 12 903 742 -6 24 0 55 55
1354 8 903 0 -6 -12851 0 55 0
1355 12 742 500 6 -24 0 51 51
1356 12 609 742 -6 24 0 55 51
1357 12 1100 742 6 -24 0 51 51
1358 12 742 903 -6 24 0 51 51
1359 12 742 1100 6 -24 0 55 51
1360 8 903 0 6 -12851 0 55 0
1361 8 1100 0 -6 -12851 0 55 0
1362 12 1100 742 -6 24 0 51 51
1363 8 742 0 6 -12851 0 60 0
1364 8 500 0 24 -12851 0 60 0
1365 8 903 0 -24 -12851 0 55 0
1366 8 500 0 6 -12851 0 55 0
1367 12 742 609 -6 24 0 51 51
1368 8 609 0 -24 -12851 0 55 0
1369 8 609 0 -6 -12851 0 60 0
1370 8 742 0 -6 -12851 0 55 0
1371 8 1100 0 -24 -12851 0 55 0
1372 12 500 742 6 -24 0 51 55
1373 8 609 0 -6 -12851 0 55 0
1374 12 500 742 -6 24 0 51 55
1375 8 609 0 -6 -12851 0 55 0
1376 8 609 0 6 -12851 0 55 0
1377 8 903 0 -6 -12851 0 60 0
1378 8 742 0 6 -12851 0 55 0
1379 8 903 0 24 -12851 0 60 0
1380 8 903 0 -24 -12851 0 60 0
1381 12 903 742 6 -24 0 55 55
1382 12 742 609 6 -24 0 55 51
1383 12 742 500 6 -24 0 51 51
1384 12 609 742 6 -24 0 55 55
1385 8 500 0 -24 -12851 0 60 0
1386 12 742 903 6 -24 0 51 55
1387 8 1100 0 -6 -12851 0 60 0
1388 8 500 0 -6 -12851 0 60 0
1389 8 1100 0 6 -12851 0 60 0
1390 8 500 0 -6 -12851 0 60 0
1391 8 609 0 -6 -12851 0 60 0
1392 12 609 742 -6 24 0 51 51
1393 12 609 742 6 -24 0 51 51
1394 12 500 742 -6 24 0 55 55
1395 8 742 0 -6 -12851 0 55 0
1396 8 1100 0 6 -12851 0 60 0
1397 8 742 0 24 -12851 0 60 0
1398 12 742 500 6 -24 0 55 51
1399 8 1100 0 -6 -12851 0 55 0
1400 12 742 903 6 -24 0 51 55
1401 8 1100 0 6 -12851 0 55 0
1402 12 1100 742 6 -24 0 51 51
1403 12 742 500 -6 24 0 55 51
1404 8 1100 0 6 -12851 0 60 0
1405 12 742 609 -6 24 0 55 55
1406 8 903 0 -6 -12851 0 55 0
1407 12 742 500 -6 24 0 51 51
1408 8 903 0 6 -12851 0 60 0
1409 8 742 0 -6 -12851 0 60 0
1410 12 500 742 -6 24 0 55 55
1411 12 1100 742 6 -24 0 55 51
1412 8 609 0 -24 -12851 0 55 0
1413 8 903 0 -6 -12851 0 55 0
1414 12 742 500 6 -24 0 55 51
1415 8 1100 0 6 -12851 0 60 0
1416 8 609 0 -6 -12851 0 55 0
1417 12 609 742 6 -24 0 51 51
1418 8 742 0 24 -12851 0 55 0
1419 12 500 742 -6 24 0 55 51
1420 8 609 0 -24 -12851 0 55 0
1421 8 742 0 24 -12851 0 55 0
1422 8 500 0 -6 -12851 0 60 0
1423 12 903 742 6 -24 0 55 55
1424 12 742 903 -6 24 0 55 51
1425 8 500 0 -6 -12851 0 60 0
1426 8 500 0 6 -12851 0 55 0
1427 8 1100 0 24 -12851 0 55 0
1428 12 742 903 -6 24 0 55 51
1429 8 1100 0 24 -12851 0 60 0
1430 8 1100 0 24 -12851 0 60 0
1431 8 742 0 -24 -12851 0 60 0
1432 12 903 742 6 -24 0 55 51
1433 12 742 903 -6 24 0 51 55
1434 12 903 742 6 -24 0 51 55
1435 8 1100 0 -24 -12851 0 60 0
1436 8 742 0 24 -12851 0 55 0
1437 12 500 742 6 -24 0 51 51
1438 12 742 609 -6 24 0 51 55
1439 8 609 0 -24 -12851 0 60 0
1440 12 742 609 -6 24 0 51 51
1441 8 742 0 -24 -12851 0 55 0
1442 8 609 0 -24 -12851 0 55 0
1443 8 609 0 -24 -12851 0 55 0
1444 8 903 0 24 -12851 0 60 0
1445 8 903 0 -6 -12851 0 55 0
1446 8 500 0 24 -12851 0 55 0
1447 8 903 0 -24 -12851 0 60 0
1448 12 903 742 6 -24 0 51 55
1449 8 500 0 24 -12851 0 55 0
1450 8 500 0 -24 -12851 0 60 0
1451 8 903 0 -6 -12851 0 55 0
1452 8 903 0 -6 -12851 0 55 0
1453 8 742 0 6 -12851 0 60 0
1454 8 742 0 6 -12851 0 60 0
1455 8 609 0 -24 -12851 0 55 0
1456 12 903 742 6 -24 0 51 55
1457 8 1100 0 24 -12851 0 55 0
1458 8 903 0 6 -12851 0 60 0
1459 12 742 609 6 -24 0 55 51
1460 8 1100 0 24 -12851 0 55 0
1461 12 609 742 -6 24 0 55 51
1462 12 500 742 -6 24 0 51 55
1463 8 609 0 24 -12851 0 60 0
1464 8 500 0 24 -12851 0 55 0
1465 8 903 0 -24 -12851 0 55 0
1466 12 742 500 -6 24 0 51 51
1467 12 609 742 -6 24 0 55 51
1468 12 742 903 6 -24 0 51 51
1469 8 1100 0 6 -12851 0 60 0
1470 8 742 0 -24 -12851 0 55 0
1471 8 609 0 24 -12851 0 55 0
1472 12 742 609 -6 24 0 55 55
1473 8 500 0 6 -12851 0 60 0
1474 8 500 0 -6 -12851 0 55 0
1475 12 742 903 -6 24 0 55 55
1476 12 742 903 -6 24 0 51 51
1477 12 742 903 6 -24 0 51 51
1478 8 609 0 24 -12851 0 55 0
1479 8 609 0 -6 -12851 0 55 0
1480 12 500 742 -6 24 0 55 51
1481 12 742 609 6 -24 0 51 51
1482 8 500 0 24 -12851 0 55 0
1483 8 1100 0 24 -12851 0 55 0
1484 12 742 903 -6 24 0 55 55
1485 12 742 903 -6 24 0 51 51
1486 12 903 742 6 -24 0 51 55
1487 8 500 0 6 -12851 0 60 0
1488 12 742 903 -6 24 0 55 51
1489 12 742 1100 -6 24 0 51 55
1490 12 903 742 -6 24 0 55 51
1491 8 903 0 -6 -12851 0 60 0
1492 8 742 0 6 -12851 0 60 0
1493 12 609 742 6 -24 0 55 55
1494 8 500 0 24 -12851 0 60 0
1495 8 903 0 -24 -12851 0 55 0
1496 12 742 903 6 -24 0 55 51
1497 8 903 0 6 -12851 0 55 0
1498 12 742 903 -6 24 0 55 55
1499 8 742 0 -6 -12851 0 60 0
1500 8 1100 0 -24 -12851 0 55 0
1501 12 742 609 -6 24 0 55 55
1502 8 1100 0 6 -12851 0 60 0
1503 12 742 1100 6 -24 0 51 51
1504 12 1100 742 -6 24 0 51 51
1505 8 742 0 24 -12851 0 60 0
1506 8 609 0 -24 -12851 0 60 0
1507 12 742 903 -6 24 0 55 55
1508 8 609 0 24 -12851 0 60 0
1509 8 500 0 6 -12851 0 55 0
1510 12 609 742 6 -24 0 51 55
1511 8 500 0 -24 -12851 0 60 0
1512 12 742 1100 6 -24 0 55 51
1513 12 500 742 -6 24 0 51 51
1514 8 1100 0 -6 -12851 0 60 0
1515 8 742 0 -6 -12851 0 55 0
1516 12 742 500 6 -24 0 51 51
1517 8 500 0 24 -12851 0 60 0
1518 8 500 0 -6 -12851 0 60 0
1519 12 742 1100 6 -24 0 55 55
1520 12 742 1100 -6 24 0 55 51
1521 8 742 0 6 -12851 0 60 0
1522 12 742 609 -6 24 0 55 51
1523 8 609 0 6 -12851 0 55 0
1524 12 500 742 6 -24 0 55 51
1525 8 1100 0 -24 -12851 0 55 0
1526 8 742 0 24 -12851 0 55 0
1527 8 1100 0 -6 -12851 0 60 0
1528 8 609 0 24 -12851 0 60 0
1529 12 742 500 6 -24 0 51 55
1530 12 742 903 6 -24 0 51 55
1531 8 609 0 6 -12851 0 55 0
1532 12 742 500 -6 24 0 55 55
1533 12 742 1100 -6 24 0 55 55
1534 8 903 0 24 -12851 0 55 0
1535 8 903 0 24 -12851 0 55 0
1536 8 903 0 -6 -12851 0 60 0
1537 8 742 0 -24 -12851 0 55 0
1538 12 742 903 -6 24 0 51 51
1539 8 742 0 6 -12851 0 55 0
1540 12 742 609 6 -24 0 51 51
1541 8 742 0 24 -12851 0 60 0
1542 8 609 0 24 -12851 0 55 0
1543 12 742 609 6 -24 0 55 55
1544 8 742 0 -24 -12851 0 60 0
1545 8 500 0 -24 -12851 0 60 0
1546 8 1100 0 24 -12851 0 55 0
1547 12 1100 742 6 -24 0 55 55
1548 12 500 742 6 -24 0 55 55
1549 8 903 0 6 -12851 0 60 0
1550 8 903 0 24 -12851 0 55 0
1551 8 609 0 -24 -12851 0 55 0
1552 8 1100 0 6 -12851 0 55 0
1553 8 609 0 24 -12851 0 55 0
1554 12 609 742 -6 24 0 51 55
1555 8 500 0 6 -12851 0 55 0
1556 12 742 903 6 -24 0 55 51
1557 8 903 0 6 -12851 0 60 0
1558 12 742 500 -6 24 0 51 51
1559 8 500 0 24 -12851 0 60 0
1560 12 742 609 6 -24 0 55 51
1561 8 1100 0 24 -12851 0 60 0
1562 8 903 0 -6 -12851 0 55 0
1563 12 742 500 6 -24 0 55 55
1564 8 903 0 -6 -12851 0 55 0
1565 12 742 609 6 -24 0 55 55
1566 8 742 0 24 -12851 0 60 0
1567 8 1100 0 24 -12851 0 55 0
1568 8 1100 0 -6 -12851 0 55 0
1569 12 742 1100 -6 24 0 51 51
1570 12 500 742 -6 24 0 51 51
1571 8 742 0 -6 -12851 0 60 0
1572 8 1100 0 -6 -12851 0 60 0
1573 12 742 903 6 -24 0 55 55
1574 8 903 0 -24 -12851 0 60 0
1575 8 903 0 24 -12851 0 60 0
1576 8 742 0 6 -12851 0 60 0
1577 8 609 0 -6 -12851 0 60 0
1578 8 609 0 24 -12851 0 55 0
1579 8 609 0 -6 -12851 0 60 0
1580 12 742 1100 -6 24 0 55 55
1581 8 500 0 -6 -12851 0 55 0
1582 8 500 0 -6 -12851 0 60 0
1583 8 500 0 24 -12851 0 60 0
1584 8 903 0 -6 -12851 0 55 0
1585 8 903 0 24 -12851 0 55 0
1586 12 500 742 -6 24 0 51 55
1587 12 742 1100 -6 24 0 51 51
1588 8 500 0 -6 -12851 0 55 0
1589 12 609 742 6 -24 0 55 55
1590 8 903 0 -6 -12851 0 55 0
1591 12 742 500 -6 24 0 55 55
1592 8 903 0 6 -12851 0 60 0
1593 8 1100 0 -6 -12851 0 55 0
1594 8 609 0 6 -12851 0 60 0
1595 12 1100 742 6 -24 0 51 55
1596 12 903 742 -6 24 0 55 55
1597 8 742 0 6 -12851 0 60 0
