284 8 903 0 6 -12851 1 55 0
285 8 609 0 -24 -12851 1 55 0
286 12 1100 742 -6 24 1 51 51
287 12 742 1100 6 -24 0 55 55
288 12 500 742 6 -24 0 51 55
289 8 1100 0 -24 -12851 0 60 0
290 8 742 0 24 -12851 1 55 0
291 12 742 609 -6 24 1 55 55
292 8 1100 0 -24 -12851 1 55 0
293 8 1100 0 24 -12851 1 60 0
294 8 1100 0 -24 -12851 1 60 0
295 12 742 903 -6 24 1 51 51
296 12 1100 742 -6 24 0 51 55
297 8 500 0 -24 -12851 0 60 0
298 12 742 609 6 -24 0 55 51
299 8 609 0 24 -12851 0 55 0
300 12 1100 742 6 -24 1 55 51
301 12 903 742 -6 24 1 51 55
302 8 500 0 24 -12851 1 60 0
303 8 609 0 -6 -12851 1 55 0
304 8 1100 0 -6 -12851 0 60 0
305 8 609 0 6 -12851 1 55 0
306 8 1100 0 -24 -12851 0 55 0
307 8 500 0 -6 -12851 0 55 0
308 8 742 0 6 -12851 0 60 0
309 8 903 0 -24 -12851 1 60 0
310 8 742 0 6 -12851 1 60 0
311 12 742 609 6 -24 1 55 55
312 8 903 0 -6 -12851 1 60 0
313 8 742 0 -6 -12851 1 55 0
314 12 742 903 6 -24 1 51 51
315 8 903 0 6 -12851 1 55 0
316 8 609 0 -6 -12851 0 60 0
317 8 609 0 -24 -12851 0 60 0
318 12 742 500 6 -24 1 51 55
319 8 500 0 -6 -12851 0 60 0
320 8 500 0 24 -12851 1 60 0
321 8 500 0 24 -12851 1 60 0
322 8 903 0 6 -12851 1 60 0
323 8 903 0 6 -12851 1 55 0
324 12 742 609 -6 24 1 55 51
325 12 742 500 -6 24 1 51 51
326 8 742 0 -24 -12851 1 60 0
327 8 1100 0 -6 -12851 0 55 0
328 12 500 742 -6 24 0 51 55
329 8 609 0 24 -12851 0 60 0
330 8 742 0 -6 -12851 0 55 0
331 8 742 0 6 -12851 0 55 0
332 12 500 742 6 -24 1 55 55
333 12 742 1100 6 -24 0 51 51
334 8 903 0 6 -12851 0 55 0
335 12 742 903 6 -24 0 55 55
336 8 609 0 6 -12851 1 60 0
337 8 1100 0 -24 -12851 1 55 0
338 8 1100 0 -6 -12851 1 60 0
339 8 903 0 6 -12851 1 55 0
340 8 903 0 -24 -12851 1 60 0
341 12 500 742 -6 24 1 51 55
342 12 609 742 6 -24 1 51 55
343 8 742 0 6 -12851 1 60 0
344 8 609 0 6 -12851 1 55 0
345 12 500 742 -6 24 1 51 51
346 8 609 0 6 -12851 1 60 0
347 8 742 0 24 -12851 0 60 0
348 12 500 742 6 -24 1 51 51
349 8 903 0 6 -12851 0 55 0
350 12 903 742 -6 24 1 51 55
351 12 500 742 -6 24 0 55 51
352 8 609 0 24 -12851 0 60 0
353 8 500 0 -6 -12851 1 55 0
354 8 742 0 -6 -12851 1 55 0
355 12 500 742 6 -24 0 55 55
356 8 1100 0 -6 -12851 0 55 0
357 8 903 0 6 -12851 0 60 0
358 8 500 0 -24 -12851 1 55 0
359 8 500 0 6 -12851 1 55 0
360 8 1100 0 -24 -12851 0 55 0
361 12 742 500 6 -24 0 51 51
362 12 903 742 6 -24 0 55 51
363 8 1100 0 6 -12851 1 55 0
364 8 609 0 6 -12851 0 60 0
365 12 1100 742 -6 24 1 51 55
366 12 500 742 -6 24 1 51 51
367 12 903 742 6 -24 0 55 51
368 8 609 0 6 -12851 1 55 0
369 8 609 0 -6 -12851 1 60 0
370 8 1100 0 6 -12851 1 55 0
371 12 1100 742 6 -24 1 51 55
372 8 903 0 -6 -12851 1 55 0
373 8 903 0 -6 -12851 0 60 0
374 8 1100 0 6 -12851 1 55 0
375 12 742 903 6 -24 1 55 51
376 8 903 0 -24 -12851 1 60 0
377 8 742 0 -24 -12851 1 60 0
378 12 903 742 6 -24 0 51 55
379 12 903 742 -6 24 0 55 51
380 8 609 0 -6 -12851 0 60 0
381 12 903 742 6 -24 1 51 51
382 8 1100 0 6 -12851 1 55 0
383 8 500 0 24 -12851 1 55 0
384 8 500 0 6 -12851 1 55 0
385 8 500 0 6 -12851 1 60 0
386 8 742 0 -24 -12851 1 60 0
387 8 742 0 6 -12851 1 60 0
388 12 903 742 -6 24 0 51 55
389 12 903 742 6 -24 1 55 55
390 8 1100 0 -6 -12851 1 55 0
391 8 1100 0 6 -12851 1 55 0
392 12 609 742 6 -24 1 55 55
393 8 1100 0 6 -12851 1 60 0
394 12 903 742 -6 24 0 55 55
395 8 903 0 6 -12851 1 55 0
396 12 1100 742 6 -24 0 55 55
397 8 1100 0 6 -12851 1 60 0
398 8 609 0 6 -12851 1 60 0
399 8 742 0 24 -12851 0 55 0
400 12 742 500 -6 24 0 55 51
401 12 742 1100 -6 24 1 51 51
402 12 1100 742 6 -24 0 55 55
403 8 742 0 -6 -12851 0 60 0
404 8 742 0 6 -12851 1 55 0
405 8 609 0 -6 -12851 1 60 0
406 8 609 0 6 -12851 1 55 0
407 8 500 0 6 -12851 1 60 0
408 12 609 742 -6 24 1 51 55
409 8 903 0 -24 -12851 0 60 0
410 12 903 742 6 -24 1 51 51
411 8 903 0 6 -12851 1 55 0
412 12 1100 742 -6 24 1 51 55
413 8 500 0 6 -12851 1 60 0
414 8 500 0 24 -12851 0 60 0
415 8 742 0 -24 -12851 0 55 0
416 8 742 0 6 -12851 1 55 0
417 12 500 742 -6 24 1 55 51
418 12 742 903 6 -24 1 55 55
419 8 742 0 -6 -12851 0 55 0
420 12 609 742 -6 24 0 51 55
421 8 1100 0 -24 -12851 0 60 0
422 8 609 0 6 -12851 0 60 0
423 12 500 742 6 -24 1 51 55
424 8 609 0 -24 -12851 0 60 0
425 8 903 0 6 -12851 0 55 0
426 8 1100 0 -6 -12851 0 60 0
427 8 903 0 -24 -12851 0 55 0
428 12 609 742 -6 24 1 51 51
429 8 609 0 24 -12851 0 60 0
430 8 903 0 24 -12851 0 60 0
431 12 742 903 -6 24 0 55 51
432 8 742 0 -24 -12851 1 55 0
433 8 1100 0 -6 -12851 0 55 0
434 8 500 0 -24 -12851 1 60 0
435 8 500 0 -24 -12851 0 60 0
436 8 500 0 24 -12851 0 60 0
437 8 903 0 6 -12851 0 55 0
438 12 742 609 6 -24 0 55 55
439 8 903 0 24 -12851 0 60 0
440 8 500 0 -6 -12851 0 55 0
441 8 742 0 -24 -12851 0 55 0
442 12 742 500 6 -24 0 51 51
443 8 1100 0 6 -12851 1 60 0
444 12 500 742 6 -24 1 51 55
445 12 742 903 -6 24 0 51 55
446 12 742 903 -6 24 1 51 51
447 8 609 0 6 -12851 1 55 0
448 12 903 742 -6 24 1 51 51
449 8 742 0 24 -12851 1 60 0
450 12 609 742 -6 24 1 55 55
451 12 903 742 -6 24 0 55 51
452 12 742 500 -6 24 1 51 55
453 12 903 742 -6 24 1 55 55
454 8 1100 0 -24 -12851 1 55 0
455 8 500 0 6 -12851 1 55 0
456 12 1100 742 6 -24 1 51 55
457 8 903 0 6 -12851 1 60 0
458 8 609 0 -24 -12851 0 60 0
459 12 742 1100 6 -24 0 55 51
460 8 903 0 -24 -12851 1 60 0
461 8 500 0 -24 -12851 0 60 0
462 12 903 742 -6 24 1 55 55
463 8 742 0 -6 -12851 1 55 0
464 12 742 903 -6 24 1 55 55
465 8 1100 0 24 -12851 0 55 0
466 12 742 500 -6 24 1 55 55
467 8 609 0 -6 -12851 1 55 0
468 12 742 903 6 -24 0 51 51
469 12 742 1100 -6 24 1 55 51
470 8 609 0 -24 -12851 0 60 0
471 12 903 742 -6 24 0 55 55
472 8 609 0 -24 -12851 1 55 0
473 8 742 0 -6 -12851 0 60 0
474 8 742 0 6 -12851 1 55 0
475 8 609 0 -6 -12851 0 60 0
476 8 609 0 6 -12851 1 55 0
477 12 742 903 6 -24 1 55 55
478 12 609 742 -6 24 0 51 51
479 12 500 742 -6 24 1 51 51
480 12 500 742 -6 24 0 51 55
481 8 742 0 6 -12851 1 55 0
482 8 500 0 24 -12851 0 55 0
483 12 742 609 6 -24 1 55 55
484 12 903 742 6 -24 1 51 55
485 8 1100 0 6 -12851 1 55 0
486 8 903 0 24 -12851 1 60 0
487 8 500 0 24 -12851 1 55 0
488 8 903 0 24 -12851 1 60 0
489 8 1100 0 -6 -12851 0 60 0
490 8 500 0 24 -12851 1 60 0
491 8 903 0 24 -12851 1 55 0
492 12 742 609 6 -24 1 51 51
493 12 1100 742 6 -24 0 55 55
494 8 1100 0 -6 -12851 1 60 0
495 12 609 742 -6 24 0 55 51
496 12 742 1100 -6 24 1 55 55
497 12 742 1100 6 -24 1 55 51
498 8 903 0 -6 -12851 1 55 0
499 8 903 0 6 -12851 1 55 0
500 12 742 903 6 -24 1 55 51
501 12 742 1100 6 -24 0 51 51
502 12 742 903 -6 24 1 51 51
503 12 742 1100 -6 24 0 55 51
504 12 609 742 6 -24 1 51 55
505 8 903 0 -6 -12851 0 60 0
506 12 1100 742 6 -24 1 51 51
507 8 742 0 -6 -12851 0 60 0
508 8 742 0 -6 -12851 0 60 0
509 12 742 500 6 -24 1 51 51
510 8 609 0 -6 -12851 0 60 0
511 12 609 742 -6 24 1 51 55
512 12 500 742 -6 24 1 51 51
513 8 1100 0 -6 -12851 0 60 0
514 12 500 742 -6 24 0 51 51
515 8 1100 0 -6 -12851 1 60 0
516 8 742 0 24 -12851 1 60 0
517 12 742 500 6 -24 1 55 55
518 8 903 0 6 -12851 0 55 0
519 8 500 0 6 -12851 1 60 0
520 12 609 742 -6 24 1 51 51
521 8 500 0 -24 -12851 1 55 0
522 8 1100 0 -6 -12851 0 60 0
523 8 609 0 -6 -12851 0 60 0
524 8 609 0 6 -12851 1 60 0
525 8 500 0 -6 -12851 0 60 0
526 8 903 0 24 -12851 1 55 0
527 12 609 742 6 -24 0 51 51
528 8 903 0 6 -12851 0 55 0
529 12 609 742 6 -24 0 55 55
530 8 742 0 24 -12851 0 55 0
531 8 1100 0 -24 -12851 1 60 0
532 8 500 0 -24 -12851 1 55 0
533 12 609 742 -6 24 1 55 55
534 8 742 0 -6 -12851 1 55 0
535 8 609 0 24 -12851 1 60 0
536 8 609 0 -24 -12851 0 60 0
537 8 1100 0 -6 -12851 1 60 0
538 12 742 903 6 -24 1 51 55
539 8 742 0 -24 -12851 1 60 0
540 8 500 0 -6 -12851 0 55 0
541 8 609 0 -24 -12851 0 55 0
542 8 500 0 6 -12851 0 60 0
543 12 1100 742 -6 24 1 55 55
544 8 1100 0 24 -12851 0 55 0
545 8 903 0 6 -12851 1 60 0
546 12 742 1100 6 -24 1 55 55
547 12 903 742 -6 24 1 51 55
548 8 903 0 -6 -12851 0 55 0
549 12 1100 742 6 -24 1 55 55
550 8 609 0 6 -12851 1 60 0
551 12 742 500 6 -24 1 51 51
552 8 609 0 -6 -12851 0 60 0
553 8 609 0 24 -12851 1 55 0
554 12 1100 742 6 -24 1 51 55
555 12 742 500 6 -24 1 51 51
556 8 903 0 -6 -12851 1 60 0
557 12 903 742 -6 24 0 55 55
558 12 500 742 6 -24 1 51 55
559 8 609 0 24 -12851 1 60 0
560 8 1100 0 24 -12851 1 55 0
561 8 903 0 -24 -12851 1 55 0
562 8 903 0 -24 -12851 1 60 0
563 8 742 0 -24 -12851 1 60 0
564 8 1100 0 -6 -12851 1 60 0
565 8 1100 0 6 -12851 1 55 0
566 12 742 903 -6 24 1 55 51
567 8 500 0 -6 -12851 0 60 0
568 12 500 742 6 -24 1 51 55
569 8 500 0 6 -12851 1 55 0
570 8 500 0 24 -12851 1 55 0
571 8 742 0 -6 -12851 0 55 0
572 8 742 0 24 -12851 1 55 0
573 8 742 0 24 -12851 1 60 0
574 12 742 500 6 -24 1 51 51
575 8 742 0 24 -12851 1 60 0
576 12 609 742 6 -24 1 51 55
577 12 1100 742 6 -24 1 55 51
578 12 742 903 -6 24 0 55 55
579 8 609 0 -24 -12851 1 55 0
580 8 609 0 -24 -12851 1 55 0
581 8 1100 0 24 -12851 0 55 0
582 12 742 500 6 -24 1 55 55
583 8 1100 0 -24 -12851 1 60 0
584 8 903 0 24 -12851 1 55 0
585 12 742 500 -6 24 1 51 55
586 8 500 0 6 -12851 0 55 0
587 8 1100 0 -6 -12851 0 60 0
588 8 609 0 -6 -12851 0 55 0
589 8 500 0 24 -12851 0 60 0
590 12 500 742 6 -24 0 51 55
591 12 609 742 6 -24 0 51 51
592 12 500 742 -6 24 0 51 55
593 8 742 0 6 -12851 1 55 0
594 12 742 500 -6 24 1 55 51
595 8 742 0 -6 -12851 0 60 0
596 8 500 0 -6 -12851 1 60 0
597 12 500 742 -6 24 1 51 51
598 8 903 0 -6 -12851 0 60 0
599 8 903 0 -24 -12851 1 60 0
600 8 903 0 -24 -12851 1 60 0
601 8 903 0 24 -12851 1 60 0
602 8 742 0 -24 -12851 1 60 0
603 8 609 0 -24 -12851 1 55 0
604 12 500 742 6 -24 1 51 51
605 8 609 0 6 -12851 1 55 0
606 8 742 0 24 -12851 0 55 0
607 8 903 0 -6 -12851 0 55 0
608 12 742 500 -6 24 0 51 55
609 8 609 0 24 -12851 0 60 0
610 8 500 0 -6 -12851 0 55 0
611 12 500 742 6 -24 0 51 55
612 8 742 0 -6 -12851 0 60 0
613 8 1100 0 24 -12851 1 60 0
614 8 903 0 -24 -12851 0 55 0
615 8 500 0 -24 -12851 1 55 0
616 12 609 742 -6 24 1 55 55
617 8 500 0 -24 -12851 0 55 0
618 8 1100 0 -6 -12851 0 60 0
619 12 742 609 6 -24 1 51 55
620 8 1100 0 -6 -12851 0 55 0
621 12 742 500 6 -24 0 55 55
622 8 903 0 24 -12851 1 55 0
623 8 903 0 -24 -12851 1 55 0
624 12 742 903 -6 24 1 55 51
625 8 742 0 -24 -12851 1 60 0
626 12 903 742 6 -24 1 51 51
627 8 609 0 24 -12851 0 60 0
628 8 609 0 6 -12851 0 60 0
629 8 742 0 -24 -12851 0 55 0
630 8 903 0 -24 -12851 1 55 0
631 12 903 742 6 -24 0 55 55
632 12 609 742 6 -24 1 55 51
633 8 609 0 -6 -12851 0 60 0
634 8 500 0 24 -12851 1 55 0
635 8 742 0 -6 -12851 0 60 0
636 12 609 742 6 -24 0 51 51
637 12 609 742 6 -24 1 51 55
638 8 1100 0 6 -12851 0 60 0
639 8 903 0 -24 -12851 1 55 0
640 8 500 0 -24 -12851 1 60 0
641 8 500 0 6 -12851 0 55 0
642 8 1100 0 6 -12851 1 55 0
643 8 1100 0 6 -12851 1 55 0
644 12 742 1100 -6 24 1 55 51
645 12 903 742 -6 24 1 51 55
646 12 742 1100 -6 24 1 51 55
647 8 500 0 24 -12851 0 60 0
648 8 500 0 24 -12851 1 60 0
649 12 742 500 6 -24 1 55 51
650 8 500 0 -24 -12851 1 60 0
651 12 500 742 -6 24 0 51 55
652 12 742 903 6 -24 0 55 55
653 12 609 742 6 -24 1 51 51
654 8 500 0 -24 -12851 1 55 0
655 8 903 0 -6 -12851 1 60 0
656 8 903 0 24 -12851 0 60 0
657 8 1100 0 24 -12851 1 55 0
658 12 609 742 6 -24 0 55 51
659 8 609 0 -24 -12851 1 60 0
660 12 742 903 6 -24 1 51 55
661 8 742 0 6 -12851 1 55 0
662 8 1100 0 6 -12851 1 55 0
663 8 609 0 -24 -12851 1 55 0
664 12 742 1100 -6 24 0 51 51
665 8 1100 0 -6 -12851 1 60 0
666 12 742 609 -6 24 1 55 55
667 8 609 0 -6 -12851 1 60 0
668 8 742 0 -24 -12851 1 60 0
669 8 903 0 6 -12851 0 60 0
670 8 742 0 -24 -12851 0 60 0
671 8 500 0 24 -12851 0 60 0
672 8 500 0 6 -12851 0 55 0
673 8 609 0 6 -12851 0 60 0
674 12 609 742 6 -24 0 51 51
675 8 500 0 -24 -12851 0 55 0
676 8 1100 0 -24 -12851 0 55 0
677 12 500 742 6 -24 0 55 55
678 12 742 903 6 -24 1 55 51
679 12 609 742 6 -24 0 55 51
680 8 609 0 -6 -12851 1 55 0
681 8 1100 0 -6 -12851 1 55 0
682 8 500 0 24 -12851 1 60 0
683 12 500 742 -6 24 1 55 55
684 12 609 742 -6 24 0 51 55
685 8 742 0 6 -12851 1 60 0
686 8 1100 0 -24 -12851 1 55 0
687 8 742 0 -6 -12851 0 55 0
688 12 500 742 -6 24 1 55 55
689 8 742 0 6 -12851 1 60 0
690 8 903 0 6 -12851 1 60 0
691 8 609 0 24 -12851 1 60 0
692 8 903 0 -6 -12851 0 60 0
693 12 500 742 -6 24 0 51 55
694 8 903 0 24 -12851 1 60 0
695 8 500 0 24 -12851 1 60 0
696 8 500 0 6 -12851 1 60 0
697 8 742 0 24 -12851 1 60 0
698 8 609 0 -24 -12851 1 60 0
699 12 609 742 6 -24 1 55 55
700 8 500 0 6 -12851 1 55 0
701 12 1100 742 -6 24 1 51 51
702 12 1100 742 -6 24 0 55 51
703 8 609 0 -6 -12851 0 60 0
704 8 903 0 -24 -12851 1 55 0
705 8 1100 0 -24 -12851 0 60 0
706 12 742 1100 -6 24 0 55 55
707 8 1100 0 -24 -12851 0 60 0
708 12 1100 742 6 -24 0 55 55
709 8 1100 0 -24 -12851 0 60 0
710 8 500 0 -6 -12851 0 55 0
711 12 742 1100 -6 24 1 51 51
712 8 742 0 24 -12851 1 55 0
713 8 609 0 -6 -12851 0 60 0
714 8 903 0 6 -12851 0 60 0
715 8 742 0 6 -12851 0 60 0
716 12 742 903 6 -24 0 51 55
717 8 903 0 -24 -12851 0 60 0
718 8 609 0 -24 -12851 1 55 0
719 8 609 0 24 -12851 0 60 0
720 12 903 742 -6 24 0 51 51
721 12 500 742 -6 24 0 55 55
722 8 500 0 24 -12851 0 55 0
723 8 500 0 6 -12851 0 60 0
724 8 500 0 24 -12851 1 55 0
725 8 1100 0 6 -12851 0 55 0
726 8 1100 0 24 -12851 0 60 0
727 12 609 742 -6 24 0 51 51
728 12 742 903 6 -24 0 51 55
729 12 609 742 -6 24 0 55 51
730 8 742 0 24 -12851 0 55 0
731 12 500 742 -6 24 0 55 55
732 12 742 1100 6 -24 0 55 51
733 12 609 742 6 -24 0 55 51
734 8 1100 0 6 -12851 0 60 0
735 12 742 609 -6 24 0 51 55
736 8 742 0 24 -12851 0 55 0
737 8 903 0 -24 -12851 0 60 0
738 12 500 742 -6 24 1 55 51
739 12 742 903 6 -24 1 55 51
740 8 742 0 24 -12851 0 60 0
741 8 903 0 -24 -12851 0 60 0
742 8 609 0 -24 -12851 0 55 0
743 8 609 0 -24 -12851 1 60 0
744 8 903 0 -24 -12851 0 55 0
745 8 742 0 24 -12851 0 55 0
746 8 742 0 24 -12851 1 55 0
747 8 500 0 -24 -12851 1 60 0
748 8 1100 0 6 -12851 1 60 0
749 8 903 0 24 -12851 1 55 0
750 8 1100 0 -6 -12851 1 60 0
751 12 742 500 6 -24 0 51 51
752 12 500 742 -6 24 0 51 55
753 8 742 0 24 -12851 0 55 0
754 8 742 0 -6 -12851 0 55 0
755 8 903 0 -6 -12851 0 55 0
756 8 609 0 -6 -12851 0 55 0
757 12 742 1100 6 -24 0 55 51
758 12 1100 742 -6 24 0 55 51
759 8 500 0 -24 -12851 0 60 0
760 12 500 742 -6 24 1 55 55
761 12 1100 742 6 -24 1 55 51
762 12 742 500 -6 24 0 51 55
763 8 609 0 6 -12851 1 60 0
764 8 609 0 -6 -12851 1 55 0
765 8 1100 0 -24 -12851 1 60 0
766 8 903 0 -24 -12851 1 60 0
767 8 500 0 6 -12851 1 55 0
768 12 609 742 -6 24 0 51 55
769 12 742 903 -6 24 0 55 55
770 12 742 903 6 -24 0 55 51
771 8 609 0 6 -12851 0 60 0
772 8 609 0 24 -12851 0 55 0
773 8 742 0 24 -12851 0 55 0
774 8 609 0 6 -12851 0 55 0
775 12 742 609 6 -24 0 55 55
776 8 903 0 -6 -12851 0 55 0
777 12 742 500 -6 24 0 55 55
778 8 500 0 6 -12851 0 55 0
779 12 742 1100 6 -24 0 51 51
780 8 1100 0 -6 -12851 0 60 0
781 8 500 0 -6 -12851 0 60 0
782 12 742 1100 -6 24 0 55 55
783 8 903 0 -24 -12851 1 55 0
784 8 1100 0 6 -12851 0 60 0
785 12 742 903 -6 24 0 51 55
786 8 500 0 6 -12851 1 60 0
787 12 903 742 -6 24 0 51 51
788 12 742 500 -6 24 0 55 55
789 8 609 0 -24 -12851 0 55 0
790 8 742 0 6 -12851 0 60 0
791 12 742 1100 -6 24 0 51 51
792 12 1100 742 -6 24 0 55 51
793 12 609 742 6 -24 0 55 51
794 12 903 742 6 -24 0 55 55
795 8 903 0 6 -12851 0 60 0
796 8 742 0 -6 -12851 1 60 0
797 12 1100 742 -6 24 0 55 51
798 8 1100 0 -6 -12851 0 60 0
799 8 742 0 6 -12851 1 55 0
800 12 903 742 -6 24 1 51 55
801 8 742 0 24 -12851 1 55 0
802 8 609 0 -6 -12851 1 60 0
803 8 1100 0 24 -12851 0 55 0
804 8 500 0 6 -12851 1 60 0
805 8 500 0 24 -12851 1 60 0
806 8 742 0 6 -12851 1 60 0
807 8 1100 0 6 -12851 1 60 0
808 8 742 0 -24 -12851 1 60 0
809 8 500 0 6 -12851 1 55 0
810 12 742 609 -6 24 0 55 51
811 8 903 0 -24 -12851 1 55 0
812 12 742 500 -6 24 1 55 51
813 12 903 742 6 -24 1 55 51
814 8 609 0 -24 -12851 1 55 0
815 8 609 0 -24 -12851 1 60 0
816 8 1100 0 24 -12851 1 55 0
817 8 903 0 -6 -12851 1 60 0
818 12 742 500 6 -24 0 55 51
819 8 903 0 6 -12851 1 55 0
820 12 609 742 -6 24 0 55 51
821 8 500 0 -24 -12851 0 55 0
822 8 500 0 24 -12851 0 55 0
823 8 742 0 6 -12851 1 60 0
824 12 500 742 6 -24 1 51 55
825 8 903 0 -24 -12851 0 60 0
826 8 1100 0 6 -12851 1 60 0
827 12 742 1100 -6 24 1 51 51
828 12 500 742 6 -24 0 51 51
829 8 742 0 6 -12851 0 55 0
830 12 500 742 6 -24 1 55 51
831 8 609 0 -6 -12851 0 55 0
832 12 742 903 6 -24 0 55 51
833 8 500 0 -6 -12851 0 55 0
834 8 903 0 24 -12851 0 55 0
835 8 500 0 24 -12851 0 55 0
836 8 609 0 6 -12851 1 55 0
837 12 609 742 6 -24 1 55 55
838 12 742 609 6 -24 1 51 51
839 12 742 1100 -6 24 1 51 55
840 12 742 609 -6 24 0 51 55
841 12 903 742 -6 24 1 51 51
842 8 903 0 -6 -12851 1 60 0
843 12 609 742 6 -24 1 55 51
844 8 609 0 6 -12851 0 60 0
845 8 1100 0 -6 -12851 0 55 0
846 8 742 0 24 -12851 1 55 0
847 8 1100 0 6 -12851 1 60 0
848 8 742 0 6 -12851 1 55 0
849 8 742 0 6 -12851 1 60 0
850 8 742 0 24 -12851 1 55 0
851 8 903 0 -6 -12851 0 55 0
852 12 500 742 -6 24 0 51 51
853 8 609 0 24 -12851 0 60 0
854 8 500 0 24 -12851 0 60 0
855 12 903 742 -6 24 0 55 55
856 8 500 0 -24 -12851 0 60 0
857 8 742 0 -6 -12851 0 55 0
858 8 609 0 24 -12851 0 60 0
859 12 1100 742 -6 24 0 55 55
860 8 1100 0 6 -12851 0 60 0
861 12 742 903 6 -24 0 55 55
862 8 609 0 -6 -12851 1 60 0
863 8 500 0 -24 -12851 0 60 0
864 8 1100 0 -24 -12851 0 60 0
865 8 903 0 6 -12851 0 55 0
866 12 1100 742 -6 24 0 55 51
867 12 742 903 6 -24 0 51 55
868 12 500 742 6 -24 0 51 51
869 12 742 609 -6 24 0 51 51
870 8 1100 0 -24 -12851 0 60 0
871 8 903 0 6 -12851 0 55 0
872 12 742 903 -6 24 0 51 55
873 12 742 500 6 -24 0 51 55
874 12 742 500 6 -24 0 55 55
875 12 609 742 -6 24 0 55 55
876 12 742 500 -6 24 0 51 55
877 8 1100 0 -24 -12851 0 55 0
878 8 1100 0 -24 -12851 0 60 0
879 12 609 742 -6 24 0 51 51
880 8 500 0 -6 -12851 0 60 0
881 8 742 0 -6 -12851 0 55 0
882 12 742 500 6 -24 0 51 51
883 8 742 0 24 -12851 0 55 0
884 8 1100 0 24 -12851 0 55 0
885 12 609 742 -6 24 0 51 51
886 12 742 1100 6 -24 0 55 55
887 8 1100 0 -24 -12851 0 60 0
888 8 500 0 -24 -12851 0 55 0
889 8 742 0 -6 -12851 0 60 0
890 12 500 742 6 -24 0 55 51
891 8 903 0 6 -12851 0 60 0
892 8 500 0 -6 -12851 0 60 0
893 8 903 0 -6 -12851 0 60 0
894 8 609 0 6 -12851 0 60 0
895 12 742 903 6 -24 0 51 55
896 8 903 0 -6 -12851 0 55 0
897 12 500 742 6 -24 0 51 51
898 12 742 609 6 -24 0 55 55
899 12 1100 742 6 -24 0 55 51
900 8 609 0 -24 -12851 0 60 0
901 8 609 0 6 -12851 0 55 0
902 8 742 0 -24 -12851 0 60 0
903 8 742 0 24 -12851 0 60 0
904 8 609 0 -6 -12851 0 60 0
905 12 500 742 -6 24 0 55 55
906 8 1100 0 6 -12851 0 55 0
907 12 742 1100 6 -24 0 51 55
908 8 500 0 -24 -12851 0 55 0
909 8 500 0 -24 -12851 0 60 0
910 12 742 1100 6 -24 0 51 51
911 12 742 500 -6 24 0 55 55
912 12 742 609 -6 24 0 51 51
913 12 742 500 6 -24 0 55 55
914 12 742 903 6 -24 0 51 55
915 8 742 0 -24 -12851 0 60 0
916 12 500 742 -6 24 0 55 55
917 12 500 742 -6 24 0 51 51
918 12 742 1100 -6 24 0 55 51
919 8 1100 0 6 -12851 0 60 0
920 12 609 742 -6 24 0 51 55
921 8 742 0 24 -12851 0 60 0
922 12 609 742 6 -24 0 51 55
923 8 500 0 6 -12851 0 60 0
924 8 903 0 24 -12851 0 60 0
925 8 609 0 -24 -12851 0 55 0
926 8 609 0 6 -12851 0 55 0
927 12 742 500 6 -24 0 55 55
928 12 903 742 6 -24 0 55 51
929 8 1100 0 -24 -12851 0 60 0
930 8 903 0 24 -12851 0 60 0
931 12 609 742 6 -24 0 55 55
932 8 903 0 -6 -12851 0 60 0
933 8 903 0 -24 -12851 0 55 0
934 8 903 0 -6 -12851 0 60 0
935 12 609 742 6 -24 0 51 55
936 8 903 0 6 -12851 0 60 0
937 8 609 0 -6 -12851 0 60 0
938 8 609 0 -6 -12851 0 55 0
939 12 1100 742 -6 24 0 55 51
940 12 609 742 -6 24 0 51 51
941 8 742 0 -24 -12851 0 55 0
942 8 609 0 -24 -12851 0 60 0
943 12 742 609 -6 24 0 51 55
944 8 500 0 -6 -12851 0 55 0
945 8 903 0 24 -12851 0 60 0
946 8 500 0 6 -12851 0 60 0
947 8 500 0 24 -12851 0 55 0
948 12 742 1100 -6 24 0 51 55
949 8 742 0 -24 -12851 0 55 0
950 12 742 609 -6 24 0 55 55
951 8 742 0 -6 -12851 0 55 0
952 12 742 1100 -6 24 0 51 55
953 8 1100 0 -24 -12851 0 55 0
954 8 1100 0 -24 -12851 0 55 0
955 8 1100 0 -6 -12851 0 60 0
956 12 903 742 6 -24 0 55 51
957 8 903 0 -6 -12851 0 55 0
958 12 1100 742 -6 24 0 51 51
959 12 742 1100 6 -24 0 55 51
960 8 903 0 -24 -12851 0 55 0
961 12 742 500 6 -24 0 55 55
962 12 1100 742 6 -24 0 55 51
963 12 903 742 6 -24 0 55 55
964 12 1100 742 6 -24 0 55 55
965 12 742 1100 -6 24 0 55 55
966 8 903 0 24 -12851 0 60 0
967 12 500 742 -6 24 0 55 51
968 8 1100 0 24 -12851 0 55 0
969 12 1100 742 -6 24 0 51 51
970 8 903 0 -6 -12851 0 60 0
971 12 903 742 6 -24 0 51 55
972 12 500 742 6 -24 0 51 55
973 8 742 0 24 -12851 0 55 0
974 12 742 500 6 -24 0 55 51
975 8 1100 0 -24 -12851 0 60 0
976 12 742 903 6 -24 0 51 55
977 8 742 0 -6 -12851 0 55 0
978 12 742 609 6 -24 0 55 51
979 12 1100 742 6 -24 0 51 51
980 8 1100 0 -24 -12851 0 60 0
981 8 609 0 -6 -12851 0 55 0
982 12 1100 742 6 -24 0 51 55
983 12 742 609 -6 24 0 55 51
984 8 742 0 6 -12851 0 60 0
985 8 500 0 6 -12851 0 55 0
986 12 1100 742 -6 24 0 51 55
987 8 500 0 -6 -12851 0 60 0
988 8 609 0 6 -12851 0 55 0
989 8 500 0 -24 -12851 0 60 0
990 12 1100 742 6 -24 0 51 55
991 8 609 0 -6 -12851 0 60 0
992 8 1100 0 -24 -12851 0 55 0
993 12 609 742 6 -24 0 51 55
994 12 609 742 6 -24 0 55 55
995 8 1100 0 24 -12851 0 55 0
996 12 742 609 6 -24 0 51 51
997 12 742 903 -6 24 0 51 51
998 8 609 0 6 -12851 0 60 0
999 8 1100 0 -24 -12851 0 55 0
1000 12 742 903 -6 24 0 55 51
1001 8 742 0 -6 -12851 0 55 0
1002 8 903 0 24 -12851 0 55 0
1003 12 609 742 -6 24 0 55 55
1004 8 609 0 24 -12851 0 60 0
1005 8 1100 0 24 -12851 0 60 0
1006 12 742 500 -6 24 0 51 55
1007 8 500 0 -24 -12851 0 60 0
1008 8 742 0 24 -12851 0 55 0
1009 8 742 0 6 -12851 0 55 0
1010 12 742 903 -6 24 0 55 51
1011 8 903 0 -6 -12851 0 55 0
1012 8 609 0 6 -12851 0 60 0
1013 8 903 0 -24 -12851 0 55 0
1014 12 742 609 -6 24 0 51 55
1015 8 500 0 6 -12851 0 60 0
1016 8 500 0 -24 -12851 0 60 0
1017 8 1100 0 -24 -12851 0 60 0
1018 8 1100 0 6 -12851 0 55 0
1019 12 500 742 -6 24 0 55 51
1020 12 903 742 6 -24 0 51 55
1021 8 1100 0 24 -12851 0 60 0
1022 12 742 609 -6 24 0 51 51
1023 12 742 609 6 -24 0 51 55
1024 8 742 0 6 -12851 0 55 0
1025 8 609 0 -6 -12851 0 55 0
1026 8 1100 0 24 -12851 0 60 0
1027 8 500 0 -6 -12851 0 55 0
1028 12 500 742 -6 24 0 55 51
1029 8 609 0 24 -12851 0 55 0
1030 8 903 0 -6 -12851 0 60 0
1031 12 742 609 6 -24 0 55 51
1032 8 903 0 6 -12851 0 60 0
1033 8 500 0 -24 -12851 0 60 0
1034 8 500 0 24 -12851 0 55 0
1035 8 609 0 -6 -12851 0 60 0
1036 12 742 500 -6 24 0 55 51
1037 12 742 500 6 -24 0 55 55
1038 12 742 1100 6 -24 0 51 51
1039 8 742 0 -6 -12851 0 60 0
1040 8 742 0 24 -12851 0 55 0
1041 12 742 609 6 -24 0 51 55
1042 8 903 0 -6 -12851 0 60 0
1043 12 742 500 6 -24 0 51 55
1044 12 742 609 6 -24 0 55 55
1045 8 742 0 6 -12851 0 55 0
1046 12 742 500 6 -24 0 51 55
1047 8 742 0 6 -12851 0 60 0
1048 8 500 0 6 -12851 0 55 0
1049 8 500 0 -6 -12851 0 55 0
1050 12 742 1100 -6 24 0 55 51
1051 8 742 0 -6 -12851 0 55 0
1052 8 1100 0 -24 -12851 0 60 0
1053 12 903 742 -6 24 0 51 51
1054 12 500 742 -6 24 0 55 51
1055 8 500 0 24 -12851 0 60 0
1056 12 742 500 -6 24 0 51 55
1057 8 1100 0 6 -12851 0 60 0
1058 8 609 0 6 -12851 0 55 0
1059 12 500 742 -6 24 0 51 51
1060 12 609 742 6 -24 0 55 51
1061 8 609 0 -24 -12851 0 60 0
1062 8 742 0 -24 -12851 0 60 0
1063 8 1100 0 -6 -12851 0 60 0
1064 8 609 0 -6 -12851 0 60 0
1065 12 742 609 -6 24 0 51 55
1066 8 903 0 -6 -12851 0 60 0
1067 8 903 0 -24 -12851 0 60 0
1068 8 903 0 24 -12851 0 55 0
1069 8 903 0 -6 -12851 0 55 0
1070 8 903 0 24 -12851 0 55 0
1071 8 742 0 -24 -12851 0 55 0
1072 8 609 0 24 -12851 0 60 0
1073 8 609 0 -24 -12851 0 60 0
1074 8 742 0 -24 -12851 0 60 0
1075 8 903 0 -24 -12851 0 60 0
1076 12 742 609 -6 24 0 55 51
1077 8 609 0 6 -12851 0 60 0
1078 8 500 0 -24 -12851 0 60 0
1079 12 500 742 6 -24 0 51 51
1080 12 742 500 -6 24 0 51 55
1081 8 742 0 24 -12851 0 55 0
1082 12 742 609 6 -24 0 55 55
1083 8 1100 0 -24 -12851 0 60 0
1084 12 1100 742 -6 24 0 51 55
1085 8 903 0 6 -12851 0 55 0
1086 12 742 500 6 -24 0 51 51
1087 8 500 0 24 -12851 0 55 0
1088 8 500 0 -24 -12851 0 60 0
1089 12 742 609 -6 24 0 55 51
1090 12 742 1100 -6 24 0 51 55
1091 12 500 742 6 -24 0 51 51
1092 12 742 609 6 -24 0 55 51
1093 8 1100 0 -24 -12851 0 60 0
1094 8 1100 0 24 -12851 0 60 0
1095 8 500 0 -6 -12851 0 55 0
1096 12 903 742 -6 24 0 55 51
1097 8 500 0 -6 -12851 0 55 0
1098 12 742 609 6 -24 0 55 51
1099 8 903 0 -24 -12851 0 55 0
1100 12 742 1100 6 -24 0 51 55
1101 12 742 903 6 -24 0 55 51
1102 12 742 500 -6 24 0 55 51
1103 8 500 0 -6 -12851 0 60 0
1104 8 609 0 -24 -12851 0 60 0
1105 12 903 742 6 -24 0 51 51
1106 8 500 0 -6 -12851 0 55 0
1107 8 609 0 -24 -12851 0 60 0
1108 12 742 609 6 -24 0 55 51
1109 8 903 0 -24 -12851 0 60 0
1110 12 742 903 -6 24 0 55 51
1111 8 609 0 -24 -12851 0 60 0
1112 8 742 0 -24 -12851 0 55 0
1113 8 742 0 6 -12851 0 55 0
1114 12 1100 742 6 -24 0 51 51
1115 8 903 0 -6 -12851 0 55 0
1116 8 742 0 24 -12851 0 55 0
1117 8 1100 0 -6 -12851 0 55 0
1118 8 1100 0 -6 -12851 0 60 0
1119 12 742 609 6 -24 0 51 55
1120 8 1100 0 24 -12851 0 55 0
1121 8 500 0 -24 -12851 0 60 0
1122 12 500 742 6 -24 0 51 51
1123 8 500 0 24 -12851 0 60 0
1124 8 609 0 -6 -12851 0 60 0
1125 8 500 0 24 -12851 0 55 0
1126 12 742 609 -6 24 0 51 51
1127 8 1100 0 -6 -12851 0 55 0
1128 12 742 1100 6 -24 0 55 51
1129 12 742 1100 6 -24 0 51 51
1130 8 609 0 -6 -12851 0 60 0
1131 12 609 742 6 -24 0 51 51
1132 8 1100 0 -24 -12851 0 55 0
1133 8 500 0 24 -12851 0 55 0
1134 8 742 0 6 -12851 0 60 0
1135 12 1100 742 -6 24 0 51 55
1136 8 1100 0 6 -12851 0 55 0
1137 12 1100 742 6 -24 0 51 55
1138 12 1100 742 -6 24 0 55 51
1139 12 742 609 -6 24 0 55 51
1140 12 609 742 6 -24 0 55 51
1141 8 742 0 24 -12851 0 60 0
1142 12 500 742 -6 24 0 55 55
1143 8 742 0 6 -12851 0 60 0
1144 12 742 1100 6 -24 0 55 51
1145 8 903 0 -6 -12851 0 55 0
1146 12 742 903 -6 24 0 55 55
1147 8 609 0 6 -12851 0 60 0
1148 12 742 609 -6 24 0 55 51
1149 8 903 0 24 -12851 0 55 0
1150 12 742 903 -6 24 0 51 51
1151 12 742 609 -6 24 0 51 51
1152 12 500 742 -6 24 0 51 55
1153 12 903 742 6 -24 0 55 55
1154 8 903 0 24 -12851 0 60 0
1155 12 609 742 -6 24 0 55 51
1156 8 500 0 -6 -12851 0 60 0
1157 8 500 0 24 -12851 0 60 0
1158 12 742 903 -6 24 0 51 55
1159 12 903 742 6 -24 0 51 55
1160 8 609 0 6 -12851 0 55 0
1161 8 500 0 -24 -12851 0 55 0
1162 8 1100 0 -24 -12851 0 60 0
1163 12 609 742 6 -24 0 51 55
1164 8 742 0 -24 -12851 0 55 0
1165 12 742 903 6 -24 0 55 51
1166 8 742 0 24 -12851 0 55 0
1167 8 903 0 -6 -12851 0 60 0
1168 8 742 0 -24 -12851 0 60 0
1169 8 903 0 6 -12851 0 55 0
1170 8 903 0 6 -12851 0 60 0
1171 12 742 500 -6 24 0 55 55
1172 8 609 0 24 -12851 0 55 0
1173 8 609 0 -6 -12851 0 60 0
1174 8 500 0 -6 -12851 0 55 0
1175 8 1100 0 6 -12851 0 60 0
1176 8 1100 0 6 -12851 0 55 0
1177 8 1100 0 -24 -12851 0 55 0
1178 8 1100 0 24 -12851 0 55 0
1179 8 500 0 -6 -12851 0 55 0
1180 12 1100 742 -6 24 0 55 55
1181 8 742 0 -24 -12851 0 55 0
1182 12 609 742 6 -24 0 55 55
1183 12 500 742 6 -24 0 51 55
1184 8 742 0 -24 -12851 0 60 0
1185 12 609 742 6 -24 0 55 51
1186 8 1100 0 -6 -12851 0 55 0
1187 8 1100 0 -24 -12851 0 60 0
1188 12 742 903 -6 24 0 51 55
1189 8 500 0 -6 -12851 0 55 0
1190 8 742 0 24 -12851 0 55 0
1191 12 609 742 6 -24 0 51 51
1192 8 903 0 -24 -12851 0 55 0
1193 8 500 0 24 -12851 0 55 0
1194 8 903 0 24 -12851 0 60 0
1195 8 609 0 6 -12851 0 55 0
1196 8 903 0 -6 -12851 0 60 0
1197 12 742 903 -6 24 0 51 51
1198 8 609 0 24 -12851 0 55 0
1199 8 609 0 -6 -12851 0 55 0
1200 8 500 0 6 -12851 0 60 0
1201 12 1100 742 -6 24 0 55 55
1202 8 500 0 6 -12851 0 55 0
1203 8 742 0 -6 -12851 0 55 0
1204 8 609 0 24 -12851 0 60 0
1205 8 500 0 -24 -12851 0 60 0
1206 12 609 742 6 -24 0 51 51
1207 8 609 0 -24 -12851 0 60 0
1208 8 903 0 -6 -12851 0 55 0
1209 8 1100 0 -24 -12851 0 60 0
1210 8 1100 0 24 -12851 0 55 0
1211 8 1100 0 6 -12851 0 60 0
1212 8 500 0 6 -12851 0 55 0
1213 8 742 0 -24 -12851 0 55 0
1214 12 742 500 -6 24 0 51 55
1215 8 609 0 24 -12851 0 60 0
1216 8 903 0 6 -12851 0 60 0
1217 12 742 500 6 -24 0 51 55
1218 8 742 0 -24 -12851 0 60 0
1219 8 903 0 -6 -12851 0 60 0
1220 12 500 742 6 -24 0 51 51
1221 8 1100 0 -6 -12851 0 60 0
1222 12 742 1100 6 -24 0 55 55
1223 8 1100 0 24 -12851 0 60 0
1224 12 742 903 6 -24 0 51 51
1225 8 742 0 -6 -12851 0 55 0
1226 12 742 500 6 -24 0 55 55
1227 8 742 0 24 -12851 0 55 0
1228 8 500 0 -6 -12851 0 55 0
1229 12 500 742 6 -24 0 55 51
1230 8 609 0 24 -12851 0 55 0
1231 8 742 0 -6 -12851 0 55 0
1232 12 1100 742 6 -24 0 51 55
1233 8 609 0 -6 -12851 0 55 0
1234 12 903 742 -6 24 0 51 55
1235 8 500 0 -24 -12851 0 55 0
1236 8 1100 0 6 -12851 0 55 0
1237 8 1100 0 -24 -12851 0 60 0
1238 12 742 1100 6 -24 0 51 51
1239 12 742 609 -6 24 0 55 55
1240 8 903 0 -24 -12851 0 60 0
1241 8 500 0 24 -12851 0 55 0
1242 8 609 0 -6 -12851 0 60 0
1243 8 903 0 -24 -12851 0 55 0
1244 12 742 903 -6 24 0 55 51
1245 8 903 0 6 -12851 0 60 0
1246 8 903 0 -24 -12851 0 55 0
1247 8 903 0 -24 -12851 0 55 0
1248 8 742 0 -24 -12851 0 55 0
1249 8 609 0 -6 -12851 0 55 0
1250 12 742 609 -6 24 0 51 51
1251 12 609 742 -6 24 0 51 51
1252 12 742 903 6 -24 0 55 51
1253 12 742 609 -6 24 0 55 51
1254 8 742 0 -24 -12851 0 60 0
1255 8 609 0 -6 -12851 0 60 0
1256 12 742 500 6 -24 0 55 51
1257 8 903 0 6 -12851 0 60 0
1258 8 609 0 24 -12851 0 60 0
1259 12 500 742 -6 24 0 51 51
1260 12 903 742 6 -24 0 55 55
1261 12 742 903 6 -24 0 55 55
1262 8 500 0 -6 -12851 0 55 0
1263 8 500 0 24 -12851 0 55 0
1264 8 903 0 -24 -12851 0 60 0
1265 8 742 0 -24 -12851 0 55 0
1266 8 1100 0 -24 -12851 0 55 0
1267 8 1100 0 -24 -12851 0 60 0
1268 8 1100 0 -6 -12851 0 60 0
1269 8 500 0 -6 -12851 0 60 0
1270 8 1100 0 24 -12851 0 60 0
1271 12 609 742 6 -24 0 55 51
1272 12 1100 742 -6 24 0 55 51
1273 8 1100 0 6 -12851 0 60 0
1274 8 500 0 -24 -12851 0 55 0
1275 12 742 500 -6 24 0 51 55
1276 12 742 609 -6 24 0 55 51
1277 8 742 0 6 -12851 0 55 0
1278 8 500 0 6 -12851 0 55 0
1279 8 609 0 -24 -12851 0 60 0
1280 12 742 609 -6 24 0 55 51
1281 12 609 742 -6 24 0 55 51
1282 12 742 609 6 -24 0 51 55
1283 8 903 0 -6 -12851 0 60 0
