469 8 500 0 6 -12851 0 55 0
470 8 903 0 24 -12851 0 60 0
471 12 742 1100 6 -24 0 55 55
472 8 1100 0 24 -12851 1 60 0
473 12 742 1100 -6 24 0 55 51
474 8 903 0 24 -12851 0 60 0
475 12 1100 742 6 -24 0 55 55
476 8 500 0 -6 -12851 1 60 0
477 12 1100 742 -6 24 0 55 51
478 12 742 903 6 -24 0 51 51
479 8 742 0 6 -12851 1 55 0
480 8 609 0 24 -12851 1 60 0
481 12 500 742 6 -24 0 55 55
482 8 742 0 -24 -12851 0 60 0
483 12 903 742 6 -24 0 51 55
484 8 742 0 -6 -12851 0 55 0
485 8 1100 0 -6 -12851 1 55 0
486 8 500 0 -6 -12851 0 55 0
487 8 1100 0 24 -12851 0 60 0
488 12 609 742 -6 24 0 55 51
489 8 1100 0 6 -12851 1 60 0
490 8 500 0 24 -12851 0 60 0
491 8 609 0 24 -12851 1 60 0
492 8 742 0 6 -12851 1 55 0
493 8 903 0 24 -12851 1 60 0
494 8 742 0 6 -12851 0 55 0
495 12 742 1100 -6 24 0 51 55
496 12 742 903 6 -24 0 55 51
497 8 609 0 24 -12851 0 60 0
498 12 742 609 6 -24 0 55 55
499 12 742 609 -6 24 0 51 55
500 8 609 0 6 -12851 0 55 0
501 12 742 609 6 -24 0 55 55
502 8 1100 0 6 -12851 1 55 0
503 12 500 742 6 -24 0 55 51
504 12 609 742 -6 24 0 55 51
505 12 742 903 -6 24 0 55 51
506 8 500 0 -6 -12851 0 55 0
507 8 742 0 -24 -12851 0 60 0
508 12 742 609 -6 24 0 55 51
509 12 903 742 -6 24 0 51 55
510 8 500 0 24 -12851 1 55 0
511 8 903 0 6 -12851 0 60 0
512 8 903 0 24 -12851 0 60 0
513 8 1100 0 6 -12851 0 55 0
514 8 609 0 24 -12851 0 55 0
515 8 609 0 -6 -12851 0 55 0
516 12 742 903 6 -24 0 51 55
517 8 500 0 24 -12851 0 55 0
518 12 1100 742 -6 24 0 55 51
519 8 500 0 6 -12851 0 60 0
520 8 1100 0 24 -12851 0 55 0
521 8 742 0 -24 -12851 0 60 0
522 12 500 742 -6 24 0 55 51
523 8 903 0 6 -12851 0 55 0
524 8 1100 0 6 -12851 0 60 0
525 8 500 0 24 -12851 0 55 0
526 12 500 742 -6 24 0 55 51
527 8 903 0 6 -12851 1 55 0
528 12 903 742 6 -24 0 51 51
529 12 742 609 -6 24 1 55 51
530 12 903 742 -6 24 1 55 55
531 12 742 500 -6 24 1 55 51
532 12 742 609 -6 24 0 55 55
533 8 1100 0 -24 -12851 1 55 0
534 8 742 0 -6 -12851 0 60 0
535 12 742 1100 6 -24 0 55 55
536 8 609 0 -6 -12851 1 60 0
537 8 609 0 6 -12851 0 55 0
538 8 903 0 6 -12851 0 55 0
539 12 742 500 6 -24 0 51 51
540 12 1100 742 -6 24 0 55 51
541 8 742 0 6 -12851 0 55 0
542 8 1100 0 -24 -12851 0 55 0
543 8 1100 0 6 -12851 0 60 0
544 12 903 742 6 -24 0 55 55
545 8 609 0 -24 -12851 0 60 0
546 8 903 0 24 -12851 0 55 0
547 12 742 500 -6 24 0 55 55
548 8 1100 0 -24 -12851 0 55 0
549 8 1100 0 24 -12851 0 60 0
550 8 742 0 6 -12851 0 55 0
551 12 609 742 6 -24 0 51 51
552 8 609 0 24 -12851 0 55 0
553 8 742 0 -6 -12851 0 55 0
554 8 609 0 24 -12851 0 60 0
555 8 742 0 -24 -12851 0 60 0
556 8 500 0 24 -12851 0 60 0
557 12 609 742 -6 24 0 55 51
558 12 609 742 6 -24 0 55 55
559 12 1100 742 -6 24 0 51 55
560 8 903 0 -6 -12851 0 55 0
561 8 903 0 6 -12851 0 55 0
562 12 742 1100 -6 24 0 55 51
563 8 500 0 24 -12851 0 60 0
564 12 903 742 6 -24 0 55 51
565 12 742 1100 6 -24 0 51 51
566 8 500 0 -24 -12851 0 60 0
567 8 1100 0 -24 -12851 0 60 0
568 8 1100 0 6 -12851 0 55 0
569 12 742 500 -6 24 0 51 55
570 8 500 0 -6 -12851 0 60 0
571 8 1100 0 24 -12851 0 60 0
572 8 903 0 24 -12851 0 60 0
573 8 742 0 -24 -12851 0 60 0
574 8 903 0 6 -12851 0 60 0
575 8 903 0 -6 -12851 0 60 0
576 8 742 0 -6 -12851 0 55 0
577 12 742 1100 6 -24 0 55 51
578 8 1100 0 24 -12851 0 55 0
579 8 609 0 6 -12851 0 55 0
580 8 742 0 24 -12851 0 60 0
581 12 903 742 -6 24 0 51 55
582 12 609 742 6 -24 0 51 55
583 8 500 0 24 -12851 0 55 0
584 8 609 0 6 -12851 0 60 0
585 12 609 742 -6 24 0 55 55
586 12 500 742 -6 24 0 55 55
587 8 609 0 24 -12851 0 60 0
588 8 500 0 -6 -12851 0 55 0
589 8 500 0 -24 -12851 0 60 0
590 8 500 0 24 -12851 0 60 0
591 8 609 0 -24 -12851 0 60 0
592 12 609 742 -6 24 0 55 55
593 8 500 0 24 -12851 0 55 0
594 12 742 609 6 -24 0 51 55
595 8 1100 0 24 -12851 0 55 0
596 12 742 609 -6 24 0 51 55
597 8 742 0 -24 -12851 0 55 0
598 12 742 609 6 -24 0 51 51
599 12 1100 742 6 -24 0 55 51
600 12 742 1100 6 -24 0 55 51
601 8 1100 0 -24 -12851 0 60 0
602 12 742 500 6 -24 0 55 51
603 8 500 0 24 -12851 0 60 0
604 8 742 0 24 -12851 0 60 0
605 12 742 609 6 -24 0 55 51
606 12 742 1100 6 -24 0 55 55
607 8 742 0 24 -12851 0 60 0
608 8 1100 0 6 -12851 0 55 0
609 8 609 0 6 -12851 0 60 0
610 12 1100 742 6 -24 0 55 51
611 8 903 0 24 -12851 0 55 0
612 12 609 742 -6 24 0 51 55
613 8 903 0 -24 -12851 0 55 0
614 8 903 0 6 -12851 0 60 0
615 8 609 0 6 -12851 0 60 0
616 12 742 500 -6 24 0 51 51
617 8 500 0 -6 -12851 0 60 0
618 8 500 0 -6 -12851 0 55 0
619 12 609 742 -6 24 0 55 51
620 8 609 0 -24 -12851 0 60 0
621 12 742 903 6 -24 0 55 55
622 8 500 0 -6 -12851 0 55 0
623 12 500 742 -6 24 0 51 51
624 12 742 500 -6 24 0 55 51
625 8 1100 0 -6 -12851 0 60 0
626 8 609 0 -6 -12851 0 55 0
627 12 742 1100 -6 24 0 51 55
628 12 609 742 6 -24 0 51 51
629 12 500 742 -6 24 0 55 51
630 8 500 0 -24 -12851 0 55 0
631 8 609 0 -24 -12851 0 55 0
632 12 903 742 6 -24 0 55 55
633 8 903 0 -6 -12851 0 60 0
634 8 742 0 6 -12851 0 60 0
635 8 742 0 24 -12851 0 55 0
636 8 742 0 -6 -12851 0 60 0
637 8 903 0 6 -12851 0 55 0
638 12 609 742 6 -24 0 51 55
639 12 500 742 6 -24 0 55 51
640 12 609 742 -6 24 0 55 55
641 12 742 500 -6 24 0 55 51
642 8 903 0 -6 -12851 0 60 0
643 8 1100 0 6 -12851 0 55 0
644 12 742 1100 6 -24 0 51 51
645 8 1100 0 -6 -12851 0 55 0
646 8 609 0 -6 -12851 0 55 0
647 12 742 903 -6 24 0 55 55
648 12 742 1100 -6 24 0 55 55
649 8 609 0 -6 -12851 0 55 0
650 8 742 0 24 -12851 0 55 0
651 12 1100 742 -6 24 0 55 55
652 12 609 742 6 -24 0 51 55
653 8 903 0 -24 -12851 0 55 0
654 8 1100 0 6 -12851 0 60 0
655 12 742 1100 -6 24 0 55 51
656 8 1100 0 24 -12851 0 55 0
657 8 500 0 -24 -12851 0 60 0
658 8 1100 0 -24 -12851 0 55 0
659 8 609 0 -24 -12851 0 60 0
660 12 609 742 -6 24 0 55 51
661 12 742 1100 -6 24 0 55 51
662 8 609 0 24 -12851 0 55 0
663 8 742 0 24 -12851 0 55 0
664 12 742 903 -6 24 0 51 55
665 8 500 0 6 -12851 0 60 0
666 8 742 0 24 -12851 0 60 0
667 12 742 609 6 -24 0 55 55
668 8 903 0 6 -12851 0 60 0
669 8 500 0 -24 -12851 0 55 0
670 8 903 0 -24 -12851 0 60 0
671 8 500 0 -24 -12851 0 55 0
672 8 500 0 -24 -12851 0 55 0
673 8 500 0 -24 -12851 0 60 0
674 12 903 742 6 -24 0 51 51
675 8 500 0 24 -12851 0 60 0
676 8 903 0 6 -12851 0 55 0
677 8 1100 0 24 -12851 0 55 0
678 12 609 742 6 -24 0 55 51
679 12 500 742 6 -24 0 55 55
680 8 742 0 -6 -12851 0 60 0
681 8 903 0 6 -12851 0 60 0
682 12 1100 742 6 -24 0 55 51
683 12 742 609 -6 24 0 51 51
684 12 742 1100 6 -24 0 51 55
685 8 1100 0 -24 -12851 0 60 0
686 8 903 0 6 -12851 0 60 0
687 12 903 742 6 -24 0 55 55
688 8 609 0 -6 -12851 0 55 0
689 8 1100 0 -6 -12851 0 55 0
690 12 742 1100 -6 24 0 55 51
691 8 742 0 24 -12851 0 55 0
692 12 609 742 6 -24 0 55 55
693 12 903 742 -6 24 0 55 51
694 12 742 609 -6 24 0 55 51
695 8 742 0 6 -12851 0 60 0
696 8 609 0 -24 -12851 0 60 0
697 8 609 0 -24 -12851 0 60 0
698 12 742 500 6 -24 0 51 55
699 12 742 609 -6 24 0 55 51
700 12 742 500 -6 24 0 55 51
701 8 903 0 -24 -12851 0 60 0
702 12 609 742 6 -24 0 51 51
703 12 500 742 -6 24 0 55 51
704 8 903 0 6 -12851 0 55 0
705 8 500 0 -6 -12851 0 55 0
706 12 903 742 -6 24 0 51 55
707 12 500 742 -6 24 0 51 51
708 12 609 742 6 -24 0 55 51
709 12 609 742 -6 24 0 55 55
710 12 742 500 6 -24 0 55 51
711 12 903 742 -6 24 0 55 51
712 12 1100 742 -6 24 0 55 51
713 8 500 0 24 -12851 0 60 0
714 8 500 0 -6 -12851 0 60 0
715 12 742 903 6 -24 0 51 51
716 12 742 500 -6 24 0 51 55
717 8 742 0 -24 -12851 0 60 0
718 12 903 742 6 -24 0 51 51
719 8 742 0 -24 -12851 0 55 0
720 8 609 0 -24 -12851 0 55 0
721 12 742 1100 6 -24 0 55 51
722 12 1100 742 6 -24 0 55 55
723 8 903 0 24 -12851 0 55 0
724 8 903 0 6 -12851 0 55 0
725 8 742 0 6 -12851 0 60 0
726 12 742 1100 -6 24 0 51 51
727 12 609 742 -6 24 0 51 55
728 12 742 903 6 -24 0 55 55
729 8 609 0 -24 -12851 0 60 0
730 12 742 500 -6 24 0 51 51
731 8 1100 0 6 -12851 0 60 0
732 8 609 0 24 -12851 0 60 0
733 8 1100 0 -6 -12851 0 55 0
734 12 609 742 -6 24 0 55 55
735 12 742 609 -6 24 0 51 55
736 8 1100 0 -24 -12851 0 55 0
737 12 742 609 6 -24 0 51 55
738 8 903 0 -6 -12851 0 55 0
739 8 903 0 -24 -12851 0 60 0
740 8 1100 0 6 -12851 0 55 0
741 12 609 742 6 -24 0 51 55
742 8 500 0 -6 -12851 0 55 0
743 8 1100 0 -6 -12851 0 60 0
744 8 500 0 -24 -12851 0 60 0
745 8 1100 0 6 -12851 0 55 0
746 12 742 609 6 -24 0 55 55
747 8 903 0 -6 -12851 0 60 0
748 8 500 0 -6 -12851 0 55 0
749 12 742 1100 -6 24 0 51 55
750 12 742 500 6 -24 0 51 51
751 8 903 0 6 -12851 0 55 0
752 8 742 0 -6 -12851 0 60 0
753 8 609 0 -6 -12851 0 60 0
754 12 742 500 6 -24 0 55 55
755 12 742 609 -6 24 0 55 55
756 12 742 903 -6 24 0 51 51
757 12 742 500 -6 24 0 55 55
758 12 742 1100 -6 24 0 55 55
759 12 500 742 -6 24 0 51 51
760 8 609 0 24 -12851 0 55 0
761 8 742 0 6 -12851 0 55 0
762 8 609 0 6 -12851 0 60 0
763 8 742 0 -6 -12851 0 60 0
764 12 500 742 6 -24 0 51 51
765 12 500 742 -6 24 0 51 55
766 8 1100 0 -6 -12851 0 60 0
767 12 500 742 6 -24 0 55 55
768 12 500 742 6 -24 0 51 51
769 8 1100 0 -6 -12851 0 55 0
770 8 609 0 -24 -12851 0 60 0
771 12 742 609 -6 24 0 51 51
772 12 609 742 -6 24 0 55 55
773 8 1100 0 6 -12851 0 55 0
774 8 609 0 -24 -12851 0 55 0
775 8 1100 0 6 -12851 0 60 0
776 8 609 0 -6 -12851 0 60 0
777 8 742 0 -6 -12851 0 55 0
778 8 742 0 24 -12851 0 55 0
779 8 903 0 -24 -12851 0 55 0
780 8 500 0 6 -12851 0 55 0
781 8 903 0 -6 -12851 0 60 0
782 8 903 0 24 -12851 0 55 0
783 12 742 903 6 -24 0 51 51
784 8 742 0 6 -12851 0 55 0
785 8 500 0 24 -12851 0 55 0
786 8 500 0 24 -12851 0 60 0
787 12 742 1100 -6 24 0 51 51
788 12 742 903 6 -24 0 55 51
789 12 742 500 6 -24 0 51 51
790 8 742 0 -24 -12851 0 55 0
791 12 742 500 -6 24 0 51 51
792 8 742 0 -6 -12851 0 55 0
793 8 609 0 6 -12851 0 55 0
794 8 609 0 6 -12851 0 55 0
795 12 903 742 -6 24 0 55 51
796 8 1100 0 6 -12851 0 55 0
797 8 742 0 -24 -12851 0 60 0
798 12 609 742 6 -24 0 55 51
799 12 742 1100 6 -24 0 55 51
800 12 500 742 6 -24 0 55 51
801 8 903 0 24 -12851 0 55 0
802 8 500 0 -24 -12851 0 55 0
803 8 903 0 -6 -12851 0 60 0
804 12 742 609 -6 24 0 55 55
805 12 742 1100 6 -24 0 51 51
806 8 500 0 -24 -12851 0 60 0
807 8 1100 0 -6 -12851 0 60 0
808 8 903 0 24 -12851 0 60 0
809 8 500 0 -24 -12851 0 60 0
810 12 742 903 6 -24 0 51 51
811 12 742 609 6 -24 0 55 51
812 12 1100 742 -6 24 0 51 55
813 12 742 609 6 -24 0 55 55
814 8 742 0 -24 -12851 0 60 0
815 8 1100 0 6 -12851 0 55 0
816 8 609 0 -24 -12851 0 55 0
817 8 1100 0 -6 -12851 0 60 0
818 12 742 903 6 -24 0 51 51
819 8 1100 0 -24 -12851 0 55 0
820 8 1100 0 6 -12851 0 55 0
821 12 1100 742 -6 24 0 55 55
822 12 742 500 6 -24 0 55 51
823 8 500 0 -6 -12851 0 60 0
824 12 1100 742 -6 24 0 51 55
825 8 903 0 24 -12851 0 60 0
826 8 1100 0 -6 -12851 0 60 0
827 8 500 0 24 -12851 0 55 0
828 8 903 0 -6 -12851 0 60 0
829 8 903 0 24 -12851 0 55 0
830 8 609 0 24 -12851 0 55 0
831 8 742 0 24 -12851 0 60 0
832 8 500 0 -24 -12851 0 55 0
833 8 609 0 24 -12851 0 60 0
834 8 742 0 -6 -12851 0 60 0
835 8 742 0 24 -12851 0 60 0
836 12 500 742 -6 24 0 51 51
837 12 742 1100 6 -24 0 55 51
838 8 609 0 -6 -12851 0 60 0
839 8 500 0 24 -12851 0 60 0
840 12 609 742 -6 24 0 51 51
841 12 903 742 6 -24 0 55 51
842 8 500 0 -6 -12851 0 55 0
843 12 742 903 6 -24 0 51 51
844 8 500 0 6 -12851 0 60 0
845 8 903 0 6 -12851 0 60 0
846 12 609 742 6 -24 0 55 51
847 8 1100 0 24 -12851 0 60 0
848 8 609 0 24 -12851 0 60 0
849 12 500 742 -6 24 0 55 55
850 12 742 500 6 -24 0 55 51
851 8 500 0 6 -12851 0 55 0
852 12 742 903 -6 24 0 51 51
853 8 903 0 24 -12851 0 60 0
854 12 1100 742 6 -24 0 51 55
855 8 609 0 6 -12851 0 60 0
856 8 742 0 6 -12851 0 60 0
857 12 500 742 -6 24 0 55 55
858 8 903 0 24 -12851 0 55 0
859 12 742 609 6 -24 0 51 55
860 12 609 742 -6 24 0 55 55
861 8 742 0 -6 -12851 0 55 0
862 8 742 0 6 -12851 0 55 0
863 8 1100 0 24 -12851 0 55 0
864 12 609 742 6 -24 0 55 51
865 8 1100 0 -6 -12851 0 55 0
866 12 742 1100 -6 24 0 55 55
867 8 609 0 24 -12851 0 60 0
868 8 903 0 -24 -12851 0 55 0
869 12 609 742 -6 24 0 51 51
870 8 903 0 24 -12851 0 60 0
871 8 609 0 -6 -12851 0 60 0
872 8 742 0 -24 -12851 0 60 0
873 8 1100 0 24 -12851 0 60 0
874 8 1100 0 24 -12851 0 55 0
875 8 742 0 -24 -12851 0 60 0
876 12 742 500 6 -24 0 55 55
877 12 500 742 6 -24 0 51 51
878 8 1100 0 -6 -12851 0 60 0
879 12 903 742 -6 24 0 55 51
880 8 609 0 -6 -12851 0 60 0
881 8 903 0 -6 -12851 0 60 0
882 12 742 1100 6 -24 0 51 51
883 8 500 0 -6 -12851 0 55 0
884 12 742 500 -6 24 0 51 55
885 12 742 609 6 -24 0 55 55
886 8 609 0 24 -12851 0 55 0
887 12 742 1100 6 -24 0 55 55
888 8 500 0 6 -12851 0 55 0
889 8 742 0 6 -12851 0 60 0
890 12 500 742 -6 24 0 55 55
891 12 742 609 6 -24 0 51 51
892 12 742 903 6 -24 0 55 51
893 8 500 0 6 -12851 0 60 0
894 8 903 0 24 -12851 0 60 0
895 8 903 0 -6 -12851 0 60 0
896 8 903 0 -24 -12851 0 60 0
897 8 1100 0 -24 -12851 0 60 0
898 12 742 609 -6 24 0 51 51
899 12 742 609 -6 24 0 51 55
900 8 609 0 24 -12851 0 55 0
901 12 1100 742 6 -24 0 55 55
902 8 500 0 -24 -12851 0 60 0
903 8 742 0 6 -12851 0 55 0
904 8 903 0 6 -12851 0 55 0
905 12 742 500 -6 24 0 55 51
906 8 500 0 -24 -12851 0 55 0
907 8 1100 0 24 -12851 0 60 0
908 8 500 0 -6 -12851 0 55 0
909 12 1100 742 6 -24 0 51 55
910 8 609 0 -6 -12851 0 60 0
911 8 1100 0 -6 -12851 0 60 0
912 12 1100 742 -6 24 0 55 51
913 8 903 0 -24 -12851 0 55 0
914 8 742 0 -24 -12851 0 60 0
915 8 609 0 6 -12851 0 55 0
916 12 742 500 6 -24 0 51 55
917 12 742 609 6 -24 0 51 51
918 8 742 0 6 -12851 0 60 0
919 12 609 742 6 -24 0 51 55
920 8 903 0 -24 -12851 0 55 0
921 8 903 0 -6 -12851 0 55 0
922 12 500 742 -6 24 0 51 55
923 8 742 0 6 -12851 0 60 0
924 8 609 0 -24 -12851 0 55 0
925 8 609 0 -24 -12851 0 60 0
926 12 742 500 -6 24 0 55 51
927 8 500 0 24 -12851 0 60 0
928 8 742 0 24 -12851 0 55 0
929 8 609 0 -24 -12851 0 60 0
930 12 500 742 6 -24 0 55 55
931 8 742 0 -6 -12851 0 60 0
932 8 903 0 6 -12851 0 55 0
933 12 742 903 -6 24 0 55 55
934 12 903 742 -6 24 0 51 51
935 8 903 0 24 -12851 0 60 0
936 8 500 0 -24 -12851 0 55 0
937 8 500 0 -6 -12851 0 60 0
938 12 1100 742 6 -24 0 51 55
939 12 742 903 -6 24 0 55 51
940 8 1100 0 -6 -12851 0 60 0
941 8 1100 0 -24 -12851 0 60 0
942 12 742 500 -6 24 0 55 55
943 8 1100 0 6 -12851 0 55 0
944 12 1100 742 -6 24 0 55 55
945 8 742 0 -6 -12851 0 60 0
946 12 742 1100 -6 24 0 51 55
947 8 742 0 24 -12851 0 60 0
948 8 742 0 -6 -12851 0 55 0
949 8 1100 0 24 -12851 0 55 0
950 12 742 500 -6 24 0 51 55
951 8 742 0 -6 -12851 0 55 0
952 12 742 1100 -6 24 0 51 51
953 12 742 500 -6 24 0 55 55
954 8 903 0 6 -12851 0 55 0
955 12 742 500 6 -24 0 55 55
956 12 1100 742 6 -24 0 51 55
957 8 1100 0 -24 -12851 0 60 0
958 12 609 742 -6 24 0 55 55
959 12 742 1100 -6 24 0 55 55
960 8 500 0 -24 -12851 0 60 0
961 8 609 0 -6 -12851 0 55 0
962 12 742 903 -6 24 0 51 51
963 8 903 0 6 -12851 0 55 0
964 8 500 0 -24 -12851 0 60 0
965 12 1100 742 -6 24 0 55 51
966 12 742 500 6 -24 0 51 51
967 12 742 903 -6 24 0 51 55
968 12 742 500 6 -24 0 51 51
969 12 742 500 6 -24 0 51 55
970 8 903 0 6 -12851 0 55 0
971 8 1100 0 6 -12851 1 60 0
972 8 500 0 24 -12851 1 60 0
973 8 609 0 6 -12851 0 60 0
974 8 609 0 24 -12851 1 60 0
975 8 609 0 24 -12851 1 55 0
976 12 1100 742 -6 24 0 51 51
977 12 742 609 -6 24 1 51 55
978 8 609 0 24 -12851 1 55 0
979 8 1100 0 -6 -12851 1 55 0
980 8 609 0 -6 -12851 1 60 0
981 8 903 0 24 -12851 1 55 0
982 8 500 0 6 -12851 1 55 0
983 12 742 1100 6 -24 1 55 55
984 8 903 0 24 -12851 1 55 0
985 12 903 742 -6 24 0 55 55
986 8 1100 0 6 -12851 1 60 0
987 8 903 0 24 -12851 1 60 0
988 12 903 742 -6 24 0 55 55
989 8 500 0 -24 -12851 1 55 0
990 8 742 0 -6 -12851 1 60 0
991 12 1100 742 6 -24 0 51 55
992 12 500 742 6 -24 1 55 55
993 8 609 0 6 -12851 1 55 0
994 8 742 0 -24 -12851 1 60 0
995 12 742 500 -6 24 1 51 51
996 12 742 1100 -6 24 1 51 51
997 8 742 0 -24 -12851 0 60 0
998 12 742 1100 6 -24 0 51 51
999 8 1100 0 -24 -12851 1 55 0
1000 8 500 0 -24 -12851 0 55 0
1001 8 742 0 -6 -12851 1 60 0
1002 12 903 742 -6 24 0 51 55
1003 8 742 0 -24 -12851 1 60 0
1004 8 500 0 -24 -12851 0 60 0
1005 8 903 0 -24 -12851 1 55 0
1006 12 500 742 -6 24 0 51 55
1007 12 742 609 -6 24 1 55 55
1008 12 903 742 6 -24 0 51 51
1009 8 742 0 6 -12851 1 55 0
1010 8 903 0 -6 -12851 1 55 0
1011 8 1100 0 -24 -12851 1 60 0
1012 12 903 742 -6 24 1 51 55
1013 8 1100 0 24 -12851 1 55 0
1014 12 742 609 6 -24 0 51 55
1015 12 742 609 6 -24 0 51 55
1016 8 742 0 24 -12851 1 60 0
1017 8 609 0 24 -12851 1 55 0
1018 8 1100 0 24 -12851 1 60 0
1019 12 742 903 -6 24 1 51 55
1020 12 500 742 6 -24 1 51 51
1021 12 742 609 6 -24 0 55 51
1022 8 903 0 24 -12851 0 60 0
1023 8 609 0 6 -12851 1 60 0
1024 12 1100 742 -6 24 0 55 51
1025 8 609 0 -24 -12851 1 60 0
1026 8 500 0 -6 -12851 0 55 0
1027 12 742 609 -6 24 0 51 51
1028 8 500 0 6 -12851 1 55 0
1029 12 742 903 -6 24 0 55 51
1030 12 742 1100 6 -24 1 51 51
1031 8 500 0 -6 -12851 1 55 0
1032 8 500 0 -6 -12851 1 55 0
1033 12 742 903 6 -24 0 51 51
1034 12 742 903 6 -24 0 51 55
1035 12 742 500 -6 24 1 55 51
1036 8 1100 0 24 -12851 0 55 0
1037 12 609 742 6 -24 0 55 51
1038 12 742 609 -6 24 0 51 51
1039 12 742 903 6 -24 0 55 51
1040 8 903 0 24 -12851 1 60 0
1041 8 500 0 6 -12851 1 55 0
1042 8 609 0 24 -12851 1 60 0
1043 12 742 903 -6 24 1 51 51
1044 12 609 742 6 -24 0 51 51
1045 12 609 742 -6 24 0 51 55
1046 12 742 500 6 -24 0 55 51
1047 8 742 0 -24 -12851 0 60 0
1048 12 742 609 -6 24 0 55 51
1049 12 500 742 -6 24 0 55 51
1050 8 1100 0 24 -12851 0 60 0
1051 8 500 0 -6 -12851 1 55 0
1052 8 742 0 6 -12851 1 55 0
1053 8 609 0 24 -12851 1 60 0
1054 12 742 609 6 -24 0 55 51
1055 8 903 0 -24 -12851 1 60 0
1056 8 903 0 -24 -12851 0 55 0
1057 8 742 0 24 -12851 1 55 0
1058 8 609 0 24 -12851 1 60 0
1059 8 1100 0 -24 -12851 1 60 0
1060 12 500 742 6 -24 1 51 55
1061 8 742 0 6 -12851 1 60 0
1062 12 742 500 6 -24 0 51 55
1063 8 742 0 -24 -12851 0 55 0
1064 12 742 903 -6 24 0 55 55
1065 12 742 903 6 -24 0 55 55
1066 8 500 0 -24 -12851 0 60 0
1067 8 903 0 -6 -12851 1 60 0
1068 8 742 0 24 -12851 1 55 0
1069 8 903 0 -6 -12851 1 60 0
1070 8 1100 0 -6 -12851 0 55 0
1071 8 1100 0 24 -12851 1 55 0
1072 12 742 903 6 -24 0 55 51
1073 12 742 903 -6 24 1 51 55
1074 8 742 0 -24 -12851 0 60 0
1075 8 609 0 -6 -12851 1 60 0
1076 8 1100 0 -24 -12851 0 55 0
1077 8 903 0 24 -12851 1 55 0
1078 8 609 0 6 -12851 1 60 0
1079 12 742 903 6 -24 1 55 55
1080 12 1100 742 6 -24 1 51 55
1081 12 742 609 6 -24 1 51 51
1082 8 609 0 6 -12851 1 60 0
1083 8 500 0 24 -12851 1 55 0
1084 8 500 0 6 -12851 1 55 0
1085 8 1100 0 -6 -12851 0 60 0
1086 8 1100 0 -24 -12851 1 60 0
1087 8 1100 0 6 -12851 1 60 0
1088 8 500 0 24 -12851 1 60 0
1089 12 742 500 -6 24 0 55 55
1090 8 742 0 6 -12851 0 60 0
1091 8 1100 0 24 -12851 1 55 0
1092 8 903 0 6 -12851 1 55 0
1093 12 742 903 6 -24 1 55 51
1094 8 742 0 -24 -12851 0 60 0
1095 8 903 0 -6 -12851 1 60 0
1096 12 742 609 -6 24 1 55 55
1097 8 609 0 -24 -12851 0 55 0
1098 8 742 0 -24 -12851 1 55 0
1099 12 609 742 6 -24 1 51 55
1100 8 609 0 24 -12851 1 60 0
1101 12 742 500 -6 24 0 55 55
1102 8 609 0 -6 -12851 1 55 0
1103 8 903 0 6 -12851 0 60 0
1104 12 742 903 6 -24 1 55 55
1105 8 500 0 -6 -12851 1 55 0
1106 12 742 609 -6 24 1 51 51
1107 12 500 742 6 -24 1 55 51
1108 8 500 0 6 -12851 1 55 0
1109 8 903 0 -6 -12851 1 60 0
1110 8 903 0 -24 -12851 1 60 0
1111 8 1100 0 24 -12851 1 60 0
1112 8 742 0 6 -12851 1 60 0
1113 12 1100 742 -6 24 0 55 51
1114 8 609 0 -24 -12851 1 60 0
1115 12 500 742 -6 24 0 55 55
1116 8 903 0 24 -12851 0 60 0
1117 12 742 903 -6 24 1 51 51
1118 12 1100 742 6 -24 1 55 55
1119 12 903 742 -6 24 0 55 55
1120 8 609 0 24 -12851 0 60 0
1121 12 742 903 6 -24 1 55 55
1122 8 1100 0 6 -12851 1 55 0
1123 8 742 0 6 -12851 0 60 0
1124 12 742 500 6 -24 0 55 55
1125 12 742 500 -6 24 1 55 51
1126 8 500 0 -6 -12851 0 60 0
1127 12 742 609 -6 24 0 55 51
1128 8 903 0 24 -12851 1 55 0
1129 8 609 0 24 -12851 1 55 0
1130 12 742 500 -6 24 1 55 51
1131 8 1100 0 -6 -12851 0 60 0
1132 8 500 0 24 -12851 1 55 0
1133 8 500 0 -24 -12851 1 60 0
1134 8 742 0 24 -12851 1 60 0
1135 8 1100 0 24 -12851 1 60 0
1136 12 903 742 -6 24 1 55 51
1137 12 1100 742 -6 24 0 55 55
1138 12 742 1100 -6 24 1 51 51
1139 8 1100 0 -6 -12851 1 55 0
1140 8 742 0 -6 -12851 0 55 0
1141 12 742 1100 6 -24 1 51 55
1142 8 500 0 -24 -12851 1 60 0
1143 8 903 0 -24 -12851 1 55 0
1144 12 742 500 -6 24 0 55 51
1145 8 742 0 24 -12851 1 55 0
1146 12 742 903 6 -24 1 51 55
1147 12 742 500 -6 24 1 51 51
1148 12 903 742 6 -24 1 55 55
1149 12 742 903 6 -24 1 55 51
1150 8 1100 0 -6 -12851 1 55 0
1151 12 742 1100 6 -24 1 51 55
1152 8 742 0 -24 -12851 0 60 0
1153 12 500 742 6 -24 1 55 51
1154 8 500 0 24 -12851 1 60 0
1155 12 903 742 6 -24 0 55 55
1156 12 1100 742 6 -24 1 55 51
1157 8 500 0 6 -12851 1 60 0
1158 8 903 0 -24 -12851 1 60 0
1159 8 1100 0 -24 -12851 1 60 0
1160 12 742 609 6 -24 0 51 51
1161 12 742 903 6 -24 0 51 55
1162 12 742 903 -6 24 1 51 51
1163 8 609 0 -24 -12851 1 55 0
1164 12 1100 742 -6 24 0 51 55
1165 8 609 0 6 -12851 1 55 0
1166 12 903 742 6 -24 1 51 55
1167 12 742 500 6 -24 0 51 51
1168 8 609 0 24 -12851 1 55 0
1169 12 1100 742 6 -24 1 55 55
1170 8 903 0 6 -12851 1 60 0
1171 8 609 0 -6 -12851 1 55 0
1172 8 609 0 6 -12851 1 55 0
1173 12 742 1100 6 -24 1 51 51
1174 8 1100 0 6 -12851 1 60 0
1175 8 903 0 6 -12851 1 55 0
1176 8 609 0 6 -12851 1 55 0
1177 8 742 0 -24 -12851 0 60 0
1178 8 609 0 -24 -12851 1 60 0
1179 12 742 903 -6 24 0 51 51
1180 8 500 0 24 -12851 1 60 0
1181 12 609 742 6 -24 1 51 55
1182 8 903 0 -24 -12851 1 60 0
1183 12 742 609 6 -24 1 55 55
1184 12 500 742 -6 24 0 55 51
1185 8 903 0 -24 -12851 0 60 0
1186 8 1100 0 6 -12851 1 60 0
1187 12 742 1100 6 -24 0 55 51
1188 12 742 500 6 -24 1 51 51
1189 12 742 903 -6 24 1 55 55
1190 8 742 0 24 -12851 1 55 0
1191 8 500 0 24 -12851 1 55 0
1192 8 1100 0 6 -12851 1 60 0
1193 8 742 0 6 -12851 1 55 0
1194 8 500 0 24 -12851 1 55 0
1195 8 500 0 -6 -12851 0 55 0
1196 12 742 609 6 -24 0 55 55
1197 8 500 0 6 -12851 1 55 0
1198 8 742 0 -24 -12851 1 60 0
1199 12 742 1100 -6 24 1 51 51
1200 12 742 1100 6 -24 1 55 51
1201 8 500 0 6 -12851 1 55 0
1202 8 500 0 -24 -12851 0 60 0
1203 8 903 0 24 -12851 1 55 0
1204 12 742 903 6 -24 0 55 51
1205 12 742 609 -6 24 0 55 55
1206 12 500 742 -6 24 1 51 55
1207 8 903 0 6 -12851 1 55 0
1208 8 609 0 24 -12851 1 55 0
1209 12 742 609 6 -24 0 51 51
1210 12 742 500 6 -24 0 55 55
1211 8 903 0 6 -12851 1 55 0
1212 8 742 0 6 -12851 1 55 0
1213 8 1100 0 6 -12851 1 60 0
1214 8 1100 0 -6 -12851 0 60 0
1215 12 500 742 -6 24 0 51 51
1216 8 609 0 -24 -12851 1 55 0
1217 8 609 0 24 -12851 1 60 0
1218 12 742 500 6 -24 1 55 51
1219 8 742 0 -24 -12851 1 60 0
1220 8 1100 0 24 -12851 0 55 0
1221 12 742 1100 -6 24 1 55 55
1222 8 500 0 -24 -12851 1 60 0
1223 12 500 742 6 -24 1 51 51
1224 8 500 0 -24 -12851 0 60 0
1225 12 609 742 -6 24 1 51 55
1226 12 742 1100 -6 24 1 55 55
1227 8 1100 0 6 -12851 1 60 0
1228 8 609 0 24 -12851 0 55 0
1229 8 742 0 -6 -12851 1 55 0
1230 12 742 1100 6 -24 1 55 55
1231 8 742 0 -24 -12851 1 60 0
1232 8 742 0 -24 -12851 1 60 0
1233 12 742 903 -6 24 1 55 55
1234 8 903 0 -6 -12851 1 60 0
1235 8 1100 0 -24 -12851 1 60 0
1236 8 609 0 -6 -12851 1 55 0
1237 8 609 0 24 -12851 1 60 0
1238 8 1100 0 -24 -12851 0 60 0
1239 8 500 0 -24 -12851 0 60 0
1240 12 742 609 -6 24 0 51 51
1241 12 742 1100 -6 24 0 51 55
1242 8 500 0 -6 -12851 0 60 0
1243 8 903 0 6 -12851 1 60 0
1244 8 903 0 -6 -12851 0 60 0
1245 12 742 500 -6 24 1 55 55
1246 8 742 0 6 -12851 1 55 0
1247 8 742 0 6 -12851 0 60 0
1248 8 500 0 24 -12851 1 60 0
1249 8 609 0 6 -12851 0 55 0
1250 8 742 0 6 -12851 1 60 0
1251 12 1100 742 -6 24 0 51 51
1252 12 1100 742 6 -24 0 55 51
1253 8 1100 0 6 -12851 0 55 0
1254 12 609 742 6 -24 0 51 55
1255 8 1100 0 -6 -12851 0 55 0
1256 8 500 0 -24 -12851 0 55 0
1257 8 903 0 -6 -12851 0 55 0
1258 8 500 0 6 -12851 1 55 0
1259 8 903 0 24 -12851 0 55 0
1260 8 1100 0 6 -12851 0 60 0
1261 8 742 0 -6 -12851 1 55 0
1262 12 742 903 6 -24 1 51 51
1263 8 903 0 -24 -12851 0 60 0
1264 8 609 0 -24 -12851 0 60 0
1265 8 609 0 6 -12851 1 60 0
1266 8 1100 0 6 -12851 0 60 0
1267 8 1100 0 6 -12851 1 55 0
1268 12 1100 742 6 -24 1 55 55
1269 12 500 742 6 -24 0 55 55
1270 12 742 500 6 -24 1 51 55
1271 8 742 0 -24 -12851 1 60 0
1272 8 742 0 6 -12851 1 60 0
1273 12 903 742 -6 24 0 55 51
1274 8 903 0 24 -12851 1 55 0
1275 8 609 0 24 -12851 1 60 0
1276 8 1100 0 -24 -12851 1 55 0
1277 12 742 609 -6 24 1 55 51
1278 8 742 0 -6 -12851 1 60 0
1279 12 1100 742 -6 24 1 51 51
1280 8 903 0 6 -12851 1 60 0
1281 8 903 0 -6 -12851 1 55 0
1282 8 500 0 6 -12851 1 60 0
1283 12 500 742 -6 24 0 51 51
1284 8 500 0 24 -12851 1 60 0
1285 8 500 0 -6 -12851 0 55 0
1286 12 742 1100 -6 24 1 55 55
1287 12 609 742 6 -24 0 51 51
1288 8 1100 0 -24 -12851 1 60 0
1289 8 609 0 24 -12851 1 60 0
1290 12 742 1100 6 -24 0 51 55
1291 8 609 0 -24 -12851 0 60 0
1292 12 742 903 6 -24 0 55 51
1293 12 1100 742 6 -24 0 51 51
1294 8 903 0 24 -12851 0 60 0
1295 12 742 500 6 -24 0 51 51
1296 12 742 500 -6 24 0 51 55
1297 12 609 742 -6 24 0 51 51
1298 12 1100 742 -6 24 0 51 51
1299 12 500 742 6 -24 0 51 51
1300 12 1100 742 6 -24 0 55 55
1301 12 500 742 6 -24 0 55 55
1302 8 903 0 -24 -12851 1 60 0
1303 12 742 609 6 -24 1 51 55
1304 8 609 0 6 -12851 0 55 0
1305 8 742 0 -24 -12851 0 60 0
1306 8 742 0 -24 -12851 0 55 0
1307 8 903 0 6 -12851 0 55 0
1308 8 609 0 -6 -12851 0 60 0
1309 8 742 0 -6 -12851 0 60 0
1310 12 742 903 -6 24 0 55 55
1311 8 1100 0 -6 -12851 1 60 0
1312 8 500 0 6 -12851 1 60 0
1313 12 500 742 6 -24 0 55 51
1314 8 903 0 24 -12851 1 55 0
1315 8 609 0 -24 -12851 0 55 0
1316 12 742 1100 6 -24 0 51 55
1317 12 742 609 6 -24 0 51 51
1318 12 903 742 6 -24 0 51 51
1319 12 1100 742 -6 24 0 51 51
1320 8 1100 0 -6 -12851 0 55 0
1321 8 500 0 -24 -12851 0 60 0
1322 12 742 903 -6 24 1 51 51
1323 8 1100 0 -6 -12851 1 60 0
1324 8 500 0 -24 -12851 1 55 0
1325 8 609 0 -6 -12851 0 60 0
1326 12 1100 742 6 -24 0 51 51
1327 8 609 0 6 -12851 0 60 0
1328 12 609 742 6 -24 0 55 55
1329 8 1100 0 -24 -12851 0 60 0
1330 8 742 0 -24 -12851 1 55 0
1331 12 742 1100 -6 24 1 55 55
1332 8 500 0 -24 -12851 1 55 0
1333 8 1100 0 -6 -12851 1 60 0
1334 12 609 742 6 -24 1 55 55
1335 8 1100 0 6 -12851 1 55 0
1336 12 742 609 -6 24 1 51 55
1337 8 903 0 24 -12851 1 55 0
1338 8 609 0 -24 -12851 1 55 0
1339 12 500 742 6 -24 1 55 55
1340 8 742 0 -24 -12851 0 60 0
1341 8 609 0 -24 -12851 0 60 0
1342 12 742 500 -6 24 0 51 51
1343 12 742 609 6 -24 0 51 55
1344 12 903 742 -6 24 1 51 55
1345 8 903 0 24 -12851 0 60 0
1346 12 609 742 -6 24 0 55 51
1347 8 500 0 -24 -12851 0 55 0
1348 12 742 500 -6 24 0 55 55
1349 12 1100 742 6 -24 0 51 55
1350 12 903 742 6 -24 0 55 51
1351 8 742 0 24 -12851 0 55 0
1352 8 903 0 24 -12851 0 55 0
1353 12 742 609 -6 24 0 55 51
1354 8 500 0 -24 -12851 0 60 0
1355 12 742 1100 -6 24 0 55 51
1356 8 609 0 -6 -12851 0 60 0
1357 8 609 0 -24 -12851 1 60 0
1358 12 742 500 -6 24 0 55 55
1359 8 742 0 6 -12851 1 55 0
1360 8 500 0 6 -12851 1 55 0
1361 8 500 0 -6 -12851 1 60 0
1362 8 903 0 -6 -12851 1 60 0
1363 12 742 609 -6 24 1 51 55
1364 8 903 0 24 -12851 0 60 0
1365 8 903 0 -6 -12851 1 55 0
1366 12 609 742 -6 24 1 51 51
1367 12 500 742 6 -24 0 51 51
1368 8 1100 0 6 -12851 1 55 0
1369 12 742 609 6 -24 0 55 51
1370 12 609 742 6 -24 1 51 51
1371 12 1100 742 -6 24 0 51 55
1372 8 742 0 -6 -12851 0 60 0
1373 12 903 742 6 -24 0 55 51
1374 8 742 0 -24 -12851 1 60 0
1375 8 609 0 -24 -12851 0 55 0
1376 8 1100 0 6 -12851 0 60 0
1377 8 1100 0 -6 -12851 0 55 0
1378 8 500 0 6 -12851 0 60 0
1379 8 609 0 -6 -12851 0 55 0
1380 8 609 0 24 -12851 0 60 0
1381 8 609 0 -24 -12851 0 55 0
1382 8 742 0 6 -12851 0 55 0
1383 8 500 0 24 -12851 0 60 0
1384 8 609 0 -6 -12851 0 60 0
1385 8 742 0 6 -12851 0 60 0
1386 12 742 1100 6 -24 0 51 51
1387 8 742 0 -24 -12851 0 55 0
1388 8 1100 0 -6 -12851 0 60 0
1389 12 742 1100 6 -24 0 55 51
1390 12 1100 742 -6 24 0 55 55
1391 8 1100 0 -6 -12851 0 55 0
1392 8 1100 0 24 -12851 0 55 0
1393 12 609 742 6 -24 0 55 55
1394 12 609 742 -6 24 0 55 51
1395 12 742 609 -6 24 0 55 51
1396 8 903 0 24 -12851 0 60 0
1397 8 903 0 6 -12851 0 60 0
1398 12 903 742 6 -24 0 51 51
1399 8 903 0 6 -12851 0 55 0
1400 12 609 742 -6 24 0 51 51
1401 12 742 500 -6 24 0 55 55
1402 8 500 0 -24 -12851 0 55 0
1403 12 903 742 -6 24 0 51 55
1404 8 609 0 -24 -12851 0 60 0
1405 8 500 0 6 -12851 0 60 0
1406 12 609 742 6 -24 0 55 55
1407 8 742 0 24 -12851 0 60 0
1408 8 742 0 -6 -12851 0 60 0
1409 12 742 609 -6 24 0 51 51
1410 8 500 0 24 -12851 0 55 0
1411 8 903 0 6 -12851 0 55 0
1412 8 742 0 6 -12851 0 55 0
1413 8 903 0 -24 -12851 0 60 0
1414 8 742 0 -6 -12851 0 60 0
1415 12 742 500 -6 24 0 55 51
1416 12 1100 742 -6 24 0 51 55
1417 12 742 609 6 -24 0 55 51
1418 8 1100 0 6 -12851 0 60 0
1419 8 609 0 -24 -12851 0 55 0
1420 12 742 609 6 -24 0 55 51
1421 8 500 0 -6 -12851 0 60 0
1422 8 500 0 -24 -12851 0 60 0
1423 8 609 0 24 -12851 0 60 0
1424 12 609 742 6 -24 0 55 55
1425 8 903 0 6 -12851 0 60 0
1426 8 1100 0 6 -12851 0 55 0
1427 8 1100 0 -6 -12851 0 55 0
1428 8 609 0 -6 -12851 0 55 0
1429 8 903 0 6 -12851 0 60 0
1430 8 903 0 6 -12851 0 55 0
1431 12 742 1100 6 -24 0 55 51
1432 8 1100 0 -24 -12851 0 60 0
1433 12 903 742 6 -24 0 51 51
1434 8 500 0 24 -12851 0 60 0
1435 8 1100 0 24 -12851 0 55 0
1436 12 742 903 -6 24 0 51 55
1437 8 500 0 -6 -12851 0 60 0
1438 8 1100 0 6 -12851 0 55 0
1439 8 903 0 -6 -12851 0 60 0
1440 12 742 500 6 -24 0 55 51
1441 8 500 0 -24 -12851 0 55 0
1442 8 903 0 -6 -12851 0 55 0
1443 12 742 903 -6 24 0 55 51
1444 8 742 0 24 -12851 0 55 0
1445 12 500 742 6 -24 0 55 51
1446 8 609 0 -24 -12851 0 60 0
1447 8 609 0 6 -12851 0 60 0
1448 12 500 742 6 -24 0 55 55
1449 12 742 609 -6 24 0 55 55
1450 12 742 903 6 -24 0 55 55
1451 8 742 0 24 -12851 0 55 0
1452 12 742 500 -6 24 0 51 51
1453 8 609 0 -24 -12851 0 60 0
1454 12 1100 742 6 -24 0 51 55
1455 8 742 0 6 -12851 0 60 0
1456 12 1100 742 -6 24 0 55 55
1457 12 609 742 -6 24 0 51 51
1458 12 742 609 -6 24 0 55 55
1459 12 742 903 -6 24 0 51 51
1460 8 742 0 -6 -12851 0 60 0
1461 8 742 0 6 -12851 0 55 0
1462 8 742 0 -24 -12851 0 55 0
1463 8 1100 0 -24 -12851 0 55 0
1464 12 1100 742 6 -24 0 55 51
1465 12 609 742 6 -24 0 55 51
1466 12 742 1100 -6 24 0 55 55
1467 12 500 742 -6 24 0 55 51
1468 8 742 0 6 -12851 0 55 0
1469 12 609 742 -6 24 0 51 51
1470 8 903 0 6 -12851 0 55 0
1471 12 742 903 6 -24 0 55 51
1472 8 1100 0 24 -12851 0 55 0
1473 8 500 0 -6 -12851 0 60 0
1474 12 742 903 6 -24 0 55 55
1475 12 903 742 6 -24 0 55 51
1476 8 609 0 24 -12851 0 60 0
1477 12 742 1100 6 -24 0 55 55
1478 12 742 1100 6 -24 0 51 51
1479 8 903 0 24 -12851 0 55 0
1480 8 500 0 -6 -12851 0 55 0
1481 12 609 742 -6 24 0 55 51
1482 12 903 742 6 -24 0 55 55
1483 8 903 0 -6 -12851 0 55 0
1484 8 1100 0 24 -12851 0 60 0
1485 8 500 0 -6 -12851 0 55 0
1486 8 609 0 24 -12851 0 60 0
1487 8 609 0 24 -12851 0 55 0
1488 8 1100 0 24 -12851 0 60 0
1489 12 742 500 6 -24 0 55 51
1490 12 609 742 -6 24 0 55 51
1491 12 742 609 6 -24 0 51 55
1492 8 1100 0 -6 -12851 0 55 0
1493 12 742 903 -6 24 0 55 51
1494 8 742 0 -6 -12851 0 55 0
1495 8 609 0 24 -12851 0 60 0
1496 12 500 742 6 -24 0 51 55
1497 12 742 609 6 -24 0 55 55
1498 8 742 0 24 -12851 0 60 0
1499 12 742 1100 6 -24 0 55 55
1500 8 742 0 -6 -12851 0 55 0
1501 12 742 500 -6 24 0 51 55
1502 8 1100 0 6 -12851 0 60 0
1503 12 742 500 -6 24 0 51 55
1504 8 903 0 24 -12851 0 55 0
1505 8 1100 0 24 -12851 0 55 0
1506 8 500 0 -6 -12851 0 55 0
1507 12 500 742 -6 24 0 55 55
1508 12 742 609 6 -24 0 51 51
1509 8 500 0 6 -12851 0 55 0
1510 8 903 0 -24 -12851 0 55 0
1511 12 903 742 -6 24 0 55 55
1512 12 609 742 -6 24 0 55 55
1513 8 903 0 -6 -12851 0 60 0
1514 8 500 0 -6 -12851 0 55 0
1515 8 609 0 -6 -12851 0 60 0
1516 12 742 500 -6 24 0 55 51
1517 12 1100 742 6 -24 0 55 51
1518 12 500 742 6 -24 0 55 51
1519 8 609 0 24 -12851 0 60 0
1520 12 500 742 -6 24 0 55 51
1521 12 742 609 -6 24 0 51 51
1522 12 903 742 -6 24 0 51 55
1523 8 903 0 -6 -12851 0 55 0
1524 8 903 0 -6 -12851 0 55 0
1525 12 609 742 -6 24 0 51 51
1526 12 500 742 6 -24 0 51 55
1527 12 742 609 -6 24 0 51 51
1528 8 742 0 -6 -12851 0 60 0
1529 8 609 0 24 -12851 0 55 0
1530 8 609 0 -6 -12851 0 60 0
1531 12 903 742 -6 24 0 55 55
1532 8 500 0 -24 -12851 0 55 0
1533 12 903 742 6 -24 0 51 51
1534 12 609 742 -6 24 0 55 55
1535 12 742 609 6 -24 0 51 51
1536 12 742 500 6 -24 0 55 55
1537 8 742 0 24 -12851 0 60 0
1538 8 609 0 -6 -12851 0 60 0
1539 12 1100 742 6 -24 0 51 51
1540 8 742 0 24 -12851 0 55 0
1541 8 903 0 -6 -12851 0 60 0
1542 12 1100 742 -6 24 0 55 51
1543 12 609 742 6 -24 0 55 51
1544 8 903 0 6 -12851 0 60 0
1545 8 500 0 -6 -12851 0 55 0
1546 8 500 0 -24 -12851 0 60 0
1547 12 742 1100 6 -24 0 51 51
1548 12 742 500 6 -24 0 55 55
1549 8 1100 0 24 -12851 0 55 0
1550 12 742 1100 -6 24 0 51 51
1551 12 742 903 -6 24 0 51 51
1552 12 742 1100 6 -24 0 55 51
1553 8 1100 0 24 -12851 0 60 0
1554 12 742 609 -6 24 0 55 55
1555 12 742 609 6 -24 0 51 51
1556 12 742 609 -6 24 0 51 55
1557 12 903 742 -6 24 0 55 55
1558 12 500 742 6 -24 0 55 55
1559 12 609 742 6 -24 0 51 51
1560 12 1100 742 -6 24 0 51 51
1561 8 1100 0 6 -12851 0 55 0
1562 8 609 0 -24 -12851 0 55 0
1563 12 742 903 6 -24 0 51 51
1564 8 609 0 -24 -12851 0 55 0
1565 12 1100 742 -6 24 0 51 51
1566 8 609 0 -24 -12851 0 60 0
1567 8 500 0 6 -12851 0 60 0
1568 12 903 742 6 -24 0 51 55
1569 8 1100 0 24 -12851 0 60 0
1570 8 903 0 -6 -12851 0 60 0
1571 12 609 742 6 -24 0 51 51
1572 8 1100 0 -6 -12851 0 60 0
1573 12 1100 742 -6 24 0 51 55
1574 12 742 1100 6 -24 0 55 51
1575 8 500 0 -6 -12851 0 55 0
1576 8 609 0 24 -12851 0 60 0
1577 8 742 0 -6 -12851 0 55 0
1578 8 500 0 -24 -12851 0 60 0
1579 8 1100 0 -24 -12851 0 55 0
1580 8 903 0 24 -12851 0 55 0
1581 8 903 0 24 -12851 0 55 0
1582 8 742 0 -24 -12851 0 60 0
1583 12 609 742 -6 24 0 55 55
1584 8 742 0 6 -12851 0 55 0
1585 12 742 1100 6 -24 0 51 51
1586 12 742 609 6 -24 0 51 51
1587 12 903 742 6 -24 0 51 51
1588 8 742 0 24 -12851 0 60 0
1589 12 742 1100 6 -24 0 51 55
1590 8 742 0 -24 -12851 0 55 0
1591 8 1100 0 -6 -12851 0 55 0
1592 8 609 0 -6 -12851 0 60 0
1593 12 742 500 -6 24 0 51 51
1594 8 500 0 -24 -12851 0 60 0
1595 8 903 0 -24 -12851 0 55 0
1596 12 742 500 6 -24 0 51 51
1597 12 742 609 6 -24 0 55 55
1598 12 742 903 -6 24 0 55 51
1599 12 1100 742 6 -24 0 51 55
1600 8 742 0 -6 -12851 0 60 0
1601 8 609 0 24 -12851 0 55 0
1602 8 1100 0 6 -12851 0 60 0
1603 8 500 0 24 -12851 0 60 0
1604 8 609 0 6 -12851 0 55 0
1605 8 742 0 6 -12851 0 55 0
1606 12 1100 742 6 -24 0 55 51
1607 8 903 0 6 -12851 0 55 0
1608 12 742 500 6 -24 0 55 51
1609 12 1100 742 6 -24 0 55 55
1610 12 742 1100 -6 24 0 51 55
1611 8 903 0 -24 -12851 0 55 0
1612 8 500 0 -6 -12851 0 55 0
1613 8 1100 0 24 -12851 0 55 0
1614 8 742 0 6 -12851 0 60 0
1615 8 742 0 -24 -12851 0 60 0
1616 8 1100 0 24 -12851 0 60 0
1617 8 500 0 -6 -12851 0 55 0
1618 8 742 0 -6 -12851 0 55 0
1619 12 609 742 -6 24 0 51 55
1620 8 903 0 -24 -12851 0 55 0
1621 8 500 0 6 -12851 0 55 0
1622 12 742 903 -6 24 0 55 51
1623 12 742 609 -6 24 0 51 51
1624 12 742 903 6 -24 0 55 51
1625 8 500 0 -24 -12851 0 55 0
1626 8 609 0 24 -12851 0 55 0
1627 8 609 0 24 -12851 0 55 0
1628 8 1100 0 -6 -12851 0 60 0
1629 12 1100 742 -6 24 0 55 51
1630 12 609 742 -6 24 0 55 51
1631 8 903 0 24 -12851 0 55 0
1632 8 609 0 -24 -12851 0 55 0
1633 8 742 0 6 -12851 0 60 0
1634 12 609 742 -6 24 0 51 55
1635 8 1100 0 24 -12851 0 55 0
1636 8 903 0 24 -12851 0 60 0
1637 12 742 903 -6 24 0 55 51
1638 12 742 609 -6 24 0 51 51
1639 8 500 0 -6 -12851 0 60 0
1640 12 742 500 -6 24 0 51 55
1641 8 500 0 -24 -12851 0 55 0
1642 12 742 500 6 -24 0 55 51
1643 8 1100 0 6 -12851 0 55 0
1644 8 500 0 24 -12851 0 60 0
1645 8 1100 0 6 -12851 0 60 0
1646 12 742 903 -6 24 0 55 51
1647 8 609 0 6 -12851 0 60 0
1648 8 1100 0 24 -12851 0 55 0
1649 12 742 1100 -6 24 0 51 55
1650 12 742 500 6 -24 0 51 55
1651 12 1100 742 -6 24 0 55 55
1652 12 1100 742 -6 24 0 51 51
1653 12 1100 742 6 -24 0 51 51
1654 12 742 500 -6 24 0 51 51
1655 8 903 0 -6 -12851 0 60 0
1656 8 500 0 24 -12851 0 60 0
1657 8 903 0 -24 -12851 0 60 0
1658 8 609 0 -6 -12851 0 60 0
1659 8 609 0 -6 -12851 0 60 0
1660 8 903 0 24 -12851 0 55 0
1661 12 500 742 -6 24 0 55 51
1662 8 742 0 -24 -12851 0 55 0
1663 8 742 0 -24 -12851 0 55 0
1664 8 742 0 -6 -12851 0 60 0
1665 12 500 742 -6 24 0 55 51
1666 8 500 0 -6 -12851 0 55 0
1667 8 500 0 6 -12851 0 60 0
1668 12 742 609 -6 24 0 55 55
1669 12 742 500 -6 24 0 51 51
1670 8 1100 0 6 -12851 0 55 0
1671 12 903 742 6 -24 0 55 55
1672 8 500 0 -24 -12851 0 60 0
1673 12 1100 742 -6 24 0 51 51
1674 8 609 0 -6 -12851 0 55 0
1675 8 609 0 -24 -12851 0 60 0
1676 8 500 0 24 -12851 0 60 0
1677 8 742 0 -6 -12851 0 60 0
