329 8 903 0 24 -12851 0 60 0
330 12 742 500 6 -24 0 51 51
331 8 500 0 -24 -12851 1 60 0
332 8 609 0 6 -12851 1 55 0
333 8 500 0 6 -12851 1 60 0
334 12 609 742 -6 24 0 55 51
335 8 500 0 6 -12851 1 55 0
336 8 1100 0 24 -12851 1 55 0
337 8 609 0 24 -12851 1 55 0
338 12 742 903 -6 24 1 51 51
339 12 500 742 -6 24 1 55 55
340 12 903 742 6 -24 1 51 51
341 8 609 0 6 -12851 1 60 0
342 12 742 500 -6 24 1 55 51
343 12 742 903 6 -24 1 55 55
344 12 742 1100 -6 24 1 55 55
345 8 903 0 -6 -12851 0 60 0
346 12 742 609 -6 24 1 51 51
347 8 903 0 6 -12851 1 55 0
348 12 742 609 -6 24 1 51 55
349 12 742 1100 -6 24 1 55 51
350 12 500 742 -6 24 0 55 51
351 8 742 0 -6 -12851 1 60 0
352 8 742 0 -6 -12851 1 60 0
353 8 609 0 -24 -12851 1 55 0
354 8 903 0 6 -12851 0 60 0
355 8 1100 0 -24 -12851 0 55 0
356 12 742 609 -6 24 1 51 51
357 8 500 0 6 -12851 1 55 0
358 8 742 0 6 -12851 1 60 0
359 8 1100 0 6 -12851 1 55 0
360 8 500 0 24 -12851 1 60 0
361 12 609 742 6 -24 1 55 55
362 12 742 1100 6 -24 1 51 51
363 8 609 0 -6 -12851 0 55 0
364 8 609 0 6 -12851 1 55 0
365 8 903 0 6 -12851 0 55 0
366 12 609 742 6 -24 1 51 51
367 8 500 0 -6 -12851 1 60 0
368 8 500 0 24 -12851 1 55 0
369 8 609 0 -6 -12851 1 55 0
370 8 1100 0 -24 -12851 1 60 0
371 12 1100 742 -6 24 1 51 51
372 12 903 742 6 -24 0 55 55
373 12 609 742 -6 24 1 55 55
374 8 742 0 6 -12851 1 60 0
375 12 1100 742 -6 24 1 55 55
376 12 742 903 -6 24 0 51 55
377 8 903 0 24 -12851 1 55 0
378 8 1100 0 6 -12851 0 55 0
379 8 742 0 -24 -12851 1 55 0
380 12 742 609 -6 24 1 51 55
381 8 1100 0 -6 -12851 0 60 0
382 8 742 0 -6 -12851 0 55 0
383 12 742 500 -6 24 1 55 55
384 8 903 0 -24 -12851 1 55 0
385 12 742 903 6 -24 0 55 55
386 8 609 0 -24 -12851 1 60 0
387 8 500 0 24 -12851 1 60 0
388 8 742 0 24 -12851 1 55 0
389 8 742 0 -24 -12851 1 60 0
390 8 609 0 -6 -12851 0 60 0
391 8 903 0 24 -12851 1 55 0
392 12 742 500 -6 24 1 51 55
393 12 742 500 6 -24 1 51 55
394 12 1100 742 6 -24 0 55 51
395 12 742 500 -6 24 1 51 55
396 8 500 0 24 -12851 1 60 0
397 12 609 742 6 -24 1 55 55
398 12 500 742 -6 24 1 55 55
399 8 1100 0 24 -12851 1 60 0
400 12 500 742 -6 24 1 55 51
401 8 609 0 -24 -12851 1 55 0
402 8 1100 0 24 -12851 1 60 0
403 8 609 0 -6 -12851 0 60 0
404 12 742 500 6 -24 1 51 55
405 12 500 742 -6 24 1 55 55
406 8 1100 0 6 -12851 1 55 0
407 8 500 0 -6 -12851 0 55 0
408 8 742 0 24 -12851 1 60 0
409 12 742 609 -6 24 1 55 55
410 12 609 742 -6 24 1 51 51
411 12 609 742 6 -24 1 55 51
412 8 903 0 24 -12851 1 55 0
413 8 500 0 6 -12851 1 60 0
414 12 742 903 -6 24 1 51 51
415 8 742 0 24 -12851 1 55 0
416 12 742 903 6 -24 0 51 55
417 8 903 0 -6 -12851 0 55 0
418 8 903 0 -6 -12851 1 60 0
419 12 1100 742 -6 24 0 55 51
420 8 903 0 24 -12851 1 60 0
421 8 609 0 -24 -12851 1 55 0
422 12 609 742 6 -24 1 51 51
423 12 609 742 6 -24 1 51 55
424 8 609 0 -24 -12851 1 55 0
425 8 1100 0 -24 -12851 1 55 0
426 12 903 742 6 -24 1 55 55
427 12 742 500 6 -24 1 51 51
428 8 500 0 -24 -12851 1 55 0
429 8 1100 0 -6 -12851 1 55 0
430 12 742 500 6 -24 1 55 51
431 12 903 742 6 -24 1 51 55
432 8 903 0 24 -12851 0 55 0
433 12 742 500 6 -24 1 55 55
434 8 500 0 -24 -12851 0 55 0
435 8 1100 0 24 -12851 1 55 0
436 12 742 500 -6 24 1 55 55
437 12 742 903 6 -24 0 55 55
438 8 903 0 -24 -12851 0 55 0
439 12 609 742 6 -24 1 51 55
440 8 500 0 24 -12851 1 60 0
441 12 742 609 6 -24 0 51 55
442 12 742 500 6 -24 1 51 51
443 8 609 0 -24 -12851 1 60 0
444 8 742 0 6 -12851 0 60 0
445 12 742 903 -6 24 1 55 55
446 12 742 500 -6 24 1 55 55
447 8 742 0 24 -12851 1 60 0
448 8 742 0 -24 -12851 1 60 0
449 8 742 0 -24 -12851 1 60 0
450 12 742 903 -6 24 0 55 55
451 12 742 609 6 -24 0 55 51
452 8 742 0 -24 -12851 0 60 0
453 8 1100 0 -24 -12851 1 55 0
454 12 742 903 6 -24 1 55 51
455 8 903 0 -6 -12851 1 60 0
456 8 903 0 -6 -12851 0 55 0
457 8 742 0 24 -12851 1 60 0
458 8 609 0 6 -12851 1 60 0
459 8 742 0 -6 -12851 0 60 0
460 8 609 0 6 -12851 1 60 0
461 8 1100 0 24 -12851 1 55 0
462 12 742 903 6 -24 1 55 51
463 12 500 742 -6 24 1 55 51
464 8 1100 0 -24 -12851 1 60 0
465 8 903 0 6 -12851 1 55 0
466 12 500 742 -6 24 1 55 55
467 8 609 0 -6 -12851 0 55 0
468 12 742 1100 -6 24 1 51 55
469 8 500 0 24 -12851 1 55 0
470 8 500 0 -6 -12851 0 60 0
471 8 500 0 24 -12851 1 55 0
472 8 500 0 6 -12851 1 55 0
473 8 500 0 -6 -12851 0 55 0
474 12 500 742 -6 24 0 55 51
475 8 1100 0 24 -12851 1 55 0
476 12 1100 742 6 -24 1 55 55
477 12 500 742 6 -24 1 55 55
478 8 742 0 6 -12851 1 60 0
479 8 903 0 24 -12851 1 60 0
480 8 742 0 24 -12851 1 55 0
481 8 500 0 6 -12851 1 60 0
482 8 742 0 -24 -12851 1 60 0
483 8 500 0 24 -12851 1 60 0
484 12 609 742 6 -24 1 51 51
485 8 609 0 24 -12851 1 55 0
486 12 742 500 -6 24 1 55 51
487 8 1100 0 -24 -12851 1 60 0
488 8 1100 0 6 -12851 1 55 0
489 8 903 0 -24 -12851 1 60 0
490 8 609 0 6 -12851 1 55 0
491 12 742 1100 6 -24 1 55 51
492 8 609 0 -6 -12851 0 60 0
493 12 742 903 6 -24 1 51 55
494 8 903 0 -6 -12851 1 60 0
495 12 500 742 -6 24 1 55 55
496 8 903 0 6 -12851 1 55 0
497 8 903 0 24 -12851 1 55 0
498 12 742 1100 -6 24 0 55 55
499 8 1100 0 -24 -12851 1 60 0
500 12 742 903 6 -24 1 51 55
501 12 742 609 -6 24 1 51 51
502 8 609 0 24 -12851 1 55 0
503 8 500 0 6 -12851 1 60 0
504 12 609 742 -6 24 1 51 51
505 8 742 0 -24 -12851 1 60 0
506 12 903 742 -6 24 1 51 51
507 12 609 742 6 -24 1 55 55
508 12 742 500 -6 24 1 55 55
509 8 500 0 -6 -12851 0 60 0
510 12 742 1100 6 -24 1 55 55
511 8 500 0 -6 -12851 0 60 0
512 12 742 1100 -6 24 1 55 55
513 12 742 609 6 -24 1 51 51
514 12 742 903 6 -24 1 55 55
515 8 903 0 24 -12851 1 55 0
516 8 742 0 -24 -12851 1 55 0
517 8 609 0 6 -12851 1 55 0
518 8 609 0 6 -12851 1 60 0
519 8 903 0 -6 -12851 0 60 0
520 8 742 0 24 -12851 1 60 0
521 12 609 742 6 -24 1 51 51
522 8 1100 0 -6 -12851 0 55 0
523 12 903 742 -6 24 0 55 55
524 12 609 742 6 -24 1 51 55
525 8 1100 0 24 -12851 1 55 0
526 8 500 0 24 -12851 1 55 0
527 12 742 609 -6 24 1 55 55
528 8 500 0 6 -12851 1 60 0
529 8 1100 0 24 -12851 1 60 0
530 8 1100 0 -24 -12851 1 55 0
531 12 742 500 6 -24 1 55 51
532 12 742 500 -6 24 1 55 55
533 12 609 742 -6 24 0 55 55
534 12 742 500 6 -24 1 55 51
535 12 500 742 6 -24 1 55 55
536 8 500 0 24 -12851 1 60 0
537 12 742 903 6 -24 1 51 51
538 8 903 0 -6 -12851 0 60 0
539 8 742 0 6 -12851 1 55 0
540 8 500 0 24 -12851 1 60 0
541 12 903 742 6 -24 1 55 55
542 8 903 0 -6 -12851 1 60 0
543 8 903 0 -6 -12851 0 60 0
544 12 500 742 6 -24 0 51 51
545 12 609 742 6 -24 0 51 51
546 12 742 903 6 -24 0 51 51
547 8 609 0 24 -12851 0 60 0
548 12 609 742 6 -24 0 55 51
549 8 1100 0 -24 -12851 1 60 0
550 8 609 0 -24 -12851 1 55 0
551 12 742 500 6 -24 1 55 55
552 12 1100 742 6 -24 1 51 51
553 8 609 0 6 -12851 1 55 0
554 8 742 0 -6 -12851 0 60 0
555 8 742 0 -6 -12851 0 60 0
556 8 500 0 -24 -12851 1 55 0
557 12 742 903 6 -24 1 51 51
558 12 742 609 6 -24 0 55 51
559 8 500 0 24 -12851 1 55 0
560 12 500 742 6 -24 1 55 55
561 12 609 742 -6 24 1 51 55
562 12 742 903 -6 24 1 55 55
563 8 903 0 24 -12851 1 60 0
564 8 609 0 -6 -12851 0 55 0
565 12 742 1100 6 -24 1 55 55
566 12 609 742 -6 24 1 51 51
567 12 1100 742 6 -24 1 51 51
568 12 903 742 -6 24 1 51 51
569 8 609 0 24 -12851 1 55 0
570 12 742 903 6 -24 1 55 51
571 8 742 0 -6 -12851 0 60 0
572 12 742 903 -6 24 1 55 55
573 8 742 0 -24 -12851 1 60 0
574 8 500 0 -24 -12851 1 60 0
575 8 742 0 -24 -12851 1 55 0
576 8 609 0 24 -12851 1 55 0
577 8 1100 0 24 -12851 1 55 0
578 8 903 0 -24 -12851 1 55 0
579 8 903 0 6 -12851 1 55 0
580 8 500 0 24 -12851 1 55 0
581 12 742 500 -6 24 0 55 55
582 12 742 903 6 -24 1 51 51
583 8 1100 0 6 -12851 1 55 0
584 8 1100 0 -6 -12851 0 60 0
585 8 742 0 -24 -12851 1 55 0
586 8 742 0 6 -12851 1 55 0
587 8 609 0 24 -12851 1 60 0
588 12 742 609 6 -24 1 51 55
589 8 903 0 6 -12851 1 55 0
590 8 500 0 -6 -12851 0 60 0
591 8 903 0 -24 -12851 1 55 0
592 8 742 0 6 -12851 1 55 0
593 12 1100 742 6 -24 1 51 51
594 8 742 0 -24 -12851 1 60 0
595 8 500 0 -6 -12851 0 60 0
596 12 742 1100 6 -24 1 51 51
597 8 1100 0 24 -12851 1 60 0
598 12 742 903 -6 24 1 51 55
599 12 742 609 6 -24 1 55 55
600 12 742 1100 -6 24 1 55 51
601 8 903 0 6 -12851 1 55 0
602 12 500 742 6 -24 1 51 51
603 8 609 0 -6 -12851 0 60 0
604 8 500 0 24 -12851 1 55 0
605 8 1100 0 24 -12851 1 60 0
606 8 609 0 6 -12851 1 60 0
607 8 1100 0 24 -12851 1 60 0
608 8 1100 0 -6 -12851 0 55 0
609 12 903 742 -6 24 1 55 51
610 8 1100 0 6 -12851 0 55 0
611 8 500 0 24 -12851 1 55 0
612 8 742 0 -6 -12851 0 55 0
613 8 1100 0 -6 -12851 0 55 0
614 8 1100 0 24 -12851 1 55 0
615 8 742 0 6 -12851 1 55 0
616 12 500 742 -6 24 0 55 55
617 8 742 0 6 -12851 1 55 0
618 12 903 742 -6 24 1 51 55
619 12 609 742 -6 24 0 55 51
620 8 500 0 -6 -12851 1 60 0
621 12 742 609 6 -24 1 51 51
622 12 742 609 6 -24 1 55 55
623 8 903 0 6 -12851 1 55 0
624 8 500 0 -6 -12851 1 60 0
625 8 609 0 -6 -12851 1 55 0
626 8 609 0 6 -12851 1 55 0
627 8 903 0 -24 -12851 1 55 0
628 8 609 0 24 -12851 1 60 0
629 12 609 742 -6 24 0 51 51
630 12 742 1100 6 -24 1 51 55
631 12 742 1100 6 -24 0 51 55
632 12 742 609 6 -24 0 51 51
633 8 903 0 24 -12851 1 60 0
634 12 609 742 6 -24 0 55 55
635 8 742 0 -6 -12851 0 60 0
636 12 742 1100 -6 24 0 51 51
637 12 500 742 -6 24 0 55 55
638 12 1100 742 -6 24 1 55 51
639 8 742 0 -24 -12851 1 55 0
640 8 609 0 6 -12851 1 60 0
641 12 500 742 6 -24 1 55 51
642 8 903 0 -6 -12851 1 60 0
643 8 500 0 -24 -12851 1 60 0
644 8 903 0 -24 -12851 1 60 0
645 8 742 0 24 -12851 1 60 0
646 8 742 0 -6 -12851 0 60 0
647 12 742 500 -6 24 1 51 55
648 8 500 0 -6 -12851 0 55 0
649 8 1100 0 -24 -12851 1 55 0
650 12 742 903 6 -24 0 55 55
651 8 903 0 24 -12851 1 55 0
652 8 609 0 6 -12851 1 55 0
653 12 609 742 -6 24 1 51 51
654 8 500 0 -6 -12851 0 60 0
655 12 609 742 -6 24 1 51 55
656 8 1100 0 -6 -12851 0 55 0
657 8 609 0 24 -12851 1 60 0
658 8 1100 0 -24 -12851 0 55 0
659 12 500 742 6 -24 1 51 51
660 12 609 742 6 -24 0 51 51
661 8 500 0 24 -12851 1 55 0
662 12 609 742 -6 24 1 51 51
663 8 500 0 6 -12851 1 55 0
664 12 903 742 -6 24 1 51 51
665 8 903 0 6 -12851 1 60 0
666 12 609 742 -6 24 0 55 55
667 8 609 0 -24 -12851 1 55 0
668 8 609 0 6 -12851 1 55 0
669 8 742 0 6 -12851 1 60 0
670 8 742 0 -6 -12851 0 55 0
671 8 500 0 -6 -12851 0 55 0
672 8 742 0 6 -12851 1 55 0
673 8 609 0 6 -12851 1 60 0
674 8 1100 0 -24 -12851 0 55 0
675 8 903 0 24 -12851 1 60 0
676 12 742 609 -6 24 0 51 51
677 8 903 0 -6 -12851 0 60 0
678 12 742 1100 6 -24 1 51 55
679 12 742 1100 -6 24 0 55 51
680 12 742 1100 6 -24 0 55 55
681 8 500 0 -24 -12851 0 60 0
682 12 1100 742 6 -24 1 51 51
683 12 742 903 6 -24 1 55 55
684 8 1100 0 24 -12851 1 60 0
685 12 742 500 -6 24 1 51 51
686 12 742 903 -6 24 1 51 55
687 12 500 742 6 -24 0 55 55
688 12 742 609 6 -24 1 55 55
689 12 742 1100 -6 24 0 55 55
690 12 742 609 6 -24 0 55 51
691 8 1100 0 24 -12851 1 60 0
692 12 609 742 6 -24 1 51 51
693 8 1100 0 6 -12851 1 55 0
694 12 742 903 6 -24 1 55 55
695 8 1100 0 -6 -12851 1 60 0
696 12 500 742 6 -24 0 55 55
697 8 609 0 -6 -12851 1 55 0
698 8 742 0 24 -12851 1 60 0
699 8 1100 0 -24 -12851 1 60 0
700 12 903 742 6 -24 1 55 51
701 8 903 0 6 -12851 1 55 0
702 12 742 1100 -6 24 1 55 55
703 12 609 742 6 -24 0 55 55
704 8 903 0 -24 -12851 1 60 0
705 8 903 0 6 -12851 1 55 0
706 12 742 609 -6 24 0 55 51
707 8 609 0 -24 -12851 1 55 0
708 8 500 0 24 -12851 1 55 0
709 12 500 742 -6 24 1 55 51
710 12 1100 742 6 -24 0 51 51
711 8 500 0 24 -12851 1 60 0
712 12 742 903 6 -24 0 51 51
713 8 609 0 -6 -12851 1 60 0
714 8 742 0 24 -12851 1 55 0
715 8 742 0 -6 -12851 0 55 0
716 12 742 609 6 -24 0 55 51
717 8 1100 0 -24 -12851 1 55 0
718 8 500 0 6 -12851 1 55 0
719 12 742 609 -6 24 0 51 55
720 8 742 0 -24 -12851 1 60 0
721 8 742 0 -24 -12851 1 55 0
722 8 1100 0 -24 -12851 1 55 0
723 12 742 500 6 -24 1 55 55
724 8 903 0 -24 -12851 1 55 0
725 12 742 609 6 -24 0 55 51
726 12 1100 742 -6 24 0 55 55
727 12 1100 742 -6 24 0 55 55
728 8 903 0 -24 -12851 1 55 0
729 12 1100 742 6 -24 0 51 55
730 8 742 0 -24 -12851 0 55 0
731 8 609 0 6 -12851 1 60 0
732 12 1100 742 6 -24 1 55 55
733 12 742 1100 6 -24 1 55 55
734 8 742 0 -6 -12851 0 60 0
735 8 609 0 6 -12851 1 60 0
736 12 609 742 6 -24 0 55 51
737 8 1100 0 -24 -12851 1 55 0
738 12 903 742 6 -24 0 51 55
739 12 742 903 -6 24 1 55 55
740 8 1100 0 6 -12851 1 60 0
741 8 903 0 6 -12851 1 60 0
742 8 609 0 -6 -12851 0 55 0
743 12 500 742 6 -24 1 55 51
744 12 1100 742 -6 24 0 55 55
745 8 500 0 24 -12851 1 55 0
746 12 609 742 -6 24 1 55 51
747 8 500 0 24 -12851 1 60 0
748 8 500 0 24 -12851 1 60 0
749 8 742 0 6 -12851 1 60 0
750 8 742 0 -6 -12851 0 55 0
751 12 742 609 -6 24 1 55 51
752 8 609 0 -24 -12851 0 55 0
753 12 742 903 -6 24 0 51 51
754 8 500 0 -24 -12851 1 60 0
755 12 742 1100 -6 24 1 51 51
756 12 742 500 -6 24 1 51 51
757 8 903 0 -24 -12851 1 55 0
758 8 742 0 24 -12851 1 55 0
759 8 500 0 -24 -12851 1 55 0
760 12 742 903 6 -24 0 55 55
761 8 742 0 6 -12851 1 60 0
762 12 742 1100 6 -24 1 51 51
763 12 1100 742 6 -24 1 51 55
764 8 500 0 -6 -12851 0 60 0
765 8 609 0 6 -12851 1 60 0
766 8 609 0 6 -12851 1 60 0
767 8 903 0 24 -12851 1 60 0
768 8 903 0 24 -12851 1 55 0
769 8 1100 0 24 -12851 1 60 0
770 12 742 609 -6 24 1 51 51
771 12 500 742 -6 24 0 51 55
772 12 742 609 -6 24 0 51 55
773 8 1100 0 6 -12851 0 60 0
774 12 742 609 6 -24 1 55 55
775 8 1100 0 6 -12851 1 60 0
776 8 1100 0 -6 -12851 0 55 0
777 12 742 500 -6 24 0 51 51
778 8 1100 0 6 -12851 0 55 0
779 8 903 0 24 -12851 1 55 0
780 8 609 0 24 -12851 1 55 0
781 8 609 0 -6 -12851 0 60 0
782 12 742 903 6 -24 1 51 55
783 8 1100 0 24 -12851 1 60 0
784 8 609 0 -6 -12851 0 60 0
785 8 500 0 -6 -12851 0 55 0
786 12 1100 742 -6 24 0 55 55
787 8 903 0 -6 -12851 1 55 0
788 8 903 0 -6 -12851 0 55 0
789 12 609 742 6 -24 0 51 51
790 8 1100 0 24 -12851 0 55 0
791 12 742 500 6 -24 0 51 55
792 8 500 0 -24 -12851 1 55 0
793 8 742 0 24 -12851 1 55 0
794 8 742 0 -6 -12851 1 60 0
795 8 500 0 6 -12851 0 55 0
796 12 742 903 6 -24 0 51 51
797 8 742 0 -6 -12851 0 60 0
798 8 500 0 6 -12851 0 60 0
799 8 500 0 24 -12851 1 55 0
800 8 1100 0 -6 -12851 0 60 0
801 12 500 742 6 -24 0 51 55
802 12 742 1100 6 -24 1 55 55
803 8 500 0 6 -12851 0 60 0
804 8 742 0 6 -12851 1 60 0
805 12 742 903 6 -24 1 51 51
806 8 1100 0 -24 -12851 1 55 0
807 8 609 0 24 -12851 0 55 0
808 12 500 742 -6 24 1 51 55
809 8 742 0 6 -12851 1 60 0
810 12 903 742 -6 24 0 55 51
811 8 609 0 24 -12851 0 55 0
812 12 742 1100 -6 24 0 55 55
813 12 742 500 6 -24 0 51 51
814 8 742 0 -24 -12851 0 55 0
815 8 903 0 6 -12851 0 55 0
816 12 903 742 6 -24 0 51 51
817 12 742 1100 -6 24 0 55 51
818 8 903 0 -6 -12851 0 55 0
819 8 500 0 -6 -12851 0 60 0
820 12 742 609 -6 24 0 55 55
821 8 1100 0 24 -12851 0 60 0
822 8 903 0 -6 -12851 0 60 0
823 8 609 0 -24 -12851 0 55 0
824 8 1100 0 -24 -12851 0 60 0
825 12 742 609 6 -24 0 51 51
826 12 903 742 -6 24 0 55 51
827 8 1100 0 -24 -12851 0 60 0
828 12 903 742 -6 24 0 51 51
829 8 742 0 24 -12851 0 60 0
830 8 1100 0 -24 -12851 1 55 0
831 12 609 742 -6 24 0 51 55
832 12 1100 742 -6 24 0 55 55
833 12 742 609 6 -24 0 51 51
834 8 903 0 24 -12851 0 60 0
835 8 609 0 -6 -12851 0 60 0
836 8 1100 0 -24 -12851 0 60 0
837 12 742 903 -6 24 0 55 55
838 8 609 0 24 -12851 0 60 0
839 8 903 0 -6 -12851 0 60 0
840 8 742 0 -6 -12851 0 60 0
841 8 903 0 6 -12851 0 55 0
842 8 609 0 6 -12851 0 60 0
843 8 742 0 24 -12851 0 60 0
844 8 500 0 24 -12851 0 55 0
845 12 742 903 6 -24 0 55 51
846 12 500 742 6 -24 0 51 55
847 12 1100 742 -6 24 0 51 55
848 8 500 0 6 -12851 0 55 0
849 8 500 0 -6 -12851 0 60 0
850 8 500 0 6 -12851 0 55 0
851 8 500 0 24 -12851 0 55 0
852 12 742 903 6 -24 0 51 55
853 8 500 0 6 -12851 0 60 0
854 12 609 742 -6 24 0 55 55
855 8 500 0 24 -12851 0 55 0
856 8 742 0 24 -12851 0 60 0
857 8 742 0 -6 -12851 0 60 0
858 8 609 0 -24 -12851 0 55 0
859 8 1100 0 -6 -12851 1 60 0
860 8 609 0 6 -12851 0 60 0
861 8 742 0 -24 -12851 0 60 0
862 12 742 903 6 -24 1 55 55
863 8 609 0 24 -12851 1 55 0
864 8 1100 0 -6 -12851 1 60 0
865 12 742 903 -6 24 0 51 55
866 8 1100 0 24 -12851 0 55 0
867 8 903 0 -24 -12851 0 60 0
868 8 903 0 -24 -12851 0 55 0
869 8 903 0 -6 -12851 1 60 0
870 8 742 0 -6 -12851 1 60 0
871 8 742 0 -24 -12851 0 55 0
872 8 742 0 24 -12851 1 55 0
873 8 609 0 -24 -12851 1 55 0
874 8 500 0 -6 -12851 0 60 0
875 12 1100 742 -6 24 0 55 51
876 8 609 0 6 -12851 1 55 0
877 12 609 742 6 -24 1 55 55
878 12 742 500 -6 24 0 55 55
879 8 742 0 24 -12851 1 55 0
880 8 903 0 -6 -12851 1 60 0
881 8 500 0 24 -12851 0 60 0
882 8 903 0 -6 -12851 1 55 0
883 8 609 0 6 -12851 1 55 0
884 8 903 0 6 -12851 1 60 0
885 8 1100 0 -24 -12851 1 60 0
886 8 500 0 -6 -12851 1 60 0
887 8 1100 0 24 -12851 0 55 0
888 8 1100 0 24 -12851 0 60 0
889 8 609 0 -24 -12851 0 60 0
890 8 609 0 24 -12851 0 60 0
891 12 903 742 -6 24 0 55 51
892 8 500 0 24 -12851 0 55 0
893 8 609 0 -24 -12851 0 55 0
894 8 742 0 -24 -12851 1 60 0
895 12 1100 742 -6 24 1 51 55
896 8 742 0 -24 -12851 1 55 0
897 12 742 609 6 -24 0 55 51
898 8 500 0 24 -12851 1 60 0
899 8 742 0 -6 -12851 1 60 0
900 12 500 742 6 -24 0 51 55
901 12 742 500 6 -24 0 51 51
902 8 609 0 -6 -12851 0 55 0
903 8 500 0 -24 -12851 0 55 0
904 8 1100 0 -6 -12851 0 60 0
905 12 742 500 -6 24 0 55 51
906 8 1100 0 24 -12851 0 60 0
907 12 742 609 6 -24 0 51 55
908 8 1100 0 -24 -12851 0 60 0
909 8 903 0 -24 -12851 0 60 0
910 8 903 0 -6 -12851 0 55 0
911 12 903 742 -6 24 0 51 51
912 8 903 0 -24 -12851 0 60 0
913 12 609 742 -6 24 0 51 55
914 8 1100 0 -6 -12851 1 55 0
915 8 1100 0 -6 -12851 0 60 0
916 8 742 0 24 -12851 1 60 0
917 12 1100 742 6 -24 0 51 51
918 8 1100 0 -6 -12851 0 55 0
919 8 903 0 6 -12851 0 60 0
920 8 609 0 6 -12851 0 60 0
921 12 1100 742 -6 24 0 51 51
922 12 742 609 6 -24 0 55 55
923 8 1100 0 6 -12851 0 60 0
924 8 609 0 24 -12851 0 60 0
925 8 903 0 6 -12851 0 60 0
926 8 742 0 24 -12851 0 60 0
927 8 903 0 24 -12851 0 60 0
928 8 609 0 6 -12851 0 60 0
929 12 903 742 6 -24 0 51 55
930 8 742 0 24 -12851 0 55 0
931 12 500 742 6 -24 0 51 55
932 12 1100 742 -6 24 0 51 51
933 8 500 0 6 -12851 0 60 0
934 12 742 903 -6 24 0 55 51
935 8 500 0 -6 -12851 0 60 0
936 12 609 742 -6 24 0 51 51
937 8 500 0 -24 -12851 0 60 0
938 12 742 1100 -6 24 0 55 51
939 8 1100 0 -24 -12851 0 55 0
940 8 1100 0 -6 -12851 1 55 0
941 8 500 0 -6 -12851 0 60 0
942 8 742 0 24 -12851 1 55 0
943 8 1100 0 -6 -12851 0 60 0
944 8 1100 0 -24 -12851 0 60 0
945 8 742 0 -6 -12851 1 55 0
946 8 742 0 6 -12851 1 60 0
947 8 500 0 6 -12851 1 60 0
948 8 903 0 -24 -12851 0 55 0
949 12 609 742 6 -24 0 55 55
950 12 1100 742 -6 24 0 51 51
951 12 742 609 -6 24 1 55 55
952 8 500 0 -6 -12851 0 60 0
953 8 609 0 -24 -12851 0 60 0
954 8 609 0 24 -12851 1 55 0
955 8 903 0 24 -12851 1 60 0
956 8 609 0 6 -12851 0 60 0
957 8 903 0 -24 -12851 1 60 0
958 8 500 0 -6 -12851 1 60 0
959 8 500 0 -6 -12851 1 55 0
960 8 500 0 24 -12851 1 55 0
961 8 500 0 -6 -12851 0 60 0
962 8 903 0 24 -12851 1 60 0
963 8 609 0 -6 -12851 0 60 0
964 12 903 742 6 -24 0 55 55
965 8 609 0 6 -12851 0 60 0
966 8 1100 0 6 -12851 0 60 0
967 12 1100 742 6 -24 0 55 55
968 8 609 0 6 -12851 0 60 0
969 8 742 0 -24 -12851 1 55 0
970 8 1100 0 24 -12851 1 55 0
971 8 1100 0 -6 -12851 1 55 0
972 12 903 742 6 -24 0 55 55
973 8 742 0 -24 -12851 0 55 0
974 8 903 0 6 -12851 0 55 0
975 12 609 742 6 -24 0 55 55
976 8 903 0 -24 -12851 0 60 0
977 8 742 0 -6 -12851 0 55 0
978 8 742 0 -6 -12851 0 55 0
979 8 742 0 6 -12851 1 60 0
980 8 742 0 6 -12851 0 55 0
981 8 742 0 6 -12851 1 60 0
982 8 1100 0 -6 -12851 1 60 0
983 8 1100 0 -6 -12851 0 55 0
984 8 1100 0 24 -12851 1 55 0
985 8 903 0 -6 -12851 1 60 0
986 8 500 0 6 -12851 1 60 0
987 12 742 903 -6 24 0 55 51
988 12 609 742 6 -24 1 51 55
989 8 500 0 -24 -12851 1 55 0
990 12 742 609 6 -24 0 55 51
991 12 903 742 6 -24 0 51 51
992 8 609 0 6 -12851 0 55 0
993 12 903 742 6 -24 0 51 55
994 12 742 903 6 -24 0 55 55
995 8 903 0 6 -12851 0 60 0
996 12 1100 742 -6 24 0 51 51
997 8 903 0 -6 -12851 0 60 0
998 8 500 0 6 -12851 0 60 0
999 12 903 742 -6 24 0 55 55
1000 12 1100 742 -6 24 0 55 55
1001 12 903 742 6 -24 0 55 51
1002 8 609 0 -24 -12851 0 55 0
1003 8 609 0 6 -12851 0 55 0
1004 12 742 1100 -6 24 0 51 51
1005 12 742 1100 -6 24 0 55 55
1006 12 903 742 -6 24 0 51 51
1007 12 742 500 6 -24 0 51 51
1008 12 903 742 -6 24 0 55 55
1009 8 742 0 6 -12851 0 55 0
1010 12 742 500 6 -24 0 55 55
1011 8 742 0 -24 -12851 0 55 0
1012 12 742 903 6 -24 0 51 51
1013 8 1100 0 -6 -12851 0 60 0
1014 8 1100 0 -24 -12851 0 55 0
1015 12 903 742 6 -24 1 55 51
1016 12 742 609 -6 24 0 51 55
1017 12 609 742 -6 24 0 55 51
1018 8 1100 0 6 -12851 0 60 0
1019 8 609 0 24 -12851 0 60 0
1020 8 742 0 6 -12851 0 60 0
1021 12 1100 742 6 -24 0 55 55
1022 8 609 0 6 -12851 0 60 0
1023 8 500 0 -24 -12851 0 55 0
1024 8 609 0 -6 -12851 0 60 0
1025 8 903 0 24 -12851 0 55 0
1026 12 609 742 -6 24 0 55 51
1027 12 742 500 6 -24 0 51 55
1028 8 903 0 -24 -12851 0 60 0
1029 12 1100 742 6 -24 0 51 55
1030 8 903 0 24 -12851 0 60 0
1031 12 742 903 -6 24 0 51 51
1032 12 903 742 -6 24 0 55 51
1033 8 742 0 -6 -12851 0 60 0
1034 12 742 903 6 -24 0 55 51
1035 12 903 742 -6 24 0 51 51
1036 8 500 0 -24 -12851 0 60 0
1037 12 742 500 -6 24 0 55 51
1038 8 500 0 24 -12851 0 60 0
1039 8 609 0 -6 -12851 0 55 0
1040 8 609 0 6 -12851 0 60 0
1041 8 742 0 -24 -12851 0 60 0
1042 8 609 0 -6 -12851 0 55 0
1043 12 1100 742 -6 24 0 55 51
1044 12 500 742 -6 24 0 55 51
1045 12 609 742 -6 24 0 51 55
1046 12 1100 742 -6 24 1 51 55
1047 8 500 0 6 -12851 0 55 0
1048 8 1100 0 -24 -12851 1 60 0
1049 8 500 0 -24 -12851 1 60 0
1050 12 742 500 6 -24 1 51 55
1051 8 903 0 6 -12851 0 60 0
1052 8 500 0 -24 -12851 0 55 0
1053 8 903 0 6 -12851 0 55 0
1054 8 609 0 -6 -12851 1 60 0
1055 8 1100 0 -24 -12851 1 55 0
1056 12 903 742 6 -24 0 55 51
1057 12 1100 742 -6 24 0 51 55
1058 8 1100 0 6 -12851 0 55 0
1059 12 742 609 6 -24 0 51 51
1060 8 903 0 -24 -12851 1 55 0
1061 8 742 0 -6 -12851 1 60 0
1062 12 1100 742 6 -24 1 55 55
1063 12 742 1100 -6 24 1 51 51
1064 8 742 0 24 -12851 1 60 0
1065 12 742 609 -6 24 0 51 51
1066 12 500 742 -6 24 0 51 55
1067 8 1100 0 -6 -12851 0 60 0
1068 8 1100 0 24 -12851 1 55 0
1069 12 500 742 -6 24 0 51 51
1070 8 742 0 -6 -12851 0 60 0
1071 8 500 0 -24 -12851 0 55 0
1072 8 1100 0 24 -12851 1 55 0
1073 12 903 742 6 -24 0 51 55
1074 12 742 500 6 -24 1 51 51
1075 12 609 742 6 -24 0 51 51
1076 12 742 1100 6 -24 1 55 55
1077 8 903 0 6 -12851 1 60 0
1078 12 903 742 -6 24 0 51 55
1079 12 742 903 6 -24 1 51 55
1080 12 742 500 6 -24 1 51 51
1081 12 609 742 -6 24 0 51 51
1082 12 1100 742 -6 24 0 51 51
1083 12 742 500 6 -24 1 51 51
1084 8 500 0 -24 -12851 0 60 0
1085 12 500 742 6 -24 1 51 51
1086 12 1100 742 -6 24 1 55 55
1087 12 742 1100 -6 24 1 51 51
1088 12 1100 742 6 -24 1 55 51
1089 12 903 742 6 -24 0 51 51
1090 8 609 0 6 -12851 1 60 0
1091 8 742 0 6 -12851 1 60 0
1092 8 500 0 -24 -12851 1 60 0
1093 8 609 0 -24 -12851 1 55 0
1094 12 903 742 -6 24 1 55 51
1095 12 742 500 -6 24 1 55 51
1096 8 903 0 6 -12851 1 60 0
1097 8 742 0 -6 -12851 1 60 0
1098 8 609 0 24 -12851 1 55 0
1099 8 1100 0 -24 -12851 1 55 0
1100 8 903 0 -6 -12851 1 60 0
1101 8 903 0 24 -12851 0 55 0
1102 8 903 0 6 -12851 0 60 0
1103 8 609 0 6 -12851 0 55 0
1104 8 742 0 -24 -12851 1 55 0
1105 8 742 0 -24 -12851 1 60 0
1106 8 742 0 -6 -12851 1 60 0
1107 8 500 0 -24 -12851 1 60 0
1108 12 609 742 -6 24 1 55 55
1109 8 609 0 -24 -12851 1 55 0
1110 8 903 0 24 -12851 1 60 0
1111 8 903 0 -24 -12851 1 55 0
1112 12 742 1100 -6 24 1 51 55
1113 8 1100 0 24 -12851 1 60 0
1114 8 609 0 6 -12851 1 60 0
1115 8 1100 0 24 -12851 1 60 0
1116 8 500 0 24 -12851 1 55 0
1117 8 1100 0 -6 -12851 0 60 0
1118 12 742 903 -6 24 1 55 55
1119 8 500 0 24 -12851 1 55 0
1120 8 1100 0 6 -12851 1 55 0
1121 8 1100 0 -24 -12851 1 60 0
1122 12 1100 742 6 -24 0 51 51
1123 8 609 0 -6 -12851 0 55 0
1124 12 500 742 6 -24 1 55 51
1125 12 609 742 6 -24 0 55 55
1126 12 609 742 6 -24 1 51 51
1127 8 609 0 -6 -12851 1 60 0
1128 8 609 0 -6 -12851 0 60 0
1129 8 742 0 6 -12851 0 55 0
1130 12 1100 742 -6 24 0 55 55
1131 8 1100 0 -24 -12851 1 60 0
1132 8 742 0 -6 -12851 0 60 0
1133 12 1100 742 -6 24 1 55 55
1134 12 609 742 6 -24 1 55 55
1135 12 903 742 6 -24 1 51 51
1136 12 742 1100 -6 24 1 55 55
1137 8 1100 0 6 -12851 1 60 0
1138 8 742 0 -24 -12851 1 60 0
1139 8 500 0 6 -12851 1 55 0
1140 12 742 903 6 -24 0 51 51
1141 12 742 903 -6 24 0 55 55
1142 12 742 1100 6 -24 1 55 55
1143 8 903 0 -24 -12851 1 60 0
1144 8 500 0 6 -12851 1 60 0
1145 12 1100 742 6 -24 0 51 51
1146 12 609 742 -6 24 0 55 55
1147 8 903 0 6 -12851 1 55 0
1148 8 500 0 -6 -12851 0 60 0
1149 12 500 742 6 -24 0 51 55
1150 12 1100 742 -6 24 1 51 55
1151 8 903 0 6 -12851 1 60 0
1152 12 903 742 6 -24 0 55 51
1153 12 742 903 -6 24 1 51 51
1154 8 742 0 24 -12851 1 60 0
1155 8 742 0 24 -12851 1 60 0
1156 12 742 903 -6 24 1 51 55
1157 8 609 0 6 -12851 1 60 0
1158 12 742 1100 -6 24 1 51 55
1159 8 500 0 -24 -12851 1 60 0
1160 8 903 0 -6 -12851 0 55 0
1161 12 742 1100 6 -24 1 51 55
1162 8 742 0 -6 -12851 1 55 0
1163 8 500 0 -6 -12851 1 55 0
1164 8 742 0 6 -12851 1 60 0
1165 8 500 0 -6 -12851 1 60 0
1166 8 609 0 -24 -12851 1 60 0
1167 12 609 742 6 -24 1 55 51
1168 12 742 903 -6 24 1 51 51
1169 12 742 903 6 -24 0 55 51
1170 8 609 0 -24 -12851 1 60 0
1171 8 903 0 24 -12851 1 55 0
1172 8 903 0 6 -12851 1 60 0
1173 8 1100 0 24 -12851 1 55 0
1174 8 1100 0 6 -12851 1 60 0
1175 8 1100 0 -24 -12851 1 60 0
1176 8 903 0 6 -12851 1 55 0
1177 8 903 0 -24 -12851 1 55 0
1178 12 742 903 -6 24 1 55 55
1179 8 500 0 6 -12851 1 55 0
1180 8 500 0 -24 -12851 1 60 0
1181 12 500 742 -6 24 1 51 51
1182 12 903 742 -6 24 0 55 51
1183 8 609 0 6 -12851 1 60 0
1184 8 500 0 -24 -12851 1 60 0
1185 8 1100 0 -24 -12851 1 60 0
1186 12 742 500 -6 24 1 55 51
1187 8 609 0 24 -12851 1 55 0
1188 8 742 0 -6 -12851 1 60 0
1189 8 742 0 -24 -12851 1 55 0
1190 8 742 0 -24 -12851 1 60 0
1191 8 1100 0 6 -12851 1 60 0
1192 8 609 0 24 -12851 1 55 0
1193 8 903 0 6 -12851 1 55 0
1194 8 1100 0 -24 -12851 1 60 0
1195 8 903 0 -6 -12851 0 60 0
1196 8 903 0 -6 -12851 1 60 0
1197 12 609 742 6 -24 1 51 55
1198 8 903 0 6 -12851 1 55 0
1199 8 1100 0 6 -12851 1 55 0
1200 8 1100 0 -6 -12851 1 55 0
1201 12 1100 742 -6 24 1 55 51
1202 8 500 0 -6 -12851 0 55 0
1203 12 1100 742 -6 24 0 51 51
1204 12 609 742 6 -24 0 51 55
1205 8 742 0 24 -12851 0 55 0
1206 8 609 0 6 -12851 0 60 0
1207 12 742 903 -6 24 0 51 51
1208 12 742 903 6 -24 0 51 51
1209 12 742 500 -6 24 0 55 55
1210 12 609 742 -6 24 0 51 55
1211 12 1100 742 6 -24 0 51 51
1212 8 500 0 6 -12851 0 55 0
1213 8 1100 0 -24 -12851 0 60 0
1214 8 609 0 -6 -12851 0 60 0
1215 12 742 500 6 -24 1 55 55
1216 8 609 0 -24 -12851 1 55 0
1217 12 742 903 6 -24 1 51 55
1218 12 903 742 -6 24 1 51 55
1219 12 609 742 -6 24 0 55 51
1220 8 903 0 -6 -12851 1 60 0
1221 8 903 0 6 -12851 1 55 0
1222 8 500 0 -24 -12851 1 55 0
1223 8 742 0 24 -12851 1 55 0
1224 12 609 742 6 -24 1 51 55
1225 8 742 0 -6 -12851 1 60 0
1226 8 609 0 6 -12851 0 55 0
1227 12 903 742 -6 24 0 55 51
1228 8 609 0 -24 -12851 0 60 0
1229 8 903 0 -24 -12851 0 60 0
1230 8 903 0 -6 -12851 0 55 0
1231 8 609 0 -24 -12851 0 60 0
1232 8 609 0 24 -12851 0 55 0
1233 8 903 0 6 -12851 0 55 0
1234 8 500 0 24 -12851 0 60 0
1235 8 742 0 -6 -12851 0 60 0
1236 8 500 0 -24 -12851 0 60 0
1237 8 1100 0 6 -12851 0 55 0
1238 8 742 0 6 -12851 0 55 0
1239 8 742 0 -24 -12851 0 55 0
1240 12 1100 742 -6 24 0 55 51
1241 12 742 1100 6 -24 0 51 55
1242 8 1100 0 -24 -12851 0 60 0
1243 12 903 742 6 -24 0 55 55
1244 12 609 742 -6 24 0 51 55
1245 12 903 742 6 -24 1 51 51
1246 8 500 0 24 -12851 0 55 0
1247 8 1100 0 -24 -12851 0 55 0
1248 8 500 0 -6 -12851 0 60 0
1249 12 500 742 6 -24 0 51 51
1250 8 500 0 -24 -12851 0 55 0
1251 12 500 742 -6 24 0 55 51
1252 8 903 0 6 -12851 0 55 0
1253 12 500 742 6 -24 0 55 51
1254 8 609 0 6 -12851 0 55 0
1255 8 609 0 6 -12851 0 55 0
1256 12 1100 742 -6 24 0 55 51
1257 12 742 500 6 -24 0 55 55
1258 12 903 742 6 -24 0 51 55
1259 8 742 0 -6 -12851 0 60 0
1260 12 1100 742 6 -24 0 55 51
1261 12 609 742 6 -24 0 51 51
1262 8 742 0 6 -12851 1 55 0
1263 8 500 0 6 -12851 0 60 0
1264 12 742 609 -6 24 0 51 51
1265 8 742 0 -24 -12851 1 60 0
1266 8 609 0 -6 -12851 0 60 0
1267 12 742 609 -6 24 0 51 55
1268 8 1100 0 -6 -12851 0 55 0
1269 8 903 0 -6 -12851 0 55 0
1270 8 903 0 6 -12851 0 60 0
1271 8 500 0 24 -12851 0 60 0
1272 8 1100 0 -24 -12851 0 55 0
1273 8 1100 0 -6 -12851 1 55 0
1274 8 609 0 -6 -12851 0 60 0
1275 12 742 500 6 -24 0 55 51
1276 8 609 0 6 -12851 0 60 0
1277 8 609 0 24 -12851 0 55 0
1278 12 742 903 -6 24 0 51 55
1279 8 500 0 -24 -12851 0 55 0
1280 12 742 903 6 -24 0 51 51
1281 12 742 1100 6 -24 0 55 55
1282 8 1100 0 6 -12851 1 55 0
1283 8 1100 0 -24 -12851 0 55 0
1284 8 1100 0 24 -12851 0 55 0
1285 8 609 0 6 -12851 0 60 0
1286 12 500 742 -6 24 0 55 51
1287 8 742 0 24 -12851 0 60 0
1288 12 742 1100 -6 24 0 51 55
1289 12 742 1100 6 -24 0 55 55
1290 8 500 0 6 -12851 0 55 0
1291 8 903 0 24 -12851 0 60 0
1292 12 742 609 6 -24 0 51 55
1293 8 903 0 -6 -12851 0 55 0
1294 8 500 0 24 -12851 0 60 0
1295 12 903 742 -6 24 0 51 55
1296 12 1100 742 6 -24 0 55 55
1297 12 742 903 -6 24 0 51 51
1298 8 903 0 -6 -12851 0 60 0
1299 8 742 0 6 -12851 0 55 0
1300 8 742 0 -24 -12851 0 60 0
1301 8 609 0 24 -12851 0 60 0
1302 12 609 742 6 -24 0 51 51
1303 12 742 1100 6 -24 0 55 55
1304 8 609 0 6 -12851 0 55 0
1305 8 500 0 -24 -12851 0 55 0
1306 12 1100 742 -6 24 0 51 51
1307 12 742 903 -6 24 0 55 55
1308 12 609 742 -6 24 0 55 51
1309 12 742 1100 6 -24 0 51 55
1310 8 742 0 -6 -12851 0 55 0
1311 12 742 500 6 -24 0 55 55
1312 12 742 500 -6 24 0 55 51
1313 12 742 500 -6 24 0 55 55
1314 12 609 742 -6 24 0 55 55
1315 8 500 0 24 -12851 0 60 0
1316 8 1100 0 -6 -12851 0 60 0
1317 8 609 0 6 -12851 0 55 0
1318 12 903 742 6 -24 0 55 55
1319 8 500 0 24 -12851 0 55 0
1320 8 609 0 6 -12851 0 60 0
1321 12 742 903 6 -24 0 51 51
1322 12 609 742 6 -24 0 51 55
1323 8 903 0 -24 -12851 0 55 0
1324 8 1100 0 6 -12851 0 55 0
1325 12 742 609 -6 24 0 51 51
1326 8 742 0 -6 -12851 0 55 0
1327 8 742 0 24 -12851 0 55 0
1328 12 742 609 -6 24 0 55 55
1329 8 903 0 -24 -12851 0 55 0
1330 12 500 742 -6 24 0 55 51
1331 12 742 609 6 -24 0 55 55
1332 8 903 0 -6 -12851 0 55 0
1333 8 1100 0 -6 -12851 0 55 0
1334 8 903 0 -24 -12851 0 60 0
1335 12 609 742 6 -24 0 55 55
1336 8 903 0 24 -12851 0 55 0
1337 8 500 0 -24 -12851 0 55 0
1338 12 742 903 -6 24 0 55 55
1339 8 742 0 -6 -12851 0 55 0
1340 8 609 0 24 -12851 0 60 0
1341 8 1100 0 24 -12851 0 60 0
1342 12 742 609 -6 24 0 51 51
1343 12 500 742 -6 24 0 51 51
1344 8 742 0 6 -12851 0 55 0
1345 8 742 0 -6 -12851 0 60 0
1346 8 1100 0 -6 -12851 0 55 0
1347 12 742 1100 -6 24 0 55 51
1348 8 609 0 24 -12851 0 60 0
1349 8 609 0 6 -12851 0 60 0
1350 8 1100 0 6 -12851 0 55 0
1351 8 903 0 24 -12851 0 55 0
1352 12 500 742 -6 24 0 55 55
1353 8 500 0 -24 -12851 0 60 0
1354 8 903 0 -24 -12851 0 55 0
1355 8 500 0 24 -12851 0 55 0
1356 8 500 0 6 -12851 0 55 0
1357 12 742 1100 -6 24 0 51 51
1358 8 500 0 -24 -12851 0 60 0
1359 8 609 0 -6 -12851 0 60 0
1360 8 903 0 6 -12851 0 55 0
1361 8 500 0 6 -12851 0 60 0
1362 8 903 0 -6 -12851 0 60 0
1363 8 742 0 -6 -12851 0 55 0
1364 8 500 0 24 -12851 0 55 0
1365 8 742 0 -24 -12851 0 55 0
1366 8 609 0 -24 -12851 0 60 0
1367 8 609 0 24 -12851 0 60 0
1368 8 742 0 24 -12851 0 60 0
1369 8 903 0 -24 -12851 0 60 0
1370 12 903 742 -6 24 0 55 51
1371 12 742 903 6 -24 0 51 51
1372 8 1100 0 6 -12851 0 60 0
1373 12 742 1100 -6 24 0 55 55
1374 8 1100 0 -24 -12851 0 55 0
1375 8 1100 0 -6 -12851 0 55 0
1376 12 742 500 6 -24 0 55 51
1377 8 500 0 -24 -12851 0 55 0
1378 8 500 0 6 -12851 0 60 0
1379 8 742 0 -6 -12851 0 60 0
1380 12 609 742 6 -24 0 55 55
1381 8 742 0 6 -12851 0 55 0
1382 12 742 903 -6 24 0 55 55
1383 12 742 500 6 -24 0 51 51
1384 8 903 0 -6 -12851 0 60 0
1385 8 609 0 -24 -12851 0 60 0
1386 8 903 0 24 -12851 0 55 0
1387 8 903 0 -24 -12851 0 55 0
1388 12 742 1100 6 -24 0 55 55
1389 8 609 0 6 -12851 0 60 0
1390 8 609 0 -6 -12851 0 55 0
1391 8 1100 0 -24 -12851 0 55 0
1392 8 500 0 -24 -12851 0 60 0
1393 12 903 742 -6 24 0 51 55
1394 8 742 0 -24 -12851 0 55 0
1395 8 1100 0 6 -12851 0 60 0
1396 12 742 1100 -6 24 0 51 55
1397 8 500 0 -24 -12851 0 55 0
1398 8 1100 0 -6 -12851 0 55 0
1399 8 500 0 -6 -12851 0 60 0
1400 8 500 0 -6 -12851 0 60 0
1401 8 903 0 -6 -12851 0 55 0
1402 12 609 742 6 -24 0 55 55
1403 8 500 0 6 -12851 0 60 0
1404 8 742 0 -24 -12851 0 60 0
1405 12 742 1100 -6 24 0 55 55
1406 8 500 0 6 -12851 0 55 0
1407 12 742 903 6 -24 0 55 51
1408 8 1100 0 24 -12851 0 60 0
1409 8 742 0 -6 -12851 0 55 0
1410 12 742 609 6 -24 0 55 55
1411 12 903 742 6 -24 0 51 51
1412 12 609 742 -6 24 0 55 55
1413 12 742 1100 6 -24 0 55 55
1414 12 609 742 -6 24 0 55 55
1415 12 742 1100 6 -24 0 55 51
1416 8 609 0 -6 -12851 0 60 0
1417 12 903 742 6 -24 0 55 55
1418 12 742 609 -6 24 0 55 51
1419 8 609 0 24 -12851 0 55 0
1420 8 609 0 24 -12851 0 60 0
1421 12 903 742 6 -24 0 55 51
1422 8 742 0 -6 -12851 0 60 0
1423 12 903 742 -6 24 0 51 51
1424 8 1100 0 -6 -12851 0 55 0
1425 8 903 0 24 -12851 0 55 0
1426 8 903 0 24 -12851 0 55 0
1427 12 742 609 6 -24 0 51 51
1428 8 1100 0 24 -12851 0 60 0
1429 12 903 742 -6 24 0 55 55
1430 12 742 903 -6 24 0 51 55
1431 12 500 742 6 -24 0 51 51
1432 12 609 742 -6 24 0 51 51
1433 8 609 0 6 -12851 0 60 0
1434 12 742 1100 -6 24 0 55 55
1435 8 609 0 6 -12851 0 60 0
1436 8 609 0 6 -12851 0 55 0
1437 12 742 609 6 -24 0 51 55
1438 8 500 0 -24 -12851 0 60 0
1439 8 1100 0 -6 -12851 0 60 0
1440 12 903 742 6 -24 0 51 55
1441 12 742 1100 6 -24 0 55 51
1442 12 742 1100 -6 24 0 55 55
1443 12 742 609 6 -24 0 51 51
1444 8 1100 0 -24 -12851 0 60 0
1445 8 1100 0 6 -12851 0 55 0
1446 8 609 0 -24 -12851 0 55 0
1447 12 742 903 6 -24 0 55 55
1448 8 742 0 -24 -12851 0 55 0
1449 12 903 742 6 -24 0 55 51
1450 8 500 0 6 -12851 0 55 0
1451 8 903 0 24 -12851 0 60 0
1452 8 903 0 24 -12851 0 60 0
1453 8 500 0 -6 -12851 0 55 0
1454 8 903 0 24 -12851 0 60 0
1455 8 742 0 -6 -12851 0 60 0
1456 12 903 742 -6 24 0 51 55
1457 12 742 1100 -6 24 0 55 55
1458 8 742 0 6 -12851 0 55 0
1459 12 742 500 6 -24 0 55 55
1460 12 742 609 -6 24 0 55 51
1461 12 742 1100 6 -24 0 55 55
1462 8 742 0 6 -12851 0 60 0
1463 8 742 0 24 -12851 0 55 0
1464 8 609 0 -6 -12851 0 60 0
1465 12 742 609 6 -24 0 51 55
1466 12 742 609 6 -24 0 55 55
1467 12 1100 742 -6 24 0 55 55
1468 12 1100 742 6 -24 0 55 55
1469 8 903 0 24 -12851 0 55 0
1470 8 500 0 6 -12851 0 55 0
1471 12 609 742 6 -24 0 51 55
1472 12 742 609 6 -24 0 55 55
1473 8 903 0 -24 -12851 0 60 0
1474 8 742 0 6 -12851 0 60 0
1475 12 742 903 -6 24 0 55 51
1476 8 742 0 -24 -12851 0 55 0
1477 12 609 742 -6 24 0 51 51
1478 12 500 742 6 -24 0 55 55
1479 12 742 1100 -6 24 0 55 55
1480 8 500 0 -6 -12851 0 55 0
1481 12 742 1100 6 -24 0 55 55
1482 8 1100 0 -6 -12851 0 60 0
1483 12 742 500 -6 24 0 51 55
1484 12 500 742 6 -24 0 55 55
1485 8 903 0 -6 -12851 0 55 0
1486 8 609 0 -6 -12851 0 55 0
1487 12 742 1100 -6 24 0 55 51
1488 8 500 0 6 -12851 0 60 0
1489 12 742 1100 -6 24 0 51 51
1490 12 609 742 -6 24 0 51 51
1491 12 742 903 6 -24 0 55 51
1492 8 1100 0 24 -12851 0 55 0
1493 12 609 742 6 -24 0 55 51
1494 8 609 0 -6 -12851 0 60 0
1495 12 742 500 6 -24 0 55 55
1496 12 500 742 6 -24 0 55 55
1497 8 1100 0 24 -12851 0 60 0
1498 8 1100 0 -6 -12851 0 55 0
1499 8 1100 0 -24 -12851 0 60 0
1500 8 609 0 24 -12851 0 60 0
1501 8 1100 0 -6 -12851 0 55 0
1502 8 903 0 -6 -12851 0 60 0
1503 12 1100 742 6 -24 0 51 51
1504 8 609 0 24 -12851 0 60 0
1505 8 609 0 6 -12851 0 55 0
1506 8 903 0 -6 -12851 0 60 0
1507 12 742 1100 -6 24 0 51 51
1508 8 903 0 24 -12851 0 60 0
1509 12 742 500 -6 24 0 55 51
1510 12 500 742 6 -24 0 55 55
1511 8 742 0 -6 -12851 0 55 0
1512 12 742 1100 6 -24 0 51 55
1513 8 742 0 6 -12851 0 55 0
1514 8 1100 0 -24 -12851 0 55 0
1515 8 500 0 24 -12851 0 60 0
1516 12 903 742 -6 24 0 55 55
1517 8 500 0 6 -12851 0 55 0
1518 12 742 609 6 -24 0 51 51
1519 8 742 0 -6 -12851 0 55 0
1520 12 500 742 6 -24 0 55 55
1521 8 500 0 24 -12851 0 60 0
1522 8 1100 0 6 -12851 0 60 0
1523 8 1100 0 24 -12851 0 55 0
1524 12 742 609 -6 24 0 55 51
1525 12 903 742 6 -24 0 51 51
1526 8 742 0 -24 -12851 0 55 0
1527 8 1100 0 -6 -12851 0 60 0
1528 12 903 742 6 -24 0 51 51
1529 12 742 609 6 -24 0 51 51
1530 8 903 0 -24 -12851 0 60 0
1531 8 500 0 24 -12851 0 55 0
1532 8 500 0 6 -12851 0 60 0
1533 8 1100 0 -6 -12851 0 60 0
1534 8 500 0 6 -12851 0 55 0
1535 12 1100 742 -6 24 0 55 51
1536 8 742 0 -24 -12851 0 55 0
1537 8 903 0 -6 -12851 0 60 0
1538 12 742 609 6 -24 0 51 55
1539 12 500 742 -6 24 0 55 55
1540 8 903 0 6 -12851 0 55 0
1541 8 609 0 6 -12851 0 55 0
1542 8 742 0 -6 -12851 0 55 0
1543 8 609 0 24 -12851 0 60 0
1544 12 742 1100 6 -24 0 55 51
1545 8 609 0 6 -12851 0 60 0
1546 8 903 0 -24 -12851 0 55 0
1547 8 903 0 6 -12851 0 55 0
1548 8 903 0 -6 -12851 0 60 0
1549 8 903 0 24 -12851 0 60 0
1550 8 1100 0 -24 -12851 0 60 0
1551 8 609 0 6 -12851 0 55 0
1552 12 742 500 -6 24 0 55 55
1553 8 1100 0 -24 -12851 0 55 0
1554 12 903 742 -6 24 0 55 51
1555 12 742 500 6 -24 0 55 51
1556 8 500 0 -6 -12851 0 60 0
1557 8 500 0 6 -12851 0 60 0
1558 8 1100 0 6 -12851 0 55 0
1559 8 742 0 -6 -12851 0 55 0
1560 12 609 742 6 -24 0 51 55
1561 12 609 742 6 -24 0 51 51
1562 12 500 742 -6 24 0 51 55
1563 12 1100 742 6 -24 0 51 51
1564 8 609 0 24 -12851 0 60 0
1565 8 500 0 -24 -12851 0 60 0
1566 12 1100 742 6 -24 0 55 55
1567 8 609 0 24 -12851 0 60 0
1568 12 609 742 -6 24 0 55 51
1569 8 742 0 24 -12851 0 60 0
1570 8 742 0 6 -12851 0 60 0
1571 12 609 742 -6 24 0 55 51
1572 8 1100 0 -24 -12851 0 60 0
1573 12 903 742 -6 24 0 55 55
1574 12 742 500 6 -24 0 55 55
1575 8 1100 0 -24 -12851 0 55 0
1576 8 1100 0 24 -12851 0 55 0
1577 12 500 742 6 -24 0 51 51
1578 8 1100 0 24 -12851 0 55 0
1579 8 500 0 -6 -12851 0 60 0
1580 8 609 0 -6 -12851 0 60 0
1581 12 742 903 6 -24 0 55 51
1582 8 742 0 24 -12851 0 60 0
1583 12 609 742 6 -24 0 51 55
1584 12 742 500 -6 24 0 51 51
1585 12 1100 742 6 -24 0 51 51
1586 8 742 0 6 -12851 0 60 0
1587 8 500 0 24 -12851 0 55 0
1588 8 609 0 -6 -12851 0 60 0
1589 12 1100 742 6 -24 0 55 51
1590 12 742 609 -6 24 0 55 55
1591 8 609 0 6 -12851 0 60 0
1592 8 500 0 -24 -12851 0 60 0
1593 12 500 742 6 -24 0 55 51
1594 8 903 0 -6 -12851 0 60 0
1595 12 742 609 6 -24 0 51 51
1596 8 742 0 6 -12851 0 55 0
1597 8 903 0 6 -12851 0 55 0
1598 8 903 0 -24 -12851 0 60 0
1599 12 742 1100 6 -24 0 55 51
1600 12 742 609 6 -24 0 55 55
1601 12 1100 742 6 -24 0 51 55
1602 12 609 742 -6 24 0 51 51
1603 8 742 0 6 -12851 0 60 0
1604 12 742 500 -6 24 0 55 55
1605 12 609 742 6 -24 0 51 51
1606 8 742 0 24 -12851 0 60 0
1607 8 742 0 6 -12851 0 60 0
1608 8 1100 0 6 -12851 0 55 0
1609 8 742 0 24 -12851 0 55 0
1610 8 903 0 -6 -12851 0 55 0
1611 12 1100 742 -6 24 0 51 55
1612 8 609 0 24 -12851 0 60 0
1613 12 742 609 6 -24 0 51 51
1614 8 500 0 -24 -12851 0 60 0
1615 8 1100 0 -24 -12851 0 60 0
1616 8 903 0 6 -12851 0 60 0
1617 12 1100 742 -6 24 0 55 51
1618 8 500 0 24 -12851 0 60 0
1619 8 500 0 -24 -12851 0 55 0
1620 12 609 742 6 -24 0 55 51
1621 8 903 0 6 -12851 0 60 0
1622 12 742 609 -6 24 0 51 51
1623 8 1100 0 -6 -12851 0 60 0
1624 12 742 609 6 -24 0 51 51
1625 12 500 742 -6 24 0 51 55
1626 12 742 903 6 -24 0 51 51
1627 8 609 0 -24 -12851 0 55 0
1628 8 609 0 -6 -12851 0 55 0
1629 12 742 500 6 -24 0 55 51
1630 8 903 0 -6 -12851 0 55 0
1631 8 903 0 24 -12851 0 60 0
1632 12 500 742 6 -24 0 51 55
1633 12 903 742 -6 24 0 55 55
1634 8 1100 0 24 -12851 0 55 0
1635 12 903 742 6 -24 0 55 51
1636 8 500 0 6 -12851 0 60 0
1637 8 1100 0 -6 -12851 0 60 0
1638 8 903 0 6 -12851 0 55 0
1639 8 609 0 -6 -12851 0 60 0
1640 8 1100 0 -6 -12851 0 55 0
1641 8 500 0 6 -12851 0 55 0
1642 12 742 609 -6 24 0 55 51
1643 8 903 0 24 -12851 0 60 0
1644 8 500 0 -6 -12851 0 55 0
1645 12 742 903 6 -24 0 55 51
1646 12 742 500 -6 24 0 55 51
1647 8 742 0 6 -12851 0 60 0
1648 8 609 0 -6 -12851 0 60 0
1649 8 742 0 24 -12851 0 60 0
1650 8 742 0 24 -12851 0 55 0
1651 8 609 0 -24 -12851 0 60 0
1652 8 609 0 6 -12851 0 60 0
1653 12 609 742 -6 24 0 55 55
1654 8 609 0 -24 -12851 0 60 0
1655 8 500 0 -6 -12851 0 55 0
1656 8 500 0 6 -12851 0 60 0
1657 8 1100 0 24 -12851 0 60 0
1658 12 609 742 -6 24 0 51 55
1659 8 903 0 24 -12851 0 55 0
1660 12 742 500 6 -24 0 55 55
1661 8 1100 0 24 -12851 0 55 0
1662 12 609 742 6 -24 0 51 51
1663 12 903 742 -6 24 0 55 51
1664 8 1100 0 6 -12851 0 55 0
1665 12 903 742 -6 24 0 51 51
1666 12 1100 742 -6 24 0 55 55
1667 8 903 0 -24 -12851 0 55 0
1668 8 609 0 24 -12851 0 55 0
1669 8 903 0 24 -12851 0 55 0
1670 8 500 0 -24 -12851 0 60 0
1671 8 609 0 24 -12851 0 55 0
1672 12 500 742 -6 24 0 55 51
1673 8 742 0 -6 -12851 0 55 0
1674 12 742 1100 6 -24 0 51 51
1675 12 742 500 6 -24 0 51 51
1676 12 742 500 6 -24 0 55 51
1677 8 742 0 6 -12851 0 60 0
1678 12 742 500 -6 24 0 51 51
1679 8 742 0 6 -12851 0 60 0
1680 12 609 742 -6 24 0 51 51
1681 8 742 0 24 -12851 0 55 0
1682 12 903 742 -6 24 0 55 51
1683 12 1100 742 -6 24 0 55 55
1684 12 742 609 -6 24 0 51 55
1685 8 742 0 -24 -12851 0 55 0
1686 8 609 0 -6 -12851 0 55 0
1687 8 500 0 24 -12851 0 55 0
1688 12 903 742 -6 24 0 51 55
1689 12 609 742 -6 24 0 55 51
1690 8 903 0 6 -12851 0 55 0
1691 12 1100 742 -6 24 0 55 55
1692 8 742 0 -6 -12851 0 60 0
1693 8 500 0 6 -12851 0 55 0
1694 12 742 1100 6 -24 0 55 51
1695 8 742 0 -24 -12851 0 60 0
1696 8 500 0 -24 -12851 0 60 0
1697 8 609 0 6 -12851 0 60 0
1698 8 609 0 6 -12851 0 55 0
1699 12 1100 742 6 -24 0 51 55
1700 8 903 0 -24 -12851 0 55 0
1701 8 903 0 6 -12851 0 55 0
1702 8 1100 0 -24 -12851 0 60 0
1703 12 742 609 6 -24 0 51 55
1704 12 609 742 -6 24 0 55 51
1705 12 500 742 6 -24 0 51 55
1706 8 1100 0 -6 -12851 0 60 0
1707 8 1100 0 6 -12851 0 60 0
1708 12 742 1100 -6 24 0 51 51
1709 8 1100 0 6 -12851 0 60 0
1710 12 903 742 -6 24 0 51 51
1711 8 1100 0 24 -12851 0 55 0
1712 8 609 0 24 -12851 0 55 0
1713 8 1100 0 -24 -12851 0 60 0
1714 12 1100 742 -6 24 0 55 51
1715 8 903 0 6 -12851 0 55 0
1716 8 609 0 -24 -12851 0 55 0
1717 12 742 609 6 -24 0 51 55
1718 8 609 0 6 -12851 0 55 0
1719 8 903 0 24 -12851 0 60 0
1720 8 903 0 -6 -12851 0 55 0
1721 12 609 742 -6 24 0 55 51
1722 12 742 609 -6 24 0 51 51
1723 8 742 0 6 -12851 0 60 0
1724 12 500 742 -6 24 0 51 51
1725 12 609 742 -6 24 0 55 55
1726 12 742 500 6 -24 0 51 55
1727 8 742 0 24 -12851 0 55 0
1728 8 1100 0 24 -12851 0 55 0
1729 8 500 0 -24 -12851 0 55 0
