294 8 742 0 -24 -12851 0 60 0
295 8 1100 0 6 -12851 1 60 0
296 12 742 903 6 -24 1 55 51
297 12 609 742 -6 24 1 55 55
298 8 742 0 -6 -12851 1 60 0
299 8 1100 0 -24 -12851 0 60 0
300 12 742 609 6 -24 1 51 55
301 12 742 609 6 -24 1 51 51
302 12 500 742 6 -24 1 55 55
303 8 1100 0 24 -12851 0 55 0
304 8 609 0 -24 -12851 0 55 0
305 12 742 609 6 -24 0 55 55
306 8 609 0 6 -12851 1 55 0
307 8 903 0 -6 -12851 0 60 0
308 12 742 500 6 -24 1 55 55
309 8 500 0 -24 -12851 0 60 0
310 8 742 0 -24 -12851 0 60 0
311 8 742 0 -24 -12851 0 55 0
312 8 609 0 -6 -12851 0 60 0
313 12 742 500 -6 24 1 51 55
314 12 742 500 6 -24 1 51 55
315 8 742 0 6 -12851 1 60 0
316 8 500 0 6 -12851 1 55 0
317 8 742 0 -6 -12851 1 55 0
318 12 500 742 -6 24 0 55 55
319 12 742 609 6 -24 1 55 51
320 12 609 742 6 -24 1 55 55
321 8 903 0 6 -12851 1 60 0
322 8 1100 0 -24 -12851 0 60 0
323 12 1100 742 6 -24 1 55 55
324 12 742 500 6 -24 1 51 55
325 8 609 0 -6 -12851 1 60 0
326 8 609 0 -6 -12851 0 60 0
327 8 903 0 -24 -12851 0 55 0
328 12 742 500 6 -24 1 55 51
329 12 742 500 -6 24 0 51 55
330 8 500 0 6 -12851 1 55 0
331 8 903 0 24 -12851 1 55 0
332 12 1100 742 6 -24 0 55 55
333 12 609 742 -6 24 0 51 55
334 12 609 742 -6 24 1 55 55
335 8 500 0 24 -12851 1 55 0
336 8 1100 0 24 -12851 1 60 0
337 12 609 742 -6 24 0 51 55
338 8 1100 0 -24 -12851 1 60 0
339 8 609 0 -24 -12851 1 60 0
340 12 742 903 6 -24 1 51 51
341 8 609 0 -6 -12851 0 55 0
342 8 500 0 6 -12851 1 60 0
343 8 903 0 24 -12851 1 55 0
344 12 742 500 6 -24 1 55 51
345 8 903 0 -24 -12851 0 60 0
346 8 609 0 6 -12851 1 55 0
347 8 609 0 6 -12851 1 55 0
348 8 903 0 -6 -12851 1 55 0
349 8 500 0 -6 -12851 1 60 0
350 8 1100 0 -24 -12851 0 55 0
351 8 742 0 24 -12851 0 60 0
352 12 742 903 6 -24 1 55 51
353 12 1100 742 -6 24 1 55 55
354 12 609 742 -6 24 1 55 51
355 8 1100 0 -6 -12851 1 55 0
356 12 742 1100 -6 24 0 55 51
357 8 500 0 -6 -12851 1 60 0
358 12 742 1100 -6 24 0 55 51
359 12 1100 742 6 -24 1 51 51
360 8 742 0 -24 -12851 1 60 0
361 12 609 742 -6 24 0 55 55
362 8 742 0 -6 -12851 1 60 0
363 12 742 903 6 -24 1 55 51
364 8 1100 0 -6 -12851 1 55 0
365 8 1100 0 24 -12851 0 55 0
366 8 1100 0 6 -12851 0 55 0
367 8 903 0 24 -12851 0 60 0
368 8 609 0 -6 -12851 0 60 0
369 8 742 0 24 -12851 1 55 0
370 8 742 0 -24 -12851 1 60 0
371 8 500 0 6 -12851 1 55 0
372 8 742 0 -6 -12851 1 55 0
373 8 903 0 24 -12851 1 60 0
374 8 1100 0 6 -12851 1 55 0
375 12 1100 742 -6 24 0 55 51
376 12 742 1100 -6 24 0 55 55
377 12 500 742 6 -24 1 51 51
378 12 500 742 -6 24 1 51 55
379 12 742 609 6 -24 1 51 51
380 12 903 742 -6 24 1 55 51
381 8 609 0 -6 -12851 0 55 0
382 12 742 609 6 -24 1 51 55
383 8 500 0 6 -12851 1 60 0
384 12 742 1100 6 -24 0 51 51
385 12 609 742 6 -24 1 51 51
386 8 500 0 -6 -12851 1 60 0
387 8 1100 0 -24 -12851 1 60 0
388 8 903 0 6 -12851 1 55 0
389 12 903 742 6 -24 1 55 55
390 12 903 742 -6 24 0 55 55
391 8 609 0 -6 -12851 1 60 0
392 12 609 742 6 -24 0 55 51
393 12 500 742 6 -24 1 51 55
394 8 742 0 24 -12851 1 55 0
395 8 742 0 -6 -12851 1 60 0
396 8 742 0 24 -12851 1 55 0
397 12 742 903 6 -24 0 55 55
398 8 903 0 6 -12851 1 60 0
399 12 742 609 6 -24 1 51 55
400 8 742 0 -6 -12851 0 55 0
401 8 609 0 24 -12851 1 55 0
402 12 1100 742 6 -24 1 55 55
403 8 609 0 6 -12851 1 60 0
404 8 609 0 -6 -12851 0 55 0
405 12 742 609 -6 24 1 55 55
406 12 1100 742 -6 24 0 51 51
407 8 500 0 -24 -12851 1 60 0
408 8 500 0 24 -12851 0 60 0
409 12 903 742 6 -24 1 55 55
410 8 903 0 6 -12851 1 60 0
411 8 500 0 6 -12851 0 55 0
412 8 1100 0 24 -12851 0 60 0
413 8 903 0 24 -12851 0 55 0
414 8 1100 0 -6 -12851 0 55 0
415 8 1100 0 -6 -12851 1 55 0
416 12 742 1100 -6 24 1 51 51
417 8 1100 0 -6 -12851 0 55 0
418 8 1100 0 6 -12851 1 60 0
419 8 742 0 24 -12851 1 55 0
420 12 500 742 -6 24 0 51 51
421 12 609 742 6 -24 1 55 51
422 12 742 1100 -6 24 1 51 51
423 8 609 0 -24 -12851 1 55 0
424 8 742 0 24 -12851 1 60 0
425 12 742 609 -6 24 0 51 55
426 12 742 1100 -6 24 1 55 51
427 8 1100 0 24 -12851 1 55 0
428 12 742 609 -6 24 1 55 55
429 8 1100 0 24 -12851 1 55 0
430 12 609 742 -6 24 1 55 55
431 8 742 0 6 -12851 1 55 0
432 8 500 0 6 -12851 1 55 0
433 8 903 0 -6 -12851 1 55 0
434 8 500 0 -24 -12851 1 55 0
435 8 609 0 6 -12851 1 55 0
436 8 609 0 6 -12851 0 60 0
437 12 609 742 6 -24 1 55 55
438 8 903 0 -6 -12851 1 60 0
439 12 742 1100 6 -24 1 51 51
440 12 742 609 6 -24 0 51 55
441 12 742 1100 6 -24 0 55 51
442 12 903 742 -6 24 0 51 55
443 12 742 500 -6 24 1 51 55
444 12 742 500 -6 24 1 55 55
445 12 1100 742 6 -24 1 55 51
446 12 742 609 -6 24 1 55 55
447 8 903 0 24 -12851 0 60 0
448 12 609 742 -6 24 1 55 51
449 8 500 0 -6 -12851 1 55 0
450 8 903 0 -24 -12851 0 55 0
451 12 742 609 -6 24 0 55 55
452 12 742 609 6 -24 0 51 51
453 12 609 742 -6 24 1 55 55
454 8 903 0 -6 -12851 0 55 0
455 12 742 609 6 -24 1 55 51
456 12 903 742 -6 24 0 55 51
457 8 500 0 6 -12851 0 60 0
458 8 742 0 24 -12851 1 60 0
459 8 903 0 24 -12851 1 60 0
460 8 609 0 6 -12851 0 55 0
461 12 500 742 -6 24 0 51 51
462 8 500 0 6 -12851 0 60 0
463 8 742 0 -24 -12851 0 55 0
464 12 742 609 -6 24 0 51 55
465 12 1100 742 6 -24 0 55 55
466 12 742 500 -6 24 1 51 55
467 8 1100 0 6 -12851 0 55 0
468 8 742 0 -24 -12851 0 55 0
469 8 1100 0 -6 -12851 0 60 0
470 8 1100 0 24 -12851 0 60 0
471 8 609 0 -6 -12851 1 60 0
472 8 609 0 6 -12851 0 55 0
473 8 903 0 -24 -12851 0 55 0
474 12 742 500 6 -24 1 51 55
475 12 903 742 -6 24 1 55 51
476 8 500 0 -24 -12851 0 55 0
477 12 742 500 6 -24 1 55 51
478 12 1100 742 -6 24 1 51 55
479 12 742 903 -6 24 1 51 51
480 8 903 0 -24 -12851 0 60 0
481 8 903 0 6 -12851 0 60 0
482 12 742 1100 6 -24 0 51 55
483 8 903 0 -24 -12851 0 55 0
484 8 903 0 -24 -12851 0 60 0
485 8 742 0 6 -12851 0 60 0
486 8 500 0 24 -12851 0 60 0
487 8 742 0 -24 -12851 0 60 0
488 8 742 0 6 -12851 0 60 0
489 8 1100 0 -6 -12851 1 55 0
490 12 609 742 -6 24 0 51 55
491 8 1100 0 -24 -12851 1 55 0
492 8 1100 0 24 -12851 0 55 0
493 12 500 742 -6 24 1 51 55
494 8 609 0 6 -12851 1 60 0
495 12 1100 742 -6 24 0 55 55
496 12 742 903 -6 24 0 51 55
497 8 500 0 -24 -12851 1 55 0
498 12 1100 742 -6 24 0 51 51
499 12 1100 742 6 -24 0 51 51
500 12 742 609 -6 24 0 55 55
501 8 500 0 -24 -12851 0 55 0
502 8 609 0 6 -12851 1 60 0
503 12 742 609 -6 24 1 51 51
504 8 609 0 6 -12851 0 60 0
505 8 1100 0 -6 -12851 1 60 0
506 8 1100 0 24 -12851 1 55 0
507 12 742 500 -6 24 1 55 55
508 8 742 0 -24 -12851 0 55 0
509 12 903 742 -6 24 0 55 51
510 8 609 0 -24 -12851 1 60 0
511 12 742 903 6 -24 1 51 51
512 8 742 0 6 -12851 1 55 0
513 8 1100 0 -24 -12851 1 55 0
514 12 609 742 6 -24 1 51 51
515 8 1100 0 6 -12851 0 60 0
516 8 742 0 24 -12851 0 60 0
517 12 742 1100 -6 24 0 51 51
518 12 742 1100 -6 24 0 51 55
519 12 500 742 -6 24 0 51 55
520 12 609 742 -6 24 0 51 55
521 8 500 0 24 -12851 0 55 0
522 12 903 742 -6 24 0 55 55
523 8 903 0 -6 -12851 1 55 0
524 12 742 903 -6 24 0 55 55
525 12 903 742 -6 24 0 51 51
526 8 500 0 -24 -12851 1 60 0
527 8 609 0 24 -12851 1 60 0
528 12 903 742 -6 24 0 51 55
529 8 609 0 24 -12851 1 55 0
530 8 903 0 24 -12851 1 55 0
531 8 903 0 -6 -12851 0 55 0
532 8 500 0 6 -12851 1 55 0
533 8 742 0 -24 -12851 1 55 0
534 12 742 1100 -6 24 0 55 51
535 12 742 1100 6 -24 1 51 51
536 8 742 0 -24 -12851 1 60 0
537 8 609 0 6 -12851 1 55 0
538 12 742 1100 -6 24 1 51 51
539 12 500 742 -6 24 0 55 51
540 8 903 0 24 -12851 1 60 0
541 12 742 903 -6 24 0 55 55
542 12 500 742 -6 24 0 51 51
543 12 742 500 -6 24 1 51 55
544 12 742 500 6 -24 1 55 51
545 12 742 903 -6 24 0 51 51
546 12 742 903 -6 24 0 51 51
547 8 1100 0 -24 -12851 0 55 0
548 8 1100 0 6 -12851 0 55 0
549 8 609 0 -24 -12851 0 60 0
550 12 903 742 -6 24 0 55 55
551 12 742 609 6 -24 0 55 51
552 12 742 609 6 -24 0 55 51
553 8 500 0 -24 -12851 0 60 0
554 8 500 0 6 -12851 0 55 0
555 8 500 0 24 -12851 0 55 0
556 8 742 0 24 -12851 0 55 0
557 8 1100 0 -6 -12851 1 60 0
558 12 609 742 6 -24 0 55 51
559 12 742 500 6 -24 0 55 55
560 12 742 500 -6 24 1 55 55
561 8 609 0 6 -12851 1 55 0
562 8 742 0 24 -12851 1 55 0
563 8 903 0 -24 -12851 0 55 0
564 8 903 0 24 -12851 1 55 0
565 12 1100 742 6 -24 1 51 51
566 12 903 742 6 -24 1 55 55
567 8 500 0 24 -12851 0 60 0
568 12 742 1100 6 -24 1 51 51
569 8 500 0 -24 -12851 1 60 0
570 8 1100 0 6 -12851 1 60 0
571 12 742 903 -6 24 1 55 55
572 8 742 0 -24 -12851 1 55 0
573 8 742 0 6 -12851 1 60 0
574 8 1100 0 24 -12851 0 55 0
575 8 903 0 -24 -12851 1 60 0
576 8 742 0 -6 -12851 1 55 0
577 12 742 903 6 -24 1 51 51
578 12 903 742 6 -24 0 51 55
579 8 1100 0 -6 -12851 1 60 0
580 12 742 1100 6 -24 0 55 51
581 12 609 742 6 -24 0 51 51
582 8 903 0 -6 -12851 1 60 0
583 8 500 0 6 -12851 1 60 0
584 12 742 500 6 -24 0 55 55
585 12 1100 742 -6 24 1 55 55
586 8 609 0 6 -12851 1 60 0
587 8 903 0 24 -12851 1 55 0
588 8 609 0 -24 -12851 1 60 0
589 8 609 0 -6 -12851 0 55 0
590 8 500 0 -6 -12851 0 55 0
591 8 609 0 -6 -12851 0 60 0
592 8 609 0 -6 -12851 0 55 0
593 8 500 0 24 -12851 1 55 0
594 8 903 0 -6 -12851 1 55 0
595 8 903 0 -24 -12851 1 55 0
596 12 742 1100 6 -24 1 55 55
597 12 903 742 -6 24 0 51 55
598 12 903 742 -6 24 0 51 51
599 8 609 0 -24 -12851 1 60 0
600 12 742 1100 -6 24 0 51 51
601 8 609 0 -24 -12851 1 60 0
602 12 742 1100 -6 24 0 55 55
603 8 903 0 24 -12851 0 60 0
604 8 500 0 24 -12851 1 55 0
605 12 1100 742 6 -24 1 55 55
606 8 1100 0 24 -12851 1 55 0
607 12 609 742 6 -24 1 51 55
608 12 1100 742 -6 24 1 51 55
609 8 742 0 24 -12851 1 60 0
610 12 609 742 6 -24 0 55 51
611 8 1100 0 24 -12851 1 60 0
612 12 609 742 -6 24 0 55 51
613 8 500 0 6 -12851 1 60 0
614 8 742 0 24 -12851 1 60 0
615 8 742 0 -24 -12851 1 60 0
616 12 609 742 -6 24 1 51 55
617 8 1100 0 -24 -12851 0 60 0
618 8 742 0 -24 -12851 0 55 0
619 12 742 609 6 -24 1 55 55
620 8 742 0 6 -12851 1 60 0
621 8 742 0 24 -12851 1 55 0
622 8 1100 0 6 -12851 1 55 0
623 8 1100 0 -6 -12851 0 60 0
624 8 742 0 24 -12851 1 60 0
625 8 500 0 6 -12851 1 60 0
626 12 742 903 6 -24 1 55 51
627 8 903 0 -24 -12851 1 55 0
628 8 500 0 -24 -12851 0 60 0
629 8 903 0 -6 -12851 1 60 0
630 8 1100 0 24 -12851 1 55 0
631 8 903 0 -24 -12851 1 55 0
632 8 500 0 6 -12851 1 55 0
633 8 609 0 -24 -12851 0 55 0
634 8 609 0 -24 -12851 1 60 0
635 8 609 0 6 -12851 1 60 0
636 8 1100 0 -24 -12851 1 60 0
637 12 742 609 6 -24 0 55 55
638 12 903 742 -6 24 0 55 51
639 8 1100 0 -6 -12851 1 55 0
640 8 742 0 6 -12851 1 60 0
641 8 903 0 24 -12851 1 60 0
642 12 742 500 -6 24 0 55 55
643 8 500 0 6 -12851 1 60 0
644 8 903 0 -6 -12851 1 60 0
645 8 500 0 6 -12851 1 55 0
646 8 609 0 6 -12851 1 60 0
647 12 903 742 6 -24 0 55 55
648 8 1100 0 -24 -12851 0 55 0
649 8 742 0 24 -12851 1 60 0
650 8 500 0 24 -12851 1 55 0
651 8 1100 0 -24 -12851 0 60 0
652 8 609 0 -6 -12851 0 55 0
653 8 742 0 6 -12851 1 55 0
654 8 903 0 -6 -12851 0 60 0
655 8 609 0 6 -12851 1 55 0
656 12 500 742 6 -24 1 55 55
657 12 742 903 -6 24 0 51 55
658 8 1100 0 -6 -12851 1 60 0
659 8 1100 0 -6 -12851 1 55 0
660 8 1100 0 -24 -12851 1 55 0
661 8 1100 0 6 -12851 1 60 0
662 8 903 0 6 -12851 0 60 0
663 12 609 742 6 -24 1 55 55
664 12 742 1100 -6 24 1 55 51
665 12 742 1100 -6 24 0 51 51
666 12 742 1100 6 -24 0 51 55
667 8 742 0 24 -12851 0 55 0
668 8 742 0 24 -12851 0 60 0
669 12 742 1100 6 -24 0 55 51
670 8 903 0 -6 -12851 1 55 0
671 12 1100 742 6 -24 1 51 51
672 8 903 0 6 -12851 0 60 0
673 12 1100 742 6 -24 0 51 51
674 8 742 0 -24 -12851 0 55 0
675 8 609 0 24 -12851 0 60 0
676 8 500 0 -6 -12851 0 55 0
677 12 1100 742 6 -24 0 55 55
678 8 500 0 6 -12851 0 60 0
679 8 609 0 -24 -12851 0 55 0
680 8 609 0 24 -12851 0 60 0
681 8 500 0 -6 -12851 0 55 0
682 12 500 742 -6 24 0 51 55
683 12 742 903 6 -24 0 51 51
684 8 742 0 -24 -12851 0 55 0
685 8 742 0 -6 -12851 0 55 0
686 12 609 742 -6 24 0 51 51
687 8 609 0 6 -12851 0 55 0
688 12 742 903 -6 24 0 51 51
689 8 1100 0 24 -12851 0 60 0
690 12 742 903 -6 24 0 51 51
691 8 500 0 -6 -12851 0 60 0
692 12 609 742 -6 24 0 51 55
693 12 500 742 -6 24 0 55 55
694 12 742 609 -6 24 0 55 55
695 8 609 0 -24 -12851 0 55 0
696 12 742 1100 6 -24 0 55 55
697 8 609 0 -24 -12851 0 55 0
698 12 742 1100 6 -24 0 51 51
699 8 1100 0 24 -12851 0 60 0
700 8 1100 0 -6 -12851 0 55 0
701 12 742 1100 6 -24 0 55 51
702 8 742 0 -6 -12851 0 60 0
703 8 500 0 24 -12851 0 55 0
704 8 903 0 24 -12851 0 60 0
705 8 742 0 -6 -12851 0 60 0
706 8 500 0 -24 -12851 0 60 0
707 12 609 742 6 -24 1 51 51
708 8 903 0 -6 -12851 1 60 0
709 12 903 742 6 -24 1 51 55
710 8 903 0 -6 -12851 0 55 0
711 12 903 742 -6 24 0 55 51
712 8 500 0 -6 -12851 0 55 0
713 8 500 0 -6 -12851 0 55 0
714 8 1100 0 -24 -12851 0 55 0
715 12 903 742 6 -24 0 55 55
716 8 500 0 6 -12851 0 60 0
717 8 1100 0 -6 -12851 0 55 0
718 12 742 609 6 -24 0 55 51
719 8 609 0 -6 -12851 1 55 0
720 8 609 0 -24 -12851 1 55 0
721 12 742 500 6 -24 1 55 55
722 12 609 742 -6 24 0 51 51
723 12 903 742 6 -24 0 55 55
724 8 903 0 6 -12851 1 60 0
725 12 1100 742 6 -24 0 51 51
726 12 742 609 -6 24 0 55 51
727 8 500 0 24 -12851 0 55 0
728 8 609 0 -6 -12851 1 55 0
729 12 903 742 -6 24 0 55 55
730 8 903 0 -6 -12851 0 55 0
731 12 903 742 -6 24 1 51 55
732 12 1100 742 6 -24 0 55 51
733 12 742 1100 6 -24 1 51 51
734 8 1100 0 24 -12851 0 55 0
735 8 903 0 -24 -12851 1 55 0
736 12 742 609 -6 24 0 55 51
737 8 742 0 24 -12851 0 60 0
738 12 1100 742 6 -24 0 51 55
739 8 742 0 -6 -12851 0 55 0
740 12 609 742 -6 24 0 55 55
741 12 1100 742 6 -24 0 51 55
742 12 903 742 6 -24 0 55 55
743 8 742 0 24 -12851 0 60 0
744 8 1100 0 24 -12851 0 60 0
745 8 1100 0 24 -12851 0 55 0
746 12 742 903 -6 24 0 55 55
747 12 742 500 6 -24 0 51 55
748 12 609 742 6 -24 0 55 51
749 8 1100 0 24 -12851 0 60 0
750 8 609 0 6 -12851 0 55 0
751 8 1100 0 -24 -12851 0 55 0
752 8 609 0 -24 -12851 0 55 0
753 12 742 1100 -6 24 0 55 55
754 8 742 0 -24 -12851 0 60 0
755 8 903 0 -24 -12851 0 55 0
756 12 742 609 6 -24 0 51 55
757 12 742 903 -6 24 0 55 55
758 8 742 0 -24 -12851 0 60 0
759 8 609 0 6 -12851 0 60 0
760 12 903 742 -6 24 0 51 55
761 8 903 0 -6 -12851 1 55 0
762 8 500 0 -6 -12851 0 55 0
763 8 742 0 6 -12851 0 60 0
764 8 500 0 -24 -12851 1 60 0
765 12 742 1100 -6 24 0 51 51
766 8 500 0 24 -12851 0 55 0
767 12 609 742 6 -24 0 51 51
768 8 903 0 -24 -12851 1 60 0
769 12 742 609 6 -24 0 55 51
770 8 1100 0 -6 -12851 1 55 0
771 8 1100 0 -6 -12851 0 60 0
772 12 742 1100 -6 24 1 51 51
773 8 1100 0 6 -12851 1 60 0
774 8 903 0 24 -12851 1 55 0
775 12 609 742 6 -24 0 55 51
776 8 742 0 24 -12851 0 55 0
777 8 903 0 24 -12851 0 60 0
778 8 903 0 24 -12851 0 55 0
779 12 1100 742 6 -24 0 55 55
780 8 609 0 6 -12851 0 55 0
781 8 1100 0 6 -12851 0 55 0
782 12 903 742 6 -24 0 51 55
783 8 609 0 -24 -12851 0 55 0
784 12 742 903 -6 24 0 51 51
785 12 742 903 -6 24 0 55 51
786 8 609 0 24 -12851 0 60 0
787 12 742 609 -6 24 0 55 51
788 12 742 1100 6 -24 0 55 55
789 12 903 742 6 -24 0 55 55
790 8 500 0 -24 -12851 1 55 0
791 8 500 0 6 -12851 1 60 0
792 12 1100 742 -6 24 0 55 55
793 8 500 0 -6 -12851 1 55 0
794 12 742 1100 6 -24 0 51 55
795 12 742 1100 6 -24 0 55 55
796 12 1100 742 6 -24 1 51 55
797 12 1100 742 6 -24 0 55 55
798 12 500 742 -6 24 1 51 51
799 12 609 742 6 -24 1 55 51
800 8 742 0 6 -12851 1 55 0
801 12 742 1100 6 -24 1 55 51
802 8 742 0 -6 -12851 1 55 0
803 8 742 0 -24 -12851 1 60 0
804 8 742 0 -24 -12851 0 55 0
805 12 1100 742 -6 24 0 55 55
806 12 742 903 -6 24 0 55 51
807 8 609 0 -24 -12851 0 55 0
808 8 500 0 -6 -12851 0 60 0
809 8 903 0 24 -12851 1 55 0
810 8 903 0 -24 -12851 0 60 0
811 8 1100 0 24 -12851 0 60 0
812 8 1100 0 6 -12851 0 55 0
813 8 609 0 -6 -12851 0 60 0
814 8 903 0 -6 -12851 0 55 0
815 12 742 903 6 -24 0 55 55
816 8 609 0 -24 -12851 1 55 0
817 12 1100 742 -6 24 0 55 55
818 12 742 1100 -6 24 0 55 51
819 12 500 742 6 -24 0 55 51
820 8 500 0 -24 -12851 1 55 0
821 8 500 0 6 -12851 0 55 0
822 8 742 0 24 -12851 1 60 0
823 8 742 0 24 -12851 0 60 0
824 8 1100 0 24 -12851 1 55 0
825 8 609 0 -24 -12851 1 60 0
826 12 500 742 -6 24 0 55 51
827 8 609 0 24 -12851 0 60 0
828 8 903 0 24 -12851 1 60 0
829 8 500 0 24 -12851 1 60 0
830 12 742 1100 -6 24 0 55 51
831 8 903 0 -24 -12851 1 55 0
832 8 500 0 6 -12851 0 60 0
833 8 742 0 24 -12851 0 55 0
834 8 903 0 -6 -12851 1 55 0
835 12 742 903 -6 24 0 55 51
836 8 500 0 -6 -12851 1 55 0
837 8 742 0 6 -12851 0 55 0
838 12 742 609 -6 24 0 55 55
839 8 1100 0 6 -12851 0 60 0
840 8 609 0 -6 -12851 0 55 0
841 8 1100 0 -6 -12851 1 55 0
842 8 609 0 24 -12851 0 60 0
843 12 500 742 -6 24 1 51 55
844 12 500 742 6 -24 0 51 51
845 12 609 742 -6 24 0 55 51
846 12 609 742 6 -24 0 51 55
847 8 1100 0 24 -12851 0 55 0
848 12 903 742 6 -24 0 55 55
849 12 500 742 6 -24 0 55 51
850 8 742 0 -6 -12851 0 60 0
851 12 742 1100 6 -24 0 51 55
852 12 903 742 -6 24 0 55 55
853 8 500 0 24 -12851 0 55 0
854 8 500 0 6 -12851 0 60 0
855 8 903 0 -24 -12851 0 55 0
856 8 609 0 6 -12851 1 60 0
857 8 609 0 24 -12851 0 55 0
858 8 742 0 -6 -12851 0 60 0
859 8 1100 0 24 -12851 0 60 0
860 8 1100 0 6 -12851 1 60 0
861 8 742 0 6 -12851 1 60 0
862 8 500 0 -24 -12851 0 60 0
863 8 609 0 6 -12851 0 60 0
864 12 742 903 6 -24 0 55 51
865 12 500 742 6 -24 0 55 55
866 12 742 609 6 -24 0 51 55
867 8 903 0 6 -12851 0 60 0
868 12 742 609 6 -24 0 55 55
869 12 1100 742 6 -24 0 51 51
870 8 742 0 24 -12851 0 55 0
871 8 500 0 24 -12851 0 60 0
872 12 500 742 -6 24 0 55 55
873 12 742 903 6 -24 0 51 55
874 12 742 609 -6 24 0 55 55
875 8 1100 0 24 -12851 0 55 0
876 8 903 0 -6 -12851 0 60 0
877 12 903 742 6 -24 0 51 51
878 8 742 0 24 -12851 0 60 0
879 8 742 0 24 -12851 0 55 0
880 8 609 0 24 -12851 0 55 0
881 12 742 609 6 -24 0 51 55
882 12 742 609 6 -24 0 55 55
883 8 742 0 24 -12851 0 55 0
884 12 1100 742 -6 24 0 51 51
885 8 500 0 6 -12851 0 60 0
886 8 742 0 24 -12851 0 60 0
887 8 903 0 6 -12851 0 55 0
888 8 1100 0 24 -12851 0 60 0
889 8 609 0 -24 -12851 0 55 0
890 8 609 0 -24 -12851 0 60 0
891 12 903 742 6 -24 0 55 51
892 8 903 0 -6 -12851 0 55 0
893 8 500 0 24 -12851 0 55 0
894 12 609 742 6 -24 0 51 51
895 8 903 0 -6 -12851 0 60 0
896 8 500 0 6 -12851 0 55 0
897 8 1100 0 24 -12851 0 55 0
898 8 1100 0 -24 -12851 0 55 0
899 8 500 0 24 -12851 0 55 0
900 12 742 903 6 -24 0 51 55
901 8 500 0 24 -12851 0 55 0
902 8 742 0 -24 -12851 1 60 0
903 12 903 742 -6 24 0 51 55
904 8 742 0 6 -12851 0 60 0
905 8 903 0 -6 -12851 0 60 0
906 12 1100 742 6 -24 0 55 55
907 8 742 0 -24 -12851 0 55 0
908 8 500 0 -24 -12851 0 55 0
909 12 742 903 -6 24 0 51 51
910 12 609 742 6 -24 0 55 55
911 8 1100 0 -24 -12851 0 55 0
912 8 903 0 -24 -12851 0 55 0
913 8 609 0 6 -12851 0 60 0
914 8 500 0 24 -12851 0 60 0
915 8 609 0 6 -12851 0 60 0
916 12 742 609 6 -24 0 51 51
917 12 903 742 6 -24 0 55 51
918 8 903 0 6 -12851 0 60 0
919 8 1100 0 6 -12851 0 55 0
920 12 1100 742 -6 24 0 55 55
921 12 1100 742 6 -24 0 51 51
922 8 1100 0 -6 -12851 0 55 0
923 8 609 0 24 -12851 0 55 0
924 8 742 0 6 -12851 0 60 0
925 12 742 903 -6 24 0 55 55
926 12 1100 742 6 -24 0 55 55
927 8 742 0 6 -12851 0 60 0
928 8 1100 0 -24 -12851 0 60 0
929 12 742 609 6 -24 0 51 51
930 12 903 742 6 -24 0 55 55
931 8 742 0 -24 -12851 0 55 0
932 12 742 609 6 -24 0 51 51
933 8 742 0 -24 -12851 0 55 0
934 12 1100 742 -6 24 0 51 51
935 8 609 0 24 -12851 0 55 0
936 12 742 500 -6 24 0 55 55
937 12 903 742 -6 24 0 51 55
938 8 903 0 -6 -12851 0 55 0
939 8 609 0 -24 -12851 0 55 0
940 12 500 742 -6 24 0 55 55
941 8 500 0 -6 -12851 0 60 0
942 12 1100 742 6 -24 0 55 51
943 8 903 0 -24 -12851 0 60 0
944 12 903 742 6 -24 0 51 51
945 8 609 0 6 -12851 0 55 0
946 8 1100 0 6 -12851 0 60 0
947 12 742 609 6 -24 0 55 51
948 12 1100 742 6 -24 0 55 51
949 12 742 500 -6 24 0 51 55
950 8 903 0 -24 -12851 0 60 0
951 8 500 0 -24 -12851 0 60 0
952 8 500 0 24 -12851 0 60 0
953 8 1100 0 -24 -12851 0 60 0
954 12 1100 742 -6 24 0 51 55
955 8 500 0 6 -12851 0 55 0
956 8 500 0 6 -12851 0 55 0
957 8 1100 0 -24 -12851 0 60 0
958 8 500 0 -24 -12851 0 60 0
959 12 742 609 6 -24 0 51 51
960 8 1100 0 -24 -12851 0 55 0
961 12 742 903 6 -24 0 51 51
962 8 609 0 -6 -12851 0 60 0
963 8 609 0 -6 -12851 0 60 0
964 8 903 0 6 -12851 0 55 0
965 8 500 0 -6 -12851 0 55 0
966 12 903 742 6 -24 0 51 55
967 12 500 742 -6 24 0 55 55
968 12 742 500 6 -24 0 51 55
969 12 903 742 6 -24 0 55 51
970 8 609 0 6 -12851 0 55 0
971 8 903 0 24 -12851 0 55 0
972 8 1100 0 24 -12851 0 60 0
973 8 903 0 -24 -12851 0 60 0
974 12 903 742 6 -24 0 51 51
975 12 500 742 6 -24 0 51 55
976 8 742 0 -6 -12851 0 60 0
977 8 742 0 -24 -12851 0 60 0
978 12 742 609 -6 24 0 55 55
979 8 742 0 -6 -12851 0 60 0
980 12 1100 742 6 -24 0 55 55
981 12 742 609 -6 24 0 55 55
982 12 1100 742 -6 24 0 51 51
983 12 1100 742 6 -24 0 55 51
984 8 1100 0 -24 -12851 0 55 0
985 8 1100 0 -6 -12851 0 55 0
986 8 742 0 -24 -12851 0 55 0
987 12 1100 742 -6 24 0 55 51
988 12 742 500 6 -24 0 55 51
989 12 742 903 6 -24 0 55 55
990 8 903 0 -24 -12851 0 60 0
991 8 500 0 6 -12851 0 55 0
992 8 903 0 24 -12851 0 55 0
993 8 500 0 6 -12851 0 60 0
994 8 609 0 24 -12851 0 60 0
995 12 609 742 6 -24 0 55 55
996 8 1100 0 6 -12851 0 60 0
997 12 500 742 6 -24 0 51 51
998 12 500 742 -6 24 0 51 51
999 8 742 0 -6 -12851 0 60 0
1000 8 500 0 -6 -12851 0 60 0
1001 8 1100 0 24 -12851 0 55 0
1002 12 742 609 6 -24 0 55 55
1003 8 609 0 -24 -12851 0 55 0
1004 8 742 0 -6 -12851 0 60 0
1005 12 1100 742 6 -24 0 51 51
1006 8 903 0 -6 -12851 0 60 0
1007 12 742 903 -6 24 0 51 55
1008 12 742 903 -6 24 0 51 51
1009 8 609 0 -24 -12851 0 55 0
1010 8 742 0 24 -12851 0 60 0
1011 8 742 0 -6 -12851 0 60 0
1012 8 609 0 6 -12851 0 55 0
1013 8 500 0 24 -12851 0 60 0
1014 8 903 0 -24 -12851 0 55 0
1015 12 742 609 6 -24 0 55 51
1016 12 742 609 6 -24 0 55 55
1017 8 903 0 6 -12851 0 55 0
1018 8 1100 0 -24 -12851 0 60 0
1019 12 903 742 6 -24 0 51 51
1020 8 1100 0 -24 -12851 0 60 0
1021 8 609 0 -6 -12851 0 60 0
1022 8 903 0 -24 -12851 0 55 0
1023 12 742 903 6 -24 0 55 55
1024 12 1100 742 -6 24 0 51 51
1025 12 742 609 6 -24 0 51 55
1026 12 742 903 6 -24 0 55 51
1027 12 500 742 6 -24 0 51 55
1028 8 609 0 -24 -12851 0 55 0
1029 8 500 0 -6 -12851 0 55 0
1030 12 609 742 6 -24 0 55 51
1031 12 742 500 -6 24 0 51 51
1032 8 500 0 -6 -12851 0 55 0
1033 8 742 0 -24 -12851 0 55 0
1034 12 742 500 6 -24 0 51 51
1035 12 1100 742 -6 24 0 51 51
1036 12 742 609 6 -24 0 55 55
1037 12 742 1100 -6 24 0 55 55
1038 12 742 1100 6 -24 0 51 55
1039 8 742 0 24 -12851 0 55 0
1040 12 742 903 -6 24 0 51 51
1041 12 742 1100 -6 24 0 51 51
1042 12 742 903 6 -24 0 51 51
1043 8 1100 0 24 -12851 0 55 0
1044 8 742 0 24 -12851 0 60 0
1045 8 742 0 -6 -12851 0 60 0
1046 8 1100 0 -6 -12851 0 60 0
1047 8 742 0 -24 -12851 0 60 0
1048 12 903 742 -6 24 0 51 51
1049 8 742 0 24 -12851 0 55 0
1050 12 742 500 -6 24 0 51 55
1051 12 742 500 6 -24 0 55 51
1052 12 500 742 -6 24 0 51 51
1053 8 903 0 -6 -12851 0 55 0
1054 8 1100 0 -6 -12851 0 60 0
1055 12 903 742 -6 24 0 51 55
1056 8 1100 0 -24 -12851 0 55 0
1057 12 742 1100 6 -24 0 51 55
1058 8 903 0 6 -12851 0 55 0
1059 12 742 903 -6 24 0 55 51
1060 12 903 742 -6 24 0 51 55
1061 12 742 903 6 -24 0 51 51
1062 8 903 0 -6 -12851 0 60 0
1063 12 500 742 -6 24 0 51 51
1064 8 609 0 6 -12851 0 55 0
1065 12 742 1100 -6 24 0 55 51
1066 12 1100 742 6 -24 0 55 51
1067 8 500 0 -24 -12851 0 55 0
1068 12 903 742 -6 24 0 55 55
1069 8 500 0 -24 -12851 0 60 0
1070 8 609 0 6 -12851 0 55 0
1071 12 742 903 -6 24 0 51 55
1072 8 500 0 -24 -12851 0 60 0
1073 8 609 0 -24 -12851 0 55 0
1074 12 742 609 6 -24 0 51 55
1075 8 742 0 -24 -12851 0 55 0
1076 12 742 903 6 -24 0 51 51
1077 8 742 0 6 -12851 0 55 0
1078 12 500 742 6 -24 0 51 51
1079 8 609 0 -24 -12851 0 60 0
1080 8 742 0 24 -12851 0 60 0
1081 8 500 0 24 -12851 0 55 0
1082 12 1100 742 6 -24 0 51 51
1083 8 742 0 6 -12851 0 60 0
1084 8 903 0 -6 -12851 0 60 0
1085 12 742 609 6 -24 0 51 55
1086 8 1100 0 -6 -12851 0 55 0
1087 8 609 0 -24 -12851 0 55 0
1088 12 903 742 6 -24 0 51 51
1089 8 609 0 24 -12851 0 60 0
1090 12 742 1100 -6 24 0 55 51
1091 8 903 0 -6 -12851 0 55 0
1092 8 500 0 6 -12851 0 60 0
1093 8 903 0 -24 -12851 0 55 0
1094 12 742 609 6 -24 0 55 51
1095 8 500 0 -6 -12851 0 60 0
1096 8 1100 0 6 -12851 0 55 0
1097 8 1100 0 6 -12851 0 60 0
1098 12 742 903 -6 24 0 55 51
1099 8 609 0 -6 -12851 0 60 0
1100 12 742 903 -6 24 0 55 55
1101 8 609 0 -24 -12851 0 60 0
1102 8 742 0 24 -12851 0 60 0
1103 12 742 500 -6 24 0 55 55
1104 8 500 0 -24 -12851 0 55 0
1105 8 742 0 6 -12851 0 60 0
1106 8 609 0 -24 -12851 0 60 0
1107 8 742 0 6 -12851 0 60 0
1108 12 742 609 6 -24 0 51 51
1109 8 609 0 -24 -12851 0 55 0
1110 12 500 742 6 -24 0 55 55
1111 12 742 500 6 -24 0 51 55
1112 8 500 0 6 -12851 0 55 0
1113 8 1100 0 6 -12851 0 60 0
1114 8 903 0 24 -12851 0 55 0
1115 12 903 742 6 -24 0 51 51
1116 12 742 500 -6 24 0 55 51
1117 8 500 0 -24 -12851 0 60 0
1118 12 742 500 6 -24 0 51 51
1119 8 903 0 24 -12851 0 55 0
1120 8 903 0 -6 -12851 0 60 0
1121 8 1100 0 6 -12851 0 55 0
1122 12 742 903 -6 24 0 51 51
1123 12 742 903 6 -24 0 51 51
1124 8 1100 0 24 -12851 0 55 0
1125 8 903 0 24 -12851 0 60 0
1126 8 903 0 24 -12851 0 60 0
1127 8 742 0 24 -12851 0 55 0
1128 12 742 609 -6 24 0 51 55
1129 12 903 742 6 -24 0 55 55
1130 8 742 0 -6 -12851 0 60 0
1131 8 500 0 -6 -12851 0 60 0
1132 12 500 742 6 -24 0 51 55
1133 8 609 0 24 -12851 0 60 0
1134 8 609 0 24 -12851 0 60 0
1135 8 1100 0 24 -12851 0 55 0
1136 8 903 0 24 -12851 0 55 0
1137 8 500 0 6 -12851 0 55 0
1138 12 500 742 -6 24 0 55 55
1139 8 609 0 -6 -12851 0 60 0
1140 12 742 1100 -6 24 0 55 55
1141 12 903 742 -6 24 0 51 51
1142 12 742 903 -6 24 0 55 51
1143 8 903 0 -6 -12851 0 60 0
1144 8 500 0 24 -12851 0 55 0
1145 12 1100 742 6 -24 0 55 55
1146 8 1100 0 6 -12851 0 55 0
1147 8 742 0 -6 -12851 0 60 0
1148 8 1100 0 6 -12851 0 60 0
1149 8 500 0 -6 -12851 0 55 0
1150 12 1100 742 6 -24 0 51 55
1151 12 742 500 6 -24 0 55 55
1152 12 742 500 -6 24 0 55 55
1153 12 903 742 6 -24 0 55 55
1154 12 500 742 -6 24 0 55 55
1155 8 500 0 -24 -12851 0 60 0
1156 8 609 0 6 -12851 0 55 0
1157 8 1100 0 6 -12851 0 60 0
1158 8 609 0 -6 -12851 0 60 0
1159 8 500 0 24 -12851 0 55 0
1160 8 903 0 -6 -12851 0 60 0
1161 8 903 0 6 -12851 0 60 0
1162 8 609 0 24 -12851 0 60 0
1163 12 903 742 -6 24 0 55 51
1164 8 903 0 24 -12851 0 60 0
1165 8 742 0 6 -12851 0 55 0
1166 8 1100 0 -24 -12851 0 60 0
1167 12 1100 742 6 -24 0 55 51
1168 8 500 0 -6 -12851 0 60 0
1169 8 1100 0 -6 -12851 0 60 0
1170 8 742 0 -6 -12851 0 60 0
1171 8 742 0 -6 -12851 0 55 0
1172 8 742 0 6 -12851 0 55 0
1173 8 742 0 -24 -12851 0 55 0
1174 12 742 1100 -6 24 0 55 55
1175 12 1100 742 -6 24 0 55 55
1176 12 609 742 -6 24 0 51 51
1177 12 903 742 6 -24 0 51 51
1178 8 1100 0 -24 -12851 0 55 0
1179 8 742 0 -6 -12851 0 55 0
1180 8 742 0 6 -12851 0 55 0
1181 8 609 0 24 -12851 0 60 0
1182 12 903 742 -6 24 0 55 55
1183 8 903 0 -6 -12851 0 55 0
1184 8 609 0 -24 -12851 0 55 0
1185 12 500 742 -6 24 0 55 55
1186 8 500 0 -6 -12851 0 60 0
1187 12 742 609 6 -24 0 55 55
1188 8 903 0 -24 -12851 0 60 0
1189 8 609 0 -6 -12851 0 55 0
1190 8 1100 0 -24 -12851 0 60 0
1191 8 903 0 -24 -12851 0 55 0
1192 8 500 0 -24 -12851 0 55 0
1193 8 500 0 6 -12851 0 55 0
1194 8 1100 0 -6 -12851 0 60 0
1195 8 742 0 6 -12851 0 60 0
1196 8 742 0 24 -12851 0 55 0
1197 8 742 0 -24 -12851 0 55 0
1198 8 609 0 24 -12851 0 55 0
1199 8 742 0 24 -12851 0 55 0
1200 8 903 0 -6 -12851 0 55 0
1201 12 742 609 6 -24 0 51 55
1202 8 1100 0 24 -12851 0 60 0
1203 8 903 0 -6 -12851 0 60 0
1204 8 609 0 -6 -12851 0 55 0
1205 12 903 742 6 -24 0 51 51
1206 12 742 903 -6 24 0 55 51
1207 12 1100 742 -6 24 0 55 55
1208 12 500 742 6 -24 0 55 55
1209 12 609 742 -6 24 0 55 51
1210 8 903 0 -6 -12851 0 60 0
1211 8 1100 0 24 -12851 0 60 0
1212 8 609 0 -6 -12851 0 60 0
1213 12 742 500 -6 24 0 55 55
1214 8 500 0 24 -12851 0 60 0
1215 12 500 742 -6 24 0 51 55
1216 8 500 0 6 -12851 0 60 0
1217 8 1100 0 -6 -12851 0 60 0
1218 8 500 0 -24 -12851 0 60 0
1219 8 500 0 6 -12851 0 55 0
1220 8 500 0 24 -12851 0 55 0
1221 8 1100 0 24 -12851 0 60 0
1222 12 500 742 6 -24 0 55 55
1223 12 903 742 -6 24 0 55 51
1224 8 500 0 -6 -12851 0 55 0
1225 8 1100 0 6 -12851 0 60 0
1226 12 1100 742 -6 24 0 55 55
1227 12 742 609 6 -24 0 51 51
1228 8 1100 0 24 -12851 0 55 0
1229 8 903 0 -24 -12851 0 60 0
1230 12 742 1100 -6 24 0 55 51
1231 8 742 0 -6 -12851 0 55 0
1232 8 742 0 6 -12851 0 55 0
1233 8 609 0 -6 -12851 0 60 0
1234 8 903 0 -6 -12851 0 55 0
1235 8 609 0 -6 -12851 0 55 0
1236 8 500 0 6 -12851 0 55 0
1237 8 903 0 24 -12851 0 60 0
1238 12 1100 742 6 -24 0 55 55
1239 12 609 742 6 -24 0 51 55
1240 12 903 742 6 -24 0 55 55
1241 12 742 903 6 -24 0 51 51
1242 12 903 742 -6 24 0 55 55
1243 8 742 0 -24 -12851 0 60 0
1244 12 1100 742 6 -24 0 55 55
1245 12 609 742 -6 24 0 55 51
1246 8 609 0 6 -12851 0 55 0
1247 8 609 0 -6 -12851 0 55 0
1248 8 609 0 -6 -12851 0 60 0
1249 12 903 742 6 -24 0 55 55
1250 8 1100 0 -6 -12851 0 55 0
1251 8 1100 0 6 -12851 0 55 0
1252 8 742 0 -24 -12851 0 55 0
1253 8 1100 0 -6 -12851 0 55 0
1254 12 742 500 6 -24 0 55 51
1255 12 742 500 6 -24 0 55 55
1256 8 609 0 24 -12851 0 60 0
1257 8 742 0 6 -12851 0 60 0
1258 12 742 903 6 -24 0 51 51
1259 12 742 609 -6 24 0 51 51
1260 8 742 0 -6 -12851 0 55 0
1261 8 903 0 6 -12851 0 55 0
1262 8 609 0 -6 -12851 0 55 0
1263 8 903 0 -24 -12851 0 60 0
1264 12 742 1100 -6 24 0 51 51
1265 8 903 0 24 -12851 0 55 0
1266 8 500 0 -24 -12851 0 60 0
1267 12 1100 742 6 -24 0 51 55
1268 12 742 903 6 -24 0 51 51
1269 12 500 742 -6 24 0 51 51
1270 8 500 0 -6 -12851 0 55 0
1271 8 500 0 6 -12851 0 60 0
1272 8 500 0 24 -12851 0 60 0
1273 8 500 0 -24 -12851 0 55 0
1274 8 609 0 6 -12851 0 60 0
1275 8 1100 0 -6 -12851 0 60 0
1276 8 609 0 24 -12851 0 55 0
1277 12 500 742 6 -24 0 51 55
1278 12 742 903 -6 24 0 51 55
1279 8 500 0 6 -12851 0 55 0
1280 12 742 903 -6 24 0 55 55
1281 8 903 0 -6 -12851 0 60 0
1282 12 742 500 6 -24 0 55 51
1283 12 742 609 6 -24 0 55 55
1284 12 742 500 6 -24 0 51 51
1285 8 903 0 -6 -12851 0 60 0
1286 12 742 903 -6 24 0 55 55
1287 8 609 0 24 -12851 0 60 0
1288 8 903 0 6 -12851 0 55 0
1289 12 742 500 6 -24 0 51 51
1290 12 1100 742 -6 24 0 55 55
1291 8 742 0 6 -12851 0 60 0
1292 8 1100 0 -24 -12851 0 55 0
1293 8 500 0 6 -12851 0 60 0
1294 12 742 500 -6 24 0 51 51
1295 8 1100 0 -24 -12851 0 60 0
1296 8 742 0 24 -12851 0 55 0
1297 12 742 903 6 -24 0 55 55
1298 8 742 0 24 -12851 0 60 0
1299 12 500 742 -6 24 0 55 55
1300 12 1100 742 6 -24 0 51 51
1301 8 500 0 24 -12851 0 60 0
1302 8 500 0 -24 -12851 0 60 0
1303 12 742 1100 -6 24 0 51 55
1304 8 500 0 -6 -12851 0 60 0
1305 12 742 609 -6 24 0 55 55
1306 8 1100 0 6 -12851 0 55 0
1307 12 1100 742 -6 24 0 51 51
1308 8 1100 0 24 -12851 0 55 0
1309 12 1100 742 6 -24 0 51 51
1310 8 500 0 24 -12851 0 55 0
1311 8 903 0 -6 -12851 0 60 0
1312 12 742 500 6 -24 0 51 51
1313 8 742 0 6 -12851 0 60 0
1314 8 1100 0 24 -12851 0 55 0
1315 12 742 903 -6 24 0 51 51
1316 8 742 0 -24 -12851 0 55 0
1317 8 742 0 -6 -12851 0 55 0
1318 8 903 0 -24 -12851 0 60 0
1319 8 609 0 6 -12851 0 55 0
1320 12 1100 742 6 -24 0 55 55
1321 8 903 0 -24 -12851 0 60 0
1322 8 609 0 -6 -12851 0 55 0
1323 8 609 0 6 -12851 0 60 0
1324 12 1100 742 -6 24 0 55 55
1325 8 903 0 6 -12851 0 55 0
1326 12 1100 742 -6 24 0 55 55
1327 12 903 742 -6 24 0 55 55
1328 8 903 0 6 -12851 0 55 0
1329 12 742 1100 -6 24 0 55 51
1330 12 500 742 6 -24 0 51 51
1331 8 609 0 24 -12851 0 60 0
1332 12 742 609 -6 24 0 55 55
1333 8 1100 0 6 -12851 0 60 0
1334 12 742 500 -6 24 0 51 55
1335 8 609 0 -24 -12851 0 60 0
1336 8 1100 0 -6 -12851 0 60 0
1337 8 1100 0 6 -12851 0 55 0
1338 8 500 0 6 -12851 0 55 0
1339 12 500 742 6 -24 0 51 51
1340 8 903 0 6 -12851 0 60 0
1341 8 903 0 -6 -12851 0 55 0
1342 8 609 0 24 -12851 0 55 0
1343 12 1100 742 -6 24 0 55 51
1344 8 742 0 6 -12851 0 55 0
1345 8 742 0 -24 -12851 0 60 0
1346 12 742 1100 6 -24 0 55 55
1347 8 500 0 6 -12851 0 55 0
1348 12 742 500 6 -24 0 51 55
1349 8 742 0 -24 -12851 0 55 0
1350 12 500 742 6 -24 0 55 55
1351 8 500 0 6 -12851 0 55 0
1352 12 1100 742 -6 24 0 55 55
1353 8 609 0 -6 -12851 0 60 0
1354 12 742 500 6 -24 0 55 55
1355 8 609 0 24 -12851 0 60 0
1356 8 609 0 -24 -12851 0 60 0
1357 12 742 500 6 -24 0 51 51
1358 8 1100 0 24 -12851 0 60 0
1359 8 742 0 -6 -12851 0 60 0
1360 12 903 742 -6 24 0 51 51
1361 8 742 0 24 -12851 0 60 0
1362 8 500 0 24 -12851 0 60 0
1363 12 903 742 -6 24 0 55 51
1364 12 742 609 6 -24 0 55 51
1365 8 742 0 -24 -12851 0 55 0
1366 8 609 0 6 -12851 0 55 0
1367 8 903 0 24 -12851 0 55 0
1368 12 742 609 -6 24 0 51 51
1369 8 1100 0 -6 -12851 0 55 0
1370 8 903 0 -24 -12851 0 60 0
1371 8 500 0 24 -12851 0 55 0
1372 12 609 742 -6 24 0 51 55
1373 8 500 0 -6 -12851 0 60 0
1374 8 1100 0 24 -12851 0 60 0
1375 12 742 1100 -6 24 0 51 51
1376 12 609 742 -6 24 0 51 55
1377 8 903 0 -6 -12851 0 55 0
1378 8 1100 0 6 -12851 0 60 0
1379 8 1100 0 24 -12851 0 55 0
1380 8 500 0 -24 -12851 0 60 0
1381 8 609 0 24 -12851 0 60 0
1382 8 903 0 -6 -12851 0 60 0
1383 12 609 742 6 -24 0 51 55
1384 8 903 0 6 -12851 0 55 0
1385 12 1100 742 -6 24 0 51 51
1386 8 500 0 24 -12851 0 55 0
1387 12 742 500 -6 24 0 55 55
1388 12 742 903 -6 24 0 55 55
1389 12 1100 742 -6 24 0 55 51
1390 8 903 0 24 -12851 0 60 0
1391 12 742 609 -6 24 0 55 55
1392 8 500 0 24 -12851 0 60 0
1393 8 742 0 24 -12851 0 55 0
1394 8 742 0 -24 -12851 0 55 0
1395 12 903 742 6 -24 0 55 55
1396 8 742 0 -6 -12851 0 60 0
1397 12 609 742 -6 24 0 55 51
1398 12 609 742 6 -24 0 55 51
1399 8 609 0 6 -12851 0 55 0
1400 8 1100 0 6 -12851 0 60 0
1401 8 1100 0 -6 -12851 0 55 0
1402 8 609 0 -24 -12851 0 60 0
1403 12 742 903 -6 24 0 55 55
1404 12 609 742 6 -24 0 55 55
1405 8 500 0 24 -12851 0 55 0
1406 8 500 0 -6 -12851 0 60 0
1407 8 903 0 24 -12851 0 55 0
1408 12 742 609 -6 24 0 55 51
1409 8 609 0 -6 -12851 0 60 0
1410 12 500 742 -6 24 0 51 51
1411 8 609 0 -6 -12851 0 55 0
1412 12 742 609 -6 24 0 55 55
1413 12 903 742 6 -24 0 51 55
1414 8 742 0 24 -12851 0 60 0
1415 8 1100 0 -24 -12851 0 55 0
1416 8 1100 0 -24 -12851 0 55 0
1417 12 742 903 -6 24 0 55 51
1418 12 742 609 -6 24 0 55 55
1419 12 903 742 6 -24 0 55 55
1420 12 742 1100 6 -24 0 55 55
1421 12 742 500 6 -24 0 55 55
1422 12 742 1100 6 -24 0 51 51
1423 8 742 0 -6 -12851 0 60 0
1424 8 500 0 -24 -12851 0 55 0
1425 8 609 0 6 -12851 0 55 0
1426 8 903 0 24 -12851 0 60 0
1427 8 742 0 6 -12851 0 55 0
1428 8 500 0 24 -12851 0 55 0
1429 8 1100 0 6 -12851 0 55 0
1430 8 903 0 -6 -12851 0 55 0
1431 8 500 0 -6 -12851 0 55 0
1432 8 500 0 6 -12851 0 55 0
1433 8 609 0 -24 -12851 0 55 0
1434 12 742 609 6 -24 0 51 51
1435 8 1100 0 -6 -12851 0 60 0
1436 12 903 742 -6 24 0 51 51
1437 8 609 0 24 -12851 0 60 0
1438 8 500 0 -6 -12851 0 55 0
1439 8 903 0 6 -12851 0 60 0
1440 8 903 0 -24 -12851 0 55 0
1441 8 609 0 6 -12851 0 60 0
1442 8 903 0 -6 -12851 0 55 0
1443 12 500 742 6 -24 0 51 55
1444 8 742 0 -24 -12851 0 55 0
1445 12 742 1100 -6 24 0 55 55
1446 12 500 742 -6 24 0 55 51
1447 12 1100 742 6 -24 0 51 55
1448 8 1100 0 24 -12851 0 55 0
1449 12 500 742 -6 24 0 55 55
1450 8 500 0 6 -12851 0 60 0
1451 8 1100 0 -24 -12851 0 60 0
1452 8 742 0 6 -12851 0 55 0
1453 8 742 0 6 -12851 0 60 0
1454 12 1100 742 6 -24 0 55 51
1455 8 500 0 -6 -12851 0 60 0
1456 8 500 0 -24 -12851 0 55 0
1457 8 742 0 6 -12851 0 55 0
1458 8 742 0 -24 -12851 0 55 0
1459 8 903 0 24 -12851 0 55 0
1460 12 500 742 -6 24 0 51 51
1461 8 742 0 -6 -12851 0 55 0
1462 8 500 0 24 -12851 0 55 0
1463 12 742 500 -6 24 0 51 51
1464 8 1100 0 24 -12851 0 55 0
1465 8 903 0 -6 -12851 0 55 0
1466 8 609 0 6 -12851 0 60 0
1467 12 609 742 6 -24 0 51 51
1468 12 742 1100 -6 24 0 51 55
1469 12 742 1100 -6 24 0 51 55
1470 12 742 609 -6 24 0 51 51
1471 8 500 0 -6 -12851 0 55 0
1472 8 609 0 24 -12851 0 55 0
1473 8 903 0 24 -12851 0 60 0
1474 8 1100 0 24 -12851 0 55 0
1475 12 609 742 6 -24 0 55 55
1476 8 1100 0 6 -12851 0 60 0
1477 12 903 742 -6 24 0 51 51
1478 12 1100 742 -6 24 0 55 55
1479 8 609 0 -6 -12851 0 55 0
1480 8 742 0 24 -12851 0 55 0
1481 8 742 0 -24 -12851 0 60 0
1482 12 1100 742 6 -24 0 51 55
1483 8 1100 0 6 -12851 0 55 0
1484 8 1100 0 24 -12851 0 60 0
1485 8 742 0 6 -12851 0 55 0
1486 8 1100 0 24 -12851 0 55 0
1487 8 903 0 -6 -12851 0 55 0
1488 12 742 609 6 -24 0 51 55
1489 12 903 742 -6 24 0 51 51
1490 12 500 742 6 -24 0 51 51
1491 8 903 0 6 -12851 0 60 0
1492 8 609 0 -6 -12851 0 55 0
1493 8 742 0 -6 -12851 0 55 0
1494 8 609 0 -6 -12851 0 60 0
1495 8 903 0 6 -12851 0 60 0
1496 12 742 1100 -6 24 0 51 55
1497 12 609 742 6 -24 0 51 51
1498 8 500 0 -24 -12851 0 55 0
1499 8 500 0 -24 -12851 0 60 0
1500 8 500 0 -6 -12851 0 60 0
1501 12 742 903 -6 24 0 51 55
1502 8 609 0 -6 -12851 0 55 0
1503 8 1100 0 -6 -12851 0 60 0
1504 12 1100 742 -6 24 0 51 55
1505 12 742 500 -6 24 0 55 55
1506 8 1100 0 6 -12851 0 60 0
1507 12 1100 742 -6 24 0 55 51
1508 8 903 0 -6 -12851 0 55 0
1509 8 742 0 -6 -12851 0 60 0
1510 12 742 1100 -6 24 0 55 55
1511 8 903 0 -6 -12851 0 55 0
1512 8 903 0 24 -12851 0 60 0
1513 8 609 0 -24 -12851 0 55 0
1514 8 609 0 24 -12851 0 55 0
1515 8 500 0 -24 -12851 0 60 0
1516 8 742 0 24 -12851 0 60 0
1517 8 742 0 6 -12851 0 55 0
1518 8 609 0 -6 -12851 0 55 0
1519 8 500 0 24 -12851 0 60 0
1520 12 903 742 -6 24 0 55 51
1521 12 500 742 6 -24 0 51 55
1522 12 1100 742 6 -24 0 51 51
1523 8 1100 0 -24 -12851 0 60 0
1524 8 500 0 -6 -12851 0 55 0
1525 8 1100 0 6 -12851 0 60 0
1526 8 609 0 -24 -12851 0 60 0
1527 12 742 609 -6 24 0 51 51
1528 12 742 1100 -6 24 0 55 55
1529 8 609 0 -24 -12851 1 60 0
1530 8 609 0 -6 -12851 0 55 0
1531 8 1100 0 -6 -12851 0 55 0
1532 12 609 742 6 -24 0 55 51
1533 8 742 0 24 -12851 0 55 0
1534 8 742 0 -24 -12851 0 55 0
1535 8 500 0 -6 -12851 0 60 0
1536 12 742 500 6 -24 0 55 51
1537 8 742 0 -6 -12851 0 55 0
1538 12 742 609 -6 24 0 55 51
1539 8 609 0 24 -12851 0 60 0
1540 8 903 0 24 -12851 0 55 0
1541 12 742 903 6 -24 0 55 51
1542 8 1100 0 6 -12851 0 55 0
1543 12 609 742 -6 24 0 51 55
1544 8 903 0 -24 -12851 0 60 0
1545 8 500 0 -24 -12851 0 55 0
1546 8 500 0 6 -12851 0 60 0
1547 12 609 742 -6 24 0 51 51
1548 12 742 609 -6 24 0 51 51
1549 12 609 742 6 -24 0 51 55
1550 8 1100 0 -6 -12851 0 55 0
1551 12 742 903 6 -24 0 51 55
1552 8 903 0 24 -12851 0 60 0
1553 12 500 742 6 -24 0 51 55
1554 12 1100 742 -6 24 0 55 55
1555 8 903 0 -6 -12851 0 55 0
1556 12 609 742 6 -24 0 55 55
1557 12 500 742 6 -24 0 51 51
1558 12 1100 742 -6 24 0 55 55
1559 12 500 742 -6 24 0 51 51
1560 12 742 500 -6 24 0 51 55
1561 8 903 0 6 -12851 0 55 0
1562 8 500 0 -24 -12851 0 60 0
1563 12 500 742 6 -24 0 55 51
1564 8 500 0 6 -12851 0 60 0
1565 12 903 742 -6 24 0 55 55
1566 8 500 0 -6 -12851 0 60 0
1567 8 903 0 -6 -12851 0 55 0
1568 12 903 742 6 -24 0 55 55
1569 8 903 0 6 -12851 0 55 0
1570 12 500 742 6 -24 0 55 55
1571 8 742 0 -24 -12851 0 55 0
1572 12 1100 742 -6 24 0 55 51
1573 8 1100 0 6 -12851 0 55 0
1574 8 1100 0 24 -12851 0 60 0
1575 12 742 609 -6 24 0 51 55
1576 8 742 0 -24 -12851 0 60 0
1577 8 609 0 24 -12851 0 55 0
1578 12 742 500 -6 24 0 51 51
1579 12 903 742 -6 24 0 51 51
1580 8 742 0 24 -12851 0 55 0
1581 8 1100 0 -6 -12851 0 55 0
1582 12 742 609 6 -24 0 51 55
1583 12 742 1100 -6 24 0 55 51
1584 12 742 500 -6 24 0 51 55
1585 8 609 0 6 -12851 0 60 0
1586 8 609 0 -6 -12851 0 60 0
1587 8 609 0 -6 -12851 0 55 0
1588 8 609 0 6 -12851 0 55 0
1589 8 609 0 24 -12851 0 55 0
1590 12 742 609 6 -24 0 55 51
1591 8 1100 0 24 -12851 0 60 0
1592 12 903 742 -6 24 0 55 51
1593 8 742 0 -24 -12851 0 55 0
1594 8 742 0 24 -12851 0 55 0
1595 12 1100 742 -6 24 0 55 55
1596 12 1100 742 -6 24 0 55 51
1597 12 742 903 -6 24 0 51 55
1598 12 742 500 -6 24 0 51 51
1599 12 742 500 6 -24 0 55 51
1600 8 500 0 24 -12851 0 55 0
1601 8 742 0 6 -12851 0 55 0
1602 8 609 0 -6 -12851 0 55 0
1603 8 903 0 -24 -12851 0 55 0
1604 8 1100 0 6 -12851 0 55 0
1605 8 903 0 24 -12851 0 55 0
1606 12 742 500 -6 24 0 55 55
1607 8 500 0 6 -12851 0 60 0
1608 12 742 903 6 -24 0 55 51
1609 8 500 0 -24 -12851 0 60 0
1610 12 742 1100 -6 24 0 55 51
1611 8 1100 0 24 -12851 0 55 0
1612 12 500 742 -6 24 0 55 51
1613 12 609 742 -6 24 0 51 55
1614 8 903 0 6 -12851 0 60 0
1615 8 500 0 24 -12851 0 60 0
1616 8 500 0 24 -12851 0 60 0
1617 8 1100 0 6 -12851 0 60 0
1618 12 742 1100 -6 24 0 55 55
1619 12 742 500 6 -24 0 55 55
1620 8 500 0 -24 -12851 0 55 0
1621 8 1100 0 24 -12851 0 60 0
1622 12 742 500 -6 24 0 55 51
1623 12 742 500 6 -24 0 55 55
1624 12 903 742 -6 24 0 55 55
1625 12 500 742 6 -24 0 51 51
1626 12 500 742 -6 24 0 55 55
1627 8 609 0 6 -12851 0 55 0
1628 8 609 0 -6 -12851 0 55 0
1629 8 903 0 -24 -12851 0 60 0
1630 12 500 742 -6 24 0 51 51
1631 8 500 0 -24 -12851 0 55 0
1632 12 742 903 6 -24 0 55 51
1633 12 742 500 6 -24 0 55 51
1634 12 742 903 -6 24 0 51 51
1635 12 500 742 6 -24 0 55 55
1636 12 1100 742 6 -24 0 55 51
1637 12 1100 742 6 -24 0 55 51
1638 8 609 0 6 -12851 0 60 0
1639 12 742 1100 -6 24 0 55 55
1640 12 609 742 -6 24 0 51 55
1641 12 903 742 -6 24 0 55 51
1642 8 903 0 24 -12851 0 55 0
1643 8 1100 0 -6 -12851 0 60 0
1644 8 903 0 24 -12851 0 60 0
1645 8 742 0 6 -12851 0 55 0
1646 8 742 0 -24 -12851 0 60 0
1647 8 742 0 6 -12851 0 60 0
1648 12 742 500 6 -24 0 51 55
1649 8 742 0 -6 -12851 0 60 0
1650 8 742 0 -6 -12851 0 60 0
1651 12 742 903 -6 24 0 51 55
