270 8 500 0 24 -12851 0 55 0
271 8 500 0 24 -12851 1 55 0
272 12 1100 742 6 -24 0 51 51
273 8 742 0 -24 -12851 1 55 0
274 8 500 0 24 -12851 0 60 0
275 12 742 500 -6 24 0 55 51
276 8 1100 0 -6 -12851 0 55 0
277 12 742 903 6 -24 0 51 55
278 8 609 0 24 -12851 1 55 0
279 8 609 0 -6 -12851 1 60 0
280 8 903 0 -24 -12851 1 60 0
281 8 903 0 24 -12851 1 60 0
282 8 1100 0 -24 -12851 1 55 0
283 12 742 903 -6 24 0 51 55
284 8 500 0 24 -12851 1 55 0
285 8 500 0 -24 -12851 1 60 0
286 8 500 0 -24 -12851 1 55 0
287 12 1100 742 6 -24 1 55 51
288 12 742 500 6 -24 0 55 55
289 12 609 742 6 -24 1 55 55
290 12 903 742 -6 24 0 51 51
291 8 903 0 -24 -12851 1 55 0
292 12 1100 742 6 -24 1 55 51
293 8 1100 0 24 -12851 1 60 0
294 8 1100 0 -24 -12851 1 55 0
295 8 609 0 -24 -12851 1 60 0
296 12 1100 742 -6 24 1 55 55
297 12 500 742 6 -24 1 55 51
298 8 609 0 -6 -12851 0 60 0
299 8 903 0 -6 -12851 1 60 0
300 12 609 742 -6 24 0 55 51
301 8 609 0 24 -12851 1 55 0
302 8 742 0 -24 -12851 0 55 0
303 8 742 0 -24 -12851 1 60 0
304 8 742 0 -6 -12851 1 60 0
305 8 500 0 24 -12851 1 55 0
306 8 500 0 -24 -12851 1 60 0
307 12 742 609 6 -24 0 55 51
308 8 500 0 6 -12851 1 55 0
309 8 609 0 6 -12851 0 55 0
310 12 742 903 -6 24 0 51 51
311 8 742 0 -6 -12851 0 60 0
312 12 742 1100 -6 24 0 51 51
313 8 903 0 6 -12851 1 55 0
314 8 742 0 -6 -12851 0 60 0
315 8 609 0 -24 -12851 0 55 0
316 8 500 0 -6 -12851 0 60 0
317 8 609 0 -24 -12851 0 60 0
318 12 742 609 -6 24 1 51 55
319 8 903 0 24 -12851 1 60 0
320 12 742 500 -6 24 1 51 51
321 12 903 742 -6 24 0 55 51
322 8 903 0 -24 -12851 1 55 0
323 8 742 0 6 -12851 1 55 0
324 12 1100 742 -6 24 1 55 51
325 8 1100 0 24 -12851 1 55 0
326 12 742 609 -6 24 1 51 55
327 8 1100 0 6 -12851 1 60 0
328 8 1100 0 24 -12851 1 55 0
329 8 742 0 -24 -12851 1 60 0
330 12 742 1100 -6 24 1 55 51
331 8 742 0 -24 -12851 1 55 0
332 12 500 742 6 -24 1 55 51
333 8 742 0 24 -12851 1 55 0
334 12 742 609 -6 24 1 51 55
335 8 609 0 -24 -12851 1 55 0
336 8 903 0 24 -12851 0 55 0
337 8 609 0 -24 -12851 1 55 0
338 8 903 0 -6 -12851 0 60 0
339 8 742 0 24 -12851 1 55 0
340 8 609 0 6 -12851 1 60 0
341 12 500 742 6 -24 1 55 55
342 12 609 742 6 -24 0 51 55
343 8 903 0 -6 -12851 1 60 0
344 8 1100 0 24 -12851 1 60 0
345 8 1100 0 -24 -12851 1 60 0
346 8 500 0 6 -12851 1 60 0
347 8 1100 0 -6 -12851 0 55 0
348 8 500 0 -24 -12851 1 60 0
349 8 500 0 -24 -12851 1 60 0
350 8 609 0 6 -12851 1 55 0
351 8 609 0 -6 -12851 0 60 0
352 8 1100 0 -6 -12851 1 60 0
353 8 500 0 -24 -12851 1 55 0
354 12 742 1100 -6 24 0 51 51
355 8 609 0 -24 -12851 1 60 0
356 8 903 0 -24 -12851 0 55 0
357 12 609 742 6 -24 1 55 55
358 8 609 0 24 -12851 1 55 0
359 8 903 0 24 -12851 1 55 0
360 12 903 742 6 -24 0 55 51
361 8 903 0 -6 -12851 0 55 0
362 8 742 0 6 -12851 1 60 0
363 8 742 0 24 -12851 1 60 0
364 12 903 742 -6 24 1 51 51
365 12 500 742 -6 24 0 51 51
366 12 903 742 -6 24 1 51 55
367 8 742 0 -6 -12851 1 55 0
368 12 742 1100 6 -24 0 55 55
369 12 903 742 6 -24 0 51 55
370 8 1100 0 -6 -12851 1 60 0
371 8 1100 0 6 -12851 1 55 0
372 8 500 0 -6 -12851 1 60 0
373 8 500 0 24 -12851 1 55 0
374 8 1100 0 -24 -12851 1 60 0
375 8 1100 0 -6 -12851 0 55 0
376 12 903 742 6 -24 1 55 51
377 8 742 0 -6 -12851 0 60 0
378 8 609 0 24 -12851 0 60 0
379 8 1100 0 -6 -12851 0 55 0
380 12 903 742 -6 24 0 51 55
381 12 742 609 6 -24 0 51 51
382 12 1100 742 6 -24 1 51 51
383 12 903 742 6 -24 1 55 51
384 8 500 0 -6 -12851 0 60 0
385 12 609 742 6 -24 0 55 51
386 12 500 742 6 -24 0 51 51
387 12 903 742 -6 24 1 51 51
388 8 903 0 6 -12851 1 60 0
389 12 1100 742 -6 24 1 55 55
390 8 609 0 6 -12851 1 55 0
391 8 903 0 6 -12851 1 55 0
392 8 609 0 -24 -12851 1 55 0
393 12 742 1100 -6 24 1 55 55
394 8 1100 0 6 -12851 1 60 0
395 12 903 742 6 -24 1 55 51
396 12 742 609 6 -24 1 51 51
397 8 500 0 -24 -12851 1 60 0
398 8 903 0 24 -12851 1 60 0
399 8 500 0 -6 -12851 0 60 0
400 8 742 0 6 -12851 1 55 0
401 8 742 0 24 -12851 1 55 0
402 12 742 609 -6 24 0 55 55
403 8 609 0 -6 -12851 1 60 0
404 8 609 0 -6 -12851 1 60 0
405 12 742 609 6 -24 1 55 55
406 8 903 0 -6 -12851 0 60 0
407 12 609 742 6 -24 1 51 51
408 12 742 609 6 -24 1 55 55
409 12 903 742 -6 24 0 51 51
410 8 742 0 24 -12851 1 55 0
411 8 1100 0 -24 -12851 1 60 0
412 12 742 609 6 -24 1 55 51
413 12 742 1100 6 -24 0 55 55
414 8 742 0 -6 -12851 0 60 0
415 8 1100 0 -24 -12851 1 55 0
416 8 609 0 6 -12851 1 55 0
417 8 1100 0 24 -12851 1 60 0
418 8 500 0 -24 -12851 1 55 0
419 12 609 742 6 -24 0 55 51
420 8 903 0 -6 -12851 1 60 0
421 12 903 742 -6 24 1 55 51
422 12 742 1100 -6 24 1 55 55
423 8 609 0 -6 -12851 0 55 0
424 8 742 0 6 -12851 1 60 0
425 8 903 0 6 -12851 1 55 0
426 12 742 1100 -6 24 1 55 55
427 8 500 0 24 -12851 1 55 0
428 8 500 0 -6 -12851 0 60 0
429 8 1100 0 -24 -12851 1 60 0
430 8 1100 0 24 -12851 1 55 0
431 8 1100 0 -24 -12851 1 60 0
432 12 742 1100 -6 24 1 55 55
433 8 903 0 -24 -12851 0 60 0
434 8 903 0 24 -12851 1 55 0
435 8 742 0 24 -12851 1 60 0
436 8 500 0 -6 -12851 0 60 0
437 8 742 0 24 -12851 1 55 0
438 8 742 0 -6 -12851 1 55 0
439 8 1100 0 -6 -12851 0 55 0
440 12 742 903 -6 24 0 51 55
441 12 609 742 -6 24 1 55 51
442 8 903 0 -24 -12851 0 55 0
443 12 742 1100 6 -24 1 51 51
444 8 609 0 24 -12851 1 60 0
445 8 609 0 24 -12851 1 60 0
446 8 609 0 -24 -12851 1 60 0
447 8 500 0 24 -12851 1 55 0
448 12 742 1100 -6 24 1 51 55
449 8 500 0 -6 -12851 1 60 0
450 8 903 0 -6 -12851 0 60 0
451 8 903 0 6 -12851 1 60 0
452 8 609 0 -24 -12851 1 60 0
453 12 742 500 -6 24 1 51 55
454 8 500 0 24 -12851 1 60 0
455 8 609 0 24 -12851 0 55 0
456 8 609 0 24 -12851 1 55 0
457 12 609 742 -6 24 0 51 51
458 8 500 0 24 -12851 1 60 0
459 8 742 0 6 -12851 1 60 0
460 8 1100 0 24 -12851 1 60 0
461 8 742 0 24 -12851 1 60 0
462 8 903 0 -24 -12851 0 60 0
463 8 1100 0 -6 -12851 1 55 0
464 12 742 903 6 -24 1 51 51
465 12 742 609 6 -24 0 51 55
466 8 500 0 24 -12851 0 55 0
467 8 742 0 6 -12851 1 55 0
468 8 1100 0 -24 -12851 1 60 0
469 12 903 742 -6 24 1 51 55
470 8 903 0 24 -12851 1 55 0
471 8 742 0 -6 -12851 1 55 0
472 8 742 0 6 -12851 0 60 0
473 8 742 0 -24 -12851 1 60 0
474 8 1100 0 6 -12851 1 55 0
475 12 903 742 -6 24 1 55 51
476 8 742 0 -6 -12851 0 60 0
477 12 1100 742 6 -24 1 51 51
478 8 609 0 -6 -12851 1 55 0
479 8 609 0 24 -12851 0 55 0
480 8 500 0 -24 -12851 1 55 0
481 8 500 0 -6 -12851 1 55 0
482 12 742 903 -6 24 1 55 51
483 8 609 0 -24 -12851 1 60 0
484 8 903 0 -24 -12851 1 60 0
485 8 903 0 -6 -12851 0 55 0
486 8 1100 0 24 -12851 0 60 0
487 12 742 1100 6 -24 1 55 51
488 12 500 742 6 -24 1 51 51
489 12 742 1100 6 -24 1 51 55
490 8 1100 0 -24 -12851 1 55 0
491 12 742 609 -6 24 1 51 51
492 8 500 0 6 -12851 1 55 0
493 8 903 0 -6 -12851 0 55 0
494 8 609 0 -6 -12851 0 55 0
495 12 903 742 6 -24 0 51 51
496 12 1100 742 6 -24 0 55 55
497 8 609 0 6 -12851 0 60 0
498 12 742 500 6 -24 0 55 55
499 8 903 0 -6 -12851 0 55 0
500 8 609 0 24 -12851 1 55 0
501 12 1100 742 -6 24 0 51 51
502 8 1100 0 -6 -12851 0 55 0
503 12 903 742 6 -24 1 55 55
504 12 742 903 6 -24 1 55 55
505 8 609 0 6 -12851 1 60 0
506 12 742 1100 6 -24 0 51 51
507 8 1100 0 -24 -12851 1 55 0
508 8 903 0 -6 -12851 1 55 0
509 12 742 1100 6 -24 1 55 55
510 12 742 903 -6 24 0 51 51
511 8 742 0 6 -12851 1 60 0
512 12 742 1100 6 -24 1 51 51
513 8 1100 0 -6 -12851 1 55 0
514 12 500 742 6 -24 0 51 51
515 12 1100 742 6 -24 1 55 55
516 8 903 0 -24 -12851 1 60 0
517 8 742 0 24 -12851 1 55 0
518 12 1100 742 -6 24 0 55 51
519 8 500 0 -24 -12851 0 55 0
520 8 742 0 -24 -12851 0 60 0
521 12 742 903 6 -24 1 55 51
522 12 1100 742 -6 24 0 55 55
523 8 500 0 -6 -12851 0 60 0
524 12 609 742 -6 24 1 55 55
525 8 500 0 6 -12851 0 60 0
526 12 500 742 -6 24 0 55 51
527 12 742 500 6 -24 1 51 55
528 8 1100 0 -24 -12851 1 60 0
529 12 903 742 6 -24 0 55 55
530 12 609 742 -6 24 1 55 55
531 8 1100 0 6 -12851 1 60 0
532 8 742 0 -24 -12851 0 60 0
533 12 742 500 6 -24 1 51 55
534 8 609 0 24 -12851 0 55 0
535 8 500 0 24 -12851 1 60 0
536 12 500 742 -6 24 1 55 51
537 12 903 742 6 -24 1 51 51
538 8 609 0 6 -12851 1 55 0
539 12 742 500 6 -24 1 55 55
540 8 903 0 -24 -12851 1 55 0
541 8 609 0 6 -12851 0 60 0
542 8 903 0 -6 -12851 1 60 0
543 8 903 0 -6 -12851 0 60 0
544 12 1100 742 -6 24 1 51 55
545 8 500 0 6 -12851 1 55 0
546 12 903 742 6 -24 1 55 51
547 8 1100 0 24 -12851 1 55 0
548 12 500 742 6 -24 1 55 55
549 8 1100 0 24 -12851 1 60 0
550 8 742 0 6 -12851 1 55 0
551 12 742 903 -6 24 0 55 51
552 8 742 0 -6 -12851 0 60 0
553 8 500 0 -6 -12851 0 55 0
554 8 903 0 6 -12851 1 60 0
555 12 903 742 6 -24 0 51 51
556 8 903 0 -6 -12851 0 60 0
557 8 500 0 24 -12851 1 55 0
558 8 1100 0 -6 -12851 0 60 0
559 8 609 0 6 -12851 0 60 0
560 12 903 742 -6 24 0 51 55
561 12 903 742 -6 24 0 51 51
562 8 1100 0 6 -12851 1 60 0
563 12 742 609 -6 24 1 51 55
564 8 500 0 24 -12851 0 55 0
565 8 903 0 24 -12851 1 60 0
566 8 742 0 24 -12851 0 60 0
567 8 742 0 -6 -12851 0 55 0
568 8 609 0 24 -12851 1 60 0
569 8 742 0 6 -12851 0 55 0
570 8 500 0 6 -12851 1 60 0
571 12 742 500 -6 24 0 55 51
572 12 1100 742 6 -24 1 51 51
573 12 500 742 6 -24 1 51 51
574 12 1100 742 -6 24 1 55 55
575 8 903 0 24 -12851 0 60 0
576 8 1100 0 6 -12851 1 55 0
577 8 609 0 -24 -12851 1 60 0
578 12 500 742 -6 24 0 55 55
579 8 609 0 -6 -12851 1 60 0
580 8 609 0 -6 -12851 0 55 0
581 8 500 0 -24 -12851 1 55 0
582 12 1100 742 -6 24 0 51 55
583 8 742 0 24 -12851 1 55 0
584 8 609 0 -24 -12851 0 60 0
585 8 609 0 6 -12851 1 60 0
586 12 903 742 -6 24 1 51 51
587 8 1100 0 6 -12851 0 60 0
588 8 742 0 -6 -12851 0 55 0
589 12 903 742 6 -24 1 55 55
590 8 742 0 -24 -12851 1 60 0
591 8 1100 0 -6 -12851 1 55 0
592 12 742 500 -6 24 0 55 55
593 8 903 0 -24 -12851 0 55 0
594 8 903 0 24 -12851 1 55 0
595 12 742 1100 6 -24 1 55 55
596 8 1100 0 6 -12851 1 55 0
597 8 500 0 -24 -12851 1 55 0
598 12 903 742 6 -24 1 51 51
599 8 903 0 -24 -12851 1 55 0
600 8 500 0 -6 -12851 1 55 0
601 8 609 0 24 -12851 0 60 0
602 8 609 0 -6 -12851 0 60 0
603 12 742 903 -6 24 0 55 55
604 8 903 0 -24 -12851 1 60 0
605 8 903 0 24 -12851 1 60 0
606 12 742 500 6 -24 0 51 51
607 8 903 0 6 -12851 0 60 0
608 12 500 742 6 -24 0 55 55
609 8 500 0 6 -12851 1 60 0
610 8 1100 0 -24 -12851 1 55 0
611 12 500 742 -6 24 0 55 55
612 12 903 742 -6 24 0 55 51
613 8 500 0 -6 -12851 1 55 0
614 8 1100 0 -6 -12851 0 60 0
615 8 742 0 24 -12851 1 55 0
616 12 903 742 -6 24 1 51 55
617 8 1100 0 24 -12851 0 60 0
618 12 742 500 6 -24 0 51 55
619 8 742 0 -6 -12851 1 55 0
620 8 500 0 24 -12851 1 55 0
621 12 742 609 -6 24 0 55 55
622 8 742 0 -6 -12851 0 60 0
623 8 609 0 -6 -12851 0 55 0
624 8 609 0 24 -12851 0 60 0
625 8 903 0 -6 -12851 0 55 0
626 12 742 1100 -6 24 0 51 51
627 12 742 500 6 -24 0 55 51
628 8 903 0 -24 -12851 1 60 0
629 8 1100 0 -6 -12851 0 60 0
630 8 903 0 -24 -12851 0 60 0
631 8 609 0 -6 -12851 0 60 0
632 8 609 0 24 -12851 1 55 0
633 12 1100 742 -6 24 0 51 55
634 12 903 742 -6 24 0 51 51
635 8 903 0 -24 -12851 1 60 0
636 12 609 742 6 -24 1 51 51
637 8 609 0 -24 -12851 1 60 0
638 8 1100 0 -6 -12851 0 55 0
639 12 500 742 6 -24 1 51 55
640 12 609 742 -6 24 0 55 55
641 8 742 0 6 -12851 0 60 0
642 12 742 609 -6 24 0 51 55
643 8 500 0 24 -12851 1 60 0
644 8 500 0 6 -12851 1 55 0
645 8 742 0 24 -12851 1 55 0
646 12 742 500 6 -24 1 55 55
647 8 500 0 -6 -12851 0 60 0
648 12 609 742 6 -24 1 55 51
649 8 1100 0 -24 -12851 1 55 0
650 8 742 0 -24 -12851 1 55 0
651 8 903 0 -6 -12851 0 60 0
652 12 500 742 6 -24 1 55 55
653 12 742 609 -6 24 1 51 51
654 8 903 0 24 -12851 1 60 0
655 12 742 1100 -6 24 1 51 51
656 12 742 1100 6 -24 1 55 51
657 8 500 0 6 -12851 1 60 0
658 12 742 1100 -6 24 0 55 51
659 8 1100 0 6 -12851 1 55 0
660 8 609 0 -24 -12851 1 55 0
661 8 1100 0 6 -12851 0 60 0
662 8 500 0 -24 -12851 1 55 0
663 12 742 500 -6 24 1 55 55
664 12 742 903 -6 24 1 51 55
665 8 903 0 -6 -12851 0 55 0
666 8 742 0 6 -12851 1 55 0
667 8 742 0 -24 -12851 1 55 0
668 12 500 742 -6 24 1 55 55
669 12 742 609 -6 24 0 51 51
670 12 742 609 6 -24 1 51 55
671 8 609 0 6 -12851 1 60 0
672 12 500 742 -6 24 0 55 51
673 8 742 0 24 -12851 1 55 0
674 8 500 0 -24 -12851 1 60 0
675 12 742 500 6 -24 0 51 51
676 8 903 0 6 -12851 1 60 0
677 8 1100 0 -6 -12851 1 55 0
678 8 609 0 -24 -12851 1 60 0
679 8 609 0 -24 -12851 1 60 0
680 8 609 0 24 -12851 1 55 0
681 8 903 0 -24 -12851 1 55 0
682 8 903 0 24 -12851 1 55 0
683 12 903 742 6 -24 1 55 55
684 8 609 0 6 -12851 1 55 0
685 8 609 0 -24 -12851 1 55 0
686 12 742 609 6 -24 1 55 51
687 8 903 0 6 -12851 1 60 0
688 12 609 742 -6 24 1 51 51
689 12 742 500 6 -24 1 55 51
690 12 742 500 -6 24 0 51 55
691 8 742 0 24 -12851 1 60 0
692 8 742 0 24 -12851 1 60 0
693 8 742 0 -24 -12851 1 60 0
694 8 500 0 -24 -12851 1 60 0
695 12 609 742 6 -24 1 55 55
696 12 1100 742 6 -24 0 55 51
697 12 500 742 6 -24 0 55 55
698 8 1100 0 -24 -12851 1 60 0
699 8 1100 0 -6 -12851 1 55 0
700 12 742 500 -6 24 1 55 55
701 8 1100 0 24 -12851 1 60 0
702 8 500 0 -24 -12851 1 55 0
703 12 1100 742 -6 24 1 55 51
704 8 500 0 -6 -12851 0 60 0
705 8 903 0 -24 -12851 1 60 0
706 8 903 0 -6 -12851 0 60 0
707 8 903 0 -24 -12851 1 60 0
708 8 742 0 24 -12851 1 55 0
709 8 609 0 -6 -12851 0 55 0
710 12 609 742 6 -24 1 55 51
711 8 1100 0 6 -12851 1 55 0
712 8 500 0 -6 -12851 0 55 0
713 12 742 903 -6 24 1 55 55
714 8 903 0 6 -12851 1 60 0
715 12 1100 742 6 -24 1 51 55
716 12 742 609 6 -24 1 55 55
717 8 500 0 24 -12851 1 60 0
718 12 742 1100 -6 24 1 51 51
719 12 742 609 -6 24 0 55 55
720 8 742 0 -24 -12851 0 60 0
721 8 609 0 -24 -12851 1 55 0
722 8 500 0 6 -12851 1 60 0
723 12 742 903 -6 24 1 55 51
724 8 609 0 24 -12851 1 55 0
725 8 1100 0 -6 -12851 0 55 0
726 8 1100 0 6 -12851 1 55 0
727 8 742 0 24 -12851 1 60 0
728 8 609 0 24 -12851 1 60 0
729 8 609 0 -6 -12851 1 60 0
730 8 903 0 6 -12851 1 60 0
731 8 1100 0 -24 -12851 1 60 0
732 8 609 0 -6 -12851 0 55 0
733 12 1100 742 6 -24 1 51 55
734 8 903 0 -6 -12851 0 60 0
735 12 500 742 6 -24 0 55 55
736 8 742 0 -6 -12851 1 55 0
737 8 609 0 -24 -12851 1 60 0
738 8 742 0 -6 -12851 0 60 0
739 8 500 0 6 -12851 1 60 0
740 12 742 609 -6 24 0 51 55
741 12 742 1100 -6 24 0 55 51
742 8 742 0 -6 -12851 1 55 0
743 8 1100 0 6 -12851 1 55 0
744 8 1100 0 24 -12851 1 55 0
745 8 903 0 -24 -12851 1 55 0
746 8 500 0 -6 -12851 1 55 0
747 8 500 0 6 -12851 1 55 0
748 12 1100 742 6 -24 1 51 51
749 8 903 0 -24 -12851 1 60 0
750 8 903 0 -24 -12851 1 60 0
751 12 609 742 6 -24 0 55 51
752 12 500 742 -6 24 1 51 51
753 12 609 742 6 -24 1 55 51
754 8 903 0 -24 -12851 1 60 0
755 8 609 0 -6 -12851 0 55 0
756 8 742 0 -6 -12851 0 60 0
757 12 500 742 6 -24 0 55 55
758 12 609 742 6 -24 1 55 51
759 12 742 609 -6 24 0 51 51
760 12 1100 742 6 -24 1 51 55
761 8 903 0 -24 -12851 1 60 0
762 8 742 0 -24 -12851 1 55 0
763 12 742 1100 -6 24 0 55 51
764 12 500 742 6 -24 0 55 51
765 8 609 0 24 -12851 1 60 0
766 8 500 0 24 -12851 1 55 0
767 12 742 500 -6 24 1 51 55
768 12 1100 742 6 -24 1 55 51
769 8 609 0 24 -12851 1 55 0
770 12 903 742 -6 24 0 51 51
771 12 1100 742 -6 24 1 55 51
772 8 742 0 -6 -12851 0 55 0
773 8 500 0 -6 -12851 1 55 0
774 8 500 0 -24 -12851 1 60 0
775 12 903 742 -6 24 0 51 55
776 8 1100 0 -6 -12851 0 60 0
777 8 1100 0 -6 -12851 0 55 0
778 12 742 1100 6 -24 0 51 51
779 8 1100 0 -6 -12851 0 60 0
780 12 1100 742 6 -24 0 51 51
781 12 1100 742 -6 24 1 55 51
782 8 609 0 24 -12851 1 60 0
783 12 742 609 6 -24 1 55 51
784 8 609 0 6 -12851 1 60 0
785 8 903 0 -6 -12851 0 55 0
786 8 500 0 -24 -12851 1 55 0
787 12 742 1100 6 -24 1 55 55
788 8 609 0 -24 -12851 1 55 0
789 12 742 609 -6 24 0 55 51
790 12 742 500 -6 24 1 51 51
791 12 742 609 6 -24 1 51 51
792 12 1100 742 6 -24 0 51 51
793 12 742 500 6 -24 1 51 55
794 8 1100 0 -6 -12851 1 55 0
795 8 609 0 24 -12851 1 60 0
796 8 903 0 -6 -12851 1 60 0
797 8 500 0 24 -12851 1 55 0
798 8 500 0 -24 -12851 1 60 0
799 8 903 0 24 -12851 1 60 0
800 8 742 0 -6 -12851 0 55 0
801 8 1100 0 -6 -12851 1 60 0
802 8 1100 0 24 -12851 1 55 0
803 8 742 0 6 -12851 1 60 0
804 12 742 500 -6 24 1 55 55
805 12 742 903 6 -24 1 51 51
806 8 742 0 -24 -12851 1 60 0
807 8 609 0 -24 -12851 1 60 0
808 8 609 0 24 -12851 1 60 0
809 8 500 0 6 -12851 1 55 0
810 12 742 500 6 -24 1 55 51
811 12 742 609 6 -24 1 55 55
812 8 742 0 24 -12851 1 55 0
813 12 742 609 6 -24 1 55 51
814 8 742 0 6 -12851 1 55 0
815 8 609 0 6 -12851 1 55 0
816 12 500 742 6 -24 1 55 55
817 12 742 609 -6 24 0 51 51
818 8 500 0 24 -12851 1 60 0
819 12 500 742 -6 24 1 55 55
820 12 609 742 -6 24 1 55 55
821 12 742 1100 6 -24 1 51 51
822 8 903 0 -24 -12851 1 55 0
823 12 1100 742 6 -24 1 55 55
824 12 609 742 -6 24 1 55 51
825 8 1100 0 6 -12851 1 55 0
826 8 609 0 6 -12851 1 60 0
827 8 742 0 -24 -12851 1 55 0
828 8 1100 0 -6 -12851 1 60 0
829 8 1100 0 -6 -12851 1 60 0
830 12 500 742 6 -24 1 51 55
831 12 742 609 -6 24 1 55 55
832 12 1100 742 -6 24 0 55 55
833 8 500 0 -6 -12851 0 60 0
834 8 903 0 6 -12851 1 60 0
835 8 903 0 -6 -12851 1 60 0
836 12 1100 742 -6 24 0 51 51
837 12 742 1100 6 -24 0 55 55
838 8 1100 0 -24 -12851 1 60 0
839 8 1100 0 24 -12851 1 60 0
840 12 1100 742 6 -24 0 55 55
841 8 1100 0 6 -12851 1 55 0
842 12 903 742 -6 24 1 51 51
843 8 1100 0 -6 -12851 0 60 0
844 8 609 0 -24 -12851 1 55 0
845 8 903 0 6 -12851 1 55 0
846 12 903 742 -6 24 1 55 55
847 8 903 0 24 -12851 1 55 0
848 8 742 0 -6 -12851 1 60 0
849 8 500 0 6 -12851 1 60 0
850 8 903 0 -6 -12851 0 60 0
851 8 500 0 -24 -12851 1 60 0
852 12 742 500 6 -24 1 55 51
853 8 500 0 6 -12851 1 60 0
854 12 742 609 6 -24 0 51 51
855 8 609 0 -24 -12851 1 55 0
856 12 742 609 -6 24 0 55 51
857 12 742 1100 6 -24 0 55 51
858 12 742 609 6 -24 1 55 55
859 12 903 742 -6 24 1 51 55
860 8 609 0 -6 -12851 0 60 0
861 8 742 0 -24 -12851 1 55 0
862 12 742 1100 6 -24 1 55 55
863 8 742 0 24 -12851 1 60 0
864 12 742 500 -6 24 1 51 51
865 8 500 0 6 -12851 1 60 0
866 8 500 0 -24 -12851 1 60 0
867 8 609 0 -6 -12851 1 60 0
868 12 742 609 6 -24 1 51 51
869 8 500 0 6 -12851 0 55 0
870 8 609 0 6 -12851 1 60 0
871 12 742 609 6 -24 0 51 55
872 12 609 742 -6 24 1 51 51
873 12 742 1100 6 -24 0 51 51
874 8 903 0 -24 -12851 0 60 0
875 12 1100 742 -6 24 0 51 51
876 8 1100 0 24 -12851 0 55 0
877 12 742 500 -6 24 1 51 51
878 12 742 1100 -6 24 1 55 55
879 12 500 742 -6 24 1 51 51
880 12 903 742 -6 24 0 51 51
881 8 903 0 24 -12851 1 60 0
882 12 742 1100 6 -24 1 51 51
883 8 500 0 24 -12851 1 60 0
884 8 609 0 -24 -12851 1 60 0
885 8 1100 0 24 -12851 1 55 0
886 8 903 0 6 -12851 1 60 0
887 8 1100 0 -6 -12851 0 55 0
888 8 742 0 -6 -12851 0 60 0
889 8 742 0 -24 -12851 1 55 0
890 8 742 0 6 -12851 0 60 0
891 8 1100 0 6 -12851 1 60 0
892 12 500 742 6 -24 1 51 51
893 12 742 500 -6 24 1 51 55
894 8 1100 0 24 -12851 1 55 0
895 8 1100 0 24 -12851 1 60 0
896 8 742 0 6 -12851 1 55 0
897 8 500 0 6 -12851 1 55 0
898 12 500 742 6 -24 1 51 51
899 8 609 0 6 -12851 1 60 0
900 12 742 1100 6 -24 1 51 51
901 8 1100 0 6 -12851 1 60 0
902 8 609 0 -24 -12851 1 55 0
903 12 742 609 6 -24 1 51 51
904 12 742 903 -6 24 0 51 51
905 8 903 0 -24 -12851 1 55 0
906 12 903 742 -6 24 0 55 51
907 8 903 0 6 -12851 1 60 0
908 12 742 609 6 -24 1 55 51
909 8 609 0 -24 -12851 1 60 0
910 8 903 0 24 -12851 0 60 0
911 8 500 0 24 -12851 0 55 0
912 8 742 0 -6 -12851 0 55 0
913 12 903 742 6 -24 1 55 55
914 8 742 0 -6 -12851 0 55 0
915 8 500 0 6 -12851 1 55 0
916 8 609 0 24 -12851 1 60 0
917 8 609 0 24 -12851 1 55 0
918 8 500 0 -24 -12851 1 55 0
919 12 742 500 6 -24 0 51 51
920 8 742 0 -6 -12851 0 60 0
921 12 742 500 -6 24 1 51 51
922 8 609 0 -24 -12851 1 55 0
923 8 609 0 24 -12851 0 55 0
924 8 1100 0 6 -12851 1 60 0
925 12 742 903 6 -24 1 51 55
926 8 742 0 6 -12851 1 55 0
927 8 742 0 -6 -12851 0 55 0
928 12 742 1100 6 -24 0 51 51
929 12 1100 742 -6 24 0 55 51
930 8 1100 0 6 -12851 1 60 0
931 12 903 742 -6 24 1 55 55
932 12 903 742 -6 24 0 51 51
933 8 903 0 -6 -12851 0 55 0
934 12 742 903 6 -24 0 51 51
935 8 903 0 -24 -12851 0 55 0
936 12 742 1100 6 -24 1 55 55
937 12 500 742 6 -24 0 55 55
938 12 500 742 -6 24 1 51 51
939 8 1100 0 24 -12851 1 55 0
940 8 500 0 -6 -12851 0 60 0
941 12 742 500 -6 24 0 55 51
942 12 609 742 6 -24 0 55 55
943 12 1100 742 -6 24 0 51 51
944 8 903 0 -24 -12851 0 55 0
945 8 500 0 24 -12851 0 60 0
946 8 609 0 24 -12851 1 55 0
947 12 500 742 -6 24 1 51 51
948 12 609 742 -6 24 0 51 55
949 8 609 0 6 -12851 1 60 0
950 8 1100 0 -6 -12851 0 55 0
951 8 1100 0 6 -12851 1 55 0
952 8 742 0 -6 -12851 0 60 0
953 8 609 0 -24 -12851 0 55 0
954 8 609 0 24 -12851 1 55 0
955 8 1100 0 -24 -12851 0 60 0
956 8 903 0 -6 -12851 0 60 0
957 8 742 0 -6 -12851 0 55 0
958 8 500 0 -6 -12851 1 60 0
959 12 742 903 -6 24 1 51 55
960 12 500 742 -6 24 1 51 51
961 12 609 742 -6 24 1 51 51
962 12 1100 742 -6 24 1 55 55
963 8 742 0 -6 -12851 1 60 0
964 12 609 742 -6 24 0 51 51
965 8 903 0 -6 -12851 1 60 0
966 8 903 0 6 -12851 1 60 0
967 12 742 609 6 -24 0 51 55
968 12 742 1100 6 -24 0 51 51
969 8 500 0 -24 -12851 1 55 0
970 8 500 0 6 -12851 1 60 0
971 12 903 742 6 -24 1 51 51
972 12 742 1100 -6 24 0 55 51
973 8 903 0 -6 -12851 1 55 0
974 8 903 0 24 -12851 1 60 0
975 8 1100 0 -24 -12851 1 55 0
976 12 500 742 6 -24 1 51 51
977 8 742 0 -6 -12851 1 55 0
978 8 903 0 -24 -12851 1 55 0
979 8 1100 0 -24 -12851 1 60 0
980 12 609 742 6 -24 1 55 55
981 12 903 742 6 -24 1 51 55
982 8 500 0 -24 -12851 0 55 0
983 8 609 0 -6 -12851 0 55 0
984 12 742 1100 6 -24 1 55 55
985 8 903 0 -6 -12851 1 55 0
986 12 609 742 6 -24 0 55 51
987 8 1100 0 -6 -12851 0 55 0
988 8 742 0 -6 -12851 0 60 0
989 12 903 742 -6 24 0 51 55
990 8 500 0 -24 -12851 0 55 0
991 12 742 1100 6 -24 0 51 55
992 8 742 0 -6 -12851 0 60 0
993 12 1100 742 -6 24 1 55 51
994 8 500 0 6 -12851 0 60 0
995 12 742 500 -6 24 0 55 55
996 12 609 742 -6 24 0 51 51
997 12 1100 742 6 -24 1 55 55
998 12 903 742 -6 24 0 51 51
999 8 609 0 24 -12851 0 55 0
1000 8 609 0 -24 -12851 0 60 0
1001 12 500 742 -6 24 0 51 51
1002 12 609 742 6 -24 0 55 55
1003 12 742 500 6 -24 0 55 55
1004 12 742 609 -6 24 0 51 55
1005 12 609 742 6 -24 0 51 51
1006 12 903 742 -6 24 0 55 51
1007 8 609 0 -24 -12851 0 60 0
1008 8 609 0 6 -12851 0 60 0
1009 8 609 0 24 -12851 0 55 0
1010 8 903 0 6 -12851 0 60 0
1011 8 742 0 -24 -12851 0 60 0
1012 8 1100 0 -24 -12851 0 55 0
1013 12 903 742 -6 24 0 55 51
1014 8 903 0 -24 -12851 0 60 0
1015 12 1100 742 6 -24 0 55 55
1016 8 742 0 24 -12851 0 55 0
1017 12 500 742 -6 24 0 55 51
1018 12 742 500 -6 24 0 51 55
1019 12 742 903 6 -24 0 51 55
1020 8 1100 0 -6 -12851 0 55 0
1021 8 1100 0 -6 -12851 1 60 0
1022 12 1100 742 6 -24 0 51 51
1023 8 609 0 -6 -12851 1 55 0
1024 12 500 742 -6 24 0 51 51
1025 8 742 0 6 -12851 1 60 0
1026 12 500 742 -6 24 0 55 51
1027 8 500 0 -6 -12851 1 55 0
1028 8 903 0 -24 -12851 1 60 0
1029 12 742 903 -6 24 1 51 51
1030 8 500 0 -24 -12851 0 55 0
1031 8 500 0 -6 -12851 0 55 0
1032 8 500 0 24 -12851 0 55 0
1033 12 742 609 -6 24 0 51 51
1034 8 500 0 -6 -12851 0 60 0
1035 8 609 0 24 -12851 0 55 0
1036 8 903 0 -6 -12851 0 60 0
1037 8 742 0 -24 -12851 0 55 0
1038 8 742 0 24 -12851 1 60 0
1039 12 500 742 6 -24 0 51 55
1040 12 742 609 6 -24 0 55 55
1041 8 1100 0 6 -12851 0 60 0
1042 12 742 609 6 -24 0 55 51
1043 12 609 742 -6 24 0 55 51
1044 8 500 0 6 -12851 0 60 0
1045 8 500 0 -24 -12851 0 55 0
1046 12 609 742 6 -24 0 55 51
1047 12 609 742 -6 24 0 55 51
1048 8 742 0 24 -12851 0 60 0
1049 12 609 742 -6 24 0 51 55
1050 8 903 0 -24 -12851 0 55 0
1051 8 1100 0 24 -12851 0 55 0
1052 8 1100 0 -24 -12851 0 60 0
1053 8 903 0 6 -12851 0 55 0
1054 8 609 0 -6 -12851 0 60 0
1055 12 1100 742 -6 24 0 55 51
1056 12 742 500 -6 24 0 51 55
1057 12 903 742 6 -24 0 55 55
1058 8 609 0 6 -12851 0 55 0
1059 8 500 0 -6 -12851 0 55 0
1060 8 500 0 -24 -12851 0 60 0
1061 8 500 0 24 -12851 0 60 0
1062 8 609 0 -6 -12851 0 60 0
1063 12 742 903 6 -24 0 51 51
1064 8 500 0 -6 -12851 0 55 0
1065 8 609 0 24 -12851 0 55 0
1066 12 742 500 6 -24 0 55 55
1067 12 742 1100 6 -24 0 51 55
1068 12 1100 742 -6 24 0 51 55
1069 8 903 0 24 -12851 0 60 0
1070 8 903 0 -24 -12851 0 60 0
1071 12 609 742 -6 24 0 55 51
1072 8 742 0 -24 -12851 0 55 0
1073 12 742 609 -6 24 0 55 51
1074 8 1100 0 6 -12851 0 55 0
1075 8 742 0 -6 -12851 0 55 0
1076 8 1100 0 6 -12851 0 60 0
1077 12 903 742 6 -24 0 51 51
1078 12 742 500 -6 24 0 55 51
1079 8 1100 0 -24 -12851 1 60 0
1080 12 742 500 -6 24 0 55 51
1081 8 609 0 24 -12851 0 60 0
1082 12 742 609 6 -24 0 55 51
1083 8 742 0 -24 -12851 0 60 0
1084 8 903 0 -6 -12851 1 55 0
1085 12 742 1100 -6 24 1 55 55
1086 12 742 500 -6 24 0 55 55
1087 8 903 0 6 -12851 1 60 0
1088 8 903 0 -6 -12851 0 55 0
1089 12 500 742 -6 24 1 55 51
1090 12 742 609 -6 24 1 51 51
1091 8 500 0 24 -12851 1 55 0
1092 8 903 0 6 -12851 1 55 0
1093 8 609 0 24 -12851 1 60 0
1094 8 742 0 -6 -12851 1 55 0
1095 12 742 609 -6 24 0 51 51
1096 12 742 903 6 -24 1 51 55
1097 8 903 0 -6 -12851 0 60 0
1098 8 609 0 -6 -12851 0 60 0
1099 8 609 0 -6 -12851 1 55 0
1100 12 742 903 -6 24 0 51 55
1101 12 1100 742 6 -24 1 51 51
1102 8 1100 0 -6 -12851 1 60 0
1103 12 609 742 -6 24 0 55 55
1104 8 500 0 -24 -12851 1 60 0
1105 12 742 903 -6 24 1 51 51
1106 8 742 0 6 -12851 0 55 0
1107 8 742 0 -6 -12851 0 60 0
1108 8 1100 0 24 -12851 1 55 0
1109 8 500 0 -24 -12851 1 55 0
1110 12 609 742 -6 24 1 55 51
1111 8 1100 0 -24 -12851 1 55 0
1112 8 500 0 24 -12851 0 55 0
1113 12 500 742 -6 24 0 51 51
1114 8 500 0 -6 -12851 1 55 0
1115 8 500 0 -6 -12851 1 55 0
1116 8 742 0 24 -12851 0 55 0
1117 8 500 0 -6 -12851 0 55 0
1118 12 742 903 6 -24 0 51 51
1119 8 903 0 -24 -12851 0 60 0
1120 8 1100 0 24 -12851 1 60 0
1121 12 1100 742 -6 24 0 51 55
1122 12 742 500 -6 24 1 51 55
1123 8 1100 0 24 -12851 1 55 0
1124 8 1100 0 6 -12851 1 55 0
1125 8 742 0 6 -12851 1 55 0
1126 12 903 742 6 -24 0 51 51
1127 8 609 0 -6 -12851 0 60 0
1128 8 609 0 6 -12851 1 60 0
1129 8 903 0 24 -12851 1 55 0
1130 8 903 0 24 -12851 1 55 0
1131 8 609 0 -24 -12851 1 55 0
1132 8 742 0 6 -12851 1 60 0
1133 12 742 903 6 -24 0 55 51
1134 8 1100 0 6 -12851 1 60 0
1135 8 1100 0 -6 -12851 1 60 0
1136 8 903 0 -24 -12851 1 55 0
1137 8 1100 0 24 -12851 1 55 0
1138 12 742 1100 -6 24 0 51 51
1139 8 609 0 -6 -12851 0 60 0
1140 8 609 0 6 -12851 1 55 0
1141 12 609 742 -6 24 1 55 55
1142 8 500 0 6 -12851 1 60 0
1143 12 609 742 6 -24 1 55 51
1144 8 1100 0 -24 -12851 1 60 0
1145 8 500 0 6 -12851 1 60 0
1146 8 742 0 24 -12851 1 55 0
1147 8 500 0 6 -12851 1 55 0
1148 12 1100 742 -6 24 1 55 55
1149 8 903 0 -24 -12851 1 55 0
1150 8 903 0 24 -12851 1 55 0
1151 8 609 0 24 -12851 1 55 0
1152 8 742 0 -6 -12851 0 60 0
1153 8 742 0 -6 -12851 0 60 0
1154 8 903 0 -24 -12851 1 60 0
1155 8 903 0 24 -12851 0 60 0
1156 8 903 0 6 -12851 0 60 0
1157 8 500 0 6 -12851 1 60 0
1158 8 1100 0 -6 -12851 0 60 0
1159 8 742 0 -6 -12851 0 55 0
1160 8 609 0 24 -12851 0 60 0
1161 8 500 0 6 -12851 0 60 0
1162 12 742 903 -6 24 0 55 51
1163 8 903 0 24 -12851 1 55 0
1164 8 500 0 24 -12851 0 60 0
1165 12 500 742 6 -24 1 51 51
1166 12 903 742 6 -24 1 55 51
1167 12 609 742 -6 24 0 55 55
1168 12 609 742 6 -24 1 51 55
1169 8 609 0 24 -12851 0 60 0
1170 12 609 742 6 -24 1 55 51
1171 12 609 742 -6 24 0 55 51
1172 8 609 0 6 -12851 1 55 0
1173 8 742 0 -6 -12851 1 55 0
1174 8 1100 0 6 -12851 1 55 0
1175 8 742 0 -6 -12851 0 55 0
1176 12 1100 742 6 -24 0 51 51
1177 8 1100 0 24 -12851 1 55 0
1178 8 609 0 -6 -12851 1 60 0
1179 12 609 742 -6 24 1 55 51
1180 12 742 500 6 -24 0 55 51
1181 8 609 0 -24 -12851 0 60 0
1182 8 500 0 6 -12851 0 55 0
1183 8 500 0 -6 -12851 0 55 0
1184 8 903 0 -6 -12851 0 60 0
1185 12 742 609 -6 24 0 55 55
1186 8 742 0 24 -12851 0 60 0
1187 8 609 0 6 -12851 1 60 0
1188 12 742 903 6 -24 1 55 51
1189 12 1100 742 6 -24 1 51 51
1190 12 1100 742 -6 24 0 51 55
1191 12 903 742 6 -24 1 51 51
1192 12 609 742 -6 24 0 51 51
1193 12 1100 742 6 -24 1 51 51
1194 8 500 0 -24 -12851 1 55 0
1195 12 742 500 -6 24 0 55 51
1196 8 609 0 24 -12851 1 60 0
1197 8 742 0 6 -12851 1 60 0
1198 8 742 0 6 -12851 1 60 0
1199 8 903 0 -24 -12851 1 60 0
1200 12 1100 742 6 -24 1 51 51
1201 12 500 742 6 -24 1 51 51
1202 8 1100 0 6 -12851 1 55 0
1203 8 1100 0 -24 -12851 0 60 0
1204 8 903 0 -6 -12851 0 55 0
1205 12 742 609 6 -24 0 51 55
1206 8 1100 0 24 -12851 1 60 0
1207 12 609 742 -6 24 1 55 51
1208 12 742 500 -6 24 0 51 51
1209 8 1100 0 6 -12851 1 60 0
1210 8 1100 0 6 -12851 1 60 0
1211 12 742 500 6 -24 0 55 55
1212 12 609 742 6 -24 0 51 55
1213 8 903 0 -6 -12851 0 55 0
1214 12 742 500 6 -24 0 55 55
1215 12 1100 742 6 -24 0 51 55
1216 8 1100 0 -24 -12851 1 55 0
1217 12 500 742 6 -24 1 55 55
1218 8 609 0 -6 -12851 0 55 0
1219 8 609 0 -6 -12851 0 60 0
1220 12 742 609 -6 24 1 55 51
1221 12 742 609 6 -24 1 51 51
1222 8 500 0 6 -12851 1 55 0
1223 12 1100 742 6 -24 1 55 55
1224 12 903 742 6 -24 1 51 55
1225 8 1100 0 24 -12851 1 60 0
1226 8 500 0 24 -12851 1 55 0
1227 8 742 0 -6 -12851 0 60 0
1228 12 742 1100 6 -24 0 51 51
1229 12 742 500 6 -24 1 51 51
1230 8 500 0 24 -12851 1 55 0
1231 8 903 0 -6 -12851 1 55 0
1232 8 903 0 6 -12851 1 60 0
1233 8 609 0 6 -12851 1 60 0
1234 12 742 500 -6 24 0 51 51
1235 12 742 609 6 -24 1 51 51
1236 12 1100 742 -6 24 1 51 55
1237 8 742 0 -6 -12851 1 55 0
1238 8 742 0 -24 -12851 1 55 0
1239 12 742 609 -6 24 0 55 55
1240 8 903 0 -6 -12851 1 55 0
1241 12 742 500 -6 24 0 51 55
1242 8 903 0 -6 -12851 0 55 0
1243 8 609 0 24 -12851 1 60 0
1244 8 500 0 24 -12851 1 60 0
1245 8 609 0 -6 -12851 0 55 0
1246 12 903 742 6 -24 1 51 55
1247 8 609 0 -6 -12851 1 55 0
1248 8 500 0 -6 -12851 0 60 0
1249 8 742 0 -24 -12851 0 55 0
1250 8 1100 0 -6 -12851 0 60 0
1251 12 742 500 6 -24 1 55 55
1252 8 742 0 -24 -12851 1 60 0
1253 8 903 0 -6 -12851 0 60 0
1254 12 742 500 -6 24 1 55 55
1255 8 1100 0 6 -12851 1 60 0
1256 12 742 609 6 -24 1 55 55
1257 8 500 0 -24 -12851 1 60 0
1258 8 742 0 -6 -12851 1 60 0
1259 8 1100 0 24 -12851 1 60 0
1260 8 903 0 24 -12851 1 60 0
1261 8 609 0 -6 -12851 0 60 0
1262 8 609 0 6 -12851 1 55 0
1263 8 903 0 24 -12851 1 60 0
1264 8 742 0 -24 -12851 1 55 0
1265 8 609 0 -24 -12851 1 60 0
1266 12 609 742 -6 24 1 55 51
1267 12 742 903 6 -24 1 55 55
1268 8 500 0 -6 -12851 0 55 0
1269 8 742 0 -6 -12851 0 55 0
1270 8 903 0 6 -12851 1 55 0
1271 12 742 500 6 -24 1 51 51
1272 8 609 0 -6 -12851 0 55 0
1273 8 742 0 6 -12851 0 55 0
1274 8 903 0 24 -12851 1 60 0
1275 8 500 0 -6 -12851 1 55 0
1276 8 500 0 24 -12851 1 60 0
1277 12 1100 742 6 -24 1 51 51
1278 12 903 742 -6 24 0 51 51
1279 12 609 742 6 -24 1 51 51
1280 12 742 903 6 -24 1 51 51
1281 12 1100 742 6 -24 1 51 51
1282 8 1100 0 -24 -12851 0 60 0
1283 8 1100 0 6 -12851 1 60 0
1284 8 1100 0 -24 -12851 1 60 0
1285 8 1100 0 -24 -12851 1 60 0
1286 8 1100 0 6 -12851 1 60 0
1287 12 500 742 6 -24 0 55 55
1288 8 609 0 6 -12851 1 55 0
1289 8 500 0 -24 -12851 0 60 0
1290 8 1100 0 6 -12851 0 60 0
1291 12 500 742 -6 24 0 51 51
1292 8 903 0 6 -12851 1 55 0
1293 8 609 0 -6 -12851 1 60 0
1294 8 500 0 24 -12851 1 55 0
1295 8 1100 0 -6 -12851 1 55 0
1296 12 903 742 -6 24 1 51 55
1297 8 742 0 6 -12851 1 55 0
1298 8 500 0 -24 -12851 0 55 0
1299 8 903 0 -24 -12851 0 60 0
1300 8 903 0 24 -12851 1 60 0
1301 8 742 0 6 -12851 0 60 0
1302 8 609 0 24 -12851 1 55 0
1303 8 742 0 -6 -12851 0 60 0
1304 12 609 742 -6 24 1 55 51
1305 8 903 0 24 -12851 1 60 0
1306 8 903 0 24 -12851 1 60 0
1307 8 903 0 -6 -12851 1 55 0
1308 12 903 742 6 -24 1 51 55
1309 8 742 0 6 -12851 1 55 0
1310 8 742 0 -24 -12851 1 60 0
1311 8 742 0 24 -12851 1 60 0
1312 12 742 1100 6 -24 1 51 51
1313 8 903 0 6 -12851 1 55 0
1314 12 742 1100 -6 24 1 55 51
1315 8 1100 0 -24 -12851 1 60 0
1316 8 609 0 24 -12851 0 60 0
1317 8 1100 0 6 -12851 0 60 0
1318 8 1100 0 24 -12851 0 55 0
1319 8 609 0 6 -12851 0 55 0
1320 12 742 1100 -6 24 0 51 55
1321 8 609 0 24 -12851 0 55 0
1322 12 742 609 -6 24 0 55 51
1323 12 742 500 6 -24 0 51 55
1324 8 500 0 -24 -12851 0 60 0
1325 8 500 0 -6 -12851 0 55 0
1326 8 500 0 24 -12851 1 55 0
1327 8 742 0 -6 -12851 0 60 0
1328 8 742 0 24 -12851 1 60 0
1329 8 500 0 -6 -12851 1 55 0
1330 12 742 1100 6 -24 0 51 51
1331 8 742 0 -24 -12851 0 60 0
1332 12 742 500 6 -24 0 51 55
1333 12 1100 742 -6 24 0 55 51
1334 12 742 903 -6 24 0 55 51
1335 8 500 0 -24 -12851 0 55 0
1336 8 609 0 6 -12851 0 60 0
1337 8 742 0 24 -12851 0 55 0
1338 8 609 0 24 -12851 0 60 0
1339 8 609 0 6 -12851 0 55 0
1340 12 742 609 6 -24 0 51 51
1341 8 1100 0 -24 -12851 0 60 0
1342 12 742 1100 -6 24 0 55 51
1343 12 609 742 -6 24 0 55 51
1344 8 903 0 24 -12851 0 60 0
1345 12 609 742 -6 24 0 55 55
1346 8 903 0 -6 -12851 0 60 0
1347 12 742 903 6 -24 0 55 55
1348 8 500 0 -24 -12851 0 60 0
1349 8 903 0 24 -12851 0 60 0
1350 8 1100 0 -24 -12851 0 60 0
1351 8 1100 0 -6 -12851 0 60 0
1352 12 1100 742 -6 24 0 51 55
1353 8 903 0 6 -12851 0 55 0
1354 8 903 0 6 -12851 0 55 0
1355 8 903 0 -6 -12851 0 55 0
1356 12 742 903 6 -24 0 51 55
1357 12 742 609 -6 24 0 51 55
1358 8 609 0 24 -12851 0 55 0
1359 8 742 0 6 -12851 0 60 0
1360 12 500 742 -6 24 0 55 55
1361 8 903 0 -24 -12851 0 60 0
1362 8 742 0 -6 -12851 0 55 0
1363 12 742 1100 6 -24 0 55 51
1364 8 609 0 -24 -12851 0 60 0
1365 8 500 0 6 -12851 0 55 0
1366 12 742 500 -6 24 0 55 55
1367 12 500 742 -6 24 0 51 51
1368 12 742 903 -6 24 0 55 55
1369 12 903 742 6 -24 0 55 55
1370 8 609 0 6 -12851 1 60 0
1371 8 742 0 -24 -12851 0 55 0
1372 12 742 903 -6 24 0 51 51
1373 8 500 0 6 -12851 0 60 0
1374 12 500 742 6 -24 0 51 51
1375 12 1100 742 6 -24 0 51 51
1376 8 500 0 -6 -12851 0 60 0
1377 8 1100 0 6 -12851 0 55 0
1378 8 1100 0 6 -12851 0 55 0
1379 12 742 1100 -6 24 0 51 51
1380 8 1100 0 -24 -12851 0 60 0
1381 12 742 500 -6 24 0 55 55
1382 12 742 1100 -6 24 0 51 51
1383 12 742 500 -6 24 0 51 51
1384 8 903 0 24 -12851 0 55 0
1385 12 1100 742 6 -24 0 51 51
1386 8 903 0 -6 -12851 0 55 0
1387 8 609 0 -24 -12851 0 55 0
1388 12 742 500 6 -24 0 55 51
1389 8 500 0 24 -12851 0 55 0
1390 8 609 0 -6 -12851 0 55 0
1391 8 609 0 24 -12851 0 55 0
1392 8 500 0 -24 -12851 0 60 0
1393 8 742 0 6 -12851 0 60 0
1394 8 1100 0 6 -12851 0 55 0
1395 8 742 0 -6 -12851 0 55 0
1396 8 903 0 -24 -12851 0 55 0
1397 12 903 742 6 -24 0 55 55
1398 12 742 609 -6 24 0 51 55
1399 12 609 742 6 -24 0 55 55
1400 8 1100 0 24 -12851 0 60 0
1401 8 500 0 -6 -12851 0 60 0
1402 12 742 500 -6 24 0 51 51
1403 8 742 0 6 -12851 0 60 0
1404 8 1100 0 6 -12851 0 60 0
1405 8 903 0 6 -12851 0 60 0
1406 8 1100 0 6 -12851 0 55 0
1407 8 1100 0 24 -12851 0 60 0
1408 8 500 0 -6 -12851 0 55 0
1409 8 500 0 24 -12851 0 60 0
1410 8 500 0 -24 -12851 0 55 0
1411 8 903 0 6 -12851 0 55 0
1412 12 609 742 6 -24 0 55 51
1413 12 1100 742 6 -24 0 55 55
1414 8 742 0 6 -12851 0 55 0
1415 8 742 0 24 -12851 0 55 0
1416 8 609 0 6 -12851 0 55 0
1417 8 609 0 -6 -12851 0 55 0
1418 12 609 742 6 -24 0 55 51
1419 12 1100 742 -6 24 0 55 51
1420 12 903 742 -6 24 0 51 55
1421 8 609 0 -6 -12851 0 60 0
1422 8 903 0 6 -12851 0 60 0
1423 8 742 0 24 -12851 0 55 0
1424 8 1100 0 -24 -12851 0 60 0
1425 8 1100 0 24 -12851 0 55 0
1426 8 903 0 24 -12851 0 60 0
1427 8 903 0 -24 -12851 0 60 0
1428 8 903 0 -6 -12851 0 60 0
1429 12 742 1100 -6 24 0 55 55
1430 12 742 500 6 -24 0 51 51
1431 8 903 0 -24 -12851 0 55 0
1432 12 1100 742 -6 24 0 51 51
1433 8 1100 0 6 -12851 0 60 0
1434 8 903 0 -6 -12851 0 60 0
1435 8 609 0 -6 -12851 0 55 0
1436 8 500 0 24 -12851 0 55 0
1437 8 500 0 24 -12851 0 60 0
1438 8 1100 0 -24 -12851 0 60 0
1439 8 742 0 -24 -12851 0 60 0
1440 8 609 0 -24 -12851 0 60 0
1441 12 609 742 -6 24 0 55 55
1442 8 742 0 24 -12851 0 55 0
1443 8 500 0 6 -12851 0 55 0
1444 12 742 500 -6 24 0 51 51
1445 8 1100 0 -24 -12851 0 55 0
1446 8 609 0 6 -12851 0 60 0
1447 12 1100 742 6 -24 0 51 51
1448 8 742 0 24 -12851 0 60 0
1449 8 609 0 24 -12851 0 55 0
1450 8 609 0 -24 -12851 0 55 0
1451 12 500 742 -6 24 0 55 55
1452 8 742 0 24 -12851 0 55 0
1453 8 1100 0 -24 -12851 0 55 0
1454 8 1100 0 24 -12851 0 55 0
1455 8 500 0 6 -12851 0 60 0
1456 12 742 903 -6 24 0 51 51
1457 8 742 0 -6 -12851 0 55 0
1458 12 609 742 -6 24 0 51 51
1459 8 609 0 -24 -12851 0 60 0
1460 8 1100 0 -24 -12851 0 55 0
1461 8 609 0 -24 -12851 0 55 0
1462 8 742 0 24 -12851 0 60 0
1463 12 1100 742 6 -24 0 55 51
1464 8 500 0 6 -12851 0 60 0
1465 8 500 0 -24 -12851 0 55 0
1466 8 903 0 6 -12851 0 55 0
1467 8 903 0 6 -12851 0 60 0
1468 12 903 742 6 -24 0 55 55
1469 8 903 0 24 -12851 0 55 0
1470 12 609 742 -6 24 0 55 55
1471 8 903 0 24 -12851 0 60 0
1472 8 903 0 24 -12851 0 55 0
1473 8 1100 0 6 -12851 0 60 0
1474 12 742 1100 6 -24 0 55 55
1475 12 742 903 -6 24 0 55 51
1476 12 609 742 -6 24 0 51 51
1477 8 500 0 -6 -12851 0 55 0
1478 8 500 0 -24 -12851 0 60 0
1479 8 500 0 6 -12851 0 60 0
1480 12 609 742 6 -24 0 51 51
1481 12 742 903 6 -24 0 55 55
1482 12 742 1100 6 -24 0 51 55
1483 12 903 742 6 -24 0 55 55
1484 12 609 742 -6 24 0 51 51
1485 8 903 0 6 -12851 0 55 0
1486 12 903 742 -6 24 0 51 51
1487 12 742 1100 6 -24 0 51 55
1488 12 609 742 6 -24 0 51 55
1489 8 1100 0 -6 -12851 0 55 0
1490 8 1100 0 -24 -12851 0 60 0
1491 12 742 1100 -6 24 0 55 51
1492 12 742 1100 6 -24 0 51 55
1493 8 609 0 -6 -12851 0 60 0
1494 8 609 0 -24 -12851 0 60 0
1495 8 903 0 6 -12851 0 55 0
1496 8 609 0 -24 -12851 0 60 0
1497 12 1100 742 6 -24 0 51 51
1498 12 742 500 -6 24 0 51 55
1499 8 742 0 -24 -12851 0 55 0
1500 12 742 1100 -6 24 0 55 55
1501 8 742 0 -6 -12851 0 60 0
1502 8 742 0 24 -12851 0 60 0
1503 8 500 0 -24 -12851 0 55 0
1504 12 742 903 6 -24 0 55 51
1505 8 500 0 -6 -12851 0 60 0
1506 8 742 0 6 -12851 0 55 0
1507 12 742 500 -6 24 0 51 55
1508 12 742 500 -6 24 0 51 55
1509 8 903 0 6 -12851 0 55 0
1510 12 500 742 6 -24 0 55 51
1511 8 742 0 6 -12851 0 55 0
1512 12 500 742 -6 24 0 51 55
1513 8 742 0 -6 -12851 0 60 0
1514 8 1100 0 -24 -12851 0 60 0
1515 8 1100 0 24 -12851 0 55 0
1516 8 609 0 -24 -12851 0 55 0
1517 8 500 0 24 -12851 0 55 0
1518 8 500 0 -24 -12851 0 55 0
1519 8 609 0 -6 -12851 0 60 0
1520 12 903 742 6 -24 0 55 55
1521 12 903 742 6 -24 0 55 55
1522 12 742 903 -6 24 0 55 55
1523 8 609 0 -24 -12851 0 60 0
1524 12 742 903 -6 24 0 55 51
1525 8 1100 0 24 -12851 0 55 0
1526 8 903 0 24 -12851 0 60 0
1527 8 903 0 -6 -12851 0 55 0
1528 8 500 0 6 -12851 0 55 0
1529 8 500 0 -24 -12851 0 55 0
1530 12 742 1100 6 -24 0 51 51
1531 12 903 742 -6 24 0 51 55
1532 12 742 609 6 -24 0 51 55
1533 8 903 0 -6 -12851 0 60 0
1534 12 742 903 6 -24 0 51 51
1535 12 500 742 -6 24 0 51 51
1536 12 742 903 -6 24 0 51 51
1537 12 1100 742 -6 24 0 51 51
1538 8 1100 0 -6 -12851 0 60 0
1539 12 742 500 -6 24 0 55 55
1540 12 742 609 6 -24 0 55 51
1541 8 742 0 -24 -12851 0 60 0
1542 8 1100 0 -6 -12851 0 60 0
1543 8 742 0 24 -12851 0 55 0
1544 12 903 742 -6 24 0 55 51
1545 8 742 0 6 -12851 0 55 0
1546 12 742 903 6 -24 0 51 55
1547 12 742 1100 6 -24 0 55 55
1548 8 1100 0 -6 -12851 0 55 0
1549 8 500 0 -6 -12851 0 55 0
1550 8 500 0 6 -12851 0 60 0
1551 8 903 0 6 -12851 0 60 0
1552 12 500 742 -6 24 0 55 51
1553 8 609 0 6 -12851 0 55 0
1554 8 609 0 24 -12851 0 55 0
1555 8 609 0 -6 -12851 0 60 0
1556 8 903 0 -6 -12851 0 60 0
1557 12 742 609 6 -24 0 51 51
1558 8 1100 0 24 -12851 0 60 0
1559 8 1100 0 6 -12851 0 55 0
1560 8 742 0 -6 -12851 0 55 0
1561 12 742 1100 6 -24 0 55 55
1562 8 1100 0 -24 -12851 0 55 0
1563 8 742 0 6 -12851 0 60 0
1564 8 1100 0 24 -12851 0 55 0
1565 12 1100 742 6 -24 0 55 55
1566 12 742 500 6 -24 0 55 51
1567 8 609 0 24 -12851 0 55 0
1568 8 500 0 -24 -12851 0 55 0
1569 8 609 0 24 -12851 0 60 0
1570 8 500 0 24 -12851 0 55 0
1571 12 742 609 -6 24 0 55 51
1572 12 742 609 6 -24 0 55 55
1573 8 500 0 24 -12851 0 55 0
1574 8 903 0 -24 -12851 0 60 0
1575 8 903 0 -24 -12851 0 55 0
1576 8 903 0 -6 -12851 0 60 0
1577 8 742 0 -6 -12851 0 60 0
1578 8 609 0 -6 -12851 0 55 0
1579 8 742 0 6 -12851 0 60 0
1580 12 1100 742 6 -24 0 55 51
1581 8 742 0 6 -12851 0 60 0
1582 8 742 0 -24 -12851 0 55 0
1583 8 1100 0 -6 -12851 0 55 0
1584 8 742 0 -24 -12851 0 60 0
1585 8 609 0 -24 -12851 0 55 0
1586 12 742 1100 -6 24 0 55 51
1587 12 1100 742 6 -24 0 51 51
1588 12 742 609 6 -24 0 51 55
1589 12 500 742 -6 24 0 55 55
1590 8 609 0 -6 -12851 0 55 0
1591 8 500 0 -24 -12851 0 55 0
1592 8 500 0 -6 -12851 0 60 0
1593 8 609 0 6 -12851 0 60 0
1594 8 903 0 24 -12851 0 60 0
1595 12 500 742 -6 24 0 51 55
1596 8 903 0 -6 -12851 0 55 0
1597 8 1100 0 24 -12851 0 60 0
1598 12 742 1100 -6 24 0 55 51
1599 8 1100 0 24 -12851 0 55 0
1600 8 500 0 -6 -12851 0 55 0
1601 8 903 0 -6 -12851 0 60 0
1602 8 742 0 6 -12851 0 60 0
1603 12 742 500 -6 24 0 51 51
1604 8 742 0 -24 -12851 0 55 0
1605 8 609 0 6 -12851 0 55 0
1606 8 903 0 24 -12851 0 60 0
1607 12 742 609 6 -24 0 51 51
1608 12 742 1100 -6 24 0 55 51
1609 8 500 0 24 -12851 0 60 0
1610 12 742 500 6 -24 0 51 51
1611 12 500 742 -6 24 0 55 55
1612 12 742 1100 6 -24 0 51 55
1613 12 500 742 6 -24 0 55 55
1614 8 903 0 -24 -12851 0 60 0
1615 8 903 0 6 -12851 0 55 0
1616 12 742 1100 6 -24 0 51 51
1617 8 742 0 24 -12851 0 60 0
1618 12 500 742 -6 24 0 51 55
1619 12 742 903 6 -24 0 55 51
1620 8 1100 0 6 -12851 0 60 0
1621 12 742 500 -6 24 0 55 55
1622 12 609 742 -6 24 0 51 55
1623 8 1100 0 24 -12851 0 55 0
1624 12 1100 742 -6 24 0 51 55
1625 12 903 742 -6 24 0 51 51
1626 8 742 0 24 -12851 0 60 0
1627 12 609 742 6 -24 0 55 51
1628 12 500 742 6 -24 0 55 55
1629 12 742 1100 -6 24 0 55 51
1630 8 500 0 -24 -12851 0 60 0
1631 8 500 0 24 -12851 0 60 0
1632 12 742 903 -6 24 0 51 51
1633 8 609 0 24 -12851 0 55 0
1634 12 742 500 6 -24 0 51 55
1635 12 903 742 -6 24 0 55 51
1636 12 742 609 6 -24 0 55 55
1637 8 609 0 -6 -12851 0 60 0
1638 8 1100 0 24 -12851 0 60 0
1639 8 1100 0 6 -12851 0 60 0
1640 8 1100 0 24 -12851 0 55 0
1641 8 903 0 -6 -12851 0 55 0
1642 12 742 1100 -6 24 0 55 55
1643 12 742 1100 -6 24 0 51 55
1644 8 903 0 6 -12851 0 60 0
1645 8 742 0 -24 -12851 0 60 0
1646 8 1100 0 6 -12851 0 60 0
1647 8 903 0 -24 -12851 0 55 0
1648 12 742 500 -6 24 0 55 51
1649 12 742 1100 6 -24 0 55 51
1650 8 742 0 6 -12851 0 60 0
1651 12 500 742 6 -24 0 51 55
1652 8 500 0 -6 -12851 0 55 0
1653 12 742 1100 6 -24 0 55 51
1654 12 742 609 -6 24 0 55 51
1655 8 1100 0 6 -12851 0 55 0
1656 8 500 0 24 -12851 0 55 0
1657 12 742 609 6 -24 0 55 55
1658 8 500 0 24 -12851 0 60 0
1659 12 742 500 6 -24 0 55 51
1660 12 609 742 6 -24 0 55 55
1661 12 903 742 -6 24 0 51 55
1662 8 742 0 -24 -12851 0 60 0
1663 8 609 0 -6 -12851 0 55 0
1664 8 609 0 6 -12851 0 55 0
1665 8 609 0 -6 -12851 0 60 0
1666 8 1100 0 6 -12851 0 60 0
1667 8 1100 0 6 -12851 0 60 0
1668 8 742 0 6 -12851 0 60 0
1669 8 609 0 24 -12851 0 60 0
1670 8 500 0 -24 -12851 0 60 0
1671 8 609 0 24 -12851 0 60 0
1672 8 903 0 -6 -12851 0 55 0
