1 12 500 742 -6 24 0 51 51
2 12 742 500 -6 24 0 51 51
3 12 742 500 6 -24 0 51 51
4 12 500 742 -6 24 0 51 51
5 12 500 742 6 -24 0 51 51
6 12 500 742 6 -24 1 51 51
7 12 500 742 6 -24 1 51 51
8 12 742 500 -6 24 0 51 51
9 12 742 500 -6 24 0 51 51
10 12 742 500 -6 24 0 51 51
11 12 742 500 -6 24 0 51 51
12 12 742 500 6 -24 1 51 51
13 12 500 742 -6 24 0 51 51
14 12 500 742 -6 24 1 51 51
15 12 742 500 6 -24 0 51 51
16 12 742 500 -6 24 1 51 51
17 12 742 500 6 -24 0 51 51
18 12 500 742 -6 24 0 51 51
19 12 500 742 -6 24 0 51 51
20 12 742 500 -6 24 0 51 51
21 12 500 742 -6 24 1 51 51
22 12 742 500 -6 24 0 51 51
23 12 500 742 -6 24 1 51 51
24 12 500 742 -6 24 0 51 51
25 12 500 742 -6 24 0 51 51
26 12 500 742 6 -24 0 51 51
27 12 742 500 -6 24 0 51 51
28 12 500 742 6 -24 0 51 51
29 12 742 500 6 -24 0 51 51
30 12 500 742 -6 24 0 51 51
31 12 500 742 6 -24 0 51 51
32 12 500 742 -6 24 0 51 51
33 12 742 500 -6 24 0 51 51
34 12 742 500 6 -24 0 51 51
35 12 500 742 -6 24 0 51 51
36 12 742 500 6 -24 1 51 51
37 12 742 500 -6 24 0 51 51
38 12 500 742 -6 24 0 51 51
39 12 742 500 6 -24 0 51 51
40 12 500 742 6 -24 0 51 51
41 12 500 742 6 -24 1 51 51
42 12 742 500 -6 24 1 51 51
43 12 742 500 -6 24 1 51 51
44 12 742 500 6 -24 1 51 51
45 12 742 500 -6 24 0 51 51
46 12 500 742 6 -24 1 51 51
47 12 742 500 -6 24 0 51 51
48 12 500 742 -6 24 1 51 51
49 12 500 742 6 -24 0 51 51
50 12 742 500 6 -24 1 51 51
51 12 742 500 6 -24 0 51 51
52 12 742 500 6 -24 0 51 51
53 12 500 742 6 -24 0 51 51
54 12 500 742 6 -24 0 51 51
55 12 742 500 6 -24 0 51 51
56 12 742 500 6 -24 0 51 51
57 12 500 742 -6 24 1 51 51
58 12 500 742 -6 24 0 51 51
59 12 500 742 -6 24 0 51 51
60 12 742 500 -6 24 1 51 51
61 12 742 500 -6 24 0 51 51
62 12 500 742 -6 24 1 51 51
63 12 742 500 6 -24 0 51 51
64 12 742 500 -6 24 0 51 51
65 12 742 500 6 -24 1 51 51
66 12 742 500 -6 24 0 51 51
67 12 742 500 6 -24 1 51 51
68 12 742 500 -6 24 0 51 51
69 12 742 500 6 -24 1 51 51
70 12 742 500 -6 24 0 51 51
71 12 742 500 -6 24 1 51 51
72 12 742 500 -6 24 1 51 51
73 12 500 742 -6 24 1 51 51
74 12 500 742 -6 24 0 51 51
75 12 742 500 6 -24 1 51 51
76 12 742 500 -6 24 0 51 51
77 12 742 500 -6 24 0 51 51
78 12 500 742 6 -24 0 51 51
79 12 742 500 6 -24 0 51 51
80 12 742 500 -6 24 0 51 51
81 12 742 500 -6 24 0 51 51
82 12 742 500 -6 24 0 51 51
83 12 500 742 6 -24 0 51 51
84 12 500 742 6 -24 0 51 51
85 12 500 742 -6 24 1 51 51
86 12 742 500 -6 24 1 51 51
87 12 742 500 6 -24 0 51 51
88 12 500 742 6 -24 0 51 51
89 12 742 500 6 -24 1 51 51
90 12 500 742 6 -24 0 51 51
91 12 500 742 6 -24 0 51 51
92 12 742 500 -6 24 0 51 51
93 12 742 500 -6 24 0 51 51
94 12 742 500 -6 24 0 51 51
95 12 500 742 -6 24 0 51 51
96 12 742 500 6 -24 0 51 51
97 12 500 742 -6 24 0 51 51
98 12 500 742 6 -24 0 51 51
99 12 742 500 -6 24 0 51 51
100 12 500 742 6 -24 0 51 51
101 12 742 500 6 -24 1 51 51
102 12 742 500 -6 24 0 51 51
103 12 500 742 6 -24 1 51 51
104 12 742 500 6 -24 0 51 51
105 12 742 500 -6 24 0 51 51
106 12 742 500 6 -24 0 51 51
107 12 742 500 -6 24 0 51 51
108 12 500 742 -6 24 0 51 51
109 12 742 500 -6 24 0 51 51
110 12 742 500 6 -24 0 51 51
111 12 500 742 -6 24 1 51 51
112 12 500 742 6 -24 1 51 51
113 12 500 742 6 -24 0 51 51
114 12 500 742 -6 24 0 51 51
115 12 742 500 -6 24 0 51 51
116 12 742 500 -6 24 0 51 51
117 12 500 742 -6 24 0 51 51
118 12 500 742 -6 24 0 51 51
119 12 500 742 -6 24 0 51 51
120 12 742 500 -6 24 0 51 51
121 12 500 742 6 -24 1 51 51
122 12 500 742 6 -24 1 51 51
123 12 742 500 -6 24 1 51 51
124 12 742 500 -6 24 0 51 51
125 12 742 500 6 -24 0 51 51
126 12 742 500 -6 24 0 51 51
127 12 742 500 6 -24 0 51 51
128 12 742 500 6 -24 0 51 51
129 12 742 500 -6 24 0 51 51
130 12 742 500 -6 24 0 51 51
131 12 500 742 -6 24 0 51 51
132 12 500 742 6 -24 0 51 51
133 12 500 742 -6 24 0 51 51
134 12 500 742 -6 24 1 51 51
135 12 500 742 6 -24 1 51 51
136 12 742 500 6 -24 1 51 51
137 12 742 500 -6 24 0 51 51
138 12 500 742 -6 24 0 51 51
139 12 500 742 6 -24 0 51 51
140 12 500 742 -6 24 0 51 51
141 12 742 500 6 -24 0 51 51
142 12 742 500 6 -24 0 51 51
143 12 500 742 -6 24 0 51 51
144 12 500 742 -6 24 1 51 51
145 12 500 742 6 -24 0 51 51
146 12 742 500 6 -24 1 51 51
147 12 742 500 6 -24 0 51 51
148 12 742 500 6 -24 0 51 51
149 12 742 500 6 -24 0 51 51
150 12 500 742 6 -24 1 51 51
151 12 742 500 -6 24 1 51 51
152 12 500 742 -6 24 1 51 51
153 12 742 500 6 -24 0 51 51
154 12 500 742 -6 24 0 51 51
155 12 500 742 6 -24 0 51 51
156 12 500 742 -6 24 0 51 51
157 12 742 500 -6 24 0 51 51
158 12 742 500 6 -24 1 51 51
159 12 500 742 -6 24 0 51 51
160 12 742 500 6 -24 1 51 51
161 12 742 500 6 -24 0 51 51
162 12 500 742 -6 24 1 51 51
163 12 500 742 6 -24 1 51 51
164 12 500 742 6 -24 1 51 51
165 12 500 742 6 -24 1 51 51
166 12 742 500 -6 24 0 51 51
167 12 742 500 6 -24 0 51 51
168 12 742 500 -6 24 0 51 51
169 12 742 500 6 -24 0 51 51
170 12 742 500 6 -24 0 51 51
171 12 742 500 -6 24 0 51 51
172 12 742 500 6 -24 0 51 51
173 12 500 742 -6 24 1 51 51
174 12 500 742 6 -24 1 51 51
175 12 742 500 6 -24 0 51 51
176 12 500 742 -6 24 1 51 51
177 12 742 500 -6 24 0 51 51
178 12 742 500 -6 24 1 51 51
179 12 500 742 -6 24 1 51 51
180 12 500 742 6 -24 0 51 51
181 12 500 742 6 -24 1 51 51
182 12 500 742 -6 24 0 51 51
183 12 500 742 6 -24 1 51 51
184 12 609 903 -6 24 0 51 51
185 12 609 903 -6 24 0 51 51
186 12 903 609 -6 24 0 51 51
187 12 609 903 -6 24 0 51 51
188 12 903 609 -6 24 0 51 51
189 12 609 903 6 -24 0 51 51
190 12 903 609 6 -24 0 51 51
191 12 609 903 -6 24 0 51 51
192 12 903 609 6 -24 0 51 51
193 12 903 609 6 -24 0 51 51
194 12 609 903 -6 24 0 51 51
195 12 609 903 6 -24 0 51 51
196 12 609 903 -6 24 0 51 51
197 12 609 903 6 -24 0 51 51
198 12 609 903 6 -24 0 51 51
199 12 903 609 -6 24 0 51 51
200 12 903 609 6 -24 0 51 51
201 12 903 609 6 -24 0 51 51
202 12 903 609 -6 24 0 51 51
203 12 609 903 -6 24 0 51 51
204 12 903 609 -6 24 0 51 51
205 12 609 903 6 -24 0 51 51
206 12 609 903 -6 24 0 51 51
207 12 903 609 6 -24 1 51 51
208 12 903 609 6 -24 0 51 51
209 12 609 903 -6 24 0 51 51
210 12 609 903 -6 24 0 51 51
211 12 903 609 6 -24 0 51 51
212 12 903 609 6 -24 0 51 51
213 12 609 903 6 -24 0 51 51
214 12 903 609 -6 24 0 51 51
215 12 609 903 6 -24 0 51 51
216 12 609 903 6 -24 0 51 51
217 12 609 903 6 -24 0 51 51
218 12 609 903 6 -24 0 51 51
219 12 903 609 6 -24 0 51 51
220 12 903 609 6 -24 0 51 51
221 12 903 609 6 -24 0 51 51
222 12 903 609 6 -24 0 51 51
223 12 903 609 6 -24 0 51 51
224 12 903 609 6 -24 0 51 51
225 12 903 609 -6 24 0 51 51
226 12 609 903 6 -24 0 51 51
227 12 609 903 6 -24 0 51 51
228 12 609 903 6 -24 1 51 51
229 12 903 609 -6 24 0 51 51
230 12 903 609 -6 24 0 51 51
231 12 609 903 -6 24 1 51 51
232 12 609 903 6 -24 0 51 51
233 12 609 903 6 -24 0 51 51
234 12 609 903 -6 24 0 51 51
235 12 609 903 -6 24 0 51 51
236 12 903 609 6 -24 0 51 51
237 12 903 609 6 -24 1 51 51
238 12 609 903 -6 24 0 51 51
239 12 609 903 6 -24 1 51 51
240 12 903 609 6 -24 0 51 51
241 12 903 609 6 -24 0 51 51
242 12 903 609 -6 24 1 51 51
243 12 903 609 6 -24 0 51 51
244 12 609 903 -6 24 1 51 51
245 12 609 903 -6 24 0 51 51
246 12 609 903 6 -24 1 51 51
247 12 609 903 -6 24 1 51 51
248 12 609 903 6 -24 0 51 51
249 12 903 609 -6 24 0 51 51
250 12 903 609 -6 24 0 51 51
251 12 609 903 6 -24 0 51 51
252 12 609 903 -6 24 0 51 51
253 12 609 903 6 -24 0 51 51
254 12 903 609 -6 24 1 51 51
255 12 609 903 -6 24 0 51 51
256 12 609 903 6 -24 1 51 51
257 12 903 609 6 -24 0 51 51
258 12 609 903 6 -24 1 51 51
259 12 903 609 6 -24 0 51 51
260 12 609 903 -6 24 1 51 51
261 12 609 903 6 -24 1 51 51
262 12 609 903 6 -24 0 51 51
263 12 903 609 -6 24 0 51 51
264 12 903 609 6 -24 0 51 51
265 12 609 903 -6 24 0 51 51
266 12 609 903 6 -24 1 51 51
267 12 609 903 6 -24 1 51 51
268 12 903 609 6 -24 0 51 51
269 12 903 609 6 -24 0 51 51
270 12 903 609 -6 24 0 51 51
271 12 903 609 -6 24 0 51 51
272 12 903 609 -6 24 0 51 51
273 12 609 903 -6 24 0 51 51
274 12 609 903 -6 24 0 51 51
275 12 609 903 -6 24 1 51 51
276 12 903 609 6 -24 0 51 51
277 12 903 609 -6 24 1 51 51
278 12 609 903 6 -24 0 51 51
279 12 609 903 6 -24 0 51 51
280 12 903 609 6 -24 0 51 51
281 12 609 903 6 -24 0 51 51
282 12 609 903 -6 24 0 51 51
283 12 609 903 -6 24 0 51 51
284 12 903 609 -6 24 0 51 51
285 12 609 903 6 -24 1 51 51
286 12 609 903 -6 24 1 51 51
287 12 903 609 -6 24 0 51 51
288 12 903 609 6 -24 1 51 51
289 12 609 903 -6 24 0 51 51
290 12 609 903 6 -24 0 51 51
291 12 609 903 6 -24 1 51 51
292 12 609 903 6 -24 1 51 51
293 12 609 903 -6 24 0 51 51
294 12 903 609 -6 24 0 51 51
295 12 609 903 6 -24 0 51 51
296 12 903 609 -6 24 1 51 51
297 12 903 609 6 -24 0 51 51
298 12 609 903 -6 24 0 51 51
299 12 609 903 -6 24 0 51 51
300 12 609 903 6 -24 0 51 51
301 12 903 609 -6 24 1 51 51
302 12 609 903 -6 24 1 51 51
303 12 903 609 -6 24 1 51 51
304 12 903 609 6 -24 0 51 51
305 12 903 609 -6 24 0 51 51
306 12 609 903 6 -24 0 51 51
307 12 609 903 -6 24 1 51 51
308 12 609 903 6 -24 1 51 51
309 12 903 609 6 -24 1 51 51
310 12 609 903 6 -24 1 51 51
311 12 609 903 -6 24 0 51 51
312 12 903 609 6 -24 0 51 51
313 12 609 903 -6 24 0 51 51
314 12 903 609 -6 24 1 51 51
315 12 609 903 6 -24 1 51 51
316 12 609 903 -6 24 0 51 51
317 12 609 903 6 -24 0 51 51
318 12 903 609 6 -24 0 51 51
319 12 609 903 6 -24 1 51 51
320 12 903 609 -6 24 0 51 51
321 12 609 903 6 -24 1 51 51
322 12 903 609 6 -24 1 51 51
323 12 903 609 -6 24 0 51 51
324 12 903 609 -6 24 0 51 51
325 12 903 609 -6 24 0 51 51
326 12 609 903 6 -24 0 51 51
327 12 609 903 -6 24 0 51 51
328 12 609 903 6 -24 0 51 51
329 12 609 903 -6 24 0 51 51
330 12 903 609 -6 24 0 51 51
331 12 903 609 6 -24 0 51 51
332 12 609 903 -6 24 0 51 51
333 12 609 903 6 -24 1 51 51
334 12 903 609 6 -24 1 51 51
335 12 609 903 6 -24 0 51 51
336 12 903 609 6 -24 0 51 51
337 12 609 903 -6 24 0 51 51
338 12 903 609 -6 24 0 51 51
339 12 903 609 -6 24 0 51 51
340 12 903 609 6 -24 0 51 51
341 12 903 609 6 -24 0 51 51
342 12 609 903 6 -24 0 51 51
343 12 903 609 6 -24 0 51 51
344 12 903 609 6 -24 0 51 51
345 12 609 903 6 -24 0 51 51
346 12 609 903 6 -24 0 51 51
347 12 903 609 6 -24 0 51 51
348 12 903 609 -6 24 0 51 51
349 12 903 609 6 -24 0 51 51
350 12 903 609 6 -24 0 51 51
351 12 903 609 6 -24 0 51 51
352 12 903 609 -6 24 0 51 51
353 12 609 903 6 -24 0 51 51
354 12 903 609 6 -24 0 51 51
355 12 609 903 6 -24 0 51 51
356 12 609 903 6 -24 0 51 51
357 12 609 903 6 -24 0 51 51
358 12 903 609 6 -24 0 51 51
359 12 903 609 -6 24 0 51 51
360 12 609 903 6 -24 0 51 51
361 12 903 609 -6 24 0 51 51
362 12 609 903 -6 24 0 51 51
363 12 903 609 6 -24 0 51 51
364 12 903 609 6 -24 0 51 51
365 12 903 609 -6 24 0 51 51
366 12 903 609 -6 24 0 51 51
367 12 609 903 -6 24 0 51 51
368 12 609 903 -6 24 0 51 51
369 12 903 609 -6 24 0 51 51
370 12 1100 742 -6 24 1 51 51
371 12 742 1100 6 -24 1 51 51
372 12 1100 742 -6 24 1 51 51
373 12 742 1100 -6 24 1 51 51
374 12 742 1100 6 -24 1 51 51
375 12 742 1100 -6 24 0 51 51
376 12 1100 742 -6 24 0 51 51
377 12 1100 742 -6 24 0 51 51
378 12 1100 742 -6 24 0 51 51
379 12 742 1100 6 -24 1 51 51
380 12 742 1100 -6 24 0 51 51
381 12 742 1100 6 -24 1 51 51
382 12 742 1100 6 -24 1 51 51
383 12 742 1100 6 -24 0 51 51
384 12 1100 742 6 -24 1 51 51
385 12 1100 742 -6 24 0 51 51
386 12 742 1100 -6 24 1 51 51
387 12 742 1100 6 -24 1 51 51
388 12 742 1100 6 -24 1 51 51
389 12 742 1100 6 -24 1 51 51
390 12 742 1100 6 -24 1 51 51
391 12 1100 742 -6 24 0 51 51
392 12 1100 742 -6 24 0 51 51
393 12 742 1100 -6 24 1 51 51
394 12 1100 742 -6 24 0 51 51
395 12 1100 742 6 -24 1 51 51
396 12 1100 742 -6 24 1 51 51
397 12 1100 742 -6 24 1 51 51
398 12 1100 742 6 -24 1 51 51
399 12 1100 742 6 -24 1 51 51
400 12 742 1100 6 -24 1 51 51
401 12 742 1100 -6 24 0 51 51
402 12 1100 742 -6 24 0 51 51
403 12 742 1100 -6 24 1 51 51
404 12 1100 742 6 -24 0 51 51
405 12 742 1100 6 -24 0 51 51
406 12 1100 742 -6 24 0 51 51
407 12 742 1100 -6 24 0 51 51
408 12 1100 742 6 -24 0 51 51
409 12 742 1100 6 -24 1 51 51
410 12 1100 742 6 -24 1 51 51
411 12 1100 742 6 -24 0 51 51
412 12 1100 742 -6 24 0 51 51
413 12 1100 742 6 -24 0 51 51
414 12 742 1100 -6 24 1 51 51
415 12 1100 742 -6 24 1 51 51
416 12 742 1100 6 -24 1 51 51
417 12 742 1100 -6 24 1 51 51
418 12 1100 742 -6 24 0 51 51
419 12 742 1100 -6 24 1 51 51
420 12 1100 742 -6 24 1 51 51
421 12 1100 742 -6 24 1 51 51
422 12 1100 742 6 -24 1 51 51
423 12 742 1100 6 -24 1 51 51
424 12 742 1100 -6 24 1 51 51
425 12 742 1100 6 -24 0 51 51
426 12 742 1100 6 -24 1 51 51
427 12 1100 742 -6 24 1 51 51
428 12 742 1100 6 -24 0 51 51
429 12 742 1100 6 -24 0 51 51
430 12 742 1100 6 -24 1 51 51
431 12 1100 742 -6 24 1 51 51
432 12 742 1100 -6 24 0 51 51
433 12 742 1100 6 -24 0 51 51
434 12 1100 742 -6 24 0 51 51
435 12 742 1100 -6 24 0 51 51
436 12 742 1100 6 -24 1 51 51
437 12 742 1100 -6 24 0 51 51
438 12 1100 742 6 -24 1 51 51
439 12 742 1100 6 -24 1 51 51
440 12 742 1100 -6 24 1 51 51
441 12 742 1100 6 -24 1 51 51
442 12 1100 742 6 -24 0 51 51
443 12 1100 742 -6 24 0 51 51
444 12 742 1100 -6 24 0 51 51
445 12 1100 742 -6 24 0 51 51
446 12 1100 742 -6 24 0 51 51
447 12 742 1100 -6 24 1 51 51
448 12 1100 742 6 -24 1 51 51
449 12 1100 742 -6 24 1 51 51
450 12 742 1100 6 -24 1 51 51
451 12 742 1100 6 -24 1 51 51
452 12 1100 742 6 -24 1 51 51
453 12 1100 742 -6 24 0 51 51
454 12 742 1100 6 -24 1 51 51
455 12 742 1100 6 -24 1 51 51
456 12 742 1100 -6 24 1 51 51
457 12 1100 742 -6 24 1 51 51
458 12 1100 742 -6 24 0 51 51
459 12 1100 742 6 -24 1 51 51
460 12 742 1100 6 -24 1 51 51
461 12 742 1100 6 -24 1 51 51
462 12 742 1100 6 -24 0 51 51
463 12 742 1100 -6 24 1 51 51
464 12 742 1100 -6 24 0 51 51
465 12 1100 742 -6 24 1 51 51
466 12 742 1100 -6 24 1 51 51
467 12 1100 742 -6 24 0 51 51
468 12 742 1100 6 -24 1 51 51
469 12 742 1100 6 -24 1 51 51
470 12 742 1100 6 -24 1 51 51
471 12 1100 742 -6 24 0 51 51
472 12 1100 742 -6 24 1 51 51
473 12 1100 742 6 -24 0 51 51
474 12 1100 742 -6 24 0 51 51
475 12 1100 742 6 -24 0 51 51
476 12 742 1100 -6 24 0 51 51
477 12 1100 742 -6 24 1 51 51
478 12 1100 742 6 -24 0 51 51
479 12 1100 742 6 -24 1 51 51
480 12 1100 742 -6 24 1 51 51
481 12 742 1100 6 -24 1 51 51
482 12 1100 742 -6 24 1 51 51
483 12 742 1100 6 -24 1 51 51
484 12 742 1100 6 -24 1 51 51
485 12 742 1100 6 -24 1 51 51
486 12 1100 742 6 -24 1 51 51
487 12 1100 742 -6 24 0 51 51
488 12 1100 742 -6 24 0 51 51
489 12 1100 742 -6 24 0 51 51
490 12 742 1100 6 -24 0 51 51
491 12 1100 742 -6 24 1 51 51
492 12 1100 742 6 -24 0 51 51
493 12 1100 742 6 -24 1 51 51
494 12 1100 742 -6 24 1 51 51
495 12 742 1100 -6 24 0 51 51
496 12 1100 742 6 -24 1 51 51
497 12 742 1100 6 -24 1 51 51
498 12 1100 742 6 -24 1 51 51
499 12 1100 742 6 -24 1 51 51
500 12 1100 742 -6 24 1 51 51
501 12 1100 742 -6 24 0 51 51
502 12 742 1100 -6 24 1 51 51
503 12 742 1100 -6 24 0 51 51
504 12 1100 742 6 -24 0 51 51
505 12 742 1100 -6 24 1 51 51
506 12 1100 742 -6 24 0 51 51
507 12 1100 742 -6 24 0 51 51
508 12 1100 742 -6 24 1 51 51
509 12 742 1100 -6 24 0 51 51
510 12 742 1100 6 -24 1 51 51
511 12 742 1100 6 -24 1 51 51
512 12 742 1100 -6 24 0 51 51
513 12 1100 742 6 -24 0 51 51
514 12 1100 742 -6 24 1 51 51
515 12 742 1100 -6 24 1 51 51
516 12 742 1100 6 -24 0 51 51
517 12 742 1100 6 -24 1 51 51
518 12 1100 742 6 -24 1 51 51
519 12 1100 742 -6 24 1 51 51
520 12 1100 742 6 -24 1 51 51
521 12 742 1100 6 -24 1 51 51
522 12 1100 742 6 -24 1 51 51
523 12 742 1100 6 -24 1 51 51
524 12 1100 742 -6 24 1 51 51
525 12 1100 742 -6 24 0 51 51
526 12 1100 742 6 -24 1 51 51
527 12 742 1100 -6 24 1 51 51
528 12 742 1100 6 -24 1 51 51
529 12 742 1100 6 -24 0 51 51
530 12 742 1100 -6 24 1 51 51
531 12 742 1100 6 -24 1 51 51
532 12 1100 742 6 -24 1 51 51
533 12 1100 742 6 -24 1 51 51
534 12 1100 742 -6 24 0 51 51
535 12 742 1100 -6 24 0 51 51
536 12 742 1100 -6 24 1 51 51
537 12 742 1100 -6 24 0 51 51
538 12 1100 742 6 -24 1 51 51
539 12 1100 742 -6 24 0 51 51
540 12 1100 742 6 -24 1 51 51
541 12 1100 742 -6 24 1 51 51
542 12 742 1100 -6 24 1 51 51
543 12 1100 742 -6 24 1 51 51
544 12 1100 742 -6 24 1 51 51
545 12 1100 742 6 -24 1 51 51
546 12 742 1100 -6 24 0 51 51
547 12 742 1100 -6 24 0 51 51
548 12 742 1100 -6 24 0 51 51
549 12 742 1100 6 -24 1 51 51
550 12 1100 742 -6 24 0 51 51
551 12 1100 742 6 -24 0 51 51
552 12 742 1100 -6 24 0 51 51
553 12 742 1100 6 -24 1 51 51
554 12 1100 742 -6 24 0 51 51
555 12 742 1100 6 -24 0 51 51
556 12 1100 742 6 -24 1 51 51
557 12 742 1100 -6 24 1 51 51
558 12 1100 742 -6 24 1 51 51
559 12 742 1100 -6 24 0 51 51
560 12 742 1100 -6 24 1 51 51
561 12 742 1100 -6 24 1 51 51
562 12 1100 742 6 -24 1 51 51
563 12 1100 742 6 -24 1 51 51
564 12 1100 742 -6 24 0 51 51
565 12 742 1100 6 -24 1 51 51
566 12 742 1100 -6 24 1 51 51
567 12 742 1100 6 -24 1 51 51
568 12 742 1100 -6 24 0 51 51
569 12 742 1100 6 -24 1 51 51
570 12 1100 742 6 -24 1 51 51
571 12 1100 742 6 -24 1 51 51
572 12 742 1100 6 -24 1 51 51
573 12 1100 742 6 -24 1 51 51
574 12 742 1100 6 -24 1 51 51
575 12 742 1100 6 -24 1 51 51
576 12 742 1100 6 -24 1 51 51
577 12 1100 742 6 -24 1 51 51
578 12 742 1100 6 -24 1 51 51
579 12 1100 742 -6 24 0 51 51
580 12 1100 742 6 -24 1 51 51
581 12 1100 742 -6 24 1 51 51
582 12 1100 742 -6 24 1 51 51
583 12 742 1100 -6 24 0 51 51
584 12 742 1100 -6 24 0 51 51
585 12 742 1100 6 -24 1 51 51
586 12 1100 742 6 -24 1 51 51
587 12 742 1100 -6 24 0 51 51
588 12 1100 742 -6 24 0 51 51
589 12 1100 742 -6 24 1 51 51
590 12 1100 742 -6 24 1 51 51
591 12 1100 742 6 -24 0 51 51
592 12 1100 742 -6 24 0 51 51
593 12 742 1100 6 -24 0 51 51
594 12 1100 742 -6 24 1 51 51
595 12 1100 742 6 -24 1 51 51
596 12 1100 742 -6 24 0 51 51
597 12 1100 742 6 -24 1 51 51
598 12 742 1100 -6 24 1 51 51
599 12 742 1100 6 -24 0 51 51
600 12 742 1100 -6 24 0 51 51
601 12 742 1100 -6 24 1 51 51
602 12 1100 742 6 -24 1 51 51
603 12 742 1100 -6 24 0 51 51
604 12 1100 742 -6 24 0 51 51
605 12 1100 742 6 -24 1 51 51
606 12 1100 742 6 -24 1 51 51
607 12 742 1100 -6 24 0 51 51
608 12 1100 742 6 -24 1 51 51
609 12 1100 742 6 -24 1 51 51
610 12 742 1100 -6 24 0 51 51
611 12 742 1100 6 -24 1 51 51
612 12 1100 742 -6 24 1 51 51
613 12 1100 742 6 -24 1 51 51
614 12 1100 742 6 -24 0 51 51
615 12 742 1100 6 -24 0 51 51
616 12 1100 742 -6 24 1 51 51
617 12 1100 742 -6 24 0 51 51
618 12 1100 742 -6 24 0 51 51
619 12 1100 742 -6 24 0 51 51
620 12 1100 742 6 -24 1 51 51
621 12 1100 742 6 -24 0 51 51
622 12 1100 742 -6 24 0 51 51
623 12 1100 742 6 -24 0 51 51
624 8 742 0 18 -12851 0 55 0
625 8 500 0 -18 -12851 1 55 0
626 8 500 0 6 -12851 1 55 0
627 8 742 0 -12 -12851 1 55 0
628 8 742 0 18 -12851 1 55 0
629 8 500 0 24 -12851 0 55 0
630 8 500 0 -6 -12851 1 55 0
631 8 742 0 24 -12851 1 55 0
632 8 742 0 12 -12851 1 55 0
633 8 742 0 -24 -12851 1 55 0
634 8 742 0 -18 -12851 1 55 0
635 8 742 0 -12 -12851 1 55 0
636 8 500 0 -24 -12851 1 55 0
637 8 500 0 0 -12851 1 55 0
638 8 500 0 0 -12851 1 55 0
639 8 742 0 -6 -12851 1 55 0
640 8 500 0 12 -12851 1 55 0
641 8 500 0 6 -12851 1 55 0
642 8 742 0 0 -12851 0 55 0
643 8 742 0 0 -12851 1 55 0
644 8 742 0 6 -12851 1 55 0
645 8 742 0 -24 -12851 0 55 0
646 8 500 0 12 -12851 1 55 0
647 8 742 0 -24 -12851 1 55 0
648 8 742 0 12 -12851 1 55 0
649 8 742 0 -6 -12851 1 55 0
650 8 742 0 -12 -12851 1 55 0
651 8 500 0 -6 -12851 1 55 0
652 8 500 0 0 -12851 1 55 0
653 8 500 0 24 -12851 0 55 0
654 8 500 0 -18 -12851 1 55 0
655 8 500 0 -18 -12851 0 55 0
656 8 500 0 24 -12851 0 55 0
657 8 500 0 -12 -12851 0 55 0
658 8 742 0 18 -12851 1 55 0
659 8 742 0 18 -12851 1 55 0
660 8 500 0 6 -12851 1 55 0
661 8 742 0 24 -12851 1 55 0
662 8 500 0 24 -12851 0 55 0
663 8 742 0 -18 -12851 1 55 0
664 8 742 0 24 -12851 0 55 0
665 8 500 0 -24 -12851 0 55 0
666 8 742 0 6 -12851 1 55 0
667 8 742 0 0 -12851 1 55 0
668 8 742 0 -24 -12851 1 55 0
669 8 742 0 0 -12851 1 55 0
670 8 500 0 18 -12851 1 55 0
671 8 742 0 -6 -12851 1 55 0
672 8 500 0 6 -12851 1 55 0
673 8 500 0 -18 -12851 1 55 0
674 8 500 0 -12 -12851 0 55 0
675 8 500 0 -12 -12851 1 55 0
676 8 742 0 12 -12851 1 55 0
677 8 500 0 -6 -12851 1 55 0
678 8 500 0 12 -12851 1 55 0
679 8 500 0 18 -12851 1 55 0
680 8 742 0 12 -12851 1 55 0
681 8 500 0 12 -12851 1 55 0
682 8 500 0 -12 -12851 1 55 0
683 8 500 0 -18 -12851 0 55 0
684 8 742 0 -18 -12851 1 55 0
685 8 742 0 0 -12851 1 55 0
686 8 742 0 18 -12851 1 55 0
687 8 742 0 -12 -12851 1 55 0
688 8 500 0 24 -12851 1 55 0
689 8 500 0 12 -12851 1 55 0
690 8 742 0 18 -12851 1 55 0
691 8 742 0 0 -12851 1 55 0
692 8 742 0 -24 -12851 1 55 0
693 8 742 0 24 -12851 0 55 0
694 8 742 0 -24 -12851 1 55 0
695 8 500 0 6 -12851 1 55 0
696 8 500 0 6 -12851 1 55 0
697 8 500 0 -6 -12851 1 55 0
698 8 500 0 -6 -12851 1 55 0
699 8 742 0 12 -12851 1 55 0
700 8 742 0 12 -12851 1 55 0
701 8 500 0 -6 -12851 1 55 0
702 8 500 0 18 -12851 1 55 0
703 8 500 0 12 -12851 1 55 0
704 8 742 0 0 -12851 1 55 0
705 8 742 0 24 -12851 0 55 0
706 8 742 0 0 -12851 1 55 0
707 8 500 0 -6 -12851 1 55 0
708 8 742 0 18 -12851 1 55 0
709 8 500 0 -18 -12851 0 55 0
710 8 742 0 6 -12851 1 55 0
711 8 742 0 6 -12851 1 55 0
712 8 500 0 24 -12851 0 55 0
713 8 742 0 -18 -12851 1 55 0
714 8 500 0 -12 -12851 1 55 0
715 8 500 0 -12 -12851 1 55 0
716 8 742 0 -24 -12851 1 55 0
717 8 500 0 -24 -12851 1 55 0
718 8 742 0 -12 -12851 1 55 0
719 8 500 0 -12 -12851 1 55 0
720 8 742 0 24 -12851 0 55 0
721 8 500 0 24 -12851 0 55 0
722 8 500 0 6 -12851 0 55 0
723 8 500 0 6 -12851 0 55 0
724 8 742 0 12 -12851 0 55 0
725 8 742 0 -18 -12851 0 55 0
726 8 742 0 18 -12851 0 55 0
727 8 742 0 -24 -12851 0 55 0
728 8 500 0 -6 -12851 0 55 0
729 8 500 0 -24 -12851 0 55 0
730 8 742 0 -18 -12851 0 55 0
731 8 500 0 0 -12851 0 55 0
732 8 500 0 0 -12851 0 55 0
733 8 500 0 -6 -12851 1 55 0
734 8 742 0 18 -12851 1 55 0
735 8 500 0 -12 -12851 1 55 0
736 8 500 0 12 -12851 0 55 0
737 8 742 0 -18 -12851 1 55 0
738 8 742 0 -18 -12851 1 55 0
739 8 500 0 -24 -12851 0 55 0
740 8 742 0 12 -12851 0 55 0
741 8 742 0 18 -12851 0 55 0
742 8 500 0 18 -12851 0 55 0
743 8 742 0 0 -12851 1 55 0
744 8 742 0 24 -12851 0 55 0
745 8 742 0 0 -12851 1 55 0
746 8 742 0 -24 -12851 1 55 0
747 8 742 0 6 -12851 1 55 0
748 8 500 0 6 -12851 0 55 0
749 8 500 0 12 -12851 1 55 0
750 8 742 0 -6 -12851 0 55 0
751 8 500 0 -6 -12851 1 55 0
752 8 500 0 -12 -12851 1 55 0
753 8 500 0 -12 -12851 0 55 0
754 8 500 0 -18 -12851 1 55 0
755 8 500 0 24 -12851 1 55 0
756 8 500 0 -12 -12851 1 55 0
757 8 742 0 -12 -12851 1 55 0
758 8 500 0 -6 -12851 1 55 0
759 8 742 0 24 -12851 0 55 0
760 8 500 0 -24 -12851 1 55 0
761 8 500 0 24 -12851 0 55 0
762 8 742 0 18 -12851 1 55 0
763 8 742 0 18 -12851 0 55 0
764 8 742 0 6 -12851 1 55 0
765 8 500 0 -12 -12851 0 55 0
766 8 500 0 -6 -12851 1 55 0
767 8 903 0 0 -12851 0 55 0
768 8 903 0 12 -12851 0 55 0
769 8 903 0 -24 -12851 0 55 0
770 8 903 0 0 -12851 1 55 0
771 8 609 0 12 -12851 1 55 0
772 8 609 0 -18 -12851 0 55 0
773 8 903 0 6 -12851 1 55 0
774 8 903 0 -18 -12851 0 55 0
775 8 609 0 -6 -12851 1 55 0
776 8 903 0 -6 -12851 0 55 0
777 8 609 0 0 -12851 0 55 0
778 8 609 0 18 -12851 0 55 0
779 8 609 0 6 -12851 0 55 0
780 8 903 0 -12 -12851 0 55 0
781 8 903 0 -6 -12851 0 55 0
782 8 903 0 18 -12851 0 55 0
783 8 903 0 -18 -12851 0 55 0
784 8 903 0 -12 -12851 0 55 0
785 8 903 0 6 -12851 0 55 0
786 8 903 0 -18 -12851 0 55 0
787 8 609 0 0 -12851 0 55 0
788 8 609 0 24 -12851 0 55 0
789 8 609 0 -24 -12851 0 55 0
790 8 609 0 12 -12851 0 55 0
791 8 609 0 24 -12851 0 55 0
792 8 903 0 12 -12851 0 55 0
793 8 609 0 -24 -12851 0 55 0
794 8 609 0 -24 -12851 0 55 0
795 8 903 0 -24 -12851 0 55 0
796 8 903 0 -24 -12851 0 55 0
797 8 609 0 -6 -12851 0 55 0
798 8 903 0 12 -12851 0 55 0
799 8 609 0 -18 -12851 0 55 0
800 8 903 0 6 -12851 0 55 0
801 8 609 0 0 -12851 0 55 0
802 8 609 0 24 -12851 0 55 0
803 8 903 0 6 -12851 0 55 0
804 8 903 0 -18 -12851 0 55 0
805 8 903 0 0 -12851 0 55 0
806 8 903 0 24 -12851 0 55 0
807 8 903 0 12 -12851 0 55 0
808 8 903 0 18 -12851 0 55 0
809 8 903 0 -12 -12851 0 55 0
810 8 609 0 18 -12851 0 55 0
811 8 609 0 -6 -12851 0 55 0
812 8 609 0 -12 -12851 0 55 0
813 8 609 0 12 -12851 0 55 0
814 8 609 0 12 -12851 0 55 0
815 8 609 0 -24 -12851 0 55 0
816 8 609 0 -6 -12851 0 55 0
817 8 609 0 6 -12851 0 55 0
818 8 903 0 -6 -12851 0 55 0
819 8 903 0 18 -12851 0 55 0
820 8 609 0 0 -12851 0 55 0
821 8 609 0 -12 -12851 0 55 0
822 8 609 0 12 -12851 0 55 0
823 8 903 0 -12 -12851 0 55 0
824 8 903 0 0 -12851 0 55 0
825 8 903 0 -24 -12851 0 55 0
826 8 903 0 -18 -12851 0 55 0
827 8 903 0 -18 -12851 0 55 0
828 8 609 0 24 -12851 0 55 0
829 8 903 0 18 -12851 0 55 0
830 8 609 0 6 -12851 0 55 0
831 8 609 0 24 -12851 0 55 0
832 8 609 0 18 -12851 0 55 0
833 8 903 0 18 -12851 0 55 0
834 8 903 0 -6 -12851 0 55 0
835 8 903 0 6 -12851 0 55 0
836 8 609 0 -12 -12851 0 55 0
837 8 609 0 0 -12851 0 55 0
838 8 609 0 -12 -12851 0 55 0
839 8 903 0 -18 -12851 0 55 0
840 8 903 0 12 -12851 0 55 0
841 8 609 0 0 -12851 0 55 0
842 8 609 0 24 -12851 0 55 0
843 8 903 0 6 -12851 0 55 0
844 8 903 0 -18 -12851 0 55 0
845 8 903 0 18 -12851 0 55 0
846 8 609 0 -6 -12851 0 55 0
847 8 609 0 -24 -12851 0 55 0
848 8 609 0 24 -12851 0 55 0
849 8 609 0 -24 -12851 0 55 0
850 8 903 0 12 -12851 0 55 0
851 8 903 0 -12 -12851 0 55 0
852 8 609 0 -12 -12851 0 55 0
853 8 903 0 24 -12851 0 55 0
854 8 609 0 -18 -12851 0 55 0
855 8 903 0 24 -12851 0 55 0
856 8 609 0 -18 -12851 0 55 0
857 8 609 0 -24 -12851 0 55 0
858 8 903 0 0 -12851 0 55 0
859 8 609 0 -6 -12851 0 55 0
860 8 609 0 0 -12851 0 55 0
861 8 903 0 12 -12851 0 55 0
862 8 903 0 6 -12851 0 55 0
863 8 903 0 12 -12851 0 55 0
864 8 609 0 -12 -12851 0 55 0
865 8 609 0 18 -12851 0 55 0
866 8 903 0 -6 -12851 0 55 0
867 8 903 0 -24 -12851 0 55 0
868 8 609 0 18 -12851 0 55 0
869 8 609 0 6 -12851 0 55 0
870 8 903 0 12 -12851 0 55 0
871 8 903 0 12 -12851 0 55 0
872 8 609 0 -12 -12851 0 55 0
873 8 609 0 -18 -12851 0 55 0
874 8 903 0 -18 -12851 0 55 0
875 8 609 0 0 -12851 0 55 0
876 8 609 0 18 -12851 0 55 0
877 8 609 0 -12 -12851 0 55 0
878 8 903 0 24 -12851 0 55 0
879 8 903 0 12 -12851 0 55 0
880 8 903 0 18 -12851 0 55 0
881 8 903 0 0 -12851 0 55 0
882 8 903 0 -24 -12851 0 55 0
883 8 903 0 24 -12851 0 55 0
884 8 903 0 -24 -12851 0 55 0
885 8 609 0 6 -12851 0 55 0
886 8 609 0 6 -12851 0 55 0
887 8 903 0 -6 -12851 0 55 0
888 8 903 0 -6 -12851 0 55 0
889 8 609 0 -6 -12851 0 55 0
890 8 609 0 -6 -12851 0 55 0
891 8 609 0 -6 -12851 0 55 0
892 8 903 0 -18 -12851 0 55 0
893 8 903 0 0 -12851 0 55 0
894 8 609 0 -24 -12851 0 55 0
895 8 903 0 12 -12851 0 55 0
896 8 903 0 18 -12851 0 55 0
897 8 609 0 24 -12851 0 55 0
898 8 609 0 6 -12851 0 55 0
899 8 903 0 12 -12851 0 55 0
900 8 903 0 6 -12851 0 55 0
901 8 609 0 0 -12851 0 55 0
902 8 609 0 -18 -12851 0 55 0
903 8 609 0 18 -12851 0 55 0
904 8 609 0 -12 -12851 0 55 0
905 8 609 0 24 -12851 0 55 0
906 8 903 0 -12 -12851 0 55 0
907 8 903 0 -24 -12851 0 55 0
908 8 609 0 18 -12851 0 55 0
909 8 903 0 18 -12851 0 55 0
910 8 903 0 -18 -12851 0 55 0
911 8 903 0 -12 -12851 0 55 0
912 8 609 0 0 -12851 0 55 0
913 8 609 0 -6 -12851 0 55 0
914 8 609 0 0 -12851 0 55 0
915 8 609 0 18 -12851 0 55 0
916 8 609 0 -18 -12851 0 55 0
917 8 609 0 -24 -12851 0 55 0
918 8 609 0 24 -12851 0 55 0
919 8 903 0 -24 -12851 0 55 0
920 8 609 0 -12 -12851 0 55 0
921 8 903 0 24 -12851 0 55 0
922 8 903 0 6 -12851 0 55 0
923 8 903 0 -6 -12851 0 55 0
924 8 903 0 6 -12851 0 55 0
925 8 903 0 12 -12851 0 55 0
926 8 903 0 12 -12851 0 55 0
927 8 903 0 18 -12851 0 55 0
928 8 609 0 18 -12851 0 55 0
929 8 609 0 18 -12851 0 55 0
930 8 609 0 0 -12851 0 55 0
931 8 903 0 6 -12851 0 55 0
932 8 903 0 -24 -12851 0 55 0
933 8 903 0 24 -12851 0 55 0
934 8 609 0 -6 -12851 0 55 0
935 8 609 0 -6 -12851 0 55 0
936 8 903 0 -24 -12851 0 55 0
937 8 903 0 -18 -12851 0 55 0
938 8 903 0 0 -12851 0 55 0
939 8 903 0 -12 -12851 0 55 0
940 8 609 0 6 -12851 0 55 0
941 8 609 0 -12 -12851 0 55 0
942 8 609 0 12 -12851 0 55 0
943 8 903 0 24 -12851 0 55 0
944 8 903 0 -18 -12851 0 55 0
945 8 609 0 12 -12851 0 55 0
946 8 609 0 12 -12851 0 55 0
947 8 903 0 12 -12851 0 55 0
948 8 903 0 -18 -12851 0 55 0
949 8 903 0 -18 -12851 0 55 0
950 8 903 0 -24 -12851 0 55 0
951 8 903 0 24 -12851 0 55 0
952 8 903 0 12 -12851 0 55 0
953 8 609 0 6 -12851 0 55 0
954 8 609 0 6 -12851 0 55 0
955 8 609 0 -24 -12851 0 55 0
956 8 609 0 24 -12851 0 55 0
957 8 609 0 18 -12851 0 55 0
958 8 903 0 18 -12851 0 55 0
959 8 903 0 0 -12851 0 55 0
960 8 609 0 -12 -12851 0 55 0
961 8 609 0 0 -12851 0 55 0
962 8 609 0 -12 -12851 0 55 0
963 8 609 0 -6 -12851 0 55 0
964 8 903 0 -6 -12851 0 55 0
965 8 609 0 6 -12851 0 55 0
966 8 903 0 6 -12851 0 55 0
967 8 903 0 6 -12851 0 55 0
968 8 903 0 -12 -12851 0 55 0
969 8 903 0 18 -12851 0 55 0
970 8 903 0 12 -12851 0 55 0
971 8 609 0 -18 -12851 0 55 0
972 8 903 0 12 -12851 0 55 0
973 8 903 0 -18 -12851 0 55 0
974 8 903 0 -12 -12851 0 55 0
975 8 903 0 -6 -12851 0 55 0
976 8 609 0 24 -12851 0 55 0
977 8 609 0 -6 -12851 0 55 0
978 8 609 0 18 -12851 0 55 0
979 8 609 0 0 -12851 0 55 0
980 8 903 0 -24 -12851 0 55 0
981 8 903 0 0 -12851 0 55 0
982 8 609 0 -24 -12851 0 55 0
983 8 903 0 24 -12851 0 55 0
984 8 903 0 18 -12851 0 55 0
985 8 903 0 18 -12851 0 55 0
986 8 903 0 -24 -12851 0 55 0
987 8 609 0 -24 -12851 0 55 0
988 8 609 0 -12 -12851 0 55 0
989 8 609 0 -12 -12851 0 55 0
990 8 609 0 18 -12851 0 55 0
991 8 903 0 6 -12851 1 55 0
992 8 903 0 6 -12851 0 55 0
993 8 609 0 12 -12851 0 55 0
