324 8 1100 0 -24 -12851 0 60 0
325 12 742 1100 6 -24 0 51 55
326 8 742 0 24 -12851 0 55 0
327 8 1100 0 6 -12851 1 60 0
328 8 742 0 24 -12851 0 60 0
329 8 500 0 -6 -12851 0 60 0
330 12 742 609 6 -24 0 55 55
331 12 903 742 6 -24 1 51 55
332 12 903 742 6 -24 0 51 55
333 12 742 609 -6 24 1 55 51
334 12 903 742 -6 24 0 51 51
335 8 1100 0 -24 -12851 0 55 0
336 12 742 609 6 -24 0 51 51
337 8 500 0 -6 -12851 1 55 0
338 12 742 1100 6 -24 0 55 55
339 12 742 500 -6 24 1 51 51
340 8 609 0 6 -12851 0 55 0
341 8 742 0 6 -12851 0 55 0
342 8 500 0 24 -12851 1 55 0
343 12 903 742 -6 24 0 55 55
344 8 903 0 6 -12851 0 60 0
345 8 903 0 24 -12851 0 55 0
346 12 742 500 -6 24 0 51 51
347 8 903 0 24 -12851 0 60 0
348 12 742 903 -6 24 0 55 51
349 8 1100 0 6 -12851 1 55 0
350 8 1100 0 6 -12851 0 55 0
351 12 742 500 -6 24 0 51 51
352 8 500 0 -6 -12851 0 60 0
353 12 500 742 6 -24 1 55 55
354 8 742 0 6 -12851 1 60 0
355 12 742 1100 -6 24 0 51 55
356 8 609 0 -24 -12851 1 55 0
357 12 609 742 -6 24 1 51 51
358 8 1100 0 24 -12851 1 60 0
359 8 609 0 6 -12851 1 60 0
360 8 609 0 24 -12851 1 60 0
361 8 1100 0 -6 -12851 0 60 0
362 8 500 0 6 -12851 0 60 0
363 8 500 0 6 -12851 1 60 0
364 8 903 0 24 -12851 1 55 0
365 12 742 903 -6 24 0 51 55
366 12 742 903 -6 24 0 55 55
367 8 742 0 -6 -12851 0 55 0
368 8 903 0 -24 -12851 1 55 0
369 8 742 0 6 -12851 0 60 0
370 8 903 0 6 -12851 1 60 0
371 12 609 742 -6 24 1 51 51
372 8 609 0 24 -12851 1 55 0
373 8 609 0 6 -12851 0 60 0
374 8 742 0 -6 -12851 1 60 0
375 8 500 0 -24 -12851 1 60 0
376 8 742 0 24 -12851 1 60 0
377 12 742 903 6 -24 1 51 51
378 8 742 0 24 -12851 0 60 0
379 8 903 0 6 -12851 1 55 0
380 8 903 0 -24 -12851 0 60 0
381 12 742 500 6 -24 1 55 51
382 12 609 742 -6 24 0 51 51
383 8 1100 0 6 -12851 1 60 0
384 12 1100 742 -6 24 1 51 51
385 8 903 0 -6 -12851 0 60 0
386 8 500 0 24 -12851 1 60 0
387 8 1100 0 -6 -12851 0 60 0
388 8 609 0 6 -12851 0 55 0
389 8 500 0 24 -12851 1 55 0
390 8 609 0 24 -12851 0 60 0
391 12 609 742 -6 24 1 51 51
392 8 1100 0 -6 -12851 1 55 0
393 12 742 903 -6 24 1 55 55
394 12 1100 742 6 -24 0 55 55
395 8 609 0 -6 -12851 1 55 0
396 8 609 0 -6 -12851 1 55 0
397 12 1100 742 6 -24 0 55 55
398 8 1100 0 6 -12851 0 55 0
399 12 742 500 -6 24 1 51 55
400 8 742 0 24 -12851 0 60 0
401 8 609 0 -24 -12851 1 55 0
402 12 903 742 6 -24 0 51 55
403 12 1100 742 -6 24 0 55 55
404 8 609 0 -24 -12851 1 60 0
405 8 742 0 -6 -12851 0 60 0
406 12 1100 742 6 -24 0 55 51
407 8 1100 0 24 -12851 0 60 0
408 12 742 903 -6 24 1 55 55
409 8 742 0 -6 -12851 1 55 0
410 8 903 0 -6 -12851 1 55 0
411 8 1100 0 24 -12851 0 60 0
412 8 500 0 24 -12851 1 55 0
413 12 742 1100 6 -24 0 55 51
414 12 609 742 6 -24 0 55 51
415 12 500 742 -6 24 1 51 51
416 12 742 1100 -6 24 1 55 55
417 12 742 903 -6 24 1 51 51
418 8 500 0 -24 -12851 0 55 0
419 8 903 0 24 -12851 1 60 0
420 8 500 0 -6 -12851 1 55 0
421 8 903 0 -6 -12851 1 55 0
422 8 609 0 24 -12851 0 55 0
423 8 609 0 -24 -12851 1 60 0
424 8 609 0 6 -12851 0 60 0
425 8 903 0 24 -12851 0 60 0
426 12 1100 742 -6 24 0 51 55
427 12 609 742 -6 24 1 55 55
428 8 609 0 -24 -12851 0 60 0
429 12 742 903 -6 24 1 51 55
430 8 1100 0 -6 -12851 0 55 0
431 12 742 609 6 -24 1 51 51
432 12 1100 742 -6 24 1 55 55
433 12 742 500 -6 24 1 51 51
434 8 1100 0 6 -12851 1 60 0
435 12 903 742 -6 24 1 55 51
436 8 500 0 -24 -12851 1 55 0
437 12 742 500 -6 24 0 51 51
438 8 1100 0 6 -12851 0 55 0
439 12 1100 742 6 -24 1 55 51
440 8 903 0 24 -12851 0 55 0
441 8 742 0 -6 -12851 1 60 0
442 12 609 742 6 -24 0 55 51
443 8 742 0 -6 -12851 1 60 0
444 8 742 0 -6 -12851 1 55 0
445 8 500 0 24 -12851 1 60 0
446 12 742 609 6 -24 0 55 51
447 8 903 0 6 -12851 1 55 0
448 12 1100 742 6 -24 1 51 51
449 8 500 0 6 -12851 1 60 0
450 8 1100 0 -24 -12851 0 60 0
451 8 1100 0 -6 -12851 1 60 0
452 8 1100 0 -6 -12851 0 60 0
453 12 1100 742 6 -24 1 55 55
454 8 1100 0 24 -12851 0 60 0
455 12 609 742 -6 24 0 51 51
456 8 500 0 -6 -12851 1 55 0
457 12 742 903 6 -24 0 55 51
458 12 500 742 6 -24 0 51 51
459 8 742 0 6 -12851 1 55 0
460 8 500 0 6 -12851 1 60 0
461 8 903 0 -6 -12851 0 60 0
462 8 742 0 24 -12851 1 60 0
463 12 742 609 -6 24 0 55 55
464 12 742 903 -6 24 1 51 51
465 12 742 1100 6 -24 1 55 51
466 8 500 0 6 -12851 0 60 0
467 8 742 0 -24 -12851 1 60 0
468 8 609 0 6 -12851 1 55 0
469 12 609 742 -6 24 1 51 55
470 12 742 500 -6 24 0 51 51
471 8 609 0 -6 -12851 1 60 0
472 12 903 742 6 -24 0 55 51
473 8 609 0 6 -12851 1 55 0
474 12 742 500 6 -24 0 55 55
475 8 903 0 -6 -12851 1 60 0
476 8 903 0 -24 -12851 0 55 0
477 12 742 1100 6 -24 0 55 55
478 12 742 903 6 -24 1 55 55
479 8 609 0 -6 -12851 0 60 0
480 8 609 0 6 -12851 0 55 0
481 8 903 0 -24 -12851 1 60 0
482 12 500 742 -6 24 0 51 55
483 8 903 0 -6 -12851 1 55 0
484 12 1100 742 -6 24 0 51 55
485 8 903 0 6 -12851 1 55 0
486 8 609 0 6 -12851 1 60 0
487 8 742 0 -6 -12851 1 55 0
488 12 742 1100 -6 24 1 51 55
489 8 1100 0 -24 -12851 1 55 0
490 12 742 1100 6 -24 0 55 55
491 12 742 500 6 -24 1 51 55
492 8 500 0 6 -12851 1 60 0
493 12 742 609 -6 24 0 51 55
494 12 500 742 -6 24 0 55 51
495 8 500 0 -24 -12851 0 55 0
496 12 742 1100 -6 24 1 51 51
497 12 742 903 6 -24 1 55 55
498 12 742 903 -6 24 0 55 55
499 8 609 0 -6 -12851 1 60 0
500 12 500 742 6 -24 0 51 55
501 12 609 742 6 -24 1 55 51
502 8 500 0 -24 -12851 0 60 0
503 8 742 0 6 -12851 1 55 0
504 8 1100 0 -6 -12851 0 60 0
505 8 742 0 -24 -12851 0 55 0
506 12 742 903 6 -24 0 55 55
507 8 1100 0 -6 -12851 1 55 0
508 8 609 0 24 -12851 0 60 0
509 8 609 0 6 -12851 1 60 0
510 12 742 500 -6 24 1 51 51
511 8 500 0 -24 -12851 1 60 0
512 12 742 903 -6 24 1 55 51
513 8 1100 0 24 -12851 1 55 0
514 8 609 0 -24 -12851 0 60 0
515 12 742 609 -6 24 1 55 51
516 8 742 0 6 -12851 1 55 0
517 8 742 0 24 -12851 0 60 0
518 8 1100 0 -6 -12851 1 60 0
519 12 742 500 -6 24 0 51 51
520 12 742 500 6 -24 1 51 51
521 8 609 0 24 -12851 1 55 0
522 8 500 0 24 -12851 0 60 0
523 12 1100 742 6 -24 1 55 55
524 8 1100 0 -6 -12851 0 60 0
525 8 903 0 24 -12851 1 60 0
526 12 742 500 6 -24 1 55 51
527 12 609 742 -6 24 0 51 51
528 8 500 0 24 -12851 1 55 0
529 12 500 742 6 -24 0 55 51
530 12 609 742 -6 24 1 51 55
531 12 742 1100 -6 24 1 51 55
532 12 903 742 -6 24 1 51 51
533 12 500 742 6 -24 1 55 55
534 12 500 742 6 -24 1 51 51
535 8 903 0 6 -12851 0 55 0
536 12 1100 742 6 -24 0 55 55
537 8 903 0 6 -12851 0 60 0
538 12 1100 742 6 -24 1 51 51
539 8 742 0 -24 -12851 0 60 0
540 12 609 742 -6 24 1 51 55
541 8 609 0 -6 -12851 0 60 0
542 12 903 742 6 -24 1 51 51
543 12 742 500 6 -24 1 55 55
544 8 609 0 6 -12851 1 55 0
545 8 903 0 -24 -12851 1 60 0
546 8 742 0 -24 -12851 1 60 0
547 8 500 0 -6 -12851 1 60 0
548 12 742 1100 -6 24 1 51 55
549 8 1100 0 -6 -12851 0 55 0
550 12 742 609 -6 24 1 55 55
551 12 742 903 -6 24 0 55 51
552 12 500 742 -6 24 1 51 51
553 8 903 0 6 -12851 1 55 0
554 8 903 0 -24 -12851 1 55 0
555 8 1100 0 24 -12851 0 60 0
556 8 609 0 6 -12851 1 60 0
557 12 742 500 -6 24 0 55 51
558 12 742 500 6 -24 1 55 55
559 12 742 609 -6 24 1 51 55
560 12 1100 742 6 -24 0 55 51
561 8 742 0 24 -12851 1 55 0
562 12 500 742 -6 24 0 51 55
563 8 1100 0 -6 -12851 1 55 0
564 8 742 0 6 -12851 1 55 0
565 8 500 0 24 -12851 1 55 0
566 12 609 742 6 -24 0 55 51
567 8 500 0 -24 -12851 1 55 0
568 8 609 0 -6 -12851 0 55 0
569 8 742 0 -24 -12851 1 55 0
570 12 609 742 -6 24 1 55 55
571 12 609 742 -6 24 0 55 51
572 12 742 1100 6 -24 0 55 55
573 12 742 500 6 -24 1 55 51
574 12 903 742 6 -24 1 51 55
575 12 609 742 6 -24 1 55 51
576 8 742 0 -24 -12851 0 60 0
577 12 1100 742 -6 24 0 51 55
578 8 903 0 -6 -12851 1 60 0
579 12 742 609 6 -24 1 55 55
580 8 903 0 6 -12851 0 55 0
581 8 903 0 -24 -12851 1 55 0
582 12 1100 742 -6 24 0 51 51
583 12 500 742 6 -24 1 51 51
584 8 742 0 -6 -12851 1 55 0
585 12 742 609 6 -24 1 55 55
586 12 742 500 6 -24 0 51 55
587 8 500 0 -6 -12851 0 55 0
588 12 500 742 6 -24 0 55 51
589 8 1100 0 6 -12851 1 55 0
590 8 742 0 6 -12851 0 55 0
591 8 609 0 -24 -12851 1 60 0
592 12 742 903 6 -24 1 55 55
593 12 742 1100 -6 24 0 51 55
594 12 742 500 -6 24 1 55 55
595 8 1100 0 6 -12851 1 55 0
596 12 742 609 -6 24 0 55 51
597 12 903 742 6 -24 1 51 55
598 12 903 742 6 -24 1 51 51
599 8 1100 0 6 -12851 1 60 0
600 12 742 1100 6 -24 0 55 55
601 8 500 0 24 -12851 1 60 0
602 8 500 0 6 -12851 0 55 0
603 8 609 0 24 -12851 1 60 0
604 12 903 742 -6 24 0 55 55
605 8 609 0 -6 -12851 1 60 0
606 12 742 609 -6 24 0 55 51
607 8 609 0 6 -12851 1 60 0
608 8 609 0 -6 -12851 0 60 0
609 8 500 0 6 -12851 1 60 0
610 8 742 0 -6 -12851 0 60 0
611 8 903 0 -6 -12851 1 55 0
612 8 903 0 6 -12851 0 55 0
613 12 742 500 -6 24 0 55 55
614 12 742 1100 -6 24 1 51 51
615 12 742 609 6 -24 1 51 51
616 8 609 0 -24 -12851 1 60 0
617 8 903 0 6 -12851 0 60 0
618 8 1100 0 -24 -12851 1 55 0
619 12 742 609 -6 24 0 51 51
620 12 742 1100 6 -24 0 55 51
621 8 1100 0 -6 -12851 1 60 0
622 12 742 609 6 -24 1 51 55
623 8 1100 0 24 -12851 0 55 0
624 12 500 742 -6 24 0 55 51
625 8 500 0 -6 -12851 1 55 0
626 8 742 0 6 -12851 1 60 0
627 12 742 609 6 -24 1 55 55
628 8 500 0 24 -12851 1 60 0
629 8 609 0 -24 -12851 0 55 0
630 12 742 1100 6 -24 0 55 55
631 12 742 1100 -6 24 0 55 51
632 8 742 0 -24 -12851 0 55 0
633 12 609 742 -6 24 0 51 51
634 8 500 0 -6 -12851 1 55 0
635 8 500 0 -24 -12851 1 60 0
636 12 742 903 -6 24 1 51 51
637 12 609 742 -6 24 1 55 55
638 8 742 0 -24 -12851 1 55 0
639 12 742 609 6 -24 1 55 55
640 8 903 0 -24 -12851 1 55 0
641 12 1100 742 6 -24 1 51 51
642 12 742 500 6 -24 1 51 51
643 8 742 0 24 -12851 1 55 0
644 8 903 0 -24 -12851 0 55 0
645 12 903 742 6 -24 1 55 55
646 8 1100 0 -24 -12851 1 60 0
647 8 1100 0 -24 -12851 0 60 0
648 8 1100 0 -6 -12851 1 60 0
649 8 609 0 -6 -12851 1 60 0
650 12 742 609 -6 24 0 55 51
651 8 500 0 6 -12851 1 60 0
652 8 742 0 -24 -12851 1 60 0
653 8 903 0 24 -12851 0 55 0
654 12 742 500 6 -24 0 51 51
655 12 1100 742 -6 24 1 55 51
656 12 742 903 -6 24 1 55 55
657 8 500 0 6 -12851 1 55 0
658 8 609 0 -6 -12851 0 60 0
659 8 609 0 -24 -12851 0 55 0
660 8 903 0 -6 -12851 1 60 0
661 12 742 903 -6 24 1 51 51
662 8 903 0 6 -12851 1 60 0
663 8 742 0 24 -12851 1 55 0
664 8 903 0 24 -12851 0 55 0
665 12 742 1100 -6 24 1 55 55
666 8 500 0 -24 -12851 1 55 0
667 8 1100 0 24 -12851 1 55 0
668 12 742 500 6 -24 1 51 51
669 8 1100 0 6 -12851 1 60 0
670 8 903 0 -24 -12851 1 55 0
671 8 742 0 -6 -12851 0 55 0
672 8 1100 0 -24 -12851 0 55 0
673 8 609 0 24 -12851 0 60 0
674 12 742 903 -6 24 0 55 55
675 8 609 0 -6 -12851 1 55 0
676 12 609 742 6 -24 1 55 55
677 12 1100 742 6 -24 1 51 55
678 8 609 0 6 -12851 1 55 0
679 12 500 742 -6 24 0 51 51
680 12 742 1100 6 -24 1 51 51
681 8 742 0 -6 -12851 1 60 0
682 12 609 742 6 -24 0 51 51
683 8 500 0 24 -12851 1 55 0
684 12 742 903 6 -24 1 55 55
685 12 742 500 6 -24 0 55 55
686 8 500 0 -24 -12851 0 60 0
687 12 742 609 -6 24 1 51 51
688 12 500 742 6 -24 1 55 55
689 12 742 903 -6 24 0 51 55
690 12 742 903 -6 24 1 55 51
691 8 742 0 -6 -12851 0 60 0
692 12 903 742 6 -24 0 51 51
693 8 742 0 -24 -12851 1 55 0
694 8 903 0 24 -12851 1 55 0
695 12 500 742 6 -24 0 51 51
696 12 742 903 -6 24 1 55 51
697 8 742 0 6 -12851 1 55 0
698 12 903 742 6 -24 1 51 55
699 8 500 0 -6 -12851 0 60 0
700 8 903 0 -24 -12851 0 60 0
701 8 742 0 24 -12851 0 55 0
702 8 903 0 6 -12851 0 60 0
703 8 1100 0 24 -12851 1 60 0
704 8 500 0 24 -12851 0 55 0
705 8 500 0 -24 -12851 0 60 0
706 12 1100 742 -6 24 0 51 55
707 8 609 0 24 -12851 0 60 0
708 8 1100 0 24 -12851 0 60 0
709 12 903 742 6 -24 0 51 55
710 12 742 500 -6 24 1 55 55
711 8 609 0 -6 -12851 0 55 0
712 12 903 742 6 -24 1 51 55
713 8 1100 0 6 -12851 1 60 0
714 8 609 0 24 -12851 0 60 0
715 12 903 742 6 -24 1 55 55
716 8 609 0 6 -12851 0 60 0
717 12 500 742 6 -24 1 55 55
718 8 609 0 -6 -12851 1 60 0
719 8 903 0 24 -12851 1 55 0
720 8 903 0 24 -12851 1 60 0
721 8 903 0 -6 -12851 1 55 0
722 12 609 742 6 -24 1 51 51
723 8 609 0 24 -12851 1 55 0
724 8 742 0 6 -12851 0 60 0
725 8 1100 0 -24 -12851 1 60 0
726 8 500 0 24 -12851 1 55 0
727 8 500 0 24 -12851 1 60 0
728 8 609 0 6 -12851 0 60 0
729 8 500 0 -24 -12851 0 60 0
730 8 742 0 -6 -12851 1 55 0
731 12 903 742 -6 24 0 55 55
732 12 742 500 -6 24 0 51 55
733 8 1100 0 -6 -12851 0 55 0
734 8 742 0 24 -12851 1 60 0
735 12 742 903 -6 24 1 51 51
736 8 1100 0 24 -12851 0 55 0
737 8 1100 0 -24 -12851 1 55 0
738 8 1100 0 6 -12851 1 55 0
739 8 742 0 24 -12851 0 60 0
740 8 1100 0 6 -12851 1 55 0
741 8 609 0 -24 -12851 0 55 0
742 12 903 742 -6 24 1 51 55
743 12 742 609 -6 24 0 55 55
744 8 742 0 24 -12851 1 55 0
745 8 742 0 6 -12851 1 60 0
746 8 500 0 -6 -12851 1 55 0
747 8 500 0 24 -12851 1 60 0
748 12 1100 742 6 -24 1 51 51
749 8 609 0 -6 -12851 1 60 0
750 12 742 903 6 -24 0 55 55
751 12 742 903 6 -24 1 51 51
752 12 1100 742 6 -24 1 55 55
753 8 609 0 -24 -12851 0 55 0
754 12 1100 742 -6 24 1 51 55
755 8 903 0 24 -12851 1 60 0
756 8 1100 0 -6 -12851 0 60 0
757 8 500 0 6 -12851 1 60 0
758 8 903 0 6 -12851 1 60 0
759 8 903 0 6 -12851 1 60 0
760 8 742 0 24 -12851 1 55 0
761 8 742 0 -24 -12851 1 60 0
762 8 903 0 -24 -12851 0 55 0
763 12 742 500 -6 24 1 55 51
764 8 903 0 -6 -12851 1 60 0
765 8 903 0 24 -12851 1 60 0
766 12 742 1100 -6 24 0 55 51
767 12 742 500 6 -24 1 51 51
768 12 609 742 -6 24 1 51 51
769 8 742 0 -6 -12851 1 60 0
770 8 500 0 -6 -12851 0 55 0
771 8 1100 0 24 -12851 1 60 0
772 12 742 609 -6 24 1 55 55
773 8 742 0 6 -12851 0 55 0
774 8 609 0 6 -12851 0 60 0
775 12 500 742 -6 24 1 55 51
776 8 1100 0 6 -12851 1 60 0
777 8 1100 0 -24 -12851 1 55 0
778 8 500 0 6 -12851 0 55 0
779 12 742 500 6 -24 0 55 55
780 8 500 0 -6 -12851 1 55 0
781 8 609 0 -6 -12851 0 55 0
782 8 609 0 24 -12851 1 55 0
783 12 903 742 -6 24 1 51 55
784 12 742 500 -6 24 0 51 55
785 8 903 0 -6 -12851 0 60 0
786 8 903 0 -6 -12851 0 60 0
787 12 742 609 6 -24 1 51 51
788 12 609 742 -6 24 0 51 55
789 8 1100 0 -24 -12851 0 55 0
790 12 742 1100 6 -24 0 51 55
791 12 742 903 6 -24 0 51 55
792 12 903 742 6 -24 0 55 51
793 12 742 903 6 -24 1 51 51
794 8 903 0 -24 -12851 1 60 0
795 8 742 0 24 -12851 0 55 0
796 8 1100 0 6 -12851 0 55 0
797 8 742 0 24 -12851 1 60 0
798 12 1100 742 -6 24 1 55 51
799 8 903 0 -6 -12851 1 60 0
800 8 1100 0 24 -12851 1 55 0
801 8 742 0 24 -12851 0 60 0
802 12 742 500 -6 24 1 55 51
803 8 609 0 -6 -12851 1 60 0
804 8 500 0 -6 -12851 0 55 0
805 12 1100 742 6 -24 0 55 55
806 12 742 500 6 -24 0 51 55
807 12 903 742 6 -24 0 51 51
808 8 500 0 -6 -12851 0 60 0
809 12 903 742 6 -24 0 51 55
810 8 500 0 -24 -12851 0 60 0
811 8 609 0 -6 -12851 1 60 0
812 8 609 0 6 -12851 0 60 0
813 12 742 903 -6 24 0 55 51
814 8 1100 0 -24 -12851 0 60 0
815 12 742 500 -6 24 0 55 55
816 8 1100 0 -6 -12851 1 60 0
817 12 903 742 -6 24 0 55 55
818 8 742 0 -24 -12851 0 60 0
819 8 609 0 -6 -12851 0 55 0
820 12 1100 742 -6 24 1 51 55
821 12 742 500 6 -24 0 51 55
822 12 609 742 6 -24 0 55 55
823 8 1100 0 6 -12851 1 60 0
824 8 1100 0 6 -12851 1 55 0
825 8 903 0 24 -12851 1 55 0
826 8 903 0 24 -12851 0 55 0
827 8 609 0 6 -12851 1 55 0
828 12 1100 742 -6 24 0 55 51
829 12 903 742 -6 24 1 51 51
830 8 609 0 6 -12851 1 55 0
831 8 500 0 6 -12851 1 55 0
832 8 742 0 24 -12851 1 55 0
833 8 903 0 -24 -12851 1 55 0
834 12 903 742 -6 24 1 55 55
835 8 742 0 -6 -12851 1 60 0
836 12 742 1100 -6 24 1 51 51
837 12 742 903 6 -24 1 55 51
838 8 500 0 24 -12851 1 60 0
839 12 500 742 6 -24 0 51 51
840 8 500 0 -6 -12851 1 55 0
841 12 742 500 -6 24 1 55 55
842 12 903 742 6 -24 0 55 55
843 8 609 0 -24 -12851 1 60 0
844 8 609 0 24 -12851 1 60 0
845 8 903 0 -6 -12851 1 55 0
846 12 500 742 -6 24 1 55 55
847 8 742 0 -6 -12851 0 60 0
848 12 742 903 6 -24 1 51 51
849 8 1100 0 6 -12851 1 55 0
850 8 903 0 -6 -12851 1 55 0
851 8 500 0 6 -12851 1 60 0
852 12 903 742 6 -24 1 55 55
853 12 500 742 6 -24 0 51 51
854 8 500 0 -24 -12851 0 60 0
855 12 742 609 6 -24 0 51 51
856 8 903 0 6 -12851 1 60 0
857 12 903 742 6 -24 1 51 51
858 12 742 1100 -6 24 1 51 55
859 12 903 742 -6 24 0 51 55
860 12 742 903 6 -24 1 51 51
861 8 500 0 -24 -12851 1 60 0
862 8 609 0 24 -12851 1 60 0
863 8 742 0 -6 -12851 0 60 0
864 8 609 0 -24 -12851 1 55 0
865 8 742 0 6 -12851 1 55 0
866 12 742 903 -6 24 0 55 51
867 8 1100 0 -24 -12851 1 60 0
868 12 1100 742 6 -24 1 55 55
869 8 1100 0 6 -12851 0 55 0
870 12 742 500 6 -24 0 55 55
871 12 742 1100 -6 24 1 55 55
872 8 500 0 6 -12851 1 55 0
873 8 500 0 24 -12851 1 55 0
874 12 500 742 6 -24 1 51 51
875 8 500 0 -6 -12851 0 55 0
876 8 742 0 -24 -12851 1 60 0
877 8 500 0 24 -12851 1 60 0
878 8 609 0 6 -12851 0 60 0
879 12 500 742 6 -24 0 51 55
880 8 742 0 -24 -12851 0 60 0
881 8 609 0 -6 -12851 1 55 0
882 8 1100 0 -24 -12851 1 55 0
883 8 903 0 24 -12851 1 55 0
884 12 903 742 -6 24 0 55 51
885 12 742 500 6 -24 1 55 51
886 12 609 742 -6 24 1 55 55
887 8 609 0 -6 -12851 0 55 0
888 12 903 742 -6 24 0 51 55
889 8 742 0 24 -12851 0 55 0
890 8 903 0 -6 -12851 0 55 0
891 8 1100 0 6 -12851 1 60 0
892 8 1100 0 24 -12851 0 60 0
893 8 903 0 6 -12851 1 60 0
894 8 903 0 6 -12851 1 60 0
895 12 1100 742 6 -24 1 55 55
896 12 1100 742 -6 24 1 51 51
897 8 903 0 6 -12851 1 55 0
898 8 1100 0 -6 -12851 0 55 0
899 12 903 742 6 -24 0 51 51
900 12 742 903 6 -24 0 55 55
901 12 1100 742 6 -24 0 55 51
902 8 609 0 -6 -12851 0 55 0
903 8 609 0 -24 -12851 0 60 0
904 12 742 903 6 -24 0 51 55
905 12 609 742 -6 24 0 51 51
906 12 742 1100 6 -24 1 51 55
907 8 742 0 -24 -12851 1 55 0
908 8 609 0 6 -12851 1 55 0
909 8 1100 0 -6 -12851 0 60 0
910 8 742 0 -6 -12851 1 60 0
911 8 742 0 -6 -12851 1 55 0
912 8 903 0 6 -12851 1 60 0
913 8 500 0 -24 -12851 0 60 0
914 12 500 742 -6 24 0 55 55
915 12 500 742 6 -24 1 55 51
916 12 742 609 6 -24 0 51 55
917 12 609 742 6 -24 0 55 55
918 12 742 903 -6 24 0 55 55
919 12 500 742 6 -24 0 55 51
920 12 742 500 -6 24 1 51 51
921 8 500 0 -6 -12851 1 55 0
922 8 903 0 -6 -12851 1 60 0
923 8 500 0 6 -12851 0 60 0
924 8 1100 0 -6 -12851 0 60 0
925 12 742 903 -6 24 1 51 51
926 12 742 903 -6 24 1 51 55
927 8 1100 0 -6 -12851 0 60 0
928 12 742 1100 6 -24 0 55 55
929 8 1100 0 -6 -12851 1 55 0
930 12 609 742 6 -24 0 55 55
931 12 742 903 -6 24 1 55 55
932 12 500 742 -6 24 1 51 55
933 8 742 0 6 -12851 0 55 0
934 8 903 0 24 -12851 1 55 0
935 8 609 0 -24 -12851 1 60 0
936 12 742 1100 -6 24 1 55 55
937 8 903 0 6 -12851 1 60 0
938 12 742 1100 -6 24 1 55 55
939 12 742 903 6 -24 1 51 55
940 12 742 903 -6 24 1 51 55
941 8 1100 0 -24 -12851 1 55 0
942 12 742 609 6 -24 0 51 51
943 12 742 1100 6 -24 0 51 55
944 8 1100 0 -24 -12851 1 60 0
945 8 609 0 -24 -12851 1 60 0
946 8 500 0 -24 -12851 1 60 0
947 12 742 609 6 -24 1 51 51
948 12 1100 742 6 -24 0 51 51
949 8 609 0 24 -12851 1 60 0
950 12 500 742 -6 24 1 51 51
951 8 903 0 -6 -12851 0 55 0
952 8 500 0 -24 -12851 1 60 0
953 12 742 609 -6 24 0 55 55
954 8 500 0 -24 -12851 1 60 0
955 8 742 0 24 -12851 0 55 0
956 12 1100 742 -6 24 0 55 51
957 8 742 0 -6 -12851 1 60 0
958 12 742 609 6 -24 0 55 55
959 12 742 609 -6 24 0 51 51
960 12 742 500 6 -24 0 55 55
961 12 742 609 6 -24 1 51 55
962 8 903 0 24 -12851 1 55 0
963 8 903 0 -24 -12851 0 55 0
964 12 500 742 6 -24 1 51 51
965 8 1100 0 6 -12851 0 60 0
966 8 903 0 6 -12851 0 60 0
967 12 609 742 6 -24 1 51 51
968 8 742 0 24 -12851 1 55 0
969 12 742 1100 -6 24 1 51 55
970 12 1100 742 -6 24 0 51 51
971 12 903 742 6 -24 1 51 51
972 8 1100 0 -24 -12851 0 60 0
973 12 609 742 6 -24 1 51 55
974 8 742 0 -6 -12851 1 60 0
975 8 903 0 6 -12851 1 55 0
976 8 1100 0 6 -12851 1 60 0
977 12 609 742 -6 24 1 55 55
978 8 742 0 -24 -12851 0 55 0
979 8 609 0 6 -12851 1 55 0
980 12 742 609 6 -24 1 55 51
981 8 500 0 24 -12851 1 60 0
982 12 903 742 -6 24 0 51 51
983 8 500 0 6 -12851 1 60 0
984 12 742 903 6 -24 1 55 55
985 8 500 0 -6 -12851 1 60 0
986 8 609 0 -6 -12851 1 55 0
987 8 609 0 24 -12851 1 55 0
988 8 903 0 24 -12851 0 60 0
989 8 903 0 -24 -12851 0 55 0
990 8 1100 0 -6 -12851 0 55 0
991 12 742 903 -6 24 0 55 51
992 12 742 609 6 -24 0 51 51
993 8 1100 0 24 -12851 0 55 0
994 8 500 0 24 -12851 1 55 0
995 8 500 0 24 -12851 0 60 0
996 8 500 0 -6 -12851 0 55 0
997 12 742 1100 6 -24 1 51 51
998 8 903 0 24 -12851 0 60 0
999 12 609 742 6 -24 0 51 51
1000 8 1100 0 -6 -12851 0 55 0
1001 8 609 0 -24 -12851 1 55 0
1002 8 742 0 -24 -12851 0 60 0
1003 8 609 0 -24 -12851 1 55 0
1004 8 742 0 24 -12851 0 60 0
1005 8 609 0 6 -12851 1 55 0
1006 8 903 0 6 -12851 0 55 0
1007 12 742 1100 6 -24 0 51 51
1008 8 742 0 24 -12851 1 60 0
1009 8 742 0 6 -12851 0 55 0
1010 8 742 0 6 -12851 1 60 0
1011 8 742 0 24 -12851 0 55 0
1012 8 903 0 6 -12851 1 60 0
1013 8 500 0 -24 -12851 0 60 0
1014 8 609 0 -24 -12851 0 60 0
1015 8 903 0 24 -12851 1 55 0
1016 8 1100 0 6 -12851 0 60 0
1017 8 609 0 6 -12851 1 60 0
1018 12 742 903 6 -24 1 55 51
1019 8 742 0 -6 -12851 0 55 0
1020 8 1100 0 24 -12851 1 55 0
1021 8 500 0 -6 -12851 1 60 0
1022 12 742 1100 -6 24 1 55 55
1023 8 609 0 6 -12851 0 55 0
1024 8 903 0 -6 -12851 1 55 0
1025 12 609 742 -6 24 0 51 51
1026 12 742 609 -6 24 0 51 55
1027 8 1100 0 6 -12851 0 55 0
1028 8 500 0 -24 -12851 1 55 0
1029 12 742 609 -6 24 0 51 55
1030 12 742 500 6 -24 1 51 55
1031 8 742 0 -6 -12851 0 55 0
1032 12 742 903 6 -24 1 51 51
1033 12 609 742 -6 24 0 55 51
1034 8 742 0 -24 -12851 1 60 0
1035 8 742 0 24 -12851 0 55 0
1036 12 903 742 6 -24 0 55 51
1037 8 609 0 -24 -12851 1 55 0
1038 8 742 0 24 -12851 1 60 0
1039 8 609 0 -24 -12851 1 60 0
1040 8 903 0 24 -12851 0 55 0
1041 8 903 0 6 -12851 1 60 0
1042 8 500 0 -24 -12851 0 60 0
1043 8 903 0 6 -12851 0 55 0
1044 12 609 742 -6 24 0 55 55
1045 8 500 0 6 -12851 1 60 0
1046 8 1100 0 24 -12851 1 55 0
1047 8 609 0 24 -12851 1 60 0
1048 8 1100 0 24 -12851 0 55 0
1049 8 1100 0 24 -12851 1 60 0
1050 12 903 742 -6 24 1 55 51
1051 12 500 742 -6 24 0 51 51
1052 8 500 0 6 -12851 1 60 0
1053 12 742 500 -6 24 0 51 51
1054 12 500 742 -6 24 0 55 55
1055 12 742 609 6 -24 0 55 51
1056 8 609 0 6 -12851 0 60 0
1057 8 609 0 6 -12851 0 55 0
1058 8 742 0 -6 -12851 0 55 0
1059 8 1100 0 6 -12851 0 55 0
1060 8 742 0 -24 -12851 0 55 0
1061 8 903 0 24 -12851 0 60 0
1062 8 609 0 6 -12851 0 60 0
1063 8 742 0 -6 -12851 0 55 0
1064 8 1100 0 6 -12851 1 60 0
1065 12 742 500 6 -24 1 55 55
1066 12 500 742 6 -24 0 55 51
1067 8 500 0 6 -12851 1 55 0
1068 12 1100 742 6 -24 0 51 55
1069 12 742 903 -6 24 0 55 55
1070 8 609 0 -6 -12851 0 60 0
1071 8 903 0 24 -12851 1 55 0
1072 8 1100 0 24 -12851 0 55 0
1073 8 500 0 6 -12851 1 60 0
1074 8 903 0 6 -12851 0 55 0
1075 12 742 500 6 -24 1 55 55
1076 12 609 742 6 -24 0 51 51
1077 12 609 742 6 -24 1 55 51
1078 8 500 0 24 -12851 1 60 0
1079 8 742 0 6 -12851 1 55 0
1080 12 609 742 6 -24 1 51 55
1081 12 1100 742 6 -24 1 51 51
1082 12 742 903 -6 24 0 51 51
1083 8 742 0 24 -12851 1 60 0
1084 8 500 0 -24 -12851 0 60 0
1085 8 609 0 6 -12851 0 60 0
1086 12 903 742 6 -24 0 51 51
1087 12 1100 742 6 -24 0 51 55
1088 8 609 0 -6 -12851 0 55 0
1089 8 609 0 -6 -12851 0 55 0
1090 12 742 500 -6 24 0 51 51
1091 8 903 0 24 -12851 0 60 0
1092 8 903 0 -6 -12851 0 55 0
1093 8 500 0 6 -12851 0 60 0
1094 12 903 742 -6 24 0 55 55
1095 12 742 903 -6 24 0 51 51
1096 12 1100 742 6 -24 0 51 55
1097 12 742 609 6 -24 0 55 55
1098 8 903 0 -24 -12851 0 55 0
1099 12 1100 742 6 -24 0 51 55
1100 8 1100 0 -6 -12851 1 60 0
1101 12 742 500 -6 24 1 55 51
1102 12 903 742 -6 24 0 55 51
1103 12 609 742 6 -24 1 55 55
1104 12 903 742 6 -24 1 55 51
1105 8 1100 0 -6 -12851 0 55 0
1106 8 742 0 -24 -12851 0 55 0
1107 12 500 742 6 -24 0 51 51
1108 8 1100 0 -24 -12851 1 60 0
1109 8 742 0 -6 -12851 1 55 0
1110 8 500 0 6 -12851 1 60 0
1111 12 742 1100 6 -24 1 51 51
1112 12 1100 742 -6 24 0 55 51
1113 8 742 0 24 -12851 1 60 0
1114 8 742 0 -24 -12851 1 60 0
1115 8 1100 0 6 -12851 0 55 0
1116 8 742 0 24 -12851 0 55 0
1117 8 742 0 6 -12851 0 55 0
1118 8 903 0 24 -12851 1 55 0
1119 8 609 0 6 -12851 0 55 0
1120 8 1100 0 24 -12851 0 55 0
1121 8 903 0 6 -12851 1 55 0
1122 12 742 500 6 -24 0 51 51
1123 12 742 1100 6 -24 1 51 55
1124 12 742 609 6 -24 1 51 51
1125 12 742 609 -6 24 1 55 55
1126 12 742 609 -6 24 0 51 55
1127 8 903 0 6 -12851 1 60 0
1128 8 1100 0 24 -12851 0 55 0
1129 12 742 609 6 -24 0 51 51
1130 8 500 0 -24 -12851 0 60 0
1131 12 742 903 -6 24 0 55 55
1132 12 903 742 6 -24 0 51 51
1133 12 903 742 6 -24 0 55 51
1134 12 742 500 6 -24 0 51 51
1135 12 1100 742 -6 24 0 55 51
1136 8 609 0 6 -12851 0 55 0
1137 8 609 0 -24 -12851 0 60 0
1138 12 742 903 6 -24 0 51 51
1139 12 609 742 6 -24 0 55 51
1140 8 500 0 -24 -12851 0 60 0
1141 12 609 742 6 -24 0 55 51
1142 8 500 0 24 -12851 0 60 0
1143 8 742 0 -24 -12851 0 55 0
1144 8 742 0 24 -12851 0 60 0
1145 12 742 609 6 -24 0 51 51
1146 8 1100 0 -24 -12851 0 55 0
1147 12 1100 742 6 -24 0 55 51
1148 8 903 0 -6 -12851 0 55 0
1149 12 609 742 -6 24 0 55 51
1150 8 609 0 6 -12851 0 60 0
1151 12 742 609 -6 24 0 55 51
1152 8 609 0 24 -12851 0 60 0
1153 12 1100 742 6 -24 0 51 55
1154 8 609 0 -6 -12851 0 60 0
1155 8 742 0 24 -12851 0 55 0
1156 8 742 0 -6 -12851 0 60 0
1157 8 1100 0 -6 -12851 0 55 0
1158 12 742 500 6 -24 0 55 51
1159 12 742 1100 -6 24 0 51 55
1160 12 903 742 6 -24 0 55 55
1161 12 742 500 6 -24 0 55 55
1162 12 1100 742 6 -24 0 51 55
1163 8 500 0 24 -12851 0 55 0
1164 8 903 0 24 -12851 0 60 0
1165 8 1100 0 6 -12851 0 60 0
1166 12 500 742 -6 24 0 55 55
1167 8 903 0 24 -12851 0 60 0
1168 8 500 0 6 -12851 0 60 0
1169 8 500 0 -6 -12851 0 55 0
1170 12 500 742 6 -24 0 55 55
1171 12 903 742 6 -24 0 51 55
1172 8 500 0 6 -12851 0 60 0
1173 12 609 742 -6 24 0 55 55
1174 12 742 1100 6 -24 0 55 55
1175 12 609 742 -6 24 0 55 51
1176 12 742 609 -6 24 0 55 55
1177 12 742 500 -6 24 0 51 55
1178 12 742 609 -6 24 0 55 55
1179 8 500 0 -6 -12851 0 60 0
1180 12 903 742 6 -24 0 55 51
1181 8 609 0 -24 -12851 0 60 0
1182 8 742 0 6 -12851 0 55 0
1183 12 742 609 -6 24 0 55 51
1184 8 1100 0 24 -12851 0 60 0
1185 8 903 0 6 -12851 0 60 0
1186 8 1100 0 -24 -12851 0 55 0
1187 8 500 0 -6 -12851 0 55 0
1188 8 500 0 24 -12851 0 55 0
1189 8 1100 0 6 -12851 0 60 0
1190 12 609 742 6 -24 0 51 55
1191 8 903 0 24 -12851 0 55 0
1192 8 609 0 24 -12851 0 55 0
1193 12 500 742 -6 24 0 51 55
1194 12 903 742 -6 24 0 55 55
1195 12 903 742 6 -24 0 51 51
1196 12 903 742 6 -24 0 55 51
1197 12 903 742 -6 24 0 55 55
1198 8 903 0 24 -12851 0 55 0
1199 8 742 0 24 -12851 0 60 0
1200 12 742 500 6 -24 0 55 51
1201 12 742 1100 -6 24 0 51 55
1202 8 742 0 -6 -12851 0 60 0
1203 12 500 742 -6 24 0 55 51
1204 12 903 742 -6 24 0 55 51
1205 12 609 742 -6 24 0 51 55
1206 12 742 1100 6 -24 0 55 55
1207 12 742 903 6 -24 0 51 51
1208 8 609 0 24 -12851 0 55 0
1209 8 742 0 -6 -12851 0 55 0
1210 8 742 0 -6 -12851 0 55 0
1211 8 1100 0 -24 -12851 0 60 0
1212 8 742 0 24 -12851 0 55 0
1213 8 742 0 6 -12851 0 60 0
1214 12 1100 742 6 -24 0 51 51
1215 8 903 0 -6 -12851 0 55 0
1216 12 742 609 6 -24 0 51 55
1217 12 742 609 -6 24 0 55 51
1218 8 609 0 -24 -12851 0 60 0
1219 8 1100 0 6 -12851 0 55 0
1220 8 903 0 6 -12851 0 55 0
1221 8 903 0 6 -12851 0 60 0
1222 8 1100 0 24 -12851 0 55 0
1223 12 742 609 -6 24 0 55 55
1224 12 742 903 -6 24 0 55 51
1225 8 500 0 -6 -12851 0 55 0
1226 12 609 742 -6 24 0 55 55
1227 12 1100 742 -6 24 0 51 55
1228 12 903 742 -6 24 0 55 55
1229 8 609 0 -24 -12851 0 55 0
1230 8 609 0 -24 -12851 0 55 0
1231 8 500 0 24 -12851 0 55 0
1232 12 903 742 -6 24 0 55 55
1233 8 500 0 6 -12851 0 55 0
1234 8 609 0 -24 -12851 0 60 0
1235 12 609 742 6 -24 0 51 55
1236 8 609 0 -6 -12851 0 55 0
1237 12 742 903 6 -24 0 55 55
1238 12 903 742 6 -24 0 55 51
1239 8 1100 0 -6 -12851 0 55 0
1240 8 903 0 -6 -12851 0 60 0
1241 8 1100 0 -6 -12851 0 60 0
1242 8 609 0 24 -12851 0 55 0
1243 12 742 1100 6 -24 0 55 55
1244 12 742 500 6 -24 0 51 55
1245 12 742 609 6 -24 0 51 55
1246 8 609 0 -24 -12851 0 55 0
1247 12 742 903 6 -24 0 51 55
1248 8 903 0 -24 -12851 0 60 0
1249 8 500 0 -6 -12851 0 60 0
1250 8 742 0 -6 -12851 0 60 0
1251 12 742 500 6 -24 0 55 51
1252 8 1100 0 6 -12851 0 60 0
1253 12 742 609 6 -24 0 51 51
1254 12 742 609 6 -24 0 55 55
1255 8 903 0 -24 -12851 0 60 0
1256 12 609 742 -6 24 0 55 51
1257 12 1100 742 6 -24 0 55 55
1258 12 742 609 -6 24 0 55 51
1259 12 742 903 6 -24 0 55 55
1260 8 742 0 -24 -12851 0 60 0
1261 12 742 903 -6 24 0 51 55
1262 8 500 0 -24 -12851 0 55 0
1263 8 500 0 -6 -12851 0 60 0
1264 8 742 0 24 -12851 0 60 0
1265 8 903 0 -6 -12851 0 55 0
1266 12 742 609 -6 24 0 55 51
1267 8 903 0 -24 -12851 0 60 0
1268 12 903 742 6 -24 0 55 55
1269 12 742 903 6 -24 0 55 51
1270 8 609 0 -24 -12851 0 55 0
1271 12 1100 742 -6 24 0 55 55
1272 8 500 0 24 -12851 0 55 0
1273 12 903 742 6 -24 0 51 51
1274 8 903 0 24 -12851 0 55 0
1275 8 609 0 -24 -12851 0 60 0
1276 8 609 0 -24 -12851 0 55 0
1277 12 742 1100 6 -24 0 55 55
1278 12 742 500 6 -24 0 51 51
1279 8 903 0 24 -12851 0 60 0
1280 8 742 0 -24 -12851 0 60 0
1281 8 1100 0 24 -12851 0 55 0
1282 12 1100 742 -6 24 0 55 55
1283 12 1100 742 6 -24 0 51 51
1284 8 742 0 6 -12851 0 55 0
1285 8 742 0 6 -12851 0 55 0
1286 8 1100 0 24 -12851 0 60 0
1287 8 500 0 -6 -12851 0 60 0
1288 8 1100 0 -24 -12851 0 60 0
1289 8 500 0 24 -12851 0 60 0
1290 12 742 500 6 -24 0 55 55
1291 12 742 609 -6 24 0 55 51
1292 12 742 903 -6 24 0 51 55
1293 12 742 500 6 -24 0 51 51
1294 8 903 0 6 -12851 0 55 0
1295 12 742 903 -6 24 0 55 55
1296 12 742 609 -6 24 0 55 55
1297 8 903 0 -24 -12851 0 55 0
1298 8 500 0 24 -12851 0 60 0
1299 12 903 742 -6 24 0 55 55
1300 8 1100 0 24 -12851 0 55 0
1301 8 500 0 -6 -12851 0 60 0
1302 12 609 742 -6 24 0 51 55
1303 8 903 0 24 -12851 0 60 0
1304 8 903 0 -24 -12851 0 60 0
1305 8 609 0 -6 -12851 0 60 0
1306 8 500 0 6 -12851 0 55 0
1307 8 742 0 6 -12851 0 60 0
1308 8 742 0 -6 -12851 0 55 0
1309 12 903 742 -6 24 0 51 51
1310 8 742 0 24 -12851 0 60 0
1311 12 903 742 -6 24 0 51 51
1312 8 1100 0 24 -12851 0 55 0
1313 8 609 0 -6 -12851 0 60 0
1314 8 609 0 -24 -12851 0 55 0
1315 12 1100 742 -6 24 0 51 51
1316 8 1100 0 24 -12851 0 55 0
1317 12 742 903 -6 24 0 55 55
1318 12 1100 742 6 -24 0 55 55
1319 8 903 0 6 -12851 0 60 0
1320 8 903 0 -24 -12851 0 60 0
1321 8 1100 0 -6 -12851 0 55 0
1322 8 903 0 -6 -12851 0 60 0
1323 8 742 0 -24 -12851 0 55 0
1324 8 1100 0 6 -12851 0 55 0
1325 8 742 0 24 -12851 0 55 0
1326 8 903 0 -6 -12851 0 60 0
1327 8 1100 0 -6 -12851 0 60 0
1328 8 742 0 6 -12851 0 55 0
1329 8 609 0 -24 -12851 0 60 0
1330 8 500 0 -24 -12851 0 55 0
1331 8 500 0 24 -12851 0 55 0
1332 8 500 0 6 -12851 0 55 0
1333 8 609 0 24 -12851 0 60 0
1334 8 609 0 -6 -12851 0 60 0
1335 12 500 742 -6 24 0 55 51
1336 8 609 0 -24 -12851 0 55 0
1337 12 903 742 -6 24 0 55 55
1338 8 609 0 6 -12851 0 55 0
1339 8 1100 0 -24 -12851 0 55 0
1340 8 742 0 -24 -12851 0 60 0
1341 8 609 0 6 -12851 0 55 0
1342 8 609 0 -24 -12851 0 55 0
1343 8 742 0 -6 -12851 0 55 0
1344 12 742 609 6 -24 0 55 51
1345 8 1100 0 -6 -12851 0 55 0
1346 12 742 903 -6 24 0 55 55
1347 8 742 0 -24 -12851 0 55 0
1348 8 903 0 24 -12851 0 55 0
1349 8 1100 0 24 -12851 0 60 0
1350 8 500 0 -6 -12851 0 60 0
1351 12 609 742 6 -24 0 51 55
1352 12 742 500 -6 24 0 55 55
1353 12 742 500 -6 24 0 55 51
1354 12 609 742 -6 24 0 51 51
1355 8 500 0 -24 -12851 0 55 0
1356 12 742 609 -6 24 0 51 51
1357 8 903 0 -6 -12851 0 55 0
1358 8 500 0 -24 -12851 0 55 0
1359 8 903 0 6 -12851 0 55 0
1360 8 609 0 6 -12851 0 55 0
1361 8 609 0 -6 -12851 0 55 0
1362 12 742 500 -6 24 0 51 55
1363 12 903 742 -6 24 0 51 51
1364 12 742 903 6 -24 0 55 55
1365 8 1100 0 6 -12851 0 55 0
1366 8 742 0 -6 -12851 0 55 0
1367 12 903 742 -6 24 0 55 55
1368 12 500 742 6 -24 0 51 51
1369 8 742 0 -6 -12851 0 60 0
1370 12 609 742 6 -24 0 51 55
1371 8 903 0 -24 -12851 0 60 0
1372 8 500 0 -6 -12851 0 55 0
1373 8 609 0 -24 -12851 0 60 0
1374 12 742 500 -6 24 0 55 55
1375 8 500 0 -6 -12851 0 60 0
1376 8 903 0 -24 -12851 0 60 0
1377 12 742 1100 6 -24 0 51 51
1378 8 903 0 -24 -12851 0 55 0
1379 8 500 0 24 -12851 0 60 0
1380 8 609 0 24 -12851 0 55 0
1381 8 742 0 -24 -12851 0 60 0
1382 8 1100 0 24 -12851 0 55 0
1383 12 742 903 -6 24 0 51 51
1384 12 742 500 6 -24 0 51 51
1385 12 609 742 -6 24 0 51 55
1386 8 1100 0 6 -12851 0 60 0
1387 12 1100 742 6 -24 0 51 55
1388 8 903 0 -6 -12851 0 55 0
1389 12 903 742 6 -24 0 51 55
1390 12 742 609 -6 24 0 51 55
1391 12 903 742 6 -24 0 55 51
1392 12 742 500 6 -24 0 55 51
1393 8 903 0 -24 -12851 0 60 0
1394 12 742 903 6 -24 0 55 55
1395 8 609 0 24 -12851 0 55 0
1396 12 609 742 6 -24 0 55 55
1397 8 742 0 24 -12851 0 55 0
1398 12 742 500 6 -24 0 51 55
1399 12 742 609 6 -24 0 55 55
1400 12 742 1100 -6 24 0 51 51
1401 12 609 742 -6 24 0 55 55
1402 12 500 742 -6 24 0 55 55
1403 8 1100 0 -6 -12851 0 60 0
1404 8 1100 0 -24 -12851 0 55 0
1405 8 742 0 24 -12851 0 60 0
1406 8 609 0 -24 -12851 0 55 0
1407 12 742 1100 -6 24 0 55 55
1408 12 742 609 -6 24 0 55 51
1409 12 609 742 6 -24 0 55 55
1410 8 903 0 6 -12851 0 60 0
1411 8 903 0 -24 -12851 0 55 0
1412 8 742 0 24 -12851 0 60 0
1413 12 742 609 -6 24 0 55 55
1414 8 500 0 6 -12851 0 60 0
1415 8 609 0 24 -12851 0 55 0
1416 8 500 0 -6 -12851 0 60 0
1417 12 609 742 6 -24 0 51 55
1418 8 500 0 6 -12851 0 55 0
1419 8 1100 0 -6 -12851 0 55 0
1420 8 609 0 24 -12851 0 60 0
1421 12 742 1100 6 -24 0 55 51
1422 8 609 0 24 -12851 0 60 0
1423 8 742 0 6 -12851 0 60 0
1424 8 609 0 -24 -12851 0 55 0
1425 8 903 0 -6 -12851 0 55 0
1426 8 903 0 -24 -12851 0 55 0
1427 12 903 742 6 -24 0 51 55
1428 12 742 609 6 -24 0 55 51
1429 8 500 0 24 -12851 0 55 0
1430 12 609 742 6 -24 0 55 51
1431 8 742 0 24 -12851 0 60 0
1432 8 903 0 -24 -12851 0 60 0
1433 8 1100 0 -24 -12851 0 55 0
1434 12 1100 742 6 -24 0 55 55
1435 8 500 0 6 -12851 0 60 0
1436 8 742 0 -6 -12851 0 60 0
1437 8 609 0 24 -12851 0 60 0
1438 8 1100 0 24 -12851 0 60 0
1439 8 500 0 -6 -12851 0 55 0
1440 8 1100 0 6 -12851 0 55 0
1441 12 609 742 -6 24 0 51 51
1442 8 903 0 24 -12851 0 60 0
1443 12 903 742 -6 24 0 55 51
1444 12 1100 742 6 -24 0 51 51
1445 8 903 0 -24 -12851 0 55 0
1446 12 742 1100 -6 24 0 55 55
1447 8 903 0 6 -12851 0 55 0
1448 12 742 609 -6 24 0 51 55
1449 12 742 903 -6 24 0 55 51
1450 12 742 1100 -6 24 0 51 51
1451 8 1100 0 -6 -12851 0 55 0
1452 8 903 0 -6 -12851 0 55 0
1453 12 903 742 -6 24 0 55 51
1454 12 903 742 6 -24 0 55 51
1455 8 500 0 -24 -12851 0 55 0
1456 8 500 0 6 -12851 0 55 0
1457 8 609 0 -6 -12851 0 60 0
1458 12 500 742 -6 24 0 55 51
1459 8 1100 0 24 -12851 0 55 0
1460 8 742 0 -24 -12851 0 60 0
1461 12 742 609 6 -24 0 55 55
1462 8 609 0 -6 -12851 0 55 0
1463 12 1100 742 6 -24 0 55 51
1464 8 1100 0 24 -12851 0 60 0
1465 8 742 0 6 -12851 0 55 0
1466 8 500 0 -6 -12851 0 55 0
1467 12 500 742 -6 24 0 55 55
1468 12 609 742 -6 24 0 55 55
1469 12 903 742 6 -24 0 55 55
1470 8 742 0 24 -12851 0 60 0
1471 8 609 0 -6 -12851 0 60 0
1472 12 742 1100 -6 24 0 51 51
1473 8 609 0 6 -12851 0 60 0
1474 12 742 903 6 -24 0 55 51
1475 8 609 0 24 -12851 0 55 0
1476 8 742 0 6 -12851 0 60 0
1477 8 500 0 -24 -12851 0 55 0
1478 8 742 0 6 -12851 0 60 0
1479 8 742 0 -24 -12851 0 60 0
1480 12 742 609 6 -24 0 51 55
1481 8 903 0 -6 -12851 0 60 0
1482 8 903 0 6 -12851 0 60 0
1483 12 903 742 -6 24 0 51 51
1484 8 1100 0 -24 -12851 0 60 0
1485 8 903 0 24 -12851 0 60 0
1486 12 742 609 -6 24 0 55 51
1487 12 742 1100 6 -24 0 55 51
1488 8 500 0 24 -12851 0 60 0
1489 8 1100 0 -24 -12851 0 60 0
1490 8 609 0 -6 -12851 0 55 0
1491 12 742 500 -6 24 0 51 55
1492 8 500 0 24 -12851 0 55 0
1493 8 609 0 -24 -12851 0 60 0
1494 12 742 1100 6 -24 0 51 55
1495 8 1100 0 -6 -12851 0 55 0
1496 12 742 500 -6 24 0 51 51
1497 8 903 0 -6 -12851 0 60 0
1498 8 903 0 24 -12851 0 60 0
1499 8 500 0 6 -12851 0 60 0
1500 8 500 0 24 -12851 0 60 0
1501 8 742 0 -6 -12851 0 60 0
1502 8 609 0 6 -12851 0 60 0
1503 12 903 742 -6 24 0 55 55
1504 8 742 0 24 -12851 0 60 0
1505 12 903 742 -6 24 0 51 51
1506 12 1100 742 -6 24 0 51 51
1507 12 742 609 -6 24 0 51 51
1508 8 1100 0 -6 -12851 0 60 0
1509 8 742 0 6 -12851 0 55 0
1510 8 1100 0 -6 -12851 0 60 0
1511 12 500 742 -6 24 0 51 55
1512 12 903 742 6 -24 0 51 51
1513 8 500 0 -6 -12851 0 55 0
1514 8 903 0 -6 -12851 0 55 0
1515 12 742 609 6 -24 0 55 55
1516 12 742 903 6 -24 0 55 51
1517 8 1100 0 -6 -12851 0 60 0
1518 12 742 903 6 -24 0 55 51
1519 8 903 0 6 -12851 0 55 0
1520 8 609 0 24 -12851 0 55 0
1521 12 903 742 -6 24 0 55 51
1522 12 742 1100 -6 24 0 55 51
1523 8 609 0 -6 -12851 0 60 0
1524 12 742 609 6 -24 0 55 51
1525 8 609 0 6 -12851 0 55 0
1526 8 609 0 -24 -12851 0 60 0
1527 8 609 0 -24 -12851 0 55 0
1528 8 609 0 -6 -12851 0 55 0
1529 8 500 0 -6 -12851 0 55 0
1530 8 500 0 -6 -12851 0 55 0
1531 8 500 0 -6 -12851 0 60 0
1532 8 1100 0 -24 -12851 0 60 0
1533 8 1100 0 6 -12851 0 60 0
1534 8 1100 0 6 -12851 0 60 0
1535 12 500 742 -6 24 0 55 55
1536 12 609 742 -6 24 0 51 51
1537 8 742 0 -6 -12851 0 55 0
1538 12 742 903 -6 24 0 51 55
1539 12 742 609 -6 24 0 55 55
1540 8 742 0 6 -12851 0 60 0
1541 12 742 609 6 -24 0 55 55
1542 8 742 0 6 -12851 0 60 0
1543 8 903 0 24 -12851 0 60 0
1544 12 742 1100 -6 24 0 55 55
1545 8 903 0 -6 -12851 0 60 0
1546 8 903 0 6 -12851 0 60 0
1547 8 1100 0 24 -12851 0 55 0
1548 12 742 609 -6 24 0 51 55
1549 8 1100 0 -24 -12851 0 60 0
1550 8 500 0 -24 -12851 0 60 0
1551 8 742 0 -6 -12851 0 55 0
1552 12 742 609 -6 24 0 51 55
1553 8 609 0 6 -12851 0 55 0
1554 8 1100 0 6 -12851 0 60 0
1555 12 742 903 -6 24 0 55 51
1556 8 609 0 -24 -12851 0 60 0
1557 8 609 0 -6 -12851 0 60 0
1558 12 742 1100 6 -24 0 55 55
1559 12 742 903 6 -24 0 55 51
1560 12 500 742 -6 24 0 55 55
1561 12 1100 742 6 -24 0 51 55
1562 12 500 742 6 -24 0 51 51
1563 8 1100 0 6 -12851 0 60 0
1564 12 609 742 6 -24 0 55 51
1565 8 500 0 6 -12851 0 55 0
1566 12 903 742 6 -24 0 55 55
1567 8 500 0 24 -12851 0 55 0
1568 8 903 0 24 -12851 0 55 0
1569 8 742 0 -24 -12851 0 55 0
1570 12 903 742 -6 24 0 51 51
1571 8 903 0 6 -12851 0 60 0
1572 12 500 742 -6 24 0 51 55
1573 12 500 742 -6 24 0 51 51
1574 8 742 0 -24 -12851 0 55 0
1575 8 903 0 6 -12851 0 60 0
1576 12 903 742 6 -24 0 51 51
1577 12 1100 742 6 -24 0 51 55
1578 8 500 0 -6 -12851 0 60 0
1579 8 500 0 6 -12851 0 60 0
1580 12 1100 742 6 -24 0 51 51
1581 12 609 742 6 -24 0 55 55
1582 8 500 0 -24 -12851 0 55 0
1583 12 609 742 -6 24 0 55 55
1584 8 609 0 24 -12851 0 55 0
1585 8 903 0 6 -12851 0 55 0
1586 8 609 0 -6 -12851 0 55 0
1587 12 742 500 6 -24 0 55 51
1588 8 903 0 -6 -12851 0 55 0
1589 8 500 0 24 -12851 0 55 0
1590 8 1100 0 24 -12851 0 55 0
1591 12 1100 742 -6 24 0 55 51
1592 12 903 742 -6 24 0 51 51
1593 12 903 742 -6 24 0 55 55
1594 12 500 742 -6 24 0 55 55
1595 8 742 0 24 -12851 0 60 0
1596 8 609 0 -24 -12851 0 60 0
1597 8 742 0 6 -12851 0 60 0
1598 12 903 742 -6 24 0 55 51
1599 12 742 609 6 -24 0 55 51
1600 8 742 0 6 -12851 0 60 0
1601 12 742 903 -6 24 0 55 55
1602 8 903 0 -6 -12851 0 55 0
1603 12 742 1100 6 -24 0 51 51
1604 8 1100 0 -24 -12851 0 55 0
1605 8 1100 0 24 -12851 0 55 0
1606 8 742 0 -6 -12851 0 60 0
1607 8 742 0 -24 -12851 0 55 0
1608 12 609 742 -6 24 0 55 51
1609 8 500 0 6 -12851 0 60 0
1610 8 1100 0 6 -12851 0 55 0
1611 12 1100 742 -6 24 0 55 51
1612 8 903 0 -6 -12851 0 55 0
1613 12 742 609 -6 24 0 51 55
1614 8 1100 0 -24 -12851 0 55 0
1615 8 903 0 -24 -12851 0 60 0
1616 12 903 742 6 -24 0 55 51
1617 12 742 500 6 -24 0 55 51
1618 8 500 0 -6 -12851 0 60 0
1619 8 1100 0 -24 -12851 0 60 0
1620 12 742 1100 -6 24 0 51 51
1621 12 903 742 -6 24 0 51 51
1622 8 742 0 -6 -12851 0 60 0
1623 8 609 0 6 -12851 0 55 0
1624 8 903 0 -24 -12851 0 60 0
