247 12 742 609 -6 24 0 55 51
248 12 500 742 6 -24 0 51 51
249 8 742 0 6 -12851 0 55 0
250 12 609 742 -6 24 1 55 55
251 12 742 903 -6 24 1 51 51
252 8 742 0 24 -12851 1 55 0
253 8 500 0 24 -12851 1 60 0
254 8 1100 0 -6 -12851 1 55 0
255 8 500 0 24 -12851 1 60 0
256 8 903 0 24 -12851 1 60 0
257 8 609 0 -6 -12851 1 55 0
258 12 1100 742 6 -24 0 55 55
259 8 1100 0 24 -12851 1 55 0
260 8 903 0 -24 -12851 1 60 0
261 12 742 1100 6 -24 0 51 51
262 8 500 0 -6 -12851 1 60 0
263 8 609 0 -24 -12851 1 55 0
264 12 742 903 -6 24 1 51 51
265 12 609 742 6 -24 0 51 51
266 8 903 0 -24 -12851 0 55 0
267 8 609 0 6 -12851 1 60 0
268 12 742 1100 -6 24 1 51 55
269 12 742 609 -6 24 1 55 55
270 12 742 1100 -6 24 1 51 55
271 8 609 0 6 -12851 1 60 0
272 8 742 0 24 -12851 1 55 0
273 12 500 742 6 -24 0 55 51
274 8 1100 0 6 -12851 1 55 0
275 8 609 0 -24 -12851 0 55 0
276 8 609 0 -24 -12851 1 55 0
277 8 742 0 6 -12851 1 55 0
278 12 1100 742 6 -24 0 55 51
279 12 742 500 6 -24 1 51 55
280 12 500 742 6 -24 1 55 51
281 8 500 0 24 -12851 1 60 0
282 12 1100 742 6 -24 1 51 55
283 8 903 0 -6 -12851 1 60 0
284 8 903 0 6 -12851 1 60 0
285 8 1100 0 -24 -12851 1 55 0
286 8 903 0 -6 -12851 1 60 0
287 8 742 0 24 -12851 1 60 0
288 8 500 0 -24 -12851 1 55 0
289 8 1100 0 24 -12851 1 60 0
290 8 500 0 -24 -12851 1 60 0
291 12 500 742 6 -24 1 51 55
292 12 609 742 6 -24 1 51 55
293 8 742 0 24 -12851 1 55 0
294 8 742 0 24 -12851 1 55 0
295 8 609 0 -6 -12851 0 60 0
296 12 742 609 -6 24 0 51 55
297 8 1100 0 -24 -12851 1 60 0
298 8 609 0 6 -12851 1 60 0
299 8 742 0 6 -12851 1 60 0
300 8 500 0 6 -12851 1 55 0
301 8 500 0 -24 -12851 1 60 0
302 8 1100 0 -24 -12851 1 60 0
303 12 903 742 6 -24 0 51 51
304 8 1100 0 -24 -12851 0 55 0
305 12 742 1100 -6 24 1 51 51
306 8 742 0 -6 -12851 1 60 0
307 12 609 742 6 -24 0 51 51
308 12 500 742 -6 24 1 55 55
309 12 903 742 6 -24 0 51 51
310 8 609 0 -6 -12851 1 55 0
311 8 903 0 24 -12851 1 60 0
312 8 500 0 -6 -12851 1 55 0
313 8 903 0 -24 -12851 0 55 0
314 12 742 500 -6 24 1 55 55
315 12 500 742 -6 24 1 55 51
316 8 903 0 6 -12851 1 60 0
317 12 742 500 6 -24 1 55 51
318 12 742 609 6 -24 1 55 51
319 8 903 0 24 -12851 1 60 0
320 12 1100 742 6 -24 1 51 51
321 12 609 742 6 -24 0 51 51
322 12 742 609 -6 24 1 55 55
323 12 903 742 6 -24 1 55 55
324 8 903 0 6 -12851 1 60 0
325 12 500 742 -6 24 1 55 51
326 8 742 0 -6 -12851 1 55 0
327 8 1100 0 24 -12851 1 60 0
328 12 742 1100 -6 24 0 51 51
329 8 500 0 -24 -12851 0 55 0
330 8 500 0 24 -12851 1 60 0
331 8 742 0 -24 -12851 0 60 0
332 8 903 0 -24 -12851 0 60 0
333 8 742 0 24 -12851 1 60 0
334 12 742 1100 6 -24 1 51 55
335 8 903 0 6 -12851 1 55 0
336 8 500 0 -6 -12851 0 60 0
337 8 1100 0 -6 -12851 1 60 0
338 8 609 0 -24 -12851 1 55 0
339 8 1100 0 6 -12851 0 60 0
340 12 742 1100 6 -24 0 51 55
341 8 609 0 -6 -12851 0 60 0
342 12 742 609 6 -24 0 51 51
343 12 742 903 6 -24 1 55 55
344 8 609 0 24 -12851 1 55 0
345 12 903 742 -6 24 0 51 51
346 12 609 742 -6 24 0 55 51
347 8 742 0 24 -12851 1 60 0
348 8 742 0 6 -12851 1 60 0
349 8 742 0 24 -12851 1 55 0
350 8 500 0 -24 -12851 0 60 0
351 8 742 0 6 -12851 1 55 0
352 8 903 0 6 -12851 1 60 0
353 12 742 609 -6 24 1 55 51
354 12 500 742 6 -24 1 51 55
355 12 1100 742 6 -24 1 55 55
356 8 500 0 -6 -12851 1 60 0
357 12 742 609 6 -24 1 55 51
358 8 609 0 24 -12851 0 55 0
359 12 742 500 -6 24 1 51 55
360 8 1100 0 6 -12851 1 55 0
361 8 1100 0 -24 -12851 1 60 0
362 12 500 742 -6 24 0 51 51
363 8 500 0 -24 -12851 1 60 0
364 8 1100 0 -6 -12851 0 55 0
365 8 609 0 -6 -12851 1 55 0
366 12 609 742 -6 24 0 55 51
367 8 903 0 6 -12851 0 55 0
368 8 609 0 6 -12851 1 55 0
369 8 903 0 6 -12851 1 60 0
370 8 1100 0 -24 -12851 1 60 0
371 8 1100 0 6 -12851 1 55 0
372 12 742 500 6 -24 0 55 51
373 12 609 742 -6 24 0 51 51
374 12 742 1100 -6 24 1 51 51
375 8 903 0 -24 -12851 1 55 0
376 8 500 0 -6 -12851 1 55 0
377 8 742 0 -24 -12851 1 55 0
378 8 903 0 24 -12851 1 55 0
379 8 903 0 6 -12851 1 60 0
380 8 500 0 24 -12851 1 60 0
381 8 609 0 6 -12851 1 60 0
382 12 742 903 6 -24 1 55 51
383 12 500 742 -6 24 1 51 51
384 8 500 0 6 -12851 1 55 0
385 8 742 0 -6 -12851 0 60 0
386 8 609 0 -24 -12851 0 55 0
387 8 609 0 24 -12851 0 55 0
388 8 742 0 6 -12851 1 55 0
389 8 1100 0 -24 -12851 0 60 0
390 12 742 903 -6 24 1 51 55
391 8 1100 0 -24 -12851 0 60 0
392 8 500 0 24 -12851 0 60 0
393 8 500 0 -6 -12851 0 60 0
394 12 903 742 -6 24 0 55 51
395 8 500 0 24 -12851 1 60 0
396 8 742 0 6 -12851 0 60 0
397 12 742 500 6 -24 0 51 55
398 8 1100 0 -6 -12851 0 55 0
399 8 903 0 6 -12851 0 55 0
400 12 742 1100 -6 24 1 51 51
401 8 742 0 -6 -12851 1 60 0
402 12 609 742 -6 24 1 51 51
403 8 1100 0 6 -12851 1 60 0
404 8 903 0 -24 -12851 0 55 0
405 12 742 500 6 -24 1 55 51
406 8 609 0 -24 -12851 1 55 0
407 8 903 0 -24 -12851 1 55 0
408 12 609 742 -6 24 1 51 55
409 12 742 1100 -6 24 1 55 51
410 12 742 500 6 -24 1 55 51
411 12 742 500 -6 24 1 55 55
412 8 500 0 -6 -12851 1 60 0
413 8 609 0 -6 -12851 1 60 0
414 8 1100 0 -6 -12851 1 55 0
415 8 609 0 -6 -12851 1 60 0
416 8 742 0 -24 -12851 1 55 0
417 8 903 0 24 -12851 1 55 0
418 8 903 0 -24 -12851 0 55 0
419 12 1100 742 6 -24 0 55 55
420 12 742 1100 -6 24 1 51 51
421 8 903 0 6 -12851 0 55 0
422 12 742 609 -6 24 1 55 55
423 8 609 0 -24 -12851 1 55 0
424 8 1100 0 -6 -12851 1 60 0
425 8 903 0 -6 -12851 1 55 0
426 12 742 903 6 -24 1 55 51
427 12 742 609 6 -24 0 55 51
428 8 1100 0 6 -12851 1 60 0
429 8 609 0 6 -12851 1 60 0
430 12 903 742 -6 24 1 55 55
431 12 742 500 6 -24 0 55 51
432 8 609 0 24 -12851 1 55 0
433 12 742 1100 -6 24 0 55 55
434 8 742 0 6 -12851 1 55 0
435 12 1100 742 6 -24 1 51 51
436 12 742 500 6 -24 1 55 55
437 12 903 742 -6 24 1 55 55
438 8 742 0 6 -12851 1 55 0
439 8 742 0 24 -12851 1 55 0
440 8 1100 0 24 -12851 1 60 0
441 12 742 1100 6 -24 0 55 55
442 8 500 0 24 -12851 1 55 0
443 12 742 1100 -6 24 0 51 51
444 8 500 0 6 -12851 1 60 0
445 8 500 0 -24 -12851 1 55 0
446 12 500 742 6 -24 1 55 55
447 12 742 903 -6 24 1 51 51
448 8 903 0 6 -12851 1 60 0
449 8 903 0 -24 -12851 0 55 0
450 12 742 609 6 -24 0 55 51
451 8 903 0 6 -12851 1 60 0
452 12 742 1100 -6 24 1 51 51
453 8 500 0 6 -12851 1 55 0
454 8 609 0 -24 -12851 0 55 0
455 8 609 0 24 -12851 1 55 0
456 8 609 0 -24 -12851 1 60 0
457 8 1100 0 -6 -12851 1 55 0
458 8 903 0 6 -12851 0 55 0
459 8 742 0 -6 -12851 1 60 0
460 12 1100 742 -6 24 1 55 51
461 8 1100 0 -24 -12851 1 60 0
462 8 742 0 -24 -12851 1 55 0
463 12 609 742 -6 24 0 51 55
464 8 742 0 -24 -12851 1 55 0
465 12 742 1100 -6 24 1 55 51
466 12 742 903 6 -24 1 51 51
467 8 500 0 24 -12851 1 55 0
468 8 500 0 24 -12851 1 60 0
469 8 1100 0 -6 -12851 0 55 0
470 8 500 0 -6 -12851 1 60 0
471 8 500 0 -24 -12851 1 55 0
472 12 500 742 -6 24 1 51 51
473 8 903 0 6 -12851 1 55 0
474 8 742 0 -24 -12851 0 60 0
475 8 742 0 -6 -12851 1 60 0
476 12 742 500 6 -24 0 51 51
477 8 609 0 -24 -12851 1 55 0
478 8 609 0 6 -12851 1 55 0
479 8 609 0 24 -12851 0 60 0
480 12 742 1100 6 -24 0 51 55
481 8 742 0 6 -12851 0 55 0
482 12 903 742 -6 24 1 55 55
483 8 903 0 -6 -12851 1 55 0
484 8 903 0 -6 -12851 1 55 0
485 12 742 1100 6 -24 0 51 51
486 8 500 0 -6 -12851 1 60 0
487 8 1100 0 -24 -12851 1 55 0
488 8 1100 0 24 -12851 1 60 0
489 8 500 0 24 -12851 1 55 0
490 12 903 742 -6 24 1 51 55
491 8 1100 0 -24 -12851 0 55 0
492 8 903 0 -24 -12851 1 60 0
493 8 903 0 -6 -12851 1 60 0
494 12 742 500 6 -24 1 51 51
495 12 1100 742 6 -24 1 55 55
496 8 742 0 -24 -12851 1 55 0
497 8 609 0 24 -12851 1 60 0
498 12 500 742 6 -24 0 51 55
499 8 609 0 6 -12851 1 60 0
500 8 609 0 24 -12851 1 55 0
501 8 500 0 -6 -12851 1 60 0
502 12 903 742 -6 24 0 51 51
503 8 500 0 -6 -12851 0 60 0
504 8 500 0 24 -12851 1 60 0
505 8 903 0 6 -12851 1 55 0
506 12 742 609 6 -24 1 51 51
507 8 1100 0 6 -12851 1 60 0
508 8 1100 0 6 -12851 0 60 0
509 12 1100 742 -6 24 0 55 51
510 8 903 0 24 -12851 1 60 0
511 8 742 0 6 -12851 1 60 0
512 8 1100 0 -6 -12851 1 60 0
513 8 742 0 6 -12851 1 60 0
514 8 500 0 -24 -12851 0 60 0
515 8 500 0 24 -12851 1 60 0
516 8 1100 0 24 -12851 1 60 0
517 8 1100 0 -24 -12851 1 60 0
518 12 609 742 -6 24 0 51 55
519 12 1100 742 -6 24 0 55 51
520 12 742 1100 -6 24 0 55 51
521 8 1100 0 -24 -12851 1 55 0
522 8 742 0 -6 -12851 1 60 0
523 8 903 0 24 -12851 1 60 0
524 8 903 0 -24 -12851 0 55 0
525 8 609 0 -6 -12851 1 60 0
526 8 609 0 6 -12851 0 55 0
527 8 742 0 24 -12851 1 55 0
528 8 903 0 -6 -12851 0 55 0
529 8 500 0 -6 -12851 1 60 0
530 12 742 903 6 -24 0 51 51
531 8 609 0 -6 -12851 0 55 0
532 8 742 0 6 -12851 1 60 0
533 8 500 0 6 -12851 1 60 0
534 8 903 0 -6 -12851 1 55 0
535 12 903 742 -6 24 1 51 51
536 8 903 0 24 -12851 0 60 0
537 12 609 742 -6 24 1 55 51
538 12 500 742 6 -24 0 55 55
539 12 903 742 6 -24 0 55 55
540 8 1100 0 24 -12851 1 60 0
541 8 609 0 -6 -12851 0 55 0
542 12 742 500 -6 24 1 55 55
543 8 609 0 -24 -12851 0 55 0
544 8 903 0 -24 -12851 1 60 0
545 12 903 742 -6 24 0 51 55
546 8 609 0 6 -12851 1 60 0
547 12 742 500 -6 24 0 55 51
548 8 742 0 6 -12851 1 60 0
549 12 742 1100 -6 24 0 51 51
550 8 1100 0 -24 -12851 1 60 0
551 12 742 1100 -6 24 0 51 55
552 12 742 500 -6 24 1 51 51
553 8 1100 0 24 -12851 0 60 0
554 8 500 0 -24 -12851 0 60 0
555 8 742 0 6 -12851 0 55 0
556 12 742 903 6 -24 0 55 55
557 8 500 0 -24 -12851 1 60 0
558 8 500 0 24 -12851 1 60 0
559 8 903 0 -6 -12851 1 55 0
560 12 742 1100 6 -24 1 51 51
561 12 609 742 -6 24 1 55 51
562 8 742 0 6 -12851 1 55 0
563 8 1100 0 -6 -12851 0 55 0
564 12 1100 742 -6 24 1 51 51
565 8 1100 0 6 -12851 1 55 0
566 8 742 0 -6 -12851 0 55 0
567 8 742 0 6 -12851 0 60 0
568 12 1100 742 -6 24 0 55 55
569 12 1100 742 -6 24 0 51 55
570 8 903 0 -6 -12851 1 60 0
571 8 500 0 -6 -12851 1 55 0
572 8 500 0 -24 -12851 1 60 0
573 8 742 0 -6 -12851 1 60 0
574 12 742 1100 6 -24 1 55 55
575 8 500 0 6 -12851 1 55 0
576 12 500 742 -6 24 1 55 51
577 8 609 0 -6 -12851 1 55 0
578 8 1100 0 6 -12851 1 60 0
579 8 1100 0 -6 -12851 0 55 0
580 8 609 0 24 -12851 1 60 0
581 12 609 742 -6 24 0 55 51
582 8 903 0 -6 -12851 1 60 0
583 8 609 0 -24 -12851 0 60 0
584 12 742 903 -6 24 1 55 55
585 8 903 0 -6 -12851 1 60 0
586 12 742 903 6 -24 1 55 55
587 8 1100 0 24 -12851 1 60 0
588 8 1100 0 -24 -12851 1 60 0
589 8 1100 0 6 -12851 1 55 0
590 12 609 742 6 -24 1 55 55
591 12 500 742 6 -24 0 51 55
592 12 609 742 6 -24 1 55 51
593 12 742 903 6 -24 0 55 51
594 8 742 0 -24 -12851 1 60 0
595 8 500 0 -24 -12851 1 55 0
596 8 742 0 -6 -12851 1 55 0
597 12 742 500 -6 24 1 55 51
598 12 609 742 6 -24 0 55 51
599 8 903 0 -6 -12851 0 60 0
600 12 742 903 6 -24 0 51 51
601 12 1100 742 6 -24 1 51 55
602 12 742 903 6 -24 0 55 51
603 8 609 0 -24 -12851 1 60 0
604 8 1100 0 6 -12851 1 55 0
605 8 609 0 24 -12851 0 60 0
606 12 742 1100 -6 24 1 51 51
607 12 742 500 -6 24 0 51 51
608 8 903 0 -6 -12851 1 60 0
609 12 742 903 -6 24 1 55 51
610 8 609 0 -6 -12851 1 55 0
611 12 742 500 -6 24 1 55 55
612 8 742 0 24 -12851 1 60 0
613 8 903 0 -24 -12851 1 55 0
614 8 500 0 -6 -12851 0 60 0
615 8 500 0 6 -12851 0 60 0
616 8 609 0 -6 -12851 0 60 0
617 8 609 0 -6 -12851 0 55 0
618 8 742 0 -6 -12851 0 55 0
619 8 1100 0 24 -12851 0 60 0
620 8 742 0 24 -12851 0 60 0
621 12 903 742 -6 24 0 55 51
622 8 742 0 24 -12851 0 55 0
623 8 500 0 -6 -12851 0 60 0
624 8 1100 0 6 -12851 0 55 0
625 8 500 0 -6 -12851 0 55 0
626 8 903 0 -24 -12851 0 60 0
627 8 609 0 6 -12851 0 60 0
628 8 1100 0 -6 -12851 0 60 0
629 12 742 1100 -6 24 0 55 51
630 8 903 0 -6 -12851 0 55 0
631 8 500 0 -24 -12851 0 55 0
632 12 609 742 -6 24 0 51 51
633 8 609 0 -24 -12851 0 60 0
634 12 742 609 -6 24 0 51 51
635 12 742 609 6 -24 0 55 55
636 8 903 0 24 -12851 0 60 0
637 8 742 0 -24 -12851 1 55 0
638 8 742 0 -6 -12851 0 60 0
639 12 1100 742 6 -24 1 55 51
640 8 609 0 6 -12851 1 60 0
641 8 742 0 6 -12851 1 55 0
642 12 609 742 -6 24 1 51 55
643 8 500 0 -6 -12851 1 60 0
644 12 742 903 6 -24 1 51 55
645 8 500 0 24 -12851 1 55 0
646 8 609 0 6 -12851 1 55 0
647 8 1100 0 24 -12851 1 55 0
648 8 609 0 -24 -12851 1 60 0
649 8 1100 0 -6 -12851 1 60 0
650 8 903 0 24 -12851 1 60 0
651 12 609 742 -6 24 0 51 51
652 12 903 742 -6 24 0 55 51
653 8 903 0 -6 -12851 1 55 0
654 12 1100 742 -6 24 0 55 51
655 12 742 1100 -6 24 1 55 51
656 8 1100 0 -6 -12851 0 55 0
657 8 903 0 -6 -12851 1 55 0
658 12 903 742 6 -24 1 55 55
659 12 742 500 6 -24 0 55 55
660 8 742 0 -24 -12851 1 60 0
661 8 500 0 -24 -12851 0 60 0
662 8 742 0 6 -12851 0 60 0
663 8 742 0 -6 -12851 1 55 0
664 12 742 500 -6 24 1 55 55
665 8 609 0 -6 -12851 0 60 0
666 8 903 0 -24 -12851 1 60 0
667 12 742 1100 6 -24 1 55 51
668 8 609 0 -24 -12851 1 60 0
669 8 742 0 6 -12851 1 55 0
670 12 1100 742 -6 24 1 51 51
671 8 609 0 -6 -12851 0 55 0
672 8 903 0 24 -12851 1 60 0
673 8 742 0 -24 -12851 1 55 0
674 12 903 742 6 -24 1 51 51
675 8 1100 0 24 -12851 1 60 0
676 8 500 0 24 -12851 1 55 0
677 12 609 742 6 -24 1 55 55
678 8 500 0 6 -12851 1 60 0
679 8 903 0 24 -12851 0 60 0
680 8 1100 0 -6 -12851 1 60 0
681 12 742 1100 6 -24 1 51 51
682 8 1100 0 -24 -12851 1 60 0
683 8 500 0 -24 -12851 1 60 0
684 12 500 742 -6 24 1 55 55
685 12 1100 742 6 -24 1 51 51
686 8 903 0 6 -12851 1 60 0
687 8 903 0 6 -12851 0 60 0
688 8 903 0 6 -12851 0 60 0
689 8 609 0 24 -12851 1 60 0
690 8 1100 0 24 -12851 1 60 0
691 8 903 0 -6 -12851 0 60 0
692 8 1100 0 6 -12851 1 60 0
693 12 903 742 6 -24 0 51 51
694 12 742 609 -6 24 1 51 51
695 8 609 0 -6 -12851 1 60 0
696 12 742 1100 6 -24 0 55 55
697 8 609 0 6 -12851 1 60 0
698 8 742 0 -24 -12851 0 60 0
699 8 742 0 24 -12851 1 55 0
700 12 742 500 6 -24 0 51 51
701 8 742 0 6 -12851 1 55 0
702 8 1100 0 6 -12851 0 55 0
703 12 903 742 -6 24 0 55 55
704 12 742 609 6 -24 1 55 51
705 8 500 0 -24 -12851 1 60 0
706 8 500 0 24 -12851 1 60 0
707 8 500 0 -24 -12851 0 60 0
708 12 609 742 6 -24 1 55 51
709 12 1100 742 -6 24 0 55 55
710 12 1100 742 -6 24 1 51 51
711 8 903 0 -6 -12851 1 55 0
712 8 903 0 24 -12851 1 55 0
713 8 609 0 24 -12851 0 55 0
714 12 742 1100 6 -24 1 55 51
715 8 903 0 -24 -12851 1 55 0
716 12 500 742 -6 24 1 51 51
717 12 742 1100 6 -24 0 55 51
718 8 742 0 24 -12851 1 60 0
719 8 903 0 6 -12851 1 55 0
720 8 609 0 24 -12851 0 60 0
721 12 742 1100 6 -24 0 55 51
722 8 1100 0 -24 -12851 1 55 0
723 12 742 1100 -6 24 1 51 55
724 12 742 1100 6 -24 1 51 51
725 8 500 0 -6 -12851 0 55 0
726 12 609 742 -6 24 1 55 55
727 12 742 609 6 -24 0 55 55
728 8 742 0 24 -12851 1 55 0
729 8 609 0 6 -12851 0 55 0
730 8 1100 0 6 -12851 1 55 0
731 8 1100 0 -6 -12851 1 55 0
732 8 500 0 -24 -12851 1 55 0
733 8 500 0 -6 -12851 1 55 0
734 8 742 0 24 -12851 1 60 0
735 8 742 0 -24 -12851 0 55 0
736 8 742 0 24 -12851 1 55 0
737 12 903 742 -6 24 1 55 55
738 12 500 742 -6 24 0 51 51
739 12 903 742 6 -24 1 51 51
740 12 500 742 6 -24 0 55 51
741 8 609 0 -6 -12851 1 60 0
742 8 742 0 -6 -12851 0 60 0
743 12 742 500 6 -24 0 55 55
744 12 609 742 6 -24 1 55 55
745 12 609 742 6 -24 1 55 55
746 8 500 0 6 -12851 1 60 0
747 8 903 0 24 -12851 1 55 0
748 8 1100 0 -24 -12851 0 55 0
749 12 742 903 -6 24 0 51 55
750 8 500 0 6 -12851 1 55 0
751 12 742 609 6 -24 1 51 55
752 8 609 0 -24 -12851 1 60 0
753 12 742 903 -6 24 0 55 51
754 12 742 500 6 -24 0 55 51
755 12 742 609 6 -24 1 55 51
756 8 609 0 -6 -12851 1 55 0
757 12 742 1100 6 -24 0 51 55
758 8 1100 0 6 -12851 1 60 0
759 12 1100 742 -6 24 1 55 55
760 8 1100 0 -6 -12851 0 55 0
761 8 742 0 24 -12851 1 55 0
762 8 903 0 -6 -12851 0 60 0
763 8 903 0 -24 -12851 0 60 0
764 8 500 0 -6 -12851 1 55 0
765 8 609 0 -6 -12851 1 60 0
766 8 609 0 24 -12851 1 55 0
767 8 609 0 -24 -12851 0 60 0
768 8 609 0 -6 -12851 1 55 0
769 8 1100 0 24 -12851 1 60 0
770 12 742 903 6 -24 0 55 55
771 12 742 609 6 -24 0 51 55
772 8 1100 0 6 -12851 0 55 0
773 8 1100 0 -6 -12851 0 55 0
774 12 742 1100 -6 24 0 55 55
775 8 500 0 -24 -12851 1 55 0
776 12 1100 742 -6 24 1 51 51
777 12 742 500 6 -24 0 51 51
778 8 500 0 -6 -12851 0 55 0
779 12 609 742 -6 24 0 51 51
780 8 742 0 6 -12851 1 60 0
781 8 500 0 6 -12851 1 55 0
782 8 742 0 -24 -12851 1 55 0
783 12 742 500 6 -24 1 51 51
784 8 903 0 -6 -12851 1 55 0
785 8 742 0 6 -12851 1 55 0
786 12 609 742 -6 24 0 55 51
787 8 903 0 -6 -12851 1 60 0
788 12 742 609 -6 24 0 51 51
789 12 903 742 6 -24 0 55 51
790 8 903 0 6 -12851 1 60 0
791 8 903 0 24 -12851 1 60 0
792 8 903 0 -24 -12851 0 60 0
793 12 742 500 6 -24 0 51 51
794 8 609 0 -6 -12851 0 55 0
795 8 903 0 -24 -12851 0 55 0
796 8 742 0 24 -12851 0 60 0
797 8 903 0 24 -12851 0 55 0
798 12 1100 742 6 -24 0 55 55
799 8 609 0 -24 -12851 0 55 0
800 12 1100 742 -6 24 0 51 51
801 8 1100 0 -24 -12851 1 55 0
802 12 903 742 6 -24 0 55 51
803 8 500 0 24 -12851 1 55 0
804 8 742 0 -24 -12851 0 55 0
805 8 609 0 -24 -12851 1 55 0
806 8 1100 0 -6 -12851 0 55 0
807 8 1100 0 24 -12851 0 55 0
808 8 500 0 6 -12851 0 60 0
809 12 742 609 -6 24 0 55 55
810 8 500 0 -6 -12851 1 60 0
811 8 742 0 -6 -12851 1 55 0
812 12 742 500 6 -24 0 55 55
813 8 903 0 24 -12851 1 55 0
814 8 903 0 -6 -12851 0 60 0
815 8 742 0 24 -12851 1 55 0
816 12 742 1100 -6 24 1 55 55
817 12 742 609 -6 24 0 55 55
818 12 903 742 6 -24 1 55 55
819 12 742 903 6 -24 1 55 51
820 12 500 742 -6 24 1 55 51
821 8 1100 0 -6 -12851 0 60 0
822 8 903 0 -24 -12851 1 60 0
823 12 903 742 6 -24 1 51 51
824 12 609 742 -6 24 0 51 55
825 12 742 1100 6 -24 0 51 55
826 8 742 0 -24 -12851 0 60 0
827 12 1100 742 -6 24 0 55 55
828 12 742 609 -6 24 0 51 51
829 8 1100 0 6 -12851 1 60 0
830 12 903 742 6 -24 1 55 55
831 12 742 500 6 -24 1 51 51
832 8 1100 0 -24 -12851 0 55 0
833 8 742 0 6 -12851 1 55 0
834 12 500 742 6 -24 1 51 51
835 8 500 0 -6 -12851 0 60 0
836 12 742 903 6 -24 0 55 55
837 8 609 0 -6 -12851 1 60 0
838 12 500 742 6 -24 0 51 55
839 12 1100 742 -6 24 1 51 51
840 12 903 742 6 -24 1 51 51
841 8 903 0 -24 -12851 1 60 0
842 8 500 0 -6 -12851 0 55 0
843 12 609 742 6 -24 0 55 55
844 12 903 742 -6 24 0 51 51
845 12 742 609 -6 24 1 55 51
846 8 500 0 24 -12851 0 60 0
847 12 500 742 -6 24 1 51 51
848 8 609 0 6 -12851 0 60 0
849 12 742 500 6 -24 1 55 51
850 8 609 0 24 -12851 1 60 0
851 8 1100 0 6 -12851 0 55 0
852 8 1100 0 6 -12851 1 60 0
853 8 1100 0 -24 -12851 1 55 0
854 8 500 0 -6 -12851 0 55 0
855 12 742 609 -6 24 1 55 51
856 8 903 0 24 -12851 0 55 0
857 8 1100 0 24 -12851 1 60 0
858 12 742 500 -6 24 0 55 55
859 12 903 742 6 -24 1 55 55
860 12 742 903 6 -24 0 55 55
861 8 500 0 24 -12851 1 60 0
862 8 609 0 24 -12851 0 55 0
863 8 903 0 -6 -12851 1 60 0
864 8 742 0 6 -12851 0 60 0
865 8 609 0 6 -12851 1 55 0
866 8 609 0 6 -12851 0 60 0
867 12 742 500 6 -24 0 55 51
868 8 903 0 -24 -12851 1 60 0
869 12 742 609 -6 24 0 55 51
870 12 742 609 6 -24 1 55 55
871 8 742 0 24 -12851 1 60 0
872 8 742 0 6 -12851 0 55 0
873 8 500 0 24 -12851 1 55 0
874 8 742 0 -24 -12851 1 60 0
875 12 742 1100 6 -24 0 51 55
876 8 742 0 24 -12851 1 55 0
877 12 1100 742 6 -24 0 51 55
878 12 742 500 -6 24 1 51 51
879 8 742 0 24 -12851 1 55 0
880 12 903 742 6 -24 0 55 55
881 12 742 1100 -6 24 1 51 51
882 8 500 0 -6 -12851 1 55 0
883 8 742 0 6 -12851 1 55 0
884 8 903 0 24 -12851 1 60 0
885 12 1100 742 6 -24 0 55 55
886 8 500 0 6 -12851 1 55 0
887 8 609 0 -6 -12851 0 60 0
888 8 1100 0 -24 -12851 0 60 0
889 12 609 742 -6 24 0 55 55
890 8 1100 0 -6 -12851 1 55 0
891 12 742 609 6 -24 0 55 55
892 12 742 500 6 -24 0 55 51
893 12 742 903 -6 24 0 51 51
894 12 500 742 6 -24 0 55 51
895 8 500 0 -6 -12851 1 60 0
896 12 742 1100 6 -24 1 55 51
897 8 1100 0 6 -12851 1 60 0
898 12 1100 742 6 -24 0 51 55
899 8 609 0 24 -12851 1 55 0
900 8 903 0 6 -12851 0 55 0
901 12 742 609 6 -24 0 55 51
902 8 609 0 6 -12851 1 60 0
903 12 1100 742 -6 24 0 55 55
904 12 1100 742 6 -24 0 55 55
905 8 903 0 -6 -12851 1 55 0
906 12 1100 742 6 -24 0 55 55
907 8 1100 0 24 -12851 1 60 0
908 8 1100 0 6 -12851 1 60 0
909 8 903 0 -24 -12851 0 55 0
910 12 500 742 -6 24 0 51 51
911 12 742 500 6 -24 1 51 55
912 12 1100 742 6 -24 1 55 51
913 8 903 0 -24 -12851 1 60 0
914 12 742 609 6 -24 0 51 51
915 12 742 609 -6 24 1 55 51
916 8 1100 0 24 -12851 1 55 0
917 12 609 742 -6 24 0 55 55
918 8 609 0 -24 -12851 1 55 0
919 12 903 742 6 -24 0 51 51
920 8 500 0 6 -12851 1 60 0
921 8 742 0 -24 -12851 0 60 0
922 8 742 0 -6 -12851 1 60 0
923 8 609 0 -24 -12851 0 55 0
924 8 742 0 24 -12851 1 55 0
925 8 500 0 6 -12851 0 55 0
926 12 742 903 -6 24 1 51 55
927 8 1100 0 -24 -12851 0 55 0
928 8 609 0 6 -12851 1 55 0
929 8 903 0 -6 -12851 1 55 0
930 12 1100 742 6 -24 0 55 51
931 8 500 0 -24 -12851 0 60 0
932 8 609 0 -24 -12851 1 60 0
933 8 609 0 24 -12851 1 55 0
934 8 609 0 24 -12851 1 55 0
935 12 609 742 -6 24 1 55 51
936 8 609 0 -24 -12851 1 55 0
937 12 742 1100 6 -24 0 55 51
938 12 609 742 -6 24 0 51 55
939 8 1100 0 24 -12851 0 55 0
940 12 609 742 -6 24 0 55 55
941 12 500 742 6 -24 0 55 51
942 8 1100 0 -6 -12851 0 60 0
943 12 742 500 -6 24 0 51 51
944 12 742 903 -6 24 0 55 55
945 8 1100 0 6 -12851 0 55 0
946 12 609 742 -6 24 0 51 51
947 8 500 0 6 -12851 0 60 0
948 8 500 0 24 -12851 0 60 0
949 8 742 0 -6 -12851 1 55 0
950 12 742 903 -6 24 0 51 55
951 12 903 742 -6 24 0 55 55
952 8 500 0 6 -12851 1 55 0
953 8 742 0 24 -12851 1 55 0
954 8 903 0 24 -12851 0 60 0
955 8 742 0 -6 -12851 1 55 0
956 8 903 0 -6 -12851 0 60 0
957 12 742 1100 6 -24 1 55 51
958 12 500 742 -6 24 1 51 55
959 12 609 742 6 -24 0 55 51
960 12 742 903 6 -24 1 51 51
961 8 903 0 -24 -12851 1 55 0
962 8 500 0 24 -12851 1 55 0
963 12 742 500 6 -24 0 51 51
964 12 742 609 6 -24 0 51 55
965 8 500 0 24 -12851 1 60 0
966 8 903 0 24 -12851 0 55 0
967 12 903 742 -6 24 1 51 51
968 12 1100 742 6 -24 1 55 55
969 8 1100 0 -24 -12851 1 55 0
970 8 742 0 -6 -12851 1 60 0
971 12 742 903 6 -24 1 55 55
972 12 500 742 -6 24 0 51 55
973 12 742 500 -6 24 1 55 51
974 8 500 0 24 -12851 1 55 0
975 12 742 500 6 -24 1 55 55
976 8 609 0 -24 -12851 1 55 0
977 8 500 0 6 -12851 1 60 0
978 12 742 1100 6 -24 0 55 55
979 12 903 742 -6 24 0 55 55
980 12 742 903 -6 24 1 55 51
981 12 742 1100 6 -24 1 55 55
982 8 742 0 -6 -12851 1 55 0
983 8 742 0 -24 -12851 1 55 0
984 12 609 742 -6 24 1 55 51
985 12 1100 742 -6 24 0 51 51
986 12 1100 742 6 -24 1 55 55
987 12 1100 742 -6 24 1 51 55
988 12 742 903 -6 24 1 51 55
989 12 500 742 -6 24 0 51 55
990 8 1100 0 -24 -12851 1 55 0
991 8 609 0 -24 -12851 1 60 0
992 8 1100 0 6 -12851 1 55 0
993 8 903 0 24 -12851 1 55 0
994 12 742 1100 6 -24 1 51 51
995 8 609 0 -24 -12851 1 60 0
996 8 903 0 6 -12851 1 60 0
997 12 742 903 6 -24 1 51 55
998 8 1100 0 24 -12851 1 60 0
999 8 1100 0 -6 -12851 1 55 0
1000 8 500 0 6 -12851 0 60 0
1001 8 742 0 -6 -12851 1 55 0
1002 12 1100 742 6 -24 1 55 55
1003 8 609 0 -24 -12851 1 55 0
1004 12 742 903 -6 24 0 51 51
1005 12 609 742 6 -24 1 55 51
1006 12 1100 742 -6 24 1 55 51
1007 12 1100 742 6 -24 0 55 55
1008 12 742 1100 -6 24 1 55 51
1009 8 742 0 -24 -12851 1 55 0
1010 12 742 903 -6 24 0 55 55
1011 12 742 500 6 -24 0 55 51
1012 8 500 0 6 -12851 1 60 0
1013 8 500 0 -6 -12851 1 55 0
1014 12 742 903 -6 24 1 51 55
1015 8 609 0 6 -12851 1 60 0
1016 8 742 0 6 -12851 1 55 0
1017 8 609 0 24 -12851 1 55 0
1018 12 742 500 -6 24 0 51 55
1019 8 903 0 6 -12851 1 55 0
1020 8 903 0 -6 -12851 1 60 0
1021 8 1100 0 -6 -12851 1 60 0
1022 12 742 1100 6 -24 1 55 55
1023 8 903 0 -24 -12851 1 55 0
1024 8 1100 0 24 -12851 1 60 0
1025 12 609 742 6 -24 1 51 55
1026 12 742 903 -6 24 0 55 55
1027 8 609 0 -24 -12851 1 60 0
1028 8 609 0 -24 -12851 0 60 0
1029 8 903 0 24 -12851 1 60 0
1030 12 609 742 6 -24 1 51 55
1031 8 500 0 -6 -12851 1 55 0
1032 8 903 0 24 -12851 1 60 0
1033 12 500 742 -6 24 0 51 55
1034 12 500 742 -6 24 0 55 55
1035 8 1100 0 -6 -12851 1 60 0
1036 12 609 742 6 -24 1 55 51
1037 8 500 0 -24 -12851 1 60 0
1038 12 742 1100 -6 24 1 55 51
1039 12 742 903 -6 24 0 55 55
1040 8 903 0 24 -12851 1 55 0
1041 12 609 742 6 -24 1 51 51
1042 12 903 742 6 -24 1 55 55
1043 12 742 903 6 -24 1 51 51
1044 8 609 0 -6 -12851 1 60 0
1045 8 500 0 -24 -12851 1 55 0
1046 8 1100 0 -24 -12851 1 60 0
1047 8 742 0 6 -12851 1 55 0
1048 8 742 0 -24 -12851 1 55 0
1049 8 609 0 -6 -12851 1 55 0
1050 12 742 500 -6 24 0 55 55
1051 12 742 500 6 -24 1 51 55
1052 8 742 0 -24 -12851 1 60 0
1053 8 1100 0 -6 -12851 1 55 0
1054 12 903 742 6 -24 0 51 51
1055 8 1100 0 24 -12851 1 55 0
1056 8 1100 0 24 -12851 1 60 0
1057 8 903 0 6 -12851 1 60 0
1058 12 609 742 6 -24 1 55 55
1059 8 1100 0 -6 -12851 0 55 0
1060 8 609 0 -6 -12851 1 60 0
1061 8 903 0 6 -12851 0 60 0
1062 8 609 0 -24 -12851 1 55 0
1063 12 1100 742 6 -24 0 51 55
1064 8 903 0 -6 -12851 1 60 0
1065 8 609 0 24 -12851 1 60 0
1066 12 742 903 6 -24 1 55 51
1067 12 1100 742 -6 24 1 51 55
1068 8 500 0 6 -12851 0 55 0
1069 12 742 609 -6 24 0 55 55
1070 8 500 0 24 -12851 1 55 0
1071 12 742 903 -6 24 0 51 51
1072 8 1100 0 24 -12851 0 60 0
1073 8 500 0 24 -12851 0 55 0
1074 8 742 0 6 -12851 1 55 0
1075 12 609 742 -6 24 1 51 51
1076 12 742 609 -6 24 1 55 55
1077 12 1100 742 6 -24 0 55 55
1078 8 742 0 -6 -12851 0 60 0
1079 8 742 0 -6 -12851 0 60 0
1080 8 903 0 -24 -12851 0 60 0
1081 8 903 0 24 -12851 0 60 0
1082 8 742 0 6 -12851 1 55 0
1083 8 903 0 24 -12851 1 60 0
1084 8 1100 0 6 -12851 1 60 0
1085 8 742 0 -24 -12851 1 55 0
1086 8 742 0 -6 -12851 0 60 0
1087 8 609 0 24 -12851 1 55 0
1088 12 742 500 6 -24 1 55 55
1089 12 609 742 6 -24 1 55 51
1090 12 903 742 6 -24 1 51 55
1091 8 1100 0 -6 -12851 1 55 0
1092 12 742 903 6 -24 1 55 55
1093 8 500 0 6 -12851 1 60 0
1094 8 903 0 6 -12851 1 55 0
1095 12 500 742 6 -24 0 51 51
1096 8 1100 0 6 -12851 1 60 0
1097 8 609 0 24 -12851 1 55 0
1098 12 742 1100 6 -24 1 55 51
1099 12 742 1100 6 -24 1 51 51
1100 12 500 742 6 -24 1 55 55
1101 8 609 0 6 -12851 1 55 0
1102 8 500 0 -6 -12851 1 55 0
1103 8 500 0 -6 -12851 1 55 0
1104 8 903 0 -6 -12851 1 60 0
1105 8 903 0 -6 -12851 1 55 0
1106 8 500 0 -6 -12851 1 55 0
1107 8 500 0 -24 -12851 1 55 0
1108 8 742 0 6 -12851 1 55 0
1109 12 500 742 -6 24 1 55 55
1110 8 903 0 6 -12851 1 60 0
1111 12 742 1100 6 -24 1 55 55
1112 8 1100 0 24 -12851 0 60 0
1113 8 903 0 6 -12851 1 55 0
1114 8 742 0 6 -12851 1 60 0
1115 8 609 0 24 -12851 1 60 0
1116 8 500 0 -6 -12851 1 55 0
1117 12 742 609 6 -24 0 55 51
1118 8 742 0 24 -12851 0 55 0
1119 8 1100 0 -24 -12851 1 60 0
1120 8 1100 0 24 -12851 1 55 0
1121 8 609 0 24 -12851 0 55 0
1122 12 742 609 -6 24 1 55 51
1123 8 609 0 -24 -12851 0 55 0
1124 8 742 0 6 -12851 1 55 0
1125 8 742 0 6 -12851 1 55 0
1126 8 609 0 24 -12851 1 60 0
1127 8 1100 0 6 -12851 1 60 0
1128 8 609 0 -24 -12851 1 55 0
1129 12 500 742 -6 24 1 55 55
1130 12 609 742 6 -24 1 51 51
1131 8 742 0 -6 -12851 1 60 0
1132 8 500 0 6 -12851 1 60 0
1133 12 1100 742 -6 24 0 51 55
1134 8 500 0 -24 -12851 1 60 0
1135 12 742 609 -6 24 0 51 55
1136 8 1100 0 -6 -12851 0 55 0
1137 8 1100 0 24 -12851 1 55 0
1138 8 742 0 -24 -12851 1 55 0
1139 8 609 0 24 -12851 1 55 0
1140 8 903 0 -24 -12851 1 60 0
1141 12 742 609 -6 24 0 55 55
1142 12 742 609 -6 24 1 55 55
1143 8 500 0 -6 -12851 1 55 0
1144 12 903 742 6 -24 1 55 55
1145 8 903 0 -24 -12851 1 55 0
1146 12 1100 742 6 -24 0 55 55
1147 8 903 0 6 -12851 1 55 0
1148 12 500 742 6 -24 1 51 51
1149 12 609 742 6 -24 1 55 55
1150 12 609 742 6 -24 1 51 55
1151 8 903 0 6 -12851 1 55 0
1152 8 903 0 -6 -12851 1 55 0
1153 8 500 0 6 -12851 0 55 0
1154 12 903 742 6 -24 1 51 51
1155 12 1100 742 6 -24 0 51 55
1156 8 609 0 6 -12851 0 55 0
1157 8 903 0 6 -12851 0 60 0
1158 12 742 609 -6 24 0 51 55
1159 8 1100 0 6 -12851 0 55 0
1160 12 903 742 -6 24 0 51 51
1161 12 1100 742 -6 24 1 55 51
1162 12 742 609 -6 24 1 51 51
1163 12 1100 742 -6 24 1 51 51
1164 8 500 0 -24 -12851 0 55 0
1165 8 742 0 -6 -12851 0 60 0
1166 8 500 0 6 -12851 1 60 0
1167 12 903 742 -6 24 1 55 51
1168 8 609 0 24 -12851 1 55 0
1169 8 903 0 24 -12851 1 60 0
1170 8 609 0 24 -12851 0 55 0
1171 12 742 500 6 -24 1 51 51
1172 12 1100 742 -6 24 0 55 51
1173 8 742 0 -24 -12851 1 55 0
1174 8 1100 0 24 -12851 1 60 0
1175 12 742 903 -6 24 0 55 55
1176 12 742 1100 -6 24 1 55 55
1177 12 609 742 -6 24 1 51 51
1178 12 1100 742 -6 24 0 51 51
1179 8 742 0 24 -12851 0 55 0
1180 8 1100 0 -6 -12851 1 55 0
1181 8 903 0 -6 -12851 1 60 0
1182 8 903 0 -24 -12851 1 55 0
1183 8 609 0 -24 -12851 0 55 0
1184 8 1100 0 6 -12851 1 55 0
1185 8 1100 0 -6 -12851 1 55 0
1186 12 1100 742 6 -24 1 55 55
1187 8 903 0 -24 -12851 1 60 0
1188 8 500 0 6 -12851 1 55 0
1189 12 742 500 -6 24 0 51 51
1190 8 609 0 -6 -12851 1 60 0
1191 8 500 0 24 -12851 1 60 0
1192 12 742 1100 -6 24 0 51 55
1193 8 1100 0 -6 -12851 0 55 0
1194 12 903 742 6 -24 0 55 51
1195 12 903 742 -6 24 0 55 51
1196 8 903 0 24 -12851 0 55 0
1197 8 500 0 -6 -12851 0 55 0
1198 12 1100 742 6 -24 0 55 51
1199 12 742 500 -6 24 0 55 51
1200 12 742 609 6 -24 0 51 51
1201 8 609 0 24 -12851 1 55 0
1202 12 742 1100 -6 24 1 51 51
1203 12 609 742 6 -24 1 55 51
1204 8 742 0 -6 -12851 1 60 0
1205 8 742 0 24 -12851 1 55 0
1206 8 742 0 6 -12851 1 60 0
1207 12 1100 742 6 -24 1 51 51
1208 8 742 0 -6 -12851 1 60 0
1209 12 1100 742 -6 24 0 55 51
1210 12 1100 742 6 -24 1 51 51
1211 12 609 742 6 -24 1 55 55
1212 8 742 0 6 -12851 1 55 0
1213 8 609 0 -6 -12851 0 55 0
1214 12 500 742 -6 24 1 55 55
1215 12 742 609 -6 24 1 51 51
1216 8 742 0 24 -12851 1 60 0
1217 8 500 0 24 -12851 1 55 0
1218 12 742 500 6 -24 1 55 55
1219 8 500 0 -6 -12851 0 60 0
1220 12 1100 742 -6 24 0 55 55
1221 8 609 0 6 -12851 0 60 0
1222 8 1100 0 -24 -12851 1 55 0
1223 8 609 0 6 -12851 0 60 0
1224 8 1100 0 -24 -12851 1 60 0
1225 12 500 742 6 -24 0 51 51
1226 8 903 0 6 -12851 1 60 0
1227 12 742 500 6 -24 0 55 51
1228 8 903 0 -6 -12851 0 55 0
1229 8 1100 0 -6 -12851 0 60 0
1230 12 742 903 6 -24 0 55 55
1231 12 742 1100 6 -24 0 55 51
1232 12 742 903 6 -24 1 55 55
1233 8 903 0 -24 -12851 1 60 0
1234 12 742 500 6 -24 1 55 55
1235 8 742 0 -6 -12851 1 55 0
1236 12 1100 742 -6 24 0 55 51
1237 8 500 0 -6 -12851 0 60 0
1238 12 742 1100 6 -24 1 51 51
1239 8 609 0 -24 -12851 1 55 0
1240 8 609 0 6 -12851 1 60 0
1241 8 500 0 -6 -12851 1 55 0
1242 12 500 742 6 -24 0 55 51
1243 8 903 0 -6 -12851 1 55 0
1244 12 742 903 -6 24 0 55 55
1245 8 903 0 24 -12851 1 60 0
1246 12 742 903 -6 24 1 51 51
1247 8 903 0 6 -12851 1 60 0
1248 8 609 0 -24 -12851 1 55 0
1249 8 500 0 -6 -12851 1 55 0
1250 8 1100 0 24 -12851 1 55 0
1251 12 742 903 -6 24 0 55 55
1252 12 742 609 6 -24 1 51 51
1253 8 1100 0 24 -12851 1 55 0
1254 8 500 0 -24 -12851 1 55 0
1255 8 742 0 24 -12851 1 60 0
1256 8 1100 0 6 -12851 1 55 0
1257 8 609 0 -24 -12851 0 60 0
1258 12 742 500 -6 24 1 55 55
1259 8 742 0 -24 -12851 1 55 0
1260 8 742 0 24 -12851 1 55 0
1261 8 609 0 24 -12851 1 60 0
1262 8 609 0 -24 -12851 1 55 0
1263 8 903 0 6 -12851 1 55 0
1264 8 903 0 -6 -12851 1 55 0
1265 8 500 0 24 -12851 1 55 0
1266 12 500 742 6 -24 1 51 55
1267 12 1100 742 -6 24 0 55 55
1268 12 742 500 6 -24 1 51 55
1269 12 609 742 6 -24 1 51 51
1270 12 1100 742 -6 24 0 55 51
1271 8 500 0 6 -12851 1 60 0
1272 12 500 742 6 -24 1 51 55
1273 8 903 0 6 -12851 1 60 0
1274 12 742 500 6 -24 0 55 55
1275 8 742 0 -6 -12851 1 60 0
1276 12 742 500 6 -24 0 55 51
1277 8 609 0 6 -12851 1 60 0
1278 8 609 0 24 -12851 1 60 0
1279 12 903 742 6 -24 0 51 51
1280 8 742 0 -24 -12851 1 60 0
1281 12 742 609 6 -24 0 55 51
1282 12 903 742 -6 24 0 55 55
1283 8 742 0 24 -12851 1 55 0
1284 8 500 0 6 -12851 1 60 0
1285 8 1100 0 24 -12851 1 60 0
1286 8 1100 0 -24 -12851 1 55 0
1287 8 1100 0 -24 -12851 1 55 0
1288 8 609 0 -24 -12851 1 60 0
1289 8 609 0 -24 -12851 1 55 0
1290 12 742 1100 -6 24 1 55 51
1291 12 742 609 -6 24 0 51 51
1292 12 903 742 -6 24 0 55 55
1293 8 609 0 6 -12851 0 55 0
1294 12 742 609 -6 24 0 51 55
1295 8 500 0 6 -12851 0 60 0
1296 8 609 0 -6 -12851 0 55 0
1297 8 903 0 6 -12851 0 55 0
1298 12 742 609 -6 24 0 55 55
1299 8 903 0 -24 -12851 0 55 0
1300 8 1100 0 -24 -12851 0 55 0
1301 12 903 742 -6 24 0 51 55
1302 8 500 0 6 -12851 0 60 0
1303 12 500 742 -6 24 1 55 55
1304 8 903 0 -24 -12851 1 55 0
1305 12 742 609 -6 24 1 55 55
1306 8 500 0 24 -12851 1 55 0
1307 8 1100 0 24 -12851 1 55 0
1308 8 742 0 -24 -12851 1 60 0
1309 12 742 903 6 -24 1 51 55
1310 8 1100 0 24 -12851 0 55 0
1311 8 742 0 6 -12851 1 60 0
1312 8 742 0 -24 -12851 1 55 0
1313 12 742 1100 6 -24 1 51 51
1314 12 609 742 6 -24 0 55 55
1315 12 1100 742 -6 24 0 55 51
1316 8 609 0 -6 -12851 1 60 0
1317 12 1100 742 -6 24 0 51 51
1318 8 609 0 -6 -12851 1 60 0
1319 8 903 0 6 -12851 1 60 0
1320 8 500 0 -6 -12851 1 60 0
1321 8 903 0 24 -12851 1 60 0
1322 8 1100 0 24 -12851 1 55 0
1323 12 742 1100 -6 24 0 51 55
1324 8 500 0 -6 -12851 0 60 0
1325 12 903 742 6 -24 0 51 55
1326 12 500 742 6 -24 0 51 55
1327 8 903 0 -6 -12851 0 60 0
1328 8 609 0 6 -12851 0 60 0
1329 8 500 0 6 -12851 1 55 0
1330 12 500 742 -6 24 1 51 51
1331 8 1100 0 -6 -12851 1 60 0
1332 8 742 0 -24 -12851 1 55 0
1333 8 742 0 -6 -12851 0 55 0
1334 8 609 0 24 -12851 1 60 0
1335 8 742 0 -24 -12851 0 55 0
1336 8 1100 0 -6 -12851 0 60 0
1337 8 500 0 24 -12851 1 60 0
1338 12 742 903 -6 24 0 51 51
1339 12 742 903 6 -24 1 51 51
1340 12 742 903 -6 24 0 55 55
1341 12 742 903 -6 24 0 51 51
1342 8 500 0 24 -12851 1 60 0
1343 8 609 0 -24 -12851 1 60 0
1344 8 742 0 -6 -12851 1 60 0
1345 8 742 0 -24 -12851 1 60 0
1346 8 1100 0 -24 -12851 1 60 0
1347 8 903 0 -6 -12851 1 55 0
1348 8 500 0 24 -12851 1 60 0
1349 12 903 742 -6 24 1 51 51
1350 8 609 0 -6 -12851 1 55 0
1351 8 903 0 -24 -12851 1 60 0
1352 8 609 0 -6 -12851 1 60 0
1353 8 1100 0 -6 -12851 1 60 0
1354 12 742 903 6 -24 1 51 55
1355 12 500 742 -6 24 1 55 55
1356 12 742 500 6 -24 1 51 55
1357 12 500 742 6 -24 0 51 51
1358 8 1100 0 -6 -12851 1 55 0
1359 8 500 0 -6 -12851 1 60 0
1360 8 742 0 6 -12851 1 60 0
1361 8 903 0 24 -12851 1 60 0
1362 8 742 0 24 -12851 1 60 0
1363 12 903 742 -6 24 0 55 51
1364 8 742 0 -6 -12851 1 55 0
1365 8 609 0 6 -12851 1 55 0
1366 8 1100 0 6 -12851 1 60 0
1367 8 609 0 6 -12851 1 60 0
1368 8 742 0 -24 -12851 1 55 0
1369 8 500 0 6 -12851 1 60 0
1370 8 500 0 -24 -12851 1 60 0
1371 8 1100 0 -6 -12851 1 60 0
1372 12 1100 742 -6 24 1 51 55
1373 8 1100 0 24 -12851 1 60 0
1374 8 742 0 -24 -12851 1 60 0
1375 8 609 0 -6 -12851 1 60 0
1376 8 903 0 24 -12851 1 55 0
1377 8 500 0 -24 -12851 1 55 0
1378 12 742 1100 -6 24 1 55 55
1379 8 903 0 -6 -12851 1 55 0
1380 8 903 0 6 -12851 1 60 0
1381 8 1100 0 6 -12851 1 60 0
1382 8 1100 0 -24 -12851 1 60 0
1383 8 903 0 -6 -12851 1 60 0
1384 8 609 0 -24 -12851 1 60 0
1385 12 609 742 -6 24 1 51 55
1386 8 903 0 24 -12851 1 60 0
1387 12 742 500 -6 24 1 55 51
1388 8 742 0 24 -12851 1 55 0
1389 12 609 742 -6 24 1 55 55
1390 12 742 500 -6 24 1 55 51
1391 8 903 0 6 -12851 1 55 0
1392 8 500 0 24 -12851 0 60 0
1393 8 500 0 24 -12851 1 55 0
1394 8 742 0 -6 -12851 1 60 0
1395 8 500 0 24 -12851 1 60 0
1396 12 742 1100 -6 24 0 55 55
1397 12 903 742 -6 24 0 51 51
1398 8 609 0 24 -12851 0 55 0
1399 8 609 0 -24 -12851 0 55 0
1400 8 742 0 6 -12851 1 60 0
1401 12 609 742 -6 24 0 55 55
1402 12 500 742 -6 24 0 55 51
1403 12 742 903 -6 24 0 55 51
1404 8 1100 0 -6 -12851 0 55 0
1405 8 1100 0 -6 -12851 0 60 0
1406 8 903 0 -24 -12851 0 55 0
1407 8 903 0 24 -12851 1 60 0
1408 12 742 609 -6 24 0 51 51
1409 8 609 0 24 -12851 1 60 0
1410 12 742 903 6 -24 0 51 55
1411 12 742 1100 -6 24 0 51 55
1412 8 609 0 24 -12851 0 55 0
1413 8 742 0 24 -12851 0 55 0
1414 12 742 500 6 -24 0 55 51
1415 8 903 0 24 -12851 0 55 0
1416 12 500 742 6 -24 0 51 55
1417 8 1100 0 24 -12851 0 60 0
1418 8 1100 0 -24 -12851 0 55 0
1419 8 903 0 -6 -12851 0 55 0
1420 8 500 0 -6 -12851 0 60 0
1421 8 500 0 24 -12851 0 55 0
1422 12 609 742 6 -24 0 55 51
1423 8 1100 0 24 -12851 0 55 0
1424 8 742 0 -24 -12851 1 60 0
1425 12 742 903 6 -24 1 51 51
1426 12 609 742 6 -24 1 55 51
1427 12 742 500 -6 24 1 51 51
1428 8 609 0 24 -12851 1 60 0
1429 8 742 0 6 -12851 1 60 0
1430 8 500 0 24 -12851 1 60 0
1431 12 500 742 -6 24 0 51 51
1432 8 742 0 24 -12851 0 60 0
1433 12 609 742 6 -24 0 51 51
1434 12 742 500 -6 24 0 55 55
1435 12 742 903 -6 24 0 55 55
1436 8 742 0 -6 -12851 0 60 0
1437 8 1100 0 -24 -12851 0 60 0
1438 12 742 1100 -6 24 0 51 51
1439 8 609 0 -6 -12851 0 60 0
1440 12 742 1100 6 -24 0 55 51
1441 8 742 0 24 -12851 0 60 0
1442 12 500 742 6 -24 0 55 51
1443 12 609 742 6 -24 0 51 51
1444 12 500 742 -6 24 1 55 55
1445 8 742 0 24 -12851 0 55 0
1446 12 742 609 -6 24 0 51 51
1447 12 1100 742 -6 24 0 55 55
1448 12 742 1100 -6 24 0 51 51
1449 12 742 500 -6 24 0 55 55
1450 12 500 742 -6 24 0 55 51
1451 12 742 903 6 -24 0 55 51
1452 8 903 0 -24 -12851 0 60 0
1453 12 742 903 -6 24 0 55 55
1454 12 742 609 -6 24 0 55 51
1455 8 1100 0 -24 -12851 0 60 0
1456 8 609 0 -6 -12851 1 55 0
1457 12 742 1100 -6 24 0 55 55
1458 8 1100 0 6 -12851 0 55 0
1459 8 500 0 -6 -12851 0 60 0
1460 8 903 0 24 -12851 0 60 0
1461 8 609 0 -24 -12851 0 60 0
1462 12 903 742 -6 24 0 55 55
1463 12 742 500 -6 24 0 55 51
1464 8 903 0 -24 -12851 0 60 0
1465 12 500 742 6 -24 0 51 51
1466 8 500 0 6 -12851 0 55 0
1467 12 1100 742 6 -24 0 55 51
1468 8 500 0 6 -12851 0 55 0
1469 8 609 0 24 -12851 0 55 0
1470 12 742 1100 -6 24 0 55 55
1471 12 742 609 6 -24 0 55 51
1472 8 609 0 -6 -12851 0 55 0
1473 8 609 0 24 -12851 0 60 0
1474 8 500 0 -6 -12851 0 60 0
1475 8 609 0 -24 -12851 0 60 0
1476 12 1100 742 6 -24 0 55 55
1477 8 903 0 6 -12851 0 60 0
1478 12 1100 742 6 -24 0 55 51
1479 12 742 609 6 -24 0 55 55
1480 8 903 0 6 -12851 0 60 0
1481 12 742 609 6 -24 0 51 55
1482 8 1100 0 24 -12851 0 60 0
1483 12 1100 742 6 -24 0 51 51
1484 8 500 0 -24 -12851 0 55 0
1485 12 742 903 6 -24 0 51 51
1486 8 903 0 -6 -12851 0 60 0
1487 8 500 0 6 -12851 0 55 0
1488 8 1100 0 6 -12851 0 55 0
1489 8 742 0 24 -12851 0 60 0
1490 12 903 742 -6 24 0 51 51
1491 8 1100 0 6 -12851 0 55 0
1492 8 742 0 6 -12851 0 55 0
1493 12 742 1100 -6 24 0 51 51
1494 8 742 0 24 -12851 0 55 0
1495 8 742 0 24 -12851 0 60 0
1496 12 609 742 6 -24 0 51 51
1497 8 742 0 -24 -12851 0 55 0
1498 8 609 0 24 -12851 0 55 0
1499 12 1100 742 6 -24 0 55 55
1500 12 903 742 -6 24 0 55 51
1501 8 1100 0 24 -12851 0 55 0
1502 8 609 0 6 -12851 0 60 0
1503 8 742 0 6 -12851 0 55 0
1504 8 500 0 -6 -12851 0 55 0
1505 8 500 0 24 -12851 0 60 0
1506 8 1100 0 24 -12851 0 55 0
1507 12 742 1100 6 -24 0 55 51
1508 8 1100 0 -6 -12851 0 55 0
1509 8 742 0 -6 -12851 0 55 0
1510 8 609 0 -6 -12851 0 55 0
1511 8 903 0 -6 -12851 0 60 0
1512 8 500 0 -24 -12851 0 60 0
1513 8 903 0 6 -12851 0 60 0
1514 12 742 609 6 -24 0 55 55
1515 12 1100 742 6 -24 0 51 51
1516 12 609 742 -6 24 0 55 55
1517 8 903 0 -6 -12851 0 60 0
1518 8 1100 0 -6 -12851 0 60 0
1519 12 742 1100 -6 24 0 51 51
1520 12 742 1100 6 -24 0 55 51
1521 8 1100 0 24 -12851 0 55 0
1522 8 903 0 24 -12851 0 55 0
1523 8 903 0 6 -12851 0 55 0
1524 12 742 500 -6 24 0 51 55
1525 8 742 0 -6 -12851 0 60 0
1526 8 903 0 -24 -12851 0 55 0
1527 12 500 742 -6 24 0 55 51
1528 12 742 903 6 -24 0 51 51
1529 8 742 0 24 -12851 0 55 0
1530 8 500 0 24 -12851 0 60 0
1531 12 1100 742 -6 24 0 55 55
1532 8 1100 0 6 -12851 0 60 0
1533 12 1100 742 6 -24 0 51 55
1534 12 500 742 6 -24 0 55 51
1535 12 500 742 -6 24 0 55 55
1536 12 1100 742 -6 24 0 51 55
1537 8 742 0 -6 -12851 0 55 0
1538 12 742 500 -6 24 0 51 55
1539 12 742 903 -6 24 0 55 55
1540 12 903 742 -6 24 0 55 51
1541 12 1100 742 6 -24 0 51 51
1542 8 500 0 24 -12851 0 60 0
1543 8 1100 0 -6 -12851 0 60 0
1544 8 609 0 -24 -12851 0 60 0
1545 8 500 0 -24 -12851 0 55 0
1546 12 500 742 6 -24 0 51 51
1547 12 742 500 -6 24 0 51 55
1548 12 742 609 6 -24 0 55 55
1549 12 742 500 -6 24 0 51 51
1550 8 609 0 6 -12851 0 60 0
1551 12 742 1100 6 -24 0 51 51
1552 12 742 500 6 -24 0 55 55
1553 12 1100 742 -6 24 0 51 51
1554 12 742 609 6 -24 0 51 51
1555 12 1100 742 6 -24 0 51 55
1556 8 609 0 6 -12851 0 55 0
1557 8 1100 0 24 -12851 0 60 0
1558 12 742 500 -6 24 0 55 51
1559 8 1100 0 -6 -12851 0 60 0
1560 8 903 0 24 -12851 0 55 0
1561 8 1100 0 24 -12851 0 55 0
1562 12 742 500 -6 24 0 51 51
1563 12 742 1100 6 -24 0 55 55
1564 12 903 742 -6 24 0 55 51
1565 8 609 0 -6 -12851 0 55 0
1566 8 903 0 6 -12851 0 60 0
1567 12 742 500 -6 24 0 55 55
1568 8 609 0 -24 -12851 0 60 0
1569 12 500 742 -6 24 0 55 55
1570 12 742 1100 -6 24 0 55 55
1571 8 903 0 6 -12851 0 55 0
1572 8 609 0 24 -12851 0 55 0
1573 12 742 1100 -6 24 0 51 51
1574 12 609 742 6 -24 0 51 55
1575 12 742 609 6 -24 0 55 51
