348 8 1100 0 24 -12851 0 60 0
349 8 609 0 24 -12851 0 60 0
350 8 500 0 -6 -12851 0 55 0
351 12 1100 742 24 -6 1 55 55
352 8 609 0 6 -12851 0 55 0
353 8 742 0 -24 -12851 1 60 0
354 8 1100 0 24 -12851 1 60 0
355 8 609 0 -24 -12851 1 55 0
356 12 742 1100 -24 6 1 51 51
357 8 609 0 24 -12851 1 55 0
358 12 742 903 -24 6 1 55 55
359 12 742 500 24 -6 1 55 55
360 12 742 903 -24 6 0 51 51
361 12 609 742 -24 6 0 55 55
362 12 903 742 24 -6 0 55 51
363 8 1100 0 24 -12851 0 60 0
364 12 500 742 -24 6 1 55 51
365 8 903 0 -24 -12851 1 55 0
366 12 903 742 -24 6 1 51 55
367 12 500 742 -24 6 1 55 55
368 8 609 0 6 -12851 1 60 0
369 8 609 0 24 -12851 0 60 0
370 12 500 742 -24 6 0 51 51
371 8 903 0 24 -12851 0 55 0
372 12 1100 742 -24 6 0 55 55
373 12 742 500 -24 6 0 55 55
374 12 742 903 -24 6 0 55 55
375 12 1100 742 24 -6 0 51 55
376 12 742 1100 24 -6 0 51 55
377 12 742 903 24 -6 0 55 55
378 8 903 0 -24 -12851 0 60 0
379 8 500 0 -6 -12851 0 60 0
380 12 742 500 -24 6 0 55 51
381 12 903 742 24 -6 0 55 51
382 8 742 0 -24 -12851 0 60 0
383 12 500 742 24 -6 0 55 51
384 8 500 0 -24 -12851 0 55 0
385 8 500 0 -6 -12851 0 60 0
386 12 742 1100 -24 6 0 51 51
387 8 1100 0 -6 -12851 0 60 0
388 8 742 0 -6 -12851 0 60 0
389 8 1100 0 -24 -12851 0 60 0
390 12 742 609 -24 6 0 51 51
391 8 742 0 24 -12851 0 60 0
392 12 500 742 24 -6 0 51 51
393 12 742 1100 24 -6 0 51 55
394 8 1100 0 -6 -12851 0 60 0
395 12 609 742 24 -6 0 51 51
396 8 1100 0 -24 -12851 0 55 0
397 8 1100 0 24 -12851 0 55 0
398 8 609 0 -6 -12851 0 60 0
399 12 742 609 24 -6 0 55 51
400 12 500 742 24 -6 0 51 55
401 8 742 0 6 -12851 0 55 0
402 12 742 609 24 -6 0 55 55
403 12 742 903 -24 6 0 51 55
404 12 609 742 24 -6 0 51 51
405 12 903 742 24 -6 0 51 51
406 8 903 0 -24 -12851 0 60 0
407 8 500 0 -6 -12851 0 60 0
408 8 742 0 24 -12851 0 60 0
409 8 1100 0 24 -12851 0 60 0
410 8 500 0 6 -12851 0 60 0
411 12 742 500 -24 6 0 51 55
412 8 609 0 -6 -12851 0 60 0
413 12 609 742 -24 6 0 55 55
414 8 500 0 -24 -12851 0 55 0
415 12 742 1100 24 -6 0 55 55
416 12 609 742 24 -6 0 51 51
417 12 742 500 24 -6 0 55 55
418 8 903 0 -24 -12851 0 55 0
419 8 742 0 24 -12851 0 55 0
420 8 609 0 -24 -12851 0 60 0
421 12 742 1100 -24 6 0 51 55
422 12 742 1100 -24 6 0 51 51
423 8 903 0 -6 -12851 0 60 0
424 8 500 0 -6 -12851 0 60 0
425 8 500 0 24 -12851 0 55 0
426 8 903 0 -24 -12851 0 60 0
427 12 1100 742 -24 6 0 55 51
428 12 742 500 24 -6 0 55 55
429 8 609 0 -24 -12851 0 55 0
430 12 903 742 24 -6 0 55 55
431 8 742 0 24 -12851 0 60 0
432 12 742 903 24 -6 0 51 51
433 8 742 0 6 -12851 0 55 0
434 8 500 0 6 -12851 0 60 0
435 8 742 0 -24 -12851 0 55 0
436 8 609 0 6 -12851 0 55 0
437 8 609 0 -6 -12851 0 60 0
438 12 742 609 24 -6 0 55 55
439 8 903 0 -6 -12851 0 55 0
440 8 500 0 6 -12851 0 60 0
441 12 609 742 24 -6 0 55 55
442 12 742 1100 -24 6 0 55 55
443 12 742 903 -24 6 0 51 51
444 12 903 742 -24 6 0 55 51
445 12 1100 742 24 -6 0 55 51
446 8 1100 0 -6 -12851 0 60 0
447 8 1100 0 6 -12851 0 60 0
448 12 500 742 -24 6 0 51 55
449 8 903 0 -24 -12851 0 60 0
450 12 500 742 -24 6 0 51 55
451 8 1100 0 -24 -12851 0 55 0
452 12 903 742 -24 6 0 51 55
453 8 609 0 -6 -12851 0 60 0
454 12 742 1100 -24 6 0 55 55
455 8 609 0 -24 -12851 0 55 0
456 8 903 0 -6 -12851 0 55 0
457 12 609 742 -24 6 0 55 51
458 12 500 742 24 -6 0 55 51
459 8 500 0 -6 -12851 0 60 0
460 8 1100 0 6 -12851 0 60 0
461 12 742 500 24 -6 0 51 51
462 12 1100 742 24 -6 0 55 51
463 12 742 609 -24 6 0 55 55
464 8 903 0 6 -12851 0 55 0
465 12 1100 742 24 -6 0 51 55
466 8 1100 0 24 -12851 0 55 0
467 12 742 1100 -24 6 0 55 55
468 8 903 0 -24 -12851 0 60 0
469 12 609 742 24 -6 0 55 51
470 12 1100 742 -24 6 0 51 51
471 8 609 0 -24 -12851 0 60 0
472 8 609 0 6 -12851 0 55 0
473 8 1100 0 6 -12851 0 60 0
474 8 500 0 6 -12851 0 60 0
475 8 742 0 6 -12851 0 60 0
476 12 500 742 24 -6 0 51 55
477 12 742 903 24 -6 0 55 55
478 12 903 742 -24 6 0 55 51
479 8 500 0 6 -12851 0 55 0
480 8 742 0 6 -12851 0 60 0
481 8 742 0 -24 -12851 0 60 0
482 8 742 0 24 -12851 0 60 0
483 12 742 500 24 -6 0 51 55
484 12 742 903 24 -6 0 55 55
485 12 742 903 -24 6 0 55 51
486 12 742 609 -24 6 0 55 51
487 12 500 742 24 -6 0 51 55
488 12 1100 742 -24 6 0 55 55
489 12 609 742 -24 6 0 51 55
490 8 742 0 6 -12851 0 60 0
491 12 742 609 24 -6 0 55 55
492 12 742 609 24 -6 0 55 51
493 12 609 742 -24 6 0 55 51
494 12 609 742 24 -6 0 55 51
495 12 903 742 24 -6 0 51 55
496 12 500 742 24 -6 0 55 51
497 12 500 742 -24 6 0 51 51
498 12 742 1100 24 -6 0 55 55
499 12 903 742 24 -6 0 51 55
500 8 742 0 6 -12851 0 60 0
501 12 1100 742 -24 6 0 55 51
502 12 742 1100 24 -6 0 55 51
503 12 609 742 -24 6 0 55 55
504 8 742 0 24 -12851 0 60 0
505 12 742 500 -24 6 0 51 55
506 8 903 0 6 -12851 0 55 0
507 8 1100 0 -6 -12851 0 55 0
508 8 1100 0 -6 -12851 0 55 0
509 8 609 0 24 -12851 0 55 0
510 8 609 0 -6 -12851 0 55 0
511 8 500 0 -6 -12851 0 60 0
512 12 609 742 24 -6 0 51 55
513 12 742 903 24 -6 0 55 55
514 12 1100 742 24 -6 0 51 51
515 12 1100 742 -24 6 0 55 55
516 12 742 903 24 -6 0 51 55
517 12 903 742 24 -6 0 51 55
518 8 1100 0 6 -12851 0 55 0
519 8 500 0 -24 -12851 0 60 0
520 8 609 0 -6 -12851 0 60 0
521 12 1100 742 24 -6 0 55 55
522 8 903 0 24 -12851 0 60 0
523 8 903 0 -24 -12851 0 55 0
524 12 903 742 -24 6 0 55 55
525 12 1100 742 24 -6 0 55 51
526 8 500 0 6 -12851 0 60 0
527 12 742 1100 -24 6 0 55 51
528 8 903 0 6 -12851 0 60 0
529 12 742 500 -24 6 0 51 55
530 8 903 0 -24 -12851 0 60 0
531 8 903 0 -6 -12851 0 55 0
532 12 1100 742 -24 6 0 51 55
533 12 609 742 -24 6 0 51 55
534 8 500 0 -6 -12851 0 55 0
535 12 500 742 -24 6 0 51 55
536 8 1100 0 -24 -12851 0 60 0
537 8 742 0 6 -12851 0 60 0
538 12 609 742 -24 6 0 55 55
539 12 742 903 24 -6 0 51 55
540 12 742 500 24 -6 0 51 51
541 12 1100 742 24 -6 0 51 51
542 12 903 742 -24 6 0 51 55
543 12 742 500 -24 6 0 55 55
544 8 609 0 6 -12851 0 60 0
545 12 742 1100 24 -6 0 51 51
546 8 1100 0 -24 -12851 0 60 0
547 8 742 0 -24 -12851 0 60 0
548 12 742 609 -24 6 0 55 51
549 12 1100 742 24 -6 0 51 51
550 8 742 0 24 -12851 0 60 0
551 8 609 0 24 -12851 0 60 0
552 8 1100 0 24 -12851 0 60 0
553 8 609 0 24 -12851 0 55 0
554 12 742 903 -24 6 0 55 55
555 12 742 609 24 -6 0 51 55
556 12 1100 742 -24 6 0 55 51
557 12 742 609 -24 6 0 51 55
558 8 500 0 6 -12851 0 55 0
559 12 742 609 -24 6 0 51 51
560 12 742 609 24 -6 0 55 51
561 8 500 0 24 -12851 0 55 0
562 12 742 609 24 -6 0 55 55
563 12 903 742 24 -6 0 51 51
564 8 903 0 -6 -12851 0 60 0
565 12 500 742 -24 6 0 51 55
566 12 742 1100 -24 6 0 55 55
567 8 903 0 -6 -12851 0 60 0
568 8 903 0 24 -12851 0 60 0
569 8 903 0 6 -12851 0 55 0
570 12 500 742 -24 6 0 51 51
571 12 742 500 24 -6 0 51 55
572 8 500 0 -6 -12851 0 55 0
573 12 500 742 24 -6 0 55 51
574 8 1100 0 6 -12851 0 60 0
575 12 609 742 24 -6 0 55 55
576 12 609 742 24 -6 0 51 55
577 12 903 742 24 -6 0 51 55
578 12 500 742 24 -6 0 55 55
579 12 742 609 24 -6 0 55 55
580 12 742 609 24 -6 0 55 55
581 8 742 0 6 -12851 0 55 0
582 8 609 0 24 -12851 0 55 0
583 8 1100 0 -6 -12851 0 55 0
584 8 742 0 24 -12851 0 60 0
585 12 742 1100 24 -6 0 51 55
586 8 742 0 24 -12851 0 60 0
587 12 742 609 -24 6 0 51 51
588 8 609 0 6 -12851 0 55 0
589 12 742 609 24 -6 0 55 55
590 12 742 500 -24 6 0 55 51
591 8 1100 0 24 -12851 0 55 0
592 12 742 500 -24 6 0 51 55
593 8 609 0 -6 -12851 0 60 0
594 8 500 0 -6 -12851 0 60 0
595 12 500 742 24 -6 0 51 55
596 12 742 903 -24 6 0 51 51
597 12 742 609 -24 6 0 55 55
598 12 742 609 -24 6 0 55 51
599 12 1100 742 -24 6 0 55 55
600 12 742 903 24 -6 0 51 55
601 12 742 1100 -24 6 0 55 55
602 12 1100 742 24 -6 0 55 55
603 12 742 609 24 -6 0 51 51
604 12 742 500 24 -6 0 55 51
605 8 500 0 24 -12851 0 60 0
606 12 742 609 -24 6 0 55 55
607 12 500 742 -24 6 0 55 51
608 12 500 742 -24 6 0 55 51
609 12 742 1100 24 -6 0 55 51
610 12 742 903 24 -6 0 55 55
611 12 742 500 -24 6 0 51 51
612 12 609 742 24 -6 0 51 51
613 8 903 0 6 -12851 0 60 0
614 8 1100 0 24 -12851 0 60 0
615 8 1100 0 -24 -12851 0 55 0
616 12 500 742 24 -6 0 51 51
617 8 609 0 6 -12851 0 55 0
618 8 609 0 6 -12851 0 55 0
619 8 609 0 6 -12851 0 60 0
620 8 903 0 6 -12851 0 55 0
621 8 1100 0 -6 -12851 0 60 0
622 8 903 0 -6 -12851 0 55 0
623 8 1100 0 6 -12851 0 55 0
624 12 742 500 -24 6 0 55 51
625 8 500 0 -24 -12851 0 55 0
626 12 609 742 -24 6 0 55 55
627 12 500 742 24 -6 0 51 55
628 12 1100 742 24 -6 0 51 51
629 8 742 0 -24 -12851 0 55 0
630 8 742 0 -6 -12851 0 55 0
631 12 609 742 24 -6 0 51 55
632 12 903 742 24 -6 0 51 55
633 8 742 0 24 -12851 0 60 0
634 12 609 742 -24 6 0 51 55
635 12 742 1100 -24 6 0 51 55
636 12 742 903 -24 6 0 51 55
637 12 609 742 24 -6 0 51 51
638 12 742 1100 -24 6 0 51 51
639 12 742 500 -24 6 0 51 51
640 8 500 0 6 -12851 0 55 0
641 12 609 742 -24 6 0 51 55
642 12 903 742 24 -6 0 51 55
643 12 500 742 24 -6 0 55 51
644 12 609 742 24 -6 0 55 55
645 8 500 0 -24 -12851 0 55 0
646 8 903 0 24 -12851 0 60 0
647 12 1100 742 24 -6 0 51 51
648 12 742 609 -24 6 0 51 55
649 8 742 0 24 -12851 0 55 0
650 12 742 609 24 -6 0 55 55
651 8 742 0 24 -12851 0 60 0
652 8 742 0 -6 -12851 0 60 0
653 12 742 1100 24 -6 0 55 55
654 8 609 0 -6 -12851 0 55 0
655 12 742 903 24 -6 0 55 51
656 12 500 742 -24 6 0 51 55
657 12 742 500 -24 6 0 51 51
658 8 500 0 24 -12851 0 60 0
659 8 609 0 24 -12851 0 60 0
660 8 742 0 -6 -12851 0 55 0
661 8 609 0 6 -12851 0 55 0
662 12 500 742 24 -6 0 51 51
663 8 1100 0 24 -12851 0 60 0
664 8 1100 0 24 -12851 0 60 0
665 8 500 0 -24 -12851 0 55 0
666 8 500 0 6 -12851 0 55 0
667 12 609 742 -24 6 0 51 51
668 12 742 609 -24 6 0 55 51
669 12 1100 742 24 -6 0 55 51
670 12 1100 742 24 -6 0 55 51
671 8 903 0 6 -12851 0 60 0
672 12 742 903 24 -6 0 55 55
673 12 742 500 24 -6 0 55 55
674 12 742 500 -24 6 0 55 51
675 8 903 0 -6 -12851 0 60 0
676 8 903 0 -6 -12851 0 55 0
677 8 1100 0 -24 -12851 0 60 0
678 8 742 0 24 -12851 0 60 0
679 12 1100 742 24 -6 0 51 51
680 12 903 742 24 -6 0 55 55
681 12 500 742 24 -6 0 51 51
682 8 742 0 -24 -12851 0 60 0
683 8 1100 0 6 -12851 0 60 0
684 12 742 500 -24 6 0 51 55
685 8 742 0 24 -12851 0 60 0
686 8 500 0 24 -12851 0 60 0
687 8 609 0 -6 -12851 0 55 0
688 8 1100 0 -6 -12851 0 55 0
689 8 903 0 24 -12851 0 55 0
690 12 742 500 -24 6 1 55 55
691 8 609 0 6 -12851 0 60 0
692 12 742 903 -24 6 1 55 51
693 12 1100 742 -24 6 1 55 55
694 12 742 500 24 -6 0 55 55
695 12 903 742 24 -6 1 51 55
696 12 742 609 24 -6 1 55 55
697 12 742 1100 -24 6 1 51 51
698 8 742 0 -6 -12851 1 60 0
699 12 903 742 24 -6 1 51 55
700 8 1100 0 24 -12851 1 55 0
701 12 609 742 -24 6 1 51 55
702 12 742 500 24 -6 1 55 51
703 8 903 0 -6 -12851 1 60 0
704 12 903 742 24 -6 0 55 55
705 8 609 0 6 -12851 0 60 0
706 8 903 0 24 -12851 1 55 0
707 8 500 0 -6 -12851 1 55 0
708 12 742 903 -24 6 1 55 51
709 8 500 0 6 -12851 1 60 0
710 8 742 0 24 -12851 1 60 0
711 12 742 1100 24 -6 0 51 55
712 12 742 500 -24 6 1 51 55
713 8 742 0 24 -12851 1 55 0
714 12 742 609 24 -6 0 51 55
715 12 1100 742 24 -6 1 51 51
716 8 1100 0 6 -12851 1 60 0
717 12 903 742 -24 6 1 55 55
718 12 742 500 24 -6 1 55 55
719 12 742 1100 24 -6 1 51 51
720 12 903 742 -24 6 0 51 51
721 8 903 0 6 -12851 0 55 0
722 8 609 0 -24 -12851 1 60 0
723 12 500 742 24 -6 1 51 55
724 12 742 609 -24 6 1 51 55
725 8 1100 0 24 -12851 1 60 0
726 12 500 742 -24 6 1 51 51
727 8 903 0 -6 -12851 1 55 0
728 8 903 0 6 -12851 0 60 0
729 8 609 0 -6 -12851 1 55 0
730 12 742 609 -24 6 1 55 51
731 8 609 0 -6 -12851 1 55 0
732 8 742 0 -24 -12851 1 55 0
733 12 742 1100 -24 6 0 55 55
734 8 1100 0 6 -12851 0 60 0
735 8 742 0 -6 -12851 1 60 0
736 12 500 742 24 -6 0 55 51
737 12 742 903 -24 6 1 55 55
738 12 1100 742 -24 6 1 55 55
739 8 500 0 -6 -12851 1 60 0
740 8 500 0 -24 -12851 1 60 0
741 8 500 0 -24 -12851 1 55 0
742 8 500 0 24 -12851 1 60 0
743 8 500 0 -6 -12851 1 55 0
744 12 1100 742 24 -6 1 55 55
745 8 742 0 6 -12851 1 55 0
746 12 742 500 24 -6 1 55 55
747 12 742 609 -24 6 1 55 55
748 8 500 0 -24 -12851 1 55 0
749 12 742 903 24 -6 1 55 55
750 12 742 500 24 -6 0 51 55
751 8 742 0 24 -12851 1 60 0
752 8 609 0 -6 -12851 1 55 0
753 8 500 0 24 -12851 1 60 0
754 8 609 0 -24 -12851 1 60 0
755 8 1100 0 6 -12851 1 60 0
756 12 903 742 24 -6 0 55 55
757 8 1100 0 -6 -12851 1 55 0
758 8 903 0 24 -12851 1 60 0
759 8 1100 0 6 -12851 0 55 0
760 8 742 0 6 -12851 1 60 0
761 8 609 0 -6 -12851 1 60 0
762 12 1100 742 24 -6 1 55 55
763 8 903 0 24 -12851 0 55 0
764 12 742 1100 -24 6 1 51 51
765 12 742 1100 24 -6 0 55 51
766 12 742 609 -24 6 0 55 51
767 8 903 0 -24 -12851 1 60 0
768 12 742 500 24 -6 1 55 51
769 8 742 0 24 -12851 1 60 0
770 8 742 0 -6 -12851 1 60 0
771 12 742 1100 24 -6 1 55 55
772 12 742 609 -24 6 1 55 51
773 8 742 0 -24 -12851 1 55 0
774 8 742 0 -24 -12851 1 60 0
775 12 742 609 24 -6 0 55 55
776 8 903 0 6 -12851 0 55 0
777 8 1100 0 6 -12851 1 60 0
778 12 742 609 -24 6 0 51 55
779 8 1100 0 6 -12851 1 55 0
780 12 500 742 -24 6 1 55 55
781 12 903 742 -24 6 0 51 55
782 12 742 1100 24 -6 0 51 51
783 8 609 0 -6 -12851 1 55 0
784 12 1100 742 24 -6 1 51 55
785 8 609 0 -24 -12851 1 55 0
786 8 500 0 -6 -12851 1 60 0
787 12 742 500 24 -6 1 51 55
788 8 1100 0 -24 -12851 1 55 0
789 12 609 742 -24 6 1 55 51
790 8 500 0 6 -12851 0 60 0
791 8 609 0 24 -12851 0 60 0
792 8 903 0 6 -12851 0 55 0
793 12 742 609 24 -6 1 51 55
794 12 742 500 -24 6 1 51 55
795 8 903 0 -6 -12851 1 55 0
796 12 903 742 24 -6 1 51 51
797 8 500 0 -24 -12851 1 55 0
798 8 609 0 -6 -12851 1 60 0
799 12 742 500 24 -6 1 51 51
800 12 903 742 24 -6 0 51 55
801 8 609 0 24 -12851 0 60 0
802 8 609 0 6 -12851 0 60 0
803 12 903 742 -24 6 1 55 55
804 8 1100 0 6 -12851 1 60 0
805 8 903 0 6 -12851 0 60 0
806 8 742 0 -6 -12851 1 60 0
807 12 609 742 -24 6 1 55 51
808 8 500 0 6 -12851 0 55 0
809 8 609 0 -6 -12851 1 55 0
810 8 1100 0 24 -12851 1 55 0
811 12 609 742 24 -6 0 55 51
812 8 1100 0 -24 -12851 0 55 0
813 8 742 0 -24 -12851 1 55 0
814 8 500 0 -6 -12851 1 60 0
815 8 903 0 -6 -12851 1 55 0
816 12 742 500 24 -6 1 51 51
817 12 742 500 -24 6 1 55 55
818 12 742 609 -24 6 1 55 51
819 8 500 0 -6 -12851 1 55 0
820 8 903 0 24 -12851 1 60 0
821 12 742 500 -24 6 1 55 55
822 8 742 0 -6 -12851 0 60 0
823 12 742 609 -24 6 1 55 51
824 12 742 1100 24 -6 1 51 51
825 8 500 0 -6 -12851 1 60 0
826 8 500 0 24 -12851 1 55 0
827 8 742 0 24 -12851 1 55 0
828 12 903 742 -24 6 1 51 55
829 8 500 0 24 -12851 1 60 0
830 12 742 500 -24 6 1 55 51
831 12 500 742 -24 6 1 51 51
832 8 742 0 24 -12851 1 60 0
833 12 742 903 -24 6 1 51 55
834 12 609 742 24 -6 1 55 55
835 12 742 903 24 -6 0 51 55
836 8 609 0 24 -12851 0 60 0
837 12 500 742 -24 6 0 55 51
838 12 500 742 -24 6 1 51 51
839 8 500 0 -6 -12851 1 60 0
840 8 609 0 24 -12851 1 55 0
841 12 500 742 -24 6 1 51 55
842 8 1100 0 24 -12851 1 60 0
843 12 500 742 24 -6 1 55 51
844 12 500 742 -24 6 1 51 55
845 8 1100 0 6 -12851 1 60 0
846 12 742 903 -24 6 1 51 55
847 12 500 742 -24 6 1 55 51
848 12 742 1100 -24 6 0 55 51
849 12 742 500 24 -6 1 55 51
850 8 903 0 -6 -12851 1 55 0
851 12 742 1100 -24 6 1 51 51
852 8 1100 0 6 -12851 1 60 0
853 12 742 500 24 -6 1 51 51
854 8 742 0 24 -12851 1 55 0
855 8 609 0 6 -12851 1 60 0
856 12 742 903 -24 6 1 55 55
857 8 903 0 -24 -12851 1 60 0
858 8 903 0 24 -12851 1 60 0
859 8 742 0 6 -12851 1 55 0
860 12 742 1100 24 -6 0 55 51
861 8 742 0 -24 -12851 1 60 0
862 8 1100 0 6 -12851 1 60 0
863 12 609 742 -24 6 0 51 51
864 12 1100 742 -24 6 1 51 55
865 8 742 0 -6 -12851 1 55 0
866 12 742 500 -24 6 1 51 55
867 8 1100 0 24 -12851 1 60 0
868 8 609 0 6 -12851 0 60 0
869 8 742 0 6 -12851 1 60 0
870 12 500 742 24 -6 0 51 51
871 12 742 609 24 -6 1 55 55
872 8 500 0 -6 -12851 0 55 0
873 12 742 500 24 -6 1 51 55
874 8 609 0 -6 -12851 1 60 0
875 8 500 0 24 -12851 1 55 0
876 12 609 742 24 -6 1 55 55
877 8 500 0 -24 -12851 1 60 0
878 12 903 742 -24 6 0 55 51
879 8 903 0 -24 -12851 1 60 0
880 8 609 0 -24 -12851 1 55 0
881 8 1100 0 -6 -12851 1 55 0
882 12 742 1100 -24 6 1 55 55
883 8 903 0 -24 -12851 1 55 0
884 12 903 742 24 -6 0 55 55
885 8 903 0 6 -12851 1 55 0
886 8 1100 0 24 -12851 1 60 0
887 12 609 742 24 -6 0 55 55
888 12 742 609 24 -6 0 55 51
889 8 1100 0 24 -12851 1 55 0
890 12 609 742 -24 6 0 55 51
891 8 1100 0 6 -12851 1 55 0
892 8 742 0 6 -12851 1 55 0
893 8 742 0 -24 -12851 0 55 0
894 12 500 742 -24 6 1 55 55
895 12 742 1100 24 -6 1 55 55
896 8 500 0 6 -12851 1 60 0
897 8 500 0 24 -12851 1 55 0
898 12 742 1100 -24 6 1 55 51
899 8 742 0 -6 -12851 1 60 0
900 8 903 0 -24 -12851 1 60 0
901 8 903 0 6 -12851 0 55 0
902 8 500 0 -6 -12851 1 55 0
903 12 742 500 24 -6 0 55 55
904 8 1100 0 24 -12851 1 55 0
905 8 903 0 6 -12851 1 60 0
906 8 609 0 24 -12851 0 55 0
907 12 609 742 -24 6 1 55 55
908 8 609 0 24 -12851 1 60 0
909 12 500 742 -24 6 1 55 51
910 12 742 1100 24 -6 0 51 51
911 12 903 742 24 -6 0 55 51
912 12 742 500 -24 6 1 51 51
913 8 609 0 6 -12851 1 60 0
914 12 609 742 24 -6 0 55 51
915 8 609 0 -24 -12851 0 60 0
916 8 609 0 24 -12851 1 55 0
917 12 609 742 -24 6 1 51 51
918 8 609 0 6 -12851 1 55 0
919 8 742 0 6 -12851 1 60 0
920 8 903 0 -24 -12851 1 55 0
921 12 903 742 -24 6 1 55 55
922 8 742 0 6 -12851 0 60 0
923 12 500 742 24 -6 1 55 55
924 12 1100 742 24 -6 1 55 51
925 12 742 903 -24 6 1 55 55
926 8 609 0 24 -12851 1 55 0
927 8 903 0 24 -12851 1 60 0
928 12 742 609 -24 6 1 55 55
929 12 903 742 24 -6 1 51 55
930 12 742 500 24 -6 1 55 51
931 8 500 0 24 -12851 1 55 0
932 8 1100 0 6 -12851 1 60 0
933 12 1100 742 24 -6 1 51 51
934 12 742 500 -24 6 1 51 55
935 8 742 0 -24 -12851 1 60 0
936 8 903 0 -24 -12851 1 55 0
937 12 609 742 -24 6 1 51 51
938 12 609 742 -24 6 0 55 55
939 12 742 500 24 -6 1 55 51
940 8 1100 0 -24 -12851 1 60 0
941 8 1100 0 24 -12851 1 55 0
942 12 742 500 -24 6 1 51 51
943 8 500 0 -6 -12851 1 55 0
944 8 500 0 24 -12851 1 60 0
945 8 742 0 -6 -12851 1 55 0
946 12 500 742 24 -6 1 55 51
947 12 1100 742 24 -6 1 51 51
948 12 903 742 -24 6 1 51 51
949 8 742 0 -24 -12851 1 60 0
950 8 903 0 6 -12851 1 55 0
951 8 500 0 24 -12851 1 55 0
952 12 742 609 24 -6 1 55 51
953 8 609 0 -6 -12851 1 60 0
954 12 1100 742 -24 6 0 51 55
955 12 742 500 -24 6 0 55 55
956 12 742 903 24 -6 0 51 51
957 12 500 742 24 -6 1 55 51
958 12 742 903 24 -6 0 55 55
959 8 1100 0 24 -12851 1 55 0
960 12 500 742 24 -6 0 51 55
961 8 1100 0 6 -12851 1 55 0
962 12 742 500 24 -6 1 55 55
963 8 1100 0 24 -12851 1 55 0
964 8 500 0 -6 -12851 0 55 0
965 12 742 903 -24 6 1 55 55
966 12 742 609 24 -6 1 55 55
967 8 903 0 24 -12851 1 60 0
968 8 609 0 -6 -12851 1 60 0
969 8 742 0 6 -12851 0 60 0
970 12 742 1100 24 -6 0 51 55
971 12 1100 742 24 -6 1 55 55
972 12 742 500 -24 6 0 55 55
973 12 500 742 24 -6 1 51 55
974 12 742 1100 -24 6 0 55 51
975 12 742 500 24 -6 0 55 51
976 12 742 903 -24 6 1 55 55
977 12 742 500 24 -6 1 55 51
978 12 903 742 24 -6 1 55 51
979 8 609 0 6 -12851 1 60 0
980 12 742 1100 24 -6 1 51 55
981 8 903 0 -6 -12851 1 60 0
982 8 742 0 -6 -12851 1 60 0
983 12 742 1100 -24 6 1 51 55
984 12 500 742 24 -6 1 51 51
985 12 1100 742 24 -6 1 55 55
986 8 500 0 24 -12851 0 55 0
987 12 742 609 -24 6 1 55 55
988 12 742 609 24 -6 1 55 55
989 8 903 0 -6 -12851 0 60 0
990 8 903 0 24 -12851 1 55 0
991 8 1100 0 -6 -12851 1 60 0
992 12 903 742 24 -6 1 51 51
993 12 742 609 -24 6 1 55 51
994 12 742 609 24 -6 1 51 51
995 12 1100 742 24 -6 1 55 51
996 8 1100 0 6 -12851 1 55 0
997 12 500 742 -24 6 0 55 55
998 8 903 0 -24 -12851 0 60 0
999 12 609 742 -24 6 1 51 55
1000 8 1100 0 6 -12851 1 60 0
1001 12 742 903 24 -6 1 51 51
1002 8 609 0 -24 -12851 1 55 0
1003 8 500 0 -6 -12851 1 55 0
1004 8 742 0 -24 -12851 1 55 0
1005 12 903 742 -24 6 1 55 55
1006 12 500 742 24 -6 1 55 55
1007 8 609 0 6 -12851 1 60 0
1008 8 742 0 24 -12851 0 55 0
1009 12 500 742 -24 6 1 55 55
1010 12 742 1100 24 -6 1 55 51
1011 8 742 0 -6 -12851 1 60 0
1012 12 500 742 -24 6 1 51 51
1013 8 609 0 -6 -12851 0 55 0
1014 12 1100 742 24 -6 0 51 55
1015 8 903 0 -24 -12851 0 55 0
1016 12 742 609 24 -6 1 55 55
1017 8 500 0 6 -12851 0 60 0
1018 12 609 742 24 -6 0 55 55
1019 12 903 742 24 -6 1 51 51
1020 12 742 609 24 -6 0 55 55
1021 8 500 0 6 -12851 1 60 0
1022 8 742 0 24 -12851 1 55 0
1023 8 742 0 6 -12851 1 55 0
1024 8 903 0 24 -12851 0 55 0
1025 12 609 742 -24 6 0 55 55
1026 12 742 1100 -24 6 1 55 55
1027 8 1100 0 -6 -12851 0 55 0
1028 12 609 742 -24 6 1 55 55
1029 8 903 0 6 -12851 1 55 0
1030 8 500 0 -24 -12851 1 60 0
1031 12 742 1100 -24 6 1 55 51
1032 8 609 0 6 -12851 1 55 0
1033 12 742 609 24 -6 0 55 51
1034 8 903 0 -24 -12851 0 55 0
1035 12 742 609 -24 6 1 55 55
1036 8 742 0 6 -12851 1 55 0
1037 8 742 0 -6 -12851 0 60 0
1038 8 1100 0 -6 -12851 1 60 0
1039 12 742 903 24 -6 1 55 55
1040 12 500 742 -24 6 1 51 51
1041 8 609 0 -24 -12851 1 55 0
1042 12 742 1100 24 -6 0 51 55
1043 12 903 742 24 -6 0 55 51
1044 8 609 0 6 -12851 0 55 0
1045 8 1100 0 -24 -12851 1 55 0
1046 8 500 0 6 -12851 1 60 0
1047 12 742 1100 -24 6 1 51 51
1048 12 903 742 -24 6 1 51 51
1049 8 500 0 -24 -12851 1 60 0
1050 12 903 742 24 -6 1 55 51
1051 12 742 903 -24 6 1 55 51
1052 12 609 742 -24 6 1 51 51
1053 8 609 0 -24 -12851 1 60 0
1054 12 742 500 24 -6 1 55 51
1055 12 1100 742 24 -6 1 55 55
1056 8 609 0 -24 -12851 1 55 0
1057 8 500 0 -6 -12851 0 60 0
1058 8 1100 0 -6 -12851 1 55 0
1059 12 742 903 -24 6 1 55 51
1060 12 903 742 -24 6 0 55 55
1061 12 1100 742 24 -6 0 55 51
1062 8 742 0 6 -12851 1 55 0
1063 12 742 1100 -24 6 1 51 51
1064 12 742 903 24 -6 0 51 55
1065 8 609 0 6 -12851 0 55 0
1066 8 903 0 -24 -12851 1 55 0
1067 12 609 742 -24 6 1 51 51
1068 12 742 609 24 -6 0 55 55
1069 12 742 903 24 -6 0 51 55
1070 12 742 903 24 -6 0 51 51
1071 12 742 500 24 -6 0 51 55
1072 8 609 0 24 -12851 0 60 0
1073 8 1100 0 24 -12851 0 60 0
1074 12 1100 742 24 -6 0 51 55
1075 12 742 500 24 -6 0 55 55
1076 8 500 0 24 -12851 0 60 0
1077 8 500 0 24 -12851 1 60 0
1078 12 742 500 -24 6 1 55 55
1079 8 903 0 -24 -12851 1 55 0
1080 12 609 742 24 -6 1 51 51
1081 12 742 903 -24 6 1 51 55
1082 12 742 1100 24 -6 0 55 51
1083 8 903 0 24 -12851 0 60 0
1084 12 742 500 -24 6 0 55 55
1085 8 742 0 -24 -12851 0 55 0
1086 8 742 0 24 -12851 0 55 0
1087 12 1100 742 24 -6 0 55 55
1088 12 742 903 24 -6 0 55 51
1089 8 1100 0 24 -12851 0 60 0
1090 12 742 1100 -24 6 1 51 51
1091 12 903 742 24 -6 0 55 51
1092 8 609 0 6 -12851 1 55 0
1093 8 609 0 -6 -12851 0 60 0
1094 8 903 0 24 -12851 0 60 0
1095 8 742 0 6 -12851 0 55 0
1096 12 742 609 24 -6 0 51 51
1097 8 903 0 -24 -12851 0 60 0
1098 8 609 0 -6 -12851 0 60 0
1099 12 742 903 -24 6 0 51 55
1100 12 742 1100 24 -6 0 51 51
1101 8 500 0 -6 -12851 0 60 0
1102 8 903 0 -24 -12851 0 55 0
1103 12 742 1100 24 -6 0 51 55
1104 8 1100 0 -6 -12851 0 55 0
1105 8 500 0 24 -12851 0 60 0
1106 12 500 742 24 -6 0 51 51
1107 8 500 0 24 -12851 0 55 0
1108 12 609 742 -24 6 0 55 51
1109 8 1100 0 -24 -12851 0 55 0
1110 12 500 742 -24 6 0 51 55
1111 12 742 903 -24 6 0 55 51
1112 12 609 742 -24 6 0 51 51
1113 12 903 742 -24 6 0 51 55
1114 12 742 903 -24 6 0 51 51
1115 12 500 742 -24 6 0 55 55
1116 8 742 0 -6 -12851 0 60 0
1117 8 742 0 -24 -12851 0 55 0
1118 8 1100 0 -6 -12851 0 55 0
1119 8 609 0 24 -12851 0 55 0
1120 12 742 500 -24 6 0 55 51
1121 8 500 0 24 -12851 0 60 0
1122 8 500 0 -6 -12851 0 60 0
1123 8 1100 0 -24 -12851 0 60 0
1124 12 500 742 24 -6 0 55 51
1125 12 500 742 -24 6 0 55 55
1126 12 1100 742 -24 6 0 51 55
1127 12 500 742 -24 6 0 51 51
1128 12 742 500 -24 6 0 55 51
1129 8 1100 0 24 -12851 0 55 0
1130 12 742 500 -24 6 0 55 51
1131 12 609 742 24 -6 0 51 55
1132 12 500 742 24 -6 0 55 55
1133 12 1100 742 -24 6 0 55 51
1134 8 500 0 6 -12851 0 60 0
1135 8 1100 0 6 -12851 0 55 0
1136 12 1100 742 -24 6 0 51 55
1137 8 742 0 6 -12851 0 60 0
1138 8 742 0 -6 -12851 0 55 0
1139 12 500 742 24 -6 0 51 51
1140 12 1100 742 24 -6 0 51 51
1141 12 742 500 24 -6 0 55 51
1142 12 742 1100 24 -6 0 55 51
1143 12 500 742 -24 6 0 51 51
1144 12 903 742 -24 6 0 51 55
1145 8 903 0 -6 -12851 0 60 0
1146 12 903 742 -24 6 0 55 51
1147 8 742 0 -24 -12851 0 55 0
1148 8 500 0 -24 -12851 0 55 0
1149 12 742 1100 -24 6 0 51 51
1150 8 903 0 24 -12851 0 60 0
1151 8 903 0 -6 -12851 0 60 0
1152 8 609 0 24 -12851 0 60 0
1153 8 609 0 -6 -12851 0 60 0
1154 12 500 742 24 -6 0 55 51
1155 8 609 0 6 -12851 0 60 0
1156 12 742 609 24 -6 0 55 51
1157 8 500 0 -24 -12851 0 55 0
1158 8 500 0 24 -12851 0 60 0
1159 12 500 742 -24 6 0 51 55
1160 8 903 0 6 -12851 0 55 0
1161 8 1100 0 6 -12851 0 60 0
1162 8 903 0 24 -12851 0 60 0
1163 12 500 742 24 -6 0 55 55
1164 12 609 742 24 -6 0 55 51
1165 12 609 742 24 -6 0 51 55
1166 8 903 0 -6 -12851 0 60 0
1167 8 609 0 24 -12851 0 55 0
1168 8 742 0 6 -12851 0 60 0
1169 12 742 500 24 -6 0 51 55
1170 8 500 0 -24 -12851 0 55 0
1171 8 500 0 24 -12851 0 60 0
1172 8 1100 0 -24 -12851 0 55 0
1173 12 903 742 24 -6 0 55 55
1174 8 1100 0 6 -12851 0 55 0
1175 8 742 0 -24 -12851 0 60 0
1176 8 742 0 6 -12851 0 55 0
1177 8 609 0 24 -12851 0 60 0
1178 8 609 0 24 -12851 0 60 0
1179 8 609 0 24 -12851 0 55 0
1180 8 609 0 6 -12851 0 60 0
1181 12 742 903 24 -6 0 51 51
1182 8 500 0 -24 -12851 0 55 0
1183 12 742 500 24 -6 0 51 51
1184 12 903 742 -24 6 0 51 55
1185 12 903 742 24 -6 0 55 55
1186 12 903 742 24 -6 0 55 55
1187 8 500 0 24 -12851 0 60 0
1188 12 609 742 24 -6 0 51 51
1189 8 609 0 6 -12851 0 60 0
1190 12 742 609 24 -6 0 55 51
1191 12 609 742 -24 6 0 51 51
1192 12 903 742 -24 6 0 51 51
1193 12 1100 742 24 -6 0 55 55
1194 12 500 742 -24 6 0 51 51
1195 12 742 609 24 -6 0 55 55
1196 12 903 742 24 -6 0 55 55
1197 12 903 742 24 -6 0 55 55
1198 12 609 742 24 -6 0 51 51
1199 8 903 0 -24 -12851 0 55 0
1200 12 742 903 24 -6 0 55 55
1201 8 742 0 6 -12851 0 55 0
1202 8 903 0 -6 -12851 0 60 0
1203 12 742 1100 -24 6 0 51 55
1204 8 609 0 -24 -12851 0 60 0
1205 12 742 609 24 -6 0 55 51
1206 8 500 0 -6 -12851 0 60 0
1207 12 903 742 24 -6 0 51 51
1208 8 1100 0 24 -12851 0 55 0
1209 8 742 0 24 -12851 0 60 0
1210 8 742 0 24 -12851 0 55 0
1211 12 903 742 -24 6 0 55 51
1212 8 903 0 24 -12851 0 55 0
1213 8 1100 0 6 -12851 0 55 0
1214 12 1100 742 -24 6 0 51 51
1215 8 1100 0 -24 -12851 0 60 0
1216 8 500 0 24 -12851 0 55 0
1217 8 500 0 -24 -12851 0 55 0
1218 12 1100 742 -24 6 0 55 51
1219 8 500 0 6 -12851 0 55 0
1220 8 903 0 -6 -12851 0 60 0
1221 8 903 0 24 -12851 0 55 0
1222 12 1100 742 24 -6 0 55 55
1223 8 1100 0 -24 -12851 0 55 0
1224 12 742 903 -24 6 0 51 55
1225 12 742 609 24 -6 0 51 51
1226 8 742 0 -24 -12851 0 55 0
1227 12 500 742 24 -6 0 51 55
1228 12 742 903 -24 6 0 55 51
1229 8 500 0 6 -12851 0 55 0
1230 12 903 742 -24 6 0 55 51
1231 12 609 742 -24 6 0 51 51
1232 8 609 0 -6 -12851 0 55 0
1233 12 742 1100 24 -6 0 51 51
1234 12 903 742 -24 6 0 55 51
1235 12 609 742 24 -6 0 55 51
1236 8 1100 0 24 -12851 0 55 0
1237 8 609 0 -24 -12851 0 60 0
1238 12 742 500 24 -6 0 55 51
1239 8 903 0 6 -12851 0 55 0
1240 8 609 0 6 -12851 0 55 0
1241 12 609 742 24 -6 0 55 55
1242 12 742 500 -24 6 0 55 55
1243 12 609 742 24 -6 0 51 55
1244 8 1100 0 -6 -12851 0 60 0
1245 12 1100 742 24 -6 0 55 55
1246 8 742 0 24 -12851 0 55 0
1247 12 742 609 -24 6 0 55 55
1248 12 500 742 -24 6 0 51 55
1249 12 1100 742 24 -6 0 51 55
1250 12 742 903 -24 6 0 55 51
1251 12 609 742 -24 6 0 55 55
1252 8 742 0 -6 -12851 0 55 0
1253 12 500 742 -24 6 0 51 51
1254 12 742 500 24 -6 0 51 51
1255 12 500 742 24 -6 0 55 55
1256 8 1100 0 24 -12851 0 60 0
1257 12 609 742 -24 6 0 51 55
1258 12 500 742 24 -6 0 55 55
1259 8 1100 0 -6 -12851 0 55 0
1260 12 742 500 -24 6 0 51 51
1261 12 609 742 -24 6 0 51 55
1262 12 1100 742 24 -6 0 51 51
1263 8 742 0 6 -12851 0 55 0
1264 8 742 0 -6 -12851 0 55 0
1265 12 903 742 24 -6 0 51 51
1266 12 742 1100 24 -6 0 55 55
1267 12 742 1100 -24 6 0 51 55
1268 8 1100 0 -24 -12851 0 55 0
1269 12 742 609 -24 6 0 51 55
1270 12 742 1100 -24 6 0 55 51
1271 8 500 0 6 -12851 0 55 0
1272 12 742 903 24 -6 0 51 55
1273 8 742 0 24 -12851 0 55 0
1274 8 1100 0 -6 -12851 0 60 0
1275 8 500 0 -6 -12851 0 55 0
1276 12 742 903 -24 6 0 55 55
1277 12 903 742 -24 6 0 55 55
1278 12 742 903 24 -6 0 51 51
1279 8 609 0 -6 -12851 0 60 0
1280 12 742 500 24 -6 0 51 55
1281 8 903 0 6 -12851 0 60 0
1282 12 609 742 -24 6 0 51 51
1283 12 742 609 24 -6 0 51 51
1284 12 742 1100 -24 6 0 51 51
1285 8 903 0 6 -12851 0 55 0
1286 12 1100 742 24 -6 0 55 51
1287 12 500 742 -24 6 0 55 55
1288 8 903 0 6 -12851 0 60 0
1289 12 742 609 -24 6 0 51 51
1290 12 1100 742 24 -6 0 51 55
1291 8 500 0 24 -12851 0 60 0
1292 8 609 0 -24 -12851 0 60 0
1293 12 500 742 -24 6 0 51 51
1294 8 609 0 -6 -12851 0 60 0
1295 12 1100 742 -24 6 0 55 55
1296 12 742 903 -24 6 0 55 51
1297 12 742 1100 24 -6 0 55 55
1298 12 500 742 -24 6 0 51 51
1299 12 903 742 -24 6 0 55 55
1300 8 500 0 -6 -12851 0 55 0
1301 8 500 0 -24 -12851 0 60 0
1302 12 500 742 24 -6 0 55 55
1303 12 742 1100 -24 6 0 55 51
1304 8 903 0 -6 -12851 0 55 0
1305 8 1100 0 -24 -12851 0 60 0
1306 8 903 0 -24 -12851 0 60 0
1307 8 903 0 6 -12851 0 60 0
1308 8 609 0 24 -12851 0 60 0
1309 8 742 0 -6 -12851 0 60 0
1310 12 609 742 24 -6 0 55 51
1311 12 742 500 -24 6 0 55 55
1312 8 500 0 -24 -12851 0 55 0
1313 8 500 0 6 -12851 0 55 0
1314 12 742 1100 24 -6 0 51 55
1315 8 1100 0 24 -12851 0 55 0
1316 12 742 609 24 -6 0 55 55
1317 12 903 742 -24 6 0 51 55
1318 8 1100 0 -6 -12851 0 60 0
1319 8 742 0 -6 -12851 1 55 0
1320 8 742 0 -24 -12851 1 55 0
1321 8 609 0 24 -12851 0 55 0
1322 8 609 0 24 -12851 0 55 0
1323 12 742 1100 -24 6 0 55 51
1324 8 500 0 -6 -12851 1 55 0
1325 12 609 742 24 -6 0 55 51
1326 12 742 1100 -24 6 0 55 51
1327 8 500 0 -6 -12851 0 60 0
1328 12 742 903 -24 6 1 51 51
1329 12 742 609 24 -6 0 55 55
1330 12 742 1100 24 -6 1 51 55
1331 8 1100 0 6 -12851 1 55 0
1332 8 609 0 24 -12851 0 55 0
1333 8 903 0 -24 -12851 0 55 0
1334 12 742 609 24 -6 1 51 51
1335 8 500 0 -6 -12851 0 60 0
1336 8 1100 0 -6 -12851 1 55 0
1337 8 500 0 6 -12851 1 60 0
1338 8 742 0 -6 -12851 1 60 0
1339 12 742 1100 24 -6 1 51 51
1340 12 500 742 24 -6 0 55 55
1341 8 742 0 6 -12851 1 60 0
1342 12 903 742 24 -6 1 55 55
1343 12 500 742 -24 6 1 55 51
1344 12 742 500 -24 6 0 55 55
1345 12 609 742 -24 6 1 55 51
1346 8 609 0 -6 -12851 1 55 0
1347 12 742 500 -24 6 1 51 55
1348 12 1100 742 24 -6 1 55 55
1349 12 742 500 24 -6 1 51 51
1350 12 609 742 -24 6 0 55 55
1351 8 903 0 -24 -12851 0 55 0
1352 8 609 0 -6 -12851 1 55 0
