1 8 903 0 -24 -12851 0 55 0
2 8 609 0 24 -12851 0 55 0
3 12 1100 742 24 -6 0 55 51
4 12 609 742 24 -6 0 51 51
5 12 903 742 24 -6 0 55 55
6 8 742 0 -6 -12851 0 60 0
7 8 1100 0 24 -12851 0 60 0
8 8 1100 0 -6 -12851 0 55 0
9 12 609 742 24 -6 0 51 55
10 8 500 0 24 -12851 0 60 0
11 8 903 0 -24 -12851 0 55 0
12 8 500 0 -24 -12851 0 60 0
13 8 742 0 6 -12851 0 55 0
14 8 903 0 6 -12851 0 55 0
15 8 742 0 -6 -12851 0 60 0
16 12 742 609 24 -6 0 51 51
17 8 500 0 -24 -12851 0 55 0
18 8 609 0 -6 -12851 0 55 0
19 12 742 500 -24 6 0 55 51
20 8 609 0 -24 -12851 0 55 0
21 12 742 903 -24 6 0 51 51
22 8 1100 0 24 -12851 0 55 0
23 8 500 0 24 -12851 0 55 0
24 8 500 0 6 -12851 0 60 0
25 12 500 742 -24 6 0 55 55
26 8 500 0 -24 -12851 0 60 0
27 8 609 0 24 -12851 0 55 0
28 8 742 0 -6 -12851 0 55 0
29 12 500 742 -24 6 0 55 55
30 12 742 1100 24 -6 0 51 55
411 12 742 609 -24 6 0 51 55
412 8 1100 0 -6 -12851 0 55 0
413 12 742 609 -24 6 0 51 51
414 8 742 0 6 -12851 0 60 0
415 12 742 609 -24 6 0 51 55
416 8 742 0 -6 -12851 1 55 0
417 8 1100 0 -24 -12851 1 60 0
418 8 742 0 -6 -12851 0 55 0
419 8 1100 0 6 -12851 1 60 0
420 8 903 0 24 -12851 1 55 0
421 8 903 0 24 -12851 0 55 0
422 8 609 0 24 -12851 1 60 0
423 8 1100 0 -24 -12851 0 60 0
424 12 742 903 -24 6 1 55 55
425 8 742 0 6 -12851 1 55 0
426 8 609 0 6 -12851 0 60 0
427 12 903 742 24 -6 0 55 55
428 8 609 0 -24 -12851 0 60 0
429 8 500 0 -6 -12851 1 60 0
430 8 500 0 6 -12851 0 60 0
431 12 742 903 24 -6 0 55 51
432 8 500 0 -24 -12851 1 55 0
433 8 903 0 -6 -12851 0 55 0
434 12 742 500 24 -6 1 51 55
435 12 609 742 -24 6 1 55 51
436 8 903 0 24 -12851 1 60 0
437 12 742 903 -24 6 1 51 55
438 8 903 0 24 -12851 0 60 0
439 12 742 500 -24 6 1 51 55
440 12 742 903 24 -6 0 55 51
441 8 609 0 -24 -12851 1 55 0
442 8 742 0 6 -12851 1 60 0
443 12 500 742 24 -6 0 51 51
444 8 1100 0 -24 -12851 1 55 0
445 12 903 742 24 -6 1 55 55
446 12 742 1100 -24 6 1 55 55
447 8 1100 0 -24 -12851 1 60 0
448 8 500 0 -6 -12851 0 55 0
449 12 1100 742 24 -6 0 51 55
450 12 742 903 -24 6 1 51 51
451 8 903 0 24 -12851 1 55 0
452 12 742 1100 24 -6 0 51 51
453 12 742 500 -24 6 1 51 55
454 8 500 0 -24 -12851 1 55 0
455 8 742 0 -24 -12851 1 55 0
456 8 903 0 24 -12851 0 55 0
457 12 742 609 -24 6 1 55 51
458 8 742 0 -6 -12851 0 60 0
459 12 742 1100 -24 6 0 51 51
460 8 500 0 6 -12851 1 60 0
461 8 609 0 -6 -12851 1 55 0
462 12 742 609 -24 6 1 55 51
463 8 609 0 24 -12851 0 55 0
464 12 609 742 24 -6 1 51 55
465 12 742 609 24 -6 1 55 55
466 12 742 500 24 -6 1 55 51
467 8 1100 0 -24 -12851 1 60 0
468 12 1100 742 24 -6 1 51 51
469 12 903 742 24 -6 1 51 55
470 8 903 0 6 -12851 1 55 0
471 12 1100 742 24 -6 1 51 51
472 8 903 0 -24 -12851 1 60 0
473 12 742 609 24 -6 1 51 55
474 12 1100 742 24 -6 0 55 51
475 12 742 1100 24 -6 1 55 51
476 8 742 0 6 -12851 1 60 0
477 12 609 742 -24 6 1 51 55
478 8 742 0 24 -12851 0 55 0
479 12 1100 742 24 -6 1 55 55
480 8 1100 0 -24 -12851 1 60 0
481 12 903 742 24 -6 1 51 51
482 12 742 1100 -24 6 0 51 55
483 12 903 742 24 -6 1 51 55
484 8 742 0 -24 -12851 1 60 0
485 8 903 0 -6 -12851 0 60 0
486 8 500 0 -24 -12851 0 55 0
487 12 500 742 -24 6 1 55 55
488 12 1100 742 24 -6 0 55 51
489 8 500 0 6 -12851 1 55 0
490 12 1100 742 -24 6 1 55 55
491 12 500 742 24 -6 1 55 55
492 12 742 903 -24 6 0 51 55
493 8 609 0 -6 -12851 1 55 0
494 12 742 1100 -24 6 1 51 51
495 8 500 0 6 -12851 1 60 0
496 12 903 742 -24 6 1 55 55
497 12 500 742 -24 6 1 51 51
498 12 500 742 24 -6 1 51 55
499 12 742 500 -24 6 0 55 55
500 8 1100 0 -6 -12851 1 60 0
501 12 1100 742 -24 6 1 51 51
502 12 742 609 24 -6 1 55 55
503 8 609 0 24 -12851 1 60 0
504 12 903 742 -24 6 0 51 51
505 8 609 0 -6 -12851 1 60 0
506 8 1100 0 -6 -12851 1 55 0
507 12 609 742 -24 6 1 51 55
508 12 742 1100 24 -6 0 55 55
509 12 742 609 -24 6 1 55 55
510 12 500 742 -24 6 1 51 51
511 12 609 742 24 -6 0 55 55
512 12 742 609 -24 6 0 55 55
513 8 903 0 24 -12851 1 60 0
514 8 1100 0 24 -12851 0 60 0
515 12 742 1100 -24 6 1 51 51
516 12 742 903 24 -6 0 51 51
517 8 1100 0 6 -12851 1 60 0
518 8 1100 0 6 -12851 1 60 0
519 8 1100 0 24 -12851 1 60 0
520 12 742 903 24 -6 1 55 55
521 8 500 0 24 -12851 1 60 0
522 8 609 0 -24 -12851 1 55 0
523 12 1100 742 -24 6 1 55 55
524 8 609 0 24 -12851 1 60 0
525 8 609 0 -6 -12851 1 55 0
526 8 903 0 -24 -12851 0 60 0
527 12 500 742 -24 6 0 55 51
528 8 500 0 -24 -12851 1 55 0
529 8 500 0 6 -12851 1 55 0
530 12 609 742 24 -6 1 51 51
531 12 742 609 -24 6 0 55 51
532 8 903 0 6 -12851 1 60 0
533 8 903 0 6 -12851 1 60 0
534 12 500 742 -24 6 0 51 51
535 8 742 0 24 -12851 0 60 0
536 12 742 500 24 -6 1 55 55
537 8 742 0 -24 -12851 1 55 0
538 8 742 0 -24 -12851 1 60 0
539 8 500 0 6 -12851 1 60 0
540 12 1100 742 24 -6 1 51 55
541 8 500 0 -6 -12851 1 60 0
542 12 903 742 24 -6 1 55 55
543 12 1100 742 -24 6 1 51 51
544 8 903 0 24 -12851 1 60 0
545 8 1100 0 -6 -12851 1 60 0
546 8 609 0 6 -12851 0 60 0
547 12 742 1100 -24 6 0 51 51
548 8 1100 0 24 -12851 1 60 0
549 12 742 500 -24 6 0 55 51
550 8 1100 0 -24 -12851 1 60 0
551 8 903 0 6 -12851 0 55 0
552 8 903 0 6 -12851 1 60 0
553 8 609 0 -24 -12851 1 60 0
554 12 742 1100 24 -6 1 51 51
555 8 609 0 24 -12851 1 55 0
556 12 1100 742 -24 6 1 51 55
557 12 742 903 -24 6 1 51 55
558 8 500 0 24 -12851 1 60 0
559 8 500 0 6 -12851 0 60 0
560 12 742 903 24 -6 0 51 55
561 8 742 0 -24 -12851 0 60 0
562 12 742 500 -24 6 1 55 55
563 12 500 742 24 -6 1 51 51
564 8 742 0 -6 -12851 1 55 0
565 12 742 903 24 -6 1 55 55
566 8 742 0 -6 -12851 1 55 0
567 12 500 742 -24 6 1 51 51
568 12 742 1100 -24 6 1 51 51
569 8 903 0 6 -12851 0 55 0
570 8 903 0 -24 -12851 1 55 0
571 8 1100 0 6 -12851 1 55 0
572 12 903 742 -24 6 1 51 51
573 12 742 903 24 -6 0 51 55
574 12 742 500 -24 6 1 55 51
575 8 742 0 -6 -12851 1 55 0
576 12 742 1100 24 -6 1 51 51
577 12 742 1100 24 -6 0 55 55
578 12 742 609 -24 6 1 51 51
579 8 903 0 24 -12851 1 60 0
580 8 742 0 -6 -12851 0 55 0
581 8 742 0 -24 -12851 1 55 0
582 12 742 903 -24 6 1 55 55
583 8 500 0 6 -12851 1 55 0
584 8 903 0 6 -12851 0 55 0
585 8 609 0 -6 -12851 0 60 0
586 8 609 0 24 -12851 1 60 0
587 12 742 903 -24 6 1 51 51
588 12 609 742 -24 6 1 55 51
589 8 609 0 -6 -12851 1 60 0
590 12 609 742 24 -6 0 51 55
591 8 1100 0 -6 -12851 1 60 0
592 12 742 500 24 -6 1 55 51
593 12 1100 742 24 -6 1 55 51
594 12 500 742 -24 6 0 51 51
595 12 903 742 -24 6 1 55 51
596 8 1100 0 -24 -12851 1 55 0
597 8 500 0 -6 -12851 0 60 0
598 12 903 742 24 -6 1 55 55
599 12 609 742 24 -6 0 51 51
600 8 500 0 -24 -12851 1 55 0
601 8 500 0 -24 -12851 0 60 0
602 12 742 609 24 -6 1 55 55
603 8 500 0 24 -12851 1 55 0
604 12 1100 742 -24 6 1 55 55
605 12 500 742 -24 6 0 55 55
606 12 742 1100 24 -6 1 51 55
607 12 1100 742 24 -6 1 55 55
608 12 742 609 -24 6 1 55 51
609 12 1100 742 -24 6 0 55 51
610 12 1100 742 24 -6 0 55 55
611 8 609 0 24 -12851 1 55 0
612 12 903 742 24 -6 1 55 55
613 8 609 0 -6 -12851 0 60 0
614 8 1100 0 -24 -12851 1 60 0
615 8 903 0 -24 -12851 1 60 0
616 8 609 0 6 -12851 0 55 0
617 12 903 742 -24 6 1 51 51
618 8 742 0 6 -12851 1 55 0
619 8 500 0 24 -12851 0 55 0
620 8 742 0 -24 -12851 0 55 0
621 12 742 903 24 -6 0 55 55
622 12 742 903 -24 6 1 55 51
623 8 742 0 24 -12851 0 60 0
624 8 903 0 -6 -12851 0 55 0
625 8 903 0 24 -12851 0 60 0
626 12 500 742 -24 6 0 55 55
627 12 1100 742 24 -6 0 55 55
628 12 500 742 -24 6 1 55 51
629 12 500 742 24 -6 0 55 55
630 8 500 0 -6 -12851 1 60 0
631 8 1100 0 24 -12851 1 60 0
632 8 1100 0 6 -12851 1 60 0
633 12 742 903 24 -6 0 51 51
634 12 742 609 -24 6 1 55 55
635 8 609 0 24 -12851 1 55 0
636 12 609 742 24 -6 1 51 51
637 8 609 0 24 -12851 1 60 0
638 12 742 500 24 -6 1 51 55
639 8 500 0 24 -12851 1 60 0
640 8 903 0 -24 -12851 1 60 0
641 12 742 500 -24 6 1 55 51
642 8 500 0 -6 -12851 0 60 0
643 8 1100 0 -24 -12851 0 60 0
644 12 903 742 24 -6 0 51 51
645 8 742 0 -6 -12851 0 60 0
646 12 1100 742 -24 6 1 51 55
647 12 742 609 -24 6 1 55 55
648 8 903 0 -24 -12851 1 55 0
649 12 500 742 -24 6 1 55 55
650 8 500 0 -24 -12851 1 55 0
651 12 742 609 -24 6 0 51 51
652 12 742 609 24 -6 1 51 55
653 12 742 500 -24 6 0 55 55
654 8 609 0 -6 -12851 1 60 0
655 12 742 609 24 -6 1 55 55
656 12 1100 742 -24 6 1 51 51
657 8 903 0 6 -12851 1 55 0
658 8 609 0 -24 -12851 1 55 0
659 12 742 1100 24 -6 0 51 51
660 8 742 0 -24 -12851 0 60 0
661 12 742 500 -24 6 1 51 51
662 8 1100 0 24 -12851 1 55 0
663 12 903 742 -24 6 1 51 51
664 8 1100 0 -6 -12851 0 60 0
665 8 742 0 -24 -12851 1 60 0
666 8 903 0 6 -12851 1 55 0
667 12 903 742 24 -6 1 55 51
668 12 500 742 24 -6 1 55 51
669 12 1100 742 -24 6 1 55 55
670 12 1100 742 24 -6 1 55 55
671 8 903 0 -24 -12851 1 55 0
672 12 500 742 24 -6 1 55 51
673 8 1100 0 -24 -12851 1 60 0
674 8 742 0 -6 -12851 1 60 0
675 8 609 0 -24 -12851 1 55 0
676 8 609 0 -24 -12851 1 55 0
677 12 1100 742 -24 6 1 55 55
678 12 903 742 24 -6 0 55 55
679 12 1100 742 24 -6 1 51 51
680 12 500 742 -24 6 1 51 51
681 8 1100 0 -24 -12851 1 60 0
682 12 742 903 -24 6 0 51 51
683 8 903 0 24 -12851 1 60 0
684 12 742 609 24 -6 1 51 51
685 12 609 742 -24 6 1 55 55
686 12 742 609 24 -6 1 51 51
687 12 742 903 -24 6 1 51 55
688 12 1100 742 -24 6 1 55 51
689 8 742 0 24 -12851 0 55 0
690 12 609 742 24 -6 1 55 51
691 12 742 500 24 -6 0 51 51
692 12 742 1100 24 -6 1 55 55
693 8 609 0 6 -12851 0 60 0
694 12 742 903 -24 6 0 55 55
695 12 609 742 -24 6 1 51 51
696 12 742 500 -24 6 1 51 55
697 8 742 0 24 -12851 1 55 0
698 12 742 500 24 -6 1 55 51
699 8 500 0 -24 -12851 1 60 0
700 12 742 609 -24 6 1 51 51
701 12 903 742 -24 6 1 55 55
702 12 609 742 -24 6 1 51 55
703 12 500 742 -24 6 1 55 55
704 8 500 0 24 -12851 1 55 0
705 8 1100 0 -6 -12851 0 60 0
706 8 903 0 6 -12851 1 55 0
707 12 903 742 -24 6 0 55 55
708 12 903 742 24 -6 0 51 55
709 12 903 742 24 -6 1 51 51
710 8 500 0 -24 -12851 1 55 0
711 8 1100 0 -6 -12851 0 55 0
712 8 1100 0 -24 -12851 1 60 0
713 12 742 1100 -24 6 1 51 51
714 8 609 0 6 -12851 0 60 0
715 12 500 742 24 -6 1 51 55
716 8 1100 0 6 -12851 1 60 0
717 8 609 0 -6 -12851 1 55 0
718 12 903 742 -24 6 0 55 55
719 12 1100 742 24 -6 0 55 51
720 12 742 609 24 -6 1 51 51
721 12 903 742 24 -6 0 55 55
722 8 903 0 6 -12851 1 55 0
723 8 500 0 -24 -12851 1 60 0
724 12 742 1100 -24 6 1 51 51
725 12 1100 742 24 -6 1 51 51
726 8 903 0 -6 -12851 1 60 0
727 12 742 903 24 -6 1 55 55
728 12 742 903 -24 6 0 51 55
729 12 742 609 -24 6 1 55 51
730 12 609 742 -24 6 1 55 55
731 12 742 609 -24 6 1 51 55
732 8 609 0 -6 -12851 1 60 0
733 8 903 0 -24 -12851 1 60 0
734 12 1100 742 -24 6 1 55 51
735 12 742 903 24 -6 1 51 51
736 12 609 742 -24 6 1 55 51
737 12 609 742 24 -6 1 55 51
738 8 1100 0 -6 -12851 0 55 0
739 12 609 742 24 -6 1 51 55
740 12 903 742 24 -6 1 55 55
741 12 609 742 24 -6 0 55 55
742 12 742 500 24 -6 0 51 55
743 12 1100 742 24 -6 1 55 55
744 8 500 0 -6 -12851 1 55 0
745 12 742 1100 -24 6 1 51 51
746 8 500 0 -6 -12851 0 60 0
747 12 742 609 24 -6 1 51 55
748 12 742 1100 24 -6 0 55 55
749 12 742 1100 -24 6 1 55 55
750 8 742 0 -24 -12851 1 55 0
751 12 500 742 -24 6 0 55 55
752 12 609 742 24 -6 1 55 55
753 12 609 742 24 -6 1 55 51
754 8 742 0 24 -12851 1 55 0
755 12 742 609 -24 6 0 51 51
756 12 742 903 24 -6 0 51 55
757 8 742 0 -24 -12851 1 60 0
758 8 903 0 6 -12851 1 55 0
759 12 1100 742 -24 6 1 55 55
760 12 742 609 24 -6 0 55 55
761 8 903 0 -24 -12851 1 60 0
762 12 742 500 24 -6 1 51 51
763 8 903 0 6 -12851 1 55 0
764 8 500 0 -24 -12851 1 55 0
765 8 903 0 24 -12851 0 60 0
766 12 742 903 24 -6 1 51 55
767 12 903 742 -24 6 1 55 51
768 12 500 742 24 -6 0 51 51
769 12 742 609 -24 6 1 51 51
770 12 742 903 24 -6 0 55 55
771 8 500 0 -24 -12851 0 60 0
772 8 609 0 6 -12851 0 55 0
773 8 1100 0 24 -12851 1 55 0
774 12 742 1100 -24 6 1 51 51
775 12 609 742 -24 6 0 55 55
776 12 500 742 24 -6 1 55 51
777 12 742 500 24 -6 0 55 51
778 12 903 742 -24 6 1 55 51
779 12 742 1100 24 -6 1 55 55
780 8 500 0 -24 -12851 1 55 0
781 8 742 0 6 -12851 0 60 0
782 8 1100 0 6 -12851 0 55 0
783 12 742 1100 24 -6 1 55 55
784 8 742 0 -24 -12851 1 55 0
785 12 903 742 -24 6 1 55 51
786 8 609 0 6 -12851 1 55 0
787 8 742 0 -24 -12851 1 60 0
788 8 609 0 6 -12851 0 55 0
789 12 742 500 24 -6 1 55 55
790 12 742 1100 -24 6 1 51 51
791 12 742 903 24 -6 1 55 55
792 12 742 609 -24 6 1 55 55
793 8 1100 0 6 -12851 0 60 0
794 12 500 742 -24 6 1 55 51
795 8 1100 0 -24 -12851 1 60 0
796 8 1100 0 6 -12851 1 55 0
797 8 609 0 24 -12851 1 60 0
798 12 903 742 -24 6 1 55 55
799 8 609 0 -24 -12851 0 55 0
800 12 742 903 24 -6 1 51 51
801 12 903 742 24 -6 0 55 55
802 8 903 0 6 -12851 1 60 0
803 8 500 0 -6 -12851 0 60 0
804 8 609 0 6 -12851 1 55 0
805 12 742 500 -24 6 0 55 51
806 8 742 0 -6 -12851 1 55 0
807 12 742 500 -24 6 1 55 55
808 8 903 0 24 -12851 1 55 0
809 12 742 609 24 -6 1 51 51
810 8 903 0 -6 -12851 1 55 0
811 8 742 0 24 -12851 1 60 0
812 8 742 0 6 -12851 0 60 0
813 12 742 903 24 -6 1 55 55
814 12 609 742 24 -6 1 55 55
815 8 1100 0 -6 -12851 0 60 0
816 12 742 500 -24 6 1 51 55
817 8 500 0 6 -12851 1 55 0
818 8 1100 0 -24 -12851 0 55 0
819 8 500 0 -24 -12851 1 55 0
820 12 742 500 24 -6 1 51 51
821 8 903 0 -6 -12851 0 60 0
822 12 1100 742 -24 6 1 51 55
823 8 903 0 6 -12851 1 60 0
824 8 609 0 -24 -12851 0 55 0
825 8 742 0 24 -12851 0 60 0
826 12 742 1100 -24 6 1 55 55
827 8 609 0 -6 -12851 0 60 0
828 12 742 500 -24 6 1 55 55
829 12 742 500 24 -6 0 51 55
830 12 1100 742 -24 6 1 51 51
831 8 500 0 -6 -12851 1 55 0
832 12 903 742 24 -6 0 55 55
833 12 1100 742 -24 6 1 51 55
834 8 609 0 24 -12851 1 60 0
835 8 742 0 6 -12851 0 55 0
836 8 1100 0 -6 -12851 0 55 0
837 8 1100 0 24 -12851 0 55 0
838 8 903 0 24 -12851 0 60 0
839 12 742 1100 -24 6 0 55 51
840 12 742 500 -24 6 0 55 51
841 12 742 500 -24 6 1 55 51
842 8 1100 0 -6 -12851 1 60 0
843 12 903 742 -24 6 1 55 55
844 12 500 742 -24 6 1 51 51
845 8 500 0 24 -12851 1 55 0
846 8 742 0 6 -12851 1 60 0
847 12 742 609 -24 6 1 55 55
848 8 903 0 -24 -12851 1 55 0
849 12 500 742 24 -6 1 55 55
850 8 500 0 -6 -12851 1 55 0
851 12 903 742 -24 6 1 51 51
852 12 742 500 24 -6 0 55 51
853 12 742 1100 24 -6 0 55 51
854 12 742 903 24 -6 1 51 51
855 8 903 0 -6 -12851 0 55 0
856 8 903 0 24 -12851 1 55 0
857 12 609 742 -24 6 1 51 51
858 8 1100 0 -24 -12851 1 55 0
859 8 742 0 -24 -12851 0 55 0
860 12 742 609 -24 6 1 51 51
861 8 903 0 -24 -12851 1 60 0
862 8 742 0 6 -12851 1 55 0
863 8 742 0 24 -12851 1 60 0
864 8 500 0 24 -12851 1 55 0
865 8 903 0 24 -12851 1 60 0
866 12 609 742 24 -6 1 51 51
867 8 609 0 24 -12851 0 55 0
868 8 609 0 -24 -12851 1 60 0
869 12 903 742 -24 6 0 55 55
870 8 609 0 6 -12851 1 60 0
871 8 1100 0 -24 -12851 1 60 0
872 8 1100 0 -6 -12851 0 60 0
873 8 500 0 24 -12851 0 60 0
874 12 742 500 24 -6 1 55 55
875 12 742 1100 24 -6 1 55 51
876 12 500 742 -24 6 1 55 55
877 12 742 1100 24 -6 0 51 51
878 8 500 0 -24 -12851 1 60 0
879 8 1100 0 -24 -12851 1 60 0
880 8 1100 0 6 -12851 0 60 0
881 8 742 0 -6 -12851 0 55 0
882 8 609 0 -6 -12851 0 55 0
883 8 1100 0 6 -12851 0 60 0
884 12 742 903 -24 6 0 51 51
885 12 742 609 -24 6 1 55 51
886 12 1100 742 -24 6 1 55 55
887 12 742 500 24 -6 1 51 55
888 8 1100 0 6 -12851 0 60 0
889 8 500 0 -6 -12851 0 60 0
890 8 500 0 -6 -12851 0 60 0
891 8 903 0 -24 -12851 1 55 0
892 12 742 903 -24 6 1 55 51
893 12 500 742 -24 6 0 55 55
894 8 500 0 -6 -12851 1 55 0
895 8 903 0 -24 -12851 0 55 0
896 8 903 0 6 -12851 1 60 0
897 8 609 0 -6 -12851 0 55 0
898 8 609 0 24 -12851 0 55 0
899 12 742 1100 24 -6 0 55 51
900 8 742 0 -6 -12851 0 60 0
901 12 609 742 24 -6 1 55 51
902 8 742 0 6 -12851 1 55 0
903 8 609 0 6 -12851 1 60 0
904 12 742 903 24 -6 0 51 55
905 12 742 903 -24 6 1 51 55
906 12 1100 742 -24 6 1 55 51
907 12 1100 742 -24 6 0 51 55
908 12 742 903 24 -6 0 51 55
909 12 903 742 24 -6 0 55 55
910 8 609 0 -6 -12851 0 60 0
911 12 742 609 -24 6 0 51 55
912 8 609 0 -24 -12851 0 55 0
913 8 1100 0 24 -12851 0 60 0
914 12 742 1100 24 -6 0 55 51
915 8 500 0 24 -12851 1 55 0
916 12 1100 742 24 -6 0 55 55
917 8 742 0 6 -12851 1 60 0
918 12 742 500 24 -6 0 55 51
919 8 903 0 24 -12851 1 60 0
920 12 742 500 24 -6 1 51 51
921 12 742 609 24 -6 0 51 51
922 12 609 742 -24 6 1 51 51
923 8 903 0 6 -12851 0 60 0
924 8 742 0 6 -12851 0 60 0
925 8 609 0 24 -12851 0 60 0
926 12 742 609 -24 6 1 51 55
927 12 609 742 -24 6 1 55 55
928 12 1100 742 24 -6 0 51 51
929 12 609 742 24 -6 0 51 51
930 12 742 903 -24 6 0 51 51
931 8 903 0 6 -12851 0 55 0
932 12 903 742 24 -6 0 51 51
933 8 500 0 -6 -12851 0 55 0
934 12 742 609 24 -6 0 51 55
935 12 903 742 -24 6 0 55 51
936 12 742 609 24 -6 0 51 55
937 8 1100 0 6 -12851 0 60 0
938 12 500 742 -24 6 0 55 55
939 8 742 0 6 -12851 0 60 0
940 8 1100 0 6 -12851 0 55 0
941 8 500 0 24 -12851 0 55 0
942 12 742 500 -24 6 0 51 55
943 8 500 0 -24 -12851 0 60 0
944 12 1100 742 24 -6 0 51 55
945 12 903 742 24 -6 0 55 51
946 8 500 0 -24 -12851 0 55 0
947 8 500 0 24 -12851 0 55 0
948 8 903 0 -6 -12851 0 60 0
949 12 903 742 24 -6 0 51 55
950 8 742 0 -24 -12851 0 60 0
951 8 742 0 6 -12851 1 55 0
952 8 609 0 -6 -12851 1 55 0
953 8 742 0 6 -12851 1 55 0
954 12 609 742 24 -6 1 51 51
955 12 742 500 -24 6 1 55 51
956 8 609 0 -24 -12851 1 55 0
957 12 903 742 24 -6 1 55 55
958 8 500 0 6 -12851 0 55 0
959 8 903 0 -24 -12851 1 55 0
960 8 609 0 6 -12851 1 55 0
961 8 903 0 6 -12851 0 55 0
962 12 742 609 24 -6 1 55 55
963 12 742 500 24 -6 1 55 51
964 12 742 500 -24 6 1 55 55
965 8 1100 0 24 -12851 1 55 0
966 8 1100 0 -6 -12851 0 60 0
967 12 903 742 24 -6 1 51 51
968 12 903 742 -24 6 0 51 55
969 8 1100 0 -24 -12851 1 55 0
970 12 500 742 24 -6 1 55 55
971 12 742 500 24 -6 0 55 51
972 8 609 0 -24 -12851 1 55 0
973 8 609 0 6 -12851 0 55 0
974 12 1100 742 -24 6 1 55 55
975 12 742 1100 -24 6 0 51 51
976 12 609 742 -24 6 0 51 51
977 8 1100 0 6 -12851 0 60 0
978 8 609 0 -24 -12851 0 55 0
979 12 500 742 24 -6 0 55 55
980 8 903 0 -6 -12851 1 60 0
981 12 742 609 -24 6 1 51 51
982 8 500 0 -24 -12851 1 55 0
983 8 500 0 6 -12851 1 55 0
984 8 500 0 -24 -12851 0 55 0
985 12 903 742 -24 6 0 55 55
986 12 1100 742 -24 6 1 55 55
987 12 742 1100 24 -6 1 51 51
988 12 903 742 24 -6 1 51 55
989 8 609 0 -24 -12851 0 60 0
990 12 1100 742 24 -6 0 51 51
991 12 742 903 24 -6 0 51 51
992 12 609 742 24 -6 0 55 51
993 8 742 0 6 -12851 1 60 0
994 12 609 742 24 -6 0 55 55
995 8 903 0 24 -12851 0 60 0
996 8 903 0 -6 -12851 0 55 0
997 12 609 742 -24 6 1 51 51
998 8 1100 0 6 -12851 1 55 0
999 12 903 742 24 -6 1 55 51
1000 12 742 609 -24 6 1 55 51
1001 12 1100 742 -24 6 0 55 51
1002 12 742 903 24 -6 1 55 55
1003 8 742 0 6 -12851 1 60 0
1004 12 742 1100 -24 6 1 51 51
1005 12 742 500 -24 6 0 55 51
1006 8 742 0 -6 -12851 0 60 0
1007 8 1100 0 6 -12851 1 55 0
1008 12 742 1100 -24 6 1 55 51
1009 12 500 742 -24 6 1 55 55
1010 8 903 0 -6 -12851 0 60 0
1011 8 903 0 -24 -12851 1 55 0
1012 8 609 0 24 -12851 0 55 0
1013 8 742 0 -24 -12851 1 60 0
1014 8 1100 0 -24 -12851 0 60 0
1015 8 1100 0 -24 -12851 1 55 0
1016 12 903 742 -24 6 1 55 51
1017 8 500 0 6 -12851 1 55 0
1018 8 903 0 6 -12851 0 60 0
1019 12 742 903 -24 6 1 51 51
1020 12 500 742 -24 6 1 51 51
1021 8 500 0 -24 -12851 0 60 0
1022 12 903 742 24 -6 0 55 51
1023 8 742 0 24 -12851 0 55 0
1024 12 742 903 -24 6 0 55 55
1025 8 903 0 -24 -12851 1 60 0
1026 12 903 742 24 -6 1 51 51
1027 12 500 742 24 -6 1 55 51
1028 12 742 903 -24 6 1 55 55
1029 8 742 0 6 -12851 1 60 0
1030 12 742 903 24 -6 1 51 51
1031 8 500 0 6 -12851 1 55 0
1032 12 1100 742 24 -6 0 51 55
1033 12 500 742 24 -6 1 55 55
1034 8 609 0 -24 -12851 1 55 0
1035 12 742 609 -24 6 1 55 55
1036 8 609 0 24 -12851 0 55 0
1037 12 500 742 -24 6 1 55 55
1038 8 1100 0 -6 -12851 1 60 0
1039 12 609 742 24 -6 0 55 55
1040 8 742 0 6 -12851 1 55 0
1041 8 742 0 6 -12851 0 60 0
1042 12 609 742 24 -6 0 55 51
1043 12 742 1100 -24 6 1 51 55
1044 12 742 609 -24 6 1 55 51
1045 12 903 742 -24 6 1 55 55
1046 8 1100 0 24 -12851 1 55 0
1047 12 742 500 -24 6 1 51 51
1048 8 609 0 24 -12851 1 60 0
1049 8 903 0 24 -12851 1 55 0
1050 8 500 0 -24 -12851 0 55 0
1051 8 609 0 6 -12851 1 60 0
1052 12 742 1100 24 -6 1 55 55
1053 8 1100 0 6 -12851 1 60 0
1054 12 742 500 24 -6 0 51 51
1055 12 742 903 -24 6 1 55 51
1056 8 609 0 -24 -12851 0 60 0
1057 12 742 609 -24 6 1 55 51
1058 12 742 609 -24 6 1 51 51
1059 8 1100 0 6 -12851 0 60 0
1060 12 742 1100 -24 6 0 51 55
1061 12 742 500 -24 6 0 51 51
1062 12 903 742 24 -6 0 55 51
1063 12 742 500 -24 6 1 51 55
1064 8 742 0 24 -12851 0 60 0
1065 8 903 0 -24 -12851 0 60 0
1066 12 500 742 24 -6 0 55 55
1067 12 742 1100 -24 6 0 51 51
1068 8 903 0 -6 -12851 0 60 0
1069 8 742 0 -24 -12851 1 60 0
1070 12 500 742 -24 6 0 55 51
1071 12 500 742 -24 6 1 51 55
1072 8 500 0 -6 -12851 0 60 0
1073 12 742 903 -24 6 1 51 51
1074 12 742 1100 24 -6 1 55 51
1075 8 500 0 -6 -12851 0 60 0
1076 8 742 0 24 -12851 1 55 0
1077 12 609 742 -24 6 1 51 51
1078 12 500 742 -24 6 0 55 55
1079 8 742 0 24 -12851 0 60 0
1080 8 1100 0 24 -12851 0 60 0
1081 8 609 0 -24 -12851 1 60 0
1082 8 903 0 -6 -12851 1 55 0
1083 12 609 742 24 -6 1 51 55
1084 12 742 1100 24 -6 1 55 51
1085 12 903 742 -24 6 1 51 51
1086 12 742 903 -24 6 1 51 51
1087 8 500 0 6 -12851 0 60 0
1088 12 903 742 24 -6 0 51 55
1089 12 609 742 24 -6 0 55 55
1090 12 609 742 24 -6 0 51 51
1091 8 609 0 -6 -12851 0 60 0
1092 12 742 609 24 -6 0 51 55
1093 12 742 609 24 -6 0 55 51
1094 8 1100 0 -6 -12851 0 60 0
1095 8 609 0 -6 -12851 0 60 0
1096 8 1100 0 24 -12851 1 60 0
1097 8 742 0 -6 -12851 0 60 0
1098 8 903 0 6 -12851 1 55 0
1099 12 742 903 24 -6 0 55 51
1100 12 742 500 -24 6 1 55 51
1101 8 903 0 6 -12851 1 60 0
1102 8 742 0 -6 -12851 0 55 0
1103 12 742 1100 24 -6 0 55 51
1104 8 500 0 -24 -12851 0 60 0
1105 8 500 0 -6 -12851 0 60 0
1106 12 609 742 24 -6 0 55 55
1107 8 500 0 -24 -12851 0 55 0
1108 8 500 0 -6 -12851 0 60 0
1109 12 742 903 -24 6 1 51 51
1110 12 742 500 -24 6 1 55 55
1111 8 609 0 -6 -12851 0 55 0
1112 8 500 0 6 -12851 0 55 0
1113 12 903 742 -24 6 1 51 51
1114 8 903 0 24 -12851 1 60 0
1115 12 742 903 24 -6 1 51 55
1116 8 500 0 -24 -12851 0 55 0
1117 12 500 742 -24 6 1 51 51
1118 8 742 0 24 -12851 1 60 0
1119 12 742 1100 24 -6 1 51 51
1120 12 742 609 -24 6 1 55 55
1121 8 609 0 -24 -12851 1 60 0
1122 12 742 903 -24 6 1 55 51
1123 8 1100 0 -6 -12851 0 55 0
1124 12 742 903 24 -6 0 51 51
1125 8 903 0 6 -12851 0 55 0
1126 8 609 0 24 -12851 1 60 0
1127 12 742 1100 24 -6 0 55 51
1128 12 742 609 24 -6 1 55 55
1129 8 742 0 -24 -12851 1 60 0
1130 12 742 1100 24 -6 0 55 55
1131 12 609 742 24 -6 0 51 51
1132 8 903 0 6 -12851 0 60 0
1133 12 500 742 24 -6 0 51 51
1134 12 609 742 24 -6 0 51 51
1135 12 903 742 -24 6 0 51 51
1136 12 742 1100 -24 6 0 51 51
1137 8 742 0 6 -12851 1 60 0
1138 12 500 742 -24 6 1 51 51
1139 12 500 742 24 -6 0 55 55
1140 8 1100 0 -6 -12851 0 55 0
1141 8 1100 0 6 -12851 1 60 0
1142 8 1100 0 24 -12851 1 55 0
1143 8 1100 0 -6 -12851 1 60 0
1144 12 500 742 -24 6 1 55 51
1145 8 609 0 24 -12851 1 55 0
1146 8 903 0 -6 -12851 0 55 0
1147 12 609 742 24 -6 0 51 55
1148 12 1100 742 -24 6 0 51 51
1149 12 742 903 24 -6 0 55 55
1150 8 903 0 6 -12851 0 55 0
1151 12 742 500 -24 6 1 51 55
1152 12 742 500 -24 6 0 51 51
1153 8 609 0 -6 -12851 1 60 0
1154 8 1100 0 24 -12851 1 60 0
1155 8 903 0 6 -12851 0 60 0
1156 12 742 1100 -24 6 0 51 51
1157 12 742 500 24 -6 1 55 51
1158 8 742 0 -24 -12851 1 55 0
1159 8 500 0 -6 -12851 0 55 0
1160 8 1100 0 -6 -12851 1 60 0
1161 12 742 1100 24 -6 1 55 55
1162 8 500 0 6 -12851 1 60 0
1163 12 742 609 -24 6 1 51 51
1164 12 742 903 24 -6 1 51 51
1165 8 609 0 24 -12851 0 60 0
1166 12 903 742 24 -6 1 55 55
1167 8 742 0 24 -12851 0 55 0
1168 8 500 0 -24 -12851 0 55 0
1169 8 742 0 -24 -12851 0 55 0
1170 12 609 742 -24 6 1 55 55
1171 12 742 1100 -24 6 0 51 51
1172 8 742 0 -24 -12851 0 55 0
1173 12 742 609 -24 6 0 55 51
1174 8 742 0 -6 -12851 1 60 0
1175 12 742 903 -24 6 1 51 51
1176 12 742 609 -24 6 0 55 51
1177 8 1100 0 -24 -12851 1 60 0
1178 8 500 0 6 -12851 1 55 0
1179 8 903 0 -6 -12851 0 60 0
1180 12 903 742 24 -6 1 51 55
1181 8 500 0 -24 -12851 0 55 0
1182 12 609 742 -24 6 1 55 51
1183 12 742 609 -24 6 1 55 51
1184 12 500 742 -24 6 1 55 51
1185 12 742 1100 -24 6 1 51 51
1186 8 500 0 24 -12851 0 60 0
1187 8 609 0 24 -12851 0 55 0
1188 12 742 500 24 -6 1 55 55
1189 12 903 742 24 -6 0 51 51
1190 8 903 0 -24 -12851 0 60 0
1191 12 609 742 -24 6 1 51 55
1192 8 1100 0 -6 -12851 0 55 0
1193 12 1100 742 -24 6 1 55 55
1194 12 742 903 -24 6 0 55 51
1195 8 903 0 6 -12851 0 60 0
1196 12 1100 742 -24 6 0 55 55
1197 8 1100 0 -6 -12851 0 55 0
1198 8 609 0 -24 -12851 1 60 0
1199 8 609 0 -24 -12851 1 55 0
1200 8 742 0 -6 -12851 0 60 0
1201 12 742 903 -24 6 0 55 51
1202 12 500 742 -24 6 1 51 51
1203 12 903 742 24 -6 0 51 51
1204 12 742 1100 -24 6 0 55 55
1205 12 742 500 24 -6 0 55 51
1206 8 742 0 6 -12851 1 60 0
1207 12 742 500 -24 6 1 51 55
1208 12 609 742 -24 6 1 51 55
1209 12 1100 742 24 -6 1 55 51
1210 8 742 0 -24 -12851 1 55 0
1211 12 742 500 24 -6 1 51 55
1212 12 742 1100 24 -6 1 55 55
1213 8 742 0 6 -12851 1 60 0
1214 8 742 0 24 -12851 0 55 0
1215 8 742 0 24 -12851 0 55 0
1216 8 500 0 -24 -12851 0 60 0
1217 12 742 903 24 -6 1 55 55
1218 8 1100 0 -6 -12851 0 60 0
1219 8 500 0 6 -12851 0 55 0
1220 12 903 742 -24 6 1 55 55
1221 12 742 903 24 -6 1 51 55
1222 12 500 742 -24 6 0 51 55
1223 8 500 0 -24 -12851 1 60 0
1224 8 1100 0 -6 -12851 0 55 0
1225 12 500 742 -24 6 0 55 55
1226 8 903 0 -6 -12851 0 60 0
1227 8 903 0 -6 -12851 0 60 0
1228 8 1100 0 24 -12851 1 55 0
1229 8 903 0 24 -12851 1 60 0
1230 8 609 0 6 -12851 1 60 0
1231 8 609 0 6 -12851 1 55 0
1232 12 500 742 -24 6 1 55 51
1233 8 609 0 6 -12851 1 60 0
1234 8 742 0 -24 -12851 1 60 0
1235 8 742 0 6 -12851 0 60 0
1236 8 609 0 -24 -12851 1 60 0
1237 12 742 609 24 -6 0 51 55
1238 12 609 742 -24 6 0 55 55
1239 12 742 903 -24 6 1 55 55
1240 8 1100 0 6 -12851 1 60 0
1241 12 742 903 24 -6 0 51 51
1242 8 903 0 -24 -12851 0 60 0
1243 8 609 0 24 -12851 1 60 0
1244 8 903 0 24 -12851 1 55 0
1245 12 500 742 -24 6 0 51 55
1246 8 609 0 6 -12851 1 60 0
1247 12 1100 742 24 -6 0 55 55
1248 12 742 903 24 -6 1 51 51
1249 12 1100 742 24 -6 1 51 55
1250 8 500 0 -24 -12851 1 60 0
1251 8 1100 0 -6 -12851 0 55 0
1252 8 1100 0 -24 -12851 0 60 0
1253 8 500 0 6 -12851 0 55 0
1254 12 742 1100 -24 6 0 55 51
1255 8 500 0 6 -12851 0 60 0
1256 8 742 0 -6 -12851 0 55 0
1257 12 742 1100 -24 6 0 51 55
1258 12 500 742 -24 6 0 51 55
1259 8 903 0 6 -12851 0 60 0
1260 8 742 0 -24 -12851 0 55 0
1261 12 500 742 -24 6 0 55 55
1262 12 1100 742 24 -6 0 51 55
1263 12 742 903 -24 6 0 55 55
1264 8 500 0 -6 -12851 0 60 0
1265 8 500 0 6 -12851 0 60 0
1266 12 1100 742 24 -6 0 51 55
1267 8 500 0 24 -12851 0 60 0
1268 8 903 0 6 -12851 0 55 0
1269 12 500 742 24 -6 0 55 55
1270 12 609 742 24 -6 0 51 51
1271 12 609 742 24 -6 1 55 51
1272 12 742 609 -24 6 1 51 51
1273 8 500 0 -24 -12851 1 55 0
1274 12 1100 742 -24 6 0 51 51
1275 12 742 609 -24 6 0 51 55
1276 12 742 903 24 -6 0 55 55
1277 8 903 0 -24 -12851 0 55 0
1278 8 742 0 24 -12851 0 55 0
1279 8 1100 0 -6 -12851 0 60 0
1280 12 742 903 24 -6 1 55 55
1281 8 1100 0 24 -12851 1 60 0
1282 8 742 0 6 -12851 1 60 0
1283 8 742 0 24 -12851 1 60 0
1284 8 903 0 -24 -12851 1 55 0
1285 12 1100 742 24 -6 1 55 55
1286 12 742 500 24 -6 0 55 51
1287 12 1100 742 24 -6 0 51 55
1288 12 500 742 24 -6 0 55 51
1289 12 742 903 -24 6 0 55 55
1290 8 1100 0 -24 -12851 0 55 0
1291 8 609 0 6 -12851 0 55 0
1292 8 609 0 6 -12851 1 60 0
1293 8 609 0 24 -12851 1 55 0
1294 12 742 1100 -24 6 0 51 51
1295 12 742 903 24 -6 0 55 55
1296 8 1100 0 -6 -12851 0 55 0
1297 8 1100 0 -24 -12851 0 60 0
1298 8 742 0 24 -12851 0 55 0
1299 12 742 500 24 -6 0 51 51
1300 12 609 742 -24 6 0 51 51
1301 12 742 1100 -24 6 0 51 51
1302 12 1100 742 -24 6 0 51 55
1303 8 609 0 -6 -12851 0 55 0
1304 8 1100 0 24 -12851 0 60 0
1305 8 1100 0 6 -12851 0 60 0
1306 8 500 0 -24 -12851 0 55 0
1307 12 500 742 24 -6 0 51 51
1308 12 742 609 24 -6 0 51 55
1309 12 1100 742 -24 6 0 55 51
1310 12 903 742 24 -6 0 51 55
1311 12 1100 742 24 -6 0 51 55
1312 8 500 0 -6 -12851 0 55 0
1313 12 903 742 24 -6 0 55 51
1314 12 903 742 -24 6 0 51 51
1315 12 742 903 -24 6 0 55 51
1316 8 903 0 24 -12851 0 55 0
1317 12 903 742 -24 6 0 51 51
1318 12 742 500 24 -6 0 55 55
1319 8 500 0 -24 -12851 0 60 0
1320 8 903 0 24 -12851 0 55 0
1321 12 742 1100 24 -6 0 51 55
1322 8 903 0 -24 -12851 0 60 0
1323 12 742 1100 24 -6 0 55 55
1324 8 609 0 -6 -12851 0 60 0
1325 8 609 0 6 -12851 0 60 0
1326 8 742 0 -24 -12851 0 55 0
1327 8 742 0 -24 -12851 0 55 0
1328 8 903 0 24 -12851 0 60 0
1329 8 903 0 6 -12851 0 60 0
1330 12 609 742 24 -6 0 55 55
1331 8 1100 0 24 -12851 0 55 0
1332 12 500 742 -24 6 0 51 51
1333 12 742 903 24 -6 0 55 51
1334 12 742 500 -24 6 0 55 55
1335 8 742 0 6 -12851 0 60 0
1336 12 742 609 -24 6 0 55 51
1337 8 903 0 24 -12851 0 60 0
1338 8 742 0 -6 -12851 0 60 0
1339 12 903 742 -24 6 0 51 51
1340 12 742 1100 -24 6 0 51 51
1341 12 500 742 -24 6 0 51 55
1342 12 500 742 -24 6 0 51 55
1343 12 609 742 -24 6 0 55 51
1344 12 500 742 24 -6 0 55 55
1345 12 742 609 24 -6 0 51 51
1346 12 1100 742 -24 6 0 51 55
1347 12 742 500 24 -6 0 51 51
1348 12 903 742 24 -6 0 51 51
1349 8 742 0 -6 -12851 0 60 0
1350 8 500 0 24 -12851 0 60 0
1351 12 742 1100 -24 6 0 51 51
1352 8 903 0 -6 -12851 0 55 0
1353 8 609 0 -6 -12851 0 60 0
1354 8 609 0 24 -12851 0 60 0
1355 8 609 0 24 -12851 0 60 0
1356 12 742 500 24 -6 0 55 55
1357 12 903 742 -24 6 0 51 55
1358 8 1100 0 24 -12851 0 60 0
1359 8 1100 0 6 -12851 0 60 0
1360 8 500 0 6 -12851 0 60 0
1361 8 500 0 6 -12851 0 55 0
1362 8 1100 0 24 -12851 0 60 0
1363 12 903 742 -24 6 0 55 51
1364 12 742 609 -24 6 0 55 55
1365 12 742 609 -24 6 0 51 51
1366 12 903 742 24 -6 0 51 55
1367 12 609 742 -24 6 0 51 55
1368 12 742 609 -24 6 0 51 55
1369 12 1100 742 -24 6 0 55 55
1370 8 1100 0 -6 -12851 0 55 0
1371 12 1100 742 24 -6 0 55 51
1372 8 500 0 -6 -12851 0 60 0
1373 12 903 742 -24 6 0 55 55
1374 8 742 0 24 -12851 0 60 0
1375 8 609 0 6 -12851 0 55 0
1376 8 1100 0 24 -12851 0 55 0
1377 8 1100 0 -6 -12851 0 60 0
1378 12 609 742 24 -6 0 55 55
1379 8 903 0 -24 -12851 0 60 0
1380 12 742 903 -24 6 0 55 51
1381 8 742 0 6 -12851 0 60 0
1382 12 500 742 -24 6 0 55 55
1383 8 903 0 6 -12851 0 60 0
1384 8 903 0 -24 -12851 0 55 0
1385 8 500 0 24 -12851 0 55 0
1386 12 903 742 24 -6 0 51 55
1387 12 742 609 24 -6 0 51 51
1388 12 742 609 -24 6 0 55 51
1389 12 742 500 24 -6 0 51 51
1390 12 1100 742 24 -6 0 51 51
1391 12 742 500 24 -6 0 55 51
1392 12 742 609 24 -6 0 51 51
1393 12 903 742 24 -6 0 55 55
1394 12 742 1100 -24 6 0 55 55
1395 8 609 0 -24 -12851 0 55 0
1396 8 500 0 -6 -12851 0 55 0
1397 8 609 0 24 -12851 0 60 0
1398 12 742 609 -24 6 0 55 51
1399 8 742 0 6 -12851 0 60 0
1400 8 742 0 -24 -12851 0 55 0
1401 8 742 0 6 -12851 0 55 0
1402 12 742 609 24 -6 0 55 55
1403 12 742 1100 -24 6 0 51 55
1404 12 742 1100 -24 6 0 55 55
1405 8 500 0 -6 -12851 0 60 0
1406 12 903 742 24 -6 0 51 55
1407 8 903 0 6 -12851 0 55 0
1408 8 903 0 24 -12851 0 55 0
1409 8 609 0 -6 -12851 0 60 0
1410 12 903 742 24 -6 0 51 51
1411 8 903 0 24 -12851 0 60 0
1412 8 742 0 24 -12851 0 60 0
1413 8 500 0 -24 -12851 0 60 0
1414 12 742 609 -24 6 0 51 51
1415 8 609 0 -6 -12851 0 60 0
1416 12 1100 742 -24 6 0 51 51
