184 12 742 1100 -24 6 0 51 51
185 12 609 742 24 -6 0 55 51
186 12 742 609 -24 6 0 51 51
187 8 1100 0 6 -12851 0 60 0
188 8 609 0 -6 -12851 1 55 0
189 12 742 903 -24 6 0 55 51
190 12 1100 742 24 -6 0 51 51
191 8 903 0 6 -12851 0 55 0
192 8 609 0 24 -12851 0 60 0
193 12 742 903 24 -6 0 55 55
194 8 903 0 24 -12851 0 60 0
195 8 609 0 6 -12851 0 55 0
196 8 903 0 -6 -12851 1 55 0
197 12 742 609 24 -6 1 51 51
198 12 903 742 24 -6 1 51 51
199 8 500 0 -6 -12851 1 60 0
200 8 500 0 6 -12851 1 60 0
201 12 1100 742 -24 6 1 55 55
202 12 500 742 24 -6 0 55 55
203 12 742 903 -24 6 0 51 55
204 8 742 0 -6 -12851 1 60 0
205 12 1100 742 -24 6 1 55 55
206 8 742 0 -6 -12851 0 60 0
207 8 609 0 6 -12851 1 55 0
208 8 500 0 6 -12851 0 55 0
209 12 742 500 -24 6 1 55 51
210 8 500 0 24 -12851 1 55 0
211 8 1100 0 24 -12851 1 55 0
212 8 903 0 6 -12851 1 55 0
213 12 742 500 -24 6 1 51 51
214 12 742 500 -24 6 1 51 51
215 12 742 609 24 -6 0 51 55
216 12 1100 742 -24 6 0 51 55
217 12 1100 742 24 -6 0 55 55
218 8 742 0 6 -12851 1 60 0
219 12 742 1100 -24 6 1 55 55
220 12 742 609 24 -6 1 55 55
221 8 903 0 6 -12851 1 60 0
222 8 903 0 -6 -12851 1 55 0
223 12 742 500 -24 6 1 55 51
224 12 742 609 -24 6 1 55 55
225 8 609 0 6 -12851 0 55 0
226 12 742 1100 -24 6 1 55 55
227 12 1100 742 -24 6 1 51 51
228 8 742 0 -6 -12851 1 60 0
229 12 500 742 -24 6 1 55 55
230 8 609 0 -24 -12851 1 55 0
231 12 609 742 24 -6 1 55 51
232 12 500 742 -24 6 1 55 55
233 8 1100 0 -24 -12851 1 60 0
234 8 1100 0 -24 -12851 1 60 0
235 12 742 1100 24 -6 0 51 51
236 12 742 903 24 -6 1 51 55
237 8 500 0 6 -12851 0 55 0
238 8 609 0 6 -12851 0 60 0
239 12 742 609 24 -6 1 55 55
240 12 742 609 24 -6 1 55 55
241 8 609 0 24 -12851 0 60 0
242 8 1100 0 -24 -12851 1 60 0
243 12 500 742 24 -6 1 51 55
244 8 903 0 -24 -12851 1 55 0
245 8 742 0 -6 -12851 1 60 0
246 12 1100 742 -24 6 1 55 55
247 8 1100 0 24 -12851 0 55 0
248 8 742 0 24 -12851 0 60 0
249 12 500 742 24 -6 1 55 55
250 12 903 742 -24 6 1 51 55
251 8 500 0 24 -12851 0 55 0
252 8 609 0 6 -12851 0 60 0
253 8 500 0 24 -12851 0 60 0
254 12 742 1100 -24 6 1 55 55
255 8 1100 0 6 -12851 0 60 0
256 12 1100 742 -24 6 1 51 51
257 8 742 0 -24 -12851 1 60 0
258 12 742 903 -24 6 0 51 55
259 8 609 0 6 -12851 1 60 0
260 12 500 742 24 -6 1 51 55
261 12 500 742 -24 6 1 51 55
262 8 500 0 -6 -12851 1 60 0
263 8 903 0 6 -12851 1 55 0
264 8 903 0 24 -12851 0 60 0
265 8 903 0 -24 -12851 1 55 0
266 8 903 0 6 -12851 1 55 0
267 12 903 742 24 -6 0 51 51
268 8 1100 0 24 -12851 1 60 0
269 8 609 0 24 -12851 1 60 0
270 8 903 0 -6 -12851 1 60 0
271 12 742 903 24 -6 1 51 55
272 8 742 0 -6 -12851 1 55 0
273 8 609 0 6 -12851 1 60 0
274 8 903 0 -6 -12851 1 60 0
275 8 500 0 24 -12851 0 60 0
276 12 742 609 -24 6 1 55 55
277 8 500 0 24 -12851 1 60 0
278 12 742 903 24 -6 1 51 55
279 12 1100 742 -24 6 1 51 51
280 8 500 0 -24 -12851 1 55 0
281 8 742 0 6 -12851 0 55 0
282 12 742 1100 24 -6 1 51 51
283 8 1100 0 24 -12851 1 60 0
284 12 742 500 -24 6 1 51 51
285 12 742 1100 -24 6 1 55 55
286 8 609 0 6 -12851 0 55 0
287 8 1100 0 24 -12851 1 55 0
288 12 500 742 24 -6 0 51 55
289 12 500 742 24 -6 1 55 51
290 8 742 0 -24 -12851 1 55 0
291 12 742 1100 24 -6 1 51 55
292 8 609 0 -24 -12851 1 60 0
293 12 742 903 24 -6 1 51 55
294 8 609 0 -6 -12851 1 55 0
295 8 1100 0 -24 -12851 1 55 0
296 8 903 0 24 -12851 1 60 0
297 12 500 742 -24 6 1 51 55
298 8 500 0 6 -12851 1 60 0
299 12 742 609 24 -6 1 55 55
300 8 500 0 24 -12851 0 55 0
301 8 609 0 24 -12851 0 55 0
302 12 500 742 24 -6 0 51 55
303 12 500 742 -24 6 1 55 55
304 12 742 500 24 -6 1 51 55
305 8 742 0 24 -12851 1 55 0
306 12 903 742 -24 6 1 55 55
307 12 903 742 -24 6 1 51 51
308 12 1100 742 -24 6 1 51 55
309 12 609 742 -24 6 1 51 51
310 12 609 742 24 -6 0 51 51
311 8 903 0 24 -12851 0 60 0
312 8 1100 0 -6 -12851 0 55 0
313 8 742 0 24 -12851 1 60 0
314 8 500 0 6 -12851 0 55 0
315 12 500 742 24 -6 1 55 55
316 8 1100 0 6 -12851 1 55 0
317 8 609 0 -6 -12851 1 60 0
318 8 903 0 -6 -12851 1 60 0
319 8 742 0 6 -12851 0 60 0
320 8 903 0 -24 -12851 1 55 0
321 12 609 742 -24 6 1 55 51
322 8 903 0 -6 -12851 1 60 0
323 12 742 500 -24 6 1 51 51
324 8 742 0 -6 -12851 1 55 0
325 8 1100 0 -6 -12851 1 55 0
326 8 609 0 6 -12851 0 60 0
327 12 742 500 24 -6 1 51 51
328 8 903 0 -24 -12851 0 55 0
329 8 903 0 6 -12851 0 60 0
330 12 742 903 24 -6 1 55 55
331 8 500 0 -24 -12851 1 60 0
332 8 742 0 24 -12851 0 55 0
333 8 500 0 -6 -12851 1 55 0
334 12 500 742 24 -6 1 55 51
335 8 1100 0 -6 -12851 1 55 0
336 8 742 0 24 -12851 1 55 0
337 12 742 500 24 -6 0 55 51
338 12 500 742 -24 6 1 55 55
339 8 1100 0 24 -12851 0 60 0
340 8 609 0 -6 -12851 1 55 0
341 8 500 0 24 -12851 1 55 0
342 8 609 0 6 -12851 0 55 0
343 8 903 0 24 -12851 1 60 0
344 12 742 903 -24 6 1 51 55
345 8 903 0 -6 -12851 1 55 0
346 8 500 0 24 -12851 1 60 0
347 8 609 0 -24 -12851 1 55 0
348 8 609 0 -24 -12851 1 60 0
349 12 742 903 24 -6 1 51 51
350 8 609 0 24 -12851 0 55 0
351 12 500 742 24 -6 0 55 51
352 8 500 0 6 -12851 0 55 0
353 8 1100 0 6 -12851 1 60 0
354 12 500 742 -24 6 0 51 55
355 12 742 609 24 -6 1 55 55
356 12 742 903 24 -6 0 55 51
357 12 609 742 -24 6 0 55 55
358 12 903 742 24 -6 0 51 51
359 12 1100 742 24 -6 0 51 51
360 12 903 742 24 -6 0 55 51
361 12 1100 742 24 -6 1 55 55
362 8 903 0 24 -12851 1 60 0
363 8 903 0 -6 -12851 1 55 0
364 12 742 609 24 -6 1 55 51
365 8 1100 0 24 -12851 1 60 0
366 12 500 742 -24 6 0 55 51
367 12 742 609 -24 6 0 55 55
368 8 1100 0 6 -12851 1 55 0
369 8 742 0 -24 -12851 1 60 0
370 8 742 0 24 -12851 0 60 0
371 8 742 0 24 -12851 1 55 0
372 8 500 0 24 -12851 1 60 0
373 8 903 0 -24 -12851 1 55 0
374 12 742 500 24 -6 1 55 55
375 12 742 500 24 -6 0 51 51
376 8 903 0 6 -12851 1 60 0
377 12 500 742 24 -6 0 51 55
378 12 742 903 24 -6 1 51 51
379 8 742 0 6 -12851 0 60 0
380 12 742 500 -24 6 1 51 51
381 12 903 742 -24 6 0 55 51
382 8 500 0 6 -12851 1 55 0
383 8 1100 0 -24 -12851 1 60 0
384 12 903 742 -24 6 1 55 55
385 12 903 742 -24 6 1 55 51
386 8 1100 0 24 -12851 1 55 0
387 12 903 742 24 -6 1 55 51
388 12 609 742 24 -6 1 55 51
389 8 742 0 -6 -12851 1 60 0
390 12 742 903 -24 6 1 55 55
391 12 500 742 -24 6 1 51 55
392 12 500 742 -24 6 0 51 55
393 8 609 0 -24 -12851 0 55 0
394 8 500 0 24 -12851 1 55 0
395 8 609 0 -6 -12851 0 55 0
396 12 742 609 24 -6 0 55 51
397 12 903 742 -24 6 0 51 51
398 8 903 0 6 -12851 1 55 0
399 12 742 500 -24 6 1 55 51
400 8 903 0 24 -12851 1 55 0
401 12 1100 742 24 -6 1 51 51
402 12 609 742 -24 6 1 51 55
403 12 742 1100 24 -6 1 51 55
404 12 609 742 -24 6 1 55 55
405 12 1100 742 -24 6 0 51 51
406 8 742 0 -24 -12851 1 55 0
407 12 1100 742 24 -6 0 55 51
408 12 500 742 24 -6 1 51 51
409 8 1100 0 -6 -12851 1 60 0
410 12 903 742 24 -6 0 55 51
411 8 609 0 -6 -12851 1 60 0
412 12 742 1100 -24 6 0 51 51
413 12 742 500 24 -6 0 51 51
414 8 500 0 -6 -12851 0 60 0
415 8 500 0 -6 -12851 0 55 0
416 12 742 609 24 -6 0 55 51
417 12 742 1100 24 -6 1 55 51
418 8 500 0 24 -12851 0 60 0
419 12 500 742 -24 6 0 55 55
420 8 500 0 -6 -12851 0 55 0
421 8 903 0 -24 -12851 0 60 0
422 12 1100 742 -24 6 1 55 55
423 12 742 903 -24 6 1 51 51
424 8 500 0 -6 -12851 1 60 0
425 12 742 609 -24 6 1 55 51
426 8 1100 0 -24 -12851 1 55 0
427 8 609 0 -24 -12851 1 60 0
428 12 742 1100 -24 6 0 55 55
429 12 1100 742 24 -6 0 51 51
430 8 742 0 6 -12851 1 60 0
431 8 742 0 -6 -12851 1 60 0
432 8 742 0 -6 -12851 1 55 0
433 8 609 0 6 -12851 1 60 0
434 12 742 500 24 -6 0 51 55
435 12 1100 742 24 -6 0 55 51
436 12 742 500 24 -6 1 55 55
437 8 609 0 6 -12851 1 60 0
438 8 903 0 24 -12851 1 55 0
439 12 742 609 24 -6 0 55 55
440 12 742 903 24 -6 0 51 51
441 8 903 0 -24 -12851 1 60 0
442 12 742 500 24 -6 1 51 51
443 12 1100 742 24 -6 0 51 51
444 8 1100 0 -6 -12851 0 60 0
445 8 1100 0 -24 -12851 1 60 0
446 8 500 0 -6 -12851 1 55 0
447 12 742 903 24 -6 0 55 51
448 8 500 0 24 -12851 0 60 0
449 12 609 742 -24 6 1 51 51
450 8 903 0 24 -12851 0 55 0
451 8 1100 0 6 -12851 0 55 0
452 12 609 742 24 -6 1 55 51
453 12 742 609 24 -6 1 51 55
454 12 742 1100 -24 6 0 51 51
455 12 742 1100 24 -6 0 55 51
456 8 609 0 24 -12851 0 55 0
457 12 742 500 24 -6 0 55 55
458 12 742 1100 24 -6 0 55 55
459 12 903 742 24 -6 0 51 55
460 8 903 0 24 -12851 0 60 0
461 8 903 0 6 -12851 0 60 0
462 8 609 0 6 -12851 1 55 0
463 8 609 0 -24 -12851 0 60 0
464 12 500 742 -24 6 0 55 51
465 12 1100 742 24 -6 0 55 51
466 8 1100 0 -24 -12851 0 60 0
467 8 1100 0 6 -12851 1 60 0
468 8 500 0 24 -12851 0 60 0
469 8 742 0 -24 -12851 0 60 0
470 8 500 0 -24 -12851 0 60 0
471 8 742 0 24 -12851 0 55 0
472 12 1100 742 24 -6 0 55 55
473 8 742 0 -6 -12851 0 60 0
474 8 903 0 24 -12851 0 55 0
475 8 903 0 6 -12851 0 60 0
476 8 1100 0 -6 -12851 0 55 0
477 12 742 903 -24 6 0 51 51
478 12 742 1100 24 -6 0 51 55
479 8 609 0 24 -12851 0 55 0
480 8 903 0 6 -12851 0 60 0
481 12 903 742 24 -6 0 55 51
482 8 742 0 -6 -12851 0 55 0
483 12 742 1100 24 -6 0 55 55
484 12 609 742 24 -6 0 51 55
485 8 609 0 -6 -12851 0 55 0
486 12 742 1100 -24 6 0 51 51
487 8 903 0 24 -12851 0 60 0
488 12 742 903 -24 6 0 51 55
489 8 500 0 -24 -12851 0 60 0
490 12 1100 742 -24 6 0 55 51
491 8 500 0 24 -12851 0 60 0
492 8 500 0 6 -12851 0 60 0
493 8 742 0 24 -12851 0 60 0
494 12 742 500 -24 6 0 51 51
495 12 609 742 24 -6 0 55 55
496 8 1100 0 24 -12851 0 60 0
497 8 609 0 -6 -12851 0 60 0
498 8 1100 0 -24 -12851 0 60 0
499 12 609 742 -24 6 0 55 55
500 12 742 1100 24 -6 0 55 51
501 8 742 0 -24 -12851 0 55 0
502 12 742 609 24 -6 0 51 55
503 8 903 0 -6 -12851 0 60 0
504 8 903 0 -24 -12851 0 55 0
505 12 742 903 -24 6 0 51 51
506 12 742 1100 -24 6 0 51 51
507 12 500 742 -24 6 0 55 51
508 8 609 0 -6 -12851 0 60 0
509 12 742 903 -24 6 0 55 55
510 12 742 609 24 -6 0 55 51
511 8 903 0 24 -12851 0 55 0
512 8 742 0 -6 -12851 0 60 0
513 8 1100 0 -24 -12851 0 55 0
514 8 1100 0 6 -12851 0 55 0
515 8 742 0 6 -12851 0 55 0
516 8 609 0 6 -12851 0 55 0
517 12 903 742 -24 6 0 55 55
518 12 742 609 -24 6 0 51 55
519 12 742 609 24 -6 0 51 55
520 12 903 742 -24 6 0 51 55
521 12 1100 742 24 -6 0 51 51
522 12 1100 742 -24 6 0 55 51
523 12 609 742 24 -6 0 55 51
524 8 609 0 -24 -12851 0 60 0
525 12 742 1100 24 -6 0 51 51
526 8 1100 0 -24 -12851 0 55 0
527 12 500 742 24 -6 0 51 51
528 8 742 0 24 -12851 0 55 0
529 12 742 609 24 -6 0 55 51
530 12 1100 742 24 -6 1 51 55
531 12 742 500 24 -6 1 55 51
532 8 903 0 -24 -12851 1 60 0
533 8 500 0 6 -12851 1 55 0
534 12 742 1100 24 -6 0 55 51
535 12 742 609 24 -6 1 55 55
536 12 742 903 24 -6 1 51 51
537 12 742 609 24 -6 0 51 55
538 12 903 742 -24 6 0 51 51
539 12 742 500 24 -6 1 51 51
540 12 609 742 -24 6 1 51 51
541 8 500 0 6 -12851 0 55 0
542 12 609 742 -24 6 1 51 51
543 8 500 0 -24 -12851 1 55 0
544 8 1100 0 6 -12851 1 60 0
545 8 1100 0 6 -12851 0 60 0
546 8 742 0 -24 -12851 1 55 0
547 12 1100 742 24 -6 1 51 51
548 8 742 0 6 -12851 1 55 0
549 8 903 0 -24 -12851 1 55 0
550 8 1100 0 6 -12851 0 60 0
551 8 500 0 6 -12851 0 55 0
552 8 609 0 -6 -12851 1 55 0
553 12 609 742 -24 6 1 55 55
554 12 903 742 24 -6 1 51 55
555 8 500 0 -24 -12851 1 55 0
556 12 903 742 24 -6 0 55 51
557 12 742 1100 24 -6 0 51 51
558 12 609 742 -24 6 0 55 51
559 8 609 0 6 -12851 1 55 0
560 12 742 903 24 -6 1 51 55
561 8 1100 0 24 -12851 0 60 0
562 12 1100 742 -24 6 0 55 55
563 12 742 500 24 -6 1 55 55
564 8 500 0 6 -12851 0 55 0
565 12 742 609 -24 6 1 51 55
566 8 903 0 -24 -12851 0 60 0
567 12 500 742 24 -6 1 51 55
568 8 609 0 6 -12851 1 60 0
569 12 742 609 -24 6 0 55 55
570 12 742 609 24 -6 1 55 51
571 12 742 609 -24 6 0 55 51
572 12 742 1100 24 -6 1 55 51
573 8 742 0 24 -12851 1 60 0
574 12 742 903 24 -6 1 51 55
575 12 609 742 24 -6 1 55 51
576 12 742 903 -24 6 1 55 51
577 8 903 0 6 -12851 1 60 0
578 12 742 609 24 -6 1 51 55
579 8 500 0 -6 -12851 1 60 0
580 12 1100 742 -24 6 1 55 55
581 8 500 0 6 -12851 1 55 0
582 12 742 903 24 -6 0 51 51
583 8 742 0 -6 -12851 1 60 0
584 8 1100 0 -6 -12851 0 55 0
585 12 500 742 24 -6 0 55 51
586 8 1100 0 6 -12851 1 55 0
587 8 500 0 -24 -12851 1 55 0
588 12 1100 742 -24 6 1 55 55
589 12 742 903 24 -6 1 51 55
590 8 742 0 -6 -12851 0 55 0
591 12 742 903 24 -6 1 55 55
592 8 500 0 24 -12851 1 60 0
593 12 742 500 24 -6 0 51 55
594 8 1100 0 6 -12851 1 60 0
595 8 609 0 6 -12851 1 55 0
596 8 742 0 24 -12851 1 55 0
597 12 500 742 24 -6 1 55 51
598 8 609 0 24 -12851 1 55 0
599 8 903 0 24 -12851 1 55 0
600 8 903 0 -6 -12851 1 55 0
601 12 903 742 24 -6 0 55 55
602 8 609 0 6 -12851 0 55 0
603 12 500 742 24 -6 0 55 55
604 8 903 0 24 -12851 1 55 0
605 8 742 0 6 -12851 1 55 0
606 12 742 609 -24 6 1 51 55
607 12 742 500 -24 6 0 55 51
608 12 742 500 24 -6 0 55 55
609 8 742 0 6 -12851 0 60 0
610 12 742 903 24 -6 0 51 55
611 12 609 742 -24 6 0 51 55
612 8 903 0 -24 -12851 0 55 0
613 12 742 1100 24 -6 0 55 51
614 12 742 500 -24 6 1 51 51
615 12 609 742 24 -6 1 51 51
616 8 609 0 24 -12851 0 55 0
617 8 609 0 6 -12851 1 60 0
618 12 609 742 24 -6 1 55 51
619 8 903 0 6 -12851 1 60 0
620 12 742 1100 24 -6 0 55 55
621 12 1100 742 -24 6 1 55 51
622 8 903 0 6 -12851 1 55 0
623 12 609 742 24 -6 1 55 51
624 12 742 903 -24 6 0 55 51
625 8 500 0 24 -12851 0 55 0
626 8 609 0 24 -12851 0 60 0
627 12 742 609 24 -6 0 51 55
628 8 1100 0 -24 -12851 1 55 0
629 12 1100 742 24 -6 1 55 55
630 12 742 1100 24 -6 1 55 55
631 8 1100 0 -6 -12851 1 55 0
632 12 742 500 24 -6 1 55 55
633 12 742 609 -24 6 1 51 55
634 12 500 742 -24 6 1 51 55
635 8 1100 0 6 -12851 1 60 0
636 12 742 609 -24 6 1 55 55
637 8 742 0 -24 -12851 1 60 0
638 8 500 0 6 -12851 0 60 0
639 12 742 903 -24 6 1 51 55
640 8 500 0 24 -12851 1 55 0
641 12 742 1100 -24 6 0 51 55
642 8 742 0 -24 -12851 0 55 0
643 12 1100 742 24 -6 1 51 51
644 8 1100 0 6 -12851 1 60 0
645 8 1100 0 6 -12851 1 55 0
646 12 609 742 -24 6 0 55 55
647 12 742 903 -24 6 0 55 51
648 8 742 0 6 -12851 1 55 0
649 12 1100 742 -24 6 0 55 51
650 12 903 742 -24 6 0 51 51
651 12 500 742 24 -6 0 55 51
652 12 903 742 -24 6 0 55 51
653 12 742 500 24 -6 0 51 51
654 12 742 609 -24 6 0 51 51
655 12 742 1100 -24 6 0 55 51
656 12 609 742 24 -6 0 51 51
657 8 1100 0 24 -12851 0 60 0
658 8 500 0 -6 -12851 0 60 0
659 12 742 609 24 -6 0 51 51
660 8 742 0 6 -12851 0 60 0
661 12 742 903 -24 6 0 51 51
662 8 500 0 24 -12851 0 60 0
663 12 500 742 -24 6 0 51 55
664 12 742 1100 -24 6 0 55 51
665 8 1100 0 24 -12851 0 55 0
666 12 1100 742 24 -6 0 51 51
667 12 609 742 -24 6 0 55 55
668 8 742 0 -6 -12851 0 60 0
669 8 903 0 6 -12851 0 60 0
670 8 609 0 24 -12851 0 60 0
671 8 903 0 24 -12851 0 55 0
672 12 742 903 -24 6 0 55 51
673 8 500 0 -24 -12851 0 60 0
674 8 609 0 24 -12851 0 55 0
675 12 903 742 24 -6 0 55 55
676 8 903 0 -24 -12851 0 60 0
677 12 742 609 -24 6 0 55 55
678 8 609 0 24 -12851 0 60 0
679 12 742 1100 24 -6 0 55 51
680 8 742 0 6 -12851 0 60 0
681 8 742 0 -24 -12851 0 55 0
682 12 742 609 -24 6 0 55 55
683 8 742 0 24 -12851 0 55 0
684 8 500 0 6 -12851 0 55 0
685 12 1100 742 -24 6 0 55 55
686 8 903 0 -6 -12851 0 60 0
687 8 500 0 -6 -12851 0 60 0
688 12 500 742 24 -6 0 51 55
689 12 742 1100 24 -6 0 51 51
690 8 903 0 6 -12851 0 55 0
691 12 609 742 24 -6 0 55 51
692 12 1100 742 -24 6 0 55 55
693 12 742 903 24 -6 0 51 51
694 8 903 0 24 -12851 0 55 0
695 12 500 742 -24 6 0 51 55
696 12 742 903 -24 6 0 51 51
697 8 742 0 24 -12851 0 55 0
698 12 742 609 -24 6 0 51 55
699 8 500 0 -6 -12851 0 55 0
700 8 1100 0 -6 -12851 0 55 0
701 8 1100 0 -6 -12851 0 55 0
702 8 609 0 6 -12851 0 60 0
703 12 500 742 -24 6 0 55 51
704 12 742 903 -24 6 0 55 55
705 8 609 0 24 -12851 0 55 0
706 8 1100 0 -24 -12851 0 55 0
707 12 742 609 24 -6 0 51 55
708 8 609 0 24 -12851 0 55 0
709 12 742 500 -24 6 0 55 55
710 8 1100 0 -6 -12851 0 60 0
711 8 1100 0 6 -12851 0 55 0
712 12 742 609 -24 6 0 55 51
713 12 742 903 -24 6 0 55 51
714 12 742 500 -24 6 0 51 51
715 8 742 0 6 -12851 0 55 0
716 8 1100 0 -6 -12851 0 55 0
717 8 903 0 6 -12851 0 60 0
718 8 742 0 24 -12851 0 60 0
719 12 742 609 -24 6 0 51 51
720 8 609 0 -6 -12851 0 55 0
721 12 742 609 24 -6 0 55 55
722 8 742 0 -24 -12851 0 55 0
723 8 1100 0 24 -12851 0 55 0
724 12 500 742 -24 6 0 51 51
725 12 609 742 24 -6 0 55 55
726 12 609 742 -24 6 0 51 55
727 12 609 742 24 -6 0 51 51
728 12 742 1100 -24 6 0 55 51
729 12 500 742 -24 6 0 55 51
730 8 903 0 -6 -12851 0 60 0
731 8 609 0 -6 -12851 0 55 0
732 12 903 742 -24 6 0 55 51
733 8 609 0 24 -12851 0 60 0
734 12 500 742 24 -6 0 51 55
735 12 609 742 24 -6 0 55 51
736 12 1100 742 -24 6 0 55 55
737 12 903 742 -24 6 0 51 51
738 12 742 609 -24 6 0 51 55
739 12 609 742 -24 6 0 55 51
740 8 500 0 -6 -12851 0 60 0
741 12 742 903 24 -6 0 51 55
742 12 742 1100 -24 6 0 55 55
743 12 903 742 24 -6 0 55 55
744 12 742 609 24 -6 0 55 51
745 12 903 742 24 -6 0 55 51
746 12 1100 742 24 -6 0 55 51
747 12 500 742 24 -6 0 55 55
748 12 742 500 24 -6 0 51 51
749 12 742 903 24 -6 0 51 51
750 12 742 903 24 -6 0 51 55
751 8 500 0 -6 -12851 0 55 0
752 12 742 1100 -24 6 0 55 55
753 8 500 0 6 -12851 0 60 0
754 8 903 0 6 -12851 0 60 0
755 8 903 0 -24 -12851 0 55 0
756 8 903 0 6 -12851 0 55 0
757 12 500 742 24 -6 0 51 51
758 12 1100 742 24 -6 0 55 51
759 8 500 0 -6 -12851 0 60 0
760 12 609 742 24 -6 0 55 55
761 12 1100 742 24 -6 0 51 51
762 12 903 742 24 -6 0 55 55
763 8 500 0 -24 -12851 0 55 0
764 12 1100 742 24 -6 0 51 51
765 8 742 0 -24 -12851 0 55 0
766 8 742 0 -6 -12851 0 60 0
767 8 903 0 -6 -12851 0 60 0
768 8 903 0 6 -12851 0 60 0
769 12 609 742 -24 6 0 55 55
770 12 742 500 -24 6 0 55 55
771 12 742 903 -24 6 0 55 55
772 12 903 742 24 -6 0 55 51
773 8 1100 0 -6 -12851 0 55 0
774 8 1100 0 -24 -12851 0 60 0
775 12 500 742 -24 6 0 55 55
776 8 609 0 6 -12851 0 60 0
777 12 742 1100 -24 6 0 55 55
778 12 742 1100 24 -6 0 51 55
779 12 742 903 -24 6 0 51 51
780 8 742 0 6 -12851 0 55 0
781 12 742 500 24 -6 0 51 55
782 8 500 0 24 -12851 0 55 0
783 8 1100 0 6 -12851 0 60 0
784 8 609 0 -6 -12851 0 60 0
785 8 609 0 -6 -12851 0 55 0
786 12 903 742 24 -6 0 55 51
787 12 742 1100 24 -6 0 55 55
788 8 500 0 6 -12851 0 60 0
789 8 500 0 -24 -12851 0 55 0
790 8 1100 0 -24 -12851 0 55 0
791 8 1100 0 24 -12851 0 55 0
792 8 500 0 24 -12851 0 60 0
793 8 1100 0 -24 -12851 0 60 0
794 12 609 742 24 -6 0 55 55
795 12 609 742 24 -6 0 51 55
796 12 742 1100 24 -6 0 55 55
797 12 500 742 -24 6 0 51 55
798 8 742 0 24 -12851 0 60 0
799 8 903 0 -6 -12851 0 55 0
800 12 742 500 -24 6 0 55 51
801 8 500 0 6 -12851 0 55 0
802 12 742 1100 -24 6 0 51 51
803 12 742 500 24 -6 0 55 55
804 12 742 609 24 -6 0 55 55
805 12 742 1100 24 -6 0 51 55
806 12 742 903 -24 6 0 51 51
807 8 742 0 6 -12851 0 60 0
808 12 742 609 24 -6 0 51 51
809 12 500 742 -24 6 0 55 55
810 12 903 742 24 -6 0 51 51
811 8 742 0 6 -12851 0 55 0
812 12 742 500 -24 6 0 55 51
813 12 500 742 24 -6 0 55 55
814 8 903 0 -6 -12851 0 60 0
815 8 609 0 -6 -12851 0 55 0
816 8 609 0 6 -12851 0 60 0
817 12 742 500 24 -6 0 55 55
818 12 903 742 24 -6 0 55 51
819 8 609 0 -6 -12851 0 55 0
820 8 903 0 -24 -12851 0 60 0
821 8 1100 0 24 -12851 0 60 0
822 8 1100 0 6 -12851 0 60 0
823 12 742 903 -24 6 0 55 51
824 12 742 1100 -24 6 0 55 55
825 12 500 742 24 -6 0 55 51
826 12 1100 742 24 -6 0 55 55
827 8 500 0 6 -12851 0 60 0
828 12 1100 742 -24 6 0 55 51
829 12 609 742 -24 6 0 55 51
830 12 903 742 24 -6 0 51 55
831 12 742 609 24 -6 0 51 51
832 12 1100 742 24 -6 0 51 55
833 8 903 0 6 -12851 0 55 0
834 12 742 903 24 -6 0 55 55
835 8 609 0 -6 -12851 0 60 0
836 12 1100 742 24 -6 0 55 55
837 12 500 742 24 -6 0 55 51
838 8 609 0 24 -12851 0 55 0
839 12 742 500 -24 6 0 55 51
840 12 609 742 24 -6 0 51 51
841 12 742 1100 -24 6 0 51 55
842 8 742 0 6 -12851 0 60 0
843 8 500 0 -6 -12851 0 60 0
844 8 609 0 24 -12851 0 60 0
845 12 500 742 24 -6 0 51 55
846 8 903 0 24 -12851 0 55 0
847 8 500 0 -24 -12851 0 55 0
848 8 742 0 24 -12851 0 60 0
849 12 903 742 -24 6 0 55 51
850 12 742 609 24 -6 0 51 55
851 8 903 0 6 -12851 0 60 0
852 12 742 609 24 -6 0 55 51
853 8 1100 0 -6 -12851 0 60 0
854 8 742 0 -6 -12851 0 55 0
855 8 1100 0 6 -12851 0 55 0
856 12 742 903 24 -6 0 55 51
857 8 1100 0 -24 -12851 0 60 0
858 12 609 742 -24 6 0 51 55
859 12 742 1100 24 -6 0 55 51
860 8 1100 0 -6 -12851 0 60 0
861 8 609 0 -24 -12851 0 55 0
862 12 903 742 -24 6 0 51 55
863 8 903 0 -6 -12851 0 60 0
864 8 1100 0 24 -12851 0 55 0
865 12 500 742 24 -6 0 55 55
866 8 903 0 -6 -12851 0 55 0
867 12 742 903 24 -6 0 55 55
868 12 903 742 24 -6 0 55 51
869 8 742 0 -24 -12851 0 55 0
870 8 903 0 -6 -12851 0 60 0
871 8 1100 0 -6 -12851 0 55 0
872 8 500 0 6 -12851 0 60 0
873 12 903 742 24 -6 0 51 51
874 8 609 0 -24 -12851 0 55 0
875 12 903 742 24 -6 0 51 51
876 12 500 742 24 -6 0 51 51
877 8 500 0 -6 -12851 0 60 0
878 12 742 903 -24 6 0 55 55
879 12 742 609 -24 6 0 51 55
880 8 742 0 -24 -12851 0 60 0
881 8 742 0 -6 -12851 0 55 0
882 12 1100 742 -24 6 0 51 51
883 8 500 0 -24 -12851 0 55 0
884 12 742 1100 24 -6 0 55 51
885 12 742 1100 24 -6 0 51 51
886 12 609 742 24 -6 0 51 51
887 8 609 0 -24 -12851 0 60 0
888 8 903 0 24 -12851 0 55 0
889 12 609 742 -24 6 0 51 51
890 8 903 0 24 -12851 0 60 0
891 8 609 0 -24 -12851 0 55 0
892 12 742 1100 24 -6 0 55 55
893 8 742 0 -24 -12851 0 55 0
894 8 609 0 -24 -12851 0 55 0
895 12 500 742 -24 6 0 51 51
896 8 742 0 -24 -12851 0 60 0
897 8 1100 0 -6 -12851 0 60 0
898 12 742 609 24 -6 0 51 55
899 12 742 500 24 -6 0 55 55
900 8 742 0 -24 -12851 0 55 0
901 12 609 742 -24 6 0 51 55
902 12 742 1100 -24 6 0 51 51
903 12 742 903 24 -6 0 55 51
904 12 609 742 -24 6 0 51 55
905 8 609 0 -24 -12851 0 60 0
906 12 742 1100 24 -6 0 55 51
907 8 903 0 24 -12851 0 55 0
908 8 903 0 -24 -12851 0 60 0
909 8 500 0 6 -12851 0 55 0
910 8 1100 0 6 -12851 0 60 0
911 8 500 0 -24 -12851 0 55 0
912 12 742 609 -24 6 0 51 51
913 8 1100 0 -24 -12851 0 55 0
914 8 500 0 -24 -12851 0 55 0
915 12 742 903 -24 6 0 51 51
916 8 1100 0 24 -12851 0 60 0
917 12 742 609 24 -6 0 55 55
918 8 1100 0 -6 -12851 0 55 0
919 12 609 742 -24 6 0 51 55
920 12 742 1100 -24 6 0 55 55
921 12 742 609 -24 6 0 55 51
922 8 742 0 24 -12851 0 55 0
923 12 500 742 -24 6 0 55 51
924 12 742 500 -24 6 0 55 51
925 12 742 609 -24 6 0 55 55
926 12 742 609 24 -6 0 55 51
927 8 1100 0 24 -12851 0 60 0
928 8 500 0 24 -12851 0 60 0
929 8 742 0 -6 -12851 0 60 0
930 8 500 0 -24 -12851 0 55 0
931 12 903 742 -24 6 0 51 55
932 12 1100 742 -24 6 0 55 51
933 12 742 609 24 -6 0 51 51
934 8 1100 0 24 -12851 0 55 0
935 8 742 0 6 -12851 0 60 0
936 12 742 500 24 -6 0 51 55
937 12 742 609 24 -6 0 51 55
938 12 742 609 -24 6 0 55 55
939 8 903 0 6 -12851 0 60 0
940 8 609 0 24 -12851 0 60 0
941 8 903 0 -24 -12851 0 60 0
942 12 742 609 -24 6 0 51 55
943 12 500 742 24 -6 0 55 55
944 8 500 0 6 -12851 0 60 0
945 12 500 742 -24 6 0 55 51
946 12 742 903 -24 6 0 55 55
947 8 609 0 -24 -12851 0 60 0
948 12 742 903 -24 6 0 55 51
949 12 903 742 24 -6 0 51 51
950 12 903 742 -24 6 0 55 55
951 8 903 0 -24 -12851 0 60 0
952 12 742 609 -24 6 0 55 51
953 12 742 609 -24 6 0 55 55
954 8 609 0 24 -12851 0 55 0
955 12 609 742 24 -6 0 51 55
956 8 500 0 -6 -12851 0 60 0
957 8 500 0 -6 -12851 0 60 0
958 12 742 500 24 -6 0 55 51
959 8 903 0 6 -12851 0 55 0
960 8 903 0 -6 -12851 0 55 0
961 8 609 0 -24 -12851 0 60 0
962 8 742 0 -24 -12851 0 55 0
963 12 742 500 -24 6 0 51 51
964 8 903 0 24 -12851 0 60 0
965 12 742 903 -24 6 0 55 55
966 12 742 500 24 -6 0 51 51
967 8 609 0 -6 -12851 0 55 0
968 8 742 0 24 -12851 0 55 0
969 8 500 0 -24 -12851 0 55 0
970 8 500 0 6 -12851 0 60 0
971 12 742 500 -24 6 0 55 55
972 12 609 742 -24 6 0 55 55
973 8 742 0 -6 -12851 0 60 0
974 8 1100 0 24 -12851 0 55 0
975 12 742 1100 24 -6 0 51 55
976 8 1100 0 6 -12851 0 60 0
977 8 1100 0 6 -12851 0 55 0
978 12 500 742 24 -6 0 51 51
979 12 500 742 -24 6 0 55 55
980 8 609 0 -6 -12851 0 60 0
981 12 742 903 -24 6 0 55 51
982 12 742 1100 -24 6 0 55 51
983 12 1100 742 24 -6 0 51 55
984 8 1100 0 24 -12851 0 60 0
985 12 742 1100 24 -6 0 51 55
986 12 742 609 24 -6 0 55 55
987 8 1100 0 -24 -12851 0 55 0
988 12 742 609 -24 6 0 55 51
989 8 500 0 -6 -12851 0 55 0
990 8 903 0 6 -12851 0 55 0
991 12 742 609 24 -6 0 51 51
992 12 742 500 -24 6 0 51 51
993 8 742 0 6 -12851 0 55 0
994 12 903 742 -24 6 0 51 55
995 12 500 742 -24 6 0 55 55
996 8 1100 0 -6 -12851 0 55 0
997 12 609 742 -24 6 0 55 51
998 8 742 0 -6 -12851 0 60 0
999 8 903 0 6 -12851 0 60 0
1000 12 1100 742 24 -6 0 51 55
1001 8 1100 0 -24 -12851 0 60 0
1002 8 742 0 24 -12851 0 55 0
1003 8 609 0 24 -12851 0 55 0
1004 8 903 0 24 -12851 0 55 0
1005 8 609 0 6 -12851 0 55 0
1006 8 500 0 -6 -12851 0 55 0
1007 8 500 0 6 -12851 0 60 0
1008 12 903 742 -24 6 0 55 51
1009 12 500 742 -24 6 0 55 55
1010 8 609 0 -6 -12851 0 60 0
1011 12 1100 742 -24 6 0 51 55
1012 8 1100 0 -6 -12851 0 60 0
1013 12 903 742 -24 6 0 51 51
1014 12 742 903 24 -6 0 55 55
1015 8 1100 0 -6 -12851 0 60 0
1016 8 1100 0 6 -12851 0 55 0
1017 12 742 903 -24 6 0 55 55
1018 12 609 742 24 -6 0 51 55
1019 8 609 0 6 -12851 0 60 0
1020 8 609 0 6 -12851 0 55 0
1021 12 742 500 24 -6 0 51 55
1022 12 742 609 24 -6 0 55 55
1023 8 903 0 -6 -12851 0 60 0
1024 12 742 1100 -24 6 0 55 51
1025 12 903 742 24 -6 0 51 51
1026 8 500 0 -24 -12851 0 55 0
1027 12 903 742 -24 6 0 55 51
1028 8 1100 0 -6 -12851 0 60 0
1029 12 903 742 24 -6 0 51 51
1030 12 742 1100 -24 6 0 55 55
1031 12 903 742 -24 6 0 55 51
1032 8 742 0 -24 -12851 0 55 0
1033 8 500 0 -6 -12851 0 60 0
1034 12 903 742 24 -6 0 51 55
1035 8 903 0 6 -12851 0 60 0
1036 8 903 0 24 -12851 0 60 0
1037 12 742 1100 -24 6 0 55 51
1038 12 500 742 24 -6 0 55 55
1039 8 609 0 6 -12851 0 60 0
1040 12 1100 742 24 -6 0 55 55
1041 8 500 0 -24 -12851 0 60 0
1042 8 742 0 -6 -12851 0 60 0
1043 8 742 0 -24 -12851 0 55 0
1044 8 500 0 24 -12851 0 60 0
1045 12 609 742 -24 6 0 55 55
1046 8 500 0 -6 -12851 0 60 0
1047 8 903 0 6 -12851 0 55 0
1048 12 500 742 -24 6 0 55 55
1049 8 1100 0 24 -12851 0 60 0
1050 12 742 1100 24 -6 0 55 55
1051 12 903 742 24 -6 0 55 55
1052 8 609 0 24 -12851 0 55 0
1053 8 609 0 24 -12851 0 60 0
1054 12 500 742 24 -6 0 51 51
1055 12 903 742 -24 6 0 51 51
1056 8 903 0 24 -12851 0 60 0
1057 12 742 609 24 -6 0 55 55
1058 12 609 742 -24 6 0 55 55
1059 12 742 903 24 -6 0 55 55
1060 12 742 903 -24 6 0 55 55
1061 12 742 1100 -24 6 0 55 51
1062 12 1100 742 24 -6 0 51 55
1063 8 609 0 6 -12851 0 60 0
1064 8 742 0 -24 -12851 0 60 0
1065 12 1100 742 -24 6 0 55 55
1066 12 1100 742 -24 6 0 51 55
1067 8 1100 0 6 -12851 0 55 0
1068 12 742 500 -24 6 0 55 55
1069 8 742 0 24 -12851 0 60 0
1070 8 903 0 24 -12851 0 60 0
1071 12 903 742 24 -6 0 55 55
1072 12 742 500 -24 6 0 55 55
1073 8 500 0 6 -12851 0 55 0
1074 12 903 742 24 -6 0 51 55
1075 8 742 0 6 -12851 0 55 0
1076 12 609 742 -24 6 0 55 55
1077 8 500 0 6 -12851 0 55 0
1078 12 609 742 24 -6 0 51 55
1079 12 1100 742 -24 6 0 51 51
1080 12 742 609 -24 6 0 55 51
1081 8 1100 0 6 -12851 0 60 0
1082 8 500 0 24 -12851 0 55 0
1083 8 500 0 -6 -12851 0 55 0
1084 8 609 0 24 -12851 0 55 0
