287 12 742 500 -24 6 0 51 55
288 8 742 0 6 -12851 0 60 0
289 8 500 0 6 -12851 0 55 0
290 8 609 0 24 -12851 0 55 0
291 12 742 903 24 -6 0 51 55
292 12 742 609 -24 6 0 55 55
293 8 903 0 24 -12851 0 60 0
294 8 1100 0 6 -12851 1 60 0
295 8 1100 0 -6 -12851 0 60 0
296 12 903 742 24 -6 0 51 55
297 8 500 0 -24 -12851 0 55 0
298 8 1100 0 6 -12851 1 60 0
299 12 742 609 24 -6 0 55 51
300 8 609 0 24 -12851 0 60 0
301 12 742 1100 24 -6 1 55 55
302 12 903 742 -24 6 1 55 55
303 8 903 0 6 -12851 0 60 0
304 8 903 0 -6 -12851 1 55 0
305 12 500 742 -24 6 0 51 51
306 8 609 0 -24 -12851 1 60 0
307 12 1100 742 -24 6 1 51 55
308 8 1100 0 24 -12851 1 60 0
309 8 1100 0 -6 -12851 1 55 0
310 8 742 0 24 -12851 1 55 0
311 8 609 0 -24 -12851 0 55 0
312 8 903 0 24 -12851 0 55 0
313 8 1100 0 -24 -12851 1 55 0
314 12 1100 742 24 -6 0 51 55
315 8 500 0 24 -12851 0 60 0
316 12 500 742 -24 6 0 51 51
317 12 742 1100 -24 6 0 51 51
318 12 609 742 -24 6 1 55 51
319 8 500 0 -6 -12851 1 55 0
320 12 500 742 -24 6 1 55 51
321 12 903 742 -24 6 1 55 51
322 12 742 500 24 -6 0 51 55
323 8 609 0 6 -12851 1 60 0
324 8 609 0 24 -12851 1 55 0
325 8 500 0 -24 -12851 0 55 0
326 8 903 0 6 -12851 1 60 0
327 8 1100 0 -6 -12851 1 55 0
328 12 609 742 -24 6 1 55 51
329 12 742 1100 -24 6 0 55 55
330 12 500 742 -24 6 0 55 55
331 12 742 609 24 -6 1 55 55
332 12 903 742 24 -6 1 51 55
333 8 903 0 -6 -12851 1 55 0
334 8 742 0 -24 -12851 1 60 0
335 8 742 0 -24 -12851 0 60 0
336 8 500 0 24 -12851 0 60 0
337 8 500 0 6 -12851 1 60 0
338 12 742 1100 24 -6 0 51 55
339 12 609 742 24 -6 1 55 55
340 8 609 0 24 -12851 0 60 0
341 8 742 0 6 -12851 0 60 0
342 12 742 903 24 -6 0 51 51
343 12 1100 742 -24 6 0 55 51
344 8 903 0 -24 -12851 0 55 0
345 12 1100 742 24 -6 0 51 51
346 12 742 903 24 -6 1 51 55
347 8 742 0 24 -12851 1 60 0
348 12 1100 742 -24 6 1 51 55
349 8 742 0 6 -12851 1 55 0
350 8 1100 0 -24 -12851 1 60 0
351 12 742 500 24 -6 1 55 51
352 12 742 1100 24 -6 1 51 51
353 8 500 0 24 -12851 1 55 0
354 12 742 500 -24 6 1 51 55
355 8 609 0 -24 -12851 1 55 0
356 12 500 742 -24 6 1 51 55
357 8 1100 0 6 -12851 0 55 0
358 8 500 0 -6 -12851 1 60 0
359 8 1100 0 6 -12851 0 55 0
360 12 742 903 -24 6 0 55 51
361 12 742 1100 -24 6 1 55 55
362 8 609 0 6 -12851 0 60 0
363 8 903 0 -6 -12851 0 60 0
364 12 742 500 24 -6 1 55 51
365 8 903 0 24 -12851 0 60 0
366 12 742 609 -24 6 1 51 51
367 8 742 0 24 -12851 0 60 0
368 8 742 0 -24 -12851 0 55 0
369 8 1100 0 24 -12851 0 60 0
370 12 903 742 -24 6 0 55 55
371 12 903 742 -24 6 1 51 51
372 8 742 0 -6 -12851 1 60 0
373 12 742 1100 -24 6 1 51 51
374 12 903 742 -24 6 1 51 55
375 12 742 903 24 -6 0 55 55
376 8 500 0 24 -12851 1 55 0
377 8 903 0 -24 -12851 0 60 0
378 12 742 500 24 -6 1 55 51
379 8 903 0 -6 -12851 0 55 0
380 8 1100 0 -24 -12851 1 55 0
381 8 609 0 24 -12851 0 55 0
382 8 1100 0 6 -12851 0 60 0
383 8 742 0 24 -12851 0 55 0
384 12 742 903 24 -6 1 51 51
385 8 609 0 -24 -12851 1 55 0
386 8 903 0 24 -12851 1 60 0
387 8 609 0 -24 -12851 1 60 0
388 8 500 0 24 -12851 0 55 0
389 8 500 0 6 -12851 0 55 0
390 8 903 0 -24 -12851 1 55 0
391 8 903 0 -24 -12851 0 60 0
392 8 609 0 24 -12851 1 55 0
393 12 742 903 24 -6 1 51 55
394 8 742 0 6 -12851 0 55 0
395 12 742 1100 24 -6 1 55 55
396 8 1100 0 24 -12851 0 55 0
397 12 742 1100 24 -6 0 51 55
398 8 1100 0 -24 -12851 1 55 0
399 12 742 500 24 -6 1 55 55
400 8 1100 0 -6 -12851 1 55 0
401 12 742 1100 -24 6 1 51 51
402 8 500 0 24 -12851 0 60 0
403 8 742 0 -24 -12851 0 60 0
404 8 742 0 6 -12851 1 55 0
405 8 903 0 -24 -12851 0 60 0
406 12 1100 742 24 -6 0 51 51
407 8 903 0 -6 -12851 1 60 0
408 12 742 500 -24 6 1 55 55
409 12 742 609 -24 6 1 51 55
410 8 609 0 6 -12851 1 60 0
411 8 500 0 24 -12851 0 55 0
412 12 500 742 -24 6 0 55 55
413 12 742 903 -24 6 1 55 51
414 12 742 500 -24 6 1 51 51
415 12 742 903 -24 6 1 51 55
416 8 500 0 -24 -12851 0 55 0
417 8 609 0 6 -12851 1 55 0
418 12 742 500 -24 6 1 51 55
419 8 903 0 6 -12851 0 55 0
420 12 1100 742 24 -6 1 55 51
421 12 742 1100 -24 6 0 51 51
422 8 903 0 6 -12851 0 55 0
423 8 742 0 6 -12851 1 55 0
424 12 742 1100 -24 6 0 55 55
425 12 500 742 -24 6 0 55 51
426 8 903 0 -24 -12851 0 60 0
427 8 500 0 -24 -12851 0 60 0
428 8 500 0 -6 -12851 1 60 0
429 8 500 0 -6 -12851 1 60 0
430 8 1100 0 24 -12851 0 55 0
431 8 609 0 -24 -12851 0 55 0
432 12 742 1100 -24 6 0 55 55
433 12 1100 742 24 -6 0 51 51
434 8 742 0 6 -12851 1 60 0
435 8 742 0 -24 -12851 1 60 0
436 8 903 0 6 -12851 1 60 0
437 12 500 742 -24 6 1 51 51
438 8 1100 0 24 -12851 1 60 0
439 12 500 742 24 -6 1 55 55
440 8 609 0 6 -12851 1 55 0
441 8 609 0 6 -12851 0 60 0
442 12 609 742 -24 6 1 51 55
443 12 742 609 24 -6 1 55 55
444 8 1100 0 24 -12851 1 55 0
445 12 742 609 -24 6 0 55 55
446 12 742 500 24 -6 0 55 51
447 12 1100 742 -24 6 0 51 55
448 8 903 0 -24 -12851 1 55 0
449 12 742 1100 24 -6 0 51 55
450 12 742 500 -24 6 0 55 55
451 12 742 500 -24 6 0 51 51
452 12 903 742 24 -6 1 55 51
453 8 903 0 -6 -12851 1 55 0
454 12 500 742 -24 6 1 51 55
455 12 609 742 -24 6 1 51 51
456 12 1100 742 -24 6 1 51 55
457 8 609 0 -6 -12851 1 60 0
458 12 742 903 24 -6 1 51 51
459 8 903 0 24 -12851 1 55 0
460 12 742 500 -24 6 0 51 51
461 8 609 0 6 -12851 0 55 0
462 8 742 0 -6 -12851 1 60 0
463 8 1100 0 -24 -12851 0 55 0
464 8 742 0 24 -12851 0 55 0
465 12 609 742 -24 6 0 51 51
466 8 609 0 -6 -12851 0 55 0
467 12 742 500 -24 6 1 51 55
468 12 903 742 24 -6 0 55 51
469 12 742 609 24 -6 0 55 55
470 8 1100 0 -24 -12851 0 55 0
471 8 1100 0 6 -12851 0 60 0
472 8 500 0 -24 -12851 0 55 0
473 12 1100 742 -24 6 0 51 51
474 8 903 0 -6 -12851 0 60 0
475 8 500 0 -24 -12851 0 55 0
476 12 742 1100 24 -6 0 55 55
477 8 742 0 24 -12851 0 55 0
478 12 1100 742 24 -6 1 55 51
479 8 500 0 -6 -12851 0 60 0
480 8 1100 0 -24 -12851 0 60 0
481 12 1100 742 24 -6 0 55 51
482 8 1100 0 6 -12851 0 60 0
483 12 742 500 -24 6 1 55 55
484 8 500 0 6 -12851 0 55 0
485 8 903 0 24 -12851 0 55 0
486 12 1100 742 24 -6 1 55 51
487 8 500 0 -24 -12851 0 60 0
488 12 609 742 -24 6 1 51 51
489 8 1100 0 24 -12851 0 55 0
490 8 609 0 -6 -12851 0 60 0
491 8 1100 0 24 -12851 1 55 0
492 12 500 742 -24 6 1 51 51
493 12 742 903 -24 6 0 51 51
494 8 500 0 -6 -12851 1 55 0
495 12 500 742 -24 6 1 51 51
496 12 903 742 -24 6 1 51 51
497 8 903 0 6 -12851 0 55 0
498 12 742 609 24 -6 1 55 51
499 12 500 742 -24 6 0 55 51
500 8 742 0 -24 -12851 0 55 0
501 12 903 742 -24 6 1 55 55
502 8 742 0 6 -12851 0 60 0
503 8 742 0 6 -12851 1 55 0
504 12 500 742 -24 6 1 51 51
505 12 742 903 -24 6 0 55 51
506 12 500 742 -24 6 0 55 55
507 12 742 1100 24 -6 1 55 55
508 12 742 903 -24 6 1 51 55
509 12 1100 742 24 -6 1 51 55
510 8 903 0 -24 -12851 1 60 0
511 12 742 1100 24 -6 0 55 55
512 12 742 903 -24 6 0 51 51
513 8 609 0 -6 -12851 1 60 0
514 8 609 0 -24 -12851 0 55 0
515 12 609 742 24 -6 0 55 51
516 12 1100 742 -24 6 0 51 51
517 12 742 903 24 -6 1 55 51
518 8 1100 0 6 -12851 0 60 0
519 12 742 1100 24 -6 1 51 55
520 8 1100 0 24 -12851 1 60 0
521 12 742 500 -24 6 0 51 55
522 12 742 903 24 -6 1 51 51
523 12 742 500 -24 6 0 51 51
524 12 742 500 -24 6 0 51 55
525 12 742 1100 24 -6 1 55 55
526 12 609 742 -24 6 0 51 55
527 8 609 0 -6 -12851 1 55 0
528 12 500 742 -24 6 1 51 51
529 8 1100 0 -6 -12851 0 55 0
530 12 609 742 -24 6 1 55 55
531 8 1100 0 6 -12851 0 60 0
532 12 742 1100 24 -6 1 51 51
533 8 903 0 6 -12851 1 60 0
534 8 742 0 24 -12851 0 60 0
535 12 742 500 24 -6 0 51 55
536 8 500 0 6 -12851 1 55 0
537 8 609 0 -6 -12851 0 55 0
538 8 903 0 24 -12851 0 60 0
539 8 903 0 24 -12851 1 55 0
540 8 742 0 -24 -12851 0 60 0
541 8 742 0 -24 -12851 0 55 0
542 8 609 0 24 -12851 0 55 0
543 12 742 1100 24 -6 1 55 51
544 12 1100 742 -24 6 0 51 55
545 8 500 0 6 -12851 0 60 0
546 8 500 0 24 -12851 0 60 0
547 12 742 903 -24 6 1 51 55
548 8 500 0 -6 -12851 1 55 0
549 8 500 0 -24 -12851 1 55 0
550 12 742 1100 24 -6 0 55 51
551 8 609 0 -6 -12851 0 60 0
552 8 1100 0 24 -12851 1 55 0
553 12 742 609 24 -6 1 51 51
554 8 609 0 24 -12851 0 60 0
555 12 903 742 -24 6 0 51 55
556 8 1100 0 6 -12851 1 55 0
557 8 500 0 24 -12851 0 60 0
558 12 1100 742 -24 6 1 51 55
559 8 500 0 6 -12851 0 55 0
560 8 1100 0 24 -12851 1 55 0
561 8 742 0 24 -12851 0 60 0
562 12 609 742 -24 6 1 55 55
563 8 742 0 -24 -12851 0 55 0
564 8 609 0 24 -12851 0 55 0
565 12 742 500 24 -6 0 51 55
566 8 742 0 -24 -12851 0 55 0
567 12 500 742 -24 6 0 55 55
568 12 742 500 -24 6 0 55 55
569 8 903 0 6 -12851 0 55 0
570 12 742 903 -24 6 0 55 55
571 8 903 0 -24 -12851 0 60 0
572 12 500 742 -24 6 0 55 51
573 12 742 609 24 -6 0 51 55
574 12 903 742 -24 6 0 55 51
575 12 500 742 24 -6 0 55 51
576 8 903 0 24 -12851 0 55 0
577 12 742 500 -24 6 1 55 51
578 12 903 742 24 -6 0 55 51
579 12 742 500 24 -6 0 51 55
580 8 1100 0 -6 -12851 1 55 0
581 8 1100 0 6 -12851 1 60 0
582 12 609 742 24 -6 0 51 51
583 12 609 742 24 -6 1 51 51
584 12 742 1100 24 -6 1 55 51
585 12 742 500 -24 6 1 51 55
586 8 500 0 6 -12851 0 60 0
587 8 1100 0 -6 -12851 1 60 0
588 12 903 742 24 -6 1 55 51
589 8 500 0 -24 -12851 0 60 0
590 8 903 0 -6 -12851 0 60 0
591 8 742 0 -6 -12851 1 55 0
592 12 742 500 24 -6 1 55 55
593 8 1100 0 -6 -12851 1 55 0
594 8 500 0 24 -12851 0 55 0
595 12 500 742 -24 6 0 51 51
596 8 609 0 24 -12851 1 60 0
597 12 1100 742 -24 6 1 51 51
598 8 742 0 24 -12851 0 55 0
599 12 500 742 -24 6 0 51 55
600 8 903 0 6 -12851 1 60 0
601 12 500 742 -24 6 1 51 51
602 12 742 1100 -24 6 0 55 51
603 12 1100 742 -24 6 1 55 55
604 12 742 609 24 -6 0 55 55
605 12 1100 742 24 -6 1 51 51
606 8 742 0 6 -12851 0 60 0
607 8 609 0 -24 -12851 1 60 0
608 8 609 0 -24 -12851 1 55 0
609 8 903 0 -6 -12851 1 55 0
610 8 609 0 -6 -12851 1 60 0
611 12 609 742 -24 6 1 55 55
612 12 742 609 -24 6 1 51 51
613 8 609 0 24 -12851 1 55 0
614 8 609 0 6 -12851 0 55 0
615 12 742 903 24 -6 1 55 51
616 8 609 0 24 -12851 0 55 0
617 8 903 0 24 -12851 0 55 0
618 8 742 0 6 -12851 1 55 0
619 8 1100 0 -6 -12851 1 60 0
620 12 609 742 -24 6 1 51 51
621 12 742 500 24 -6 1 55 55
622 12 903 742 24 -6 0 51 55
623 12 500 742 24 -6 1 55 51
624 8 742 0 -6 -12851 1 55 0
625 12 903 742 -24 6 1 55 51
626 12 1100 742 24 -6 1 51 55
627 8 1100 0 -6 -12851 1 55 0
628 8 1100 0 -24 -12851 0 60 0
629 12 742 500 24 -6 1 55 51
630 8 903 0 6 -12851 1 55 0
631 8 742 0 -24 -12851 1 55 0
632 12 742 1100 -24 6 0 51 55
633 8 500 0 24 -12851 1 55 0
634 12 742 609 24 -6 0 51 51
635 12 500 742 24 -6 1 51 55
636 12 1100 742 -24 6 1 55 55
637 12 742 609 -24 6 1 55 55
638 12 742 609 -24 6 1 51 51
639 12 609 742 24 -6 1 51 51
640 8 903 0 6 -12851 0 55 0
641 12 742 609 -24 6 1 55 51
642 8 500 0 24 -12851 0 55 0
643 12 742 903 24 -6 1 55 55
644 8 500 0 24 -12851 0 60 0
645 12 742 609 24 -6 1 51 55
646 8 609 0 -6 -12851 1 60 0
647 12 500 742 24 -6 1 55 55
648 12 609 742 -24 6 0 51 55
649 8 609 0 -24 -12851 0 55 0
650 8 609 0 -6 -12851 1 60 0
651 8 903 0 -24 -12851 0 60 0
652 12 742 609 24 -6 0 51 51
653 8 1100 0 6 -12851 1 60 0
654 8 903 0 -6 -12851 1 55 0
655 8 1100 0 -6 -12851 0 60 0
656 12 1100 742 -24 6 0 51 51
657 8 500 0 24 -12851 0 55 0
658 8 742 0 6 -12851 1 55 0
659 8 1100 0 6 -12851 0 60 0
660 8 742 0 24 -12851 1 60 0
661 8 609 0 -24 -12851 1 60 0
662 12 742 1100 -24 6 1 55 55
663 8 742 0 -24 -12851 0 60 0
664 8 903 0 -24 -12851 0 60 0
665 8 500 0 -6 -12851 1 60 0
666 12 500 742 -24 6 1 51 51
667 8 500 0 -24 -12851 1 60 0
668 12 903 742 24 -6 0 55 55
669 12 742 903 24 -6 1 55 51
670 8 609 0 -24 -12851 0 60 0
671 12 903 742 -24 6 1 51 55
672 8 609 0 24 -12851 0 60 0
673 8 903 0 6 -12851 1 55 0
674 12 742 609 -24 6 1 51 51
675 12 500 742 -24 6 0 55 55
676 12 1100 742 24 -6 0 51 51
677 12 500 742 -24 6 1 51 55
678 8 1100 0 -6 -12851 1 60 0
679 12 500 742 -24 6 1 55 55
680 12 742 903 -24 6 0 55 51
681 12 903 742 -24 6 1 55 55
682 8 500 0 6 -12851 0 60 0
683 8 742 0 6 -12851 0 55 0
684 12 742 609 24 -6 1 55 55
685 12 903 742 -24 6 0 51 51
686 12 742 903 24 -6 0 51 55
687 8 903 0 -24 -12851 0 55 0
688 8 500 0 -6 -12851 0 60 0
689 12 742 609 24 -6 0 51 55
690 8 609 0 -24 -12851 0 55 0
691 8 1100 0 24 -12851 0 55 0
692 8 1100 0 6 -12851 1 60 0
693 12 742 903 -24 6 1 51 51
694 8 500 0 24 -12851 0 60 0
695 12 1100 742 -24 6 1 51 55
696 8 903 0 6 -12851 0 55 0
697 12 609 742 -24 6 1 55 55
698 8 742 0 -6 -12851 1 55 0
699 8 742 0 -6 -12851 0 55 0
700 12 500 742 24 -6 1 51 55
701 12 742 1100 24 -6 1 55 55
702 12 1100 742 24 -6 1 51 55
703 12 742 903 -24 6 0 51 51
704 12 742 1100 -24 6 1 55 51
705 12 742 1100 24 -6 0 55 51
706 8 609 0 6 -12851 0 55 0
707 12 500 742 -24 6 0 55 51
708 8 742 0 -24 -12851 0 60 0
709 12 742 500 24 -6 0 55 51
710 8 742 0 -6 -12851 0 60 0
711 8 1100 0 -24 -12851 0 60 0
712 12 609 742 24 -6 0 51 51
713 8 1100 0 -6 -12851 0 55 0
714 12 742 1100 24 -6 0 55 55
715 12 742 1100 24 -6 0 55 51
716 12 500 742 -24 6 0 51 51
717 8 609 0 6 -12851 0 60 0
718 8 500 0 6 -12851 0 55 0
719 12 1100 742 -24 6 0 55 55
720 8 742 0 24 -12851 0 60 0
721 8 903 0 -6 -12851 0 60 0
722 8 609 0 -6 -12851 1 60 0
723 12 609 742 -24 6 1 51 51
724 12 742 500 24 -6 0 51 51
725 8 609 0 24 -12851 0 60 0
726 12 1100 742 24 -6 0 51 55
727 12 903 742 24 -6 0 55 55
728 8 500 0 -6 -12851 0 60 0
729 12 742 903 -24 6 1 51 55
730 12 742 500 -24 6 1 55 55
731 12 1100 742 -24 6 1 51 55
732 8 1100 0 24 -12851 0 60 0
733 12 742 903 24 -6 1 55 55
734 12 1100 742 24 -6 1 55 55
735 12 500 742 -24 6 1 51 55
736 12 1100 742 24 -6 1 55 51
737 12 742 903 -24 6 1 51 55
738 12 742 903 24 -6 1 55 51
739 8 500 0 6 -12851 1 60 0
740 8 903 0 -6 -12851 1 55 0
741 8 742 0 24 -12851 0 60 0
742 8 903 0 -24 -12851 0 60 0
743 8 609 0 -6 -12851 0 55 0
744 12 903 742 -24 6 0 55 51
745 12 742 609 24 -6 0 55 55
746 8 609 0 24 -12851 0 60 0
747 12 742 500 24 -6 0 51 51
748 8 1100 0 -24 -12851 0 60 0
749 12 742 609 24 -6 1 51 55
750 8 742 0 -6 -12851 0 60 0
751 8 500 0 24 -12851 0 55 0
752 8 609 0 24 -12851 0 60 0
753 12 609 742 24 -6 1 51 55
754 8 609 0 -24 -12851 1 55 0
755 12 500 742 24 -6 0 55 51
756 8 500 0 24 -12851 0 55 0
757 8 903 0 -24 -12851 1 55 0
758 12 742 903 -24 6 1 51 51
759 8 1100 0 -24 -12851 0 55 0
760 12 609 742 -24 6 1 55 55
761 12 742 1100 -24 6 0 55 55
762 8 742 0 -24 -12851 0 55 0
763 12 742 1100 24 -6 1 55 51
764 8 903 0 -6 -12851 0 55 0
765 8 500 0 -6 -12851 1 55 0
766 12 903 742 24 -6 1 51 55
767 12 742 903 -24 6 0 51 55
768 12 742 1100 -24 6 0 51 55
769 8 1100 0 6 -12851 0 60 0
770 12 742 500 24 -6 1 55 51
771 12 500 742 -24 6 0 55 55
772 8 742 0 6 -12851 0 55 0
773 8 903 0 -6 -12851 1 60 0
774 12 609 742 24 -6 1 55 55
775 8 1100 0 6 -12851 1 55 0
776 12 1100 742 24 -6 1 55 55
777 8 1100 0 -24 -12851 0 55 0
778 12 742 903 24 -6 1 51 51
779 12 609 742 24 -6 1 51 55
780 12 742 609 -24 6 0 51 51
781 12 742 500 24 -6 0 51 55
782 8 1100 0 6 -12851 1 55 0
783 8 903 0 24 -12851 1 60 0
784 12 609 742 24 -6 1 55 51
785 8 742 0 -6 -12851 1 55 0
786 8 742 0 6 -12851 0 60 0
787 8 1100 0 24 -12851 1 60 0
788 12 500 742 -24 6 0 55 55
789 8 609 0 6 -12851 0 55 0
790 12 742 609 -24 6 1 55 51
791 12 609 742 -24 6 1 51 51
792 8 742 0 24 -12851 1 55 0
793 12 742 1100 24 -6 1 55 55
794 12 742 609 -24 6 1 55 51
795 8 500 0 24 -12851 0 55 0
796 12 903 742 -24 6 0 55 55
797 8 609 0 6 -12851 1 55 0
798 8 903 0 -6 -12851 1 55 0
799 12 609 742 -24 6 1 55 55
800 12 742 500 24 -6 1 55 55
801 12 1100 742 -24 6 0 51 55
802 12 742 500 24 -6 0 51 55
803 12 742 1100 24 -6 0 51 51
804 12 742 500 -24 6 0 51 51
805 8 500 0 24 -12851 0 55 0
806 8 500 0 -6 -12851 0 55 0
807 8 903 0 -24 -12851 0 60 0
808 12 500 742 -24 6 0 55 55
809 8 609 0 6 -12851 0 60 0
810 12 742 903 24 -6 0 51 55
811 12 1100 742 24 -6 0 55 55
812 8 609 0 24 -12851 0 55 0
813 12 903 742 24 -6 1 55 51
814 12 500 742 -24 6 1 55 55
815 8 609 0 24 -12851 1 55 0
816 8 903 0 6 -12851 0 55 0
817 12 742 1100 -24 6 1 51 51
818 12 903 742 24 -6 1 55 55
819 12 742 1100 24 -6 1 55 55
820 8 500 0 6 -12851 1 55 0
821 8 500 0 6 -12851 0 60 0
822 12 609 742 24 -6 0 55 55
823 12 500 742 24 -6 1 51 55
824 8 742 0 -6 -12851 1 55 0
825 8 742 0 24 -12851 0 55 0
826 8 742 0 -6 -12851 0 55 0
827 8 500 0 6 -12851 0 55 0
828 12 742 609 24 -6 1 55 51
829 12 903 742 24 -6 1 51 55
830 12 742 903 24 -6 0 55 51
831 8 609 0 24 -12851 0 60 0
832 8 609 0 -24 -12851 0 60 0
833 8 903 0 6 -12851 0 60 0
834 8 1100 0 -6 -12851 0 55 0
835 12 742 1100 24 -6 1 55 55
836 12 903 742 24 -6 0 55 55
837 8 1100 0 6 -12851 0 55 0
838 8 903 0 -6 -12851 1 55 0
839 8 1100 0 6 -12851 0 60 0
840 8 609 0 -6 -12851 1 55 0
841 12 742 903 24 -6 1 55 55
842 12 609 742 -24 6 1 51 51
843 8 609 0 -24 -12851 0 55 0
844 12 742 903 24 -6 1 55 55
845 8 742 0 24 -12851 0 60 0
846 8 742 0 6 -12851 0 55 0
847 8 903 0 -6 -12851 1 60 0
848 12 742 609 -24 6 0 51 51
849 8 742 0 -6 -12851 0 60 0
850 8 609 0 24 -12851 1 55 0
851 8 500 0 6 -12851 0 60 0
852 8 903 0 -6 -12851 0 60 0
853 12 1100 742 -24 6 0 51 55
854 8 500 0 -6 -12851 1 55 0
855 12 1100 742 24 -6 1 51 51
856 12 742 1100 -24 6 0 51 55
857 8 609 0 -6 -12851 1 60 0
858 8 903 0 24 -12851 1 60 0
859 8 1100 0 6 -12851 0 55 0
860 8 1100 0 -6 -12851 0 55 0
861 8 500 0 6 -12851 1 55 0
862 12 903 742 -24 6 1 51 55
863 12 609 742 24 -6 1 55 55
864 8 1100 0 -6 -12851 1 55 0
865 8 742 0 -6 -12851 0 55 0
866 12 903 742 24 -6 0 55 51
867 8 742 0 6 -12851 1 55 0
868 8 1100 0 -24 -12851 0 60 0
869 12 609 742 -24 6 1 55 55
870 8 903 0 -6 -12851 1 55 0
871 12 742 1100 -24 6 1 55 55
872 12 742 1100 -24 6 1 55 55
873 8 903 0 -24 -12851 0 55 0
874 8 1100 0 24 -12851 0 60 0
875 12 609 742 -24 6 0 55 55
876 8 500 0 -6 -12851 1 60 0
877 8 500 0 6 -12851 1 55 0
878 12 742 1100 24 -6 1 55 51
879 12 500 742 24 -6 1 55 55
880 12 1100 742 -24 6 0 55 51
881 12 609 742 -24 6 0 51 55
882 8 500 0 6 -12851 1 60 0
883 12 742 609 -24 6 0 55 51
884 8 903 0 -24 -12851 1 55 0
885 8 609 0 6 -12851 1 55 0
886 12 903 742 -24 6 1 55 51
887 8 609 0 -24 -12851 1 60 0
888 12 609 742 24 -6 0 51 55
889 12 500 742 -24 6 1 55 55
890 8 609 0 24 -12851 0 60 0
891 8 1100 0 6 -12851 1 60 0
892 8 742 0 -24 -12851 0 60 0
893 12 742 1100 -24 6 0 55 55
894 8 742 0 -24 -12851 0 60 0
895 12 742 903 24 -6 0 51 55
896 8 500 0 -6 -12851 0 60 0
897 8 500 0 -6 -12851 0 60 0
898 12 742 1100 -24 6 0 55 51
899 8 903 0 24 -12851 0 55 0
900 8 1100 0 -24 -12851 0 60 0
901 12 742 903 24 -6 0 55 55
902 12 609 742 -24 6 0 55 51
903 12 742 500 -24 6 1 51 55
904 12 742 500 -24 6 1 55 55
905 8 500 0 6 -12851 0 60 0
906 8 1100 0 -6 -12851 1 60 0
907 8 500 0 6 -12851 0 60 0
908 8 609 0 24 -12851 1 60 0
909 8 1100 0 24 -12851 1 60 0
910 8 609 0 -6 -12851 1 55 0
911 12 742 1100 -24 6 1 55 55
912 8 903 0 -6 -12851 1 55 0
913 12 903 742 24 -6 1 55 55
914 12 742 500 24 -6 1 55 55
915 8 903 0 6 -12851 1 55 0
916 12 903 742 -24 6 1 51 51
917 12 903 742 -24 6 0 55 55
918 12 742 1100 24 -6 1 51 55
919 8 609 0 -6 -12851 0 60 0
920 12 742 609 -24 6 1 51 51
921 12 903 742 24 -6 0 51 55
922 8 742 0 -6 -12851 1 60 0
923 8 742 0 -6 -12851 0 60 0
924 12 742 903 24 -6 1 51 51
925 8 742 0 24 -12851 1 55 0
926 12 742 903 24 -6 1 51 55
927 12 742 500 -24 6 0 51 55
928 8 609 0 6 -12851 1 55 0
929 8 609 0 24 -12851 0 60 0
930 8 609 0 24 -12851 1 55 0
931 12 609 742 24 -6 1 55 55
932 8 500 0 -24 -12851 1 55 0
933 8 609 0 6 -12851 0 60 0
934 12 500 742 24 -6 0 51 51
935 8 1100 0 -6 -12851 1 55 0
936 12 742 1100 -24 6 0 55 55
937 12 742 500 24 -6 0 55 55
938 12 609 742 24 -6 0 51 51
939 8 903 0 -24 -12851 0 55 0
940 8 742 0 24 -12851 0 55 0
941 8 903 0 -24 -12851 0 60 0
942 8 500 0 6 -12851 0 60 0
943 12 742 609 24 -6 0 51 55
944 12 742 500 -24 6 1 51 51
945 12 742 609 -24 6 0 55 51
946 12 609 742 24 -6 0 51 55
947 8 500 0 24 -12851 0 60 0
948 8 903 0 -24 -12851 0 55 0
949 8 742 0 6 -12851 0 55 0
950 8 1100 0 24 -12851 0 55 0
951 8 1100 0 -24 -12851 0 60 0
952 12 742 609 24 -6 0 51 55
953 12 742 500 24 -6 1 51 51
954 12 742 500 24 -6 1 51 51
955 12 500 742 -24 6 1 51 55
956 8 742 0 6 -12851 0 55 0
957 12 742 500 24 -6 1 55 51
958 8 500 0 6 -12851 0 55 0
959 12 609 742 -24 6 0 51 55
960 8 500 0 -24 -12851 1 60 0
961 12 609 742 -24 6 1 55 51
962 8 903 0 -6 -12851 0 60 0
963 8 500 0 -24 -12851 1 60 0
964 8 903 0 -6 -12851 0 60 0
965 12 742 500 24 -6 1 51 51
966 8 1100 0 6 -12851 0 60 0
967 12 1100 742 -24 6 1 51 51
968 12 1100 742 -24 6 0 51 51
969 8 500 0 -6 -12851 0 60 0
970 8 903 0 -24 -12851 0 60 0
971 8 742 0 -6 -12851 0 60 0
972 12 903 742 24 -6 1 51 55
973 12 609 742 -24 6 0 51 51
974 8 609 0 6 -12851 0 55 0
975 12 742 609 -24 6 1 55 55
976 12 500 742 -24 6 1 55 51
977 8 609 0 -24 -12851 0 60 0
978 8 742 0 24 -12851 0 55 0
979 8 1100 0 6 -12851 1 60 0
980 12 609 742 24 -6 0 51 51
981 8 742 0 6 -12851 0 55 0
982 12 742 1100 24 -6 0 51 51
983 8 609 0 -6 -12851 0 60 0
984 8 1100 0 6 -12851 1 60 0
985 8 742 0 -6 -12851 1 60 0
986 12 903 742 -24 6 1 51 51
987 12 500 742 -24 6 1 51 51
988 8 742 0 24 -12851 1 60 0
989 8 742 0 -6 -12851 1 55 0
990 8 903 0 -24 -12851 0 60 0
991 8 500 0 24 -12851 1 60 0
992 12 742 500 24 -6 0 51 55
993 12 742 903 24 -6 1 55 55
994 12 1100 742 24 -6 0 55 55
995 12 742 1100 24 -6 0 51 51
996 8 609 0 -6 -12851 1 60 0
997 8 609 0 -6 -12851 0 60 0
998 12 742 903 -24 6 1 51 51
999 12 1100 742 -24 6 1 51 55
1000 12 500 742 -24 6 1 55 55
1001 8 1100 0 -6 -12851 0 60 0
1002 12 742 500 24 -6 1 55 55
1003 8 1100 0 -6 -12851 1 60 0
1004 8 903 0 6 -12851 1 55 0
1005 8 500 0 -24 -12851 1 60 0
1006 8 609 0 -6 -12851 1 60 0
1007 12 903 742 24 -6 1 55 55
1008 8 742 0 -6 -12851 0 60 0
1009 8 903 0 -24 -12851 0 55 0
1010 12 903 742 24 -6 1 55 55
1011 12 903 742 -24 6 0 51 55
1012 12 742 500 -24 6 0 55 55
1013 12 742 500 24 -6 1 55 51
1014 8 500 0 6 -12851 1 60 0
1015 12 742 903 24 -6 0 55 51
1016 8 1100 0 6 -12851 1 60 0
1017 8 1100 0 -6 -12851 0 60 0
1018 12 742 1100 -24 6 0 51 55
1019 12 500 742 24 -6 1 55 51
1020 8 1100 0 6 -12851 1 55 0
1021 12 742 903 -24 6 1 55 51
1022 12 742 500 -24 6 0 51 51
1023 12 609 742 24 -6 1 51 55
1024 12 1100 742 -24 6 1 51 55
1025 12 742 609 -24 6 0 51 51
1026 12 1100 742 24 -6 0 55 51
1027 8 742 0 -6 -12851 1 60 0
1028 8 609 0 -6 -12851 1 60 0
1029 12 903 742 -24 6 1 51 51
1030 12 742 1100 24 -6 1 51 55
1031 12 500 742 24 -6 1 51 55
1032 12 742 609 -24 6 0 55 55
1033 8 903 0 -6 -12851 1 55 0
1034 12 742 903 -24 6 0 55 55
1035 12 742 1100 -24 6 0 51 55
1036 8 609 0 24 -12851 0 60 0
1037 8 903 0 24 -12851 0 60 0
1038 12 1100 742 24 -6 1 55 55
1039 12 1100 742 24 -6 0 51 55
1040 8 609 0 24 -12851 0 60 0
1041 8 742 0 -24 -12851 0 55 0
1042 12 742 1100 -24 6 0 51 51
1043 8 500 0 -6 -12851 0 55 0
1044 12 742 1100 24 -6 1 51 51
1045 12 742 1100 24 -6 0 55 55
1046 12 903 742 -24 6 1 51 55
1047 8 742 0 -6 -12851 1 60 0
1048 12 609 742 -24 6 0 51 51
1049 12 742 1100 -24 6 0 51 51
1050 8 903 0 6 -12851 0 55 0
1051 8 500 0 -6 -12851 0 55 0
1052 12 742 1100 24 -6 1 51 55
1053 8 500 0 6 -12851 1 60 0
1054 8 1100 0 24 -12851 1 60 0
1055 8 1100 0 -24 -12851 0 55 0
1056 12 742 609 -24 6 1 55 55
1057 12 742 903 -24 6 0 51 51
1058 12 609 742 24 -6 0 51 51
1059 8 500 0 -6 -12851 0 55 0
1060 12 903 742 24 -6 0 51 51
1061 8 500 0 24 -12851 0 55 0
1062 8 903 0 -6 -12851 0 55 0
1063 8 609 0 24 -12851 0 55 0
1064 8 609 0 -6 -12851 0 55 0
1065 8 903 0 -24 -12851 0 60 0
1066 8 609 0 6 -12851 0 55 0
1067 12 742 903 -24 6 0 55 51
1068 12 903 742 24 -6 0 55 55
1069 8 1100 0 -6 -12851 0 55 0
1070 12 742 1100 -24 6 0 55 51
1071 12 500 742 -24 6 0 51 55
1072 12 742 500 24 -6 0 55 55
1073 8 1100 0 24 -12851 0 55 0
1074 8 1100 0 24 -12851 0 55 0
1075 12 742 1100 -24 6 0 51 51
1076 8 500 0 -24 -12851 0 60 0
1077 8 742 0 6 -12851 0 60 0
1078 8 742 0 -6 -12851 0 55 0
1079 12 1100 742 -24 6 0 55 51
1080 12 500 742 -24 6 0 51 51
1081 12 742 1100 -24 6 0 55 55
1082 12 1100 742 -24 6 0 55 55
1083 8 742 0 6 -12851 0 55 0
1084 12 742 609 -24 6 0 51 51
1085 8 500 0 -24 -12851 0 55 0
1086 8 903 0 24 -12851 0 55 0
1087 8 609 0 24 -12851 0 60 0
1088 12 742 609 -24 6 0 55 51
1089 8 609 0 -24 -12851 0 60 0
1090 12 742 609 24 -6 0 51 55
1091 8 609 0 -6 -12851 0 60 0
1092 8 609 0 -24 -12851 0 55 0
1093 12 500 742 -24 6 0 55 55
1094 8 903 0 -24 -12851 0 55 0
1095 8 742 0 -24 -12851 0 55 0
1096 8 1100 0 -24 -12851 0 60 0
1097 12 903 742 -24 6 0 51 51
1098 8 742 0 -24 -12851 0 55 0
1099 8 1100 0 24 -12851 0 60 0
1100 12 742 609 -24 6 0 55 51
1101 8 1100 0 -24 -12851 0 55 0
1102 12 1100 742 -24 6 0 51 51
1103 12 609 742 -24 6 0 55 55
1104 12 742 1100 -24 6 0 51 51
1105 8 903 0 24 -12851 0 55 0
1106 12 903 742 24 -6 0 51 55
1107 12 742 1100 -24 6 0 51 51
1108 8 742 0 -24 -12851 0 60 0
1109 12 742 609 -24 6 0 51 51
1110 12 609 742 -24 6 0 51 55
1111 8 500 0 -24 -12851 0 60 0
1112 12 609 742 24 -6 0 55 51
1113 12 903 742 24 -6 0 51 51
1114 12 609 742 24 -6 0 55 51
1115 8 903 0 24 -12851 0 55 0
1116 8 500 0 -24 -12851 0 60 0
1117 12 742 903 24 -6 0 51 51
1118 12 500 742 -24 6 0 55 55
1119 12 742 500 -24 6 0 51 51
1120 8 500 0 6 -12851 0 55 0
1121 12 1100 742 -24 6 0 55 55
1122 12 500 742 24 -6 0 55 55
1123 12 500 742 -24 6 0 55 51
1124 8 609 0 -6 -12851 0 60 0
1125 12 500 742 24 -6 0 51 55
1126 8 609 0 -24 -12851 0 55 0
1127 12 609 742 24 -6 0 55 51
1128 12 903 742 -24 6 0 55 51
1129 8 903 0 6 -12851 0 60 0
1130 8 1100 0 24 -12851 0 55 0
1131 8 742 0 24 -12851 0 60 0
1132 12 1100 742 -24 6 0 51 55
1133 8 500 0 -24 -12851 0 60 0
1134 12 1100 742 24 -6 0 55 55
1135 12 1100 742 24 -6 0 55 51
1136 12 742 609 -24 6 0 51 51
1137 12 1100 742 24 -6 0 51 51
1138 12 742 609 24 -6 0 51 51
1139 12 742 500 24 -6 0 51 55
1140 8 500 0 -24 -12851 0 60 0
1141 12 742 903 -24 6 0 51 51
1142 8 742 0 -24 -12851 0 55 0
1143 8 500 0 24 -12851 0 55 0
1144 12 742 1100 24 -6 0 55 55
1145 8 1100 0 -24 -12851 0 55 0
1146 12 500 742 -24 6 0 55 55
1147 8 1100 0 -24 -12851 0 55 0
1148 8 903 0 6 -12851 0 60 0
1149 8 742 0 -24 -12851 0 60 0
1150 8 609 0 24 -12851 0 60 0
1151 12 742 500 -24 6 0 55 51
1152 12 1100 742 -24 6 0 51 55
1153 8 903 0 24 -12851 0 60 0
1154 8 609 0 6 -12851 0 60 0
1155 8 1100 0 24 -12851 0 55 0
1156 8 1100 0 24 -12851 0 60 0
1157 12 742 500 -24 6 0 55 55
1158 12 742 500 24 -6 0 55 51
1159 8 1100 0 24 -12851 0 55 0
1160 8 1100 0 -6 -12851 0 60 0
1161 8 609 0 -24 -12851 0 60 0
1162 12 742 500 -24 6 0 55 51
1163 12 609 742 -24 6 0 51 55
1164 8 903 0 24 -12851 0 55 0
1165 8 742 0 -24 -12851 0 60 0
1166 12 742 500 -24 6 0 55 51
1167 8 609 0 -24 -12851 0 60 0
1168 12 742 500 24 -6 0 51 51
1169 8 500 0 6 -12851 0 60 0
1170 12 1100 742 24 -6 0 55 51
1171 12 903 742 -24 6 0 55 55
1172 12 1100 742 24 -6 0 51 55
1173 8 903 0 -24 -12851 0 55 0
1174 8 742 0 -24 -12851 0 55 0
1175 8 609 0 24 -12851 0 60 0
1176 12 1100 742 -24 6 0 55 55
1177 12 742 1100 -24 6 0 51 55
1178 12 742 609 24 -6 0 55 51
1179 12 742 609 -24 6 0 55 55
1180 12 1100 742 24 -6 0 51 55
1181 12 903 742 24 -6 0 51 51
1182 12 742 903 24 -6 0 55 55
1183 8 742 0 6 -12851 0 55 0
1184 12 1100 742 24 -6 0 51 51
1185 8 903 0 6 -12851 0 60 0
1186 8 500 0 -6 -12851 0 60 0
1187 12 742 500 24 -6 0 51 51
1188 8 500 0 24 -12851 0 60 0
1189 8 903 0 24 -12851 0 60 0
1190 8 903 0 6 -12851 0 55 0
1191 8 609 0 6 -12851 0 55 0
1192 12 742 609 24 -6 0 51 51
1193 8 609 0 6 -12851 0 60 0
1194 12 1100 742 24 -6 0 55 51
1195 12 742 903 -24 6 0 51 55
1196 8 742 0 -24 -12851 0 60 0
1197 12 1100 742 24 -6 0 51 51
1198 8 742 0 -6 -12851 0 60 0
1199 12 609 742 24 -6 0 51 51
1200 8 609 0 -24 -12851 0 55 0
1201 8 742 0 6 -12851 0 60 0
1202 8 903 0 24 -12851 0 60 0
1203 8 903 0 6 -12851 0 60 0
1204 8 500 0 -24 -12851 0 60 0
1205 8 500 0 6 -12851 0 60 0
1206 12 742 500 24 -6 0 51 55
1207 8 500 0 24 -12851 0 55 0
1208 8 1100 0 6 -12851 0 55 0
1209 8 1100 0 -6 -12851 0 55 0
1210 8 1100 0 -6 -12851 0 60 0
1211 12 1100 742 24 -6 0 55 51
1212 8 742 0 -6 -12851 0 60 0
1213 8 742 0 6 -12851 0 55 0
1214 12 742 500 -24 6 0 55 51
1215 8 1100 0 -24 -12851 0 55 0
1216 8 903 0 -24 -12851 0 60 0
1217 12 742 1100 24 -6 0 51 51
1218 12 742 500 24 -6 0 51 51
1219 8 903 0 6 -12851 0 60 0
1220 12 742 609 -24 6 0 55 51
1221 8 1100 0 6 -12851 0 55 0
1222 8 500 0 -6 -12851 0 55 0
1223 8 500 0 -6 -12851 0 60 0
1224 8 500 0 -24 -12851 0 60 0
1225 12 500 742 -24 6 0 55 51
1226 8 903 0 6 -12851 0 55 0
1227 8 609 0 6 -12851 0 60 0
1228 8 609 0 -6 -12851 0 55 0
1229 8 609 0 24 -12851 0 55 0
1230 8 1100 0 6 -12851 0 55 0
1231 8 742 0 -24 -12851 0 60 0
1232 12 742 609 -24 6 0 51 51
1233 8 742 0 6 -12851 0 60 0
1234 8 742 0 24 -12851 0 60 0
1235 12 742 609 -24 6 0 51 55
1236 8 742 0 -24 -12851 0 55 0
1237 8 500 0 24 -12851 0 55 0
1238 8 742 0 6 -12851 0 55 0
1239 8 742 0 -24 -12851 0 60 0
1240 8 500 0 24 -12851 0 60 0
1241 8 609 0 24 -12851 0 60 0
1242 8 903 0 24 -12851 0 60 0
1243 8 1100 0 -24 -12851 0 60 0
1244 8 1100 0 -6 -12851 0 55 0
1245 8 500 0 -6 -12851 0 55 0
1246 8 1100 0 6 -12851 0 55 0
1247 8 609 0 -24 -12851 0 60 0
1248 8 903 0 -24 -12851 0 60 0
1249 12 742 609 -24 6 0 51 51
1250 8 903 0 -6 -12851 0 55 0
1251 8 609 0 -24 -12851 0 60 0
1252 12 742 500 -24 6 0 51 51
1253 12 903 742 -24 6 0 55 55
1254 8 742 0 6 -12851 0 60 0
1255 12 742 609 24 -6 0 55 51
1256 8 742 0 24 -12851 0 55 0
1257 12 500 742 24 -6 0 51 51
1258 12 742 903 24 -6 0 55 55
1259 12 742 1100 24 -6 0 55 51
1260 12 742 903 24 -6 0 51 55
1261 8 903 0 -6 -12851 0 60 0
1262 8 609 0 -24 -12851 0 60 0
1263 8 1100 0 6 -12851 0 55 0
1264 12 500 742 24 -6 0 51 51
1265 8 903 0 -6 -12851 0 60 0
1266 12 742 1100 24 -6 0 51 51
1267 8 609 0 24 -12851 0 55 0
1268 12 742 903 -24 6 0 51 51
1269 12 742 903 -24 6 0 55 51
1270 8 903 0 -6 -12851 0 60 0
1271 8 500 0 -24 -12851 0 55 0
1272 12 742 500 -24 6 0 51 51
1273 12 903 742 24 -6 0 55 51
1274 12 742 609 -24 6 0 51 51
1275 8 742 0 -6 -12851 0 60 0
1276 12 609 742 -24 6 0 55 55
1277 8 500 0 -24 -12851 0 60 0
1278 8 1100 0 -24 -12851 0 60 0
1279 12 903 742 -24 6 0 55 55
1280 8 609 0 -6 -12851 0 60 0
1281 8 500 0 -6 -12851 0 60 0
1282 12 1100 742 -24 6 0 51 55
1283 12 1100 742 -24 6 0 55 51
1284 12 609 742 24 -6 0 51 51
1285 8 1100 0 -24 -12851 0 55 0
1286 8 742 0 -6 -12851 0 55 0
