1523 12 500 742 24 -6 0 55 51
1524 12 1100 742 24 -6 0 55 55
1525 12 742 609 24 -6 1 51 51
1526 12 742 500 24 -6 0 55 51
1527 12 1100 742 24 -6 1 55 55
1528 12 742 903 -24 6 1 51 55
1529 8 609 0 6 -12851 0 60 0
1530 8 1100 0 -6 -12851 0 60 0
1531 8 609 0 -24 -12851 1 60 0
1532 8 903 0 24 -12851 1 55 0
1533 8 500 0 6 -12851 1 55 0
1534 12 500 742 -24 6 1 55 51
1535 12 609 742 -24 6 1 51 51
1536 8 609 0 24 -12851 0 55 0
1537 12 903 742 -24 6 1 51 51
1538 12 742 903 24 -6 0 51 55
1539 8 500 0 24 -12851 0 60 0
1540 8 1100 0 -24 -12851 1 60 0
1541 8 742 0 24 -12851 1 60 0
1542 8 742 0 6 -12851 1 55 0
1543 12 742 1100 -24 6 1 55 51
1544 8 742 0 -24 -12851 1 55 0
1545 8 500 0 -24 -12851 1 55 0
1546 8 903 0 6 -12851 1 60 0
1547 12 742 1100 24 -6 0 55 51
1548 12 903 742 -24 6 0 55 51
1549 12 500 742 -24 6 1 51 55
1550 12 742 609 -24 6 0 51 51
1551 8 903 0 -24 -12851 0 60 0
1552 12 903 742 -24 6 1 51 51
1553 12 1100 742 -24 6 1 51 51
1554 12 742 500 24 -6 0 55 51
1555 12 742 500 24 -6 1 55 51
1556 8 609 0 24 -12851 1 55 0
1557 12 742 1100 -24 6 1 51 51
1558 12 742 500 -24 6 1 51 51
1559 8 609 0 -6 -12851 0 55 0
1560 8 903 0 24 -12851 0 60 0
1561 8 609 0 6 -12851 0 55 0
1562 12 500 742 -24 6 1 55 51
1563 12 1100 742 24 -6 1 55 51
1564 8 903 0 6 -12851 1 55 0
1565 12 903 742 -24 6 1 55 51
1566 12 903 742 -24 6 0 55 55
1567 8 1100 0 -6 -12851 1 55 0
1568 12 742 500 -24 6 1 51 55
1569 8 1100 0 6 -12851 1 55 0
1570 8 500 0 -6 -12851 0 55 0
1571 8 609 0 -24 -12851 1 60 0
1572 12 1100 742 24 -6 0 51 55
1573 8 1100 0 -24 -12851 1 55 0
1574 12 742 1100 -24 6 0 51 55
1575 12 742 1100 24 -6 1 51 51
1576 8 742 0 -6 -12851 0 55 0
1577 12 742 903 24 -6 1 55 55
1578 8 903 0 24 -12851 1 55 0
1579 12 742 609 -24 6 1 51 51
1580 12 742 609 24 -6 0 51 55
1581 8 742 0 -24 -12851 1 60 0
1582 8 742 0 6 -12851 1 60 0
1583 12 742 500 -24 6 1 55 51
1584 12 609 742 -24 6 1 55 55
1585 8 500 0 24 -12851 0 55 0
1586 8 500 0 24 -12851 1 55 0
1587 8 742 0 -24 -12851 1 60 0
1588 8 742 0 -24 -12851 1 55 0
1589 12 609 742 -24 6 0 51 51
1590 8 500 0 -24 -12851 1 60 0
1591 8 903 0 24 -12851 1 55 0
1592 8 903 0 24 -12851 0 55 0
1593 8 742 0 24 -12851 1 60 0
1594 8 500 0 -24 -12851 1 60 0
1595 12 903 742 -24 6 1 55 55
1596 8 500 0 -6 -12851 0 60 0
1597 8 903 0 6 -12851 0 60 0
1598 12 609 742 -24 6 1 51 51
1599 12 1100 742 24 -6 0 55 51
1600 8 1100 0 -6 -12851 0 60 0
1601 12 500 742 24 -6 1 55 55
1602 8 609 0 24 -12851 0 60 0
1603 12 903 742 -24 6 1 51 51
1604 8 1100 0 -6 -12851 0 60 0
1605 12 742 903 24 -6 0 55 51
1606 8 742 0 -6 -12851 1 55 0
1607 8 1100 0 -6 -12851 0 60 0
1608 12 742 903 24 -6 1 55 51
1609 8 609 0 6 -12851 1 55 0
1610 8 609 0 -6 -12851 0 55 0
1611 8 609 0 24 -12851 1 60 0
1612 12 500 742 24 -6 1 51 55
1613 8 609 0 -24 -12851 1 60 0
1614 12 742 903 24 -6 0 55 55
1615 12 609 742 -24 6 1 55 51
1616 12 742 609 24 -6 1 55 55
1617 8 500 0 6 -12851 1 60 0
1618 8 742 0 24 -12851 0 55 0
1619 8 1100 0 -6 -12851 1 55 0
1620 12 1100 742 24 -6 1 51 51
1621 8 1100 0 -24 -12851 1 60 0
1622 12 903 742 -24 6 0 55 51
1623 8 903 0 24 -12851 0 60 0
1624 12 903 742 -24 6 1 55 55
1625 12 500 742 24 -6 1 55 51
1626 12 742 1100 -24 6 0 55 55
1627 8 742 0 -24 -12851 1 55 0
1628 8 903 0 -24 -12851 1 60 0
1629 12 500 742 24 -6 0 51 51
1630 12 742 1100 24 -6 0 55 55
1631 12 742 500 24 -6 0 55 51
1632 8 609 0 -24 -12851 1 55 0
1633 12 742 1100 -24 6 0 55 55
1634 8 1100 0 24 -12851 1 55 0
1635 8 903 0 6 -12851 1 55 0
1636 8 609 0 -24 -12851 1 60 0
1637 8 500 0 -24 -12851 1 55 0
1638 12 609 742 24 -6 1 55 55
1639 8 500 0 24 -12851 1 60 0
1640 12 903 742 -24 6 1 51 51
1641 8 742 0 6 -12851 0 60 0
1642 12 742 500 -24 6 1 51 51
1643 8 742 0 -6 -12851 0 60 0
1644 12 742 500 24 -6 1 55 51
1645 8 742 0 6 -12851 1 60 0
1646 12 742 500 -24 6 1 55 51
1647 12 1100 742 24 -6 1 55 51
1648 12 742 903 -24 6 1 55 51
1649 12 742 1100 24 -6 0 51 55
1650 8 903 0 24 -12851 1 55 0
1651 8 609 0 -6 -12851 1 55 0
1652 12 742 903 24 -6 0 55 55
1653 12 742 500 -24 6 1 51 55
1654 12 742 903 -24 6 1 55 51
1655 8 742 0 24 -12851 1 55 0
1656 8 1100 0 24 -12851 1 55 0
1657 8 1100 0 -6 -12851 1 55 0
1658 12 742 500 24 -6 0 55 55
1659 12 742 500 -24 6 1 51 51
1660 12 742 1100 -24 6 1 51 51
1661 8 903 0 -24 -12851 1 55 0
1662 12 609 742 -24 6 1 55 55
1663 12 742 903 -24 6 0 55 55
1664 12 609 742 24 -6 1 51 55
1665 8 500 0 24 -12851 1 60 0
1666 8 742 0 -24 -12851 1 55 0
1667 8 609 0 6 -12851 1 60 0
1668 12 742 609 -24 6 0 51 51
1669 12 742 500 -24 6 0 51 51
1670 12 742 609 24 -6 0 55 51
1671 8 609 0 6 -12851 0 55 0
1672 8 903 0 -6 -12851 0 60 0
1673 12 609 742 24 -6 0 51 55
1674 8 1100 0 24 -12851 0 60 0
1675 12 742 500 -24 6 1 51 51
1676 12 742 609 -24 6 1 55 51
1677 12 742 500 24 -6 0 55 55
1678 8 500 0 -24 -12851 0 55 0
1679 12 500 742 -24 6 1 55 51
1680 12 742 1100 24 -6 0 55 51
1681 8 500 0 6 -12851 0 60 0
1682 12 742 609 -24 6 1 55 55
1683 8 742 0 6 -12851 0 55 0
1684 8 742 0 -6 -12851 0 55 0
1685 12 903 742 -24 6 0 55 55
1686 12 742 903 24 -6 0 51 51
1687 12 1100 742 -24 6 0 51 51
1688 12 609 742 -24 6 1 51 55
1689 12 742 500 -24 6 1 51 51
1690 12 500 742 -24 6 0 51 51
1691 8 903 0 -6 -12851 1 55 0
1692 8 609 0 24 -12851 1 60 0
1693 8 742 0 -24 -12851 1 60 0
1694 12 903 742 -24 6 1 51 55
1695 12 1100 742 -24 6 1 51 55
1696 12 742 500 -24 6 1 55 51
1697 8 903 0 24 -12851 0 55 0
1698 12 742 500 24 -6 1 51 51
1699 8 500 0 6 -12851 0 60 0
1700 8 903 0 6 -12851 0 60 0
1701 8 500 0 24 -12851 1 55 0
1702 8 1100 0 -6 -12851 0 55 0
1703 8 742 0 -24 -12851 1 60 0
1704 12 903 742 24 -6 1 55 55
1705 8 1100 0 -6 -12851 0 60 0
1706 8 500 0 6 -12851 0 60 0
1707 12 742 500 24 -6 0 55 51
1708 12 1100 742 24 -6 1 55 51
1709 12 742 1100 24 -6 1 55 51
1710 8 1100 0 24 -12851 1 55 0
1711 12 1100 742 24 -6 1 55 55
1712 8 609 0 -24 -12851 0 60 0
1713 8 609 0 24 -12851 0 60 0
1714 12 742 1100 -24 6 0 51 51
1715 12 500 742 -24 6 1 51 51
1716 12 609 742 24 -6 0 55 55
1717 12 500 742 24 -6 1 51 55
1718 8 742 0 24 -12851 1 60 0
1719 12 903 742 -24 6 0 51 51
1720 12 742 903 -24 6 1 51 55
1721 8 742 0 24 -12851 1 60 0
1722 8 742 0 6 -12851 1 60 0
1723 12 500 742 24 -6 0 55 51
1724 8 742 0 6 -12851 0 55 0
1725 8 609 0 -6 -12851 0 55 0
1726 8 1100 0 -24 -12851 0 55 0
1727 12 742 1100 24 -6 0 51 51
1728 12 742 609 -24 6 1 51 51
1729 8 500 0 -6 -12851 1 55 0
1730 8 609 0 6 -12851 0 60 0
1731 12 500 742 24 -6 1 55 51
1732 12 1100 742 -24 6 1 51 51
1733 12 742 903 -24 6 1 51 55
1734 12 742 1100 24 -6 1 51 55
1735 8 500 0 6 -12851 0 60 0
1736 8 609 0 24 -12851 0 55 0
1737 12 903 742 -24 6 0 55 51
1738 12 609 742 -24 6 0 55 55
1739 8 1100 0 -6 -12851 1 60 0
1740 12 742 903 -24 6 0 51 55
1741 8 1100 0 24 -12851 1 55 0
1742 12 903 742 -24 6 1 51 55
1743 8 500 0 -6 -12851 0 60 0
1744 8 903 0 24 -12851 1 60 0
1745 12 903 742 24 -6 1 55 55
1746 8 903 0 -24 -12851 1 60 0
1747 8 903 0 24 -12851 0 60 0
1748 12 742 1100 -24 6 1 55 51
1749 12 1100 742 24 -6 0 55 55
1750 8 609 0 6 -12851 0 60 0
1751 12 500 742 -24 6 1 55 55
1752 12 742 609 -24 6 1 55 55
1753 8 609 0 -24 -12851 1 60 0
1754 12 742 903 -24 6 1 51 51
1755 8 609 0 24 -12851 1 55 0
1756 12 742 500 -24 6 1 55 51
1757 8 903 0 6 -12851 0 55 0
1758 12 500 742 -24 6 1 51 55
1759 8 1100 0 24 -12851 1 55 0
1760 12 742 500 24 -6 1 55 55
1761 8 742 0 -6 -12851 1 55 0
1762 12 903 742 -24 6 1 55 51
1763 12 609 742 -24 6 0 51 51
1764 12 609 742 -24 6 1 51 51
1765 12 742 1100 24 -6 1 55 51
1766 12 742 903 24 -6 1 51 51
1767 12 742 1100 -24 6 0 51 55
1768 12 742 500 -24 6 1 55 51
1769 8 609 0 6 -12851 1 60 0
1770 8 742 0 -6 -12851 1 60 0
1771 12 742 500 -24 6 1 51 55
1772 12 609 742 -24 6 0 51 55
1773 8 742 0 24 -12851 1 55 0
1774 12 609 742 -24 6 0 55 51
1775 12 742 609 -24 6 0 51 51
1776 12 1100 742 24 -6 1 51 55
1777 12 903 742 24 -6 1 55 51
1778 8 903 0 -6 -12851 1 55 0
1779 8 500 0 6 -12851 0 60 0
1780 12 1100 742 24 -6 1 51 55
1781 8 1100 0 -6 -12851 0 55 0
1782 12 1100 742 24 -6 1 55 51
1783 12 742 903 24 -6 1 51 51
1784 12 903 742 -24 6 1 55 55
1785 8 500 0 6 -12851 1 55 0
1786 12 742 609 24 -6 1 55 55
1787 8 500 0 24 -12851 0 60 0
1788 12 742 500 24 -6 1 55 51
1789 8 1100 0 -6 -12851 0 55 0
1790 12 742 903 24 -6 0 51 55
1791 12 1100 742 24 -6 0 55 55
1792 8 903 0 -6 -12851 0 60 0
1793 8 903 0 6 -12851 1 55 0
1794 8 903 0 24 -12851 0 55 0
1795 12 903 742 -24 6 0 55 51
1796 12 500 742 24 -6 0 51 51
1797 8 742 0 -6 -12851 1 55 0
1798 8 903 0 24 -12851 1 55 0
1799 8 903 0 6 -12851 1 60 0
1800 12 742 609 -24 6 1 55 51
1801 12 742 903 24 -6 1 55 55
1802 12 903 742 -24 6 1 51 55
1803 12 500 742 -24 6 1 51 55
1804 8 1100 0 -24 -12851 1 55 0
1805 12 903 742 24 -6 0 51 55
1806 8 500 0 6 -12851 0 60 0
1807 12 742 500 24 -6 0 55 51
1808 8 609 0 24 -12851 1 55 0
1809 12 903 742 24 -6 0 51 55
1810 12 742 609 24 -6 1 51 55
1811 8 500 0 -24 -12851 0 60 0
1812 12 742 500 24 -6 1 51 51
1813 12 742 903 -24 6 1 51 51
1814 8 500 0 24 -12851 1 55 0
1815 8 1100 0 24 -12851 1 60 0
1816 8 1100 0 24 -12851 1 55 0
1817 12 903 742 24 -6 1 51 51
1818 8 742 0 -24 -12851 0 55 0
1819 8 742 0 24 -12851 1 60 0
1820 8 609 0 24 -12851 1 60 0
1821 8 609 0 6 -12851 0 60 0
1822 12 742 609 -24 6 0 51 55
1823 12 742 500 -24 6 1 51 55
1824 12 742 1100 24 -6 1 51 55
1825 12 1100 742 -24 6 1 55 55
1826 12 500 742 -24 6 1 51 51
1827 12 609 742 -24 6 1 51 51
1828 12 742 500 -24 6 1 55 55
1829 12 742 1100 -24 6 1 55 51
1830 8 500 0 6 -12851 0 60 0
1831 12 742 903 -24 6 1 55 51
1832 8 500 0 24 -12851 0 60 0
1833 8 742 0 -24 -12851 0 60 0
1834 12 742 1100 24 -6 0 51 51
1835 12 742 500 -24 6 0 55 55
1836 8 1100 0 24 -12851 0 60 0
1837 12 742 500 -24 6 0 55 55
1838 8 609 0 6 -12851 0 55 0
1839 12 1100 742 -24 6 1 55 51
1840 12 742 903 24 -6 0 51 55
1841 12 742 609 24 -6 1 51 51
1842 12 742 500 24 -6 1 55 51
1843 8 742 0 -6 -12851 1 60 0
1844 12 500 742 -24 6 1 55 55
1845 8 742 0 24 -12851 1 60 0
1846 8 609 0 -24 -12851 0 60 0
1847 12 742 1100 24 -6 1 51 51
1848 8 1100 0 -24 -12851 0 60 0
1849 8 609 0 24 -12851 0 60 0
1850 12 903 742 -24 6 1 55 51
1851 12 1100 742 -24 6 1 55 51
1852 8 1100 0 -24 -12851 1 55 0
1853 12 500 742 -24 6 1 55 51
1854 8 903 0 24 -12851 1 60 0
1855 8 903 0 24 -12851 1 60 0
1856 8 903 0 -6 -12851 1 55 0
1857 8 500 0 -6 -12851 0 55 0
1858 12 742 609 -24 6 1 55 51
1859 12 742 903 -24 6 1 51 51
1860 8 500 0 -6 -12851 0 60 0
1861 8 500 0 -6 -12851 0 55 0
1862 8 500 0 -6 -12851 1 60 0
1863 12 903 742 -24 6 1 55 51
1864 12 500 742 -24 6 1 55 55
1865 8 1100 0 -6 -12851 0 60 0
1866 12 609 742 24 -6 1 51 51
1867 8 742 0 24 -12851 1 55 0
1868 12 742 903 24 -6 0 51 55
1869 12 742 500 24 -6 1 55 51
1870 8 500 0 6 -12851 1 60 0
1871 8 742 0 24 -12851 1 60 0
1872 8 500 0 24 -12851 0 60 0
1873 8 903 0 6 -12851 0 55 0
1874 8 903 0 -24 -12851 0 55 0
1875 12 742 1100 -24 6 1 51 55
1876 8 742 0 -6 -12851 0 60 0
1877 12 1100 742 24 -6 1 55 51
1878 12 742 609 -24 6 1 55 51
1879 12 742 903 24 -6 1 51 51
1880 8 609 0 -24 -12851 0 60 0
1881 12 1100 742 24 -6 0 55 51
1882 12 742 903 -24 6 0 55 55
1883 8 609 0 -6 -12851 0 55 0
1884 8 1100 0 24 -12851 0 55 0
1885 8 609 0 6 -12851 1 60 0
1886 12 742 609 -24 6 0 55 55
1887 12 742 1100 -24 6 1 51 55
1888 8 903 0 -24 -12851 1 60 0
1889 12 500 742 -24 6 1 51 55
1890 8 1100 0 24 -12851 0 55 0
1891 12 742 1100 24 -6 1 55 51
1892 8 609 0 6 -12851 0 60 0
1893 8 609 0 -24 -12851 1 55 0
1894 12 742 609 -24 6 1 55 55
1895 12 742 1100 24 -6 1 51 55
1896 8 742 0 -24 -12851 0 60 0
1897 8 742 0 24 -12851 1 60 0
1898 8 609 0 6 -12851 0 60 0
1899 8 903 0 24 -12851 1 60 0
1900 12 500 742 24 -6 0 51 51
1901 8 609 0 -6 -12851 0 55 0
1902 8 742 0 6 -12851 0 60 0
1903 12 500 742 -24 6 1 55 55
1904 8 500 0 24 -12851 1 55 0
1905 12 500 742 -24 6 1 55 55
1906 8 500 0 -6 -12851 0 60 0
1907 8 500 0 6 -12851 0 60 0
1908 12 609 742 -24 6 0 55 51
1909 8 1100 0 -24 -12851 1 60 0
1910 12 609 742 -24 6 1 51 55
1911 8 903 0 6 -12851 0 55 0
1912 12 1100 742 -24 6 0 55 55
1913 8 1100 0 24 -12851 1 55 0
1914 8 903 0 -24 -12851 1 55 0
1915 12 742 1100 24 -6 0 55 55
1916 8 1100 0 24 -12851 1 55 0
1917 12 742 903 -24 6 1 51 55
1918 12 742 609 -24 6 1 51 51
1919 8 903 0 24 -12851 1 60 0
1920 8 903 0 6 -12851 0 60 0
1921 8 609 0 24 -12851 1 60 0
1922 12 903 742 24 -6 1 55 51
1923 8 500 0 6 -12851 0 55 0
1924 8 903 0 -6 -12851 1 60 0
1925 8 609 0 24 -12851 1 55 0
1926 8 500 0 -24 -12851 1 55 0
1927 8 742 0 6 -12851 0 60 0
1928 12 903 742 24 -6 0 51 51
1929 8 1100 0 -24 -12851 1 60 0
1930 8 903 0 -6 -12851 1 60 0
1931 8 609 0 24 -12851 1 55 0
1932 8 500 0 6 -12851 1 60 0
1933 8 1100 0 6 -12851 0 60 0
1934 8 742 0 -6 -12851 1 60 0
1935 12 903 742 -24 6 1 51 51
1936 12 742 903 -24 6 0 51 55
1937 12 742 609 -24 6 1 55 51
1938 12 742 903 24 -6 1 55 55
1939 12 742 609 -24 6 0 51 55
1940 8 742 0 24 -12851 0 60 0
1941 8 1100 0 -6 -12851 1 55 0
1942 12 742 1100 -24 6 1 55 55
1943 12 500 742 24 -6 1 55 51
1944 8 500 0 -6 -12851 0 55 0
1945 12 500 742 -24 6 1 55 51
1946 8 500 0 -24 -12851 1 55 0
1947 12 742 609 -24 6 1 55 51
1948 8 500 0 -24 -12851 1 55 0
1949 8 1100 0 -24 -12851 1 60 0
1950 12 742 1100 24 -6 0 51 55
1951 12 742 1100 -24 6 1 55 51
1952 8 1100 0 -6 -12851 0 60 0
1953 12 500 742 24 -6 1 51 55
1954 8 609 0 -6 -12851 0 55 0
1955 8 1100 0 -6 -12851 1 60 0
1956 12 903 742 -24 6 0 51 51
1957 8 903 0 24 -12851 0 55 0
1958 12 742 609 -24 6 0 51 51
1959 12 500 742 24 -6 0 55 55
1960 8 903 0 -6 -12851 1 60 0
1961 12 742 903 -24 6 1 55 51
1962 8 742 0 6 -12851 0 60 0
1963 12 742 500 24 -6 0 55 55
1964 8 903 0 24 -12851 1 60 0
1965 12 500 742 -24 6 1 51 51
1966 12 609 742 24 -6 0 51 51
1967 8 742 0 -6 -12851 0 55 0
1968 8 609 0 -6 -12851 1 55 0
1969 8 742 0 -6 -12851 0 60 0
1970 12 742 903 24 -6 0 55 55
1971 8 500 0 6 -12851 0 60 0
1972 12 742 1100 -24 6 1 51 51
1973 8 609 0 24 -12851 0 60 0
1974 12 742 500 24 -6 1 51 51
1975 12 903 742 24 -6 1 51 55
1976 8 742 0 -6 -12851 0 55 0
1977 12 500 742 -24 6 1 51 51
1978 8 742 0 6 -12851 1 60 0
1979 12 742 609 24 -6 1 51 55
1980 12 742 903 24 -6 1 55 51
1981 8 903 0 6 -12851 0 55 0
1982 12 1100 742 24 -6 1 51 55
1983 12 500 742 -24 6 1 51 51
1984 12 609 742 24 -6 0 51 51
1985 12 500 742 -24 6 0 51 51
1986 12 742 903 -24 6 1 55 51
1987 8 1100 0 -6 -12851 1 55 0
1988 8 500 0 24 -12851 0 55 0
1989 8 903 0 6 -12851 1 55 0
1990 8 742 0 -6 -12851 0 55 0
1991 8 500 0 6 -12851 0 60 0
1992 8 609 0 -6 -12851 1 55 0
1993 12 742 1100 -24 6 0 55 55
1994 12 742 1100 -24 6 1 51 55
1995 12 500 742 24 -6 0 51 55
1996 12 742 1100 24 -6 1 55 51
1997 12 903 742 -24 6 1 51 51
1998 8 903 0 6 -12851 1 60 0
1999 12 1100 742 24 -6 0 51 51
2000 8 742 0 -6 -12851 0 60 0
2001 12 609 742 24 -6 0 51 51
2002 8 500 0 -24 -12851 1 55 0
2003 12 742 500 -24 6 1 51 55
2004 8 1100 0 24 -12851 0 60 0
2005 12 500 742 24 -6 1 55 55
2006 8 609 0 -24 -12851 0 55 0
2007 12 1100 742 24 -6 1 55 51
2008 8 609 0 -6 -12851 1 55 0
2009 8 1100 0 -24 -12851 1 60 0
2010 12 742 609 -24 6 0 51 55
2011 12 742 1100 24 -6 1 55 55
2012 8 1100 0 -6 -12851 1 55 0
2013 8 1100 0 24 -12851 1 60 0
2014 12 500 742 -24 6 1 51 55
2015 12 742 1100 -24 6 1 51 55
2016 8 1100 0 -6 -12851 1 60 0
2017 8 903 0 24 -12851 1 60 0
2018 12 903 742 -24 6 1 51 55
2019 12 742 609 24 -6 1 51 55
2020 12 1100 742 -24 6 1 51 51
2021 8 1100 0 6 -12851 1 60 0
2022 8 609 0 -24 -12851 1 60 0
2023 12 742 609 24 -6 0 51 55
2024 12 903 742 24 -6 0 55 51
2025 8 903 0 -24 -12851 1 60 0
2026 8 742 0 -6 -12851 0 60 0
2027 8 742 0 24 -12851 0 55 0
2028 8 742 0 -6 -12851 1 55 0
2029 8 500 0 24 -12851 0 55 0
2030 12 742 903 -24 6 1 51 51
2031 8 609 0 -6 -12851 0 60 0
2032 8 609 0 -24 -12851 1 55 0
2033 12 609 742 24 -6 1 55 51
2034 12 903 742 24 -6 0 55 51
2035 12 609 742 -24 6 0 51 55
2036 8 903 0 -6 -12851 0 55 0
2037 12 742 903 -24 6 0 55 51
2038 8 500 0 -24 -12851 0 55 0
2039 8 500 0 24 -12851 0 60 0
2040 12 742 903 24 -6 0 51 51
2041 8 609 0 -24 -12851 0 55 0
2042 8 609 0 -24 -12851 0 60 0
2043 12 742 1100 24 -6 0 51 55
2044 12 742 609 -24 6 1 55 55
2045 12 742 1100 -24 6 1 51 51
2046 8 903 0 6 -12851 0 55 0
2047 8 742 0 -24 -12851 1 55 0
2048 8 742 0 6 -12851 0 55 0
2049 12 500 742 24 -6 1 55 55
2050 8 609 0 24 -12851 1 60 0
2051 8 500 0 6 -12851 1 55 0
2052 12 742 903 -24 6 1 51 51
2053 8 500 0 24 -12851 1 60 0
2054 12 500 742 -24 6 1 51 51
2055 12 742 500 24 -6 1 51 51
2056 12 742 1100 -24 6 1 51 55
2057 8 500 0 -6 -12851 0 60 0
2058 8 742 0 -24 -12851 0 60 0
2059 8 903 0 -24 -12851 0 55 0
2060 8 1100 0 -6 -12851 0 55 0
2061 12 1100 742 -24 6 0 51 51
2062 8 903 0 -6 -12851 1 60 0
2063 8 609 0 -6 -12851 1 60 0
2064 12 903 742 24 -6 1 51 51
2065 8 1100 0 24 -12851 1 60 0
2066 8 1100 0 -6 -12851 0 60 0
2067 8 1100 0 6 -12851 0 55 0
2068 8 1100 0 -24 -12851 1 55 0
2069 12 742 609 -24 6 1 55 55
2070 8 609 0 6 -12851 0 60 0
2071 12 903 742 24 -6 0 55 55
2072 12 742 1100 24 -6 1 55 55
2073 12 742 1100 24 -6 0 51 51
2074 12 742 903 24 -6 1 55 51
2075 12 609 742 -24 6 1 55 51
2076 8 1100 0 -24 -12851 1 60 0
2077 12 609 742 -24 6 0 51 55
2078 8 609 0 -24 -12851 0 55 0
2079 12 609 742 -24 6 1 55 55
2080 12 742 1100 -24 6 0 55 51
2081 8 903 0 -24 -12851 0 60 0
2082 8 500 0 -24 -12851 1 60 0
2083 8 609 0 6 -12851 0 60 0
2084 8 500 0 -6 -12851 0 55 0
2085 12 742 609 24 -6 0 51 51
2086 8 1100 0 6 -12851 0 55 0
2087 12 500 742 24 -6 1 51 51
2088 12 500 742 -24 6 1 51 51
2089 12 500 742 24 -6 0 55 55
2090 8 742 0 24 -12851 1 55 0
2091 8 742 0 24 -12851 0 60 0
2092 8 742 0 -6 -12851 0 55 0
2093 12 742 609 -24 6 0 51 51
2094 8 500 0 -6 -12851 1 55 0
2095 12 742 500 24 -6 1 55 51
2096 12 742 1100 24 -6 1 55 51
2097 8 903 0 -24 -12851 1 60 0
2098 12 742 609 -24 6 1 55 55
2099 8 903 0 -24 -12851 0 55 0
2100 8 500 0 -6 -12851 0 60 0
2101 8 500 0 24 -12851 1 55 0
2102 8 500 0 24 -12851 1 60 0
2103 8 1100 0 6 -12851 1 55 0
2104 12 500 742 -24 6 1 51 55
2105 12 742 609 -24 6 0 51 51
2106 12 609 742 -24 6 0 55 51
2107 8 1100 0 -6 -12851 0 55 0
2108 12 742 1100 -24 6 1 55 55
2109 8 609 0 -6 -12851 0 55 0
2110 12 742 903 -24 6 0 51 51
2111 8 1100 0 24 -12851 1 60 0
2112 12 903 742 24 -6 0 55 55
2113 8 903 0 24 -12851 1 60 0
2114 8 903 0 6 -12851 0 60 0
2115 12 742 1100 24 -6 1 51 51
2116 12 500 742 24 -6 1 51 55
2117 12 742 903 24 -6 0 55 55
2118 12 742 609 -24 6 1 55 51
2119 8 742 0 -24 -12851 1 60 0
2120 8 903 0 -6 -12851 1 55 0
2121 12 742 1100 -24 6 0 55 55
2122 12 609 742 24 -6 0 55 55
2123 8 742 0 24 -12851 0 55 0
2124 12 903 742 24 -6 1 55 51
2125 8 609 0 24 -12851 1 60 0
2126 8 742 0 -24 -12851 0 55 0
2127 12 903 742 -24 6 0 51 55
2128 12 609 742 24 -6 0 51 51
2129 12 742 500 24 -6 0 51 55
2130 12 742 609 -24 6 1 51 55
2131 12 742 609 -24 6 0 55 51
2132 12 742 500 -24 6 0 51 55
2133 8 500 0 6 -12851 0 60 0
2134 12 742 609 24 -6 0 51 51
2135 8 609 0 6 -12851 0 55 0
2136 12 742 500 24 -6 0 55 51
2137 12 742 609 -24 6 0 51 51
2138 12 609 742 -24 6 1 51 51
2139 8 903 0 6 -12851 1 60 0
2140 8 903 0 -6 -12851 1 60 0
2141 12 742 609 -24 6 0 55 51
2142 8 500 0 6 -12851 0 55 0
2143 8 1100 0 -24 -12851 0 55 0
2144 12 742 1100 -24 6 0 51 51
2145 12 742 1100 24 -6 0 55 51
2146 12 742 500 -24 6 0 51 51
2147 12 742 903 -24 6 1 51 55
2148 12 609 742 -24 6 1 51 55
2149 12 742 500 -24 6 0 51 55
2150 8 609 0 -24 -12851 0 55 0
2151 8 1100 0 24 -12851 0 60 0
2152 8 1100 0 -6 -12851 0 55 0
2153 8 609 0 -24 -12851 0 55 0
2154 8 609 0 6 -12851 1 60 0
2155 12 742 500 24 -6 0 55 51
2156 8 500 0 6 -12851 0 55 0
2157 8 903 0 -24 -12851 0 55 0
2158 8 500 0 24 -12851 1 55 0
2159 8 903 0 24 -12851 1 60 0
2160 8 742 0 -6 -12851 0 60 0
2161 8 742 0 -6 -12851 1 55 0
2162 12 742 903 24 -6 1 55 55
2163 8 742 0 24 -12851 0 60 0
2164 8 609 0 24 -12851 1 55 0
2165 12 742 1100 24 -6 1 51 51
2166 12 903 742 24 -6 0 55 51
2167 12 742 903 24 -6 1 55 55
2168 8 609 0 -24 -12851 1 55 0
2169 12 742 903 24 -6 1 55 51
2170 12 742 500 24 -6 1 51 51
2171 12 742 903 24 -6 0 55 51
2172 12 742 609 -24 6 0 51 55
2173 8 609 0 -24 -12851 0 60 0
2174 8 1100 0 -24 -12851 0 55 0
2175 8 1100 0 24 -12851 0 60 0
2176 12 500 742 24 -6 0 55 51
2177 12 1100 742 -24 6 1 55 51
2178 8 500 0 24 -12851 1 55 0
2179 12 609 742 -24 6 1 55 51
2180 12 742 903 24 -6 1 51 55
2181 12 742 903 24 -6 0 55 55
2182 12 1100 742 24 -6 0 55 51
2183 12 500 742 24 -6 0 51 55
2184 8 500 0 -6 -12851 0 55 0
2185 12 742 609 24 -6 0 51 55
2186 8 1100 0 -6 -12851 0 55 0
2187 12 1100 742 -24 6 0 55 51
2188 8 742 0 24 -12851 0 55 0
2189 12 903 742 -24 6 0 51 55
2190 8 609 0 -6 -12851 0 55 0
2191 12 903 742 24 -6 0 55 55
2192 12 742 1100 -24 6 1 55 51
2193 8 742 0 -6 -12851 0 60 0
2194 8 500 0 24 -12851 0 60 0
2195 8 903 0 24 -12851 0 60 0
2196 8 742 0 -6 -12851 1 60 0
2197 12 742 609 -24 6 1 51 55
2198 12 500 742 24 -6 1 51 55
2199 12 742 903 24 -6 0 51 55
2200 8 903 0 -6 -12851 0 60 0
2201 12 609 742 -24 6 0 51 51
2202 8 903 0 -24 -12851 0 55 0
2203 8 500 0 -24 -12851 0 55 0
2204 12 742 500 -24 6 0 55 51
2205 12 742 903 24 -6 0 51 51
2206 12 500 742 -24 6 0 51 55
2207 12 1100 742 24 -6 0 55 55
2208 12 903 742 -24 6 0 51 51
2209 12 609 742 -24 6 0 55 55
2210 8 500 0 -24 -12851 0 55 0
2211 12 742 1100 -24 6 0 55 51
2212 8 742 0 6 -12851 0 55 0
2213 12 1100 742 -24 6 0 51 51
2214 8 1100 0 -6 -12851 0 60 0
2215 12 500 742 24 -6 0 55 55
2216 8 903 0 -6 -12851 0 60 0
2217 12 742 903 24 -6 0 55 55
2218 12 1100 742 -24 6 0 51 51
2219 12 742 1100 24 -6 0 55 51
2220 12 500 742 -24 6 0 55 51
2221 8 609 0 -24 -12851 0 55 0
2222 12 500 742 -24 6 0 51 55
2223 12 609 742 -24 6 0 51 55
2224 8 742 0 -6 -12851 0 60 0
2225 12 1100 742 -24 6 0 55 55
2226 8 500 0 6 -12851 0 60 0
2227 12 903 742 24 -6 0 51 51
2228 12 609 742 24 -6 0 55 51
2229 12 1100 742 -24 6 0 55 51
2230 8 500 0 6 -12851 0 55 0
2231 12 742 1100 24 -6 0 51 51
2232 8 1100 0 -6 -12851 0 55 0
2233 8 609 0 -24 -12851 0 55 0
2234 12 742 500 -24 6 0 51 55
2235 8 742 0 6 -12851 0 55 0
2236 12 742 1100 -24 6 0 51 51
2237 12 742 500 24 -6 0 51 51
2238 8 609 0 6 -12851 0 60 0
2239 8 903 0 -6 -12851 0 55 0
2240 12 1100 742 24 -6 0 55 55
2241 12 1100 742 24 -6 0 55 55
2242 8 1100 0 6 -12851 0 60 0
2243 8 903 0 -6 -12851 0 55 0
2244 12 742 500 -24 6 0 55 51
2245 12 742 903 -24 6 0 55 55
2246 12 742 500 -24 6 0 51 51
2247 12 742 609 -24 6 0 51 51
2248 12 742 903 -24 6 0 51 51
2249 8 742 0 -6 -12851 0 60 0
2250 12 742 609 -24 6 0 55 51
2251 12 903 742 24 -6 0 55 51
2252 12 742 609 24 -6 0 55 51
2253 8 742 0 6 -12851 0 55 0
2254 12 1100 742 24 -6 0 55 51
2255 8 609 0 6 -12851 0 60 0
2256 12 609 742 -24 6 0 55 55
2257 8 1100 0 6 -12851 0 55 0
2258 8 500 0 -24 -12851 0 60 0
2259 12 903 742 24 -6 0 51 55
2260 12 1100 742 24 -6 0 55 51
2261 8 742 0 6 -12851 0 60 0
2262 12 742 1100 24 -6 0 51 55
2263 8 1100 0 6 -12851 0 60 0
2264 12 742 609 24 -6 0 51 55
2265 12 609 742 -24 6 0 51 55
2266 8 609 0 -24 -12851 0 55 0
2267 12 742 609 -24 6 0 55 55
2268 12 742 1100 24 -6 0 55 55
2269 8 742 0 24 -12851 0 55 0
2270 12 1100 742 24 -6 0 51 55
2271 12 742 903 24 -6 0 51 51
2272 8 500 0 -6 -12851 0 55 0
2273 12 1100 742 -24 6 0 55 51
2274 8 609 0 6 -12851 0 60 0
2275 12 742 500 -24 6 0 51 51
2276 12 500 742 24 -6 0 55 55
2277 12 742 903 24 -6 0 55 51
2278 8 903 0 24 -12851 0 55 0
2279 8 1100 0 -24 -12851 0 60 0
2280 8 903 0 -6 -12851 0 60 0
2281 8 500 0 -24 -12851 0 55 0
2282 8 903 0 -24 -12851 0 55 0
2283 8 1100 0 6 -12851 0 60 0
2284 12 742 609 -24 6 0 55 51
2285 8 1100 0 6 -12851 0 60 0
2286 12 1100 742 -24 6 0 51 51
2287 8 742 0 -6 -12851 0 60 0
2288 8 742 0 -6 -12851 0 55 0
2289 8 1100 0 6 -12851 0 60 0
2290 8 742 0 -6 -12851 0 60 0
2291 12 742 609 -24 6 0 51 55
2292 12 742 500 24 -6 0 51 51
2293 12 742 1100 24 -6 0 55 51
2294 12 1100 742 -24 6 0 51 55
2295 12 742 903 -24 6 0 51 51
2296 8 500 0 6 -12851 0 55 0
2297 12 903 742 24 -6 0 55 51
2298 8 500 0 -24 -12851 0 55 0
2299 12 742 500 24 -6 0 51 51
2300 8 1100 0 -6 -12851 0 60 0
2301 12 903 742 24 -6 0 55 55
2302 8 609 0 -6 -12851 0 60 0
2303 8 903 0 6 -12851 0 60 0
2304 8 903 0 -24 -12851 0 55 0
2305 8 609 0 24 -12851 0 60 0
2306 8 500 0 -6 -12851 0 55 0
2307 8 903 0 -24 -12851 0 60 0
2308 8 609 0 -24 -12851 0 55 0
2309 12 500 742 -24 6 0 51 51
2310 8 742 0 -6 -12851 0 60 0
2311 8 742 0 6 -12851 0 60 0
2312 12 1100 742 24 -6 0 51 51
2313 8 742 0 -6 -12851 0 60 0
2314 12 903 742 24 -6 0 51 51
2315 12 742 609 24 -6 0 51 51
2316 12 1100 742 24 -6 0 55 55
2317 12 742 1100 -24 6 0 55 55
2318 8 742 0 6 -12851 0 55 0
2319 12 742 609 24 -6 0 51 51
2320 12 903 742 24 -6 0 55 51
2321 8 609 0 6 -12851 0 55 0
2322 8 1100 0 24 -12851 0 60 0
2323 8 500 0 -24 -12851 0 60 0
2324 8 609 0 -24 -12851 0 55 0
2325 12 1100 742 24 -6 0 55 55
2326 8 500 0 6 -12851 0 60 0
2327 12 609 742 -24 6 0 55 51
2328 8 609 0 -6 -12851 0 55 0
2329 12 742 1100 -24 6 0 55 55
2330 8 1100 0 24 -12851 0 55 0
2331 12 742 609 -24 6 0 51 55
2332 12 609 742 24 -6 0 51 55
2333 8 1100 0 24 -12851 0 55 0
2334 12 500 742 -24 6 0 55 55
2335 8 500 0 6 -12851 0 60 0
2336 12 742 500 -24 6 0 55 55
2337 8 903 0 -24 -12851 0 60 0
2338 8 903 0 -24 -12851 0 55 0
2339 8 903 0 24 -12851 0 55 0
2340 12 742 903 24 -6 0 55 55
2341 8 742 0 -24 -12851 0 55 0
2342 8 742 0 -24 -12851 0 55 0
2343 8 742 0 24 -12851 0 55 0
2344 12 903 742 24 -6 0 55 55
2345 12 1100 742 24 -6 0 55 51
2346 8 500 0 -24 -12851 0 60 0
2347 12 903 742 24 -6 0 55 55
2348 12 609 742 -24 6 0 55 55
2349 8 903 0 -24 -12851 0 60 0
2350 8 609 0 6 -12851 0 55 0
2351 12 903 742 -24 6 0 51 55
2352 12 609 742 -24 6 0 55 51
2353 8 1100 0 -24 -12851 0 60 0
2354 12 742 1100 -24 6 0 55 55
2355 12 742 903 24 -6 0 51 55
2356 12 742 903 -24 6 0 55 51
2357 12 903 742 -24 6 0 55 55
2358 12 609 742 -24 6 0 51 55
2359 8 1100 0 6 -12851 0 60 0
2360 12 500 742 24 -6 0 51 51
2361 8 903 0 24 -12851 0 60 0
2362 8 903 0 6 -12851 0 55 0
2363 8 500 0 -24 -12851 0 60 0
2364 12 609 742 -24 6 0 55 55
2365 8 742 0 24 -12851 0 60 0
2366 8 1100 0 24 -12851 0 60 0
2367 12 742 903 -24 6 0 55 51
2368 12 609 742 24 -6 0 55 55
2369 8 609 0 24 -12851 0 60 0
2370 8 500 0 6 -12851 0 60 0
2371 12 609 742 24 -6 0 55 55
2372 8 609 0 -24 -12851 0 60 0
2373 12 500 742 -24 6 0 55 51
2374 12 1100 742 -24 6 0 51 51
2375 8 742 0 24 -12851 0 60 0
2376 12 742 500 24 -6 0 55 51
2377 12 742 500 -24 6 0 55 55
2378 8 742 0 -6 -12851 0 55 0
2379 8 1100 0 6 -12851 0 60 0
2380 12 1100 742 -24 6 0 55 55
2381 8 742 0 -24 -12851 0 55 0
2382 8 742 0 -24 -12851 0 55 0
2383 8 500 0 -24 -12851 0 60 0
2384 12 742 1100 -24 6 0 55 51
2385 8 1100 0 -6 -12851 0 55 0
2386 12 903 742 -24 6 0 51 55
2387 8 500 0 24 -12851 0 60 0
2388 12 742 609 -24 6 0 51 51
2389 12 500 742 -24 6 0 55 55
2390 8 1100 0 6 -12851 0 60 0
2391 8 903 0 6 -12851 0 55 0
2392 8 903 0 24 -12851 0 55 0
2393 8 609 0 -24 -12851 0 55 0
2394 8 903 0 6 -12851 0 60 0
2395 8 609 0 24 -12851 0 60 0
2396 8 609 0 -6 -12851 0 55 0
2397 12 742 903 -24 6 0 51 55
2398 12 903 742 -24 6 0 55 51
2399 8 500 0 -6 -12851 0 55 0
2400 8 742 0 -6 -12851 0 60 0
2401 12 742 500 24 -6 0 51 55
2402 12 742 500 24 -6 0 55 51
2403 12 1100 742 24 -6 0 55 55
2404 12 903 742 24 -6 0 55 51
2405 8 742 0 -6 -12851 0 55 0
2406 8 1100 0 -24 -12851 0 60 0
2407 8 742 0 6 -12851 0 60 0
2408 12 742 500 -24 6 0 51 51
2409 12 742 1100 24 -6 0 51 51
2410 12 742 500 24 -6 0 51 51
2411 12 903 742 -24 6 0 51 51
2412 8 609 0 24 -12851 0 55 0
2413 12 742 1100 24 -6 0 51 55
2414 12 903 742 24 -6 0 55 51
2415 8 609 0 24 -12851 0 55 0
2416 8 742 0 6 -12851 0 55 0
2417 12 500 742 24 -6 0 51 51
2418 8 609 0 -24 -12851 0 55 0
2419 8 903 0 6 -12851 0 55 0
2420 8 1100 0 -6 -12851 0 60 0
2421 12 742 609 -24 6 0 51 55
2422 8 903 0 -24 -12851 0 55 0
2423 8 903 0 24 -12851 0 60 0
2424 8 1100 0 -6 -12851 0 55 0
2425 12 742 1100 -24 6 0 55 51
2426 8 500 0 -24 -12851 0 55 0
2427 8 500 0 6 -12851 0 55 0
2428 8 500 0 6 -12851 0 60 0
2429 12 742 609 24 -6 0 55 55
2430 8 742 0 24 -12851 0 55 0
2431 8 742 0 -6 -12851 0 60 0
2432 12 500 742 24 -6 0 55 55
2433 12 903 742 24 -6 0 51 55
2434 8 500 0 -6 -12851 0 60 0
2435 8 742 0 -6 -12851 0 55 0
2436 12 609 742 24 -6 0 51 55
2437 8 609 0 -24 -12851 0 55 0
2438 8 742 0 24 -12851 0 55 0
2439 8 1100 0 6 -12851 0 55 0
2440 12 903 742 -24 6 0 51 55
2441 8 500 0 24 -12851 0 55 0
2442 8 903 0 24 -12851 0 60 0
2443 8 903 0 -24 -12851 0 60 0
2444 8 609 0 6 -12851 0 55 0
2445 8 609 0 6 -12851 0 55 0
2446 8 903 0 24 -12851 0 55 0
2447 12 903 742 -24 6 0 55 55
2448 8 500 0 24 -12851 0 60 0
2449 8 1100 0 -6 -12851 0 60 0
2450 12 1100 742 -24 6 0 51 51
2451 12 500 742 -24 6 0 51 51
2452 12 500 742 24 -6 0 51 55
2453 12 1100 742 24 -6 0 51 55
2454 8 1100 0 -24 -12851 0 55 0
2455 12 742 903 24 -6 0 51 51
2456 12 742 609 24 -6 0 55 55
2457 8 903 0 -6 -12851 0 60 0
2458 8 903 0 -24 -12851 0 55 0
2459 12 1100 742 -24 6 0 51 55
2460 12 1100 742 24 -6 0 55 51
2461 8 500 0 -24 -12851 0 55 0
2462 12 742 500 24 -6 0 51 55
2463 8 1100 0 -6 -12851 0 60 0
2464 8 609 0 -6 -12851 0 55 0
