1201 12 609 742 -24 6 1 51 55
1202 8 1100 0 -6 -12851 0 60 0
1203 12 1100 742 -24 6 1 51 51
1204 8 609 0 -24 -12851 1 55 0
1205 8 903 0 6 -12851 1 60 0
1206 12 742 500 -24 6 0 51 51
1207 8 742 0 24 -12851 0 55 0
1208 12 903 742 -24 6 0 51 51
1209 8 742 0 24 -12851 1 55 0
1210 8 609 0 -6 -12851 1 55 0
1211 8 742 0 -24 -12851 1 60 0
1212 8 500 0 -6 -12851 1 60 0
1213 8 500 0 24 -12851 1 60 0
1214 12 1100 742 24 -6 1 55 55
1215 12 742 903 -24 6 1 51 51
1216 8 609 0 6 -12851 0 55 0
1217 8 1100 0 6 -12851 1 60 0
1218 12 1100 742 -24 6 1 55 55
1219 12 903 742 -24 6 1 55 51
1220 8 500 0 6 -12851 0 55 0
1221 12 500 742 24 -6 1 55 51
1222 8 1100 0 -24 -12851 1 60 0
1223 12 903 742 24 -6 1 55 51
1224 12 1100 742 24 -6 1 51 55
1225 12 742 1100 -24 6 1 51 51
1226 12 1100 742 24 -6 0 55 51
1227 12 500 742 24 -6 1 55 51
1228 12 742 609 -24 6 1 51 51
1229 8 609 0 24 -12851 1 60 0
1230 8 1100 0 -24 -12851 1 55 0
1231 8 742 0 24 -12851 0 60 0
1232 12 609 742 -24 6 1 51 51
1233 12 742 500 24 -6 0 55 51
1234 8 903 0 -24 -12851 0 55 0
1235 8 903 0 6 -12851 1 55 0
1236 8 500 0 24 -12851 1 55 0
1237 12 742 609 -24 6 0 55 51
1238 12 609 742 24 -6 0 51 55
1239 8 742 0 -6 -12851 1 60 0
1240 8 742 0 -6 -12851 1 60 0
1241 12 500 742 -24 6 0 51 51
1242 8 903 0 -6 -12851 0 60 0
1243 8 609 0 -24 -12851 0 55 0
1244 12 742 500 24 -6 1 51 51
1245 8 903 0 6 -12851 1 60 0
1246 8 903 0 -6 -12851 1 60 0
1247 8 742 0 6 -12851 0 60 0
1248 8 609 0 -24 -12851 1 55 0
1249 8 609 0 -6 -12851 0 60 0
1250 12 903 742 -24 6 1 55 51
1251 8 742 0 24 -12851 1 55 0
1252 12 742 609 24 -6 1 55 55
1253 8 500 0 -24 -12851 1 60 0
1254 12 742 1100 24 -6 1 55 55
1255 12 500 742 -24 6 1 55 51
1256 8 742 0 -6 -12851 1 60 0
1257 8 500 0 6 -12851 1 60 0
1258 12 742 500 -24 6 1 55 51
1259 12 609 742 24 -6 1 55 55
1260 8 500 0 -24 -12851 1 55 0
1261 8 1100 0 -6 -12851 1 55 0
1262 12 609 742 -24 6 1 51 55
1263 8 903 0 24 -12851 1 60 0
1264 12 742 903 -24 6 1 55 55
1265 12 1100 742 -24 6 0 51 51
1266 12 742 1100 -24 6 1 55 55
1267 12 742 1100 24 -6 1 55 55
1268 8 1100 0 -24 -12851 1 55 0
1269 8 609 0 -6 -12851 0 60 0
1270 8 903 0 24 -12851 1 55 0
1271 12 500 742 -24 6 0 55 51
1272 12 742 903 -24 6 1 55 51
1273 12 609 742 24 -6 1 51 51
1274 8 1100 0 6 -12851 0 60 0
1275 8 742 0 -6 -12851 1 55 0
1276 8 742 0 24 -12851 0 60 0
1277 12 500 742 24 -6 1 51 51
1278 8 1100 0 24 -12851 1 55 0
1279 12 609 742 -24 6 0 51 55
1280 8 742 0 6 -12851 0 55 0
1281 8 609 0 6 -12851 1 55 0
1282 12 742 500 24 -6 1 55 55
1283 8 500 0 -6 -12851 0 60 0
1284 8 903 0 6 -12851 1 60 0
1285 12 1100 742 24 -6 1 55 51
1286 8 1100 0 -24 -12851 0 60 0
1287 8 1100 0 -24 -12851 1 55 0
1288 12 742 903 -24 6 1 51 51
1289 8 500 0 6 -12851 0 60 0
1290 12 742 609 -24 6 1 51 55
1291 12 500 742 -24 6 1 51 51
1292 8 742 0 -6 -12851 0 55 0
1293 8 609 0 -6 -12851 1 60 0
1294 8 500 0 24 -12851 1 60 0
1295 8 903 0 -24 -12851 1 55 0
1296 8 609 0 24 -12851 0 55 0
1297 12 1100 742 24 -6 1 51 55
1298 8 903 0 24 -12851 1 60 0
1299 12 609 742 24 -6 1 51 51
1300 8 1100 0 6 -12851 1 60 0
1301 8 1100 0 -24 -12851 0 60 0
1302 12 500 742 -24 6 1 55 51
1303 8 1100 0 24 -12851 0 60 0
1304 12 742 1100 -24 6 0 51 55
1305 8 609 0 6 -12851 1 60 0
1306 8 609 0 6 -12851 1 55 0
1307 12 609 742 24 -6 0 55 51
1308 8 903 0 -24 -12851 1 55 0
1309 12 742 609 24 -6 1 55 51
1310 12 742 609 -24 6 1 51 51
1311 12 742 609 -24 6 1 55 51
1312 8 1100 0 24 -12851 1 60 0
1313 12 903 742 -24 6 1 55 55
1314 8 742 0 -24 -12851 1 60 0
1315 12 500 742 -24 6 1 51 55
1316 12 742 609 -24 6 1 51 55
1317 8 903 0 24 -12851 0 60 0
1318 12 609 742 24 -6 1 55 51
1319 8 742 0 -24 -12851 0 55 0
1320 12 609 742 -24 6 1 51 55
1321 8 609 0 -24 -12851 0 55 0
1322 8 500 0 24 -12851 0 55 0
1323 12 742 500 24 -6 0 51 51
1324 8 903 0 6 -12851 1 60 0
1325 12 742 903 24 -6 1 51 51
1326 12 742 1100 24 -6 1 55 55
1327 8 742 0 24 -12851 1 55 0
1328 12 742 1100 24 -6 1 51 51
1329 8 500 0 24 -12851 1 55 0
1330 12 742 500 -24 6 1 55 55
1331 12 903 742 -24 6 1 51 51
1332 8 500 0 -24 -12851 1 55 0
1333 8 500 0 24 -12851 1 60 0
1334 8 500 0 -24 -12851 0 55 0
1335 12 1100 742 -24 6 1 55 51
1336 8 742 0 6 -12851 0 60 0
1337 8 903 0 -24 -12851 0 55 0
1338 12 609 742 24 -6 1 51 55
1339 8 609 0 6 -12851 1 60 0
1340 12 1100 742 -24 6 1 55 51
1341 8 1100 0 24 -12851 0 55 0
1342 8 609 0 -24 -12851 1 60 0
1343 8 500 0 6 -12851 0 55 0
1344 8 609 0 -6 -12851 1 60 0
1345 8 500 0 -24 -12851 0 55 0
1346 8 903 0 6 -12851 1 60 0
1347 8 903 0 -24 -12851 1 55 0
1348 8 1100 0 6 -12851 0 55 0
1349 8 742 0 6 -12851 0 55 0
1350 12 500 742 24 -6 1 55 55
1351 12 742 1100 -24 6 1 51 51
1352 8 742 0 -6 -12851 0 55 0
1353 8 1100 0 24 -12851 0 60 0
1354 8 742 0 24 -12851 0 60 0
1355 12 742 500 24 -6 1 55 55
1356 12 742 903 24 -6 1 51 55
1357 8 742 0 -24 -12851 0 55 0
1358 8 742 0 24 -12851 0 55 0
1359 12 609 742 -24 6 1 51 51
1360 8 903 0 -24 -12851 1 55 0
1361 8 742 0 -6 -12851 0 55 0
1362 8 609 0 -24 -12851 1 55 0
1363 12 742 903 24 -6 1 51 55
1364 12 903 742 24 -6 1 51 51
1365 8 1100 0 -6 -12851 0 60 0
1366 8 903 0 6 -12851 1 55 0
1367 8 903 0 6 -12851 0 60 0
1368 8 500 0 -6 -12851 0 60 0
1369 12 742 1100 -24 6 1 51 51
1370 12 903 742 24 -6 0 51 55
1371 8 500 0 24 -12851 0 55 0
1372 8 1100 0 24 -12851 0 55 0
1373 8 500 0 -24 -12851 0 55 0
1374 8 609 0 -24 -12851 0 55 0
1375 8 1100 0 -6 -12851 0 55 0
1376 12 742 609 -24 6 0 55 55
1377 8 609 0 -6 -12851 1 60 0
1378 8 1100 0 -24 -12851 1 60 0
1379 12 500 742 24 -6 1 55 51
1380 12 1100 742 -24 6 1 55 51
1381 12 742 903 24 -6 1 51 51
1382 12 1100 742 24 -6 1 55 55
1383 12 500 742 -24 6 1 51 55
1384 8 1100 0 -6 -12851 0 60 0
1385 12 609 742 -24 6 0 55 55
1386 8 609 0 24 -12851 0 60 0
1387 8 1100 0 -24 -12851 0 55 0
1388 12 742 903 -24 6 0 55 51
1389 12 1100 742 24 -6 0 51 51
1390 8 1100 0 24 -12851 0 60 0
1391 8 903 0 -24 -12851 0 55 0
1392 12 742 500 24 -6 0 51 55
1393 12 742 500 24 -6 0 55 55
1394 8 609 0 -24 -12851 0 55 0
1395 12 903 742 24 -6 0 51 51
1396 12 500 742 24 -6 0 55 51
1397 8 742 0 -6 -12851 0 60 0
1398 12 609 742 24 -6 0 55 55
1399 12 609 742 24 -6 0 51 55
1400 12 742 1100 -24 6 0 51 51
1401 12 742 1100 -24 6 0 51 51
1402 8 742 0 -24 -12851 0 55 0
1403 8 609 0 -6 -12851 1 55 0
1404 8 500 0 6 -12851 0 60 0
1405 12 742 609 24 -6 1 55 51
1406 12 742 903 24 -6 0 51 55
1407 12 609 742 -24 6 1 55 51
1408 12 1100 742 -24 6 1 55 55
1409 8 742 0 -24 -12851 0 60 0
1410 8 903 0 -6 -12851 1 55 0
1411 8 903 0 -6 -12851 1 60 0
1412 8 500 0 6 -12851 1 60 0
1413 12 609 742 24 -6 1 51 55
1414 12 1100 742 24 -6 1 55 51
1415 12 742 903 24 -6 1 55 51
1416 8 500 0 -6 -12851 0 60 0
1417 12 1100 742 24 -6 0 51 51
1418 12 742 903 24 -6 1 51 55
1419 12 742 903 24 -6 1 51 55
1420 12 742 609 24 -6 1 55 51
1421 12 742 1100 -24 6 1 55 51
1422 12 609 742 24 -6 1 55 55
1423 8 1100 0 -24 -12851 0 60 0
1424 12 742 500 -24 6 1 51 51
1425 12 903 742 24 -6 1 55 51
1426 12 609 742 24 -6 1 55 51
1427 12 742 1100 24 -6 1 55 55
1428 8 1100 0 -24 -12851 0 55 0
1429 12 500 742 24 -6 1 51 55
1430 8 500 0 24 -12851 0 55 0
1431 12 903 742 -24 6 0 51 55
1432 8 1100 0 -6 -12851 0 55 0
1433 8 742 0 -24 -12851 1 60 0
1434 12 609 742 -24 6 1 51 51
1435 12 742 1100 24 -6 1 51 55
1436 12 500 742 24 -6 1 55 55
1437 12 500 742 -24 6 1 51 51
1438 12 903 742 -24 6 1 55 51
1439 8 742 0 6 -12851 0 60 0
1440 12 609 742 24 -6 1 51 51
1441 8 609 0 -6 -12851 0 55 0
1442 12 742 609 -24 6 1 51 51
1443 8 500 0 -6 -12851 1 55 0
1444 12 1100 742 24 -6 1 55 55
1445 8 742 0 -6 -12851 1 60 0
1446 12 742 1100 24 -6 0 51 51
1447 12 500 742 -24 6 0 55 55
1448 12 742 903 -24 6 0 51 51
1449 8 500 0 -6 -12851 1 60 0
1450 8 609 0 6 -12851 0 60 0
1451 8 1100 0 24 -12851 1 60 0
1452 8 903 0 6 -12851 1 55 0
1453 12 903 742 24 -6 0 51 55
1454 8 903 0 -24 -12851 1 55 0
1455 8 903 0 -24 -12851 1 55 0
1456 12 500 742 -24 6 1 51 51
1457 12 742 609 -24 6 1 51 51
1458 8 609 0 -24 -12851 1 55 0
1459 12 742 1100 -24 6 1 55 51
1460 12 742 609 -24 6 1 51 51
1461 8 903 0 24 -12851 0 60 0
1462 8 903 0 -6 -12851 0 55 0
1463 8 500 0 -24 -12851 0 55 0
1464 12 742 609 24 -6 0 55 55
1465 8 742 0 -6 -12851 1 60 0
1466 8 1100 0 -6 -12851 0 60 0
1467 12 609 742 -24 6 0 51 55
1468 12 742 1100 24 -6 1 55 55
1469 8 500 0 6 -12851 0 55 0
1470 12 742 609 24 -6 1 55 51
1471 12 903 742 -24 6 1 55 55
1472 12 742 1100 24 -6 1 55 55
1473 12 742 1100 -24 6 1 51 51
1474 8 609 0 6 -12851 0 55 0
1475 12 742 903 24 -6 1 51 55
1476 12 742 609 24 -6 1 51 51
1477 12 742 500 -24 6 1 55 55
1478 8 1100 0 -6 -12851 1 60 0
1479 8 500 0 -24 -12851 1 60 0
1480 8 742 0 -24 -12851 1 55 0
1481 12 500 742 24 -6 0 55 55
1482 8 1100 0 -6 -12851 0 55 0
1483 12 742 903 -24 6 0 51 55
1484 12 903 742 24 -6 0 55 55
1485 8 609 0 24 -12851 0 55 0
1486 8 609 0 24 -12851 0 60 0
1487 8 742 0 -24 -12851 0 55 0
1488 12 903 742 -24 6 1 51 51
1489 8 903 0 -24 -12851 0 55 0
1490 8 903 0 24 -12851 0 55 0
1491 12 1100 742 24 -6 1 51 55
1492 12 742 500 -24 6 1 51 55
1493 8 1100 0 6 -12851 0 55 0
1494 8 1100 0 -24 -12851 1 55 0
1495 12 1100 742 -24 6 1 55 51
1496 8 903 0 24 -12851 1 60 0
1497 8 1100 0 6 -12851 0 55 0
1498 12 742 609 -24 6 1 51 51
1499 8 500 0 24 -12851 1 55 0
1500 12 742 903 24 -6 1 55 55
1501 8 609 0 -24 -12851 1 60 0
1502 8 742 0 24 -12851 0 55 0
1503 8 742 0 24 -12851 1 60 0
1504 8 903 0 24 -12851 1 60 0
1505 8 742 0 24 -12851 1 55 0
1506 8 903 0 24 -12851 0 60 0
1507 12 742 903 24 -6 1 51 55
1508 8 500 0 24 -12851 1 55 0
1509 12 609 742 24 -6 0 55 51
1510 8 609 0 24 -12851 0 55 0
1511 12 742 500 -24 6 0 51 55
1512 12 742 609 24 -6 1 55 51
1513 12 1100 742 -24 6 1 55 51
1514 12 742 903 24 -6 1 55 55
1515 8 609 0 -6 -12851 0 55 0
1516 12 742 1100 -24 6 0 55 51
1517 8 500 0 -6 -12851 0 55 0
1518 12 1100 742 24 -6 1 55 55
1519 8 1100 0 -24 -12851 0 60 0
1520 8 903 0 -6 -12851 1 60 0
1521 12 742 1100 24 -6 1 51 51
1522 8 903 0 -6 -12851 0 55 0
1523 12 1100 742 24 -6 1 51 55
1524 12 742 609 24 -6 1 55 51
1525 8 742 0 -6 -12851 1 55 0
1526 12 903 742 24 -6 1 51 51
1527 8 1100 0 6 -12851 0 55 0
1528 12 742 1100 24 -6 1 55 55
1529 12 742 1100 24 -6 1 55 55
1530 12 609 742 24 -6 0 51 51
1531 12 742 500 -24 6 0 55 51
1532 12 609 742 -24 6 0 51 55
1533 8 903 0 -24 -12851 0 55 0
1534 8 903 0 6 -12851 0 55 0
1535 12 1100 742 -24 6 0 51 55
1536 8 500 0 -6 -12851 0 60 0
1537 8 742 0 24 -12851 1 60 0
1538 12 1100 742 -24 6 1 51 51
1539 8 609 0 -6 -12851 1 55 0
1540 8 500 0 -6 -12851 0 60 0
1541 8 500 0 6 -12851 1 55 0
1542 12 500 742 24 -6 1 55 51
1543 8 609 0 24 -12851 0 60 0
1544 8 1100 0 6 -12851 1 55 0
1545 12 742 500 24 -6 0 55 55
1546 8 742 0 24 -12851 1 55 0
1547 8 1100 0 24 -12851 0 60 0
1548 8 609 0 6 -12851 0 55 0
1549 8 1100 0 24 -12851 0 60 0
1550 8 1100 0 6 -12851 0 55 0
1551 8 609 0 -6 -12851 0 55 0
1552 12 742 903 24 -6 0 51 51
1553 8 903 0 -6 -12851 0 55 0
1554 12 609 742 -24 6 0 51 51
1555 12 742 1100 -24 6 0 55 55
1556 12 742 903 24 -6 0 51 55
1557 8 500 0 6 -12851 1 60 0
1558 8 903 0 6 -12851 1 55 0
1559 8 609 0 -6 -12851 1 55 0
1560 8 609 0 6 -12851 0 60 0
1561 12 742 903 24 -6 1 51 51
1562 8 903 0 -6 -12851 1 55 0
1563 12 742 1100 24 -6 1 55 55
1564 12 609 742 -24 6 1 55 51
1565 8 1100 0 -24 -12851 1 55 0
1566 8 500 0 6 -12851 1 60 0
1567 12 742 609 24 -6 1 55 55
1568 12 500 742 24 -6 1 55 55
1569 12 742 500 24 -6 0 55 55
1570 8 1100 0 24 -12851 0 60 0
1571 12 903 742 24 -6 0 55 51
1572 8 742 0 24 -12851 0 55 0
1573 8 742 0 -24 -12851 0 60 0
1574 12 903 742 24 -6 0 51 55
1575 12 742 903 -24 6 0 55 51
1576 12 742 903 24 -6 1 51 55
1577 8 500 0 -24 -12851 1 60 0
1578 12 742 500 -24 6 0 51 55
1579 12 742 903 24 -6 1 51 55
1580 12 1100 742 -24 6 1 51 55
1581 12 742 1100 24 -6 1 55 55
1582 12 742 609 24 -6 1 51 51
1583 12 609 742 -24 6 1 55 55
1584 8 742 0 6 -12851 1 55 0
1585 8 500 0 6 -12851 1 60 0
1586 8 500 0 6 -12851 0 60 0
1587 8 609 0 -24 -12851 0 55 0
1588 12 1100 742 -24 6 1 51 51
1589 8 1100 0 -6 -12851 1 55 0
1590 12 742 500 24 -6 0 55 55
1591 8 742 0 -24 -12851 1 60 0
1592 8 500 0 -24 -12851 0 60 0
1593 8 500 0 -6 -12851 0 55 0
1594 8 903 0 -24 -12851 0 55 0
1595 8 1100 0 -24 -12851 1 55 0
1596 8 1100 0 -6 -12851 0 55 0
1597 12 742 903 24 -6 1 55 51
1598 12 500 742 -24 6 1 51 55
1599 8 903 0 6 -12851 1 60 0
1600 12 742 903 -24 6 1 51 51
1601 8 742 0 -6 -12851 0 60 0
1602 12 903 742 24 -6 0 55 55
1603 8 742 0 -24 -12851 0 60 0
1604 8 903 0 -6 -12851 1 60 0
1605 8 609 0 6 -12851 1 60 0
1606 12 742 500 -24 6 1 55 55
1607 12 742 1100 24 -6 1 55 51
1608 12 903 742 -24 6 1 51 51
1609 12 742 609 24 -6 1 55 55
1610 12 742 903 24 -6 1 51 51
1611 12 742 1100 24 -6 0 55 55
1612 12 742 903 24 -6 1 55 55
1613 12 742 609 -24 6 1 51 51
1614 12 742 609 24 -6 0 55 51
1615 8 609 0 24 -12851 1 60 0
1616 8 609 0 6 -12851 0 60 0
1617 12 609 742 -24 6 0 55 55
1618 8 609 0 24 -12851 0 60 0
1619 8 500 0 -6 -12851 1 60 0
1620 8 500 0 -24 -12851 0 60 0
1621 12 609 742 -24 6 1 55 55
1622 12 742 903 -24 6 1 51 55
1623 12 742 1100 -24 6 1 55 51
1624 12 500 742 -24 6 1 55 51
1625 12 1100 742 24 -6 1 55 51
1626 8 903 0 6 -12851 0 55 0
1627 8 742 0 -6 -12851 0 60 0
1628 12 742 609 24 -6 1 55 51
1629 12 903 742 -24 6 1 55 51
1630 8 609 0 24 -12851 0 60 0
1631 12 742 903 24 -6 0 51 55
1632 12 500 742 24 -6 0 55 55
1633 8 609 0 24 -12851 0 55 0
1634 8 1100 0 6 -12851 0 55 0
1635 12 742 609 -24 6 1 55 55
1636 8 1100 0 -24 -12851 1 55 0
1637 12 742 609 24 -6 1 55 55
1638 8 1100 0 24 -12851 0 60 0
1639 12 742 1100 -24 6 1 51 55
1640 8 500 0 6 -12851 1 60 0
1641 8 742 0 -24 -12851 1 60 0
1642 12 742 903 24 -6 1 55 51
1643 12 500 742 24 -6 0 51 51
1644 12 903 742 24 -6 1 51 55
1645 12 903 742 -24 6 1 51 51
1646 8 903 0 24 -12851 1 60 0
1647 12 903 742 24 -6 0 55 55
1648 12 500 742 -24 6 1 51 55
1649 8 742 0 6 -12851 0 60 0
1650 8 903 0 24 -12851 1 55 0
1651 8 609 0 -24 -12851 0 55 0
1652 8 609 0 24 -12851 0 55 0
1653 12 742 1100 24 -6 0 51 55
1654 8 1100 0 24 -12851 0 60 0
1655 8 609 0 -6 -12851 0 60 0
1656 12 500 742 -24 6 0 55 51
1657 8 903 0 -24 -12851 0 55 0
1658 12 903 742 -24 6 1 55 55
1659 12 742 500 -24 6 1 51 51
1660 8 903 0 24 -12851 1 60 0
1661 8 609 0 24 -12851 1 55 0
1662 8 742 0 -24 -12851 1 60 0
1663 8 742 0 -6 -12851 1 55 0
1664 12 742 1100 24 -6 0 51 51
1665 12 742 500 -24 6 1 51 51
1666 8 742 0 24 -12851 1 55 0
1667 8 1100 0 6 -12851 1 55 0
1668 8 1100 0 6 -12851 0 60 0
1669 8 500 0 6 -12851 1 55 0
1670 8 500 0 24 -12851 1 60 0
1671 8 500 0 -6 -12851 0 55 0
1672 8 903 0 6 -12851 1 55 0
1673 8 1100 0 -24 -12851 1 60 0
1674 12 1100 742 -24 6 1 51 51
1675 12 742 609 24 -6 1 51 55
1676 12 742 500 24 -6 1 55 55
1677 8 1100 0 -24 -12851 1 55 0
1678 8 903 0 6 -12851 0 55 0
1679 12 742 609 -24 6 1 55 55
1680 12 1100 742 24 -6 1 55 55
1681 12 742 609 24 -6 0 51 55
1682 8 609 0 -6 -12851 0 55 0
1683 8 609 0 -24 -12851 0 60 0
1684 12 742 609 -24 6 0 51 51
1685 8 500 0 -24 -12851 0 60 0
1686 8 500 0 6 -12851 1 55 0
1687 12 742 500 24 -6 0 55 55
1688 12 742 500 -24 6 0 55 55
1689 12 742 500 24 -6 0 51 51
1690 8 742 0 24 -12851 1 55 0
1691 12 500 742 24 -6 0 55 55
1692 12 742 903 24 -6 0 51 55
1693 8 903 0 6 -12851 0 55 0
1694 12 1100 742 24 -6 1 55 55
1695 8 903 0 -6 -12851 0 60 0
1696 12 500 742 -24 6 0 51 55
1697 8 500 0 24 -12851 1 60 0
1698 12 742 903 -24 6 1 51 55
1699 12 1100 742 24 -6 1 55 51
1700 8 742 0 6 -12851 0 55 0
1701 8 1100 0 -24 -12851 1 60 0
1702 8 1100 0 -6 -12851 1 60 0
1703 12 500 742 -24 6 1 51 51
1704 8 609 0 6 -12851 1 60 0
1705 12 500 742 24 -6 1 51 55
1706 12 742 500 24 -6 1 55 51
1707 8 742 0 -24 -12851 0 60 0
1708 8 742 0 -6 -12851 1 55 0
1709 12 1100 742 -24 6 1 51 51
1710 12 742 500 -24 6 1 55 55
1711 12 609 742 -24 6 1 51 55
1712 12 742 1100 24 -6 1 55 55
1713 12 742 500 24 -6 0 55 55
1714 12 742 500 24 -6 1 51 55
1715 12 609 742 -24 6 1 51 55
1716 12 742 1100 -24 6 1 55 55
1717 12 609 742 -24 6 0 51 51
1718 12 742 903 -24 6 1 55 55
1719 8 742 0 24 -12851 1 60 0
1720 8 500 0 -6 -12851 0 55 0
1721 12 500 742 24 -6 1 51 51
1722 8 742 0 6 -12851 0 55 0
1723 12 903 742 24 -6 0 51 55
1724 8 1100 0 -24 -12851 0 55 0
1725 8 742 0 -24 -12851 0 60 0
1726 12 903 742 24 -6 0 55 55
1727 8 903 0 6 -12851 0 55 0
1728 8 903 0 6 -12851 0 60 0
1729 8 903 0 6 -12851 0 55 0
1730 12 609 742 24 -6 1 51 51
1731 8 500 0 -24 -12851 0 60 0
1732 8 1100 0 6 -12851 1 55 0
1733 12 742 1100 24 -6 1 55 55
1734 8 1100 0 -6 -12851 1 60 0
1735 12 500 742 24 -6 0 51 51
1736 12 742 903 -24 6 0 55 51
1737 12 742 609 24 -6 1 51 51
1738 12 742 609 -24 6 0 55 51
1739 12 1100 742 24 -6 1 51 55
1740 12 742 609 -24 6 1 51 55
1741 12 742 1100 -24 6 1 51 51
1742 12 1100 742 -24 6 0 51 55
1743 12 742 500 -24 6 0 51 51
1744 8 609 0 -6 -12851 0 55 0
1745 8 500 0 -6 -12851 1 55 0
1746 12 742 903 24 -6 0 51 51
1747 8 609 0 24 -12851 1 60 0
1748 12 742 1100 24 -6 1 51 55
1749 12 903 742 -24 6 1 51 51
1750 12 500 742 -24 6 1 55 55
1751 8 609 0 24 -12851 1 60 0
1752 12 742 1100 -24 6 1 55 55
1753 8 1100 0 -24 -12851 1 55 0
1754 8 1100 0 24 -12851 1 60 0
1755 12 742 609 -24 6 1 55 55
1756 8 609 0 6 -12851 1 55 0
1757 12 609 742 24 -6 0 55 55
1758 8 903 0 6 -12851 0 55 0
1759 8 609 0 -6 -12851 0 55 0
1760 8 609 0 6 -12851 1 60 0
1761 8 742 0 6 -12851 1 60 0
1762 8 1100 0 24 -12851 1 55 0
1763 8 1100 0 -6 -12851 0 60 0
1764 12 742 903 24 -6 1 51 55
1765 8 903 0 -6 -12851 0 60 0
1766 8 500 0 -6 -12851 0 55 0
1767 12 742 1100 -24 6 1 51 51
1768 12 903 742 -24 6 1 55 55
1769 12 742 609 -24 6 0 55 55
1770 12 1100 742 24 -6 0 51 55
1771 12 742 500 -24 6 1 51 51
1772 8 903 0 6 -12851 1 55 0
1773 12 500 742 24 -6 1 55 55
1774 8 742 0 24 -12851 1 60 0
1775 8 500 0 24 -12851 0 55 0
1776 8 500 0 -6 -12851 0 60 0
1777 8 742 0 -24 -12851 0 55 0
1778 8 500 0 24 -12851 1 60 0
1779 12 903 742 -24 6 1 51 55
1780 8 500 0 24 -12851 1 60 0
1781 12 742 609 -24 6 1 55 55
1782 12 742 1100 24 -6 1 51 51
1783 12 742 903 -24 6 1 55 51
1784 12 742 500 24 -6 1 51 55
1785 12 500 742 24 -6 0 55 55
1786 8 500 0 6 -12851 1 55 0
1787 8 903 0 24 -12851 1 55 0
1788 8 609 0 -6 -12851 1 60 0
1789 12 742 609 24 -6 1 55 51
1790 12 1100 742 -24 6 1 55 55
1791 8 609 0 -6 -12851 1 55 0
1792 12 903 742 24 -6 0 55 55
1793 8 903 0 -24 -12851 1 55 0
1794 8 500 0 6 -12851 0 55 0
1795 12 742 903 24 -6 1 51 55
1796 12 742 500 -24 6 1 51 55
1797 12 1100 742 -24 6 1 51 55
1798 8 1100 0 6 -12851 1 60 0
1799 8 903 0 -24 -12851 1 60 0
1800 8 742 0 -24 -12851 0 60 0
1801 12 742 500 24 -6 0 55 51
1802 8 609 0 24 -12851 0 55 0
1803 12 903 742 24 -6 0 51 51
1804 8 742 0 -6 -12851 0 60 0
1805 12 742 609 24 -6 0 51 55
1806 8 1100 0 -6 -12851 0 55 0
1807 12 903 742 -24 6 0 55 51
1808 8 1100 0 24 -12851 0 55 0
1809 8 742 0 -24 -12851 1 60 0
1810 12 609 742 -24 6 0 51 51
1811 8 742 0 6 -12851 0 55 0
1812 8 742 0 6 -12851 1 55 0
1813 8 903 0 6 -12851 1 55 0
1814 12 742 1100 -24 6 1 55 55
1815 8 742 0 6 -12851 0 60 0
1816 12 742 903 24 -6 1 55 51
1817 8 609 0 24 -12851 0 55 0
1818 8 903 0 6 -12851 1 55 0
1819 8 742 0 -24 -12851 1 60 0
1820 8 609 0 -24 -12851 0 55 0
1821 8 609 0 24 -12851 0 60 0
1822 12 1100 742 24 -6 0 55 51
1823 12 742 1100 24 -6 0 51 51
1824 8 1100 0 -24 -12851 0 60 0
1825 12 903 742 24 -6 0 51 55
1826 12 742 500 -24 6 0 51 51
1827 12 500 742 24 -6 1 51 51
1828 8 903 0 -6 -12851 0 55 0
1829 12 609 742 -24 6 0 55 51
1830 12 903 742 -24 6 0 55 55
1831 12 903 742 -24 6 1 51 51
1832 12 742 903 -24 6 1 55 51
1833 8 500 0 -6 -12851 0 60 0
1834 12 742 609 24 -6 0 51 51
1835 12 742 903 24 -6 0 55 55
1836 12 742 500 -24 6 0 55 51
1837 12 742 1100 24 -6 0 51 55
1838 12 903 742 -24 6 0 55 55
1839 12 903 742 -24 6 1 55 51
1840 12 500 742 24 -6 0 55 55
1841 8 500 0 -6 -12851 0 55 0
1842 8 1100 0 24 -12851 0 60 0
1843 8 1100 0 -24 -12851 0 55 0
1844 8 500 0 6 -12851 0 60 0
1845 12 609 742 24 -6 0 51 51
1846 8 500 0 6 -12851 0 60 0
1847 8 500 0 24 -12851 0 60 0
1848 8 500 0 -24 -12851 0 55 0
1849 8 742 0 24 -12851 0 55 0
1850 12 609 742 24 -6 0 55 55
1851 12 742 903 24 -6 0 55 51
1852 8 609 0 24 -12851 0 60 0
1853 12 742 903 24 -6 0 55 55
1854 8 609 0 -6 -12851 0 60 0
1855 8 903 0 -24 -12851 0 60 0
1856 8 742 0 6 -12851 0 60 0
1857 8 500 0 6 -12851 0 55 0
1858 12 742 903 24 -6 0 55 55
1859 12 742 903 -24 6 0 55 51
1860 12 742 609 -24 6 0 55 55
1861 12 903 742 -24 6 0 55 51
1862 12 742 1100 -24 6 1 55 55
1863 12 742 609 24 -6 0 51 51
1864 8 903 0 6 -12851 1 60 0
1865 8 609 0 6 -12851 0 60 0
1866 8 742 0 -24 -12851 0 60 0
1867 8 1100 0 -6 -12851 0 55 0
1868 12 742 1100 24 -6 0 51 51
1869 8 903 0 -24 -12851 0 55 0
1870 12 609 742 -24 6 0 51 55
1871 12 742 903 -24 6 0 51 55
1872 12 742 903 -24 6 0 51 51
1873 12 609 742 -24 6 0 55 55
1874 12 500 742 -24 6 0 51 51
1875 12 742 1100 24 -6 0 51 55
1876 12 609 742 -24 6 0 51 51
1877 12 742 500 24 -6 0 55 55
1878 8 1100 0 24 -12851 0 55 0
1879 8 1100 0 -24 -12851 0 55 0
1880 12 903 742 -24 6 0 55 55
1881 12 500 742 24 -6 0 51 55
1882 8 1100 0 -24 -12851 0 55 0
1883 12 903 742 24 -6 0 51 55
1884 12 742 609 -24 6 0 51 55
1885 12 500 742 24 -6 0 55 55
1886 12 609 742 -24 6 0 55 55
1887 8 1100 0 24 -12851 0 60 0
1888 12 742 903 -24 6 0 55 55
1889 8 1100 0 -6 -12851 1 55 0
1890 8 1100 0 6 -12851 0 60 0
1891 8 742 0 -24 -12851 1 55 0
1892 8 609 0 -24 -12851 1 55 0
1893 12 609 742 -24 6 0 55 55
1894 8 609 0 24 -12851 0 55 0
1895 8 500 0 6 -12851 0 60 0
1896 12 742 903 24 -6 0 51 51
1897 12 903 742 24 -6 0 55 55
1898 8 742 0 24 -12851 0 60 0
1899 12 742 609 24 -6 0 51 55
1900 12 500 742 -24 6 0 51 51
1901 12 742 1100 -24 6 0 55 55
1902 12 742 903 24 -6 0 51 51
1903 12 742 500 -24 6 0 51 55
1904 8 742 0 6 -12851 0 55 0
1905 12 609 742 24 -6 0 51 55
1906 12 609 742 -24 6 0 51 55
1907 8 903 0 -6 -12851 0 60 0
1908 8 500 0 -6 -12851 0 55 0
1909 12 742 1100 24 -6 0 55 51
1910 12 742 609 24 -6 0 55 55
1911 12 742 609 -24 6 0 55 55
1912 8 903 0 -6 -12851 0 55 0
1913 12 609 742 24 -6 0 55 55
1914 12 1100 742 24 -6 0 55 51
1915 12 903 742 24 -6 0 55 51
1916 12 500 742 24 -6 0 51 55
1917 8 609 0 -6 -12851 0 60 0
1918 8 903 0 24 -12851 0 60 0
1919 12 742 609 24 -6 0 51 51
1920 8 500 0 -24 -12851 0 55 0
1921 8 903 0 -24 -12851 0 60 0
1922 12 742 500 -24 6 0 51 51
1923 12 742 903 -24 6 0 51 55
1924 12 609 742 24 -6 0 55 55
1925 8 903 0 24 -12851 0 60 0
1926 12 742 903 -24 6 0 51 51
1927 8 903 0 -6 -12851 0 60 0
1928 8 903 0 -24 -12851 0 55 0
1929 12 500 742 -24 6 0 51 51
1930 12 742 1100 24 -6 0 51 55
1931 8 500 0 6 -12851 0 55 0
1932 12 609 742 24 -6 0 51 51
1933 12 742 903 -24 6 0 55 55
1934 8 500 0 -6 -12851 0 60 0
1935 12 500 742 -24 6 0 55 55
1936 8 609 0 6 -12851 0 60 0
1937 12 742 903 -24 6 0 55 55
1938 8 500 0 6 -12851 0 60 0
1939 8 742 0 -24 -12851 0 55 0
1940 12 742 903 -24 6 0 51 51
1941 8 609 0 -6 -12851 0 55 0
1942 8 609 0 24 -12851 0 60 0
1943 8 742 0 6 -12851 0 60 0
1944 8 1100 0 6 -12851 0 55 0
1945 8 742 0 -6 -12851 0 55 0
1946 12 500 742 24 -6 0 55 51
1947 12 742 903 24 -6 0 51 55
1948 12 742 903 24 -6 0 55 51
1949 12 742 1100 24 -6 0 55 51
1950 12 609 742 -24 6 0 55 55
1951 8 1100 0 6 -12851 0 55 0
1952 8 1100 0 24 -12851 0 60 0
1953 12 742 1100 -24 6 0 51 51
1954 12 1100 742 -24 6 0 51 51
1955 12 500 742 -24 6 0 55 55
1956 8 609 0 6 -12851 0 55 0
1957 12 903 742 24 -6 0 55 51
1958 8 609 0 24 -12851 0 55 0
1959 12 742 500 24 -6 0 55 55
1960 8 903 0 -6 -12851 0 55 0
1961 12 1100 742 -24 6 0 51 55
1962 8 903 0 -6 -12851 0 60 0
1963 12 1100 742 -24 6 0 55 51
1964 8 609 0 6 -12851 0 55 0
1965 8 903 0 6 -12851 0 55 0
1966 12 1100 742 -24 6 0 51 55
1967 12 500 742 24 -6 0 55 55
1968 8 742 0 -6 -12851 0 60 0
1969 12 609 742 -24 6 0 55 55
1970 8 742 0 -6 -12851 0 55 0
1971 8 609 0 24 -12851 0 55 0
1972 8 1100 0 -24 -12851 0 60 0
1973 8 500 0 6 -12851 0 55 0
1974 8 1100 0 24 -12851 0 60 0
1975 8 1100 0 -24 -12851 0 55 0
1976 8 742 0 -24 -12851 0 60 0
1977 12 742 1100 -24 6 0 51 51
1978 12 742 500 24 -6 0 55 51
1979 12 742 903 24 -6 0 51 55
1980 12 742 1100 -24 6 0 51 51
1981 12 742 500 24 -6 0 55 51
1982 8 500 0 -24 -12851 0 60 0
1983 8 500 0 6 -12851 0 55 0
1984 12 1100 742 24 -6 0 55 55
1985 12 742 1100 -24 6 0 55 55
1986 12 903 742 -24 6 0 51 55
1987 12 903 742 24 -6 0 55 51
1988 8 1100 0 -6 -12851 0 55 0
1989 12 500 742 -24 6 0 55 51
1990 12 1100 742 24 -6 0 55 55
1991 8 1100 0 -6 -12851 0 55 0
1992 12 1100 742 24 -6 0 51 55
1993 12 742 1100 -24 6 0 51 55
1994 8 609 0 6 -12851 0 55 0
1995 12 742 500 24 -6 0 51 55
1996 12 742 609 24 -6 0 55 51
1997 8 903 0 6 -12851 0 55 0
1998 12 742 500 24 -6 0 55 55
1999 8 609 0 24 -12851 0 55 0
2000 8 609 0 -24 -12851 0 55 0
2001 8 742 0 -6 -12851 0 60 0
2002 12 742 1100 24 -6 0 51 55
2003 8 1100 0 24 -12851 0 55 0
2004 12 742 609 -24 6 0 55 55
2005 12 903 742 24 -6 0 55 51
2006 8 1100 0 -24 -12851 0 55 0
2007 8 903 0 6 -12851 0 60 0
2008 8 500 0 -6 -12851 0 55 0
2009 8 903 0 -24 -12851 0 55 0
2010 12 500 742 -24 6 0 51 51
2011 12 1100 742 24 -6 0 51 51
2012 8 742 0 -24 -12851 0 60 0
2013 12 742 609 24 -6 0 55 55
2014 12 903 742 24 -6 0 55 55
2015 12 742 609 -24 6 0 55 51
2016 12 500 742 -24 6 0 51 51
2017 8 500 0 6 -12851 0 60 0
2018 8 500 0 6 -12851 0 55 0
2019 12 609 742 -24 6 0 55 55
2020 12 742 609 -24 6 0 55 55
2021 12 903 742 -24 6 0 51 55
2022 12 742 500 -24 6 0 51 51
2023 12 742 1100 24 -6 0 55 55
2024 12 903 742 24 -6 0 55 55
2025 8 742 0 6 -12851 0 60 0
2026 12 742 609 -24 6 0 51 51
2027 8 500 0 24 -12851 0 55 0
2028 12 500 742 -24 6 0 51 51
2029 12 500 742 -24 6 0 55 51
2030 12 742 500 -24 6 0 55 55
2031 12 742 903 24 -6 0 55 51
2032 12 500 742 24 -6 0 51 51
2033 12 500 742 24 -6 0 51 55
2034 12 903 742 -24 6 0 51 51
2035 12 742 500 -24 6 0 55 55
2036 12 609 742 -24 6 0 51 51
2037 12 903 742 24 -6 0 51 55
2038 8 500 0 6 -12851 0 55 0
2039 8 500 0 -6 -12851 0 60 0
2040 12 609 742 24 -6 0 51 55
2041 8 742 0 -24 -12851 0 55 0
2042 12 742 609 24 -6 0 51 51
2043 12 1100 742 -24 6 0 55 55
2044 12 742 903 24 -6 0 55 51
2045 12 742 609 24 -6 0 51 51
2046 12 742 903 24 -6 0 51 51
2047 12 903 742 -24 6 0 51 51
2048 8 609 0 -6 -12851 0 55 0
2049 8 500 0 -6 -12851 0 55 0
2050 8 742 0 -24 -12851 0 60 0
2051 12 903 742 -24 6 0 55 51
2052 8 609 0 -6 -12851 0 60 0
2053 8 742 0 24 -12851 0 60 0
2054 8 1100 0 6 -12851 0 55 0
2055 12 500 742 -24 6 0 51 51
2056 12 742 1100 24 -6 0 55 51
2057 8 1100 0 24 -12851 0 55 0
2058 8 903 0 -6 -12851 0 55 0
2059 12 742 609 24 -6 0 55 55
2060 12 500 742 24 -6 0 55 55
2061 8 1100 0 6 -12851 0 60 0
2062 8 903 0 -6 -12851 0 55 0
2063 12 609 742 24 -6 0 55 55
2064 8 609 0 6 -12851 0 60 0
2065 12 609 742 -24 6 0 55 55
2066 8 903 0 -6 -12851 0 55 0
2067 12 500 742 24 -6 0 51 55
2068 8 500 0 24 -12851 0 55 0
2069 12 742 609 -24 6 0 55 55
2070 12 742 609 -24 6 0 55 55
2071 12 1100 742 24 -6 0 55 51
2072 12 742 500 24 -6 0 55 51
2073 8 500 0 24 -12851 0 55 0
2074 12 742 1100 -24 6 0 55 51
2075 8 500 0 24 -12851 0 55 0
2076 8 742 0 -24 -12851 0 55 0
2077 12 742 1100 -24 6 0 55 55
2078 12 1100 742 24 -6 0 55 55
2079 8 609 0 -6 -12851 0 60 0
2080 12 903 742 24 -6 0 55 55
2081 8 500 0 -6 -12851 0 55 0
2082 12 742 903 24 -6 0 51 55
2083 8 742 0 24 -12851 0 55 0
2084 12 742 500 -24 6 0 51 51
2085 8 609 0 -24 -12851 0 55 0
2086 12 742 1100 -24 6 0 51 51
2087 8 742 0 24 -12851 0 55 0
2088 8 1100 0 6 -12851 0 60 0
2089 8 1100 0 6 -12851 0 55 0
2090 12 742 609 -24 6 0 51 51
2091 8 903 0 6 -12851 0 55 0
2092 8 1100 0 -24 -12851 0 55 0
2093 12 742 609 24 -6 0 51 51
2094 8 903 0 6 -12851 0 60 0
2095 12 903 742 -24 6 0 55 55
2096 12 903 742 24 -6 0 55 55
2097 8 609 0 -24 -12851 0 55 0
2098 8 903 0 -6 -12851 0 60 0
2099 8 500 0 -6 -12851 0 60 0
2100 8 500 0 -6 -12851 0 55 0
2101 12 742 1100 -24 6 0 51 51
2102 8 903 0 -24 -12851 0 55 0
2103 8 742 0 24 -12851 0 60 0
2104 8 903 0 -24 -12851 0 60 0
2105 8 1100 0 -6 -12851 0 60 0
2106 8 609 0 -24 -12851 0 55 0
2107 8 500 0 24 -12851 0 60 0
2108 12 903 742 -24 6 0 55 51
2109 8 500 0 6 -12851 0 60 0
2110 8 1100 0 -6 -12851 0 60 0
2111 12 742 1100 -24 6 0 55 51
2112 8 1100 0 -6 -12851 0 55 0
2113 12 742 903 -24 6 0 55 51
2114 12 609 742 24 -6 0 51 51
2115 8 609 0 -6 -12851 0 55 0
2116 8 742 0 6 -12851 0 55 0
2117 12 742 903 -24 6 0 51 55
2118 12 742 500 24 -6 0 55 51
2119 12 1100 742 -24 6 0 55 55
2120 8 609 0 6 -12851 0 60 0
2121 8 903 0 6 -12851 0 60 0
2122 8 742 0 -6 -12851 0 60 0
2123 12 903 742 24 -6 0 55 55
2124 12 742 1100 -24 6 0 51 55
2125 8 609 0 6 -12851 0 60 0
2126 8 609 0 6 -12851 0 60 0
2127 12 742 500 -24 6 0 55 51
2128 8 903 0 24 -12851 0 55 0
2129 8 903 0 -6 -12851 0 60 0
2130 12 500 742 -24 6 0 55 55
2131 12 742 1100 24 -6 0 51 55
2132 12 609 742 24 -6 0 55 51
2133 12 1100 742 24 -6 0 51 55
2134 8 609 0 -24 -12851 0 60 0
2135 12 1100 742 -24 6 0 51 55
2136 8 903 0 -6 -12851 0 55 0
2137 8 742 0 -6 -12851 0 55 0
2138 12 742 609 24 -6 0 51 51
2139 12 742 1100 -24 6 0 55 55
2140 12 742 609 24 -6 0 55 51
2141 8 742 0 -24 -12851 0 60 0
2142 12 1100 742 -24 6 0 55 55
2143 12 500 742 24 -6 0 55 55
2144 8 609 0 24 -12851 0 60 0
2145 8 1100 0 6 -12851 0 55 0
2146 8 500 0 24 -12851 0 60 0
2147 12 742 500 -24 6 0 51 55
2148 8 1100 0 -6 -12851 0 55 0
2149 8 1100 0 -6 -12851 0 60 0
2150 8 742 0 -6 -12851 0 55 0
2151 12 1100 742 -24 6 0 51 51
2152 8 500 0 6 -12851 0 60 0
2153 12 609 742 24 -6 0 51 55
2154 12 742 1100 -24 6 0 55 51
2155 12 903 742 -24 6 0 51 55
2156 8 500 0 -6 -12851 0 55 0
2157 8 1100 0 -24 -12851 0 55 0
2158 8 1100 0 -24 -12851 0 60 0
2159 12 742 903 24 -6 0 55 55
2160 12 500 742 24 -6 0 51 51
2161 8 609 0 6 -12851 0 55 0
2162 8 903 0 -24 -12851 0 60 0
2163 8 609 0 -6 -12851 0 60 0
2164 12 742 500 24 -6 0 55 55
2165 12 742 500 24 -6 0 51 51
2166 8 609 0 6 -12851 0 60 0
2167 8 742 0 -6 -12851 0 60 0
2168 8 1100 0 -6 -12851 0 55 0
2169 12 742 609 24 -6 0 55 55
2170 12 1100 742 -24 6 0 55 55
2171 12 742 1100 24 -6 0 51 55
2172 8 1100 0 24 -12851 0 60 0
2173 8 903 0 24 -12851 0 60 0
2174 8 500 0 -24 -12851 0 60 0
2175 8 903 0 24 -12851 1 55 0
2176 12 742 609 24 -6 1 55 55
2177 8 742 0 -6 -12851 0 55 0
2178 12 609 742 24 -6 0 55 51
2179 12 500 742 -24 6 1 51 55
2180 12 742 609 -24 6 1 51 55
2181 12 1100 742 24 -6 1 51 51
2182 12 1100 742 -24 6 0 51 55
2183 8 500 0 -24 -12851 0 60 0
2184 8 500 0 -6 -12851 1 55 0
2185 8 742 0 24 -12851 1 55 0
2186 8 500 0 24 -12851 0 55 0
2187 8 500 0 -24 -12851 0 55 0
2188 12 742 903 -24 6 0 55 51
2189 8 903 0 24 -12851 1 55 0
2190 12 500 742 24 -6 1 51 55
2191 8 500 0 -6 -12851 0 55 0
2192 12 903 742 24 -6 0 55 51
2193 12 742 609 -24 6 1 55 51
2194 8 903 0 -6 -12851 0 60 0
2195 12 500 742 -24 6 0 55 55
2196 8 742 0 24 -12851 0 60 0
2197 12 742 903 24 -6 0 51 55
2198 8 903 0 6 -12851 0 55 0
2199 12 903 742 24 -6 0 51 55
2200 8 500 0 24 -12851 0 60 0
2201 12 742 903 -24 6 0 51 55
2202 12 742 609 -24 6 0 51 51
2203 8 742 0 24 -12851 0 55 0
2204 8 1100 0 24 -12851 0 60 0
2205 8 742 0 24 -12851 0 55 0
2206 8 609 0 24 -12851 0 60 0
2207 12 1100 742 -24 6 0 51 51
2208 8 1100 0 -24 -12851 0 60 0
2209 12 903 742 -24 6 0 51 51
2210 8 1100 0 -24 -12851 0 60 0
2211 8 609 0 -24 -12851 0 60 0
2212 8 609 0 24 -12851 0 55 0
2213 8 500 0 24 -12851 0 55 0
2214 8 500 0 6 -12851 0 55 0
2215 8 500 0 24 -12851 0 55 0
2216 12 1100 742 24 -6 0 55 55
2217 8 609 0 6 -12851 0 60 0
2218 8 742 0 24 -12851 0 60 0
2219 8 500 0 6 -12851 0 60 0
2220 12 742 500 24 -6 0 55 55
2221 8 1100 0 -6 -12851 0 55 0
2222 12 742 500 -24 6 0 51 51
2223 8 609 0 -6 -12851 0 60 0
2224 8 609 0 6 -12851 0 60 0
2225 8 903 0 6 -12851 0 55 0
2226 8 903 0 -6 -12851 0 60 0
2227 8 1100 0 24 -12851 0 55 0
2228 8 742 0 -6 -12851 0 55 0
2229 12 742 1100 -24 6 0 51 55
2230 8 903 0 -24 -12851 0 60 0
2231 12 500 742 -24 6 0 51 51
2232 8 742 0 -6 -12851 0 55 0
2233 8 1100 0 -6 -12851 0 55 0
2234 8 903 0 -6 -12851 0 55 0
2235 8 903 0 -6 -12851 0 55 0
2236 12 1100 742 -24 6 0 51 51
2237 8 609 0 -24 -12851 0 55 0
2238 12 903 742 -24 6 0 55 55
2239 8 1100 0 6 -12851 0 55 0
2240 12 742 903 24 -6 0 51 55
2241 12 903 742 24 -6 0 55 55
2242 12 500 742 24 -6 0 55 55
2243 8 1100 0 -6 -12851 0 55 0
2244 8 742 0 6 -12851 0 55 0
2245 12 1100 742 -24 6 0 51 51
2246 8 742 0 6 -12851 0 55 0
2247 8 500 0 24 -12851 0 60 0
2248 8 742 0 6 -12851 0 60 0
2249 8 500 0 -24 -12851 0 55 0
2250 8 1100 0 -6 -12851 0 60 0
2251 12 742 609 24 -6 0 55 55
2252 12 1100 742 -24 6 0 55 51
2253 8 609 0 6 -12851 0 55 0
