302 8 742 0 6 -12851 1 60 0
303 12 1100 742 -24 6 0 55 51
304 12 742 609 -24 6 1 55 55
305 8 742 0 -24 -12851 0 55 0
306 8 903 0 -24 -12851 1 60 0
307 12 742 609 24 -6 1 55 55
308 12 903 742 -24 6 1 51 55
309 8 609 0 -24 -12851 1 60 0
310 12 742 1100 -24 6 1 51 55
311 12 609 742 -24 6 1 51 55
312 12 742 903 -24 6 1 55 55
313 12 903 742 -24 6 0 51 55
314 8 1100 0 -24 -12851 1 55 0
315 12 1100 742 -24 6 0 51 51
316 8 742 0 -6 -12851 0 60 0
317 8 742 0 24 -12851 0 60 0
318 12 742 903 24 -6 0 51 51
319 12 500 742 24 -6 0 51 55
320 12 742 609 -24 6 0 55 51
321 12 742 609 -24 6 1 51 51
322 8 609 0 6 -12851 0 55 0
323 8 609 0 -24 -12851 0 60 0
324 8 742 0 24 -12851 1 55 0
325 12 742 500 -24 6 1 55 55
326 8 903 0 6 -12851 1 55 0
327 8 742 0 -6 -12851 0 60 0
328 8 903 0 -24 -12851 1 60 0
329 8 500 0 24 -12851 1 55 0
330 12 742 903 24 -6 1 51 55
331 8 500 0 24 -12851 1 60 0
332 12 742 609 -24 6 1 51 51
333 12 609 742 24 -6 0 51 51
334 12 1100 742 24 -6 1 51 55
335 8 903 0 6 -12851 1 60 0
336 12 742 1100 -24 6 1 51 51
337 8 609 0 6 -12851 1 55 0
338 8 1100 0 24 -12851 1 60 0
339 8 500 0 -6 -12851 1 55 0
340 8 1100 0 -6 -12851 1 60 0
341 12 903 742 -24 6 1 55 55
342 12 742 1100 -24 6 0 55 55
343 12 903 742 -24 6 1 55 51
344 8 1100 0 6 -12851 0 60 0
345 12 742 1100 -24 6 0 51 55
346 12 903 742 24 -6 1 55 55
347 8 609 0 -6 -12851 1 55 0
348 12 500 742 24 -6 1 51 51
349 12 742 500 -24 6 0 55 51
350 8 609 0 -6 -12851 0 55 0
351 12 903 742 -24 6 0 51 55
352 12 1100 742 24 -6 0 51 55
353 12 1100 742 -24 6 0 51 51
354 12 903 742 -24 6 0 55 55
355 8 742 0 -24 -12851 0 60 0
356 12 742 903 -24 6 1 51 51
357 12 742 1100 24 -6 1 55 55
358 12 742 1100 24 -6 1 51 55
359 12 903 742 24 -6 1 51 51
360 8 1100 0 -24 -12851 0 60 0
361 8 609 0 6 -12851 1 60 0
362 12 742 500 -24 6 1 55 55
363 8 903 0 24 -12851 1 55 0
364 8 609 0 -24 -12851 1 55 0
365 12 500 742 24 -6 0 51 55
366 8 742 0 24 -12851 1 55 0
367 8 500 0 6 -12851 1 60 0
368 12 742 903 -24 6 0 55 51
369 8 1100 0 24 -12851 0 60 0
370 12 742 609 24 -6 0 51 51
371 8 1100 0 -24 -12851 0 60 0
372 8 500 0 6 -12851 1 55 0
373 12 742 1100 -24 6 0 55 55
374 12 609 742 -24 6 0 51 51
375 12 500 742 24 -6 1 55 55
376 12 742 500 -24 6 0 51 51
377 8 500 0 -6 -12851 0 60 0
378 12 742 903 -24 6 0 51 51
379 8 742 0 -24 -12851 0 60 0
380 8 903 0 24 -12851 0 60 0
381 8 903 0 -6 -12851 0 60 0
382 8 742 0 -6 -12851 1 55 0
383 12 742 1100 -24 6 1 51 55
384 8 742 0 -24 -12851 1 60 0
385 12 500 742 24 -6 1 55 51
386 12 742 903 -24 6 1 55 55
387 8 500 0 24 -12851 1 55 0
388 12 742 903 -24 6 1 51 55
389 8 609 0 -24 -12851 1 55 0
390 8 1100 0 -24 -12851 0 55 0
391 8 903 0 24 -12851 0 60 0
392 12 742 1100 24 -6 0 51 55
393 8 609 0 24 -12851 0 55 0
394 8 500 0 24 -12851 1 60 0
395 8 609 0 -24 -12851 0 55 0
396 8 903 0 24 -12851 0 55 0
397 12 609 742 -24 6 0 51 55
398 8 903 0 -24 -12851 0 55 0
399 12 1100 742 -24 6 0 51 55
400 12 742 609 -24 6 1 55 55
401 8 500 0 6 -12851 1 60 0
402 12 1100 742 -24 6 0 55 55
403 8 1100 0 6 -12851 0 55 0
404 12 742 500 -24 6 0 55 55
405 12 609 742 24 -6 0 51 55
406 12 903 742 24 -6 0 55 51
407 8 742 0 6 -12851 1 55 0
408 8 742 0 -24 -12851 0 55 0
409 8 1100 0 6 -12851 1 55 0
410 12 742 609 24 -6 0 55 51
411 8 903 0 6 -12851 0 60 0
412 8 903 0 -24 -12851 0 60 0
413 8 742 0 -6 -12851 1 55 0
414 12 742 1100 24 -6 0 51 55
415 12 742 609 24 -6 0 55 55
416 12 742 1100 -24 6 0 55 51
417 8 609 0 -6 -12851 0 60 0
418 8 742 0 24 -12851 1 60 0
419 8 1100 0 6 -12851 1 60 0
420 12 903 742 24 -6 0 51 55
421 8 903 0 24 -12851 0 55 0
422 8 903 0 -24 -12851 0 55 0
423 12 742 1100 -24 6 0 51 55
424 8 742 0 6 -12851 1 55 0
425 12 500 742 -24 6 0 51 51
426 8 609 0 -6 -12851 0 55 0
427 12 1100 742 -24 6 0 55 55
428 8 609 0 -6 -12851 0 60 0
429 8 1100 0 24 -12851 0 60 0
430 12 742 500 -24 6 0 51 51
431 12 903 742 24 -6 0 51 51
432 12 609 742 24 -6 1 55 51
433 12 742 1100 24 -6 1 55 55
434 8 500 0 6 -12851 1 55 0
435 8 1100 0 24 -12851 0 60 0
436 12 742 609 -24 6 0 55 51
437 12 609 742 -24 6 0 55 55
438 8 500 0 -6 -12851 0 55 0
439 8 500 0 -6 -12851 0 60 0
440 12 609 742 -24 6 0 51 55
441 12 903 742 24 -6 1 51 55
442 8 609 0 -24 -12851 0 60 0
443 12 742 500 -24 6 0 51 51
444 8 609 0 6 -12851 0 55 0
445 12 500 742 -24 6 0 55 55
446 12 742 609 24 -6 0 51 51
447 12 742 903 24 -6 0 51 51
448 12 742 903 -24 6 0 51 55
449 8 609 0 6 -12851 0 60 0
450 8 609 0 -6 -12851 0 60 0
451 8 1100 0 -24 -12851 0 55 0
452 12 742 609 24 -6 0 55 55
453 12 500 742 -24 6 0 51 51
454 12 742 1100 24 -6 0 51 51
455 8 742 0 24 -12851 0 55 0
456 12 1100 742 -24 6 0 55 51
457 12 742 500 24 -6 0 55 51
458 12 1100 742 24 -6 0 55 55
459 8 1100 0 24 -12851 0 55 0
460 8 903 0 24 -12851 0 60 0
461 8 500 0 -24 -12851 0 60 0
462 12 742 500 24 -6 0 51 55
463 12 742 903 24 -6 0 55 55
464 8 500 0 6 -12851 0 55 0
465 8 1100 0 -24 -12851 0 55 0
466 12 742 1100 24 -6 0 55 55
467 8 742 0 -24 -12851 0 60 0
468 12 500 742 -24 6 0 51 51
469 8 500 0 24 -12851 0 60 0
470 12 609 742 24 -6 0 55 51
471 12 742 903 24 -6 0 55 51
472 8 903 0 24 -12851 0 60 0
473 12 1100 742 -24 6 0 55 51
474 12 1100 742 -24 6 0 55 51
475 8 903 0 -24 -12851 0 55 0
476 8 742 0 6 -12851 0 55 0
477 8 1100 0 6 -12851 0 55 0
478 8 1100 0 6 -12851 0 55 0
479 8 609 0 6 -12851 0 60 0
480 12 500 742 -24 6 0 55 55
481 12 903 742 -24 6 0 55 51
482 8 903 0 24 -12851 0 55 0
483 12 742 1100 24 -6 0 51 51
484 8 609 0 -6 -12851 0 55 0
485 8 500 0 -24 -12851 0 55 0
486 12 500 742 24 -6 0 55 55
487 12 742 903 -24 6 0 55 51
488 12 742 1100 24 -6 0 55 55
489 12 742 903 -24 6 0 51 55
490 12 609 742 -24 6 0 55 51
491 12 742 609 24 -6 0 55 55
492 8 1100 0 -24 -12851 0 60 0
493 12 1100 742 24 -6 0 55 55
494 12 742 1100 -24 6 0 51 55
495 12 903 742 -24 6 0 51 55
496 8 1100 0 -24 -12851 0 60 0
497 12 742 1100 -24 6 0 55 55
498 8 742 0 6 -12851 0 55 0
499 12 903 742 24 -6 0 51 51
500 12 903 742 24 -6 0 51 51
501 12 1100 742 -24 6 0 51 51
502 12 903 742 24 -6 0 51 55
503 12 903 742 -24 6 0 55 51
504 12 742 1100 -24 6 0 51 51
505 8 903 0 24 -12851 0 60 0
506 12 500 742 -24 6 0 55 51
507 12 609 742 -24 6 0 55 55
508 8 500 0 24 -12851 0 55 0
509 8 500 0 6 -12851 0 55 0
510 8 903 0 24 -12851 0 60 0
511 12 742 609 -24 6 0 51 51
512 12 742 1100 24 -6 0 55 55
513 12 903 742 -24 6 0 55 55
514 12 742 1100 -24 6 0 51 51
515 12 609 742 24 -6 0 51 55
516 8 609 0 6 -12851 0 55 0
517 8 742 0 -24 -12851 0 55 0
518 8 742 0 24 -12851 0 55 0
519 8 742 0 6 -12851 0 60 0
520 8 742 0 -6 -12851 0 60 0
521 8 609 0 -24 -12851 0 55 0
522 8 742 0 -24 -12851 0 60 0
523 8 903 0 6 -12851 0 60 0
524 8 742 0 24 -12851 0 55 0
525 8 903 0 6 -12851 0 55 0
526 8 500 0 -6 -12851 0 60 0
527 8 609 0 -24 -12851 0 60 0
528 8 1100 0 -6 -12851 0 60 0
529 12 903 742 -24 6 0 51 51
530 12 500 742 -24 6 0 51 51
531 8 1100 0 6 -12851 0 60 0
532 12 742 609 24 -6 0 55 51
533 12 903 742 24 -6 0 51 51
534 8 609 0 -6 -12851 0 60 0
535 8 500 0 24 -12851 0 60 0
536 8 903 0 6 -12851 0 60 0
537 8 500 0 -24 -12851 0 60 0
538 12 903 742 -24 6 0 55 51
539 12 1100 742 -24 6 0 55 55
540 12 742 609 -24 6 0 51 55
541 8 1100 0 24 -12851 0 60 0
542 12 742 609 24 -6 0 51 51
543 12 742 609 24 -6 0 55 51
544 8 609 0 -24 -12851 0 60 0
545 12 742 1100 -24 6 0 55 51
546 12 742 903 -24 6 0 51 51
547 8 609 0 24 -12851 0 55 0
548 12 742 500 24 -6 0 51 55
549 8 742 0 -6 -12851 0 55 0
550 8 609 0 24 -12851 0 60 0
551 12 903 742 24 -6 0 51 51
552 12 500 742 -24 6 0 55 51
553 8 742 0 -6 -12851 0 60 0
554 8 903 0 24 -12851 0 60 0
555 8 609 0 24 -12851 0 60 0
556 8 903 0 24 -12851 0 55 0
557 8 1100 0 -24 -12851 0 60 0
558 12 742 1100 -24 6 0 51 51
559 8 903 0 6 -12851 0 55 0
560 12 742 500 24 -6 0 55 51
561 8 1100 0 24 -12851 0 60 0
562 8 742 0 6 -12851 0 60 0
563 8 500 0 24 -12851 0 60 0
564 12 742 609 24 -6 0 51 55
565 8 500 0 -24 -12851 0 60 0
566 8 1100 0 6 -12851 0 55 0
567 8 500 0 6 -12851 0 60 0
568 8 609 0 6 -12851 0 55 0
569 8 609 0 -6 -12851 0 55 0
570 8 609 0 6 -12851 0 55 0
571 12 1100 742 24 -6 0 51 55
572 8 500 0 -24 -12851 0 60 0
573 12 903 742 24 -6 0 51 51
574 8 609 0 24 -12851 0 55 0
575 12 1100 742 -24 6 0 55 51
576 8 500 0 -6 -12851 0 55 0
577 8 903 0 24 -12851 0 60 0
578 8 903 0 24 -12851 0 60 0
579 12 742 903 24 -6 0 51 51
580 8 500 0 -24 -12851 0 60 0
581 12 609 742 24 -6 0 55 55
582 8 742 0 6 -12851 0 55 0
583 8 1100 0 6 -12851 0 55 0
584 12 742 903 -24 6 0 55 55
585 8 1100 0 -24 -12851 0 55 0
586 12 903 742 -24 6 0 51 55
587 12 500 742 -24 6 0 51 51
588 8 742 0 24 -12851 0 60 0
589 12 903 742 24 -6 0 51 51
590 8 1100 0 24 -12851 0 60 0
591 8 903 0 -24 -12851 0 55 0
592 8 742 0 6 -12851 0 55 0
593 12 903 742 24 -6 0 55 55
594 12 742 609 -24 6 0 51 55
595 12 742 1100 24 -6 0 55 51
596 12 742 500 -24 6 0 51 55
597 12 742 903 -24 6 0 55 51
598 8 742 0 6 -12851 0 55 0
599 8 742 0 -6 -12851 0 55 0
600 8 609 0 -6 -12851 0 60 0
601 8 742 0 -24 -12851 0 55 0
602 12 742 1100 -24 6 0 55 51
603 12 742 1100 24 -6 0 51 55
604 8 903 0 -24 -12851 0 60 0
605 8 742 0 -24 -12851 0 55 0
606 8 903 0 6 -12851 0 55 0
607 8 500 0 6 -12851 0 55 0
608 12 742 609 24 -6 0 55 51
609 12 742 1100 -24 6 0 51 55
610 8 609 0 6 -12851 0 55 0
611 12 742 500 -24 6 0 51 51
612 12 903 742 24 -6 0 55 51
613 8 1100 0 -24 -12851 0 55 0
614 12 500 742 24 -6 0 55 55
615 8 1100 0 -6 -12851 0 55 0
616 12 742 609 -24 6 0 55 55
617 8 609 0 -24 -12851 0 60 0
618 12 742 500 24 -6 0 55 55
619 12 1100 742 -24 6 0 51 51
620 12 609 742 -24 6 0 55 51
621 12 742 1100 24 -6 0 51 51
622 8 500 0 6 -12851 0 55 0
623 8 903 0 -24 -12851 0 60 0
624 8 500 0 6 -12851 0 60 0
625 8 1100 0 -24 -12851 0 60 0
626 12 903 742 -24 6 0 55 55
627 12 742 500 24 -6 0 55 55
628 12 500 742 24 -6 0 51 51
629 12 742 609 24 -6 0 55 55
630 8 500 0 24 -12851 0 55 0
631 8 500 0 24 -12851 0 55 0
632 12 609 742 -24 6 0 55 55
633 12 1100 742 24 -6 0 55 51
634 12 742 500 -24 6 0 55 51
635 12 742 1100 24 -6 0 51 55
636 8 742 0 -6 -12851 0 55 0
637 8 742 0 -6 -12851 0 55 0
638 12 742 903 24 -6 0 55 55
639 8 1100 0 24 -12851 0 60 0
640 8 903 0 -24 -12851 0 55 0
641 12 742 903 24 -6 0 51 51
642 12 1100 742 24 -6 0 55 51
643 8 500 0 -6 -12851 0 60 0
644 8 500 0 -6 -12851 0 60 0
645 12 742 500 24 -6 0 55 55
646 12 903 742 24 -6 0 55 51
647 8 1100 0 -24 -12851 0 55 0
648 12 609 742 24 -6 0 51 51
649 12 903 742 -24 6 0 51 55
650 8 903 0 6 -12851 0 60 0
651 12 742 903 24 -6 0 51 55
652 12 500 742 -24 6 0 51 55
653 12 742 1100 -24 6 0 55 51
654 8 903 0 6 -12851 0 55 0
655 12 742 609 -24 6 0 55 51
656 8 609 0 6 -12851 0 60 0
657 12 742 903 24 -6 0 51 51
658 12 742 1100 -24 6 0 55 51
659 8 1100 0 -24 -12851 0 60 0
660 12 500 742 -24 6 0 55 55
661 8 609 0 24 -12851 0 60 0
662 12 609 742 24 -6 0 55 55
663 12 500 742 24 -6 0 55 55
664 12 1100 742 -24 6 0 51 51
665 8 742 0 6 -12851 0 55 0
666 12 500 742 -24 6 0 55 51
667 12 1100 742 -24 6 0 55 51
668 8 609 0 6 -12851 0 60 0
669 8 903 0 -24 -12851 0 55 0
670 12 609 742 -24 6 0 51 51
671 8 903 0 6 -12851 0 60 0
672 12 742 903 24 -6 0 51 51
673 8 903 0 -6 -12851 0 60 0
674 12 742 903 24 -6 0 55 51
675 12 1100 742 -24 6 0 55 51
676 12 742 1100 24 -6 0 55 55
677 8 742 0 -24 -12851 0 55 0
678 8 609 0 -6 -12851 0 60 0
679 8 500 0 -6 -12851 0 60 0
680 8 903 0 -6 -12851 0 60 0
681 8 1100 0 6 -12851 0 55 0
682 12 742 903 -24 6 0 55 51
683 8 609 0 24 -12851 0 55 0
684 12 742 1100 -24 6 0 51 55
685 12 742 500 24 -6 0 55 55
686 8 609 0 -6 -12851 0 60 0
687 12 500 742 -24 6 0 55 55
688 8 1100 0 -6 -12851 0 55 0
689 8 742 0 -6 -12851 0 60 0
690 8 500 0 6 -12851 0 55 0
691 12 1100 742 -24 6 0 55 51
692 8 1100 0 -24 -12851 0 55 0
693 12 742 500 24 -6 0 51 51
694 8 742 0 -6 -12851 0 55 0
695 8 500 0 -6 -12851 0 55 0
696 8 500 0 6 -12851 0 55 0
697 12 500 742 -24 6 0 55 55
698 8 500 0 -24 -12851 0 55 0
699 12 742 609 24 -6 0 55 55
700 12 1100 742 24 -6 0 51 51
701 12 500 742 -24 6 0 55 51
702 12 742 1100 24 -6 0 55 55
703 12 742 1100 24 -6 0 51 55
704 8 500 0 -6 -12851 0 55 0
705 12 500 742 24 -6 0 51 51
706 12 742 609 -24 6 0 55 51
707 8 903 0 24 -12851 0 55 0
708 8 903 0 24 -12851 0 55 0
709 12 742 500 -24 6 0 55 55
710 12 500 742 24 -6 0 55 51
711 12 500 742 24 -6 0 55 51
712 12 500 742 24 -6 0 55 51
713 12 742 500 24 -6 0 55 55
714 12 742 903 24 -6 0 51 55
715 12 742 903 -24 6 0 55 51
716 8 609 0 -24 -12851 0 55 0
717 8 500 0 -24 -12851 0 55 0
718 8 742 0 -6 -12851 0 55 0
719 12 609 742 -24 6 0 55 55
720 8 903 0 6 -12851 0 60 0
721 12 609 742 -24 6 0 51 55
722 12 1100 742 -24 6 0 55 55
723 12 742 609 -24 6 0 55 55
724 12 742 1100 24 -6 0 51 55
725 12 742 903 24 -6 0 55 55
726 12 500 742 -24 6 0 55 55
727 8 1100 0 -24 -12851 0 60 0
728 12 742 609 -24 6 0 51 55
729 12 742 1100 24 -6 0 51 51
730 12 609 742 24 -6 0 51 55
731 8 1100 0 6 -12851 0 55 0
732 12 903 742 24 -6 0 51 55
733 12 1100 742 24 -6 0 55 51
734 12 609 742 -24 6 0 51 55
735 8 742 0 -24 -12851 0 60 0
736 12 742 609 -24 6 0 55 55
737 12 609 742 -24 6 0 55 55
738 12 500 742 -24 6 0 51 55
739 12 500 742 -24 6 0 55 55
740 12 742 903 24 -6 0 55 51
741 8 742 0 -24 -12851 0 60 0
742 8 1100 0 6 -12851 0 60 0
743 8 609 0 -6 -12851 0 55 0
744 12 742 609 24 -6 0 55 55
745 12 1100 742 -24 6 0 51 55
746 8 609 0 -24 -12851 0 55 0
747 8 903 0 24 -12851 0 55 0
748 12 742 1100 24 -6 0 51 51
749 12 742 500 -24 6 0 55 51
750 8 903 0 -6 -12851 0 55 0
751 12 742 609 24 -6 0 55 51
752 8 742 0 -24 -12851 0 60 0
753 12 1100 742 -24 6 0 55 55
754 12 1100 742 -24 6 0 51 51
755 12 609 742 24 -6 0 51 51
756 12 609 742 -24 6 0 55 55
757 12 500 742 24 -6 0 55 51
758 8 609 0 24 -12851 0 60 0
759 12 742 1100 -24 6 0 51 51
760 12 903 742 -24 6 0 55 55
761 12 1100 742 -24 6 0 51 55
762 12 1100 742 24 -6 0 51 55
763 12 742 500 -24 6 0 55 55
764 12 742 609 -24 6 0 55 55
765 8 742 0 24 -12851 0 60 0
766 8 1100 0 24 -12851 0 60 0
767 12 742 609 24 -6 0 51 55
768 8 903 0 6 -12851 0 60 0
769 8 903 0 6 -12851 0 55 0
770 8 742 0 -6 -12851 0 55 0
771 12 1100 742 24 -6 0 51 51
772 12 742 500 24 -6 0 51 51
773 8 609 0 24 -12851 0 55 0
774 12 742 903 24 -6 0 51 51
775 12 742 500 -24 6 0 51 51
776 8 609 0 -6 -12851 0 55 0
777 12 742 903 24 -6 0 51 55
778 8 1100 0 -6 -12851 0 60 0
779 8 500 0 24 -12851 0 60 0
780 12 742 1100 -24 6 0 55 55
781 8 1100 0 -6 -12851 0 55 0
782 8 500 0 -24 -12851 0 60 0
783 8 500 0 -24 -12851 0 55 0
784 8 609 0 6 -12851 0 60 0
785 12 742 500 24 -6 0 55 55
786 8 609 0 24 -12851 0 55 0
787 8 609 0 6 -12851 0 55 0
788 12 1100 742 -24 6 0 55 51
789 12 903 742 24 -6 0 51 51
790 8 742 0 -6 -12851 0 60 0
791 12 1100 742 -24 6 0 55 51
792 12 609 742 24 -6 0 51 55
793 12 1100 742 24 -6 0 55 55
794 8 742 0 -6 -12851 0 60 0
795 12 742 1100 24 -6 0 51 55
796 12 1100 742 24 -6 0 51 51
797 12 500 742 24 -6 0 55 55
798 8 903 0 24 -12851 0 60 0
799 12 742 609 24 -6 0 51 55
800 8 1100 0 -24 -12851 0 55 0
801 8 903 0 6 -12851 0 60 0
802 12 742 609 24 -6 0 55 51
803 12 742 1100 24 -6 0 51 55
804 8 500 0 -24 -12851 0 60 0
805 12 500 742 24 -6 0 51 51
806 8 500 0 24 -12851 0 60 0
807 8 500 0 -6 -12851 0 60 0
808 8 609 0 24 -12851 0 60 0
809 8 1100 0 6 -12851 0 60 0
810 8 903 0 -24 -12851 0 55 0
811 8 1100 0 -24 -12851 0 60 0
812 8 742 0 6 -12851 0 60 0
813 12 742 500 -24 6 0 51 51
814 8 609 0 -6 -12851 0 60 0
815 8 609 0 6 -12851 0 60 0
816 12 742 500 -24 6 0 55 55
817 12 500 742 -24 6 0 55 55
818 8 609 0 -6 -12851 0 55 0
819 12 903 742 -24 6 0 51 51
820 8 609 0 -24 -12851 0 60 0
821 8 742 0 24 -12851 0 55 0
822 12 742 500 24 -6 0 55 55
823 12 609 742 24 -6 0 55 51
824 12 742 1100 -24 6 0 51 51
825 12 742 500 24 -6 0 51 51
826 8 742 0 6 -12851 0 60 0
827 8 1100 0 -24 -12851 0 60 0
828 8 1100 0 -24 -12851 0 55 0
829 12 742 500 24 -6 0 55 55
830 8 500 0 -24 -12851 0 55 0
831 8 500 0 24 -12851 0 60 0
832 8 903 0 24 -12851 0 60 0
833 12 742 609 -24 6 0 55 55
834 12 903 742 -24 6 0 51 51
835 8 500 0 -6 -12851 0 60 0
836 8 1100 0 24 -12851 0 55 0
837 12 742 500 24 -6 0 55 55
838 8 742 0 -6 -12851 0 60 0
839 12 500 742 24 -6 0 55 55
840 12 742 1100 -24 6 0 55 55
841 12 1100 742 -24 6 0 51 55
842 12 742 1100 24 -6 0 55 51
843 12 742 609 24 -6 0 55 55
844 12 903 742 24 -6 0 51 51
845 8 903 0 24 -12851 0 60 0
846 8 903 0 -6 -12851 0 60 0
847 12 1100 742 24 -6 0 55 55
848 12 1100 742 -24 6 0 51 55
849 12 742 903 24 -6 0 51 51
850 8 609 0 24 -12851 0 60 0
851 8 609 0 -24 -12851 0 60 0
852 12 609 742 -24 6 0 55 55
853 8 903 0 -6 -12851 0 55 0
854 8 609 0 6 -12851 0 55 0
855 8 609 0 6 -12851 0 60 0
856 8 903 0 -24 -12851 0 55 0
857 12 742 609 -24 6 0 55 51
858 12 903 742 -24 6 0 55 55
859 8 500 0 24 -12851 0 60 0
860 12 1100 742 -24 6 0 55 51
861 12 609 742 24 -6 0 51 55
862 8 742 0 -24 -12851 0 60 0
863 8 903 0 -24 -12851 0 55 0
864 12 609 742 -24 6 0 55 51
865 8 1100 0 6 -12851 0 55 0
866 8 742 0 -24 -12851 0 60 0
867 12 500 742 -24 6 0 51 51
868 12 742 609 -24 6 0 55 51
869 12 742 903 -24 6 0 55 51
870 8 1100 0 -24 -12851 0 55 0
871 12 742 903 24 -6 0 51 51
872 8 742 0 6 -12851 0 55 0
873 8 1100 0 -6 -12851 0 55 0
874 8 500 0 6 -12851 1 60 0
875 12 742 1100 24 -6 0 55 55
876 12 742 609 -24 6 0 55 51
877 8 500 0 -24 -12851 1 60 0
878 12 742 500 -24 6 1 55 51
879 8 500 0 -6 -12851 0 55 0
880 8 500 0 24 -12851 1 60 0
881 12 609 742 24 -6 1 55 51
882 12 742 609 24 -6 1 55 51
883 12 742 903 24 -6 1 55 55
884 8 1100 0 24 -12851 1 55 0
885 12 500 742 -24 6 1 55 51
886 8 742 0 -6 -12851 0 55 0
887 12 742 1100 24 -6 1 55 51
888 8 1100 0 -24 -12851 1 60 0
889 12 903 742 -24 6 1 51 51
890 12 742 1100 24 -6 0 51 55
891 8 1100 0 24 -12851 1 55 0
892 8 903 0 24 -12851 1 55 0
893 8 500 0 24 -12851 1 55 0
894 12 609 742 24 -6 0 55 55
895 8 903 0 6 -12851 1 60 0
896 12 500 742 24 -6 1 55 55
897 8 903 0 -6 -12851 1 55 0
898 12 609 742 -24 6 0 51 55
899 8 742 0 -24 -12851 1 55 0
900 12 742 500 24 -6 0 51 55
901 8 742 0 24 -12851 1 55 0
902 8 500 0 6 -12851 0 60 0
903 12 742 1100 24 -6 1 51 51
904 12 742 609 24 -6 1 55 55
905 12 742 500 -24 6 1 51 51
906 12 1100 742 24 -6 1 51 51
907 8 609 0 24 -12851 1 55 0
908 12 742 500 24 -6 1 51 55
909 12 609 742 -24 6 0 55 55
910 8 609 0 24 -12851 1 55 0
911 12 903 742 -24 6 0 55 51
912 12 609 742 24 -6 0 51 55
913 8 609 0 24 -12851 1 60 0
914 12 742 903 24 -6 1 51 51
915 12 742 1100 -24 6 0 55 51
916 12 500 742 -24 6 0 51 51
917 8 500 0 24 -12851 1 60 0
918 12 1100 742 -24 6 0 51 51
919 12 903 742 24 -6 0 55 55
920 12 742 903 24 -6 0 51 55
921 12 742 609 24 -6 0 51 51
922 8 500 0 6 -12851 1 60 0
923 8 500 0 -6 -12851 1 55 0
924 8 903 0 -24 -12851 1 55 0
925 12 742 609 -24 6 1 51 51
926 8 903 0 6 -12851 0 60 0
927 8 609 0 -6 -12851 1 60 0
928 12 609 742 24 -6 1 51 51
929 8 500 0 24 -12851 1 60 0
930 8 742 0 6 -12851 1 60 0
931 8 903 0 6 -12851 1 60 0
932 8 1100 0 -6 -12851 1 55 0
933 8 1100 0 -24 -12851 0 60 0
934 8 742 0 -24 -12851 1 60 0
935 12 609 742 -24 6 0 55 55
936 8 742 0 24 -12851 1 60 0
937 8 1100 0 -6 -12851 0 55 0
938 8 609 0 -6 -12851 1 55 0
939 8 609 0 -6 -12851 1 55 0
940 12 903 742 -24 6 1 55 55
941 8 1100 0 -6 -12851 1 55 0
942 12 903 742 24 -6 1 55 55
943 12 742 609 -24 6 1 55 55
944 12 609 742 -24 6 0 51 51
945 12 742 500 -24 6 0 55 55
946 12 742 609 24 -6 0 55 55
947 12 742 903 -24 6 0 55 55
948 12 609 742 24 -6 0 51 51
949 12 742 609 24 -6 0 51 51
950 12 742 500 -24 6 0 51 55
951 12 903 742 -24 6 0 55 55
952 8 1100 0 6 -12851 0 60 0
953 12 500 742 24 -6 1 55 51
954 12 609 742 24 -6 0 51 51
955 8 609 0 -24 -12851 1 60 0
956 8 609 0 -24 -12851 0 60 0
957 8 742 0 -6 -12851 0 55 0
958 12 742 609 24 -6 0 55 55
959 8 500 0 24 -12851 0 55 0
960 12 742 903 24 -6 0 51 55
961 12 609 742 24 -6 0 51 55
962 8 500 0 -6 -12851 0 60 0
963 8 500 0 -24 -12851 0 55 0
964 12 742 609 -24 6 1 55 55
965 12 742 903 24 -6 0 51 55
966 12 500 742 24 -6 1 51 55
967 8 1100 0 -24 -12851 1 60 0
968 12 500 742 24 -6 1 51 55
969 12 742 609 24 -6 1 55 55
970 12 1100 742 24 -6 1 51 51
971 8 1100 0 6 -12851 0 60 0
972 12 1100 742 -24 6 0 51 51
973 12 742 903 24 -6 0 51 55
974 12 742 500 24 -6 0 51 51
975 12 1100 742 24 -6 0 55 55
976 8 742 0 6 -12851 1 60 0
977 12 500 742 24 -6 1 51 51
978 12 742 500 24 -6 0 51 55
979 12 742 609 24 -6 1 55 51
980 12 742 903 24 -6 0 51 51
981 12 742 1100 24 -6 0 51 51
982 12 742 1100 24 -6 1 55 51
983 8 903 0 -6 -12851 0 60 0
984 12 742 609 -24 6 0 51 51
985 12 742 903 24 -6 0 55 55
986 12 742 1100 24 -6 0 55 55
987 12 500 742 24 -6 0 55 51
988 8 742 0 6 -12851 0 60 0
989 12 742 609 -24 6 0 55 55
990 12 500 742 24 -6 0 51 51
991 8 903 0 -24 -12851 0 55 0
992 12 609 742 24 -6 0 51 55
993 8 609 0 6 -12851 0 60 0
994 12 742 1100 -24 6 0 51 55
995 8 903 0 -6 -12851 1 55 0
996 8 609 0 24 -12851 1 60 0
997 12 742 500 -24 6 1 55 55
998 8 609 0 -24 -12851 1 55 0
999 12 742 1100 24 -6 1 55 51
1000 12 609 742 -24 6 1 51 55
1001 12 609 742 -24 6 1 55 55
1002 8 742 0 6 -12851 0 55 0
1003 12 903 742 24 -6 1 55 55
1004 12 609 742 -24 6 0 51 51
1005 8 1100 0 6 -12851 1 60 0
1006 12 903 742 -24 6 0 55 51
1007 8 609 0 -6 -12851 0 60 0
1008 8 903 0 6 -12851 1 55 0
1009 12 742 609 24 -6 1 51 51
1010 8 609 0 6 -12851 1 55 0
1011 12 1100 742 -24 6 0 55 55
1012 8 742 0 -24 -12851 0 55 0
1013 8 500 0 -24 -12851 0 55 0
1014 12 742 1100 -24 6 0 51 51
1015 8 1100 0 -6 -12851 1 55 0
1016 8 1100 0 24 -12851 0 60 0
1017 12 500 742 -24 6 0 55 51
1018 12 500 742 24 -6 1 51 51
1019 12 742 1100 -24 6 0 55 51
1020 12 500 742 24 -6 0 55 51
1021 12 609 742 24 -6 0 55 51
1022 8 500 0 -6 -12851 1 55 0
1023 12 742 903 24 -6 1 51 51
1024 8 500 0 -24 -12851 1 55 0
1025 8 742 0 24 -12851 1 60 0
1026 12 742 1100 -24 6 1 55 55
1027 12 742 903 24 -6 0 51 51
1028 12 742 609 24 -6 0 55 51
1029 12 1100 742 -24 6 0 51 51
1030 8 903 0 24 -12851 1 55 0
1031 8 903 0 -24 -12851 0 60 0
1032 12 903 742 -24 6 0 55 51
1033 8 500 0 6 -12851 1 55 0
1034 12 1100 742 24 -6 1 55 55
1035 8 500 0 6 -12851 0 60 0
1036 12 742 500 24 -6 1 55 55
1037 8 1100 0 6 -12851 1 55 0
1038 8 500 0 6 -12851 1 55 0
1039 12 742 609 24 -6 1 55 55
1040 8 1100 0 -6 -12851 0 55 0
1041 12 742 1100 24 -6 0 55 55
1042 8 903 0 6 -12851 0 60 0
1043 12 500 742 -24 6 0 51 55
1044 8 742 0 24 -12851 1 55 0
1045 12 1100 742 24 -6 1 55 55
1046 12 903 742 -24 6 1 55 55
1047 12 903 742 24 -6 1 55 55
1048 8 903 0 24 -12851 1 55 0
1049 8 609 0 6 -12851 1 60 0
1050 8 609 0 -6 -12851 0 55 0
1051 8 500 0 6 -12851 1 60 0
1052 12 742 1100 -24 6 0 51 55
1053 12 742 1100 -24 6 0 51 51
1054 12 500 742 24 -6 0 55 51
1055 8 903 0 6 -12851 0 55 0
1056 8 1100 0 -6 -12851 0 55 0
1057 12 742 500 -24 6 1 55 55
1058 12 500 742 -24 6 1 55 55
1059 8 742 0 -24 -12851 1 60 0
1060 8 742 0 -24 -12851 1 55 0
1061 12 742 500 -24 6 1 55 55
1062 12 609 742 24 -6 1 51 55
1063 12 742 903 24 -6 1 55 55
1064 12 742 1100 24 -6 1 51 55
1065 12 903 742 24 -6 1 55 55
1066 12 742 1100 -24 6 1 51 51
1067 12 742 903 24 -6 1 55 51
1068 12 500 742 -24 6 0 55 55
1069 8 609 0 -24 -12851 1 55 0
1070 8 609 0 -6 -12851 1 60 0
1071 8 609 0 -6 -12851 0 55 0
1072 8 903 0 24 -12851 1 55 0
1073 8 500 0 -6 -12851 1 60 0
1074 12 500 742 -24 6 0 51 51
1075 12 500 742 24 -6 1 55 55
1076 12 500 742 24 -6 0 55 55
1077 12 1100 742 -24 6 0 55 55
1078 8 1100 0 -6 -12851 1 60 0
1079 8 903 0 -6 -12851 1 60 0
1080 12 742 1100 24 -6 1 51 51
1081 12 742 903 -24 6 1 51 55
1082 12 742 500 -24 6 1 55 55
1083 8 1100 0 24 -12851 1 55 0
1084 8 742 0 -24 -12851 0 60 0
1085 12 609 742 -24 6 0 55 51
1086 12 742 500 24 -6 0 55 51
1087 12 903 742 24 -6 1 55 51
1088 8 742 0 -24 -12851 0 60 0
1089 12 500 742 -24 6 1 55 51
1090 12 742 609 -24 6 1 51 51
1091 8 609 0 24 -12851 1 60 0
1092 8 742 0 -6 -12851 0 55 0
1093 8 500 0 24 -12851 0 55 0
1094 8 903 0 -24 -12851 1 55 0
1095 8 500 0 24 -12851 1 55 0
1096 12 742 500 -24 6 0 51 55
1097 12 609 742 24 -6 1 51 51
1098 12 742 609 -24 6 0 51 51
1099 12 500 742 -24 6 0 55 51
1100 8 1100 0 24 -12851 1 60 0
1101 12 742 1100 24 -6 1 55 55
1102 12 742 609 24 -6 1 51 55
1103 12 742 500 -24 6 1 51 51
1104 12 742 609 -24 6 0 55 55
1105 12 742 903 24 -6 0 55 55
1106 8 609 0 -6 -12851 0 60 0
1107 12 903 742 -24 6 1 55 51
1108 8 742 0 24 -12851 1 55 0
1109 12 742 500 -24 6 0 51 55
1110 12 742 500 24 -6 1 55 55
1111 12 742 1100 -24 6 1 51 51
1112 12 609 742 24 -6 0 51 51
1113 12 500 742 -24 6 0 55 55
1114 8 742 0 -6 -12851 0 60 0
1115 8 1100 0 -6 -12851 1 60 0
1116 8 500 0 6 -12851 0 55 0
1117 8 609 0 24 -12851 1 60 0
1118 12 742 903 -24 6 1 55 51
1119 8 903 0 -24 -12851 1 55 0
1120 8 500 0 -24 -12851 0 55 0
1121 12 742 500 24 -6 0 55 55
1122 12 742 1100 -24 6 0 55 55
1123 12 500 742 24 -6 0 51 55
1124 12 742 903 -24 6 0 51 55
1125 12 500 742 24 -6 0 51 51
1126 12 903 742 24 -6 1 51 55
1127 8 1100 0 -6 -12851 1 60 0
1128 12 742 609 24 -6 0 51 55
1129 12 609 742 -24 6 0 55 55
1130 12 742 609 -24 6 0 51 55
1131 12 742 903 -24 6 0 51 51
1132 12 742 903 24 -6 0 55 51
1133 12 903 742 -24 6 0 55 55
1134 12 609 742 -24 6 0 55 51
1135 12 609 742 -24 6 0 55 51
1136 8 500 0 24 -12851 0 55 0
1137 12 1100 742 -24 6 0 55 55
1138 8 903 0 -24 -12851 0 60 0
1139 12 742 903 -24 6 0 51 55
1140 12 742 500 -24 6 0 55 55
1141 12 742 903 24 -6 0 51 51
1142 12 500 742 -24 6 0 55 51
1143 12 742 903 24 -6 0 51 51
1144 12 742 500 -24 6 0 51 55
1145 12 609 742 24 -6 0 51 55
1146 12 742 609 24 -6 0 55 55
1147 12 742 1100 24 -6 0 51 51
1148 8 609 0 -6 -12851 0 55 0
1149 12 1100 742 24 -6 0 55 51
1150 8 742 0 -24 -12851 0 60 0
1151 12 903 742 -24 6 0 55 55
1152 12 742 609 24 -6 0 55 55
1153 8 742 0 24 -12851 0 60 0
1154 8 903 0 -6 -12851 0 60 0
1155 8 609 0 6 -12851 0 60 0
1156 12 500 742 -24 6 0 55 55
1157 12 903 742 24 -6 0 55 55
1158 12 500 742 -24 6 0 51 55
1159 8 1100 0 6 -12851 0 60 0
1160 8 903 0 -24 -12851 0 60 0
1161 8 903 0 -6 -12851 0 60 0
1162 12 609 742 -24 6 0 55 51
1163 8 1100 0 6 -12851 0 55 0
1164 8 500 0 24 -12851 0 60 0
1165 8 742 0 -6 -12851 0 60 0
1166 8 1100 0 -24 -12851 0 60 0
1167 8 903 0 -24 -12851 0 60 0
1168 8 609 0 6 -12851 0 60 0
1169 12 742 903 24 -6 0 55 51
1170 12 500 742 -24 6 0 55 55
1171 8 609 0 -6 -12851 0 55 0
1172 12 903 742 24 -6 0 55 55
1173 12 903 742 -24 6 0 55 51
1174 8 903 0 -24 -12851 0 55 0
1175 12 742 609 -24 6 0 55 51
1176 12 1100 742 24 -6 0 55 51
1177 8 609 0 6 -12851 0 60 0
1178 12 742 1100 -24 6 0 51 55
1179 12 742 500 24 -6 0 51 51
1180 8 500 0 6 -12851 0 55 0
1181 8 500 0 24 -12851 0 60 0
1182 8 742 0 -6 -12851 0 60 0
1183 12 1100 742 -24 6 0 51 51
1184 12 742 1100 24 -6 0 55 55
1185 8 1100 0 -24 -12851 0 60 0
1186 8 742 0 6 -12851 0 55 0
1187 12 609 742 24 -6 0 55 55
1188 12 500 742 24 -6 0 55 55
1189 12 742 500 24 -6 0 55 51
1190 8 903 0 -6 -12851 0 55 0
1191 12 609 742 -24 6 0 55 51
1192 12 903 742 24 -6 0 51 51
1193 12 742 903 -24 6 0 51 51
1194 8 903 0 -6 -12851 0 60 0
1195 8 903 0 -24 -12851 0 60 0
1196 12 609 742 -24 6 0 55 51
1197 12 903 742 -24 6 0 51 51
1198 8 742 0 24 -12851 0 55 0
1199 8 903 0 -6 -12851 0 55 0
1200 8 609 0 -6 -12851 0 55 0
1201 12 742 500 24 -6 0 51 55
1202 8 742 0 6 -12851 0 60 0
1203 8 1100 0 6 -12851 0 55 0
1204 12 742 609 -24 6 0 55 55
1205 12 742 1100 24 -6 0 51 55
1206 8 609 0 -6 -12851 0 60 0
1207 12 742 903 -24 6 0 51 55
1208 12 903 742 24 -6 0 51 51
1209 8 1100 0 -6 -12851 0 55 0
1210 8 500 0 24 -12851 0 60 0
1211 8 1100 0 6 -12851 0 60 0
1212 12 903 742 24 -6 0 51 51
1213 12 1100 742 24 -6 0 51 51
1214 8 742 0 -6 -12851 0 55 0
1215 8 500 0 6 -12851 0 60 0
1216 8 609 0 -24 -12851 0 60 0
1217 8 500 0 24 -12851 0 55 0
1218 12 742 1100 24 -6 0 55 55
1219 8 742 0 6 -12851 0 55 0
1220 12 742 903 24 -6 0 51 55
1221 8 742 0 -24 -12851 0 55 0
1222 12 742 609 -24 6 0 51 55
1223 12 500 742 -24 6 0 55 51
1224 8 500 0 24 -12851 0 55 0
1225 8 742 0 -6 -12851 0 55 0
1226 8 742 0 -6 -12851 0 60 0
1227 8 903 0 24 -12851 0 55 0
1228 8 500 0 -24 -12851 0 60 0
1229 12 1100 742 24 -6 0 51 51
1230 12 742 1100 24 -6 0 51 51
1231 12 609 742 24 -6 0 55 55
1232 12 742 609 24 -6 0 55 51
1233 12 500 742 24 -6 0 51 51
1234 8 500 0 -24 -12851 0 60 0
1235 12 903 742 -24 6 0 51 55
1236 8 609 0 6 -12851 0 60 0
1237 12 1100 742 -24 6 0 51 51
1238 12 1100 742 24 -6 0 55 55
1239 8 609 0 -6 -12851 0 60 0
1240 8 903 0 -24 -12851 0 55 0
1241 12 903 742 -24 6 0 51 55
1242 8 903 0 -6 -12851 0 55 0
1243 12 742 903 24 -6 0 55 55
1244 12 742 1100 -24 6 0 55 55
