665 8 742 0 -6 -12851 0 60 0
666 8 1100 0 -6 -12851 0 60 0
667 8 500 0 -6 -12851 1 55 0
668 12 500 742 24 -6 0 51 51
669 12 1100 742 -24 6 0 55 55
670 8 500 0 -24 -12851 0 60 0
671 12 742 903 -24 6 0 51 51
672 12 609 742 -24 6 0 51 51
673 12 742 609 24 -6 0 51 55
674 8 742 0 -24 -12851 0 60 0
675 8 742 0 -6 -12851 0 60 0
676 8 609 0 24 -12851 0 60 0
677 8 609 0 6 -12851 0 55 0
678 8 500 0 -24 -12851 0 55 0
679 12 742 903 24 -6 1 55 55
680 12 1100 742 24 -6 0 55 55
681 8 609 0 -24 -12851 0 60 0
682 12 742 903 -24 6 1 51 51
683 8 903 0 -24 -12851 0 60 0
684 8 1100 0 -24 -12851 0 55 0
685 12 609 742 24 -6 0 55 55
686 12 609 742 24 -6 1 51 55
687 12 742 903 -24 6 0 51 51
688 12 903 742 24 -6 1 51 51
689 8 1100 0 -24 -12851 0 60 0
690 8 903 0 -6 -12851 1 60 0
691 12 742 609 24 -6 1 51 55
692 12 742 1100 24 -6 1 51 51
693 8 609 0 24 -12851 1 55 0
694 12 742 1100 -24 6 0 55 55
695 12 742 1100 24 -6 0 51 55
696 8 609 0 6 -12851 1 55 0
697 8 903 0 24 -12851 1 55 0
698 8 500 0 24 -12851 1 55 0
699 12 742 903 24 -6 1 51 51
700 8 1100 0 24 -12851 1 60 0
701 8 742 0 -6 -12851 1 55 0
702 8 1100 0 24 -12851 1 60 0
703 8 742 0 6 -12851 1 55 0
704 8 500 0 6 -12851 0 55 0
705 12 742 500 24 -6 0 55 51
706 8 500 0 6 -12851 0 55 0
707 12 742 1100 24 -6 1 51 51
708 8 1100 0 24 -12851 1 60 0
709 12 609 742 24 -6 1 51 51
710 8 609 0 -24 -12851 1 60 0
711 12 742 500 24 -6 1 55 51
712 12 742 609 -24 6 0 51 55
713 8 609 0 -24 -12851 1 60 0
714 12 742 500 24 -6 0 51 55
715 8 903 0 -6 -12851 0 55 0
716 12 742 903 -24 6 1 51 51
717 8 903 0 -24 -12851 0 60 0
718 12 742 1100 -24 6 0 51 55
719 8 742 0 -24 -12851 0 55 0
720 12 609 742 -24 6 0 55 51
721 12 742 609 24 -6 1 51 51
722 12 742 500 -24 6 1 51 51
723 12 500 742 -24 6 1 51 55
724 8 742 0 -24 -12851 1 55 0
725 12 742 1100 -24 6 0 55 55
726 12 742 500 24 -6 1 55 55
727 8 742 0 -24 -12851 0 55 0
728 8 500 0 -6 -12851 0 60 0
729 8 609 0 24 -12851 0 55 0
730 12 500 742 24 -6 0 51 51
731 8 500 0 -6 -12851 0 60 0
732 8 609 0 -24 -12851 1 55 0
733 8 742 0 24 -12851 0 60 0
734 8 500 0 -24 -12851 0 60 0
735 8 742 0 -6 -12851 0 55 0
736 8 903 0 24 -12851 0 55 0
737 8 903 0 -6 -12851 0 55 0
738 8 1100 0 -6 -12851 1 60 0
739 12 1100 742 24 -6 1 55 55
740 8 1100 0 6 -12851 1 55 0
741 8 1100 0 -24 -12851 1 55 0
742 12 609 742 24 -6 0 51 51
743 8 903 0 -24 -12851 1 60 0
744 12 1100 742 -24 6 0 55 51
745 12 500 742 -24 6 1 55 55
746 8 609 0 6 -12851 1 60 0
747 12 742 609 -24 6 1 55 55
748 12 609 742 -24 6 0 51 55
749 12 742 903 24 -6 0 51 51
750 8 1100 0 -24 -12851 1 55 0
751 12 609 742 24 -6 0 51 51
752 8 1100 0 -6 -12851 0 55 0
753 8 742 0 -24 -12851 1 55 0
754 8 500 0 24 -12851 0 55 0
755 12 500 742 -24 6 0 55 51
756 12 500 742 -24 6 0 55 51
757 12 609 742 -24 6 1 51 55
758 8 1100 0 6 -12851 1 60 0
759 8 1100 0 -24 -12851 1 60 0
760 12 742 1100 -24 6 1 51 51
761 12 742 609 -24 6 0 55 55
762 8 609 0 -6 -12851 1 60 0
763 12 742 500 -24 6 1 51 51
764 12 903 742 -24 6 1 51 55
765 8 742 0 24 -12851 1 55 0
766 8 742 0 24 -12851 1 60 0
767 12 609 742 -24 6 1 51 51
768 12 742 1100 24 -6 0 51 51
769 8 903 0 -6 -12851 1 55 0
770 12 609 742 24 -6 1 55 51
771 8 609 0 -24 -12851 0 60 0
772 12 1100 742 -24 6 1 51 51
773 12 500 742 24 -6 1 51 51
774 12 742 903 24 -6 1 51 55
775 12 1100 742 -24 6 1 51 51
776 12 742 1100 -24 6 0 51 51
777 8 903 0 24 -12851 0 60 0
778 12 742 609 24 -6 0 51 55
779 8 609 0 24 -12851 0 55 0
780 12 1100 742 24 -6 0 55 51
781 12 903 742 24 -6 1 55 51
782 12 500 742 24 -6 0 51 55
783 8 903 0 24 -12851 0 55 0
784 12 742 1100 24 -6 0 55 55
785 8 500 0 -24 -12851 0 60 0
786 8 500 0 6 -12851 1 55 0
787 12 609 742 -24 6 1 51 55
788 8 1100 0 -24 -12851 1 60 0
789 8 1100 0 6 -12851 1 55 0
790 8 1100 0 6 -12851 0 60 0
791 12 742 1100 -24 6 0 51 51
792 12 742 1100 -24 6 1 55 51
793 8 1100 0 -6 -12851 0 55 0
794 12 742 1100 -24 6 1 51 55
795 12 500 742 -24 6 0 51 55
796 12 500 742 -24 6 0 51 55
797 12 903 742 24 -6 0 51 55
798 8 903 0 24 -12851 1 60 0
799 8 609 0 6 -12851 1 60 0
800 8 742 0 6 -12851 0 60 0
801 12 742 500 -24 6 0 55 55
802 8 903 0 24 -12851 0 55 0
803 8 742 0 6 -12851 1 60 0
804 12 903 742 -24 6 1 55 55
805 8 742 0 24 -12851 0 60 0
806 8 500 0 24 -12851 1 55 0
807 8 500 0 24 -12851 0 60 0
808 12 742 1100 24 -6 1 55 51
809 8 500 0 6 -12851 1 60 0
810 12 500 742 -24 6 1 51 55
811 12 742 903 -24 6 0 55 55
812 12 742 609 24 -6 1 55 51
813 12 903 742 24 -6 1 51 51
814 12 500 742 -24 6 1 55 55
815 8 609 0 24 -12851 1 60 0
816 8 609 0 -24 -12851 1 55 0
817 12 742 609 24 -6 0 55 55
818 8 903 0 6 -12851 0 60 0
819 8 500 0 -24 -12851 0 55 0
820 12 609 742 24 -6 0 51 55
821 8 500 0 6 -12851 0 60 0
822 8 609 0 24 -12851 0 55 0
823 8 500 0 -6 -12851 0 60 0
824 12 742 903 24 -6 0 55 55
825 12 742 500 -24 6 0 51 55
826 12 742 1100 -24 6 1 51 55
827 8 742 0 6 -12851 1 60 0
828 8 500 0 -24 -12851 1 55 0
829 12 609 742 24 -6 1 55 51
830 8 609 0 -24 -12851 1 55 0
831 8 903 0 6 -12851 1 55 0
832 8 609 0 24 -12851 1 55 0
833 8 903 0 24 -12851 1 60 0
834 8 903 0 24 -12851 1 55 0
835 12 500 742 24 -6 0 51 51
836 8 742 0 6 -12851 1 60 0
837 12 742 1100 -24 6 0 55 55
838 8 1100 0 6 -12851 0 55 0
839 8 742 0 -24 -12851 0 60 0
840 12 903 742 -24 6 0 51 55
841 8 1100 0 -24 -12851 0 55 0
842 8 1100 0 6 -12851 1 55 0
843 8 1100 0 24 -12851 1 55 0
844 12 742 609 24 -6 1 51 51
845 8 1100 0 -6 -12851 0 60 0
846 8 609 0 6 -12851 0 60 0
847 8 903 0 -24 -12851 0 60 0
848 12 742 903 -24 6 0 55 55
849 8 903 0 -24 -12851 0 60 0
850 8 742 0 -6 -12851 0 55 0
851 8 500 0 24 -12851 0 60 0
852 8 1100 0 24 -12851 0 55 0
853 8 500 0 -24 -12851 0 60 0
854 12 1100 742 -24 6 0 51 51
855 8 609 0 -24 -12851 1 55 0
856 8 903 0 -24 -12851 1 55 0
857 12 742 903 24 -6 0 51 55
858 8 609 0 -6 -12851 0 60 0
859 12 903 742 -24 6 0 55 55
860 12 742 500 -24 6 0 51 51
861 8 742 0 24 -12851 0 60 0
862 8 742 0 -6 -12851 0 60 0
863 8 1100 0 6 -12851 0 60 0
864 8 500 0 -24 -12851 0 60 0
865 8 1100 0 -6 -12851 0 55 0
866 8 1100 0 24 -12851 1 55 0
867 8 742 0 24 -12851 0 55 0
868 12 609 742 -24 6 0 55 55
869 12 742 1100 24 -6 0 55 55
870 12 609 742 -24 6 0 51 55
871 12 742 500 -24 6 0 51 51
872 8 500 0 24 -12851 0 60 0
873 12 1100 742 24 -6 0 51 51
874 12 1100 742 24 -6 0 51 51
875 8 903 0 24 -12851 0 55 0
876 8 500 0 6 -12851 0 60 0
877 12 609 742 24 -6 0 51 55
878 8 609 0 24 -12851 0 55 0
879 8 742 0 -24 -12851 0 55 0
880 12 500 742 24 -6 0 51 51
881 8 500 0 6 -12851 0 60 0
882 8 1100 0 24 -12851 0 55 0
883 12 903 742 24 -6 0 51 51
884 8 742 0 -6 -12851 0 60 0
885 12 500 742 24 -6 0 51 55
886 12 903 742 24 -6 0 55 55
887 8 1100 0 -24 -12851 0 60 0
888 12 742 1100 24 -6 0 51 55
889 8 903 0 24 -12851 0 60 0
890 12 903 742 24 -6 0 55 55
891 8 609 0 24 -12851 0 55 0
892 12 609 742 24 -6 0 51 55
893 8 609 0 -6 -12851 0 60 0
894 8 903 0 24 -12851 0 60 0
895 12 742 1100 24 -6 0 55 51
896 12 609 742 -24 6 0 51 55
897 8 903 0 24 -12851 0 60 0
898 12 1100 742 -24 6 0 51 51
899 12 1100 742 -24 6 0 55 51
900 12 1100 742 24 -6 0 51 51
901 12 742 500 24 -6 0 51 51
902 12 903 742 24 -6 0 55 55
903 12 742 500 24 -6 0 51 51
904 12 742 903 -24 6 0 55 55
905 12 609 742 24 -6 0 51 51
906 12 742 1100 24 -6 0 51 51
907 8 903 0 6 -12851 0 55 0
908 12 903 742 -24 6 0 55 55
909 8 609 0 -24 -12851 0 60 0
910 12 1100 742 24 -6 0 55 55
911 12 742 1100 -24 6 0 55 51
912 8 609 0 -24 -12851 0 55 0
913 12 742 1100 24 -6 0 51 51
914 8 1100 0 6 -12851 0 55 0
915 8 903 0 6 -12851 0 60 0
916 8 609 0 24 -12851 0 55 0
917 8 1100 0 -6 -12851 0 60 0
918 12 742 1100 -24 6 0 51 51
919 12 742 609 24 -6 0 55 55
920 12 742 609 24 -6 0 55 51
921 8 1100 0 -6 -12851 0 55 0
922 8 742 0 6 -12851 0 60 0
923 8 500 0 -6 -12851 0 60 0
924 8 742 0 -24 -12851 0 55 0
925 12 609 742 24 -6 0 55 51
926 8 903 0 -6 -12851 0 55 0
927 12 903 742 24 -6 0 51 55
928 8 742 0 -24 -12851 0 55 0
929 12 742 500 -24 6 0 55 55
930 8 500 0 6 -12851 0 60 0
931 12 609 742 24 -6 0 55 55
932 12 742 609 -24 6 0 51 51
933 8 500 0 -6 -12851 0 55 0
934 12 903 742 24 -6 0 55 51
935 12 1100 742 -24 6 0 55 55
936 12 1100 742 24 -6 0 51 51
937 8 1100 0 6 -12851 0 60 0
938 8 1100 0 6 -12851 0 55 0
939 8 1100 0 24 -12851 0 55 0
940 12 742 1100 -24 6 0 55 51
941 8 742 0 -24 -12851 0 55 0
942 12 903 742 24 -6 0 51 51
943 12 1100 742 24 -6 0 51 51
944 12 742 609 -24 6 0 55 51
945 12 609 742 24 -6 0 55 51
946 12 500 742 24 -6 0 55 55
947 12 903 742 -24 6 0 51 51
948 8 609 0 -6 -12851 0 60 0
949 8 609 0 -24 -12851 0 60 0
950 8 903 0 6 -12851 0 60 0
951 8 500 0 -6 -12851 0 60 0
952 8 609 0 -24 -12851 0 60 0
953 8 903 0 6 -12851 0 60 0
954 8 500 0 24 -12851 0 55 0
955 8 1100 0 -6 -12851 0 60 0
956 8 903 0 -6 -12851 0 60 0
957 12 1100 742 24 -6 0 51 51
958 8 742 0 6 -12851 0 60 0
959 8 742 0 6 -12851 0 60 0
960 12 609 742 24 -6 0 51 55
961 8 500 0 -6 -12851 0 60 0
962 8 903 0 -6 -12851 0 60 0
963 8 903 0 6 -12851 0 55 0
964 12 742 609 24 -6 0 51 55
965 12 742 500 24 -6 0 55 55
966 12 742 1100 24 -6 0 51 51
967 8 903 0 24 -12851 0 60 0
968 8 903 0 -24 -12851 0 55 0
969 8 742 0 -24 -12851 0 55 0
970 12 742 500 -24 6 0 55 55
971 12 742 609 -24 6 0 51 55
972 12 1100 742 -24 6 0 51 51
973 8 1100 0 24 -12851 0 55 0
974 12 1100 742 -24 6 0 51 51
975 12 742 1100 24 -6 0 51 55
976 12 903 742 -24 6 0 51 55
977 8 500 0 -24 -12851 0 60 0
978 8 1100 0 -24 -12851 0 55 0
979 8 500 0 -6 -12851 0 55 0
980 8 742 0 -6 -12851 0 60 0
981 8 500 0 6 -12851 0 55 0
982 8 742 0 24 -12851 0 60 0
983 8 1100 0 -6 -12851 0 60 0
984 12 500 742 -24 6 0 55 55
985 12 1100 742 24 -6 0 55 55
986 8 609 0 -24 -12851 0 55 0
987 12 609 742 -24 6 0 51 51
988 8 609 0 24 -12851 0 60 0
989 12 903 742 24 -6 0 51 55
990 8 609 0 24 -12851 0 60 0
991 8 742 0 -24 -12851 0 55 0
992 12 742 500 -24 6 0 55 51
993 8 742 0 24 -12851 0 60 0
994 12 742 1100 24 -6 0 51 55
995 8 903 0 -24 -12851 0 60 0
996 8 903 0 -6 -12851 0 55 0
997 12 500 742 -24 6 0 51 55
998 8 609 0 6 -12851 0 55 0
999 8 903 0 -6 -12851 0 55 0
1000 8 742 0 24 -12851 0 60 0
1001 12 742 1100 24 -6 0 55 55
1002 12 609 742 -24 6 0 55 51
1003 12 742 609 24 -6 0 51 51
1004 12 742 903 -24 6 0 55 55
1005 12 500 742 24 -6 0 55 51
1006 12 742 1100 -24 6 0 51 55
1007 12 742 609 24 -6 0 55 55
1008 8 609 0 -6 -12851 0 60 0
1009 12 742 1100 -24 6 0 55 55
1010 8 609 0 -24 -12851 0 55 0
1011 8 500 0 -6 -12851 0 60 0
1012 12 742 903 24 -6 0 51 55
1013 8 742 0 24 -12851 0 55 0
1014 12 742 500 24 -6 0 51 51
1015 8 500 0 24 -12851 0 55 0
1016 8 1100 0 24 -12851 0 55 0
1017 12 903 742 -24 6 0 55 51
1018 12 742 1100 -24 6 0 55 55
1019 12 500 742 24 -6 0 55 51
1020 12 742 1100 24 -6 0 55 55
1021 8 500 0 -6 -12851 0 60 0
1022 8 1100 0 -24 -12851 0 60 0
1023 12 1100 742 24 -6 0 55 55
1024 12 742 609 -24 6 0 55 51
1025 12 609 742 -24 6 0 55 51
1026 12 1100 742 24 -6 0 55 55
1027 12 903 742 24 -6 0 51 55
1028 8 1100 0 -24 -12851 0 60 0
1029 8 500 0 6 -12851 0 60 0
1030 8 500 0 -24 -12851 0 60 0
1031 8 500 0 6 -12851 0 60 0
1032 12 742 903 -24 6 0 55 51
1033 12 742 609 -24 6 0 55 51
1034 12 903 742 -24 6 0 55 51
1035 8 903 0 6 -12851 0 55 0
1036 12 1100 742 -24 6 0 51 55
1037 12 609 742 24 -6 0 51 55
1038 8 1100 0 6 -12851 0 55 0
1039 12 742 500 -24 6 0 55 55
1040 12 500 742 -24 6 0 51 51
1041 12 742 903 -24 6 0 51 51
1042 12 1100 742 -24 6 0 55 55
1043 12 903 742 24 -6 0 51 51
1044 12 500 742 -24 6 0 51 51
1045 12 742 903 24 -6 0 51 51
1046 8 1100 0 6 -12851 0 55 0
1047 8 609 0 -24 -12851 0 60 0
1048 12 500 742 24 -6 0 51 51
1049 8 903 0 -6 -12851 0 55 0
1050 12 742 903 24 -6 0 55 55
1051 12 742 1100 -24 6 0 51 55
1052 8 1100 0 24 -12851 0 60 0
1053 12 742 609 -24 6 0 51 55
1054 12 742 500 -24 6 0 51 55
1055 12 1100 742 -24 6 0 55 55
1056 8 500 0 6 -12851 0 60 0
1057 8 742 0 24 -12851 0 55 0
1058 8 609 0 -6 -12851 0 60 0
1059 12 500 742 -24 6 0 51 51
1060 8 609 0 -24 -12851 0 60 0
1061 8 742 0 6 -12851 0 55 0
1062 12 903 742 -24 6 0 55 51
1063 8 742 0 -6 -12851 0 60 0
1064 12 742 500 24 -6 0 51 55
1065 8 903 0 -24 -12851 0 60 0
1066 12 903 742 24 -6 0 55 51
1067 8 903 0 -6 -12851 0 60 0
1068 8 903 0 -24 -12851 0 55 0
1069 8 903 0 -6 -12851 0 55 0
1070 12 1100 742 24 -6 0 51 55
1071 8 500 0 -24 -12851 0 60 0
1072 8 903 0 24 -12851 0 60 0
1073 12 609 742 -24 6 0 51 51
1074 8 609 0 24 -12851 0 55 0
1075 12 742 903 -24 6 0 55 51
1076 12 742 1100 -24 6 0 55 55
1077 8 500 0 24 -12851 0 60 0
1078 12 903 742 24 -6 0 51 51
1079 12 742 903 24 -6 0 51 55
1080 12 609 742 24 -6 0 51 55
1081 12 1100 742 -24 6 0 55 55
1082 8 609 0 -24 -12851 0 60 0
1083 12 742 903 24 -6 0 51 51
1084 8 500 0 24 -12851 0 60 0
1085 8 609 0 -6 -12851 0 60 0
1086 8 1100 0 6 -12851 0 60 0
1087 8 1100 0 -24 -12851 0 55 0
1088 12 742 1100 -24 6 0 51 51
1089 8 1100 0 6 -12851 0 55 0
1090 12 742 1100 -24 6 0 51 55
1091 8 742 0 6 -12851 0 55 0
1092 12 609 742 -24 6 0 55 55
1093 12 742 500 -24 6 0 55 55
1094 8 742 0 -24 -12851 0 60 0
1095 12 1100 742 24 -6 0 51 51
1096 12 742 903 24 -6 0 55 55
1097 8 742 0 24 -12851 0 60 0
1098 12 1100 742 24 -6 0 51 55
1099 12 609 742 24 -6 0 55 55
1100 8 742 0 -6 -12851 0 55 0
1101 8 742 0 24 -12851 0 55 0
1102 12 742 609 -24 6 0 51 51
1103 8 903 0 -24 -12851 0 60 0
1104 12 742 1100 -24 6 0 51 55
1105 8 500 0 6 -12851 0 60 0
1106 12 1100 742 24 -6 0 55 55
1107 12 903 742 -24 6 0 55 55
1108 8 1100 0 24 -12851 0 60 0
1109 12 609 742 -24 6 0 51 51
1110 12 742 609 -24 6 0 55 51
1111 12 903 742 -24 6 0 55 55
1112 12 903 742 24 -6 0 55 55
1113 8 1100 0 -24 -12851 0 55 0
1114 8 500 0 6 -12851 0 60 0
1115 8 1100 0 -24 -12851 0 55 0
1116 12 903 742 -24 6 0 51 51
1117 12 742 903 -24 6 0 55 55
1118 12 742 903 -24 6 0 51 55
1119 12 742 609 -24 6 0 55 55
1120 12 609 742 -24 6 0 51 55
1121 12 742 903 24 -6 0 51 51
1122 8 609 0 -6 -12851 0 60 0
1123 8 500 0 -24 -12851 0 55 0
1124 12 609 742 24 -6 0 51 55
1125 8 742 0 -6 -12851 0 60 0
1126 8 742 0 -24 -12851 0 60 0
1127 12 609 742 -24 6 0 55 55
1128 8 903 0 6 -12851 0 55 0
1129 12 609 742 -24 6 0 55 51
1130 8 609 0 -24 -12851 0 55 0
1131 8 903 0 24 -12851 0 55 0
1132 12 742 609 -24 6 0 55 51
1133 8 609 0 6 -12851 0 60 0
1134 8 903 0 24 -12851 0 55 0
1135 8 903 0 6 -12851 0 55 0
1136 12 742 903 24 -6 0 55 55
1137 8 500 0 6 -12851 0 60 0
1138 12 609 742 24 -6 0 51 51
1139 12 609 742 -24 6 0 51 55
1140 8 609 0 -24 -12851 0 55 0
1141 12 903 742 -24 6 0 51 55
1142 8 500 0 -6 -12851 0 60 0
1143 8 742 0 -6 -12851 0 60 0
1144 12 742 500 24 -6 0 51 55
1145 12 609 742 24 -6 0 55 55
1146 12 1100 742 24 -6 0 55 55
1147 8 500 0 -6 -12851 0 60 0
1148 12 903 742 -24 6 0 51 55
1149 8 903 0 24 -12851 0 55 0
1150 8 742 0 -24 -12851 0 60 0
1151 8 903 0 -6 -12851 0 60 0
1152 8 742 0 -6 -12851 0 55 0
1153 8 609 0 -24 -12851 0 60 0
1154 8 609 0 24 -12851 0 55 0
1155 8 1100 0 -24 -12851 0 55 0
1156 8 1100 0 -6 -12851 0 55 0
1157 12 742 500 -24 6 0 51 51
1158 8 1100 0 6 -12851 0 55 0
1159 12 609 742 -24 6 0 51 51
1160 8 903 0 -6 -12851 0 60 0
1161 8 903 0 24 -12851 0 55 0
1162 12 742 1100 24 -6 0 51 51
1163 8 742 0 6 -12851 0 55 0
1164 12 500 742 -24 6 0 55 51
1165 8 1100 0 6 -12851 0 55 0
1166 12 500 742 24 -6 0 55 55
1167 8 500 0 -24 -12851 0 55 0
1168 12 903 742 -24 6 0 51 51
1169 8 500 0 24 -12851 0 60 0
1170 8 742 0 -24 -12851 0 55 0
1171 8 742 0 -24 -12851 0 60 0
1172 12 742 1100 -24 6 0 51 51
1173 8 609 0 -6 -12851 0 60 0
1174 12 742 500 24 -6 0 55 55
1175 12 1100 742 24 -6 0 55 55
1176 12 742 500 24 -6 0 51 55
1177 8 609 0 -24 -12851 0 60 0
1178 12 742 903 -24 6 0 55 51
1179 8 500 0 -6 -12851 0 60 0
1180 12 1100 742 -24 6 0 51 55
1181 12 500 742 24 -6 0 55 55
1182 8 609 0 24 -12851 0 55 0
1183 8 903 0 -6 -12851 0 55 0
1184 12 903 742 24 -6 0 55 51
1185 8 1100 0 6 -12851 0 55 0
1186 12 742 500 24 -6 0 55 55
1187 12 500 742 24 -6 0 51 55
1188 12 742 500 -24 6 0 51 55
1189 12 500 742 24 -6 0 55 51
1190 8 1100 0 24 -12851 0 55 0
1191 8 903 0 -6 -12851 0 55 0
1192 8 1100 0 24 -12851 0 55 0
1193 8 1100 0 24 -12851 0 55 0
1194 12 742 903 -24 6 0 51 55
1195 8 609 0 6 -12851 0 55 0
1196 12 609 742 24 -6 0 51 55
1197 12 903 742 24 -6 0 55 55
1198 8 903 0 6 -12851 0 55 0
1199 8 903 0 -24 -12851 0 60 0
1200 12 742 903 24 -6 0 51 51
1201 8 742 0 -24 -12851 0 60 0
1202 8 500 0 -24 -12851 0 60 0
1203 8 903 0 -24 -12851 0 60 0
1204 12 742 1100 -24 6 0 55 51
1205 12 500 742 -24 6 0 55 51
1206 12 903 742 24 -6 0 51 51
1207 12 1100 742 24 -6 0 55 55
1208 12 500 742 -24 6 0 51 55
1209 12 742 1100 24 -6 0 51 55
1210 12 742 500 -24 6 0 55 55
1211 8 500 0 6 -12851 0 55 0
1212 8 500 0 -6 -12851 0 60 0
1213 12 742 609 24 -6 0 55 51
1214 12 742 1100 24 -6 0 51 51
1215 8 1100 0 6 -12851 0 55 0
1216 12 742 609 24 -6 0 55 55
1217 12 742 1100 -24 6 0 55 51
1218 8 609 0 24 -12851 0 60 0
1219 12 742 903 -24 6 0 51 55
1220 12 609 742 -24 6 0 55 55
1221 12 742 903 -24 6 0 55 51
1222 8 1100 0 -24 -12851 0 60 0
1223 8 609 0 -6 -12851 0 55 0
1224 8 742 0 -24 -12851 0 60 0
1225 8 742 0 6 -12851 0 60 0
1226 8 500 0 6 -12851 0 60 0
1227 12 742 609 24 -6 0 51 51
1228 8 500 0 -24 -12851 0 55 0
1229 8 500 0 -6 -12851 0 55 0
1230 8 903 0 -6 -12851 0 60 0
1231 8 1100 0 24 -12851 0 60 0
1232 8 1100 0 24 -12851 0 55 0
1233 12 742 903 24 -6 0 51 55
1234 8 609 0 -24 -12851 0 60 0
1235 12 500 742 -24 6 0 51 55
1236 8 903 0 -6 -12851 0 55 0
1237 12 1100 742 24 -6 0 55 51
1238 8 1100 0 -6 -12851 0 55 0
1239 12 742 500 24 -6 0 55 55
1240 12 742 903 -24 6 0 55 51
1241 8 500 0 24 -12851 0 60 0
1242 12 742 903 -24 6 1 55 55
1243 12 742 903 24 -6 0 51 55
1244 12 1100 742 24 -6 1 51 55
1245 8 742 0 6 -12851 1 60 0
1246 8 609 0 -24 -12851 1 60 0
1247 8 609 0 -24 -12851 1 60 0
1248 12 500 742 24 -6 0 51 51
1249 12 500 742 24 -6 1 55 51
1250 12 742 609 24 -6 1 51 55
1251 12 742 903 24 -6 1 55 51
1252 8 742 0 6 -12851 0 55 0
1253 8 742 0 -24 -12851 0 60 0
1254 12 500 742 24 -6 1 55 55
1255 12 742 609 -24 6 0 55 55
1256 8 903 0 6 -12851 0 60 0
1257 12 1100 742 24 -6 1 51 51
1258 12 742 500 24 -6 1 51 55
1259 8 500 0 -6 -12851 1 60 0
1260 8 500 0 6 -12851 0 60 0
1261 12 742 1100 -24 6 0 55 55
1262 8 609 0 -24 -12851 0 55 0
1263 8 742 0 6 -12851 0 55 0
1264 12 903 742 24 -6 0 55 55
1265 12 500 742 24 -6 0 51 51
1266 8 609 0 6 -12851 0 55 0
1267 8 903 0 -24 -12851 0 55 0
1268 12 609 742 24 -6 1 55 51
1269 8 1100 0 -24 -12851 0 55 0
1270 12 1100 742 24 -6 0 55 51
1271 12 903 742 24 -6 0 51 55
1272 12 903 742 -24 6 0 51 55
1273 12 742 500 -24 6 0 51 55
1274 12 742 1100 24 -6 1 51 51
1275 8 903 0 -24 -12851 0 60 0
1276 12 742 1100 -24 6 0 51 55
1277 8 742 0 -6 -12851 0 55 0
1278 8 500 0 -6 -12851 0 60 0
1279 8 1100 0 -24 -12851 0 60 0
1280 12 903 742 24 -6 0 55 51
1281 12 1100 742 -24 6 0 51 55
1282 12 500 742 -24 6 0 51 51
1283 12 742 609 24 -6 0 55 55
1284 12 742 609 -24 6 0 55 55
1285 8 903 0 24 -12851 0 55 0
1286 12 742 500 24 -6 0 51 51
1287 12 500 742 24 -6 0 55 55
1288 8 609 0 6 -12851 1 60 0
1289 12 742 609 -24 6 0 55 55
1290 8 742 0 24 -12851 0 60 0
1291 8 1100 0 -6 -12851 0 55 0
1292 12 500 742 24 -6 0 55 55
1293 8 500 0 -24 -12851 0 55 0
1294 8 742 0 24 -12851 1 55 0
1295 12 742 609 24 -6 1 51 55
1296 8 742 0 -24 -12851 0 55 0
1297 12 742 500 -24 6 0 51 51
1298 12 742 1100 24 -6 0 51 51
1299 12 500 742 -24 6 0 55 55
1300 8 609 0 24 -12851 1 55 0
1301 8 742 0 -6 -12851 1 55 0
1302 8 609 0 6 -12851 1 60 0
1303 12 500 742 24 -6 1 55 55
1304 8 742 0 -24 -12851 1 60 0
1305 8 903 0 -24 -12851 1 55 0
1306 8 1100 0 -24 -12851 1 60 0
1307 12 609 742 -24 6 1 51 55
1308 12 742 903 24 -6 1 51 51
1309 12 500 742 24 -6 0 55 55
1310 12 1100 742 -24 6 1 51 51
1311 8 609 0 6 -12851 1 55 0
1312 8 1100 0 24 -12851 0 55 0
1313 12 903 742 -24 6 0 51 51
1314 12 500 742 24 -6 0 51 51
1315 12 742 500 -24 6 1 51 55
1316 12 1100 742 24 -6 0 51 51
1317 8 500 0 -24 -12851 1 60 0
1318 12 742 609 24 -6 1 51 55
1319 12 742 1100 24 -6 0 51 55
1320 12 903 742 -24 6 1 51 51
1321 12 742 1100 -24 6 1 55 55
1322 12 742 1100 -24 6 1 55 55
1323 12 742 1100 -24 6 1 55 55
1324 12 742 903 24 -6 0 55 55
1325 8 500 0 6 -12851 0 60 0
1326 12 609 742 -24 6 1 51 51
1327 12 1100 742 24 -6 1 51 51
1328 12 609 742 24 -6 1 51 55
1329 8 1100 0 6 -12851 1 60 0
1330 8 500 0 6 -12851 1 60 0
1331 8 903 0 24 -12851 1 55 0
1332 12 742 1100 24 -6 1 51 55
1333 12 742 903 -24 6 1 55 51
1334 12 742 1100 24 -6 0 51 55
1335 12 609 742 -24 6 1 55 55
1336 12 609 742 24 -6 0 55 55
1337 12 1100 742 24 -6 0 51 51
1338 12 742 609 -24 6 1 55 55
1339 12 903 742 -24 6 0 51 55
1340 8 903 0 -6 -12851 0 55 0
1341 8 742 0 6 -12851 1 60 0
1342 8 742 0 -6 -12851 0 60 0
1343 12 742 609 24 -6 0 55 55
1344 12 742 500 24 -6 0 55 51
1345 8 742 0 24 -12851 1 55 0
1346 8 1100 0 -24 -12851 1 60 0
1347 12 742 903 -24 6 1 51 55
1348 12 742 903 24 -6 1 51 55
1349 12 903 742 -24 6 1 51 55
1350 8 742 0 24 -12851 1 55 0
1351 12 742 609 -24 6 0 55 51
1352 8 1100 0 6 -12851 1 55 0
1353 8 500 0 24 -12851 1 60 0
1354 8 609 0 6 -12851 1 55 0
1355 8 903 0 6 -12851 1 55 0
1356 8 500 0 -24 -12851 0 60 0
1357 12 500 742 -24 6 1 51 51
1358 8 500 0 24 -12851 1 55 0
1359 8 609 0 24 -12851 1 55 0
1360 12 742 609 -24 6 1 51 51
1361 12 742 500 24 -6 1 51 51
1362 8 1100 0 -6 -12851 1 60 0
1363 8 903 0 24 -12851 1 60 0
1364 12 609 742 -24 6 0 55 51
1365 12 742 903 -24 6 1 55 51
1366 8 903 0 24 -12851 1 55 0
1367 8 609 0 -6 -12851 0 55 0
1368 12 742 500 24 -6 1 55 51
1369 12 742 500 -24 6 1 55 55
1370 12 742 500 -24 6 0 51 51
1371 12 742 500 -24 6 1 51 51
1372 8 742 0 -6 -12851 1 55 0
1373 12 609 742 -24 6 1 51 51
1374 12 500 742 -24 6 0 55 55
1375 8 742 0 6 -12851 0 60 0
1376 8 742 0 -6 -12851 1 60 0
1377 12 500 742 24 -6 1 51 55
1378 12 742 1100 -24 6 1 51 55
1379 8 1100 0 6 -12851 0 60 0
1380 8 742 0 24 -12851 0 55 0
1381 12 742 1100 -24 6 1 51 55
1382 8 1100 0 6 -12851 1 60 0
1383 8 500 0 6 -12851 1 55 0
1384 8 609 0 6 -12851 1 55 0
1385 12 609 742 24 -6 1 55 55
1386 8 903 0 -6 -12851 1 60 0
1387 8 500 0 -24 -12851 1 55 0
1388 8 500 0 -6 -12851 1 60 0
1389 8 609 0 -24 -12851 0 60 0
1390 8 1100 0 6 -12851 1 55 0
1391 12 1100 742 -24 6 0 55 55
1392 8 903 0 24 -12851 0 55 0
1393 12 742 500 -24 6 0 51 55
1394 8 903 0 24 -12851 1 60 0
1395 8 609 0 6 -12851 0 55 0
1396 8 903 0 24 -12851 1 55 0
1397 12 742 1100 -24 6 0 55 55
1398 8 903 0 -6 -12851 0 55 0
1399 12 903 742 -24 6 0 55 55
1400 8 609 0 6 -12851 1 60 0
1401 12 742 500 24 -6 0 55 55
1402 12 742 609 -24 6 0 51 55
1403 12 742 609 24 -6 0 55 55
1404 12 500 742 24 -6 1 51 51
1405 12 742 609 -24 6 0 55 51
1406 8 500 0 6 -12851 1 60 0
1407 12 1100 742 24 -6 1 51 51
1408 8 1100 0 6 -12851 1 60 0
1409 12 609 742 24 -6 0 55 51
1410 8 742 0 6 -12851 0 55 0
1411 12 742 1100 24 -6 0 55 55
1412 12 500 742 -24 6 0 55 55
1413 12 1100 742 24 -6 0 55 55
1414 8 1100 0 6 -12851 1 60 0
1415 8 903 0 24 -12851 1 55 0
1416 12 609 742 24 -6 1 51 51
1417 8 1100 0 -24 -12851 1 55 0
1418 12 903 742 -24 6 0 55 55
1419 12 742 1100 -24 6 0 51 55
1420 8 609 0 -6 -12851 0 60 0
1421 12 742 903 -24 6 0 51 55
1422 12 742 1100 24 -6 1 51 51
1423 8 903 0 24 -12851 0 55 0
1424 12 742 500 24 -6 0 51 51
1425 8 742 0 6 -12851 0 60 0
1426 12 742 1100 -24 6 0 51 51
1427 8 609 0 -6 -12851 1 60 0
1428 8 500 0 6 -12851 1 60 0
1429 12 742 500 24 -6 0 51 55
1430 12 903 742 -24 6 1 51 55
1431 8 500 0 -6 -12851 0 55 0
1432 12 742 609 24 -6 0 51 51
1433 8 742 0 24 -12851 1 55 0
1434 8 1100 0 -6 -12851 0 60 0
1435 8 1100 0 -6 -12851 1 60 0
1436 12 903 742 -24 6 0 51 51
1437 12 1100 742 -24 6 0 55 51
1438 12 742 500 24 -6 0 55 51
1439 8 1100 0 6 -12851 0 55 0
1440 12 500 742 -24 6 0 55 55
1441 12 609 742 24 -6 0 51 55
1442 12 903 742 24 -6 1 55 51
1443 12 742 500 -24 6 1 51 51
1444 12 1100 742 24 -6 0 51 51
1445 12 903 742 24 -6 1 55 51
1446 12 742 500 24 -6 0 51 51
1447 8 1100 0 24 -12851 0 55 0
1448 12 742 500 -24 6 0 51 51
1449 12 609 742 24 -6 0 51 55
1450 8 903 0 6 -12851 0 55 0
1451 12 609 742 24 -6 1 51 55
1452 12 742 500 -24 6 1 55 55
1453 8 609 0 -24 -12851 1 55 0
1454 12 903 742 24 -6 1 51 55
1455 8 742 0 -24 -12851 1 60 0
1456 8 903 0 -6 -12851 0 55 0
1457 8 742 0 24 -12851 1 55 0
1458 8 742 0 24 -12851 1 60 0
1459 12 742 1100 -24 6 1 55 51
1460 8 500 0 -6 -12851 0 60 0
1461 8 500 0 24 -12851 0 55 0
1462 12 742 609 -24 6 1 55 51
1463 12 742 1100 -24 6 1 55 55
1464 8 500 0 6 -12851 0 60 0
1465 8 609 0 24 -12851 0 55 0
1466 8 609 0 -6 -12851 0 60 0
1467 12 742 500 24 -6 0 55 51
1468 8 903 0 -24 -12851 0 55 0
1469 12 500 742 -24 6 0 55 51
1470 12 742 1100 -24 6 0 55 55
1471 8 500 0 -24 -12851 0 55 0
1472 12 903 742 -24 6 0 51 51
1473 8 500 0 24 -12851 0 60 0
1474 8 609 0 -24 -12851 1 55 0
1475 8 903 0 -24 -12851 1 55 0
1476 12 609 742 -24 6 1 51 51
1477 8 609 0 -24 -12851 1 55 0
1478 12 742 500 -24 6 1 55 55
1479 12 742 903 24 -6 0 55 51
1480 8 742 0 24 -12851 1 55 0
1481 8 742 0 -24 -12851 0 60 0
1482 12 1100 742 24 -6 0 55 51
1483 12 1100 742 24 -6 0 55 55
1484 12 500 742 -24 6 1 51 55
1485 8 742 0 -6 -12851 0 55 0
1486 8 903 0 -24 -12851 0 60 0
1487 12 500 742 -24 6 0 51 51
1488 8 500 0 24 -12851 1 55 0
1489 12 742 609 -24 6 1 51 51
1490 8 609 0 -24 -12851 1 60 0
1491 12 742 609 -24 6 0 51 55
1492 12 903 742 -24 6 1 51 55
1493 12 609 742 24 -6 0 51 51
1494 12 500 742 -24 6 0 51 55
1495 8 1100 0 -24 -12851 0 60 0
1496 8 500 0 24 -12851 0 55 0
1497 12 742 500 24 -6 0 51 51
1498 12 742 903 24 -6 0 55 55
1499 12 609 742 -24 6 0 55 55
1500 12 1100 742 24 -6 0 51 51
1501 8 1100 0 6 -12851 0 55 0
1502 12 742 903 24 -6 0 51 51
1503 12 500 742 24 -6 0 55 51
1504 12 742 1100 24 -6 0 55 55
1505 12 609 742 -24 6 1 55 51
1506 12 742 903 24 -6 0 55 51
1507 8 1100 0 -6 -12851 0 55 0
1508 8 903 0 6 -12851 0 55 0
1509 12 742 609 24 -6 0 51 51
1510 8 742 0 6 -12851 0 60 0
1511 12 742 609 24 -6 0 51 55
1512 12 903 742 24 -6 0 55 55
1513 12 903 742 -24 6 0 51 55
1514 12 742 609 24 -6 0 55 51
1515 12 742 609 -24 6 0 51 51
1516 8 742 0 -6 -12851 0 60 0
1517 8 609 0 -24 -12851 0 60 0
1518 12 903 742 24 -6 0 51 51
1519 12 609 742 24 -6 0 51 55
1520 12 903 742 24 -6 0 55 51
1521 12 1100 742 -24 6 0 55 55
1522 12 609 742 24 -6 0 55 51
1523 8 1100 0 -6 -12851 0 55 0
1524 8 742 0 -6 -12851 0 60 0
1525 12 500 742 -24 6 0 55 51
1526 12 742 903 24 -6 0 51 55
1527 8 500 0 -24 -12851 0 55 0
1528 8 500 0 -24 -12851 0 55 0
1529 12 742 500 24 -6 0 51 51
1530 8 500 0 -6 -12851 0 55 0
1531 12 742 500 -24 6 0 55 55
1532 12 742 609 24 -6 0 51 55
1533 12 903 742 24 -6 0 55 51
1534 12 742 903 24 -6 0 55 51
1535 12 500 742 -24 6 0 55 51
1536 8 609 0 -24 -12851 0 60 0
1537 12 742 903 24 -6 0 51 55
1538 12 903 742 24 -6 0 51 55
1539 8 903 0 -24 -12851 0 60 0
1540 12 742 500 -24 6 0 51 51
1541 12 742 903 24 -6 0 51 55
1542 12 1100 742 -24 6 0 51 51
1543 12 609 742 -24 6 0 51 55
1544 8 609 0 -24 -12851 0 55 0
1545 12 609 742 24 -6 0 51 51
1546 12 742 903 -24 6 0 55 51
1547 12 742 903 24 -6 0 51 51
1548 8 742 0 -24 -12851 0 55 0
1549 8 1100 0 -6 -12851 0 55 0
1550 12 742 903 -24 6 0 51 55
1551 8 1100 0 -24 -12851 0 55 0
1552 8 903 0 -6 -12851 0 55 0
1553 8 903 0 6 -12851 0 60 0
1554 12 742 609 -24 6 0 51 55
1555 12 903 742 24 -6 0 51 55
1556 8 1100 0 24 -12851 0 60 0
1557 8 1100 0 6 -12851 0 55 0
1558 12 742 609 -24 6 0 51 55
1559 8 742 0 -24 -12851 0 55 0
1560 12 742 1100 24 -6 0 51 51
1561 12 742 903 24 -6 0 55 51
1562 12 742 1100 -24 6 0 55 55
1563 12 742 609 -24 6 0 51 55
1564 8 500 0 24 -12851 0 60 0
1565 12 742 1100 24 -6 0 55 51
1566 8 903 0 24 -12851 0 60 0
1567 12 742 903 -24 6 0 51 51
1568 12 1100 742 -24 6 0 51 55
1569 8 500 0 24 -12851 0 60 0
1570 12 742 903 -24 6 0 55 55
1571 8 609 0 24 -12851 0 60 0
1572 12 609 742 -24 6 0 51 55
1573 8 742 0 24 -12851 0 60 0
1574 12 742 500 24 -6 0 51 55
1575 8 500 0 24 -12851 0 55 0
1576 12 742 500 24 -6 0 51 51
1577 12 500 742 -24 6 0 51 51
1578 12 903 742 -24 6 0 51 51
1579 12 742 1100 24 -6 0 55 55
1580 12 742 903 24 -6 0 55 51
1581 8 1100 0 -24 -12851 0 60 0
1582 8 742 0 24 -12851 0 60 0
1583 8 1100 0 -24 -12851 0 60 0
1584 8 903 0 -24 -12851 0 60 0
1585 12 1100 742 24 -6 0 51 51
1586 8 609 0 6 -12851 0 55 0
1587 8 609 0 6 -12851 0 55 0
1588 12 742 500 24 -6 0 51 55
1589 8 903 0 -6 -12851 0 60 0
1590 8 742 0 -6 -12851 0 60 0
1591 8 742 0 6 -12851 0 60 0
1592 12 742 903 -24 6 0 51 51
1593 8 609 0 24 -12851 0 60 0
1594 8 903 0 -24 -12851 0 60 0
1595 12 903 742 -24 6 0 55 55
1596 8 500 0 6 -12851 0 60 0
1597 12 742 1100 -24 6 0 55 51
1598 12 609 742 -24 6 0 55 55
1599 12 903 742 24 -6 0 51 51
1600 12 742 500 -24 6 0 55 55
1601 8 609 0 -6 -12851 0 60 0
1602 8 609 0 24 -12851 0 55 0
