1579 8 609 0 -24 -12851 1 60 0
1580 8 500 0 -6 -12851 0 55 0
1581 12 742 903 -24 6 1 55 55
1582 8 903 0 6 -12851 0 60 0
1583 12 903 742 24 -6 1 51 51
1584 12 742 903 24 -6 1 55 55
1585 12 500 742 -24 6 1 55 55
1586 8 500 0 -6 -12851 0 55 0
1587 8 1100 0 -6 -12851 0 60 0
1588 8 742 0 -6 -12851 1 55 0
1589 12 609 742 24 -6 1 55 55
1590 12 1100 742 -24 6 0 55 55
1591 8 500 0 -24 -12851 1 55 0
1592 8 742 0 24 -12851 0 55 0
1593 12 742 1100 -24 6 1 51 51
1594 12 742 903 -24 6 1 51 55
1595 8 742 0 24 -12851 1 60 0
1596 8 1100 0 24 -12851 1 60 0
1597 8 903 0 6 -12851 0 60 0
1598 8 609 0 -24 -12851 1 55 0
1599 12 742 609 -24 6 1 51 51
1600 12 903 742 -24 6 1 55 55
1601 12 609 742 24 -6 1 51 55
1602 12 500 742 -24 6 1 51 55
1603 12 1100 742 24 -6 0 51 55
1604 8 1100 0 -6 -12851 0 55 0
1605 12 742 609 -24 6 1 55 55
1606 12 500 742 -24 6 1 55 51
1607 8 742 0 6 -12851 0 60 0
1608 12 742 1100 24 -6 1 55 51
1609 8 742 0 -6 -12851 0 60 0
1610 12 1100 742 -24 6 1 51 55
1611 12 742 903 -24 6 0 55 51
1612 12 742 903 -24 6 1 51 55
1613 12 500 742 -24 6 1 55 55
1614 8 1100 0 6 -12851 1 60 0
1615 12 742 500 -24 6 1 51 51
1616 12 742 903 24 -6 1 55 51
1617 12 742 609 -24 6 1 55 51
1618 12 609 742 24 -6 0 55 55
1619 8 609 0 -24 -12851 0 55 0
1620 8 742 0 -24 -12851 1 60 0
1621 12 903 742 24 -6 0 51 51
1622 8 903 0 -6 -12851 1 60 0
1623 12 742 500 24 -6 1 51 51
1624 8 742 0 -24 -12851 0 55 0
1625 8 609 0 24 -12851 1 55 0
1626 12 742 500 -24 6 0 55 55
1627 8 1100 0 24 -12851 0 55 0
1628 8 500 0 24 -12851 1 55 0
1629 8 1100 0 6 -12851 0 60 0
1630 8 500 0 -24 -12851 1 60 0
1631 12 500 742 -24 6 1 55 55
1632 12 500 742 24 -6 1 51 55
1633 12 742 500 -24 6 1 55 51
1634 8 609 0 -6 -12851 0 55 0
1635 8 903 0 -24 -12851 0 55 0
1636 12 742 609 24 -6 1 51 51
1637 8 903 0 24 -12851 1 60 0
1638 8 500 0 24 -12851 1 55 0
1639 8 609 0 -24 -12851 1 55 0
1640 8 609 0 -6 -12851 0 60 0
1641 8 903 0 -24 -12851 1 60 0
1642 8 609 0 -6 -12851 1 60 0
1643 12 500 742 -24 6 0 55 51
1644 12 742 500 24 -6 1 55 55
1645 8 500 0 24 -12851 1 60 0
1646 12 903 742 -24 6 1 55 55
1647 8 903 0 24 -12851 1 60 0
1648 8 500 0 -24 -12851 1 60 0
1649 12 742 500 24 -6 1 55 55
1650 8 1100 0 -6 -12851 0 55 0
1651 8 742 0 -24 -12851 1 55 0
1652 8 500 0 -24 -12851 1 55 0
1653 12 1100 742 24 -6 1 55 55
1654 8 742 0 24 -12851 1 60 0
1655 12 500 742 -24 6 1 55 55
1656 12 1100 742 24 -6 1 51 51
1657 12 500 742 -24 6 0 51 51
1658 8 742 0 24 -12851 1 55 0
1659 8 1100 0 -6 -12851 1 55 0
1660 12 742 903 24 -6 1 51 51
1661 12 742 903 -24 6 1 51 55
1662 12 742 609 24 -6 1 55 55
1663 12 609 742 -24 6 0 51 55
1664 12 609 742 -24 6 1 51 51
1665 12 742 1100 24 -6 0 51 51
1666 8 903 0 -24 -12851 0 55 0
1667 12 742 609 24 -6 0 51 55
1668 8 609 0 -6 -12851 0 60 0
1669 12 500 742 24 -6 0 51 51
1670 8 1100 0 6 -12851 1 60 0
1671 8 500 0 -24 -12851 1 55 0
1672 8 500 0 -6 -12851 1 55 0
1673 8 903 0 24 -12851 1 60 0
1674 12 742 500 -24 6 1 51 51
1675 12 742 609 -24 6 0 51 51
1676 8 1100 0 -6 -12851 1 60 0
1677 8 1100 0 24 -12851 1 60 0
1678 12 903 742 24 -6 1 55 51
1679 12 742 500 24 -6 1 55 51
1680 12 742 903 -24 6 1 55 51
1681 12 609 742 24 -6 1 55 55
1682 8 903 0 24 -12851 1 60 0
1683 8 742 0 -6 -12851 0 55 0
1684 8 903 0 -6 -12851 1 55 0
1685 8 1100 0 -6 -12851 0 60 0
1686 8 500 0 -6 -12851 1 55 0
1687 12 500 742 24 -6 1 55 55
1688 8 609 0 -6 -12851 0 60 0
1689 8 609 0 6 -12851 1 55 0
1690 8 742 0 -6 -12851 0 55 0
1691 12 742 500 -24 6 1 51 51
1692 8 500 0 -24 -12851 1 55 0
1693 12 742 1100 -24 6 1 55 55
1694 8 609 0 -24 -12851 0 60 0
1695 8 742 0 6 -12851 1 55 0
1696 12 742 1100 -24 6 0 51 51
1697 12 742 1100 -24 6 0 51 55
1698 12 903 742 24 -6 1 51 55
1699 8 1100 0 -6 -12851 1 60 0
1700 12 742 500 24 -6 1 55 55
1701 12 500 742 -24 6 0 51 55
1702 8 1100 0 6 -12851 0 60 0
1703 12 609 742 24 -6 1 51 51
1704 12 742 609 24 -6 0 55 55
1705 12 742 609 24 -6 1 51 55
1706 12 742 1100 -24 6 1 51 51
1707 8 1100 0 -6 -12851 0 60 0
1708 8 609 0 -6 -12851 0 60 0
1709 12 742 1100 -24 6 1 51 51
1710 8 742 0 -6 -12851 1 55 0
1711 12 903 742 24 -6 1 55 55
1712 8 500 0 6 -12851 1 60 0
1713 12 500 742 -24 6 1 55 55
1714 12 742 609 24 -6 0 55 55
1715 8 609 0 24 -12851 1 55 0
1716 8 742 0 6 -12851 1 55 0
1717 12 903 742 -24 6 1 55 55
1718 12 742 500 -24 6 1 51 55
1719 8 609 0 -6 -12851 1 60 0
1720 12 903 742 24 -6 1 55 51
1721 8 903 0 6 -12851 1 60 0
1722 8 903 0 24 -12851 1 55 0
1723 8 1100 0 -6 -12851 0 55 0
1724 12 1100 742 24 -6 1 55 55
1725 8 903 0 24 -12851 0 55 0
1726 8 742 0 6 -12851 1 55 0
1727 8 500 0 -24 -12851 1 55 0
1728 8 500 0 6 -12851 1 55 0
1729 12 609 742 -24 6 1 55 55
1730 8 500 0 6 -12851 1 55 0
1731 12 609 742 24 -6 1 55 51
1732 8 500 0 24 -12851 0 55 0
1733 12 500 742 -24 6 1 55 51
1734 12 500 742 24 -6 1 51 55
1735 8 609 0 6 -12851 1 55 0
1736 8 742 0 24 -12851 1 55 0
1737 8 609 0 -6 -12851 0 60 0
1738 12 742 500 24 -6 1 55 51
1739 12 742 1100 24 -6 1 55 55
1740 12 742 609 -24 6 1 55 55
1741 12 1100 742 -24 6 1 51 51
1742 8 742 0 -24 -12851 1 55 0
1743 8 1100 0 24 -12851 1 55 0
1744 12 742 903 -24 6 1 51 51
1745 12 1100 742 24 -6 1 55 55
1746 8 609 0 -24 -12851 1 60 0
1747 12 742 500 24 -6 1 55 55
1748 8 1100 0 24 -12851 1 55 0
1749 12 1100 742 24 -6 0 55 51
1750 12 500 742 24 -6 1 51 51
1751 8 903 0 6 -12851 0 55 0
1752 12 742 1100 24 -6 1 55 51
1753 8 903 0 6 -12851 0 55 0
1754 12 500 742 -24 6 1 55 51
1755 12 903 742 -24 6 1 51 51
1756 12 742 903 24 -6 1 55 55
1757 8 903 0 -24 -12851 1 60 0
1758 8 500 0 24 -12851 0 55 0
1759 8 1100 0 -6 -12851 0 55 0
1760 8 500 0 -24 -12851 1 60 0
1761 8 742 0 -24 -12851 1 60 0
1762 8 500 0 24 -12851 1 55 0
1763 8 500 0 -24 -12851 1 60 0
1764 8 1100 0 24 -12851 1 55 0
1765 12 742 500 -24 6 0 55 51
1766 12 742 1100 24 -6 1 55 55
1767 12 903 742 -24 6 1 55 55
1768 12 903 742 24 -6 1 55 51
1769 8 903 0 -6 -12851 0 55 0
1770 8 1100 0 6 -12851 0 55 0
1771 8 500 0 24 -12851 0 55 0
1772 8 1100 0 24 -12851 1 60 0
1773 12 742 500 -24 6 1 51 51
1774 12 1100 742 24 -6 1 51 55
1775 12 500 742 -24 6 0 55 55
1776 12 742 1100 24 -6 1 55 55
1777 8 742 0 -6 -12851 0 60 0
1778 8 742 0 6 -12851 0 60 0
1779 8 609 0 -24 -12851 0 60 0
1780 12 609 742 -24 6 0 55 55
1781 12 742 1100 24 -6 0 55 55
1782 8 742 0 6 -12851 1 55 0
1783 12 609 742 -24 6 0 51 55
1784 12 742 609 -24 6 1 51 55
1785 8 609 0 -6 -12851 1 55 0
1786 12 500 742 -24 6 1 51 51
1787 12 742 609 24 -6 1 55 55
1788 8 903 0 24 -12851 1 60 0
1789 12 742 1100 24 -6 1 51 55
1790 12 500 742 -24 6 1 51 51
1791 8 903 0 -24 -12851 1 55 0
1792 8 500 0 -24 -12851 1 60 0
1793 8 609 0 24 -12851 1 60 0
1794 8 500 0 6 -12851 0 60 0
1795 12 903 742 24 -6 1 55 51
1796 12 742 500 24 -6 0 51 51
1797 8 500 0 -6 -12851 0 60 0
1798 12 500 742 -24 6 1 55 51
1799 12 742 1100 24 -6 1 51 51
1800 8 742 0 -24 -12851 0 60 0
1801 12 1100 742 -24 6 0 55 51
1802 8 903 0 6 -12851 0 55 0
1803 12 742 609 -24 6 0 55 51
1804 12 742 500 24 -6 1 55 55
1805 12 742 609 -24 6 1 51 51
1806 12 742 500 24 -6 1 55 55
1807 12 500 742 -24 6 1 55 51
1808 12 903 742 -24 6 1 51 51
1809 8 742 0 6 -12851 1 60 0
1810 8 500 0 24 -12851 1 60 0
1811 12 742 903 24 -6 0 51 51
1812 12 1100 742 24 -6 1 51 55
1813 12 742 500 24 -6 0 51 55
1814 12 609 742 -24 6 1 51 55
1815 8 609 0 6 -12851 1 60 0
1816 12 609 742 24 -6 0 55 55
1817 12 742 1100 -24 6 1 55 51
1818 12 609 742 24 -6 1 51 55
1819 12 742 609 24 -6 0 51 51
1820 12 742 500 -24 6 1 51 55
1821 8 903 0 24 -12851 1 55 0
1822 8 742 0 -6 -12851 0 60 0
1823 12 500 742 -24 6 1 55 55
1824 8 903 0 6 -12851 0 60 0
1825 12 903 742 24 -6 1 51 51
1826 12 742 1100 24 -6 0 51 51
1827 8 609 0 6 -12851 0 55 0
1828 8 1100 0 -24 -12851 0 60 0
1829 8 500 0 24 -12851 1 55 0
1830 8 609 0 -6 -12851 0 55 0
1831 12 742 609 24 -6 1 55 51
1832 12 609 742 -24 6 0 55 51
1833 8 1100 0 6 -12851 1 60 0
1834 12 1100 742 -24 6 1 51 55
1835 8 1100 0 6 -12851 1 55 0
1836 12 609 742 -24 6 1 55 55
1837 8 609 0 -24 -12851 0 60 0
1838 8 609 0 -6 -12851 1 55 0
1839 12 609 742 -24 6 1 55 55
1840 12 609 742 -24 6 0 51 51
1841 8 500 0 -24 -12851 0 55 0
1842 8 1100 0 -24 -12851 0 60 0
1843 8 903 0 24 -12851 0 55 0
1844 8 609 0 6 -12851 1 55 0
1845 8 742 0 -24 -12851 1 60 0
1846 12 609 742 -24 6 1 55 55
1847 8 903 0 24 -12851 1 60 0
1848 12 903 742 -24 6 0 55 55
1849 12 500 742 -24 6 1 51 51
1850 8 903 0 -6 -12851 0 55 0
1851 12 742 609 -24 6 0 51 51
1852 8 742 0 -6 -12851 0 60 0
1853 8 1100 0 6 -12851 1 60 0
1854 12 742 609 -24 6 1 51 51
1855 12 500 742 -24 6 1 55 55
1856 8 609 0 24 -12851 1 60 0
1857 8 742 0 -24 -12851 1 60 0
1858 12 1100 742 -24 6 1 51 55
1859 8 1100 0 24 -12851 0 60 0
1860 8 500 0 6 -12851 0 55 0
1861 8 500 0 6 -12851 0 60 0
1862 12 742 500 24 -6 1 51 55
1863 8 609 0 6 -12851 0 60 0
1864 8 609 0 -24 -12851 1 60 0
1865 8 903 0 24 -12851 1 55 0
1866 12 903 742 -24 6 1 55 51
1867 8 500 0 -6 -12851 1 60 0
1868 8 500 0 24 -12851 1 55 0
1869 12 609 742 -24 6 1 55 51
1870 12 742 500 -24 6 1 51 51
1871 8 500 0 24 -12851 1 55 0
1872 12 609 742 -24 6 0 55 51
1873 12 903 742 -24 6 1 51 55
1874 8 742 0 6 -12851 1 55 0
1875 8 903 0 -24 -12851 1 60 0
1876 12 903 742 -24 6 0 51 51
1877 12 742 500 -24 6 0 51 55
1878 12 742 1100 -24 6 0 55 55
1879 12 742 903 24 -6 1 51 51
1880 8 903 0 24 -12851 1 55 0
1881 12 1100 742 24 -6 1 51 51
1882 12 609 742 24 -6 0 55 55
1883 12 742 1100 -24 6 1 51 55
1884 12 903 742 -24 6 0 55 51
1885 8 1100 0 -24 -12851 0 60 0
1886 12 500 742 -24 6 0 51 51
1887 8 609 0 -6 -12851 1 55 0
1888 8 609 0 -24 -12851 0 55 0
1889 8 1100 0 -24 -12851 0 60 0
1890 12 500 742 -24 6 0 55 51
1891 8 742 0 -24 -12851 0 55 0
1892 8 742 0 24 -12851 0 55 0
1893 8 1100 0 6 -12851 1 55 0
1894 8 609 0 -24 -12851 0 60 0
1895 8 609 0 -6 -12851 1 55 0
1896 12 742 609 -24 6 1 51 55
1897 8 742 0 -6 -12851 0 60 0
1898 12 742 609 24 -6 1 51 55
1899 12 742 500 24 -6 1 55 55
1900 8 500 0 -24 -12851 1 60 0
1901 12 742 1100 24 -6 1 55 51
1902 12 742 1100 -24 6 1 51 51
1903 8 609 0 6 -12851 1 55 0
1904 12 609 742 -24 6 1 55 51
1905 12 742 500 24 -6 1 51 51
1906 12 903 742 24 -6 1 51 51
1907 8 609 0 6 -12851 0 55 0
1908 8 1100 0 -6 -12851 0 60 0
1909 12 1100 742 -24 6 0 51 55
1910 8 742 0 -24 -12851 0 55 0
1911 8 500 0 6 -12851 1 55 0
1912 8 903 0 -6 -12851 0 55 0
1913 8 1100 0 6 -12851 1 60 0
1914 8 500 0 -6 -12851 0 55 0
1915 12 742 1100 24 -6 1 51 55
1916 8 742 0 6 -12851 1 60 0
1917 8 1100 0 6 -12851 0 55 0
1918 12 609 742 24 -6 1 51 51
1919 8 903 0 24 -12851 1 55 0
1920 12 742 500 -24 6 0 51 55
1921 8 903 0 24 -12851 1 60 0
1922 12 903 742 24 -6 0 51 51
1923 8 1100 0 -6 -12851 0 55 0
1924 8 1100 0 24 -12851 0 55 0
1925 12 742 609 -24 6 0 51 55
1926 12 742 609 -24 6 0 55 55
1927 8 1100 0 -24 -12851 0 60 0
1928 8 903 0 -24 -12851 0 60 0
1929 12 742 1100 -24 6 1 51 55
1930 8 903 0 6 -12851 0 55 0
1931 8 903 0 6 -12851 0 55 0
1932 12 742 609 24 -6 1 51 51
1933 12 742 1100 24 -6 1 55 51
1934 8 1100 0 -6 -12851 1 55 0
1935 8 500 0 6 -12851 0 60 0
1936 8 500 0 24 -12851 1 55 0
1937 8 742 0 6 -12851 0 55 0
1938 12 742 1100 -24 6 1 55 55
1939 8 742 0 -24 -12851 1 55 0
1940 8 742 0 6 -12851 0 60 0
1941 8 500 0 24 -12851 0 55 0
1942 8 609 0 24 -12851 1 55 0
1943 12 903 742 -24 6 1 51 51
1944 12 903 742 24 -6 0 51 51
1945 8 609 0 -6 -12851 1 60 0
1946 8 609 0 -24 -12851 1 60 0
1947 12 500 742 -24 6 1 51 51
1948 12 903 742 24 -6 1 55 55
1949 8 903 0 24 -12851 1 60 0
1950 12 903 742 -24 6 1 51 51
1951 12 742 903 -24 6 0 55 55
1952 8 903 0 24 -12851 1 55 0
1953 8 1100 0 24 -12851 1 60 0
1954 12 742 903 24 -6 1 55 51
1955 12 742 609 24 -6 0 51 55
1956 8 1100 0 24 -12851 1 55 0
1957 8 609 0 -24 -12851 1 55 0
1958 8 609 0 24 -12851 1 60 0
1959 8 500 0 -24 -12851 1 55 0
1960 12 1100 742 24 -6 0 51 51
1961 12 609 742 24 -6 0 51 51
1962 8 609 0 6 -12851 0 60 0
1963 8 1100 0 -6 -12851 1 55 0
1964 12 609 742 24 -6 1 51 51
1965 12 742 903 -24 6 1 51 51
1966 8 903 0 24 -12851 1 60 0
1967 8 903 0 6 -12851 0 55 0
1968 12 742 1100 24 -6 1 55 55
1969 12 742 500 -24 6 1 51 55
1970 8 500 0 -24 -12851 1 55 0
1971 12 500 742 -24 6 1 51 51
1972 8 500 0 24 -12851 1 55 0
1973 8 742 0 6 -12851 1 55 0
1974 8 742 0 -24 -12851 1 60 0
1975 12 903 742 24 -6 1 51 55
1976 8 742 0 6 -12851 0 60 0
1977 8 500 0 6 -12851 0 55 0
1978 8 500 0 -6 -12851 0 60 0
1979 12 609 742 -24 6 1 55 55
1980 8 609 0 6 -12851 0 55 0
1981 8 903 0 -6 -12851 0 55 0
1982 8 500 0 -6 -12851 0 55 0
1983 8 500 0 -24 -12851 1 60 0
1984 12 742 500 24 -6 0 51 55
1985 12 742 609 -24 6 0 51 51
1986 8 903 0 6 -12851 1 60 0
1987 8 609 0 6 -12851 1 60 0
1988 8 742 0 -6 -12851 0 60 0
1989 12 742 500 -24 6 1 51 55
1990 8 609 0 -24 -12851 1 60 0
1991 12 500 742 24 -6 1 51 55
1992 8 1100 0 24 -12851 1 60 0
1993 8 742 0 -6 -12851 0 60 0
1994 8 903 0 24 -12851 0 55 0
1995 12 742 500 -24 6 1 55 51
1996 12 609 742 -24 6 1 55 51
1997 8 1100 0 24 -12851 1 55 0
1998 8 1100 0 -6 -12851 0 55 0
1999 12 1100 742 -24 6 1 51 51
2000 8 742 0 6 -12851 1 55 0
2001 8 609 0 -24 -12851 0 60 0
2002 12 500 742 -24 6 1 51 51
2003 12 903 742 24 -6 1 55 55
2004 12 500 742 -24 6 1 51 51
2005 8 609 0 24 -12851 1 55 0
2006 8 500 0 6 -12851 1 60 0
2007 8 609 0 6 -12851 1 55 0
2008 8 903 0 -6 -12851 0 55 0
2009 8 500 0 24 -12851 1 60 0
2010 12 742 903 24 -6 1 55 55
2011 8 903 0 -24 -12851 1 55 0
2012 12 742 1100 -24 6 0 55 55
2013 8 1100 0 -6 -12851 0 55 0
2014 12 500 742 24 -6 1 55 55
2015 12 742 903 24 -6 1 51 55
2016 8 742 0 -24 -12851 1 60 0
2017 8 903 0 -24 -12851 1 60 0
2018 8 609 0 24 -12851 1 55 0
2019 12 742 903 24 -6 0 51 51
2020 12 500 742 24 -6 1 55 51
2021 8 500 0 6 -12851 1 55 0
2022 8 742 0 24 -12851 1 60 0
2023 8 1100 0 -6 -12851 0 55 0
2024 8 1100 0 6 -12851 1 60 0
2025 8 742 0 -24 -12851 0 60 0
2026 12 742 609 -24 6 1 51 51
2027 12 1100 742 24 -6 0 51 55
2028 8 1100 0 -24 -12851 1 55 0
2029 8 1100 0 24 -12851 1 55 0
2030 8 903 0 6 -12851 1 60 0
2031 12 742 1100 -24 6 1 55 51
2032 8 500 0 6 -12851 0 55 0
2033 8 1100 0 24 -12851 1 60 0
2034 12 742 903 24 -6 1 51 51
2035 12 609 742 -24 6 1 55 55
2036 8 903 0 24 -12851 1 55 0
2037 12 1100 742 24 -6 0 55 55
2038 8 1100 0 6 -12851 1 60 0
2039 12 1100 742 -24 6 0 51 51
2040 12 742 609 -24 6 0 51 51
2041 8 903 0 -24 -12851 0 60 0
2042 8 500 0 6 -12851 0 60 0
2043 8 500 0 -6 -12851 1 60 0
2044 8 742 0 -6 -12851 0 55 0
2045 8 609 0 24 -12851 1 55 0
2046 8 742 0 -24 -12851 0 55 0
2047 12 500 742 24 -6 1 55 51
2048 8 742 0 24 -12851 0 55 0
2049 12 742 500 24 -6 1 51 51
2050 12 742 1100 -24 6 1 55 51
2051 12 742 1100 24 -6 1 51 51
2052 8 609 0 6 -12851 0 55 0
2053 12 609 742 -24 6 0 55 51
2054 12 742 1100 24 -6 0 51 55
2055 8 609 0 6 -12851 1 55 0
2056 12 742 500 24 -6 1 51 55
2057 12 742 500 -24 6 1 51 51
2058 8 903 0 24 -12851 1 55 0
2059 12 742 609 -24 6 0 51 55
2060 8 903 0 -6 -12851 0 55 0
2061 8 609 0 -24 -12851 1 55 0
2062 12 742 609 -24 6 1 55 51
2063 8 500 0 -24 -12851 1 60 0
2064 12 1100 742 24 -6 0 51 51
2065 12 500 742 24 -6 0 51 51
2066 8 1100 0 -6 -12851 0 55 0
2067 12 1100 742 24 -6 1 51 51
2068 12 1100 742 24 -6 1 55 55
2069 8 1100 0 6 -12851 0 60 0
2070 8 903 0 -6 -12851 0 60 0
2071 12 742 609 24 -6 0 51 51
2072 8 903 0 6 -12851 0 60 0
2073 12 742 1100 -24 6 0 51 51
2074 8 742 0 24 -12851 0 60 0
2075 8 500 0 -6 -12851 0 55 0
2076 12 742 1100 -24 6 0 55 51
2077 12 742 500 -24 6 1 55 51
2078 12 1100 742 -24 6 1 51 55
2079 8 742 0 -24 -12851 1 60 0
2080 8 742 0 24 -12851 1 55 0
2081 8 609 0 -6 -12851 0 60 0
2082 12 742 500 -24 6 1 51 51
2083 12 742 609 24 -6 0 51 51
2084 8 500 0 -24 -12851 0 60 0
2085 8 609 0 24 -12851 0 60 0
2086 12 609 742 -24 6 0 55 51
2087 12 1100 742 24 -6 0 51 51
2088 8 1100 0 24 -12851 0 60 0
2089 8 609 0 24 -12851 0 60 0
2090 8 609 0 6 -12851 1 55 0
2091 12 1100 742 24 -6 1 55 55
2092 12 742 1100 -24 6 1 55 55
2093 12 742 1100 24 -6 1 55 55
2094 12 742 903 -24 6 1 55 51
2095 8 1100 0 6 -12851 0 60 0
2096 8 903 0 -24 -12851 0 55 0
2097 8 1100 0 -24 -12851 0 55 0
2098 8 742 0 -6 -12851 1 60 0
2099 8 903 0 -24 -12851 0 60 0
2100 12 1100 742 24 -6 0 51 55
2101 12 903 742 24 -6 1 51 55
2102 12 742 1100 -24 6 1 55 55
2103 8 903 0 24 -12851 1 60 0
2104 8 609 0 -24 -12851 1 55 0
2105 8 742 0 24 -12851 1 60 0
2106 12 742 500 -24 6 0 51 55
2107 12 609 742 24 -6 1 51 51
2108 12 609 742 24 -6 0 55 55
2109 8 609 0 24 -12851 0 60 0
2110 12 500 742 -24 6 0 51 55
2111 12 500 742 -24 6 1 51 51
2112 8 500 0 24 -12851 0 55 0
2113 8 742 0 -24 -12851 1 55 0
2114 8 500 0 -24 -12851 0 60 0
2115 8 500 0 24 -12851 0 55 0
2116 8 1100 0 -24 -12851 1 60 0
2117 12 742 609 -24 6 1 55 51
2118 8 903 0 24 -12851 1 55 0
2119 12 742 1100 24 -6 1 51 55
2120 8 903 0 24 -12851 1 55 0
2121 12 742 609 24 -6 1 51 51
2122 12 742 903 -24 6 1 55 55
2123 12 609 742 24 -6 0 51 55
2124 8 609 0 -24 -12851 1 60 0
2125 12 742 903 24 -6 1 51 55
2126 8 1100 0 24 -12851 0 55 0
2127 12 903 742 24 -6 0 51 51
2128 12 1100 742 -24 6 0 55 51
2129 8 609 0 -24 -12851 0 60 0
2130 12 742 1100 24 -6 0 51 51
2131 8 609 0 -6 -12851 0 60 0
2132 12 609 742 24 -6 0 51 51
2133 8 742 0 -6 -12851 1 60 0
2134 8 903 0 -24 -12851 0 60 0
2135 8 1100 0 24 -12851 0 55 0
2136 12 903 742 24 -6 0 51 51
2137 12 742 500 -24 6 1 55 55
2138 8 1100 0 -24 -12851 1 60 0
2139 12 903 742 -24 6 1 55 55
2140 8 903 0 -24 -12851 0 55 0
2141 8 742 0 6 -12851 0 55 0
2142 12 742 500 -24 6 0 51 55
2143 12 742 609 24 -6 0 55 51
2144 12 742 609 24 -6 0 55 51
2145 8 500 0 6 -12851 0 60 0
2146 8 500 0 6 -12851 1 55 0
2147 8 742 0 6 -12851 0 60 0
2148 12 742 609 -24 6 1 51 55
2149 12 903 742 24 -6 1 55 55
2150 8 500 0 -24 -12851 1 55 0
2151 8 742 0 -6 -12851 0 55 0
2152 12 903 742 -24 6 1 55 55
2153 12 742 609 24 -6 0 55 55
2154 12 1100 742 -24 6 0 51 51
2155 8 742 0 -6 -12851 0 60 0
2156 12 903 742 -24 6 1 51 55
2157 8 742 0 -6 -12851 1 55 0
2158 8 742 0 6 -12851 0 60 0
2159 8 903 0 24 -12851 0 55 0
2160 12 742 609 24 -6 1 51 51
2161 12 903 742 24 -6 0 55 55
2162 12 742 1100 -24 6 1 55 55
2163 8 903 0 -6 -12851 1 60 0
2164 12 903 742 24 -6 1 51 51
2165 12 903 742 -24 6 1 51 51
2166 8 1100 0 24 -12851 0 55 0
2167 12 500 742 24 -6 1 51 51
2168 8 903 0 -6 -12851 1 60 0
2169 8 1100 0 -6 -12851 0 60 0
2170 12 500 742 24 -6 1 51 51
2171 12 742 609 24 -6 1 55 51
2172 12 742 500 -24 6 0 55 55
2173 12 742 903 24 -6 1 51 55
2174 8 1100 0 6 -12851 0 60 0
2175 8 500 0 -24 -12851 0 60 0
2176 12 1100 742 -24 6 1 51 51
2177 8 500 0 -6 -12851 0 55 0
2178 8 500 0 24 -12851 0 60 0
2179 8 609 0 -24 -12851 1 55 0
2180 8 609 0 6 -12851 0 55 0
2181 8 609 0 -6 -12851 0 60 0
2182 8 742 0 -6 -12851 0 55 0
2183 8 742 0 -24 -12851 1 60 0
2184 12 500 742 24 -6 1 51 55
2185 12 742 1100 -24 6 0 51 55
2186 12 742 500 -24 6 0 51 51
2187 12 742 609 -24 6 0 55 55
2188 8 1100 0 24 -12851 1 60 0
2189 8 500 0 -6 -12851 0 55 0
2190 12 903 742 -24 6 1 51 55
2191 8 1100 0 -6 -12851 0 60 0
2192 12 500 742 24 -6 1 51 55
2193 8 742 0 24 -12851 0 55 0
2194 12 500 742 -24 6 0 51 55
2195 8 500 0 24 -12851 0 55 0
2196 12 742 1100 -24 6 1 55 51
2197 8 609 0 -24 -12851 0 55 0
2198 12 1100 742 -24 6 0 51 51
2199 12 742 903 24 -6 0 51 55
2200 8 1100 0 6 -12851 0 55 0
2201 8 500 0 6 -12851 0 60 0
2202 8 903 0 -24 -12851 1 60 0
2203 8 903 0 6 -12851 1 55 0
2204 12 1100 742 -24 6 1 55 51
2205 12 1100 742 24 -6 1 55 55
2206 12 1100 742 -24 6 1 55 55
2207 12 609 742 -24 6 1 55 55
2208 8 742 0 -6 -12851 0 55 0
2209 12 742 903 24 -6 0 51 51
2210 8 609 0 6 -12851 1 55 0
2211 12 742 903 24 -6 1 55 55
2212 8 609 0 -24 -12851 1 55 0
2213 12 742 500 24 -6 0 51 55
2214 8 903 0 -6 -12851 0 55 0
2215 12 1100 742 24 -6 1 55 55
2216 12 742 1100 24 -6 1 51 55
2217 12 742 1100 24 -6 1 51 51
2218 12 742 609 -24 6 1 51 55
2219 12 903 742 24 -6 1 51 55
2220 8 903 0 -6 -12851 0 60 0
2221 8 903 0 24 -12851 0 55 0
2222 8 1100 0 -24 -12851 1 60 0
2223 12 742 500 24 -6 1 55 55
2224 12 609 742 24 -6 0 55 51
2225 8 609 0 -24 -12851 0 60 0
2226 12 742 903 -24 6 1 51 51
2227 12 500 742 -24 6 0 51 51
2228 8 609 0 -6 -12851 0 60 0
2229 12 742 1100 24 -6 0 51 55
2230 12 1100 742 -24 6 1 55 55
2231 12 742 500 -24 6 0 51 55
2232 12 742 500 24 -6 1 51 51
2233 12 742 903 24 -6 1 55 51
2234 8 742 0 -24 -12851 0 60 0
2235 12 1100 742 -24 6 1 51 55
2236 8 609 0 6 -12851 1 60 0
2237 8 1100 0 24 -12851 0 60 0
2238 8 903 0 -6 -12851 1 60 0
2239 12 500 742 24 -6 1 55 55
2240 8 742 0 -6 -12851 0 55 0
2241 12 742 903 -24 6 1 51 55
2242 12 742 903 24 -6 0 51 55
2243 12 742 500 -24 6 0 51 55
2244 8 500 0 24 -12851 0 55 0
2245 12 742 500 24 -6 0 55 51
2246 8 903 0 6 -12851 0 55 0
2247 12 903 742 -24 6 1 55 55
2248 8 1100 0 -6 -12851 0 55 0
2249 8 742 0 6 -12851 1 60 0
2250 12 742 500 24 -6 1 55 51
2251 8 500 0 -6 -12851 0 60 0
2252 12 609 742 -24 6 0 55 51
2253 12 903 742 24 -6 1 55 55
2254 12 742 903 24 -6 1 51 55
2255 12 742 500 24 -6 0 51 55
2256 8 500 0 -6 -12851 0 55 0
2257 12 500 742 24 -6 0 51 51
2258 8 903 0 24 -12851 1 55 0
2259 8 903 0 6 -12851 0 55 0
2260 12 742 500 -24 6 0 51 51
2261 12 742 609 24 -6 0 51 55
2262 8 609 0 6 -12851 1 55 0
2263 12 742 1100 24 -6 0 55 55
2264 12 742 609 -24 6 1 55 51
2265 12 742 500 24 -6 0 55 55
2266 12 609 742 24 -6 0 55 51
2267 12 742 500 24 -6 0 55 55
2268 12 742 1100 -24 6 0 51 55
2269 8 1100 0 6 -12851 0 55 0
2270 8 609 0 24 -12851 0 60 0
2271 8 609 0 -24 -12851 0 60 0
2272 12 1100 742 -24 6 0 51 51
2273 8 742 0 6 -12851 0 60 0
2274 8 903 0 -24 -12851 0 60 0
2275 12 742 609 24 -6 0 51 55
2276 8 1100 0 -24 -12851 0 55 0
2277 12 742 500 24 -6 0 51 55
2278 8 1100 0 6 -12851 0 55 0
2279 12 609 742 -24 6 0 51 51
2280 8 903 0 -24 -12851 0 60 0
2281 8 742 0 -6 -12851 0 60 0
2282 12 742 609 24 -6 0 51 51
2283 12 742 903 -24 6 0 51 55
2284 8 500 0 6 -12851 0 55 0
2285 12 1100 742 24 -6 0 51 55
2286 8 500 0 -24 -12851 0 55 0
2287 8 742 0 -6 -12851 0 55 0
2288 8 500 0 -6 -12851 0 55 0
2289 12 903 742 -24 6 0 55 51
2290 8 609 0 -6 -12851 0 60 0
2291 12 742 609 -24 6 0 51 55
2292 12 742 609 -24 6 0 55 51
2293 8 609 0 6 -12851 0 55 0
2294 12 500 742 24 -6 0 55 55
2295 8 500 0 -6 -12851 0 55 0
2296 12 742 1100 24 -6 0 51 51
2297 12 742 903 -24 6 0 51 55
2298 12 500 742 24 -6 0 51 55
2299 12 742 609 -24 6 0 55 51
2300 8 500 0 24 -12851 0 55 0
2301 8 742 0 6 -12851 0 60 0
2302 12 742 500 24 -6 0 51 51
2303 8 609 0 24 -12851 0 55 0
2304 12 742 903 24 -6 0 55 51
2305 12 742 500 24 -6 0 51 55
2306 8 742 0 6 -12851 0 55 0
2307 12 500 742 -24 6 0 51 55
2308 12 609 742 24 -6 0 55 55
2309 12 1100 742 24 -6 0 55 55
2310 8 903 0 -24 -12851 0 55 0
2311 8 1100 0 -6 -12851 0 55 0
2312 8 500 0 -6 -12851 0 60 0
2313 8 742 0 -24 -12851 0 55 0
2314 12 500 742 24 -6 0 51 51
2315 12 742 903 24 -6 0 51 55
2316 12 742 903 -24 6 0 55 51
2317 12 742 1100 -24 6 0 51 55
2318 8 609 0 -6 -12851 0 60 0
2319 8 1100 0 6 -12851 0 55 0
2320 8 1100 0 24 -12851 0 60 0
2321 8 903 0 -6 -12851 0 55 0
2322 12 742 1100 24 -6 0 55 51
2323 8 903 0 -6 -12851 0 60 0
2324 8 609 0 -24 -12851 0 60 0
2325 12 742 609 24 -6 0 55 55
2326 8 609 0 -6 -12851 0 60 0
2327 12 742 903 -24 6 0 55 51
2328 8 1100 0 6 -12851 0 55 0
2329 8 500 0 24 -12851 0 55 0
2330 8 1100 0 6 -12851 0 55 0
2331 8 903 0 -24 -12851 0 60 0
2332 8 1100 0 6 -12851 0 55 0
2333 12 742 1100 -24 6 0 55 51
2334 8 903 0 -6 -12851 0 55 0
2335 8 742 0 -6 -12851 0 60 0
2336 8 903 0 -24 -12851 0 55 0
2337 8 500 0 -6 -12851 0 55 0
2338 8 609 0 -6 -12851 0 55 0
2339 12 742 1100 -24 6 0 51 51
2340 12 742 609 -24 6 0 51 55
2341 12 609 742 -24 6 0 55 55
2342 12 1100 742 -24 6 0 55 55
2343 8 609 0 24 -12851 0 55 0
2344 12 903 742 -24 6 0 55 55
2345 8 500 0 -24 -12851 0 60 0
2346 8 742 0 24 -12851 0 55 0
2347 12 500 742 24 -6 0 51 51
2348 12 1100 742 24 -6 0 55 55
2349 12 742 903 -24 6 0 55 51
2350 12 1100 742 -24 6 0 51 51
2351 8 742 0 24 -12851 0 60 0
2352 8 500 0 -6 -12851 0 55 0
2353 12 742 903 24 -6 0 51 51
2354 8 500 0 24 -12851 0 60 0
2355 8 609 0 6 -12851 0 60 0
2356 8 903 0 6 -12851 0 55 0
2357 8 903 0 24 -12851 0 55 0
2358 8 1100 0 -24 -12851 0 60 0
2359 12 903 742 -24 6 0 51 55
2360 12 742 903 24 -6 0 51 51
2361 8 609 0 -24 -12851 0 55 0
2362 12 742 609 24 -6 0 55 51
2363 8 609 0 6 -12851 0 55 0
2364 8 903 0 24 -12851 0 60 0
2365 8 1100 0 6 -12851 0 60 0
2366 12 742 500 24 -6 0 55 51
2367 12 742 500 -24 6 0 55 51
2368 12 742 500 -24 6 0 51 51
2369 8 1100 0 -24 -12851 0 55 0
2370 12 500 742 -24 6 0 51 55
2371 8 500 0 24 -12851 0 60 0
2372 8 742 0 6 -12851 0 55 0
2373 8 742 0 24 -12851 0 55 0
2374 12 903 742 24 -6 0 51 55
2375 8 742 0 -24 -12851 0 55 0
2376 8 500 0 6 -12851 0 55 0
2377 8 609 0 6 -12851 0 60 0
2378 12 1100 742 -24 6 0 51 55
2379 8 609 0 -6 -12851 0 55 0
2380 12 742 500 24 -6 0 51 51
2381 12 1100 742 -24 6 0 51 51
2382 12 1100 742 -24 6 0 55 51
2383 12 1100 742 24 -6 0 55 51
2384 12 742 609 24 -6 0 51 51
2385 12 609 742 -24 6 0 55 55
2386 8 609 0 -24 -12851 0 55 0
2387 8 903 0 -6 -12851 0 55 0
2388 12 742 903 -24 6 0 55 51
2389 12 742 1100 -24 6 0 55 51
2390 12 1100 742 -24 6 0 51 51
2391 8 742 0 -24 -12851 0 60 0
2392 12 609 742 -24 6 0 51 55
2393 8 903 0 -6 -12851 0 55 0
2394 12 742 609 24 -6 0 51 51
2395 8 1100 0 -6 -12851 0 60 0
2396 8 903 0 -24 -12851 0 55 0
2397 8 1100 0 -24 -12851 0 55 0
2398 12 609 742 -24 6 0 55 51
2399 12 500 742 -24 6 0 55 51
2400 12 742 609 24 -6 0 51 51
2401 12 742 609 24 -6 0 51 51
2402 12 742 903 -24 6 0 51 51
2403 8 742 0 6 -12851 0 55 0
2404 12 500 742 -24 6 0 55 51
2405 8 500 0 -6 -12851 0 55 0
2406 8 742 0 -24 -12851 0 60 0
2407 8 1100 0 6 -12851 0 60 0
2408 12 742 609 -24 6 0 51 51
2409 12 500 742 24 -6 0 51 51
2410 8 609 0 6 -12851 0 60 0
2411 12 500 742 -24 6 0 51 51
2412 12 1100 742 24 -6 0 51 55
2413 8 500 0 -24 -12851 0 55 0
2414 12 742 609 -24 6 0 55 51
2415 8 500 0 -24 -12851 0 60 0
2416 8 609 0 24 -12851 0 60 0
2417 12 1100 742 -24 6 0 51 51
2418 12 742 609 -24 6 0 55 55
2419 12 903 742 24 -6 0 51 55
2420 12 742 903 -24 6 0 55 51
2421 12 742 1100 24 -6 0 55 55
2422 8 609 0 24 -12851 0 60 0
2423 12 742 903 -24 6 0 51 55
2424 12 609 742 -24 6 0 51 51
2425 8 1100 0 -24 -12851 0 55 0
2426 8 500 0 -6 -12851 0 55 0
2427 8 1100 0 -24 -12851 0 60 0
2428 12 500 742 -24 6 0 55 55
2429 12 742 500 24 -6 0 51 51
2430 12 742 500 24 -6 0 55 51
2431 8 903 0 24 -12851 0 60 0
2432 12 742 609 -24 6 0 55 51
2433 8 1100 0 -24 -12851 0 60 0
2434 8 903 0 24 -12851 0 55 0
2435 12 609 742 -24 6 0 55 55
2436 12 903 742 24 -6 0 55 51
2437 8 742 0 6 -12851 0 60 0
2438 8 903 0 24 -12851 0 55 0
2439 8 500 0 6 -12851 0 55 0
2440 12 742 500 24 -6 0 55 51
2441 8 609 0 -6 -12851 0 60 0
2442 12 1100 742 -24 6 0 55 51
2443 8 609 0 -24 -12851 0 60 0
2444 12 742 903 24 -6 0 51 55
2445 8 500 0 24 -12851 0 60 0
2446 8 742 0 -24 -12851 0 55 0
2447 12 742 609 24 -6 0 51 51
2448 8 742 0 -24 -12851 0 55 0
2449 8 903 0 24 -12851 0 60 0
2450 8 903 0 -24 -12851 0 55 0
2451 8 742 0 -6 -12851 0 60 0
2452 12 609 742 24 -6 0 55 51
2453 8 1100 0 6 -12851 0 60 0
2454 12 742 903 24 -6 0 51 55
2455 8 1100 0 -6 -12851 0 60 0
2456 8 742 0 -24 -12851 0 60 0
2457 12 742 1100 24 -6 0 51 55
2458 8 500 0 -6 -12851 0 60 0
2459 12 742 1100 24 -6 0 55 51
2460 8 1100 0 -24 -12851 0 55 0
2461 12 742 903 24 -6 0 55 51
2462 8 903 0 -24 -12851 0 55 0
2463 12 742 1100 24 -6 0 55 51
2464 8 500 0 -6 -12851 0 60 0
2465 8 903 0 -6 -12851 0 60 0
2466 12 742 1100 -24 6 0 55 51
2467 12 742 903 24 -6 0 55 51
2468 8 500 0 6 -12851 0 60 0
2469 8 742 0 -6 -12851 0 55 0
2470 12 742 609 24 -6 0 55 51
2471 12 742 1100 -24 6 0 51 55
2472 12 742 500 24 -6 0 51 51
2473 12 609 742 24 -6 0 51 55
2474 8 609 0 -6 -12851 0 55 0
2475 12 742 903 -24 6 0 51 51
2476 8 609 0 -6 -12851 0 55 0
2477 12 500 742 -24 6 0 55 55
2478 8 609 0 6 -12851 0 55 0
2479 8 742 0 -6 -12851 0 55 0
2480 12 500 742 -24 6 0 51 51
2481 8 742 0 -24 -12851 0 60 0
2482 12 742 903 24 -6 0 51 55
2483 12 742 500 -24 6 0 55 55
2484 12 742 500 24 -6 0 51 51
2485 8 609 0 6 -12851 0 55 0
2486 8 609 0 -6 -12851 0 60 0
2487 12 742 609 24 -6 0 51 55
2488 8 500 0 -24 -12851 0 55 0
2489 8 903 0 24 -12851 0 60 0
2490 8 1100 0 -24 -12851 0 55 0
2491 8 500 0 24 -12851 0 55 0
2492 12 742 1100 -24 6 0 51 55
2493 8 500 0 24 -12851 0 60 0
2494 8 903 0 -24 -12851 0 55 0
2495 8 742 0 6 -12851 0 60 0
2496 12 742 1100 -24 6 0 55 55
2497 8 609 0 24 -12851 0 55 0
2498 12 742 1100 24 -6 0 55 55
2499 12 609 742 24 -6 0 51 55
2500 8 1100 0 24 -12851 0 55 0
2501 12 903 742 24 -6 0 51 51
2502 8 903 0 24 -12851 0 55 0
2503 8 742 0 6 -12851 0 60 0
2504 8 1100 0 24 -12851 0 55 0
2505 12 500 742 -24 6 0 55 55
2506 8 500 0 -24 -12851 0 60 0
2507 8 500 0 6 -12851 0 60 0
2508 8 742 0 24 -12851 0 55 0
2509 8 609 0 -6 -12851 0 60 0
2510 12 903 742 -24 6 0 55 55
2511 12 742 500 24 -6 0 55 51
2512 8 500 0 -6 -12851 0 60 0
2513 12 500 742 24 -6 0 55 51
2514 12 742 1100 -24 6 0 51 51
2515 8 500 0 24 -12851 0 55 0
2516 12 609 742 24 -6 0 51 55
2517 8 1100 0 6 -12851 0 60 0
2518 12 903 742 -24 6 0 51 51
2519 8 1100 0 24 -12851 0 60 0
2520 8 903 0 -6 -12851 0 55 0
2521 8 903 0 -24 -12851 0 60 0
2522 8 1100 0 6 -12851 0 55 0
2523 8 903 0 -6 -12851 0 60 0
2524 12 609 742 24 -6 0 51 51
2525 8 742 0 -24 -12851 0 55 0
2526 12 742 609 24 -6 0 51 55
2527 12 609 742 -24 6 0 55 55
2528 8 609 0 6 -12851 0 60 0
