204 8 609 0 24 -12851 0 60 0
205 8 609 0 -6 -12851 0 55 0
206 8 500 0 -6 -12851 1 55 0
207 8 742 0 24 -12851 1 55 0
208 8 500 0 6 -12851 0 60 0
209 8 609 0 6 -12851 0 60 0
210 8 609 0 6 -12851 0 55 0
211 12 500 742 -24 6 0 55 55
212 12 742 500 -24 6 1 55 51
213 12 609 742 -24 6 1 51 55
214 8 609 0 6 -12851 1 55 0
215 8 609 0 -6 -12851 1 55 0
216 8 500 0 6 -12851 1 60 0
217 12 742 1100 -24 6 1 51 51
218 8 742 0 -6 -12851 1 55 0
219 8 742 0 6 -12851 0 60 0
220 12 742 500 -24 6 1 55 51
221 8 1100 0 24 -12851 1 55 0
222 8 500 0 -6 -12851 1 55 0
223 8 1100 0 -24 -12851 1 60 0
224 8 500 0 24 -12851 1 60 0
225 8 742 0 6 -12851 1 60 0
226 8 1100 0 -24 -12851 0 55 0
227 12 742 1100 -24 6 0 51 55
228 8 903 0 6 -12851 0 60 0
229 12 1100 742 24 -6 1 51 55
230 12 609 742 -24 6 1 55 55
231 8 903 0 -6 -12851 1 55 0
232 12 742 609 24 -6 0 51 51
233 12 609 742 24 -6 0 55 51
234 8 903 0 24 -12851 0 55 0
235 12 742 500 24 -6 0 55 51
236 12 1100 742 24 -6 1 51 55
237 8 609 0 -24 -12851 1 55 0
238 8 609 0 -24 -12851 1 60 0
239 8 742 0 -24 -12851 1 55 0
240 12 1100 742 24 -6 0 55 55
241 8 903 0 -6 -12851 0 60 0
242 12 1100 742 24 -6 0 55 55
243 8 742 0 24 -12851 1 60 0
244 8 742 0 -24 -12851 1 55 0
245 12 1100 742 -24 6 0 51 51
246 8 903 0 -24 -12851 0 60 0
247 12 742 903 24 -6 0 55 55
248 12 742 903 -24 6 1 51 55
249 8 609 0 6 -12851 0 55 0
250 12 500 742 24 -6 0 51 55
251 12 742 903 -24 6 0 51 51
252 8 609 0 24 -12851 1 60 0
253 12 609 742 24 -6 1 51 55
254 12 742 1100 24 -6 1 51 55
255 8 500 0 6 -12851 1 55 0
256 12 742 609 24 -6 1 51 55
257 12 500 742 -24 6 1 55 55
258 12 742 500 24 -6 1 51 55
259 12 609 742 24 -6 0 55 55
260 8 1100 0 -24 -12851 1 60 0
261 12 742 500 -24 6 0 55 55
262 8 903 0 -6 -12851 0 60 0
263 8 500 0 -24 -12851 0 55 0
264 12 742 903 24 -6 0 55 51
265 8 500 0 24 -12851 0 55 0
266 12 742 609 24 -6 1 51 51
267 12 500 742 24 -6 0 55 51
268 8 1100 0 -6 -12851 1 60 0
269 8 1100 0 6 -12851 1 60 0
270 8 903 0 -24 -12851 1 55 0
271 12 903 742 -24 6 1 51 55
272 12 742 903 -24 6 1 51 55
273 12 1100 742 24 -6 1 55 55
274 12 609 742 24 -6 0 51 55
275 12 500 742 24 -6 1 51 55
276 8 903 0 -24 -12851 1 55 0
277 8 500 0 24 -12851 0 60 0
278 8 742 0 -6 -12851 1 55 0
279 8 742 0 -24 -12851 1 55 0
280 8 742 0 6 -12851 0 55 0
281 8 903 0 -6 -12851 0 60 0
282 8 903 0 6 -12851 1 55 0
283 8 609 0 6 -12851 0 60 0
284 8 1100 0 6 -12851 1 60 0
285 8 609 0 -6 -12851 1 55 0
286 12 1100 742 -24 6 1 51 51
287 8 609 0 6 -12851 0 55 0
288 12 903 742 -24 6 1 55 55
289 12 742 609 -24 6 1 51 51
290 12 1100 742 24 -6 1 55 51
291 12 742 500 -24 6 1 55 51
292 12 742 1100 24 -6 1 51 51
293 8 500 0 24 -12851 1 55 0
294 12 742 903 -24 6 1 51 55
295 8 500 0 6 -12851 0 60 0
296 8 1100 0 -6 -12851 1 55 0
297 8 1100 0 24 -12851 0 60 0
298 8 609 0 -6 -12851 1 55 0
299 8 609 0 -24 -12851 1 60 0
300 8 742 0 6 -12851 0 55 0
301 12 1100 742 -24 6 1 55 55
302 8 609 0 24 -12851 0 55 0
303 12 500 742 24 -6 0 55 51
304 12 742 1100 -24 6 1 51 51
305 12 609 742 -24 6 1 51 55
306 12 742 609 -24 6 1 55 51
307 8 903 0 -24 -12851 1 55 0
308 8 609 0 -6 -12851 1 55 0
309 8 1100 0 6 -12851 1 60 0
310 12 1100 742 24 -6 1 51 51
311 12 742 903 -24 6 1 51 51
312 12 742 903 -24 6 0 51 51
313 8 1100 0 -24 -12851 1 55 0
314 12 1100 742 24 -6 0 55 55
315 12 1100 742 -24 6 1 51 55
316 8 1100 0 -6 -12851 1 60 0
317 8 500 0 -24 -12851 1 60 0
318 8 500 0 24 -12851 1 60 0
319 8 903 0 6 -12851 0 60 0
320 12 742 903 -24 6 0 55 51
321 12 609 742 24 -6 0 55 51
322 12 742 500 24 -6 0 55 51
323 8 903 0 -24 -12851 1 60 0
324 12 742 609 24 -6 1 55 55
325 8 500 0 6 -12851 1 60 0
326 8 742 0 -6 -12851 1 60 0
327 12 742 609 24 -6 1 55 55
328 12 742 1100 -24 6 0 51 51
329 8 742 0 -6 -12851 1 55 0
330 8 609 0 -6 -12851 0 55 0
331 8 609 0 24 -12851 0 55 0
332 8 500 0 -24 -12851 1 60 0
333 8 609 0 6 -12851 1 60 0
334 8 903 0 6 -12851 1 60 0
335 8 609 0 -24 -12851 0 55 0
336 8 742 0 -6 -12851 1 60 0
337 8 1100 0 -6 -12851 1 55 0
338 8 903 0 -24 -12851 1 60 0
339 8 500 0 -6 -12851 0 60 0
340 8 742 0 24 -12851 1 55 0
341 8 500 0 24 -12851 1 55 0
342 12 742 500 -24 6 1 51 55
343 12 1100 742 -24 6 0 55 51
344 12 742 500 -24 6 1 51 51
345 8 1100 0 -6 -12851 1 60 0
346 8 742 0 -24 -12851 0 55 0
347 8 1100 0 24 -12851 1 60 0
348 8 903 0 -24 -12851 1 60 0
349 12 609 742 24 -6 1 51 51
350 12 742 500 24 -6 1 55 55
351 12 609 742 -24 6 0 55 55
352 8 1100 0 24 -12851 1 60 0
353 12 903 742 24 -6 0 55 55
354 8 1100 0 -6 -12851 1 55 0
355 8 742 0 6 -12851 1 55 0
356 12 742 1100 24 -6 0 55 55
357 8 742 0 -6 -12851 1 60 0
358 12 609 742 -24 6 1 51 55
359 12 742 500 24 -6 0 51 51
360 12 609 742 24 -6 0 55 55
361 8 742 0 24 -12851 0 60 0
362 8 609 0 6 -12851 0 60 0
363 12 742 903 -24 6 0 55 51
364 8 500 0 24 -12851 0 55 0
365 12 742 1100 24 -6 0 51 51
366 12 742 903 24 -6 0 55 51
367 8 903 0 24 -12851 0 60 0
368 12 903 742 -24 6 0 55 51
369 8 500 0 -6 -12851 1 60 0
370 8 1100 0 -24 -12851 1 55 0
371 12 742 500 -24 6 1 51 55
372 8 609 0 -24 -12851 1 60 0
373 12 742 500 24 -6 0 51 51
374 8 1100 0 24 -12851 1 55 0
375 8 500 0 -24 -12851 1 55 0
376 8 609 0 6 -12851 0 55 0
377 12 609 742 -24 6 0 55 55
378 12 742 609 24 -6 0 55 55
379 8 903 0 6 -12851 0 55 0
380 12 609 742 -24 6 0 55 55
381 8 903 0 6 -12851 0 60 0
382 12 742 500 24 -6 0 51 51
383 8 903 0 24 -12851 0 55 0
384 12 742 609 -24 6 1 55 55
385 8 903 0 -24 -12851 1 55 0
386 8 609 0 -24 -12851 1 60 0
387 12 742 500 -24 6 1 51 55
388 8 903 0 6 -12851 0 55 0
389 8 742 0 24 -12851 1 60 0
390 12 742 609 24 -6 1 55 55
391 8 609 0 24 -12851 0 60 0
392 8 903 0 24 -12851 1 60 0
393 8 609 0 -6 -12851 0 55 0
394 12 500 742 24 -6 1 55 55
395 12 903 742 24 -6 0 55 55
396 8 742 0 -6 -12851 0 60 0
397 8 742 0 24 -12851 1 55 0
398 8 1100 0 -24 -12851 1 60 0
399 12 1100 742 -24 6 1 51 55
400 8 500 0 6 -12851 1 60 0
401 8 1100 0 -6 -12851 1 55 0
402 12 742 1100 -24 6 1 51 51
403 12 1100 742 24 -6 0 51 51
404 8 500 0 24 -12851 0 60 0
405 12 742 609 -24 6 1 51 51
406 12 742 500 24 -6 1 51 51
407 8 1100 0 -6 -12851 1 55 0
408 8 500 0 -24 -12851 1 60 0
409 8 903 0 -24 -12851 1 55 0
410 8 903 0 -6 -12851 0 55 0
411 8 1100 0 -24 -12851 1 55 0
412 12 742 500 -24 6 1 55 51
413 12 742 903 24 -6 1 55 55
414 8 500 0 6 -12851 0 60 0
415 12 1100 742 24 -6 1 51 55
416 8 500 0 -24 -12851 1 60 0
417 12 609 742 -24 6 1 51 55
418 8 500 0 24 -12851 0 60 0
419 12 742 500 -24 6 1 55 55
420 12 500 742 24 -6 0 51 55
421 12 742 500 -24 6 1 51 55
422 8 742 0 -24 -12851 1 60 0
423 8 1100 0 -6 -12851 0 60 0
424 8 1100 0 24 -12851 0 55 0
425 8 903 0 -6 -12851 1 55 0
426 8 609 0 -24 -12851 1 60 0
427 12 742 903 -24 6 1 51 51
428 8 903 0 -24 -12851 1 60 0
429 8 609 0 24 -12851 1 55 0
430 12 742 903 -24 6 1 55 55
431 8 742 0 -6 -12851 1 60 0
432 12 742 609 -24 6 1 51 51
433 12 742 903 -24 6 1 55 55
434 8 742 0 -6 -12851 1 60 0
435 12 903 742 -24 6 1 55 55
436 12 742 1100 -24 6 0 51 55
437 12 742 1100 24 -6 0 51 51
438 8 609 0 -24 -12851 0 55 0
439 8 903 0 6 -12851 0 60 0
440 12 742 1100 24 -6 0 51 55
441 8 903 0 6 -12851 0 60 0
442 12 742 1100 24 -6 0 51 51
443 8 609 0 -6 -12851 0 60 0
444 8 609 0 6 -12851 0 55 0
445 12 609 742 24 -6 0 55 55
446 8 742 0 6 -12851 0 60 0
447 12 742 1100 -24 6 0 55 55
448 8 500 0 -24 -12851 0 55 0
449 8 500 0 24 -12851 1 60 0
450 8 609 0 6 -12851 0 55 0
451 8 1100 0 24 -12851 1 60 0
452 12 742 903 -24 6 1 55 51
453 8 1100 0 6 -12851 1 60 0
454 12 742 1100 24 -6 0 51 55
455 12 500 742 -24 6 0 55 55
456 12 609 742 -24 6 0 51 51
457 8 1100 0 -6 -12851 0 60 0
458 12 500 742 24 -6 0 51 51
459 12 742 903 -24 6 0 51 51
460 12 500 742 24 -6 0 55 51
461 8 742 0 -6 -12851 1 55 0
462 12 500 742 24 -6 0 51 55
463 12 500 742 24 -6 0 51 51
464 12 500 742 24 -6 1 55 55
465 8 500 0 -6 -12851 0 55 0
466 8 903 0 -6 -12851 1 60 0
467 12 742 903 -24 6 1 55 51
468 8 742 0 -6 -12851 0 60 0
469 8 903 0 24 -12851 1 60 0
470 12 903 742 24 -6 1 55 55
471 12 742 903 -24 6 1 55 55
472 8 903 0 6 -12851 1 60 0
473 8 903 0 -6 -12851 1 55 0
474 12 742 609 -24 6 1 55 51
475 8 903 0 -6 -12851 1 55 0
476 8 500 0 24 -12851 1 60 0
477 12 742 903 -24 6 1 51 55
478 12 742 1100 24 -6 0 55 55
479 12 742 609 24 -6 0 55 51
480 8 742 0 24 -12851 1 60 0
481 8 609 0 -6 -12851 0 55 0
482 8 903 0 6 -12851 1 60 0
483 12 500 742 24 -6 1 55 55
484 8 500 0 -24 -12851 1 55 0
485 8 500 0 6 -12851 0 55 0
486 8 1100 0 6 -12851 1 55 0
487 12 742 609 24 -6 1 51 55
488 12 742 1100 -24 6 1 51 55
489 8 1100 0 24 -12851 1 60 0
490 8 1100 0 -24 -12851 1 60 0
491 12 742 609 -24 6 0 51 55
492 12 500 742 24 -6 0 51 51
493 12 742 500 24 -6 0 55 51
494 8 742 0 24 -12851 0 60 0
495 8 609 0 6 -12851 0 55 0
496 8 742 0 24 -12851 1 60 0
497 12 742 1100 -24 6 1 51 51
498 8 609 0 24 -12851 1 55 0
499 8 500 0 -6 -12851 1 60 0
500 8 500 0 6 -12851 0 55 0
501 8 609 0 24 -12851 0 60 0
502 8 1100 0 24 -12851 0 55 0
503 12 500 742 24 -6 1 55 55
504 8 903 0 -24 -12851 1 60 0
505 8 742 0 -24 -12851 1 55 0
506 8 609 0 24 -12851 1 60 0
507 12 742 500 24 -6 1 55 51
508 8 500 0 -24 -12851 1 55 0
509 12 742 500 24 -6 1 55 55
510 12 1100 742 24 -6 1 51 51
511 12 903 742 -24 6 1 55 51
512 12 903 742 24 -6 0 51 51
513 12 742 609 24 -6 1 55 51
514 12 742 1100 -24 6 1 51 51
515 12 500 742 -24 6 1 55 55
516 12 1100 742 24 -6 0 51 51
517 12 903 742 24 -6 1 55 51
518 12 903 742 -24 6 1 51 51
519 8 742 0 24 -12851 1 60 0
520 8 1100 0 24 -12851 1 55 0
521 8 1100 0 -6 -12851 0 55 0
522 8 609 0 6 -12851 0 60 0
523 12 1100 742 24 -6 1 55 55
524 8 500 0 -24 -12851 1 55 0
525 8 903 0 -24 -12851 1 55 0
526 12 742 1100 24 -6 0 51 55
527 8 742 0 -6 -12851 1 55 0
528 8 903 0 6 -12851 1 55 0
529 8 500 0 24 -12851 0 55 0
530 12 742 500 24 -6 0 51 55
531 8 500 0 -24 -12851 0 55 0
532 12 609 742 -24 6 0 55 55
533 8 903 0 6 -12851 0 60 0
534 12 1100 742 -24 6 0 51 55
535 8 903 0 24 -12851 0 55 0
536 8 1100 0 24 -12851 0 60 0
537 12 742 500 -24 6 1 51 51
538 12 609 742 -24 6 1 51 51
539 8 903 0 -24 -12851 0 55 0
540 8 742 0 6 -12851 0 60 0
541 12 1100 742 -24 6 1 51 55
542 8 500 0 24 -12851 0 55 0
543 8 609 0 6 -12851 0 60 0
544 12 903 742 -24 6 1 51 55
545 12 742 609 24 -6 1 51 51
546 8 609 0 -6 -12851 1 60 0
547 8 609 0 6 -12851 0 55 0
548 12 742 609 -24 6 0 55 55
549 12 742 500 24 -6 0 55 55
550 8 1100 0 6 -12851 0 60 0
551 12 742 609 -24 6 0 51 55
552 12 742 609 24 -6 0 55 51
553 12 1100 742 24 -6 0 51 55
554 12 903 742 24 -6 0 51 55
555 8 1100 0 24 -12851 0 60 0
556 12 903 742 -24 6 0 55 51
557 12 500 742 24 -6 0 51 55
558 8 742 0 -24 -12851 0 55 0
559 12 1100 742 -24 6 1 55 55
560 12 742 500 -24 6 1 55 55
561 8 500 0 -6 -12851 1 60 0
562 8 742 0 6 -12851 1 55 0
563 8 609 0 6 -12851 1 55 0
564 12 609 742 -24 6 1 51 55
565 8 609 0 24 -12851 1 55 0
566 8 609 0 24 -12851 1 55 0
567 12 742 500 24 -6 0 55 55
568 8 609 0 -6 -12851 0 55 0
569 8 742 0 24 -12851 0 55 0
570 12 500 742 -24 6 1 51 55
571 12 609 742 -24 6 1 55 51
572 8 500 0 6 -12851 1 60 0
573 12 742 903 24 -6 1 55 55
574 12 742 609 -24 6 0 51 51
575 8 1100 0 -24 -12851 1 60 0
576 8 500 0 -6 -12851 1 60 0
577 8 1100 0 -24 -12851 0 55 0
578 12 742 1100 -24 6 1 55 51
579 8 903 0 -6 -12851 1 55 0
580 8 903 0 -24 -12851 0 60 0
581 12 742 500 -24 6 1 55 51
582 8 1100 0 -24 -12851 1 60 0
583 8 742 0 24 -12851 0 55 0
584 12 742 500 24 -6 1 51 51
585 12 742 1100 24 -6 0 51 51
586 12 609 742 -24 6 0 51 51
587 12 903 742 24 -6 1 55 51
588 12 1100 742 -24 6 1 55 55
589 12 500 742 -24 6 0 51 51
590 12 609 742 24 -6 0 55 51
591 8 742 0 24 -12851 1 55 0
592 8 500 0 -24 -12851 1 55 0
593 12 903 742 -24 6 1 51 55
594 8 903 0 6 -12851 0 55 0
595 8 500 0 -24 -12851 0 60 0
596 8 500 0 -6 -12851 0 60 0
597 12 742 903 24 -6 0 51 55
598 12 742 1100 24 -6 0 51 51
599 8 1100 0 24 -12851 0 55 0
600 12 742 903 -24 6 1 51 51
601 12 742 609 -24 6 1 55 51
602 12 903 742 24 -6 1 55 51
603 12 609 742 24 -6 0 55 55
604 8 1100 0 -24 -12851 0 60 0
605 8 1100 0 6 -12851 0 55 0
606 12 903 742 -24 6 0 55 55
607 12 742 1100 -24 6 0 55 51
608 12 1100 742 -24 6 0 51 55
609 8 500 0 6 -12851 0 55 0
610 8 500 0 -6 -12851 0 55 0
611 8 903 0 -6 -12851 0 55 0
612 12 742 903 -24 6 0 55 51
613 12 903 742 -24 6 0 51 51
614 12 1100 742 24 -6 0 51 51
615 8 903 0 -6 -12851 0 60 0
616 12 742 1100 -24 6 0 55 51
617 8 609 0 -24 -12851 0 60 0
618 8 609 0 -6 -12851 0 60 0
619 8 742 0 -6 -12851 0 60 0
620 12 742 1100 -24 6 0 51 55
621 12 609 742 24 -6 0 51 55
622 12 500 742 24 -6 0 51 55
623 12 742 500 24 -6 0 55 55
624 8 609 0 6 -12851 0 60 0
625 12 742 1100 -24 6 0 55 51
626 12 742 903 24 -6 0 55 51
627 8 903 0 24 -12851 0 55 0
628 12 1100 742 24 -6 0 55 55
629 12 903 742 -24 6 0 51 55
630 8 742 0 -24 -12851 0 60 0
631 8 742 0 -24 -12851 0 60 0
632 8 500 0 6 -12851 0 55 0
633 12 609 742 -24 6 0 55 51
634 8 500 0 24 -12851 0 55 0
635 8 742 0 6 -12851 0 55 0
636 8 500 0 -6 -12851 0 55 0
637 12 742 609 24 -6 0 55 55
638 12 1100 742 24 -6 0 51 55
639 8 609 0 -6 -12851 0 55 0
640 8 1100 0 6 -12851 0 55 0
641 12 609 742 -24 6 0 51 51
642 8 903 0 24 -12851 0 55 0
643 12 1100 742 -24 6 0 55 55
644 12 742 609 24 -6 0 55 55
645 12 742 609 24 -6 0 55 51
646 8 742 0 6 -12851 0 60 0
647 12 903 742 24 -6 0 55 55
648 8 742 0 6 -12851 0 60 0
649 8 609 0 24 -12851 0 60 0
650 12 609 742 -24 6 0 55 51
651 8 609 0 24 -12851 0 60 0
652 8 500 0 -24 -12851 0 55 0
653 8 903 0 -6 -12851 0 60 0
654 12 742 1100 -24 6 0 55 55
655 8 903 0 -6 -12851 0 55 0
656 8 1100 0 24 -12851 0 55 0
657 12 742 609 24 -6 0 55 51
658 12 742 903 24 -6 0 55 55
659 8 1100 0 -24 -12851 0 55 0
660 12 742 500 -24 6 0 55 55
661 12 742 500 -24 6 0 51 51
662 12 742 1100 -24 6 0 55 55
663 8 609 0 -6 -12851 0 55 0
664 12 742 1100 -24 6 0 51 55
665 12 1100 742 -24 6 0 55 51
666 8 609 0 -24 -12851 0 60 0
667 12 742 609 24 -6 0 51 55
668 8 742 0 6 -12851 0 60 0
669 12 609 742 24 -6 0 55 55
670 12 742 903 -24 6 0 51 51
671 12 1100 742 24 -6 0 55 55
672 12 742 903 -24 6 0 51 51
673 12 1100 742 24 -6 0 51 55
674 12 500 742 -24 6 0 55 55
675 12 903 742 -24 6 0 51 51
676 8 1100 0 24 -12851 0 60 0
677 12 903 742 -24 6 0 51 55
678 8 1100 0 -24 -12851 0 60 0
679 8 742 0 6 -12851 0 55 0
680 12 903 742 24 -6 0 55 51
681 12 742 609 24 -6 0 51 51
682 12 1100 742 24 -6 0 51 55
683 12 903 742 -24 6 0 55 51
684 8 1100 0 -24 -12851 0 55 0
685 8 500 0 -24 -12851 0 55 0
686 8 500 0 -6 -12851 0 55 0
687 8 609 0 -6 -12851 0 60 0
688 8 500 0 -24 -12851 0 60 0
689 12 742 1100 24 -6 0 55 55
690 12 742 609 24 -6 0 55 51
691 8 903 0 -6 -12851 0 55 0
692 12 903 742 24 -6 0 51 51
693 12 609 742 -24 6 0 55 51
694 8 903 0 -6 -12851 0 60 0
695 8 903 0 -6 -12851 0 55 0
696 8 742 0 24 -12851 0 55 0
697 8 609 0 -24 -12851 0 60 0
698 12 903 742 24 -6 0 51 51
699 8 1100 0 -24 -12851 0 55 0
700 12 1100 742 -24 6 0 51 55
701 12 742 500 -24 6 0 51 55
702 12 742 609 24 -6 0 55 51
703 12 1100 742 24 -6 0 55 51
704 12 903 742 24 -6 0 51 55
705 8 1100 0 24 -12851 0 55 0
706 12 1100 742 24 -6 0 51 55
707 8 609 0 -6 -12851 0 60 0
708 8 500 0 6 -12851 0 55 0
709 12 742 1100 24 -6 0 55 55
710 12 903 742 -24 6 0 55 55
711 12 903 742 -24 6 0 55 51
712 8 742 0 6 -12851 0 60 0
713 8 500 0 24 -12851 0 55 0
714 8 500 0 6 -12851 0 60 0
715 8 742 0 6 -12851 0 60 0
716 12 500 742 24 -6 0 51 55
717 12 609 742 24 -6 0 55 51
718 12 500 742 -24 6 0 51 51
719 8 1100 0 24 -12851 0 60 0
720 12 742 609 -24 6 0 51 55
721 8 742 0 -24 -12851 0 55 0
722 12 742 903 24 -6 0 55 55
723 8 609 0 -6 -12851 0 60 0
724 12 742 609 24 -6 0 51 55
725 12 742 609 -24 6 0 55 51
726 8 609 0 24 -12851 0 60 0
727 12 742 1100 24 -6 0 55 55
728 8 903 0 -24 -12851 0 55 0
729 8 903 0 -6 -12851 0 60 0
730 12 903 742 -24 6 0 51 51
731 8 903 0 6 -12851 0 55 0
732 12 609 742 24 -6 0 55 55
733 12 903 742 -24 6 0 51 51
734 12 1100 742 -24 6 0 55 55
735 12 742 609 -24 6 0 51 51
736 8 1100 0 6 -12851 0 55 0
737 8 1100 0 24 -12851 0 60 0
738 8 1100 0 -6 -12851 0 60 0
739 12 742 609 -24 6 0 55 55
740 12 742 500 -24 6 0 51 55
741 12 742 1100 24 -6 0 55 55
742 12 609 742 24 -6 0 51 55
743 12 742 1100 -24 6 0 51 55
744 8 609 0 6 -12851 0 55 0
745 8 500 0 -24 -12851 0 55 0
746 8 903 0 -24 -12851 0 55 0
747 8 742 0 -24 -12851 0 60 0
748 12 742 903 -24 6 0 55 55
749 8 1100 0 6 -12851 0 60 0
750 12 609 742 -24 6 0 51 55
751 12 742 500 24 -6 0 51 51
752 8 742 0 -6 -12851 0 55 0
753 12 742 903 24 -6 0 51 51
754 8 500 0 6 -12851 0 55 0
755 12 742 609 -24 6 0 51 55
756 8 903 0 -24 -12851 0 60 0
757 8 903 0 -24 -12851 0 55 0
758 12 1100 742 24 -6 0 55 55
759 12 1100 742 24 -6 0 55 51
760 8 609 0 -6 -12851 0 55 0
761 12 742 609 24 -6 0 55 55
762 8 1100 0 24 -12851 0 55 0
763 8 742 0 -6 -12851 0 60 0
764 12 500 742 -24 6 0 51 55
765 8 500 0 6 -12851 0 60 0
766 8 609 0 -6 -12851 0 55 0
767 8 903 0 -24 -12851 0 55 0
768 12 742 1100 -24 6 0 55 55
769 8 903 0 24 -12851 0 60 0
770 12 742 500 -24 6 0 55 51
771 8 500 0 24 -12851 0 55 0
772 12 742 609 -24 6 0 55 55
773 8 1100 0 -24 -12851 0 60 0
774 8 1100 0 -6 -12851 0 55 0
775 8 1100 0 -6 -12851 0 55 0
776 12 903 742 24 -6 0 55 55
777 12 742 1100 -24 6 0 51 55
778 12 742 903 -24 6 0 55 51
779 12 500 742 24 -6 0 55 51
780 12 742 609 -24 6 0 55 55
781 12 609 742 24 -6 0 51 55
782 12 742 903 24 -6 0 51 51
783 12 742 500 -24 6 0 55 51
784 12 742 1100 24 -6 0 51 51
785 8 609 0 6 -12851 0 55 0
786 8 500 0 -6 -12851 0 60 0
787 12 609 742 -24 6 0 51 51
788 8 500 0 -6 -12851 0 60 0
789 12 742 609 24 -6 0 51 51
790 12 903 742 -24 6 0 51 55
791 8 609 0 -24 -12851 0 60 0
792 8 742 0 6 -12851 0 60 0
793 12 609 742 24 -6 0 55 51
794 12 742 500 24 -6 0 51 51
795 8 609 0 24 -12851 0 60 0
796 8 742 0 24 -12851 0 60 0
797 8 742 0 24 -12851 0 60 0
798 8 903 0 6 -12851 0 55 0
799 8 903 0 24 -12851 0 60 0
800 12 742 609 24 -6 0 55 55
801 12 742 500 24 -6 0 55 55
802 8 903 0 24 -12851 0 55 0
803 8 903 0 -6 -12851 0 60 0
804 8 500 0 6 -12851 0 55 0
805 8 742 0 -24 -12851 0 55 0
806 12 742 609 24 -6 0 55 55
807 12 609 742 -24 6 0 51 51
808 12 742 903 -24 6 0 55 51
809 12 742 500 24 -6 0 55 55
810 8 609 0 24 -12851 0 55 0
811 12 609 742 -24 6 0 51 55
812 8 903 0 -6 -12851 0 55 0
813 12 742 1100 24 -6 0 55 55
814 8 500 0 -24 -12851 0 55 0
815 8 742 0 24 -12851 0 60 0
816 8 500 0 -24 -12851 0 60 0
817 12 742 500 24 -6 0 55 51
818 12 742 609 24 -6 0 51 55
819 12 742 903 -24 6 0 55 55
820 12 903 742 24 -6 0 51 51
821 8 609 0 -6 -12851 0 60 0
822 12 1100 742 24 -6 0 55 55
823 12 903 742 24 -6 0 55 55
824 12 742 1100 24 -6 0 55 51
825 8 609 0 -6 -12851 0 60 0
826 8 903 0 -24 -12851 0 60 0
827 12 742 903 24 -6 0 51 51
828 8 742 0 -6 -12851 0 55 0
829 12 609 742 24 -6 0 51 55
830 12 903 742 -24 6 0 55 55
831 12 609 742 -24 6 0 51 55
832 12 903 742 24 -6 0 55 55
833 12 742 609 24 -6 0 55 55
834 12 1100 742 24 -6 0 55 55
835 12 1100 742 -24 6 0 51 51
836 12 903 742 -24 6 0 51 55
837 8 1100 0 -6 -12851 0 55 0
838 12 742 903 -24 6 0 55 55
839 12 742 500 -24 6 0 55 51
840 12 742 1100 24 -6 0 51 51
841 12 742 609 24 -6 0 55 55
842 12 500 742 24 -6 0 55 55
843 12 742 609 -24 6 0 51 55
844 8 1100 0 -6 -12851 0 60 0
845 8 1100 0 -6 -12851 0 55 0
846 8 609 0 24 -12851 0 60 0
847 12 742 1100 -24 6 0 51 51
848 8 609 0 6 -12851 0 60 0
849 12 742 903 -24 6 0 55 55
850 8 500 0 -6 -12851 0 60 0
851 12 500 742 -24 6 0 55 55
852 8 609 0 -6 -12851 0 55 0
853 12 903 742 24 -6 0 51 55
854 8 500 0 24 -12851 0 60 0
855 8 500 0 -24 -12851 0 60 0
856 12 609 742 -24 6 0 51 51
857 8 1100 0 6 -12851 0 55 0
858 12 609 742 -24 6 0 55 55
859 8 609 0 -24 -12851 0 55 0
860 8 742 0 24 -12851 0 60 0
861 12 742 609 24 -6 0 55 55
862 12 609 742 24 -6 0 51 51
863 8 903 0 -24 -12851 0 55 0
864 12 1100 742 -24 6 0 55 51
865 8 742 0 24 -12851 0 60 0
866 8 903 0 6 -12851 0 55 0
867 12 742 903 -24 6 0 51 51
868 8 1100 0 -6 -12851 0 60 0
869 8 903 0 -24 -12851 0 55 0
870 8 1100 0 24 -12851 0 60 0
871 12 742 903 24 -6 0 51 51
872 12 742 609 -24 6 0 55 55
873 8 742 0 6 -12851 0 55 0
874 8 1100 0 -6 -12851 0 60 0
875 8 1100 0 -6 -12851 0 60 0
876 8 609 0 24 -12851 0 60 0
877 8 903 0 -6 -12851 0 55 0
878 8 903 0 6 -12851 0 60 0
879 12 500 742 -24 6 0 55 51
880 12 742 609 -24 6 0 51 51
881 8 903 0 6 -12851 0 55 0
882 8 609 0 -24 -12851 0 60 0
883 12 742 500 24 -6 0 55 51
884 12 1100 742 -24 6 0 51 55
885 8 609 0 6 -12851 0 55 0
886 12 903 742 -24 6 0 51 55
887 12 742 903 24 -6 0 51 51
888 12 609 742 24 -6 0 55 51
889 12 500 742 -24 6 0 55 55
890 12 742 609 -24 6 0 51 51
891 12 1100 742 -24 6 0 55 51
892 12 742 1100 -24 6 0 51 55
893 12 609 742 -24 6 0 51 51
894 8 1100 0 6 -12851 0 60 0
895 8 500 0 -6 -12851 0 60 0
896 8 500 0 -24 -12851 0 60 0
897 8 742 0 -24 -12851 0 55 0
898 12 903 742 -24 6 0 51 55
899 8 500 0 -6 -12851 0 55 0
900 8 1100 0 -6 -12851 0 55 0
901 8 742 0 6 -12851 0 60 0
902 8 742 0 -6 -12851 0 55 0
903 8 609 0 24 -12851 0 60 0
904 8 609 0 -6 -12851 0 55 0
905 8 500 0 -6 -12851 0 60 0
906 8 500 0 -6 -12851 0 55 0
907 12 609 742 -24 6 0 55 51
908 8 1100 0 24 -12851 0 60 0
909 12 742 609 -24 6 0 51 55
910 12 742 500 -24 6 0 51 55
911 8 1100 0 -6 -12851 0 60 0
912 12 742 500 24 -6 0 51 51
913 8 609 0 6 -12851 0 55 0
914 12 609 742 -24 6 0 55 55
915 12 609 742 -24 6 0 51 55
916 8 742 0 6 -12851 0 55 0
917 8 903 0 -24 -12851 0 55 0
918 12 609 742 -24 6 0 55 55
919 12 742 609 24 -6 0 55 51
920 8 1100 0 6 -12851 0 60 0
921 8 500 0 -24 -12851 0 60 0
922 8 609 0 -24 -12851 0 60 0
923 8 903 0 6 -12851 0 60 0
924 8 903 0 6 -12851 0 60 0
925 12 609 742 24 -6 0 55 51
926 12 742 500 -24 6 0 55 51
927 8 742 0 6 -12851 0 55 0
928 12 1100 742 24 -6 0 51 51
929 12 742 500 24 -6 0 51 51
930 12 500 742 -24 6 0 55 55
931 12 1100 742 -24 6 0 55 51
932 8 742 0 6 -12851 0 60 0
933 12 1100 742 24 -6 0 55 55
934 12 609 742 -24 6 0 51 55
935 12 742 609 -24 6 0 55 55
936 8 500 0 -24 -12851 0 60 0
937 8 500 0 -24 -12851 0 60 0
938 8 500 0 24 -12851 0 55 0
939 12 742 609 -24 6 0 55 55
940 12 1100 742 24 -6 0 51 51
941 8 742 0 -6 -12851 0 55 0
942 8 500 0 -24 -12851 0 60 0
943 8 1100 0 -24 -12851 0 60 0
944 8 903 0 -6 -12851 0 55 0
945 8 903 0 6 -12851 0 60 0
946 8 742 0 -24 -12851 0 55 0
947 8 742 0 -6 -12851 0 60 0
948 8 1100 0 -24 -12851 0 55 0
949 12 742 903 -24 6 0 51 51
950 12 742 609 -24 6 0 55 51
951 12 742 1100 -24 6 0 51 55
952 12 742 903 24 -6 0 51 55
953 8 903 0 -6 -12851 0 55 0
954 8 609 0 -6 -12851 0 60 0
955 12 742 903 -24 6 0 51 55
956 8 609 0 -6 -12851 0 55 0
957 12 742 500 24 -6 0 55 55
958 12 742 903 24 -6 0 55 51
959 8 1100 0 6 -12851 0 60 0
960 12 609 742 -24 6 0 51 55
961 12 609 742 24 -6 0 51 51
962 12 1100 742 -24 6 0 55 55
963 8 609 0 24 -12851 0 60 0
964 12 1100 742 24 -6 0 55 51
965 8 500 0 -6 -12851 0 55 0
966 12 742 500 -24 6 0 51 51
967 8 500 0 6 -12851 0 60 0
968 12 500 742 24 -6 0 51 51
969 8 1100 0 -24 -12851 0 60 0
970 8 1100 0 24 -12851 0 60 0
971 12 742 609 24 -6 0 55 55
972 12 742 609 -24 6 0 55 51
973 8 1100 0 -24 -12851 0 55 0
974 12 742 1100 -24 6 0 55 55
975 12 1100 742 24 -6 0 51 55
976 12 1100 742 24 -6 0 55 51
977 8 500 0 6 -12851 0 60 0
978 8 500 0 -6 -12851 0 55 0
979 12 742 1100 24 -6 0 51 55
980 12 742 500 -24 6 0 51 55
981 8 609 0 -24 -12851 0 55 0
982 12 1100 742 24 -6 0 55 55
983 8 609 0 -6 -12851 0 55 0
984 12 609 742 -24 6 0 55 51
985 12 742 1100 -24 6 0 55 55
986 12 1100 742 24 -6 0 55 51
987 12 742 903 24 -6 0 51 51
988 8 903 0 6 -12851 0 55 0
989 12 1100 742 -24 6 0 55 51
990 8 609 0 -24 -12851 0 55 0
991 8 903 0 -24 -12851 0 60 0
992 8 903 0 24 -12851 0 55 0
993 12 742 500 -24 6 0 51 51
994 8 742 0 -6 -12851 0 55 0
995 8 742 0 -6 -12851 0 60 0
996 8 742 0 24 -12851 0 60 0
997 12 742 903 -24 6 0 51 55
998 8 500 0 -6 -12851 0 55 0
999 12 742 1100 -24 6 0 55 55
1000 8 500 0 -6 -12851 0 60 0
1001 12 500 742 24 -6 0 51 51
1002 12 903 742 24 -6 0 51 55
1003 8 742 0 6 -12851 0 60 0
1004 12 1100 742 24 -6 0 55 55
1005 8 1100 0 6 -12851 0 60 0
1006 8 903 0 -6 -12851 0 55 0
1007 12 903 742 24 -6 0 55 55
1008 8 1100 0 -24 -12851 0 55 0
1009 8 609 0 24 -12851 0 55 0
1010 12 742 903 24 -6 0 51 55
1011 12 1100 742 24 -6 0 55 55
1012 8 500 0 -6 -12851 0 55 0
1013 8 903 0 -6 -12851 0 60 0
1014 12 742 903 -24 6 0 51 51
1015 12 742 500 -24 6 0 51 55
1016 12 609 742 -24 6 0 51 55
1017 12 742 903 -24 6 0 51 51
1018 12 742 903 -24 6 0 55 55
1019 12 500 742 24 -6 0 55 55
1020 8 903 0 24 -12851 0 60 0
1021 12 500 742 -24 6 0 51 55
1022 12 500 742 -24 6 0 55 55
1023 12 500 742 24 -6 0 51 51
1024 12 742 903 24 -6 0 51 51
1025 8 1100 0 6 -12851 0 55 0
1026 12 609 742 24 -6 0 55 51
1027 12 1100 742 -24 6 0 51 51
1028 12 903 742 24 -6 0 51 55
1029 8 742 0 -24 -12851 0 60 0
1030 12 742 903 -24 6 0 55 51
1031 8 742 0 -6 -12851 0 60 0
1032 12 1100 742 24 -6 0 55 51
1033 8 500 0 -24 -12851 0 55 0
1034 12 1100 742 24 -6 0 55 55
1035 12 903 742 -24 6 0 51 55
1036 8 609 0 24 -12851 0 60 0
1037 12 742 500 24 -6 0 51 55
1038 12 1100 742 24 -6 0 55 55
1039 12 742 903 24 -6 0 51 51
1040 12 742 1100 -24 6 0 55 55
1041 12 742 500 24 -6 0 51 51
1042 12 742 609 24 -6 0 55 51
1043 8 609 0 -6 -12851 0 60 0
1044 8 500 0 -24 -12851 0 60 0
1045 8 500 0 6 -12851 0 60 0
1046 12 500 742 -24 6 0 51 55
1047 8 1100 0 -24 -12851 0 55 0
1048 12 742 609 24 -6 0 55 55
1049 8 1100 0 -24 -12851 0 55 0
1050 12 742 903 -24 6 0 51 51
1051 8 1100 0 6 -12851 0 55 0
1052 8 500 0 -24 -12851 0 60 0
1053 12 742 500 24 -6 0 55 55
1054 12 742 903 -24 6 0 55 51
1055 12 500 742 24 -6 0 55 51
1056 12 609 742 -24 6 0 55 55
1057 8 500 0 -24 -12851 0 55 0
1058 12 742 1100 24 -6 0 55 55
1059 8 609 0 -24 -12851 0 55 0
1060 8 609 0 24 -12851 0 60 0
1061 12 742 903 -24 6 0 55 55
1062 8 903 0 -6 -12851 0 55 0
1063 8 609 0 24 -12851 0 55 0
1064 8 903 0 -6 -12851 0 60 0
1065 12 742 903 24 -6 0 51 51
1066 8 903 0 6 -12851 0 60 0
1067 12 742 609 -24 6 0 51 55
1068 12 742 1100 -24 6 0 55 55
1069 12 742 903 -24 6 0 51 51
1070 12 903 742 24 -6 0 55 51
1071 8 742 0 24 -12851 0 55 0
1072 12 742 903 -24 6 0 55 55
1073 12 742 903 24 -6 0 51 51
1074 12 742 500 24 -6 0 51 51
1075 12 742 500 -24 6 0 51 51
1076 12 742 500 24 -6 0 55 55
1077 8 742 0 6 -12851 0 55 0
1078 12 500 742 -24 6 0 51 51
1079 12 609 742 24 -6 0 51 51
1080 12 742 500 24 -6 0 51 51
1081 8 742 0 24 -12851 0 55 0
1082 12 903 742 -24 6 0 55 55
1083 12 903 742 -24 6 0 55 55
1084 8 500 0 6 -12851 0 60 0
1085 8 500 0 -6 -12851 0 55 0
1086 12 1100 742 -24 6 0 51 51
1087 8 1100 0 24 -12851 0 55 0
1088 12 742 903 24 -6 0 55 55
1089 8 742 0 -6 -12851 0 60 0
1090 12 500 742 24 -6 0 51 51
1091 8 903 0 -24 -12851 0 60 0
1092 8 903 0 -24 -12851 0 60 0
1093 8 500 0 -6 -12851 0 60 0
1094 12 742 1100 24 -6 0 55 55
1095 8 903 0 -24 -12851 0 60 0
1096 12 500 742 24 -6 0 51 51
1097 12 903 742 24 -6 0 55 55
1098 12 742 609 -24 6 0 55 51
1099 12 903 742 -24 6 0 51 55
1100 8 500 0 -6 -12851 0 55 0
1101 12 742 1100 -24 6 0 51 51
1102 12 1100 742 24 -6 0 55 51
1103 8 609 0 24 -12851 0 55 0
1104 8 1100 0 24 -12851 0 55 0
1105 12 1100 742 -24 6 0 51 51
1106 8 1100 0 6 -12851 0 60 0
1107 8 609 0 6 -12851 0 60 0
1108 12 903 742 -24 6 0 55 55
1109 12 609 742 24 -6 0 51 55
1110 8 742 0 -24 -12851 0 60 0
1111 12 742 1100 24 -6 0 55 55
1112 12 742 1100 24 -6 0 51 55
1113 12 609 742 -24 6 0 51 51
1114 12 742 500 24 -6 0 51 51
1115 8 742 0 24 -12851 0 55 0
1116 12 742 500 24 -6 0 55 55
1117 12 903 742 24 -6 0 55 51
1118 12 742 1100 24 -6 0 51 55
1119 8 609 0 24 -12851 0 60 0
1120 8 903 0 6 -12851 0 55 0
1121 8 903 0 6 -12851 0 55 0
1122 8 609 0 -6 -12851 0 60 0
1123 8 903 0 -6 -12851 0 55 0
1124 12 500 742 24 -6 0 51 55
1125 8 742 0 -6 -12851 0 60 0
1126 8 609 0 24 -12851 0 60 0
1127 8 903 0 -24 -12851 0 55 0
1128 12 742 500 -24 6 0 55 51
1129 8 609 0 6 -12851 0 55 0
1130 8 742 0 6 -12851 0 55 0
1131 8 742 0 -24 -12851 0 60 0
1132 8 1100 0 -6 -12851 0 60 0
1133 8 500 0 6 -12851 0 55 0
1134 12 742 903 24 -6 0 55 51
1135 12 500 742 24 -6 0 55 51
1136 12 742 609 24 -6 0 51 51
1137 12 609 742 -24 6 0 55 51
1138 12 742 500 -24 6 0 51 51
1139 12 742 609 -24 6 0 51 51
1140 8 1100 0 6 -12851 0 55 0
1141 12 742 1100 24 -6 0 51 51
1142 12 742 500 24 -6 0 55 55
1143 12 903 742 -24 6 0 55 55
1144 12 609 742 24 -6 0 55 55
1145 8 500 0 6 -12851 0 60 0
1146 12 500 742 24 -6 0 51 51
1147 8 1100 0 24 -12851 0 60 0
1148 12 1100 742 -24 6 0 55 51
1149 12 742 903 -24 6 0 55 55
1150 8 500 0 -24 -12851 0 60 0
1151 12 742 500 24 -6 0 55 55
1152 12 609 742 -24 6 0 55 51
1153 12 742 1100 -24 6 0 55 51
1154 8 1100 0 24 -12851 0 55 0
1155 8 1100 0 6 -12851 0 55 0
1156 12 742 1100 24 -6 0 51 51
1157 8 500 0 -6 -12851 0 60 0
1158 8 500 0 6 -12851 0 55 0
1159 8 500 0 -6 -12851 0 60 0
1160 8 609 0 24 -12851 0 55 0
1161 8 609 0 6 -12851 0 55 0
1162 8 903 0 -6 -12851 0 60 0
1163 12 609 742 24 -6 0 51 55
1164 8 742 0 -24 -12851 0 55 0
1165 12 742 1100 -24 6 0 55 55
1166 12 742 903 -24 6 0 51 51
1167 8 742 0 24 -12851 0 60 0
1168 12 742 1100 -24 6 0 51 55
1169 12 742 903 -24 6 0 55 55
1170 12 903 742 -24 6 0 55 55
1171 12 1100 742 24 -6 0 51 55
1172 12 1100 742 -24 6 0 51 55
1173 8 903 0 6 -12851 0 60 0
