890 8 742 0 6 -12851 0 60 0
891 8 609 0 6 -12851 0 60 0
892 8 609 0 -6 -12851 0 60 0
893 12 500 742 24 -6 0 51 51
894 8 1100 0 -6 -12851 0 55 0
895 12 742 1100 24 -6 0 55 51
896 8 500 0 24 -12851 1 60 0
897 12 500 742 24 -6 0 55 51
898 12 903 742 24 -6 0 55 51
899 12 903 742 -24 6 0 55 51
900 8 609 0 -6 -12851 0 55 0
901 8 903 0 -6 -12851 0 60 0
902 12 742 1100 -24 6 1 51 51
903 12 1100 742 24 -6 1 55 51
904 12 742 609 -24 6 0 51 55
905 8 500 0 -6 -12851 1 60 0
906 12 742 903 24 -6 1 51 51
907 12 500 742 -24 6 1 55 55
908 12 742 500 -24 6 1 55 51
909 8 903 0 24 -12851 1 60 0
910 8 742 0 -6 -12851 0 60 0
911 8 742 0 -6 -12851 1 55 0
912 12 742 1100 24 -6 1 51 55
913 12 903 742 -24 6 1 55 55
914 8 1100 0 24 -12851 1 55 0
915 12 742 1100 -24 6 1 55 55
916 12 742 500 -24 6 1 51 51
917 12 500 742 -24 6 1 51 51
918 8 1100 0 -6 -12851 1 55 0
919 8 609 0 -24 -12851 1 60 0
920 8 609 0 6 -12851 1 60 0
921 12 500 742 24 -6 1 55 55
922 8 609 0 24 -12851 1 60 0
923 8 903 0 6 -12851 1 55 0
924 12 742 903 24 -6 0 51 55
925 8 742 0 24 -12851 1 55 0
926 12 500 742 -24 6 1 51 51
927 12 742 903 -24 6 1 51 51
928 8 742 0 6 -12851 0 55 0
929 12 500 742 24 -6 1 55 55
930 12 609 742 24 -6 0 51 51
931 12 742 609 -24 6 1 51 55
932 8 903 0 -24 -12851 0 55 0
933 8 609 0 -24 -12851 1 55 0
934 12 742 1100 24 -6 0 55 51
935 8 903 0 6 -12851 1 60 0
936 8 742 0 -24 -12851 1 55 0
937 12 500 742 24 -6 1 51 51
938 12 1100 742 -24 6 1 51 55
939 8 1100 0 6 -12851 1 55 0
940 8 500 0 24 -12851 1 55 0
941 8 500 0 24 -12851 1 60 0
942 8 500 0 -6 -12851 0 60 0
943 12 609 742 -24 6 0 55 55
944 12 742 903 -24 6 1 55 51
945 8 1100 0 24 -12851 1 60 0
946 12 500 742 -24 6 1 55 55
947 8 1100 0 -6 -12851 1 55 0
948 12 742 903 24 -6 0 55 55
949 12 742 500 -24 6 0 51 51
950 12 742 1100 24 -6 0 51 51
951 8 500 0 -24 -12851 0 55 0
952 12 742 903 -24 6 1 51 51
953 12 742 500 -24 6 1 51 55
954 8 500 0 -24 -12851 1 55 0
955 8 903 0 -6 -12851 1 60 0
956 12 903 742 24 -6 1 55 55
957 12 742 1100 24 -6 1 51 51
958 8 742 0 24 -12851 1 55 0
959 8 609 0 -24 -12851 1 60 0
960 12 1100 742 24 -6 0 55 51
961 12 609 742 -24 6 1 51 51
962 8 609 0 -6 -12851 1 55 0
963 8 1100 0 24 -12851 1 60 0
964 12 742 609 24 -6 1 51 55
965 8 500 0 -6 -12851 0 55 0
966 12 500 742 24 -6 0 51 55
967 12 1100 742 -24 6 1 55 55
968 8 609 0 6 -12851 1 60 0
969 12 609 742 24 -6 0 51 51
970 12 609 742 24 -6 0 55 51
971 8 903 0 6 -12851 0 60 0
972 12 742 903 -24 6 1 55 51
973 8 500 0 24 -12851 1 55 0
974 12 903 742 -24 6 1 55 51
975 12 742 903 -24 6 1 55 51
976 8 903 0 6 -12851 1 55 0
977 8 742 0 24 -12851 1 60 0
978 12 903 742 -24 6 1 51 55
979 8 742 0 -6 -12851 0 55 0
980 12 1100 742 24 -6 1 55 55
981 8 1100 0 24 -12851 1 60 0
982 8 1100 0 -24 -12851 1 55 0
983 12 742 1100 -24 6 1 51 55
984 12 500 742 -24 6 1 55 55
985 12 742 500 24 -6 0 55 55
986 12 609 742 24 -6 1 51 51
987 8 609 0 6 -12851 1 55 0
988 8 609 0 -6 -12851 1 55 0
989 8 1100 0 -24 -12851 1 60 0
990 12 742 500 -24 6 1 55 55
991 8 1100 0 -6 -12851 0 60 0
992 12 1100 742 -24 6 1 51 51
993 8 1100 0 -6 -12851 1 55 0
994 8 903 0 -6 -12851 0 60 0
995 12 903 742 24 -6 1 55 55
996 8 500 0 -6 -12851 0 60 0
997 8 609 0 -6 -12851 0 55 0
998 8 500 0 -24 -12851 0 60 0
999 12 1100 742 -24 6 0 55 55
1000 8 742 0 24 -12851 0 60 0
1001 8 500 0 -24 -12851 1 60 0
1002 12 742 903 -24 6 1 55 51
1003 8 742 0 24 -12851 1 60 0
1004 12 742 500 -24 6 1 55 55
1005 12 742 609 24 -6 1 55 55
1006 12 742 1100 24 -6 0 55 51
1007 12 742 1100 24 -6 1 55 51
1008 8 609 0 -24 -12851 0 55 0
1009 8 742 0 24 -12851 0 55 0
1010 8 903 0 -6 -12851 1 55 0
1011 12 1100 742 24 -6 1 55 51
1012 12 742 609 24 -6 1 55 55
1013 12 1100 742 24 -6 1 51 51
1014 12 742 903 24 -6 0 51 55
1015 8 903 0 -24 -12851 1 55 0
1016 12 500 742 24 -6 0 51 51
1017 8 742 0 24 -12851 1 60 0
1018 12 609 742 24 -6 1 51 51
1019 8 742 0 -24 -12851 1 60 0
1020 8 609 0 -24 -12851 1 55 0
1021 8 1100 0 6 -12851 1 60 0
1022 12 742 609 24 -6 1 51 55
1023 8 1100 0 6 -12851 0 55 0
1024 8 500 0 6 -12851 0 55 0
1025 8 500 0 -24 -12851 1 55 0
1026 12 742 1100 24 -6 1 51 55
1027 8 609 0 24 -12851 0 55 0
1028 12 609 742 -24 6 0 51 55
1029 8 903 0 6 -12851 0 60 0
1030 12 742 903 24 -6 0 51 51
1031 12 903 742 -24 6 1 51 55
1032 12 742 500 24 -6 1 51 51
1033 12 609 742 24 -6 1 55 51
1034 8 1100 0 6 -12851 0 60 0
1035 12 500 742 -24 6 1 51 51
1036 8 903 0 6 -12851 0 55 0
1037 12 1100 742 -24 6 0 55 51
1038 12 742 1100 -24 6 1 55 55
1039 12 742 1100 -24 6 0 51 55
1040 8 609 0 -6 -12851 0 55 0
1041 8 742 0 24 -12851 1 60 0
1042 8 903 0 24 -12851 0 55 0
1043 8 500 0 -6 -12851 0 55 0
1044 8 742 0 -6 -12851 1 55 0
1045 8 609 0 -24 -12851 1 60 0
1046 8 609 0 24 -12851 1 60 0
1047 8 609 0 6 -12851 1 55 0
1048 12 500 742 24 -6 0 51 55
1049 12 500 742 24 -6 1 51 55
1050 12 742 609 -24 6 1 55 55
1051 8 903 0 -6 -12851 0 60 0
1052 12 609 742 -24 6 1 55 55
1053 12 742 609 24 -6 0 55 55
1054 12 609 742 24 -6 1 51 51
1055 8 742 0 6 -12851 1 55 0
1056 12 742 1100 24 -6 1 51 51
1057 12 500 742 -24 6 1 51 51
1058 8 742 0 -6 -12851 0 55 0
1059 8 903 0 6 -12851 0 55 0
1060 8 609 0 24 -12851 1 60 0
1061 12 903 742 -24 6 1 51 51
1062 12 742 1100 24 -6 1 55 55
1063 12 500 742 -24 6 1 55 51
1064 12 609 742 -24 6 1 55 55
1065 12 742 1100 -24 6 1 51 55
1066 12 609 742 -24 6 1 51 55
1067 8 903 0 6 -12851 1 55 0
1068 12 500 742 24 -6 1 55 51
1069 12 742 1100 24 -6 1 51 51
1070 8 742 0 24 -12851 1 55 0
1071 8 1100 0 -6 -12851 1 55 0
1072 12 742 903 24 -6 0 55 55
1073 8 500 0 24 -12851 1 60 0
1074 12 742 500 -24 6 1 51 51
1075 12 903 742 -24 6 1 51 55
1076 12 742 500 -24 6 1 55 51
1077 8 500 0 6 -12851 0 55 0
1078 8 500 0 6 -12851 1 60 0
1079 8 1100 0 -6 -12851 0 60 0
1080 12 742 1100 -24 6 1 55 51
1081 8 1100 0 -6 -12851 1 60 0
1082 12 609 742 24 -6 1 55 55
1083 8 1100 0 -6 -12851 1 55 0
1084 8 1100 0 6 -12851 1 55 0
1085 12 742 1100 24 -6 0 51 55
1086 8 1100 0 24 -12851 1 55 0
1087 12 903 742 24 -6 0 51 55
1088 8 1100 0 -6 -12851 1 60 0
1089 8 609 0 6 -12851 0 60 0
1090 12 500 742 24 -6 1 55 55
1091 12 742 609 -24 6 0 55 55
1092 12 500 742 -24 6 1 51 55
1093 8 609 0 6 -12851 1 60 0
1094 8 609 0 6 -12851 0 60 0
1095 12 742 903 -24 6 1 55 51
1096 8 742 0 -24 -12851 1 60 0
1097 8 500 0 24 -12851 1 60 0
1098 8 500 0 24 -12851 1 60 0
1099 12 742 1100 24 -6 1 51 51
1100 8 903 0 -6 -12851 0 55 0
1101 12 742 903 24 -6 0 55 55
1102 12 500 742 24 -6 0 51 55
1103 8 742 0 -24 -12851 0 55 0
1104 8 903 0 -6 -12851 1 60 0
1105 12 1100 742 -24 6 1 51 51
1106 12 1100 742 24 -6 1 55 55
1107 8 500 0 24 -12851 1 55 0
1108 8 742 0 6 -12851 0 55 0
1109 12 609 742 24 -6 1 55 55
1110 12 1100 742 -24 6 1 55 51
1111 12 742 1100 24 -6 1 55 55
1112 12 742 903 -24 6 1 51 55
1113 12 742 500 -24 6 1 55 55
1114 12 1100 742 24 -6 1 55 55
1115 8 903 0 -6 -12851 1 55 0
1116 8 903 0 -24 -12851 1 60 0
1117 12 742 903 -24 6 1 51 51
1118 12 903 742 -24 6 1 55 55
1119 8 903 0 6 -12851 0 55 0
1120 12 500 742 -24 6 1 55 51
1121 8 903 0 -6 -12851 0 60 0
1122 8 500 0 24 -12851 1 55 0
1123 8 1100 0 -24 -12851 1 60 0
1124 8 742 0 24 -12851 1 55 0
1125 12 500 742 24 -6 0 55 51
1126 12 742 609 24 -6 1 55 55
1127 12 742 609 -24 6 0 55 51
1128 8 609 0 6 -12851 1 55 0
1129 12 742 500 -24 6 1 55 55
1130 12 609 742 24 -6 0 55 55
1131 12 742 500 24 -6 1 51 51
1132 12 500 742 24 -6 1 55 55
1133 8 609 0 24 -12851 0 60 0
1134 8 609 0 6 -12851 0 60 0
1135 12 742 1100 24 -6 0 51 51
1136 8 903 0 24 -12851 1 55 0
1137 12 742 903 24 -6 1 51 55
1138 8 742 0 -6 -12851 1 60 0
1139 12 742 500 -24 6 1 51 55
1140 8 742 0 -6 -12851 1 55 0
1141 12 742 1100 -24 6 1 55 51
1142 12 500 742 24 -6 1 51 51
1143 8 500 0 6 -12851 1 55 0
1144 8 1100 0 6 -12851 0 60 0
1145 12 903 742 24 -6 1 55 51
1146 8 500 0 -24 -12851 0 55 0
1147 8 1100 0 -24 -12851 1 60 0
1148 8 1100 0 24 -12851 1 55 0
1149 8 1100 0 6 -12851 1 55 0
1150 12 500 742 -24 6 1 51 55
1151 8 500 0 24 -12851 1 60 0
1152 8 500 0 -6 -12851 1 60 0
1153 8 1100 0 6 -12851 1 55 0
1154 8 742 0 -6 -12851 0 60 0
1155 8 1100 0 -24 -12851 1 55 0
1156 12 903 742 -24 6 0 55 51
1157 8 500 0 -6 -12851 0 55 0
1158 12 1100 742 24 -6 1 55 51
1159 12 742 1100 24 -6 1 51 51
1160 12 500 742 -24 6 1 51 55
1161 12 903 742 -24 6 0 55 55
1162 12 742 1100 24 -6 1 51 55
1163 8 903 0 -6 -12851 1 55 0
1164 8 609 0 -24 -12851 1 55 0
1165 8 609 0 24 -12851 1 60 0
1166 8 742 0 -6 -12851 0 60 0
1167 8 903 0 -24 -12851 1 60 0
1168 12 742 903 -24 6 1 55 55
1169 12 742 609 24 -6 0 55 55
1170 12 742 609 24 -6 0 51 51
1171 8 742 0 -24 -12851 0 60 0
1172 8 609 0 24 -12851 1 55 0
1173 12 903 742 -24 6 1 55 55
1174 12 742 1100 -24 6 1 55 55
1175 8 903 0 24 -12851 1 60 0
1176 12 742 500 -24 6 1 55 55
1177 8 1100 0 -24 -12851 0 55 0
1178 8 1100 0 -6 -12851 0 55 0
1179 12 742 1100 24 -6 1 55 55
1180 8 742 0 -6 -12851 0 55 0
1181 8 742 0 -24 -12851 1 55 0
1182 8 1100 0 -6 -12851 1 55 0
1183 8 609 0 24 -12851 1 55 0
1184 8 500 0 24 -12851 1 55 0
1185 8 500 0 6 -12851 0 60 0
1186 12 742 1100 24 -6 1 55 51
1187 12 1100 742 -24 6 1 51 55
1188 12 742 500 -24 6 1 51 51
1189 8 903 0 -6 -12851 1 60 0
1190 8 500 0 6 -12851 0 60 0
1191 8 742 0 24 -12851 1 60 0
1192 12 742 609 -24 6 1 55 51
1193 8 903 0 -24 -12851 1 55 0
1194 8 903 0 6 -12851 1 60 0
1195 12 1100 742 -24 6 1 51 55
1196 12 609 742 -24 6 1 51 51
1197 8 609 0 6 -12851 0 60 0
1198 8 1100 0 -24 -12851 1 55 0
1199 12 609 742 24 -6 1 55 55
1200 8 609 0 6 -12851 0 60 0
1201 12 903 742 -24 6 1 55 55
1202 8 500 0 24 -12851 0 60 0
1203 12 1100 742 24 -6 0 55 51
1204 8 500 0 24 -12851 0 55 0
1205 8 609 0 6 -12851 0 60 0
1206 8 1100 0 24 -12851 0 60 0
1207 8 500 0 6 -12851 0 55 0
1208 12 1100 742 -24 6 1 55 55
1209 8 903 0 6 -12851 1 55 0
1210 8 609 0 6 -12851 0 55 0
1211 12 1100 742 24 -6 1 51 51
1212 12 500 742 24 -6 1 51 55
1213 12 500 742 24 -6 1 55 55
1214 12 1100 742 -24 6 1 51 51
1215 12 742 903 -24 6 1 55 51
1216 12 742 1100 24 -6 0 55 51
1217 8 1100 0 -24 -12851 0 55 0
1218 12 742 609 24 -6 0 55 55
1219 8 903 0 24 -12851 1 55 0
1220 8 903 0 -6 -12851 1 60 0
1221 8 1100 0 6 -12851 1 55 0
1222 12 742 500 24 -6 0 55 51
1223 8 609 0 6 -12851 1 60 0
1224 8 500 0 -6 -12851 1 55 0
1225 8 742 0 -6 -12851 0 55 0
1226 8 742 0 -24 -12851 1 55 0
1227 8 742 0 6 -12851 1 55 0
1228 12 1100 742 24 -6 1 55 55
1229 12 742 609 24 -6 0 55 51
1230 8 903 0 -6 -12851 0 60 0
1231 8 903 0 24 -12851 0 55 0
1232 8 903 0 -24 -12851 1 55 0
1233 8 609 0 -6 -12851 1 60 0
1234 8 500 0 -24 -12851 1 60 0
1235 8 903 0 6 -12851 1 55 0
1236 12 500 742 -24 6 1 51 55
1237 8 500 0 -6 -12851 1 55 0
1238 8 500 0 -6 -12851 1 60 0
1239 8 742 0 -6 -12851 1 60 0
1240 8 742 0 -24 -12851 1 55 0
1241 12 609 742 24 -6 1 51 51
1242 8 742 0 6 -12851 0 60 0
1243 12 1100 742 -24 6 1 51 55
1244 12 742 609 -24 6 0 55 51
1245 8 1100 0 6 -12851 0 60 0
1246 8 609 0 -6 -12851 1 60 0
1247 8 609 0 -24 -12851 1 55 0
1248 8 1100 0 6 -12851 1 60 0
1249 12 1100 742 -24 6 0 51 55
1250 8 1100 0 24 -12851 1 60 0
1251 12 500 742 -24 6 1 55 51
1252 8 742 0 -6 -12851 1 55 0
1253 8 742 0 6 -12851 1 55 0
1254 8 742 0 24 -12851 1 60 0
1255 8 1100 0 6 -12851 0 55 0
1256 12 742 500 24 -6 1 51 51
1257 12 1100 742 24 -6 1 55 55
1258 8 1100 0 -24 -12851 1 55 0
1259 8 500 0 -24 -12851 0 60 0
1260 12 609 742 24 -6 1 51 55
1261 12 742 609 -24 6 1 55 55
1262 12 500 742 -24 6 1 51 55
1263 12 903 742 -24 6 1 51 51
1264 12 500 742 24 -6 1 55 51
1265 12 742 609 -24 6 1 51 51
1266 12 742 903 24 -6 1 55 55
1267 12 1100 742 -24 6 1 51 55
1268 8 1100 0 -6 -12851 0 55 0
1269 8 609 0 24 -12851 0 55 0
1270 12 742 609 -24 6 1 51 51
1271 12 500 742 -24 6 1 51 55
1272 12 903 742 -24 6 1 51 51
1273 8 742 0 24 -12851 1 55 0
1274 12 903 742 24 -6 1 51 51
1275 8 903 0 24 -12851 1 55 0
1276 12 742 903 24 -6 0 51 51
1277 12 742 609 -24 6 1 51 51
1278 8 500 0 24 -12851 1 60 0
1279 12 903 742 24 -6 1 55 55
1280 12 500 742 24 -6 1 55 51
1281 8 500 0 -6 -12851 1 55 0
1282 12 903 742 24 -6 1 55 51
1283 12 500 742 24 -6 0 51 51
1284 12 903 742 -24 6 1 51 51
1285 8 609 0 -6 -12851 0 60 0
1286 12 742 500 24 -6 0 55 55
1287 12 742 500 24 -6 1 51 51
1288 12 609 742 24 -6 1 55 51
1289 8 903 0 6 -12851 1 60 0
1290 8 609 0 6 -12851 1 55 0
1291 8 903 0 -6 -12851 1 60 0
1292 12 903 742 24 -6 1 51 51
1293 8 742 0 6 -12851 1 60 0
1294 12 500 742 24 -6 1 51 51
1295 12 1100 742 -24 6 1 51 51
1296 8 742 0 24 -12851 1 55 0
1297 12 742 500 24 -6 1 55 51
1298 8 742 0 -6 -12851 0 55 0
1299 8 500 0 -24 -12851 1 60 0
1300 8 500 0 6 -12851 0 55 0
1301 8 609 0 24 -12851 0 60 0
1302 12 1100 742 24 -6 0 51 55
1303 12 500 742 24 -6 0 55 51
1304 8 903 0 -6 -12851 1 55 0
1305 12 903 742 -24 6 1 55 55
1306 12 609 742 -24 6 1 55 51
1307 12 1100 742 -24 6 1 55 55
1308 12 500 742 24 -6 0 51 51
1309 12 609 742 -24 6 1 51 51
1310 8 742 0 24 -12851 0 55 0
1311 12 742 500 24 -6 0 55 55
1312 8 903 0 6 -12851 0 60 0
1313 12 903 742 -24 6 0 55 51
1314 8 1100 0 -6 -12851 1 60 0
1315 8 1100 0 6 -12851 0 60 0
1316 8 609 0 -24 -12851 1 60 0
1317 12 742 903 -24 6 0 51 51
1318 12 742 1100 24 -6 0 51 51
1319 12 742 609 24 -6 1 51 51
1320 12 742 1100 24 -6 1 55 51
1321 12 500 742 -24 6 0 55 55
1322 12 609 742 -24 6 1 51 51
1323 12 742 500 -24 6 1 55 51
1324 8 500 0 6 -12851 0 60 0
1325 12 742 903 -24 6 1 55 55
1326 8 903 0 -6 -12851 0 55 0
1327 8 609 0 24 -12851 1 55 0
1328 12 903 742 -24 6 1 51 51
1329 12 742 903 24 -6 0 55 55
1330 12 742 500 24 -6 1 51 51
1331 8 1100 0 -6 -12851 0 60 0
1332 8 1100 0 -24 -12851 0 60 0
1333 8 1100 0 24 -12851 1 55 0
1334 12 742 1100 -24 6 1 51 51
1335 8 903 0 -6 -12851 0 55 0
1336 8 742 0 24 -12851 1 55 0
1337 12 609 742 -24 6 0 51 51
1338 12 742 609 24 -6 0 51 51
1339 8 742 0 -6 -12851 1 55 0
1340 12 742 609 -24 6 1 51 51
1341 8 609 0 6 -12851 0 60 0
1342 8 609 0 24 -12851 1 60 0
1343 8 1100 0 6 -12851 0 60 0
1344 12 609 742 -24 6 0 55 51
1345 12 1100 742 -24 6 0 51 51
1346 12 903 742 -24 6 1 55 51
1347 12 742 609 24 -6 1 55 55
1348 12 903 742 -24 6 0 51 51
1349 8 742 0 24 -12851 0 55 0
1350 12 903 742 24 -6 1 55 55
1351 8 903 0 -6 -12851 0 60 0
1352 8 903 0 24 -12851 0 55 0
1353 8 609 0 6 -12851 0 60 0
1354 12 742 500 24 -6 0 51 55
1355 12 500 742 24 -6 0 51 51
1356 8 1100 0 6 -12851 0 55 0
1357 12 742 609 24 -6 1 51 55
1358 8 500 0 -6 -12851 0 60 0
1359 12 742 1100 -24 6 1 55 55
1360 8 500 0 -24 -12851 0 60 0
1361 12 742 903 -24 6 0 55 51
1362 12 742 1100 24 -6 0 55 51
1363 12 609 742 -24 6 0 51 55
1364 12 742 609 -24 6 0 51 51
1365 8 500 0 -24 -12851 0 55 0
1366 12 609 742 -24 6 0 51 55
1367 12 742 500 24 -6 0 51 51
1368 8 903 0 -6 -12851 0 55 0
1369 8 903 0 24 -12851 0 60 0
1370 12 742 903 -24 6 0 51 51
1371 12 609 742 24 -6 0 51 55
1372 12 742 903 24 -6 0 51 55
1373 8 903 0 24 -12851 0 55 0
1374 12 1100 742 -24 6 0 51 55
1375 8 609 0 -6 -12851 0 60 0
1376 8 1100 0 24 -12851 0 60 0
1377 8 609 0 -24 -12851 0 60 0
1378 8 742 0 -6 -12851 0 55 0
1379 12 742 903 24 -6 0 51 51
1380 8 500 0 -6 -12851 0 60 0
1381 8 1100 0 -6 -12851 0 55 0
1382 8 903 0 24 -12851 0 55 0
1383 12 742 609 -24 6 0 51 51
1384 12 742 1100 -24 6 0 51 55
1385 8 1100 0 -6 -12851 0 55 0
1386 8 500 0 6 -12851 0 60 0
1387 12 742 500 -24 6 0 55 55
1388 12 742 903 24 -6 0 55 51
1389 12 742 903 24 -6 0 55 55
1390 8 500 0 -6 -12851 0 55 0
1391 12 742 500 -24 6 0 55 51
1392 8 742 0 -6 -12851 0 55 0
1393 8 742 0 6 -12851 0 55 0
1394 12 1100 742 24 -6 0 51 51
1395 12 742 1100 -24 6 0 51 55
1396 8 609 0 -24 -12851 0 55 0
1397 8 1100 0 -6 -12851 0 60 0
1398 12 609 742 24 -6 0 51 51
1399 8 1100 0 -6 -12851 0 55 0
1400 8 609 0 24 -12851 0 55 0
1401 12 742 1100 -24 6 0 51 51
1402 12 500 742 -24 6 0 51 51
1403 8 1100 0 -6 -12851 0 55 0
1404 12 609 742 -24 6 0 51 55
1405 12 609 742 24 -6 0 55 55
1406 12 500 742 24 -6 0 51 55
1407 12 742 500 24 -6 0 55 55
1408 12 609 742 24 -6 0 51 51
1409 12 742 1100 24 -6 0 51 55
1410 8 742 0 -24 -12851 0 55 0
1411 8 903 0 -24 -12851 0 60 0
1412 12 742 903 -24 6 1 51 51
1413 12 609 742 -24 6 0 51 51
1414 12 742 609 24 -6 0 55 51
1415 8 609 0 -24 -12851 0 55 0
1416 12 609 742 24 -6 1 55 55
1417 12 1100 742 24 -6 1 51 55
1418 8 742 0 -24 -12851 1 60 0
1419 8 500 0 24 -12851 1 55 0
1420 8 609 0 -24 -12851 1 55 0
1421 12 742 903 24 -6 1 51 51
1422 12 742 609 -24 6 0 55 51
1423 12 742 609 -24 6 1 55 51
1424 8 500 0 24 -12851 0 55 0
1425 8 500 0 -24 -12851 0 60 0
1426 8 742 0 6 -12851 0 55 0
1427 8 903 0 6 -12851 0 60 0
1428 12 903 742 -24 6 0 55 55
1429 12 500 742 -24 6 0 55 55
1430 12 742 500 -24 6 1 51 51
1431 8 1100 0 6 -12851 1 60 0
1432 8 903 0 24 -12851 1 55 0
1433 8 500 0 24 -12851 0 60 0
1434 8 500 0 6 -12851 1 60 0
1435 12 1100 742 -24 6 1 55 51
1436 12 903 742 24 -6 1 51 55
1437 8 500 0 24 -12851 1 55 0
1438 8 609 0 6 -12851 1 60 0
1439 8 609 0 -6 -12851 0 55 0
1440 12 742 1100 -24 6 1 51 51
1441 12 903 742 -24 6 1 51 55
1442 12 742 609 -24 6 0 51 51
1443 8 500 0 6 -12851 0 60 0
1444 12 609 742 -24 6 0 51 51
1445 12 500 742 -24 6 0 51 51
1446 12 1100 742 24 -6 0 51 55
1447 12 1100 742 -24 6 0 51 55
1448 12 500 742 24 -6 0 51 55
1449 12 609 742 24 -6 0 55 55
1450 12 903 742 24 -6 0 55 55
1451 8 609 0 6 -12851 0 55 0
1452 12 742 903 24 -6 0 51 51
1453 8 742 0 -6 -12851 0 55 0
1454 12 742 609 -24 6 1 55 51
1455 12 903 742 -24 6 1 55 51
1456 8 742 0 6 -12851 0 60 0
1457 12 500 742 -24 6 1 51 51
1458 8 742 0 -24 -12851 1 55 0
1459 8 903 0 -6 -12851 0 55 0
1460 8 903 0 6 -12851 0 55 0
1461 8 1100 0 24 -12851 0 55 0
1462 8 1100 0 24 -12851 1 60 0
1463 12 742 609 -24 6 1 55 55
1464 8 903 0 24 -12851 0 60 0
1465 8 1100 0 -24 -12851 1 60 0
1466 12 903 742 -24 6 1 55 55
1467 8 500 0 -24 -12851 1 60 0
1468 8 500 0 24 -12851 1 60 0
1469 8 609 0 24 -12851 1 60 0
1470 12 742 903 -24 6 1 51 55
1471 12 609 742 24 -6 1 55 55
1472 8 1100 0 -6 -12851 1 55 0
1473 8 500 0 -6 -12851 1 60 0
1474 12 742 1100 24 -6 1 51 55
1475 12 742 1100 24 -6 1 51 55
1476 12 500 742 24 -6 0 51 55
1477 8 903 0 6 -12851 1 55 0
1478 12 742 903 24 -6 0 55 55
1479 12 742 609 24 -6 0 55 51
1480 12 742 903 24 -6 0 51 55
1481 8 609 0 -24 -12851 1 60 0
1482 8 1100 0 -6 -12851 1 55 0
1483 12 500 742 24 -6 1 55 55
1484 8 903 0 6 -12851 0 55 0
1485 8 903 0 -24 -12851 1 55 0
1486 12 742 609 24 -6 1 55 51
1487 12 500 742 24 -6 0 51 55
1488 8 1100 0 -24 -12851 1 60 0
1489 8 609 0 -6 -12851 0 55 0
1490 12 742 1100 24 -6 1 51 55
1491 8 500 0 -24 -12851 1 55 0
1492 12 742 1100 24 -6 1 51 51
1493 8 742 0 6 -12851 1 60 0
1494 12 742 609 -24 6 1 51 55
1495 12 500 742 -24 6 1 51 51
1496 8 742 0 -24 -12851 1 60 0
1497 8 742 0 -6 -12851 1 60 0
1498 12 742 903 -24 6 1 55 51
1499 8 903 0 6 -12851 0 55 0
1500 8 903 0 24 -12851 1 60 0
1501 12 1100 742 24 -6 1 51 51
1502 12 742 609 -24 6 1 51 51
1503 8 1100 0 6 -12851 1 60 0
1504 12 609 742 -24 6 1 55 55
1505 12 903 742 -24 6 0 51 51
1506 8 1100 0 -6 -12851 1 55 0
1507 8 1100 0 24 -12851 0 55 0
1508 12 742 500 24 -6 1 51 55
1509 12 609 742 -24 6 1 51 51
1510 8 903 0 24 -12851 0 60 0
1511 12 742 903 -24 6 1 55 55
1512 8 500 0 24 -12851 0 60 0
1513 8 609 0 24 -12851 0 60 0
1514 8 742 0 6 -12851 0 55 0
1515 12 742 500 -24 6 1 55 51
1516 12 903 742 -24 6 1 51 55
1517 8 609 0 24 -12851 1 55 0
1518 12 742 903 -24 6 1 55 55
1519 8 609 0 6 -12851 1 55 0
1520 12 1100 742 -24 6 1 51 51
1521 8 742 0 -24 -12851 0 60 0
1522 8 742 0 -6 -12851 0 55 0
1523 8 903 0 -6 -12851 0 55 0
1524 12 742 903 -24 6 1 51 51
1525 12 742 903 -24 6 0 51 51
1526 12 903 742 -24 6 1 55 55
1527 12 742 609 24 -6 1 51 51
1528 8 500 0 -24 -12851 1 55 0
1529 12 742 903 -24 6 0 51 51
1530 8 500 0 6 -12851 1 55 0
1531 12 742 500 -24 6 1 51 55
1532 8 500 0 -6 -12851 1 55 0
1533 8 500 0 6 -12851 0 60 0
1534 8 1100 0 24 -12851 0 60 0
1535 8 742 0 -6 -12851 0 60 0
1536 12 742 903 24 -6 1 51 51
1537 8 1100 0 6 -12851 1 55 0
1538 12 1100 742 -24 6 1 55 55
1539 8 742 0 -6 -12851 0 60 0
1540 12 742 609 -24 6 1 55 55
1541 8 742 0 -6 -12851 1 55 0
1542 8 609 0 24 -12851 1 55 0
1543 12 1100 742 24 -6 0 55 55
1544 12 742 609 -24 6 1 55 55
1545 12 742 500 -24 6 1 55 51
1546 12 903 742 24 -6 1 55 55
1547 12 609 742 24 -6 1 55 55
1548 8 609 0 -6 -12851 1 60 0
1549 12 500 742 24 -6 0 55 55
1550 12 903 742 -24 6 1 51 51
1551 12 903 742 -24 6 1 51 55
1552 8 903 0 6 -12851 0 55 0
1553 8 500 0 24 -12851 0 60 0
1554 8 500 0 -24 -12851 0 60 0
1555 12 742 609 -24 6 1 51 55
1556 12 742 1100 24 -6 1 55 51
1557 12 609 742 24 -6 0 51 51
1558 8 609 0 -6 -12851 0 60 0
1559 12 742 500 -24 6 1 55 55
1560 8 903 0 -6 -12851 0 60 0
1561 12 742 903 24 -6 1 51 51
1562 8 903 0 6 -12851 1 55 0
1563 8 1100 0 24 -12851 1 55 0
1564 8 500 0 6 -12851 1 60 0
1565 8 500 0 24 -12851 1 60 0
1566 12 1100 742 24 -6 0 55 51
1567 8 903 0 -6 -12851 0 60 0
1568 8 903 0 24 -12851 0 55 0
1569 8 609 0 -6 -12851 0 60 0
1570 12 742 1100 -24 6 1 51 51
1571 12 742 500 24 -6 0 55 51
1572 12 742 903 24 -6 1 55 55
1573 12 903 742 -24 6 0 51 51
1574 8 742 0 -6 -12851 0 60 0
1575 8 742 0 6 -12851 0 60 0
1576 8 609 0 24 -12851 1 55 0
1577 12 903 742 24 -6 1 55 55
1578 12 500 742 24 -6 1 55 55
1579 8 742 0 6 -12851 1 55 0
1580 12 742 609 -24 6 0 55 51
1581 12 500 742 24 -6 1 51 55
1582 12 1100 742 -24 6 1 51 51
1583 8 609 0 -24 -12851 1 55 0
1584 12 609 742 24 -6 1 51 55
1585 8 903 0 6 -12851 1 60 0
1586 8 500 0 -6 -12851 0 55 0
1587 8 500 0 24 -12851 1 55 0
1588 12 742 903 -24 6 1 55 55
1589 8 1100 0 -6 -12851 0 60 0
1590 8 1100 0 -6 -12851 0 60 0
1591 12 742 500 -24 6 0 51 55
1592 8 1100 0 -6 -12851 1 60 0
1593 8 500 0 24 -12851 0 55 0
1594 8 500 0 24 -12851 1 55 0
1595 12 609 742 24 -6 1 55 51
1596 12 609 742 24 -6 0 55 55
1597 12 609 742 24 -6 0 51 55
1598 8 742 0 24 -12851 1 55 0
1599 8 742 0 6 -12851 1 60 0
1600 8 1100 0 24 -12851 0 60 0
1601 12 742 903 24 -6 0 55 55
1602 12 742 609 -24 6 1 55 55
1603 8 903 0 -24 -12851 1 55 0
1604 8 1100 0 -24 -12851 1 60 0
1605 12 742 609 24 -6 1 51 51
1606 8 1100 0 -6 -12851 1 55 0
1607 12 742 903 24 -6 0 55 51
1608 8 903 0 6 -12851 0 60 0
1609 8 742 0 -24 -12851 0 55 0
1610 8 903 0 -24 -12851 0 55 0
1611 12 742 1100 -24 6 0 51 55
1612 8 609 0 -24 -12851 0 60 0
1613 12 742 1100 -24 6 1 55 55
1614 8 609 0 -24 -12851 0 60 0
1615 8 500 0 6 -12851 1 55 0
1616 12 903 742 24 -6 0 51 51
1617 8 500 0 24 -12851 1 55 0
1618 12 1100 742 24 -6 1 55 51
1619 8 609 0 -6 -12851 0 55 0
1620 12 742 609 -24 6 1 51 55
1621 8 742 0 -24 -12851 1 55 0
1622 8 742 0 6 -12851 1 60 0
1623 8 1100 0 24 -12851 1 55 0
1624 12 903 742 24 -6 0 51 51
1625 12 609 742 -24 6 1 51 55
1626 8 500 0 -24 -12851 0 55 0
1627 8 1100 0 -24 -12851 0 60 0
1628 8 609 0 -6 -12851 1 60 0
1629 12 1100 742 24 -6 0 51 55
1630 8 1100 0 6 -12851 0 55 0
1631 8 903 0 6 -12851 1 60 0
1632 12 742 1100 -24 6 1 51 51
1633 12 609 742 -24 6 1 55 55
1634 12 903 742 24 -6 1 51 51
1635 12 500 742 -24 6 1 55 55
1636 12 742 609 -24 6 1 55 51
1637 8 742 0 24 -12851 1 55 0
1638 12 742 500 -24 6 0 55 51
1639 8 609 0 24 -12851 1 55 0
1640 12 742 1100 -24 6 0 55 51
1641 12 742 609 -24 6 1 51 55
1642 8 742 0 6 -12851 0 55 0
1643 8 903 0 24 -12851 0 60 0
1644 12 742 903 24 -6 0 55 51
1645 8 500 0 6 -12851 0 55 0
1646 12 1100 742 -24 6 0 55 55
1647 8 500 0 -6 -12851 1 60 0
1648 12 742 903 -24 6 1 51 55
1649 12 1100 742 -24 6 1 51 51
1650 12 742 500 -24 6 1 55 55
1651 8 903 0 -24 -12851 1 60 0
1652 8 609 0 -24 -12851 1 55 0
1653 8 609 0 -6 -12851 1 55 0
1654 8 609 0 24 -12851 1 60 0
1655 12 1100 742 -24 6 1 51 55
1656 12 742 609 -24 6 1 51 55
1657 8 609 0 -24 -12851 1 60 0
1658 8 903 0 -24 -12851 1 55 0
1659 8 609 0 6 -12851 0 55 0
1660 8 500 0 24 -12851 0 60 0
1661 8 500 0 -24 -12851 1 55 0
1662 8 742 0 24 -12851 1 55 0
1663 8 903 0 -24 -12851 0 60 0
1664 12 742 609 24 -6 0 51 51
1665 12 742 1100 24 -6 0 55 51
1666 12 903 742 24 -6 0 55 51
1667 12 742 903 24 -6 0 51 55
1668 12 742 500 24 -6 0 55 51
1669 8 500 0 6 -12851 1 55 0
1670 12 1100 742 24 -6 1 51 51
1671 12 742 609 24 -6 0 55 51
1672 8 1100 0 -24 -12851 1 60 0
1673 8 1100 0 -24 -12851 0 60 0
1674 12 742 1100 24 -6 0 51 51
1675 12 609 742 24 -6 0 55 55
1676 8 903 0 -6 -12851 1 55 0
1677 8 1100 0 6 -12851 1 55 0
1678 8 742 0 -6 -12851 1 60 0
1679 12 742 1100 -24 6 1 55 55
1680 8 742 0 -6 -12851 0 60 0
1681 8 1100 0 -6 -12851 0 55 0
1682 12 742 1100 -24 6 0 51 51
1683 8 1100 0 -24 -12851 0 60 0
1684 12 609 742 24 -6 0 51 51
1685 8 609 0 -6 -12851 0 60 0
1686 8 903 0 6 -12851 0 55 0
1687 8 903 0 24 -12851 0 60 0
1688 12 609 742 24 -6 1 51 51
1689 12 500 742 -24 6 1 55 55
1690 8 903 0 6 -12851 0 55 0
1691 12 609 742 24 -6 1 55 51
1692 8 609 0 24 -12851 1 55 0
1693 8 609 0 24 -12851 0 55 0
1694 8 742 0 -24 -12851 1 55 0
1695 12 500 742 -24 6 1 51 55
1696 12 742 903 24 -6 1 55 51
1697 12 1100 742 -24 6 0 55 55
1698 12 500 742 24 -6 1 55 55
1699 8 500 0 -6 -12851 0 55 0
1700 12 742 903 -24 6 0 51 55
1701 12 609 742 -24 6 0 51 51
1702 12 1100 742 24 -6 0 51 51
1703 8 1100 0 -6 -12851 0 60 0
1704 12 609 742 24 -6 0 55 51
1705 12 742 500 -24 6 0 55 55
1706 12 742 1100 -24 6 0 51 55
1707 12 903 742 24 -6 0 51 51
1708 12 742 500 24 -6 1 51 51
1709 12 742 500 24 -6 1 55 55
1710 8 500 0 -24 -12851 1 55 0
1711 8 742 0 -24 -12851 1 55 0
1712 8 1100 0 -6 -12851 1 60 0
1713 12 609 742 24 -6 0 55 51
1714 12 742 500 24 -6 1 51 55
1715 8 742 0 6 -12851 1 55 0
1716 8 500 0 24 -12851 0 55 0
1717 8 609 0 6 -12851 0 60 0
1718 8 609 0 -24 -12851 0 55 0
1719 12 742 1100 -24 6 0 55 55
1720 12 742 903 -24 6 1 51 51
1721 12 903 742 24 -6 1 55 51
1722 8 500 0 24 -12851 1 60 0
1723 12 742 1100 -24 6 1 55 55
1724 8 500 0 -24 -12851 1 55 0
1725 12 742 609 -24 6 1 51 55
1726 12 742 1100 24 -6 1 55 55
1727 12 903 742 -24 6 0 55 51
1728 8 500 0 -24 -12851 1 55 0
1729 12 742 903 24 -6 0 55 55
1730 8 609 0 24 -12851 0 55 0
1731 12 742 903 -24 6 0 51 51
1732 12 742 903 -24 6 1 55 51
1733 12 742 903 -24 6 1 55 51
1734 8 742 0 6 -12851 0 55 0
1735 12 609 742 24 -6 0 55 55
1736 8 609 0 24 -12851 0 55 0
1737 12 742 609 -24 6 0 55 55
1738 12 500 742 24 -6 0 55 51
1739 12 742 903 -24 6 0 55 55
1740 12 500 742 -24 6 0 55 51
1741 8 1100 0 6 -12851 1 60 0
1742 12 1100 742 24 -6 0 55 55
1743 8 903 0 24 -12851 1 60 0
1744 8 1100 0 24 -12851 0 60 0
1745 8 742 0 6 -12851 1 60 0
1746 8 742 0 -6 -12851 1 60 0
1747 12 1100 742 24 -6 1 51 51
1748 8 1100 0 -6 -12851 0 55 0
1749 8 903 0 -24 -12851 0 55 0
1750 8 903 0 24 -12851 1 60 0
1751 12 742 903 24 -6 1 51 51
1752 8 1100 0 -6 -12851 1 55 0
1753 12 742 500 -24 6 0 55 51
1754 12 903 742 -24 6 0 51 55
1755 12 609 742 -24 6 0 55 51
1756 12 742 609 24 -6 0 51 55
1757 12 903 742 -24 6 0 55 55
1758 12 500 742 24 -6 0 51 51
1759 8 1100 0 6 -12851 0 55 0
1760 12 1100 742 -24 6 1 51 55
1761 8 500 0 24 -12851 0 55 0
1762 12 609 742 -24 6 0 55 51
1763 12 903 742 24 -6 0 55 51
1764 8 1100 0 6 -12851 0 55 0
1765 12 609 742 24 -6 0 51 51
1766 8 500 0 24 -12851 0 55 0
1767 8 609 0 -6 -12851 0 55 0
1768 8 500 0 -24 -12851 1 55 0
1769 12 742 903 -24 6 1 55 51
1770 12 500 742 -24 6 1 55 51
1771 8 903 0 6 -12851 1 60 0
1772 12 500 742 24 -6 1 51 55
1773 8 903 0 6 -12851 0 55 0
1774 12 742 1100 24 -6 0 51 51
1775 12 903 742 24 -6 0 51 51
1776 8 903 0 24 -12851 1 55 0
1777 8 742 0 -6 -12851 0 60 0
1778 12 742 500 -24 6 0 51 51
1779 12 500 742 -24 6 0 55 55
1780 8 1100 0 6 -12851 0 55 0
1781 8 742 0 24 -12851 0 55 0
1782 8 609 0 24 -12851 0 55 0
1783 8 609 0 -24 -12851 0 55 0
1784 12 903 742 24 -6 1 55 55
1785 8 742 0 -24 -12851 0 60 0
1786 8 1100 0 24 -12851 0 55 0
1787 8 1100 0 -6 -12851 0 60 0
1788 8 500 0 6 -12851 0 55 0
1789 8 500 0 -24 -12851 0 60 0
1790 8 1100 0 -6 -12851 0 55 0
1791 12 742 1100 24 -6 0 55 51
1792 12 742 609 24 -6 0 55 55
1793 12 609 742 24 -6 0 55 55
1794 8 742 0 6 -12851 0 55 0
1795 12 742 1100 -24 6 0 51 55
1796 8 1100 0 6 -12851 0 55 0
1797 8 500 0 24 -12851 0 60 0
1798 12 742 903 24 -6 0 51 51
1799 12 742 609 24 -6 0 51 51
1800 12 609 742 24 -6 0 55 55
1801 12 742 500 24 -6 0 51 51
1802 8 903 0 24 -12851 0 55 0
1803 12 1100 742 -24 6 0 55 51
1804 8 609 0 -24 -12851 0 55 0
1805 12 609 742 24 -6 0 55 51
1806 8 609 0 -24 -12851 0 55 0
1807 8 742 0 6 -12851 0 60 0
1808 12 903 742 24 -6 0 55 51
1809 8 903 0 -24 -12851 0 60 0
1810 12 903 742 -24 6 0 51 51
1811 8 742 0 -24 -12851 0 60 0
1812 8 609 0 -6 -12851 0 55 0
1813 12 742 500 -24 6 0 51 51
1814 12 500 742 -24 6 0 51 55
1815 12 742 1100 -24 6 0 55 55
1816 8 903 0 6 -12851 0 55 0
1817 8 500 0 -6 -12851 0 55 0
1818 12 742 500 -24 6 1 55 55
1819 8 500 0 6 -12851 0 55 0
