267 8 742 0 -24 -12851 0 60 0
268 8 500 0 6 -12851 0 60 0
269 8 500 0 -24 -12851 0 60 0
270 8 500 0 -24 -12851 0 55 0
271 8 742 0 6 -12851 0 60 0
272 8 609 0 -24 -12851 0 60 0
273 12 742 500 -24 6 0 55 55
274 12 742 609 24 -6 1 51 55
275 8 609 0 -24 -12851 1 60 0
276 12 742 903 24 -6 0 51 55
277 12 742 1100 24 -6 1 51 51
278 12 742 1100 24 -6 0 51 55
279 12 500 742 24 -6 1 55 51
280 8 903 0 24 -12851 1 55 0
281 8 609 0 -6 -12851 0 55 0
282 12 1100 742 -24 6 1 55 55
283 8 500 0 24 -12851 1 60 0
284 12 742 609 24 -6 1 55 51
285 8 903 0 -24 -12851 1 60 0
286 8 742 0 -24 -12851 0 60 0
287 8 1100 0 -24 -12851 0 60 0
288 12 903 742 -24 6 1 51 51
289 12 742 609 24 -6 0 51 51
290 12 1100 742 -24 6 1 51 55
291 8 1100 0 6 -12851 0 55 0
292 12 903 742 -24 6 0 51 51
293 12 742 609 24 -6 1 55 51
294 8 742 0 -6 -12851 0 55 0
295 12 500 742 24 -6 1 51 55
296 8 903 0 24 -12851 0 55 0
297 8 1100 0 24 -12851 1 55 0
298 8 1100 0 -6 -12851 1 55 0
299 12 742 903 24 -6 0 51 55
300 12 742 500 -24 6 0 51 55
301 12 742 500 24 -6 0 51 51
302 12 742 1100 -24 6 0 55 55
303 8 1100 0 -24 -12851 1 55 0
304 12 903 742 -24 6 0 51 55
305 8 609 0 6 -12851 0 55 0
306 8 609 0 -24 -12851 0 55 0
307 12 742 903 24 -6 0 51 51
308 8 609 0 24 -12851 1 55 0
309 8 742 0 6 -12851 1 60 0
310 8 903 0 24 -12851 0 55 0
311 12 742 609 24 -6 0 51 55
312 12 742 500 24 -6 0 55 55
313 12 609 742 -24 6 0 51 51
314 8 742 0 6 -12851 0 60 0
315 8 742 0 6 -12851 0 60 0
316 12 1100 742 24 -6 0 51 51
317 12 742 903 24 -6 0 55 55
318 12 1100 742 24 -6 0 51 51
319 8 1100 0 -24 -12851 0 60 0
320 12 742 609 24 -6 0 55 51
321 8 903 0 24 -12851 0 60 0
322 12 742 903 24 -6 0 55 55
323 8 1100 0 24 -12851 0 60 0
324 8 903 0 -24 -12851 0 60 0
325 8 500 0 6 -12851 0 55 0
326 12 609 742 -24 6 0 51 51
327 12 742 609 -24 6 1 55 51
328 12 500 742 24 -6 0 55 51
329 8 500 0 -24 -12851 1 55 0
330 8 500 0 24 -12851 0 60 0
331 12 500 742 -24 6 0 55 51
332 8 500 0 -6 -12851 0 55 0
333 12 903 742 -24 6 1 55 55
334 12 903 742 24 -6 0 51 51
335 8 500 0 24 -12851 0 55 0
336 12 500 742 24 -6 1 55 55
337 8 742 0 -24 -12851 1 60 0
338 8 1100 0 24 -12851 1 55 0
339 12 903 742 -24 6 1 55 51
340 8 500 0 -6 -12851 1 60 0
341 8 500 0 6 -12851 0 60 0
342 8 1100 0 -6 -12851 1 60 0
343 8 742 0 6 -12851 0 60 0
344 8 742 0 24 -12851 1 55 0
345 12 742 609 24 -6 1 51 55
346 12 500 742 -24 6 0 55 55
347 12 742 500 -24 6 1 55 55
348 8 1100 0 24 -12851 0 60 0
349 12 742 903 24 -6 1 55 51
350 8 903 0 6 -12851 1 60 0
351 8 609 0 -24 -12851 0 60 0
352 12 903 742 -24 6 0 51 51
353 12 500 742 24 -6 0 55 51
354 12 742 609 24 -6 0 55 55
355 8 609 0 -6 -12851 1 55 0
356 12 1100 742 -24 6 1 51 55
357 8 609 0 24 -12851 1 55 0
358 8 903 0 24 -12851 1 60 0
359 12 500 742 -24 6 1 51 51
360 8 903 0 6 -12851 0 60 0
361 12 742 903 24 -6 1 55 55
362 8 742 0 24 -12851 1 60 0
363 12 742 1100 -24 6 1 51 51
364 12 1100 742 24 -6 1 51 55
365 12 742 609 24 -6 1 51 55
366 12 742 609 24 -6 1 55 51
367 8 742 0 24 -12851 0 55 0
368 12 742 500 -24 6 0 51 51
369 8 500 0 -24 -12851 1 55 0
370 12 742 903 -24 6 0 51 51
371 8 500 0 -24 -12851 0 55 0
372 12 500 742 24 -6 0 55 55
373 8 609 0 6 -12851 0 60 0
374 8 742 0 24 -12851 0 55 0
375 8 500 0 -24 -12851 1 60 0
376 8 609 0 24 -12851 0 55 0
377 8 1100 0 24 -12851 1 55 0
378 8 609 0 6 -12851 0 55 0
379 12 500 742 -24 6 0 51 51
380 8 1100 0 -24 -12851 1 55 0
381 12 742 609 -24 6 1 55 55
382 8 742 0 24 -12851 1 60 0
383 8 903 0 -6 -12851 1 55 0
384 12 903 742 -24 6 1 51 55
385 12 1100 742 24 -6 1 51 55
386 8 903 0 24 -12851 1 55 0
387 12 742 1100 24 -6 1 55 51
388 12 742 903 24 -6 0 55 51
389 12 500 742 -24 6 0 55 51
390 12 903 742 -24 6 0 55 51
391 8 903 0 24 -12851 0 55 0
392 12 500 742 -24 6 1 55 55
393 12 500 742 -24 6 0 55 55
394 8 1100 0 6 -12851 1 55 0
395 12 903 742 -24 6 0 51 51
396 12 742 609 24 -6 0 55 51
397 8 903 0 24 -12851 0 55 0
398 12 903 742 24 -6 0 55 51
399 8 903 0 6 -12851 0 55 0
400 8 742 0 -6 -12851 0 60 0
401 8 1100 0 24 -12851 0 55 0
402 12 742 903 -24 6 0 55 51
403 12 903 742 -24 6 1 51 55
404 8 903 0 6 -12851 1 60 0
405 12 742 1100 -24 6 1 51 51
406 8 742 0 6 -12851 0 55 0
407 8 609 0 24 -12851 0 55 0
408 8 1100 0 -24 -12851 1 60 0
409 8 500 0 24 -12851 1 55 0
410 12 903 742 -24 6 0 51 51
411 12 1100 742 -24 6 1 51 51
412 8 609 0 24 -12851 1 60 0
413 8 903 0 24 -12851 0 55 0
414 8 609 0 24 -12851 1 60 0
415 12 742 903 -24 6 1 51 55
416 8 742 0 -6 -12851 1 55 0
417 12 609 742 24 -6 1 51 51
418 12 742 903 -24 6 0 55 51
419 12 742 500 24 -6 0 51 51
420 12 500 742 24 -6 0 55 55
421 8 1100 0 6 -12851 1 60 0
422 12 742 1100 -24 6 0 55 55
423 12 1100 742 24 -6 1 51 51
424 12 742 500 24 -6 1 51 51
425 12 742 1100 -24 6 1 55 55
426 8 500 0 6 -12851 0 60 0
427 8 500 0 -6 -12851 1 60 0
428 12 609 742 24 -6 0 51 55
429 8 1100 0 6 -12851 1 55 0
430 8 1100 0 6 -12851 1 55 0
431 8 903 0 -6 -12851 1 60 0
432 12 903 742 24 -6 0 55 55
433 8 500 0 -24 -12851 0 60 0
434 12 742 500 24 -6 1 51 51
435 12 609 742 24 -6 0 55 55
436 8 903 0 6 -12851 0 55 0
437 8 742 0 6 -12851 0 60 0
438 8 609 0 24 -12851 0 60 0
439 8 1100 0 24 -12851 0 55 0
440 12 609 742 -24 6 0 55 51
441 12 742 1100 24 -6 0 55 51
442 12 1100 742 -24 6 0 51 55
443 8 742 0 -24 -12851 1 55 0
444 12 903 742 24 -6 1 51 55
445 8 1100 0 -6 -12851 1 60 0
446 12 742 903 24 -6 0 51 55
447 12 742 1100 -24 6 0 51 55
448 8 903 0 -24 -12851 0 60 0
449 12 903 742 24 -6 0 55 55
450 12 903 742 24 -6 0 51 51
451 8 742 0 24 -12851 0 55 0
452 12 742 609 -24 6 0 55 55
453 8 609 0 24 -12851 0 55 0
454 12 742 500 -24 6 0 55 55
455 8 609 0 6 -12851 0 60 0
456 8 500 0 6 -12851 0 55 0
457 8 500 0 24 -12851 0 60 0
458 8 903 0 -24 -12851 1 60 0
459 8 903 0 24 -12851 1 60 0
460 8 742 0 6 -12851 0 55 0
461 8 903 0 6 -12851 0 60 0
462 12 1100 742 24 -6 0 51 55
463 8 903 0 -6 -12851 0 60 0
464 12 742 500 24 -6 0 55 55
465 12 742 609 24 -6 0 55 51
466 8 1100 0 24 -12851 0 55 0
467 8 500 0 -6 -12851 0 55 0
468 12 1100 742 -24 6 0 55 55
469 8 1100 0 -24 -12851 0 60 0
470 8 742 0 -24 -12851 0 60 0
471 12 1100 742 24 -6 0 55 55
472 8 1100 0 6 -12851 0 60 0
473 12 742 500 -24 6 0 51 55
474 12 903 742 -24 6 0 55 55
475 12 609 742 24 -6 0 51 55
476 12 903 742 24 -6 0 55 51
477 12 742 500 24 -6 0 51 55
478 12 500 742 -24 6 0 51 55
479 8 500 0 -6 -12851 1 60 0
480 12 903 742 24 -6 1 51 55
481 8 609 0 6 -12851 1 55 0
482 8 500 0 24 -12851 1 55 0
483 8 609 0 -6 -12851 1 60 0
484 12 742 500 -24 6 0 51 51
485 8 742 0 -24 -12851 0 55 0
486 12 500 742 -24 6 0 51 55
487 12 742 1100 24 -6 0 51 55
488 8 609 0 6 -12851 0 60 0
489 8 903 0 -6 -12851 0 55 0
490 12 742 500 24 -6 0 51 55
491 12 742 903 24 -6 0 51 51
492 8 903 0 -6 -12851 1 55 0
493 12 742 500 24 -6 1 55 51
494 8 609 0 24 -12851 0 60 0
495 12 742 903 -24 6 1 51 51
496 8 903 0 -24 -12851 1 55 0
497 12 903 742 -24 6 0 51 55
498 8 500 0 24 -12851 0 55 0
499 8 742 0 24 -12851 0 60 0
500 8 903 0 -6 -12851 1 55 0
501 8 1100 0 6 -12851 1 60 0
502 12 742 609 24 -6 0 55 51
503 8 500 0 24 -12851 0 60 0
504 8 609 0 6 -12851 1 60 0
505 8 500 0 6 -12851 0 60 0
506 8 1100 0 -6 -12851 0 55 0
507 8 1100 0 6 -12851 0 60 0
508 12 1100 742 -24 6 0 51 55
509 8 609 0 -24 -12851 0 60 0
510 12 742 500 24 -6 1 55 55
511 12 742 903 24 -6 1 51 51
512 12 742 903 -24 6 1 55 51
513 12 742 609 -24 6 1 51 51
514 12 742 903 -24 6 0 51 51
515 12 742 903 -24 6 0 51 51
516 8 742 0 -24 -12851 1 60 0
517 12 742 903 24 -6 1 51 55
518 12 742 903 24 -6 0 55 51
519 12 742 500 -24 6 1 51 55
520 12 742 903 -24 6 0 55 55
521 8 742 0 -6 -12851 1 60 0
522 8 903 0 -24 -12851 1 55 0
523 12 1100 742 -24 6 1 55 55
524 8 903 0 6 -12851 0 55 0
525 8 742 0 24 -12851 1 55 0
526 8 903 0 -6 -12851 1 55 0
527 8 903 0 -24 -12851 1 60 0
528 12 609 742 -24 6 0 55 55
529 12 742 500 24 -6 0 55 55
530 8 1100 0 -24 -12851 0 60 0
531 8 500 0 -6 -12851 1 60 0
532 12 609 742 24 -6 0 51 55
533 8 1100 0 24 -12851 1 60 0
534 12 1100 742 -24 6 1 55 55
535 12 742 609 24 -6 1 55 51
536 8 742 0 6 -12851 1 55 0
537 12 500 742 -24 6 1 55 55
538 12 742 903 24 -6 1 51 51
539 8 1100 0 -24 -12851 0 55 0
540 12 742 903 -24 6 1 55 55
541 8 500 0 24 -12851 0 55 0
542 12 903 742 -24 6 1 55 51
543 12 609 742 24 -6 0 55 55
544 8 609 0 -6 -12851 1 55 0
545 12 742 903 -24 6 1 51 55
546 8 500 0 -24 -12851 1 55 0
547 8 609 0 24 -12851 0 60 0
548 8 742 0 24 -12851 1 55 0
549 12 742 500 24 -6 0 51 55
550 12 903 742 24 -6 0 51 55
551 12 742 609 24 -6 0 55 51
552 8 609 0 6 -12851 0 60 0
553 8 742 0 24 -12851 0 55 0
554 8 742 0 -6 -12851 1 55 0
555 8 609 0 24 -12851 1 60 0
556 8 609 0 6 -12851 0 60 0
557 8 609 0 24 -12851 1 55 0
558 8 903 0 6 -12851 0 60 0
559 12 742 500 -24 6 0 51 55
560 8 1100 0 6 -12851 1 55 0
561 8 742 0 -24 -12851 1 60 0
562 8 500 0 -6 -12851 1 55 0
563 12 500 742 24 -6 0 55 55
564 12 1100 742 -24 6 0 51 55
565 8 500 0 6 -12851 0 55 0
566 8 1100 0 6 -12851 0 60 0
567 12 742 609 -24 6 0 51 55
568 8 500 0 -24 -12851 0 55 0
569 12 500 742 24 -6 0 51 55
570 12 1100 742 -24 6 0 55 55
571 8 1100 0 24 -12851 0 55 0
572 8 742 0 -24 -12851 0 55 0
573 8 903 0 6 -12851 0 60 0
574 12 903 742 -24 6 1 55 55
575 8 903 0 24 -12851 0 60 0
576 8 500 0 -6 -12851 1 55 0
577 8 500 0 6 -12851 1 60 0
578 12 742 500 24 -6 0 51 51
579 8 500 0 24 -12851 0 55 0
580 12 1100 742 24 -6 0 55 51
581 8 903 0 -24 -12851 1 55 0
582 12 742 609 -24 6 1 51 51
583 12 500 742 -24 6 1 55 51
584 8 609 0 6 -12851 1 60 0
585 12 500 742 -24 6 1 51 55
586 12 500 742 -24 6 1 55 51
587 8 609 0 -6 -12851 1 60 0
588 12 1100 742 24 -6 0 55 51
589 12 1100 742 -24 6 0 51 55
590 12 742 609 24 -6 0 55 55
591 12 609 742 -24 6 0 51 55
592 8 903 0 -24 -12851 0 60 0
593 8 903 0 -6 -12851 0 55 0
594 12 742 500 -24 6 0 55 51
595 12 742 1100 24 -6 0 55 55
596 8 1100 0 -24 -12851 1 60 0
597 8 742 0 -6 -12851 1 60 0
598 12 742 609 -24 6 1 51 51
599 12 500 742 -24 6 0 55 51
600 12 742 609 24 -6 0 55 51
601 8 500 0 6 -12851 0 55 0
602 12 903 742 24 -6 0 55 55
603 8 1100 0 -6 -12851 0 55 0
604 8 742 0 6 -12851 0 60 0
605 8 1100 0 24 -12851 0 55 0
606 12 742 1100 -24 6 0 51 51
607 12 742 903 24 -6 0 55 55
608 8 609 0 6 -12851 0 60 0
609 8 742 0 24 -12851 0 60 0
610 8 903 0 -24 -12851 0 55 0
611 12 903 742 -24 6 0 51 51
612 8 903 0 -24 -12851 1 55 0
613 12 742 903 24 -6 0 55 51
614 8 903 0 -24 -12851 0 55 0
615 8 1100 0 -6 -12851 0 60 0
616 8 903 0 24 -12851 0 55 0
617 8 609 0 -6 -12851 0 55 0
618 12 500 742 -24 6 0 55 51
619 12 742 500 24 -6 0 51 55
620 8 500 0 -24 -12851 0 55 0
621 12 1100 742 24 -6 0 55 55
622 8 500 0 -24 -12851 0 60 0
623 8 500 0 -24 -12851 0 60 0
624 8 742 0 6 -12851 0 55 0
625 12 742 903 24 -6 0 55 55
626 8 742 0 24 -12851 0 60 0
627 12 742 609 24 -6 0 55 51
628 12 742 903 -24 6 0 55 55
629 8 742 0 6 -12851 0 60 0
630 8 1100 0 6 -12851 0 60 0
631 12 609 742 -24 6 0 51 55
632 8 1100 0 6 -12851 0 55 0
633 12 742 903 -24 6 0 55 55
634 12 742 903 24 -6 0 55 51
635 8 609 0 -6 -12851 0 55 0
636 8 609 0 -24 -12851 0 55 0
637 8 742 0 -24 -12851 0 55 0
638 8 742 0 24 -12851 0 60 0
639 8 609 0 -24 -12851 0 60 0
640 12 609 742 -24 6 0 51 51
641 8 1100 0 24 -12851 0 60 0
642 12 609 742 -24 6 0 51 51
643 12 742 1100 24 -6 0 55 51
644 12 1100 742 24 -6 0 55 55
645 8 609 0 6 -12851 0 55 0
646 8 903 0 -24 -12851 0 55 0
647 8 609 0 -24 -12851 0 55 0
648 8 1100 0 -6 -12851 0 60 0
649 12 903 742 24 -6 0 55 55
650 12 742 1100 24 -6 0 55 55
651 8 903 0 6 -12851 0 60 0
652 8 500 0 24 -12851 0 55 0
653 12 609 742 24 -6 0 55 51
654 8 742 0 -6 -12851 0 55 0
655 8 1100 0 -6 -12851 0 60 0
656 8 500 0 -6 -12851 0 55 0
657 12 742 1100 -24 6 0 51 51
658 8 903 0 24 -12851 0 55 0
659 12 500 742 -24 6 0 55 51
660 12 742 1100 24 -6 0 55 51
661 12 742 903 24 -6 0 51 55
662 8 742 0 6 -12851 0 55 0
663 12 742 903 24 -6 0 55 51
664 8 500 0 -24 -12851 0 55 0
665 12 500 742 -24 6 0 51 51
666 8 903 0 24 -12851 0 60 0
667 12 742 500 -24 6 0 51 55
668 12 742 1100 -24 6 0 55 55
669 12 742 500 -24 6 0 55 55
670 12 609 742 -24 6 0 51 51
671 12 1100 742 -24 6 0 55 51
672 8 903 0 -24 -12851 0 60 0
673 8 1100 0 -6 -12851 0 55 0
674 12 742 500 24 -6 0 55 55
675 8 1100 0 -6 -12851 0 60 0
676 12 742 1100 24 -6 0 51 51
677 12 1100 742 24 -6 0 51 55
678 12 903 742 -24 6 0 55 55
679 12 742 500 -24 6 0 51 51
680 8 1100 0 6 -12851 0 55 0
681 12 742 609 -24 6 0 51 55
682 8 500 0 6 -12851 0 55 0
683 12 1100 742 24 -6 0 55 51
684 8 903 0 -24 -12851 0 60 0
685 12 903 742 24 -6 0 51 51
686 12 742 500 24 -6 0 51 51
687 12 742 500 -24 6 0 55 51
688 12 742 1100 -24 6 0 55 55
689 12 609 742 24 -6 0 55 51
690 12 742 609 24 -6 0 51 55
691 12 742 1100 -24 6 0 51 51
692 8 742 0 24 -12851 0 60 0
693 12 742 903 -24 6 0 55 51
694 8 742 0 24 -12851 0 60 0
695 8 609 0 -24 -12851 0 60 0
696 12 903 742 24 -6 0 55 55
697 8 609 0 -6 -12851 0 60 0
698 8 500 0 -24 -12851 0 55 0
699 12 742 903 -24 6 0 55 51
700 12 609 742 24 -6 0 51 51
701 8 609 0 -6 -12851 0 55 0
702 12 742 609 -24 6 0 51 51
703 8 903 0 -24 -12851 0 55 0
704 8 742 0 6 -12851 0 60 0
705 12 742 1100 -24 6 0 55 51
706 12 742 903 -24 6 0 55 55
707 8 500 0 -24 -12851 0 60 0
708 12 500 742 -24 6 0 51 51
709 8 500 0 6 -12851 0 60 0
710 8 500 0 24 -12851 0 60 0
711 8 609 0 6 -12851 0 55 0
712 12 742 609 -24 6 0 51 51
713 12 742 609 -24 6 0 51 51
714 12 742 609 -24 6 0 55 51
715 8 609 0 -24 -12851 0 55 0
716 8 903 0 24 -12851 0 60 0
717 8 903 0 6 -12851 0 60 0
718 8 609 0 -6 -12851 0 55 0
719 8 1100 0 -6 -12851 0 60 0
720 8 1100 0 -6 -12851 0 55 0
721 12 742 609 -24 6 0 55 55
722 12 1100 742 24 -6 0 51 51
723 8 903 0 -24 -12851 0 55 0
724 12 1100 742 24 -6 0 55 55
725 8 742 0 -6 -12851 0 55 0
726 8 742 0 -24 -12851 0 60 0
727 8 500 0 -6 -12851 0 60 0
728 8 1100 0 6 -12851 0 60 0
729 12 742 1100 -24 6 0 55 51
730 8 500 0 6 -12851 0 60 0
731 12 742 1100 24 -6 0 51 55
732 12 609 742 24 -6 0 51 55
733 8 742 0 24 -12851 0 55 0
734 12 500 742 -24 6 0 55 55
735 12 500 742 -24 6 0 55 51
736 8 1100 0 -6 -12851 0 60 0
737 8 1100 0 6 -12851 0 55 0
738 12 742 1100 24 -6 0 55 51
739 8 1100 0 -6 -12851 0 60 0
740 8 609 0 24 -12851 0 55 0
741 8 903 0 -6 -12851 0 60 0
742 12 1100 742 -24 6 0 51 55
743 8 609 0 -6 -12851 0 55 0
744 12 903 742 24 -6 0 51 55
745 12 903 742 -24 6 0 51 51
746 8 500 0 6 -12851 0 60 0
747 8 500 0 24 -12851 0 55 0
748 12 742 609 24 -6 0 51 55
749 12 742 500 24 -6 0 55 51
750 12 903 742 -24 6 0 55 55
751 12 1100 742 24 -6 0 51 55
752 8 742 0 -24 -12851 0 60 0
753 12 903 742 -24 6 0 51 55
754 12 742 500 -24 6 0 51 51
755 8 903 0 -24 -12851 0 60 0
756 8 500 0 -6 -12851 0 55 0
757 8 742 0 -6 -12851 0 55 0
758 8 742 0 -24 -12851 0 55 0
759 12 609 742 24 -6 0 51 51
760 12 903 742 -24 6 0 55 51
761 8 609 0 24 -12851 0 55 0
762 12 903 742 24 -6 0 55 55
763 8 903 0 -6 -12851 0 60 0
764 12 1100 742 24 -6 0 55 55
765 12 500 742 -24 6 0 51 51
766 8 1100 0 -6 -12851 0 55 0
767 12 1100 742 24 -6 0 51 51
768 12 903 742 -24 6 0 55 51
769 12 742 609 24 -6 0 51 51
770 8 903 0 24 -12851 0 60 0
771 12 742 500 -24 6 0 55 55
772 12 903 742 24 -6 0 51 55
773 8 903 0 6 -12851 0 55 0
774 12 609 742 24 -6 0 55 51
775 8 903 0 6 -12851 0 55 0
776 8 1100 0 -24 -12851 0 55 0
777 8 903 0 24 -12851 0 55 0
778 12 742 903 24 -6 0 55 55
779 12 609 742 -24 6 0 51 55
780 12 742 1100 24 -6 0 51 55
781 8 609 0 24 -12851 0 60 0
782 8 500 0 -24 -12851 0 60 0
783 12 609 742 -24 6 0 51 55
784 8 500 0 -24 -12851 0 55 0
785 12 742 609 -24 6 0 55 55
786 8 500 0 6 -12851 0 60 0
787 8 742 0 -6 -12851 0 55 0
788 12 742 1100 24 -6 0 51 55
789 12 742 903 24 -6 0 51 51
790 12 742 609 -24 6 0 51 55
791 12 742 1100 -24 6 0 55 55
792 8 742 0 -6 -12851 0 55 0
793 12 903 742 -24 6 0 55 51
794 8 742 0 24 -12851 0 55 0
795 8 1100 0 6 -12851 0 55 0
796 12 742 903 24 -6 0 55 51
797 8 1100 0 -24 -12851 0 60 0
798 8 609 0 -24 -12851 0 60 0
799 12 1100 742 24 -6 0 55 51
800 12 903 742 24 -6 0 55 51
801 8 609 0 24 -12851 0 55 0
802 12 742 500 24 -6 0 51 55
803 8 742 0 -6 -12851 0 55 0
804 12 742 500 -24 6 0 55 55
805 12 500 742 -24 6 0 55 51
806 12 742 609 -24 6 0 51 51
807 8 742 0 -6 -12851 0 60 0
808 12 742 500 -24 6 0 51 51
809 12 742 500 24 -6 0 51 51
810 8 742 0 24 -12851 0 60 0
811 12 1100 742 24 -6 0 55 51
812 12 742 903 24 -6 0 51 55
813 12 609 742 -24 6 0 55 55
814 12 742 500 24 -6 0 55 51
815 8 1100 0 -6 -12851 0 55 0
816 12 903 742 24 -6 0 51 55
817 8 500 0 -24 -12851 0 60 0
818 12 742 1100 -24 6 0 51 55
819 8 609 0 6 -12851 0 60 0
820 8 1100 0 -6 -12851 0 55 0
821 12 903 742 -24 6 0 55 55
822 12 742 500 24 -6 0 51 51
823 12 742 1100 24 -6 0 55 55
824 8 500 0 24 -12851 0 55 0
825 8 1100 0 6 -12851 0 60 0
826 12 742 609 24 -6 0 55 55
827 8 903 0 6 -12851 0 60 0
828 8 742 0 -24 -12851 0 55 0
829 12 903 742 -24 6 0 55 51
830 12 903 742 24 -6 0 55 55
831 12 500 742 -24 6 0 55 51
832 12 1100 742 24 -6 0 55 51
833 12 742 903 24 -6 0 51 51
834 12 500 742 -24 6 0 55 51
835 8 500 0 24 -12851 0 60 0
836 12 903 742 24 -6 0 55 55
837 12 903 742 24 -6 0 51 51
838 12 742 500 -24 6 0 55 51
839 12 500 742 -24 6 0 55 55
840 12 742 903 -24 6 0 55 51
841 8 903 0 -6 -12851 0 55 0
842 8 903 0 6 -12851 0 60 0
843 8 609 0 24 -12851 0 55 0
844 12 500 742 24 -6 0 51 51
845 8 609 0 6 -12851 0 60 0
846 8 742 0 6 -12851 0 60 0
847 8 742 0 6 -12851 0 60 0
848 12 742 500 24 -6 0 51 51
849 12 742 609 24 -6 0 55 51
850 8 1100 0 -6 -12851 0 60 0
851 12 742 903 24 -6 0 51 51
852 12 742 903 24 -6 0 51 55
853 12 742 500 -24 6 0 55 55
854 12 742 609 -24 6 0 51 55
855 8 500 0 24 -12851 0 55 0
856 12 742 1100 24 -6 0 55 55
857 12 500 742 24 -6 0 55 51
858 12 742 609 -24 6 0 51 55
859 8 1100 0 -24 -12851 0 55 0
860 12 1100 742 24 -6 0 51 55
861 8 500 0 -6 -12851 0 60 0
862 8 1100 0 24 -12851 0 55 0
863 12 1100 742 -24 6 0 51 55
864 8 500 0 6 -12851 0 60 0
865 8 903 0 -24 -12851 0 60 0
866 8 903 0 6 -12851 0 60 0
867 8 609 0 -6 -12851 0 55 0
868 12 609 742 24 -6 0 55 51
869 8 609 0 6 -12851 0 55 0
870 8 742 0 24 -12851 0 55 0
871 8 903 0 24 -12851 0 55 0
872 12 742 500 24 -6 0 51 55
873 12 742 500 24 -6 0 55 51
874 12 903 742 -24 6 0 55 51
875 8 609 0 24 -12851 0 55 0
876 8 742 0 6 -12851 0 55 0
877 8 742 0 -6 -12851 0 60 0
878 12 903 742 -24 6 0 55 55
879 12 742 903 24 -6 0 51 51
880 12 742 500 -24 6 0 51 55
881 12 742 500 24 -6 0 55 51
882 12 742 500 24 -6 0 55 55
883 8 742 0 24 -12851 0 55 0
884 12 609 742 24 -6 0 55 55
885 8 609 0 -6 -12851 0 60 0
886 12 742 609 -24 6 0 55 55
887 12 742 903 24 -6 0 55 55
888 8 1100 0 6 -12851 0 55 0
889 12 609 742 24 -6 0 51 51
890 12 742 1100 -24 6 0 51 55
891 8 903 0 6 -12851 0 60 0
892 12 742 609 24 -6 0 55 55
893 8 609 0 -6 -12851 0 60 0
894 12 742 1100 24 -6 0 51 51
895 8 500 0 6 -12851 0 60 0
896 8 500 0 -6 -12851 0 60 0
897 12 742 500 24 -6 0 55 55
898 8 1100 0 -6 -12851 0 55 0
899 12 742 1100 -24 6 0 51 51
900 12 742 903 24 -6 0 51 51
901 8 500 0 6 -12851 0 55 0
902 12 1100 742 -24 6 0 55 55
903 8 609 0 24 -12851 0 60 0
904 12 742 903 -24 6 0 51 55
905 12 903 742 24 -6 0 55 55
906 8 1100 0 24 -12851 0 55 0
907 12 500 742 -24 6 0 55 51
908 12 742 609 -24 6 0 55 55
909 12 1100 742 24 -6 0 55 51
910 12 742 903 24 -6 0 55 55
911 12 500 742 24 -6 0 51 55
912 8 903 0 6 -12851 0 55 0
913 12 500 742 24 -6 0 51 55
914 8 903 0 6 -12851 0 55 0
915 12 609 742 24 -6 0 51 55
916 8 742 0 -24 -12851 0 55 0
917 12 609 742 -24 6 0 51 51
918 12 742 1100 -24 6 0 55 51
919 8 742 0 -24 -12851 0 60 0
920 12 742 500 24 -6 0 51 55
921 12 742 903 24 -6 0 55 51
922 12 609 742 -24 6 0 55 55
923 8 1100 0 24 -12851 0 55 0
924 12 742 903 24 -6 0 55 51
925 8 1100 0 -24 -12851 0 60 0
926 8 903 0 -24 -12851 0 60 0
927 12 609 742 24 -6 0 55 55
928 12 742 903 24 -6 0 51 51
929 12 742 1100 -24 6 0 55 51
930 12 500 742 -24 6 0 51 51
931 12 742 1100 -24 6 0 55 55
932 12 742 903 24 -6 0 51 51
933 8 500 0 6 -12851 0 55 0
934 12 1100 742 -24 6 0 55 51
935 12 609 742 -24 6 0 55 55
936 8 903 0 -24 -12851 0 55 0
937 8 742 0 24 -12851 0 60 0
938 8 609 0 -6 -12851 0 55 0
939 8 1100 0 -6 -12851 0 60 0
940 12 500 742 -24 6 0 55 55
941 8 742 0 6 -12851 0 60 0
942 8 1100 0 -6 -12851 0 55 0
943 8 903 0 6 -12851 0 60 0
944 12 742 500 24 -6 0 55 55
945 12 742 1100 24 -6 0 55 55
946 12 609 742 24 -6 0 55 51
947 12 903 742 -24 6 0 55 55
948 12 742 903 -24 6 0 55 51
949 8 742 0 24 -12851 0 60 0
950 12 500 742 -24 6 0 55 51
951 8 609 0 -24 -12851 0 60 0
952 12 742 609 24 -6 0 51 51
953 12 500 742 24 -6 0 51 55
954 8 609 0 24 -12851 0 55 0
955 12 1100 742 24 -6 0 55 51
956 12 903 742 24 -6 0 55 51
957 12 500 742 -24 6 0 55 51
958 12 1100 742 -24 6 0 51 55
959 8 500 0 -24 -12851 0 55 0
960 8 500 0 24 -12851 0 55 0
961 12 742 500 24 -6 0 51 55
962 12 742 903 24 -6 0 51 55
963 8 609 0 -6 -12851 0 55 0
964 8 609 0 24 -12851 0 55 0
965 8 742 0 24 -12851 0 55 0
966 12 742 1100 24 -6 0 51 51
967 8 903 0 -6 -12851 0 55 0
968 8 609 0 -6 -12851 0 55 0
969 8 609 0 -24 -12851 0 55 0
970 8 903 0 -6 -12851 0 55 0
971 12 500 742 -24 6 0 51 55
972 8 1100 0 -6 -12851 0 60 0
973 8 500 0 -6 -12851 0 60 0
974 8 903 0 24 -12851 0 60 0
975 8 1100 0 24 -12851 0 60 0
976 12 742 903 -24 6 0 51 51
977 8 742 0 6 -12851 0 55 0
978 8 500 0 -6 -12851 0 60 0
979 12 742 500 24 -6 0 51 51
980 12 742 500 -24 6 0 55 55
981 12 1100 742 -24 6 0 51 51
982 12 742 609 -24 6 0 51 51
983 12 742 903 24 -6 0 55 51
984 12 1100 742 -24 6 0 55 55
985 8 1100 0 -6 -12851 0 55 0
986 12 742 500 24 -6 0 51 51
987 12 903 742 -24 6 0 51 51
988 8 500 0 24 -12851 0 60 0
989 12 742 1100 24 -6 0 51 55
990 8 742 0 -6 -12851 0 60 0
991 12 903 742 24 -6 0 55 51
992 12 742 500 -24 6 0 55 51
993 12 742 1100 24 -6 0 55 51
994 12 903 742 -24 6 0 55 51
995 12 1100 742 24 -6 0 51 51
996 8 1100 0 24 -12851 0 60 0
997 12 742 903 -24 6 0 51 51
998 12 742 1100 24 -6 0 51 55
999 12 742 500 24 -6 0 51 51
1000 8 1100 0 -24 -12851 0 60 0
1001 8 742 0 -24 -12851 0 55 0
1002 8 903 0 6 -12851 0 60 0
1003 12 742 903 24 -6 0 51 55
1004 8 1100 0 24 -12851 0 55 0
1005 12 609 742 -24 6 0 55 51
1006 12 742 903 -24 6 0 51 55
1007 8 903 0 -24 -12851 0 55 0
1008 12 742 500 -24 6 0 51 55
1009 8 609 0 -24 -12851 0 60 0
1010 8 742 0 24 -12851 0 55 0
1011 8 903 0 -24 -12851 0 60 0
1012 12 903 742 24 -6 0 55 55
1013 12 609 742 24 -6 0 51 51
1014 8 500 0 24 -12851 0 60 0
1015 8 500 0 -6 -12851 0 60 0
1016 8 1100 0 24 -12851 0 60 0
1017 12 742 609 -24 6 0 51 55
1018 8 500 0 -6 -12851 0 60 0
1019 12 742 903 24 -6 0 55 51
1020 12 742 500 24 -6 0 51 55
1021 8 742 0 24 -12851 0 55 0
1022 12 500 742 24 -6 0 51 55
1023 12 742 500 24 -6 0 55 55
1024 12 742 1100 24 -6 0 55 51
1025 12 903 742 -24 6 0 51 55
1026 8 609 0 24 -12851 0 60 0
1027 12 742 1100 -24 6 0 51 55
1028 12 742 1100 -24 6 0 55 55
1029 8 609 0 -6 -12851 0 55 0
1030 8 609 0 24 -12851 0 55 0
1031 8 609 0 -24 -12851 0 60 0
1032 12 742 1100 -24 6 0 51 51
1033 12 742 500 -24 6 0 51 55
1034 12 742 609 -24 6 0 51 51
1035 12 1100 742 -24 6 0 55 55
1036 12 903 742 -24 6 0 55 51
1037 8 742 0 -24 -12851 0 60 0
1038 12 609 742 -24 6 0 55 51
1039 8 609 0 -24 -12851 0 55 0
1040 12 609 742 -24 6 0 55 55
1041 8 742 0 24 -12851 0 60 0
1042 8 500 0 -24 -12851 0 60 0
1043 12 609 742 24 -6 0 55 55
1044 12 903 742 -24 6 0 55 55
1045 12 742 903 -24 6 0 55 51
1046 8 500 0 24 -12851 0 55 0
1047 12 742 903 24 -6 0 55 55
1048 8 903 0 6 -12851 0 55 0
1049 12 742 1100 -24 6 0 51 51
1050 12 742 500 -24 6 0 51 55
1051 8 500 0 -24 -12851 0 60 0
1052 12 742 609 -24 6 0 55 51
1053 8 1100 0 -24 -12851 0 60 0
1054 12 500 742 -24 6 0 51 55
1055 12 500 742 24 -6 0 55 55
1056 8 742 0 -6 -12851 0 55 0
1057 12 1100 742 24 -6 0 55 55
1058 8 1100 0 -6 -12851 0 60 0
1059 8 1100 0 -24 -12851 0 55 0
1060 12 500 742 -24 6 0 51 55
1061 8 903 0 -6 -12851 0 60 0
1062 12 742 903 24 -6 0 55 51
1063 8 903 0 -6 -12851 0 60 0
1064 8 609 0 24 -12851 0 55 0
1065 12 742 1100 -24 6 0 55 55
1066 12 742 609 -24 6 0 51 51
1067 8 609 0 -24 -12851 0 60 0
1068 8 609 0 -24 -12851 0 60 0
1069 8 1100 0 -24 -12851 0 55 0
1070 12 1100 742 24 -6 0 55 51
1071 8 1100 0 6 -12851 0 60 0
1072 12 742 609 24 -6 0 55 55
1073 12 742 500 24 -6 0 51 55
1074 12 500 742 24 -6 0 55 55
1075 12 1100 742 24 -6 0 55 55
1076 12 742 500 -24 6 0 51 51
1077 8 1100 0 -24 -12851 0 55 0
1078 8 903 0 -6 -12851 0 55 0
1079 8 742 0 -24 -12851 0 55 0
1080 12 609 742 -24 6 0 51 51
1081 12 500 742 24 -6 0 51 51
1082 12 742 500 24 -6 0 51 55
1083 8 500 0 24 -12851 0 55 0
1084 8 609 0 6 -12851 0 55 0
1085 8 742 0 24 -12851 0 60 0
1086 8 609 0 -24 -12851 0 60 0
1087 12 903 742 24 -6 0 55 55
1088 12 500 742 -24 6 0 55 55
1089 12 742 609 24 -6 0 51 55
1090 12 742 903 24 -6 0 51 51
1091 8 903 0 24 -12851 0 55 0
1092 8 903 0 24 -12851 0 55 0
1093 12 1100 742 24 -6 0 51 51
1094 12 609 742 24 -6 0 51 55
1095 12 903 742 24 -6 0 55 51
1096 12 500 742 -24 6 0 55 55
1097 12 903 742 24 -6 0 51 51
1098 12 742 1100 -24 6 0 55 55
1099 8 742 0 6 -12851 0 55 0
1100 8 500 0 6 -12851 0 60 0
1101 12 1100 742 24 -6 0 51 55
1102 12 742 500 -24 6 0 51 55
1103 8 500 0 24 -12851 0 55 0
1104 8 1100 0 6 -12851 0 60 0
1105 8 1100 0 6 -12851 0 55 0
1106 8 903 0 24 -12851 0 55 0
1107 12 1100 742 24 -6 0 55 51
1108 8 500 0 -6 -12851 0 55 0
1109 8 903 0 24 -12851 0 60 0
1110 8 742 0 6 -12851 0 55 0
1111 12 903 742 -24 6 0 51 51
1112 8 609 0 24 -12851 0 55 0
1113 12 609 742 24 -6 0 51 55
1114 8 1100 0 6 -12851 0 60 0
1115 8 742 0 -24 -12851 0 60 0
1116 8 1100 0 -24 -12851 0 55 0
1117 12 903 742 24 -6 0 55 55
1118 8 903 0 -24 -12851 0 60 0
1119 8 742 0 -24 -12851 0 55 0
1120 12 1100 742 -24 6 0 55 55
1121 12 742 903 -24 6 0 55 55
1122 12 903 742 -24 6 0 51 55
1123 8 609 0 -6 -12851 0 60 0
1124 12 742 903 -24 6 0 55 55
1125 12 903 742 -24 6 0 51 55
1126 8 609 0 -24 -12851 0 60 0
1127 8 500 0 -24 -12851 0 55 0
1128 8 500 0 -6 -12851 0 60 0
1129 8 609 0 24 -12851 0 55 0
1130 8 609 0 -6 -12851 0 55 0
1131 8 500 0 6 -12851 0 60 0
1132 12 609 742 -24 6 0 51 55
1133 8 609 0 24 -12851 0 55 0
1134 12 742 1100 24 -6 0 55 51
1135 12 742 1100 -24 6 0 51 51
1136 8 609 0 -6 -12851 0 60 0
1137 12 903 742 24 -6 0 51 55
1138 12 500 742 24 -6 0 55 55
1139 12 1100 742 -24 6 0 51 51
1140 8 1100 0 -6 -12851 0 55 0
1141 8 1100 0 24 -12851 0 60 0
1142 12 1100 742 -24 6 0 55 55
1143 12 742 500 24 -6 0 51 55
1144 12 609 742 -24 6 0 51 51
1145 8 903 0 24 -12851 0 60 0
1146 8 742 0 24 -12851 0 60 0
1147 8 903 0 24 -12851 0 55 0
1148 8 1100 0 6 -12851 0 60 0
1149 8 500 0 6 -12851 0 55 0
1150 12 742 609 -24 6 0 55 55
1151 12 742 903 24 -6 0 51 51
1152 12 1100 742 24 -6 0 55 55
1153 12 1100 742 -24 6 0 55 51
1154 8 742 0 -24 -12851 0 60 0
1155 12 903 742 24 -6 0 51 55
1156 8 742 0 -6 -12851 0 55 0
1157 8 500 0 6 -12851 0 55 0
1158 12 1100 742 -24 6 0 51 55
1159 8 903 0 -24 -12851 0 55 0
1160 8 609 0 6 -12851 0 60 0
1161 8 609 0 24 -12851 0 60 0
1162 12 742 500 24 -6 0 51 55
1163 12 742 1100 24 -6 0 55 51
1164 8 1100 0 -6 -12851 0 55 0
1165 8 500 0 6 -12851 0 55 0
1166 8 1100 0 -6 -12851 0 55 0
1167 8 609 0 -6 -12851 0 55 0
1168 8 609 0 -24 -12851 0 60 0
1169 8 742 0 24 -12851 0 55 0
1170 8 500 0 6 -12851 0 60 0
1171 8 1100 0 24 -12851 0 55 0
1172 8 742 0 24 -12851 0 55 0
1173 12 742 500 -24 6 0 55 51
1174 8 500 0 6 -12851 0 60 0
1175 12 742 500 -24 6 0 55 55
1176 12 742 500 -24 6 0 55 51
1177 12 742 609 24 -6 0 51 55
1178 12 903 742 24 -6 0 51 51
1179 12 742 500 -24 6 0 55 51
1180 12 742 500 -24 6 0 51 51
1181 12 742 903 24 -6 0 55 55
1182 8 903 0 6 -12851 0 55 0
1183 8 742 0 6 -12851 0 55 0
1184 12 742 609 24 -6 0 51 51
1185 8 903 0 -6 -12851 0 55 0
1186 8 903 0 -24 -12851 0 55 0
1187 12 742 903 24 -6 0 51 51
1188 12 500 742 24 -6 0 55 51
1189 8 500 0 -6 -12851 0 55 0
1190 12 903 742 -24 6 0 51 51
1191 8 500 0 -24 -12851 0 60 0
1192 8 1100 0 -24 -12851 0 55 0
1193 8 609 0 -6 -12851 0 60 0
1194 12 742 1100 -24 6 0 51 51
1195 12 609 742 24 -6 0 51 51
1196 12 903 742 24 -6 0 51 55
1197 12 903 742 -24 6 0 55 51
1198 12 742 1100 -24 6 0 55 55
1199 12 1100 742 -24 6 0 51 51
1200 12 742 903 -24 6 0 51 51
1201 12 742 500 24 -6 0 51 55
1202 8 609 0 24 -12851 0 55 0
1203 8 742 0 -24 -12851 0 60 0
1204 12 903 742 -24 6 0 55 55
1205 8 742 0 6 -12851 0 55 0
1206 8 609 0 -24 -12851 0 60 0
1207 12 742 1100 24 -6 0 51 51
1208 12 1100 742 24 -6 0 55 51
1209 8 1100 0 -6 -12851 0 55 0
1210 12 1100 742 24 -6 0 51 55
1211 8 500 0 -24 -12851 0 55 0
1212 12 903 742 -24 6 0 55 55
1213 8 1100 0 -6 -12851 0 55 0
1214 8 742 0 24 -12851 0 60 0
1215 8 903 0 -24 -12851 0 60 0
1216 12 742 500 24 -6 0 51 51
1217 12 742 1100 -24 6 0 51 51
1218 12 500 742 24 -6 0 51 55
1219 12 609 742 24 -6 0 51 51
1220 8 903 0 -24 -12851 0 60 0
1221 12 742 903 -24 6 0 51 55
1222 12 742 1100 -24 6 0 55 55
1223 12 742 1100 24 -6 0 55 55
1224 12 742 500 24 -6 0 55 51
1225 8 903 0 24 -12851 0 55 0
1226 12 500 742 24 -6 0 51 55
1227 8 500 0 -6 -12851 0 55 0
1228 8 500 0 24 -12851 0 55 0
1229 12 742 1100 24 -6 0 55 55
1230 12 742 500 24 -6 0 51 51
1231 8 500 0 -24 -12851 0 60 0
1232 12 500 742 24 -6 0 51 55
1233 12 742 903 24 -6 0 55 55
1234 8 500 0 -6 -12851 0 60 0
1235 8 742 0 24 -12851 0 60 0
1236 12 903 742 24 -6 0 55 55
1237 8 609 0 6 -12851 0 55 0
1238 8 609 0 6 -12851 0 55 0
1239 8 903 0 6 -12851 0 60 0
1240 8 609 0 -6 -12851 0 60 0
1241 12 742 609 -24 6 0 51 51
1242 8 500 0 6 -12851 0 60 0
1243 8 903 0 -24 -12851 0 60 0
1244 8 742 0 6 -12851 0 55 0
1245 8 1100 0 -6 -12851 0 60 0
1246 12 742 609 24 -6 0 51 55
1247 8 1100 0 6 -12851 0 60 0
