1279 8 903 0 6 -12851 0 55 0
1280 8 903 0 6 -12851 1 55 0
1281 8 609 0 -6 -12851 1 60 0
1282 8 609 0 24 -12851 1 60 0
1283 8 742 0 -6 -12851 1 55 0
1284 8 742 0 24 -12851 1 55 0
1285 8 903 0 -24 -12851 1 55 0
1286 12 903 742 24 -6 1 55 55
1287 12 500 742 -24 6 1 55 55
1288 8 903 0 24 -12851 1 55 0
1289 12 742 903 24 -6 1 55 55
1290 12 742 1100 24 -6 1 51 55
1291 8 742 0 -24 -12851 1 55 0
1292 12 742 609 -24 6 1 51 55
1293 12 742 1100 24 -6 1 51 55
1294 12 500 742 24 -6 0 51 55
1295 12 903 742 -24 6 0 55 55
1296 8 609 0 6 -12851 1 55 0
1297 8 500 0 -24 -12851 0 55 0
1298 12 1100 742 -24 6 1 51 51
1299 12 500 742 -24 6 1 55 55
1300 12 609 742 24 -6 1 51 55
1301 8 500 0 -24 -12851 1 60 0
1302 12 903 742 -24 6 1 55 51
1303 8 903 0 24 -12851 0 60 0
1304 8 1100 0 6 -12851 0 60 0
1305 12 903 742 24 -6 1 51 51
1306 8 609 0 -6 -12851 1 55 0
1307 8 1100 0 -24 -12851 1 55 0
1308 12 500 742 24 -6 1 55 55
1309 8 500 0 6 -12851 0 55 0
1310 12 500 742 24 -6 1 55 51
1311 8 1100 0 6 -12851 0 60 0
1312 8 903 0 -24 -12851 1 60 0
1313 12 742 609 24 -6 0 55 55
1314 8 903 0 24 -12851 1 60 0
1315 12 500 742 -24 6 1 51 55
1316 8 500 0 24 -12851 1 60 0
1317 8 609 0 6 -12851 1 55 0
1318 8 742 0 6 -12851 1 60 0
1319 8 1100 0 24 -12851 1 60 0
1320 8 903 0 24 -12851 1 60 0
1321 8 742 0 6 -12851 1 60 0
1322 12 742 1100 24 -6 1 51 55
1323 8 609 0 24 -12851 1 55 0
1324 12 500 742 -24 6 1 51 55
1325 8 1100 0 -6 -12851 1 55 0
1326 8 500 0 6 -12851 0 55 0
1327 8 1100 0 -6 -12851 1 55 0
1328 12 742 1100 24 -6 0 51 51
1329 8 609 0 -24 -12851 1 55 0
1330 12 1100 742 24 -6 0 51 51
1331 8 500 0 24 -12851 1 55 0
1332 12 742 903 -24 6 1 51 51
1333 12 609 742 24 -6 1 55 55
1334 8 903 0 6 -12851 1 60 0
1335 8 742 0 -6 -12851 1 55 0
1336 8 500 0 24 -12851 0 55 0
1337 8 500 0 -6 -12851 1 60 0
1338 12 742 1100 24 -6 1 51 55
1339 12 742 609 24 -6 1 51 55
1340 12 742 1100 24 -6 1 51 51
1341 12 742 903 -24 6 1 51 55
1342 8 609 0 24 -12851 1 55 0
1343 8 609 0 24 -12851 1 60 0
1344 8 1100 0 6 -12851 0 60 0
1345 8 500 0 24 -12851 1 60 0
1346 8 500 0 6 -12851 0 60 0
1347 8 1100 0 -24 -12851 1 60 0
1348 8 903 0 -24 -12851 0 55 0
1349 12 742 609 24 -6 1 51 51
1350 8 903 0 24 -12851 1 60 0
1351 12 742 1100 -24 6 0 51 55
1352 8 742 0 -6 -12851 0 55 0
1353 8 742 0 24 -12851 1 60 0
1354 8 742 0 -24 -12851 1 60 0
1355 8 1100 0 24 -12851 1 55 0
1356 8 903 0 -6 -12851 1 55 0
1357 8 609 0 24 -12851 1 55 0
1358 8 500 0 -24 -12851 1 55 0
1359 8 500 0 -24 -12851 1 60 0
1360 12 742 903 -24 6 0 51 51
1361 8 1100 0 -24 -12851 1 55 0
1362 12 1100 742 24 -6 1 55 55
1363 8 609 0 -24 -12851 1 55 0
1364 8 742 0 6 -12851 1 55 0
1365 8 500 0 -24 -12851 0 60 0
1366 8 500 0 -6 -12851 0 55 0
1367 12 500 742 -24 6 0 55 55
1368 12 1100 742 24 -6 0 51 55
1369 8 609 0 6 -12851 0 60 0
1370 8 609 0 -6 -12851 1 55 0
1371 12 742 500 -24 6 1 55 51
1372 8 1100 0 -6 -12851 1 55 0
1373 8 742 0 -6 -12851 0 60 0
1374 8 1100 0 -24 -12851 1 60 0
1375 8 742 0 6 -12851 0 55 0
1376 12 609 742 24 -6 1 51 51
1377 8 903 0 24 -12851 1 60 0
1378 12 500 742 -24 6 0 55 55
1379 12 609 742 -24 6 1 55 55
1380 12 742 500 -24 6 1 55 55
1381 12 742 609 -24 6 0 55 55
1382 12 500 742 24 -6 1 51 51
1383 8 903 0 -6 -12851 1 55 0
1384 8 903 0 24 -12851 1 55 0
1385 8 609 0 -6 -12851 1 60 0
1386 12 1100 742 -24 6 1 55 55
1387 12 1100 742 24 -6 1 55 55
1388 8 609 0 -6 -12851 1 60 0
1389 8 742 0 6 -12851 1 55 0
1390 8 609 0 -24 -12851 1 55 0
1391 12 1100 742 -24 6 0 51 51
1392 12 742 609 24 -6 1 51 51
1393 8 742 0 -24 -12851 0 55 0
1394 12 742 903 -24 6 1 55 55
1395 8 500 0 -24 -12851 1 60 0
1396 8 742 0 24 -12851 1 60 0
1397 12 742 500 24 -6 0 55 55
1398 12 609 742 -24 6 1 55 55
1399 8 1100 0 -6 -12851 1 60 0
1400 12 742 500 -24 6 1 55 51
1401 12 742 609 24 -6 0 51 55
1402 12 742 609 24 -6 1 51 51
1403 8 903 0 6 -12851 0 55 0
1404 8 903 0 -24 -12851 1 60 0
1405 12 742 903 -24 6 1 51 55
1406 8 609 0 -6 -12851 1 55 0
1407 12 903 742 24 -6 1 51 55
1408 8 903 0 24 -12851 0 55 0
1409 12 903 742 24 -6 1 51 51
1410 12 500 742 24 -6 1 51 55
1411 8 1100 0 -24 -12851 1 55 0
1412 8 1100 0 -6 -12851 1 55 0
1413 8 500 0 6 -12851 0 60 0
1414 12 609 742 24 -6 1 51 51
1415 8 500 0 6 -12851 1 55 0
1416 12 903 742 24 -6 1 51 55
1417 8 609 0 -24 -12851 1 60 0
1418 8 609 0 -24 -12851 1 60 0
1419 8 903 0 24 -12851 1 55 0
1420 8 609 0 24 -12851 1 55 0
1421 12 742 500 -24 6 1 55 51
1422 8 742 0 6 -12851 0 55 0
1423 12 742 609 -24 6 1 51 51
1424 8 903 0 6 -12851 1 55 0
1425 8 500 0 -6 -12851 0 55 0
1426 12 742 500 24 -6 1 55 55
1427 8 1100 0 -6 -12851 1 55 0
1428 12 742 500 24 -6 1 51 51
1429 8 1100 0 6 -12851 0 60 0
1430 12 742 1100 -24 6 0 51 51
1431 8 742 0 24 -12851 0 60 0
1432 12 742 500 -24 6 1 51 51
1433 12 903 742 24 -6 0 55 51
1434 12 742 609 -24 6 1 55 55
1435 12 742 1100 24 -6 1 55 55
1436 12 500 742 -24 6 0 51 51
1437 8 500 0 -6 -12851 1 60 0
1438 8 1100 0 -6 -12851 1 55 0
1439 8 609 0 6 -12851 0 55 0
1440 12 903 742 24 -6 1 51 55
1441 8 903 0 6 -12851 0 60 0
1442 8 500 0 -24 -12851 1 55 0
1443 8 742 0 6 -12851 0 60 0
1444 8 500 0 6 -12851 1 55 0
1445 12 1100 742 -24 6 1 55 51
1446 8 500 0 24 -12851 1 55 0
1447 12 742 1100 24 -6 1 55 55
1448 8 903 0 -24 -12851 0 55 0
1449 12 609 742 24 -6 1 55 51
1450 12 742 609 24 -6 1 51 55
1451 12 742 903 -24 6 1 51 51
1452 12 609 742 -24 6 1 55 55
1453 8 1100 0 -24 -12851 1 55 0
1454 12 903 742 24 -6 0 55 51
1455 8 500 0 -6 -12851 1 55 0
1456 8 742 0 -24 -12851 1 55 0
1457 8 500 0 24 -12851 0 60 0
1458 8 742 0 -24 -12851 1 55 0
1459 8 1100 0 6 -12851 0 60 0
1460 12 609 742 24 -6 1 55 55
1461 8 609 0 6 -12851 1 60 0
1462 8 1100 0 24 -12851 1 55 0
1463 8 742 0 24 -12851 1 55 0
1464 8 903 0 6 -12851 1 55 0
1465 8 609 0 -6 -12851 0 60 0
1466 8 903 0 -6 -12851 1 55 0
1467 12 742 903 -24 6 1 51 51
1468 12 609 742 24 -6 0 55 55
1469 8 609 0 -24 -12851 1 55 0
1470 12 1100 742 -24 6 0 55 51
1471 12 500 742 -24 6 1 55 51
1472 12 742 1100 24 -6 1 51 51
1473 8 500 0 -6 -12851 1 60 0
1474 8 500 0 24 -12851 0 55 0
1475 8 609 0 -24 -12851 1 60 0
1476 12 742 500 24 -6 1 51 51
1477 12 903 742 24 -6 1 51 51
1478 12 742 903 -24 6 1 51 51
1479 8 1100 0 24 -12851 1 55 0
1480 8 1100 0 6 -12851 1 60 0
1481 8 1100 0 24 -12851 1 55 0
1482 8 742 0 -6 -12851 0 60 0
1483 12 500 742 -24 6 1 55 51
1484 12 742 1100 24 -6 1 51 51
1485 12 609 742 -24 6 0 55 55
1486 8 609 0 -6 -12851 1 55 0
1487 8 609 0 -6 -12851 0 60 0
1488 8 500 0 -6 -12851 1 55 0
1489 12 742 903 24 -6 1 51 51
1490 12 742 609 -24 6 0 55 51
1491 8 742 0 -24 -12851 0 55 0
1492 8 742 0 -6 -12851 1 55 0
1493 12 1100 742 -24 6 0 51 51
1494 8 500 0 6 -12851 1 60 0
1495 12 1100 742 24 -6 1 51 51
1496 8 903 0 24 -12851 0 55 0
1497 12 742 609 24 -6 1 51 51
1498 12 742 500 24 -6 1 55 55
1499 12 742 1100 -24 6 1 55 51
1500 12 742 1100 24 -6 1 55 55
1501 8 903 0 24 -12851 1 60 0
1502 12 609 742 -24 6 0 51 55
1503 12 903 742 -24 6 0 51 55
1504 8 903 0 -24 -12851 0 55 0
1505 12 742 903 24 -6 0 55 55
1506 12 609 742 -24 6 0 55 55
1507 8 903 0 6 -12851 1 55 0
1508 12 742 903 24 -6 0 51 51
1509 12 1100 742 24 -6 0 55 55
1510 8 903 0 24 -12851 1 55 0
1511 8 742 0 -24 -12851 1 55 0
1512 12 609 742 24 -6 1 55 51
1513 12 1100 742 24 -6 0 55 55
1514 8 903 0 -24 -12851 1 60 0
1515 8 1100 0 -6 -12851 1 60 0
1516 8 500 0 6 -12851 0 60 0
1517 8 1100 0 -24 -12851 1 55 0
1518 8 500 0 -6 -12851 0 55 0
1519 8 903 0 -6 -12851 1 60 0
1520 12 742 1100 24 -6 0 51 51
1521 12 500 742 24 -6 1 55 51
1522 12 742 903 -24 6 1 51 51
1523 12 609 742 24 -6 1 55 55
1524 12 742 1100 -24 6 1 55 55
1525 12 742 903 -24 6 1 55 55
1526 8 742 0 -6 -12851 1 60 0
1527 8 1100 0 -6 -12851 1 55 0
1528 12 903 742 -24 6 1 51 55
1529 8 742 0 -6 -12851 1 55 0
1530 8 609 0 6 -12851 1 60 0
1531 8 500 0 6 -12851 1 60 0
1532 8 609 0 6 -12851 0 55 0
1533 8 609 0 24 -12851 1 55 0
1534 8 742 0 -24 -12851 1 60 0
1535 8 742 0 -6 -12851 1 55 0
1536 8 742 0 -24 -12851 1 60 0
1537 8 1100 0 -6 -12851 1 60 0
1538 12 742 609 24 -6 1 55 51
1539 8 742 0 6 -12851 0 60 0
1540 12 903 742 -24 6 1 55 51
1541 8 903 0 -24 -12851 1 60 0
1542 12 742 1100 -24 6 0 55 51
1543 12 742 1100 24 -6 0 51 55
1544 8 1100 0 -24 -12851 0 60 0
1545 8 1100 0 -6 -12851 0 55 0
1546 12 1100 742 -24 6 0 55 55
1547 8 903 0 24 -12851 0 60 0
1548 12 609 742 24 -6 0 55 55
1549 8 500 0 6 -12851 0 55 0
1550 12 742 1100 24 -6 0 51 51
1551 8 903 0 24 -12851 1 60 0
1552 12 903 742 -24 6 0 55 55
1553 8 609 0 6 -12851 1 60 0
1554 8 500 0 24 -12851 0 60 0
1555 8 609 0 24 -12851 1 55 0
1556 12 500 742 -24 6 0 51 55
1557 12 903 742 -24 6 0 51 55
1558 8 500 0 6 -12851 0 60 0
1559 8 609 0 -24 -12851 1 60 0
1560 12 742 609 24 -6 0 51 51
1561 12 1100 742 -24 6 1 55 51
1562 8 903 0 -6 -12851 0 55 0
1563 12 903 742 -24 6 1 55 55
1564 12 742 1100 24 -6 1 55 51
1565 12 1100 742 24 -6 1 51 55
1566 12 742 903 -24 6 1 51 51
1567 12 742 1100 24 -6 1 55 55
1568 8 903 0 -24 -12851 1 60 0
1569 8 1100 0 24 -12851 1 60 0
1570 12 903 742 -24 6 0 55 51
1571 12 742 1100 24 -6 0 55 55
1572 12 742 1100 24 -6 1 51 55
1573 8 500 0 24 -12851 1 55 0
1574 12 742 1100 24 -6 1 51 51
1575 12 742 1100 -24 6 1 51 51
1576 8 500 0 24 -12851 1 55 0
1577 12 742 500 -24 6 1 51 55
1578 12 742 609 -24 6 1 51 51
1579 12 742 500 -24 6 1 55 51
1580 12 742 609 -24 6 0 55 51
1581 8 1100 0 -6 -12851 0 55 0
1582 8 903 0 6 -12851 1 60 0
1583 12 742 903 -24 6 0 55 51
1584 8 500 0 24 -12851 1 55 0
1585 8 609 0 -24 -12851 0 55 0
1586 12 742 609 -24 6 0 55 51
1587 12 903 742 -24 6 0 55 55
1588 12 742 1100 -24 6 1 55 51
1589 8 903 0 -24 -12851 0 55 0
1590 12 903 742 -24 6 1 51 51
1591 8 1100 0 -6 -12851 0 60 0
1592 12 903 742 -24 6 1 55 55
1593 12 742 1100 24 -6 0 55 51
1594 8 742 0 -24 -12851 0 60 0
1595 8 609 0 -6 -12851 0 60 0
1596 8 609 0 24 -12851 1 60 0
1597 12 609 742 24 -6 1 51 55
1598 12 742 903 24 -6 0 55 55
1599 8 742 0 -24 -12851 1 60 0
1600 12 1100 742 -24 6 1 51 55
1601 12 903 742 -24 6 1 55 51
1602 8 742 0 -6 -12851 1 55 0
1603 12 742 1100 24 -6 0 55 55
1604 12 742 500 24 -6 0 55 55
1605 12 903 742 -24 6 1 55 55
1606 12 609 742 24 -6 1 55 51
1607 8 1100 0 6 -12851 1 60 0
1608 12 500 742 -24 6 1 51 51
1609 8 1100 0 6 -12851 1 60 0
1610 12 903 742 -24 6 1 51 51
1611 8 742 0 -24 -12851 1 55 0
1612 12 742 903 -24 6 1 55 55
1613 12 903 742 -24 6 1 55 55
1614 12 742 609 -24 6 1 51 51
1615 8 742 0 6 -12851 1 55 0
1616 8 742 0 24 -12851 1 55 0
1617 12 903 742 24 -6 1 55 55
1618 12 903 742 -24 6 1 55 51
1619 12 742 609 24 -6 1 55 51
1620 12 500 742 24 -6 1 55 51
1621 8 609 0 -6 -12851 1 55 0
1622 12 500 742 24 -6 1 51 51
1623 8 500 0 -6 -12851 1 55 0
1624 8 500 0 -6 -12851 1 60 0
1625 12 500 742 -24 6 0 51 51
1626 8 500 0 -24 -12851 1 60 0
1627 12 1100 742 -24 6 1 55 51
1628 8 903 0 -6 -12851 0 60 0
1629 12 903 742 -24 6 1 51 55
1630 12 1100 742 24 -6 1 55 51
1631 12 742 1100 -24 6 1 55 51
1632 12 500 742 24 -6 0 51 55
1633 12 609 742 24 -6 0 51 55
1634 8 1100 0 6 -12851 1 60 0
1635 8 903 0 24 -12851 1 60 0
1636 8 609 0 24 -12851 1 60 0
1637 8 1100 0 24 -12851 1 60 0
1638 8 903 0 -6 -12851 0 55 0
1639 8 609 0 -6 -12851 1 55 0
1640 8 1100 0 6 -12851 1 60 0
1641 12 1100 742 -24 6 1 51 51
1642 8 1100 0 -6 -12851 1 60 0
1643 12 742 1100 -24 6 0 55 51
1644 8 609 0 -6 -12851 1 60 0
1645 12 609 742 -24 6 1 55 55
1646 12 500 742 24 -6 1 51 55
1647 8 609 0 24 -12851 1 60 0
1648 12 742 903 24 -6 0 55 55
1649 8 903 0 24 -12851 1 60 0
1650 12 742 500 -24 6 1 55 55
1651 8 1100 0 -6 -12851 0 60 0
1652 12 742 1100 24 -6 1 55 55
1653 8 742 0 -24 -12851 1 55 0
1654 12 742 903 24 -6 0 55 51
1655 12 1100 742 -24 6 0 51 51
1656 12 1100 742 24 -6 1 55 51
1657 8 903 0 -24 -12851 1 60 0
1658 12 742 1100 -24 6 1 51 51
1659 8 609 0 -6 -12851 0 55 0
1660 8 742 0 -24 -12851 1 60 0
1661 8 500 0 24 -12851 1 60 0
1662 12 609 742 -24 6 1 51 55
1663 8 903 0 24 -12851 1 60 0
1664 12 742 609 -24 6 1 51 51
1665 8 742 0 6 -12851 1 60 0
1666 12 1100 742 24 -6 1 55 51
1667 12 742 1100 24 -6 1 51 55
1668 8 1100 0 -24 -12851 1 60 0
1669 12 609 742 -24 6 0 55 55
1670 8 500 0 6 -12851 1 60 0
1671 12 903 742 -24 6 1 51 51
1672 12 742 500 -24 6 1 51 51
1673 12 903 742 24 -6 0 55 55
1674 8 500 0 24 -12851 0 55 0
1675 8 609 0 6 -12851 0 55 0
1676 8 609 0 24 -12851 1 60 0
1677 8 500 0 24 -12851 1 55 0
1678 8 609 0 -6 -12851 0 55 0
1679 8 903 0 6 -12851 1 60 0
1680 8 1100 0 6 -12851 1 60 0
1681 12 742 609 24 -6 1 51 55
1682 8 1100 0 -24 -12851 1 60 0
1683 8 1100 0 6 -12851 1 60 0
1684 12 903 742 24 -6 1 55 51
1685 12 500 742 24 -6 0 51 51
1686 8 609 0 24 -12851 1 60 0
1687 12 742 903 24 -6 0 51 51
1688 8 500 0 -24 -12851 1 55 0
1689 8 742 0 6 -12851 1 60 0
1690 12 500 742 24 -6 1 55 51
1691 12 609 742 -24 6 1 55 51
1692 8 742 0 -24 -12851 1 60 0
1693 12 742 903 24 -6 1 51 55
1694 12 609 742 24 -6 0 55 55
1695 12 609 742 -24 6 0 51 55
1696 8 903 0 24 -12851 1 55 0
1697 12 742 500 24 -6 0 55 55
1698 8 742 0 -6 -12851 1 60 0
1699 8 500 0 -24 -12851 0 55 0
1700 12 903 742 24 -6 1 55 55
1701 8 903 0 -6 -12851 0 55 0
1702 8 742 0 6 -12851 1 60 0
1703 8 742 0 6 -12851 0 55 0
1704 8 609 0 -6 -12851 1 60 0
1705 12 742 500 24 -6 1 51 51
1706 12 742 1100 24 -6 0 55 55
1707 12 609 742 -24 6 0 55 55
1708 8 1100 0 6 -12851 0 55 0
1709 12 500 742 -24 6 0 51 55
1710 8 500 0 24 -12851 0 55 0
1711 12 742 500 24 -6 1 51 51
1712 8 609 0 -24 -12851 1 60 0
1713 8 500 0 -6 -12851 1 60 0
1714 8 742 0 24 -12851 1 55 0
1715 8 1100 0 -6 -12851 1 55 0
1716 12 742 903 -24 6 1 55 55
1717 12 1100 742 -24 6 1 51 51
1718 12 742 1100 24 -6 1 55 55
1719 8 500 0 6 -12851 1 60 0
1720 8 609 0 -6 -12851 0 55 0
1721 12 1100 742 24 -6 0 55 55
1722 8 903 0 6 -12851 0 55 0
1723 8 742 0 -6 -12851 1 55 0
1724 12 903 742 -24 6 0 55 51
1725 12 500 742 -24 6 0 55 55
1726 12 742 903 -24 6 1 55 55
1727 8 1100 0 -24 -12851 1 55 0
1728 12 1100 742 24 -6 1 55 51
1729 8 903 0 -6 -12851 0 60 0
1730 12 742 903 24 -6 0 51 55
1731 12 742 903 24 -6 1 51 51
1732 8 903 0 -24 -12851 1 55 0
1733 12 742 500 -24 6 0 51 55
1734 8 1100 0 -6 -12851 0 60 0
1735 8 1100 0 -24 -12851 1 55 0
1736 12 1100 742 -24 6 0 55 51
1737 12 742 1100 24 -6 1 51 51
1738 12 609 742 -24 6 1 55 55
1739 12 903 742 -24 6 1 55 55
1740 8 903 0 -24 -12851 1 60 0
1741 8 500 0 24 -12851 1 55 0
1742 8 1100 0 24 -12851 1 55 0
1743 12 500 742 -24 6 0 55 55
1744 8 742 0 -24 -12851 1 55 0
1745 12 903 742 -24 6 0 55 51
1746 12 742 903 24 -6 0 51 55
1747 12 742 609 -24 6 0 51 55
1748 12 742 903 24 -6 1 55 55
1749 8 500 0 6 -12851 1 55 0
1750 12 742 1100 -24 6 1 55 55
1751 12 903 742 -24 6 1 55 51
1752 8 742 0 24 -12851 1 55 0
1753 8 609 0 -6 -12851 0 55 0
1754 12 742 500 -24 6 1 51 55
1755 8 1100 0 -24 -12851 1 55 0
1756 8 903 0 -24 -12851 1 60 0
1757 12 609 742 24 -6 1 55 51
1758 8 742 0 24 -12851 1 55 0
1759 12 609 742 -24 6 1 51 51
1760 12 500 742 -24 6 1 51 51
1761 8 903 0 24 -12851 1 55 0
1762 8 500 0 -24 -12851 1 55 0
1763 12 903 742 -24 6 0 51 51
1764 12 742 609 24 -6 1 51 51
1765 8 609 0 6 -12851 0 55 0
1766 8 609 0 -24 -12851 1 60 0
1767 8 1100 0 -6 -12851 1 60 0
1768 12 500 742 -24 6 1 55 51
1769 8 1100 0 24 -12851 1 55 0
1770 8 1100 0 24 -12851 1 60 0
1771 12 742 1100 -24 6 1 51 51
1772 8 742 0 -24 -12851 0 55 0
1773 8 609 0 -6 -12851 1 55 0
1774 8 742 0 -24 -12851 1 60 0
1775 8 742 0 6 -12851 0 60 0
1776 12 1100 742 -24 6 0 55 51
1777 8 1100 0 -6 -12851 0 60 0
1778 12 742 903 24 -6 1 55 51
1779 8 609 0 -6 -12851 1 60 0
1780 8 609 0 -24 -12851 1 55 0
1781 8 500 0 24 -12851 0 55 0
1782 12 742 1100 24 -6 1 55 55
1783 8 500 0 24 -12851 0 60 0
1784 8 903 0 24 -12851 0 60 0
1785 12 742 500 -24 6 0 55 55
1786 8 500 0 6 -12851 0 60 0
1787 8 903 0 -24 -12851 0 60 0
1788 8 903 0 24 -12851 1 60 0
1789 12 742 903 24 -6 1 55 51
1790 8 1100 0 6 -12851 1 60 0
1791 8 1100 0 6 -12851 0 60 0
1792 8 742 0 24 -12851 1 55 0
1793 8 903 0 -6 -12851 1 60 0
1794 12 742 1100 -24 6 1 55 55
1795 8 1100 0 -6 -12851 0 55 0
1796 8 742 0 6 -12851 1 55 0
1797 12 1100 742 24 -6 1 55 55
1798 8 609 0 24 -12851 1 55 0
1799 12 742 903 24 -6 1 51 55
1800 8 1100 0 24 -12851 1 55 0
1801 8 742 0 6 -12851 0 60 0
1802 8 903 0 24 -12851 1 60 0
1803 12 742 609 -24 6 1 51 51
1804 8 609 0 -24 -12851 1 60 0
1805 12 742 1100 24 -6 1 55 55
1806 8 903 0 6 -12851 1 55 0
1807 12 500 742 -24 6 0 51 51
1808 8 500 0 6 -12851 0 60 0
1809 12 742 1100 24 -6 0 51 51
1810 12 742 903 24 -6 1 55 55
1811 8 500 0 -6 -12851 1 55 0
1812 8 609 0 -24 -12851 1 60 0
1813 8 500 0 6 -12851 0 60 0
1814 8 1100 0 6 -12851 0 55 0
1815 8 1100 0 6 -12851 0 55 0
1816 8 742 0 -6 -12851 1 55 0
1817 12 500 742 24 -6 1 51 51
1818 12 609 742 -24 6 1 55 51
1819 12 1100 742 24 -6 1 51 55
1820 8 500 0 24 -12851 1 60 0
1821 12 903 742 -24 6 0 55 55
1822 12 500 742 24 -6 1 51 55
1823 12 1100 742 -24 6 1 55 55
1824 8 1100 0 24 -12851 1 55 0
1825 8 903 0 -24 -12851 1 60 0
1826 12 500 742 -24 6 1 55 51
1827 12 609 742 -24 6 0 55 51
1828 8 1100 0 6 -12851 0 55 0
1829 8 500 0 24 -12851 0 60 0
1830 12 742 500 -24 6 0 51 55
1831 12 1100 742 24 -6 0 55 51
1832 12 609 742 24 -6 0 55 55
1833 12 742 903 24 -6 0 55 51
1834 12 500 742 -24 6 0 51 55
1835 8 903 0 -6 -12851 0 55 0
1836 8 903 0 24 -12851 0 55 0
1837 12 742 500 -24 6 1 51 55
1838 8 500 0 24 -12851 1 60 0
1839 12 500 742 24 -6 1 55 51
1840 8 609 0 -24 -12851 1 55 0
1841 12 903 742 -24 6 0 51 51
1842 8 609 0 6 -12851 0 60 0
1843 8 609 0 -6 -12851 1 60 0
1844 12 903 742 -24 6 0 51 55
1845 12 742 609 -24 6 0 51 51
1846 8 742 0 -24 -12851 0 55 0
1847 8 742 0 -6 -12851 1 55 0
1848 12 742 609 24 -6 0 51 51
1849 12 1100 742 -24 6 0 51 55
1850 12 742 903 24 -6 0 51 51
1851 8 742 0 -6 -12851 0 60 0
1852 12 500 742 -24 6 0 55 55
1853 12 500 742 24 -6 1 55 55
1854 8 742 0 6 -12851 0 60 0
1855 12 742 1100 -24 6 0 55 55
1856 12 742 1100 -24 6 1 51 51
1857 8 903 0 24 -12851 1 55 0
1858 12 742 1100 24 -6 0 51 51
1859 12 903 742 24 -6 0 55 55
1860 12 742 500 24 -6 1 51 51
1861 8 742 0 -6 -12851 0 55 0
1862 8 742 0 24 -12851 1 55 0
1863 8 1100 0 -6 -12851 0 60 0
1864 12 500 742 24 -6 0 51 55
1865 12 742 609 24 -6 0 51 51
1866 8 1100 0 24 -12851 0 55 0
1867 12 1100 742 24 -6 0 51 51
1868 8 609 0 6 -12851 0 55 0
1869 8 500 0 -24 -12851 0 55 0
1870 12 500 742 -24 6 0 55 51
1871 12 1100 742 24 -6 0 51 55
1872 8 1100 0 -24 -12851 0 60 0
1873 12 500 742 -24 6 0 51 55
1874 8 609 0 -6 -12851 0 55 0
1875 12 1100 742 24 -6 0 51 55
1876 8 500 0 -24 -12851 0 55 0
1877 12 1100 742 24 -6 0 55 51
1878 8 500 0 24 -12851 0 55 0
1879 8 609 0 -6 -12851 0 55 0
1880 12 742 1100 24 -6 0 55 55
1881 12 500 742 24 -6 0 51 55
1882 12 1100 742 24 -6 0 51 55
1883 8 903 0 24 -12851 0 60 0
1884 12 742 609 24 -6 0 55 55
1885 8 903 0 -6 -12851 0 55 0
1886 8 500 0 24 -12851 0 60 0
1887 8 500 0 6 -12851 0 60 0
1888 8 609 0 -6 -12851 1 55 0
1889 12 609 742 -24 6 1 51 51
1890 12 742 500 -24 6 0 55 55
1891 8 500 0 -24 -12851 1 60 0
1892 8 500 0 -24 -12851 1 55 0
1893 12 609 742 -24 6 0 51 51
1894 12 1100 742 24 -6 0 55 55
1895 12 742 500 -24 6 0 51 55
1896 8 903 0 6 -12851 1 55 0
1897 8 1100 0 6 -12851 0 60 0
1898 8 1100 0 -6 -12851 0 60 0
1899 12 903 742 -24 6 0 55 55
1900 12 903 742 24 -6 1 55 51
1901 12 742 1100 -24 6 0 51 51
1902 8 903 0 -24 -12851 1 60 0
1903 12 742 500 24 -6 1 51 55
1904 12 742 903 -24 6 0 55 55
1905 12 1100 742 24 -6 0 55 55
1906 8 609 0 -24 -12851 1 55 0
1907 12 500 742 24 -6 1 55 51
1908 12 500 742 -24 6 1 51 51
1909 12 1100 742 -24 6 0 55 55
1910 8 609 0 -6 -12851 0 60 0
1911 12 903 742 24 -6 1 51 55
1912 8 1100 0 24 -12851 0 60 0
1913 12 742 1100 24 -6 0 51 51
1914 8 903 0 -6 -12851 1 60 0
1915 8 742 0 6 -12851 1 55 0
1916 8 742 0 6 -12851 0 55 0
1917 12 742 903 24 -6 0 55 55
1918 12 1100 742 24 -6 0 55 55
1919 12 742 500 24 -6 0 51 51
1920 8 742 0 6 -12851 0 60 0
1921 12 1100 742 -24 6 0 55 55
1922 8 500 0 -24 -12851 1 55 0
1923 8 500 0 -6 -12851 0 55 0
1924 12 742 1100 24 -6 1 55 55
1925 12 742 1100 24 -6 1 55 55
1926 8 609 0 6 -12851 0 60 0
1927 8 1100 0 -6 -12851 0 55 0
1928 8 1100 0 -6 -12851 0 60 0
1929 12 742 1100 24 -6 0 51 51
1930 12 500 742 24 -6 1 51 51
1931 8 500 0 24 -12851 0 55 0
1932 12 500 742 24 -6 0 51 51
1933 8 500 0 -6 -12851 1 60 0
1934 8 1100 0 -6 -12851 0 55 0
1935 12 742 500 24 -6 0 55 55
1936 8 609 0 -6 -12851 0 55 0
1937 12 1100 742 24 -6 0 51 51
1938 12 742 1100 24 -6 0 51 55
1939 8 742 0 6 -12851 1 55 0
1940 8 609 0 24 -12851 0 60 0
1941 8 742 0 -6 -12851 0 55 0
1942 8 742 0 24 -12851 1 55 0
1943 12 742 903 24 -6 0 51 55
1944 8 903 0 6 -12851 0 60 0
1945 8 903 0 -24 -12851 1 55 0
1946 8 903 0 24 -12851 0 55 0
1947 8 742 0 -6 -12851 0 60 0
1948 12 1100 742 -24 6 0 55 55
1949 12 500 742 -24 6 0 55 51
1950 12 500 742 -24 6 0 51 51
1951 8 742 0 -6 -12851 0 60 0
1952 8 742 0 -24 -12851 0 60 0
1953 12 903 742 -24 6 0 55 51
1954 8 742 0 -24 -12851 0 55 0
1955 12 903 742 24 -6 0 55 55
1956 12 609 742 24 -6 0 51 51
1957 8 903 0 6 -12851 0 55 0
1958 8 903 0 24 -12851 0 55 0
1959 8 609 0 -24 -12851 0 60 0
1960 12 742 500 -24 6 0 55 51
1961 12 742 1100 -24 6 0 55 55
1962 8 500 0 -6 -12851 0 55 0
1963 12 500 742 -24 6 0 55 51
1964 12 500 742 24 -6 0 55 51
1965 8 1100 0 6 -12851 0 55 0
1966 8 1100 0 -24 -12851 0 60 0
1967 12 742 903 24 -6 0 51 51
1968 12 1100 742 24 -6 0 51 51
1969 8 1100 0 24 -12851 0 60 0
1970 12 903 742 -24 6 0 55 55
1971 12 742 1100 24 -6 0 55 51
1972 8 903 0 24 -12851 0 60 0
1973 8 500 0 6 -12851 0 55 0
1974 8 609 0 -24 -12851 0 55 0
1975 8 500 0 -24 -12851 0 55 0
1976 8 609 0 -6 -12851 0 60 0
1977 12 903 742 -24 6 0 51 51
1978 12 500 742 -24 6 0 51 51
1979 8 500 0 -24 -12851 0 55 0
1980 12 742 1100 -24 6 0 51 51
1981 8 500 0 24 -12851 0 55 0
1982 8 500 0 6 -12851 0 60 0
1983 8 1100 0 -6 -12851 0 60 0
1984 8 500 0 -24 -12851 0 55 0
1985 12 1100 742 -24 6 0 51 55
1986 8 903 0 6 -12851 0 55 0
1987 12 742 500 -24 6 0 51 55
1988 12 742 903 -24 6 0 55 55
1989 12 1100 742 -24 6 0 51 51
1990 12 742 903 24 -6 0 51 51
1991 8 742 0 6 -12851 0 60 0
1992 12 903 742 -24 6 0 51 55
1993 12 1100 742 -24 6 0 55 51
1994 12 742 903 -24 6 0 55 51
1995 12 742 1100 24 -6 0 55 55
1996 8 1100 0 24 -12851 0 55 0
1997 8 742 0 -24 -12851 0 55 0
1998 8 903 0 -6 -12851 0 60 0
1999 12 1100 742 -24 6 0 51 55
2000 8 609 0 6 -12851 0 55 0
2001 12 609 742 24 -6 0 51 51
2002 12 742 609 24 -6 0 51 51
2003 8 903 0 -6 -12851 0 55 0
2004 12 742 1100 -24 6 0 55 55
2005 8 609 0 -6 -12851 0 60 0
2006 12 609 742 -24 6 0 55 51
2007 12 742 609 24 -6 0 51 55
2008 12 742 1100 24 -6 0 51 51
2009 12 742 1100 -24 6 0 51 51
2010 8 1100 0 6 -12851 0 60 0
2011 8 742 0 24 -12851 0 55 0
2012 8 609 0 -6 -12851 0 55 0
2013 8 742 0 -24 -12851 0 55 0
2014 12 742 609 24 -6 0 51 51
2015 12 903 742 24 -6 0 51 51
2016 8 742 0 6 -12851 0 60 0
2017 8 500 0 -24 -12851 0 55 0
2018 12 1100 742 -24 6 0 55 55
2019 8 500 0 -24 -12851 0 60 0
2020 8 500 0 -24 -12851 0 60 0
2021 12 742 1100 -24 6 0 55 51
2022 12 742 500 -24 6 0 51 51
2023 8 609 0 -6 -12851 0 55 0
2024 12 903 742 -24 6 0 51 55
2025 12 903 742 24 -6 0 55 55
2026 12 742 609 -24 6 0 55 51
2027 12 742 903 -24 6 0 51 51
2028 12 742 609 -24 6 0 55 51
2029 12 1100 742 -24 6 0 55 55
2030 8 609 0 -6 -12851 0 60 0
2031 8 1100 0 6 -12851 0 60 0
2032 8 609 0 -24 -12851 0 60 0
2033 12 1100 742 -24 6 0 51 51
2034 12 742 1100 24 -6 0 51 51
2035 8 1100 0 24 -12851 0 55 0
2036 12 742 500 -24 6 0 55 55
2037 12 742 500 -24 6 0 55 55
2038 12 500 742 -24 6 0 55 55
2039 8 903 0 6 -12851 0 60 0
2040 12 903 742 -24 6 0 51 51
2041 12 742 903 -24 6 0 51 51
2042 8 742 0 6 -12851 0 60 0
2043 8 1100 0 6 -12851 0 60 0
2044 12 500 742 24 -6 0 55 55
2045 12 500 742 -24 6 0 55 55
2046 8 742 0 6 -12851 0 60 0
2047 12 742 1100 -24 6 0 51 55
2048 12 742 903 -24 6 0 55 55
2049 12 742 903 -24 6 0 51 51
2050 12 742 500 -24 6 0 55 55
2051 12 742 903 24 -6 0 51 51
2052 12 742 500 24 -6 0 51 51
2053 12 742 609 24 -6 0 55 55
2054 12 1100 742 24 -6 0 51 51
2055 12 742 609 -24 6 0 51 51
2056 8 903 0 -6 -12851 0 60 0
2057 8 903 0 -24 -12851 0 55 0
2058 12 500 742 24 -6 0 51 55
2059 12 500 742 24 -6 0 51 55
2060 12 903 742 24 -6 0 55 55
2061 12 903 742 -24 6 0 51 51
2062 8 742 0 -24 -12851 0 55 0
2063 12 742 1100 -24 6 0 55 55
2064 12 500 742 -24 6 0 51 51
2065 8 742 0 -6 -12851 0 55 0
2066 8 742 0 24 -12851 0 60 0
2067 8 742 0 -24 -12851 0 60 0
2068 12 609 742 24 -6 0 51 51
2069 8 903 0 6 -12851 0 55 0
2070 12 903 742 24 -6 0 55 55
2071 8 903 0 24 -12851 0 60 0
2072 8 609 0 6 -12851 0 60 0
2073 8 500 0 -6 -12851 0 60 0
2074 12 500 742 -24 6 0 51 51
2075 8 1100 0 6 -12851 0 55 0
2076 8 1100 0 24 -12851 0 55 0
2077 8 1100 0 -24 -12851 0 60 0
2078 12 742 500 -24 6 0 51 55
2079 8 903 0 6 -12851 0 60 0
2080 12 742 609 24 -6 0 51 51
2081 8 500 0 24 -12851 0 55 0
2082 8 609 0 -6 -12851 0 55 0
2083 12 500 742 24 -6 0 55 55
2084 8 500 0 24 -12851 0 60 0
2085 8 609 0 -24 -12851 0 55 0
2086 12 609 742 24 -6 0 51 55
2087 8 500 0 -6 -12851 0 60 0
2088 12 609 742 -24 6 0 51 55
2089 12 742 609 -24 6 0 51 55
2090 8 500 0 -24 -12851 0 55 0
2091 8 1100 0 -24 -12851 0 60 0
2092 8 609 0 -24 -12851 0 55 0
2093 12 742 1100 24 -6 0 51 55
2094 8 742 0 -24 -12851 0 55 0
2095 8 500 0 24 -12851 0 55 0
2096 12 500 742 24 -6 0 55 55
2097 8 500 0 6 -12851 0 55 0
2098 8 609 0 -6 -12851 0 55 0
2099 8 609 0 6 -12851 0 55 0
2100 12 742 500 -24 6 0 55 51
2101 12 903 742 -24 6 0 55 51
2102 12 742 1100 -24 6 0 55 55
2103 12 742 903 -24 6 0 51 55
2104 8 1100 0 24 -12851 0 55 0
2105 12 500 742 24 -6 0 55 51
2106 8 742 0 -24 -12851 0 60 0
2107 8 1100 0 -24 -12851 0 55 0
2108 12 1100 742 -24 6 0 55 51
2109 8 742 0 24 -12851 0 60 0
2110 12 742 500 24 -6 0 51 51
2111 12 500 742 -24 6 0 55 55
2112 12 903 742 -24 6 0 51 51
2113 12 742 1100 -24 6 0 55 55
2114 12 500 742 24 -6 0 51 55
2115 8 903 0 -6 -12851 0 55 0
2116 8 903 0 6 -12851 0 60 0
2117 12 903 742 -24 6 0 51 51
2118 12 742 500 -24 6 0 51 55
2119 8 903 0 24 -12851 0 60 0
2120 8 500 0 24 -12851 0 55 0
2121 12 742 500 24 -6 0 55 55
2122 8 500 0 -24 -12851 0 55 0
2123 12 500 742 24 -6 0 55 55
2124 12 1100 742 -24 6 0 51 55
2125 12 742 903 24 -6 0 51 51
2126 8 500 0 -6 -12851 0 55 0
2127 8 609 0 -6 -12851 0 55 0
2128 8 1100 0 -24 -12851 0 60 0
2129 12 1100 742 -24 6 0 51 51
2130 8 903 0 6 -12851 0 55 0
2131 8 903 0 -6 -12851 0 55 0
2132 8 742 0 -24 -12851 0 55 0
2133 12 742 1100 -24 6 0 51 51
2134 12 1100 742 24 -6 0 51 51
2135 12 742 500 -24 6 0 51 55
2136 8 500 0 24 -12851 0 55 0
2137 8 609 0 -6 -12851 0 60 0
2138 8 742 0 6 -12851 0 55 0
2139 8 609 0 -24 -12851 0 55 0
2140 12 903 742 24 -6 0 55 55
2141 12 609 742 -24 6 0 51 55
2142 8 1100 0 -24 -12851 0 55 0
2143 12 742 609 24 -6 0 51 51
2144 12 903 742 -24 6 0 55 55
2145 8 1100 0 -24 -12851 0 55 0
2146 8 903 0 6 -12851 0 60 0
2147 8 742 0 6 -12851 0 55 0
2148 12 742 609 -24 6 0 55 55
2149 8 500 0 24 -12851 0 55 0
2150 8 500 0 -6 -12851 0 55 0
2151 8 500 0 -24 -12851 0 60 0
2152 12 742 1100 -24 6 0 51 55
2153 8 609 0 6 -12851 0 55 0
2154 12 500 742 -24 6 0 51 51
2155 8 500 0 24 -12851 0 60 0
2156 8 903 0 -6 -12851 0 55 0
2157 12 742 1100 24 -6 0 51 55
2158 8 742 0 -6 -12851 0 60 0
2159 8 1100 0 -24 -12851 0 60 0
2160 8 903 0 -6 -12851 0 55 0
2161 8 609 0 -6 -12851 0 55 0
2162 8 1100 0 -24 -12851 0 60 0
2163 8 742 0 24 -12851 0 60 0
2164 12 609 742 -24 6 0 55 55
2165 8 903 0 -6 -12851 0 60 0
2166 12 609 742 24 -6 0 51 55
2167 8 1100 0 -6 -12851 0 60 0
2168 8 742 0 -24 -12851 0 55 0
2169 8 609 0 6 -12851 0 60 0
2170 8 500 0 -24 -12851 0 60 0
2171 12 742 609 24 -6 0 55 55
2172 8 500 0 -24 -12851 0 60 0
2173 8 609 0 -24 -12851 0 60 0
2174 12 742 609 -24 6 0 51 55
2175 8 1100 0 -24 -12851 0 60 0
2176 12 742 903 24 -6 0 55 51
2177 8 1100 0 -24 -12851 0 55 0
2178 8 1100 0 24 -12851 0 55 0
2179 8 742 0 6 -12851 0 55 0
2180 8 609 0 24 -12851 0 60 0
2181 8 609 0 24 -12851 0 60 0
2182 12 500 742 24 -6 1 55 55
2183 12 742 1100 -24 6 1 51 55
2184 8 500 0 6 -12851 0 55 0
2185 12 742 500 24 -6 1 55 55
2186 12 742 609 -24 6 0 51 51
2187 8 742 0 -24 -12851 0 60 0
2188 12 1100 742 -24 6 0 51 51
2189 12 1100 742 24 -6 1 55 55
2190 12 903 742 -24 6 1 55 55
2191 8 742 0 -24 -12851 1 60 0
2192 8 500 0 6 -12851 1 60 0
2193 8 903 0 -6 -12851 0 55 0
2194 12 742 1100 24 -6 0 51 55
2195 8 903 0 -24 -12851 1 60 0
2196 12 742 609 -24 6 0 55 51
2197 8 903 0 24 -12851 0 55 0
2198 8 1100 0 -24 -12851 0 60 0
2199 8 1100 0 24 -12851 0 60 0
2200 12 609 742 -24 6 0 51 51
2201 12 742 609 -24 6 1 55 55
2202 12 742 609 24 -6 0 55 55
2203 8 742 0 -24 -12851 0 55 0
2204 8 500 0 6 -12851 0 55 0
2205 12 742 500 24 -6 0 55 51
2206 12 500 742 -24 6 0 55 51
2207 8 1100 0 6 -12851 0 60 0
2208 12 742 903 24 -6 0 55 51
2209 8 903 0 24 -12851 1 55 0
2210 8 1100 0 6 -12851 1 55 0
2211 12 1100 742 -24 6 1 55 51
2212 12 903 742 -24 6 1 55 55
2213 8 500 0 -24 -12851 1 55 0
2214 8 903 0 -24 -12851 1 55 0
2215 12 500 742 24 -6 1 51 55
2216 12 742 1100 24 -6 0 51 51
2217 12 742 609 24 -6 1 51 51
2218 8 903 0 -6 -12851 1 60 0
2219 8 500 0 -24 -12851 1 60 0
2220 12 500 742 24 -6 0 51 51
2221 8 609 0 24 -12851 1 55 0
2222 12 609 742 -24 6 1 55 55
2223 8 609 0 24 -12851 1 55 0
2224 12 742 1100 -24 6 1 55 51
2225 12 500 742 24 -6 1 51 55
2226 12 1100 742 24 -6 1 55 55
2227 12 500 742 -24 6 1 51 55
2228 8 609 0 24 -12851 1 60 0
2229 8 742 0 6 -12851 1 60 0
2230 12 742 609 24 -6 1 51 55
2231 12 742 903 24 -6 1 55 51
2232 8 742 0 -24 -12851 1 55 0
2233 8 1100 0 24 -12851 0 60 0
2234 12 742 1100 24 -6 1 51 55
2235 12 742 609 24 -6 1 51 55
2236 12 500 742 24 -6 1 55 51
2237 8 1100 0 6 -12851 1 60 0
2238 12 903 742 -24 6 0 55 51
2239 12 742 903 -24 6 1 51 55
2240 8 609 0 -24 -12851 1 60 0
2241 12 903 742 24 -6 1 51 51
2242 12 609 742 -24 6 1 55 51
2243 12 1100 742 24 -6 1 55 55
2244 8 903 0 -6 -12851 0 60 0
2245 8 500 0 -24 -12851 1 60 0
2246 12 609 742 24 -6 1 55 55
2247 12 742 609 24 -6 1 51 55
2248 12 1100 742 -24 6 0 51 55
2249 8 903 0 24 -12851 1 60 0
2250 8 609 0 24 -12851 0 55 0
2251 12 742 1100 24 -6 1 55 51
2252 12 742 903 24 -6 1 51 51
2253 8 1100 0 24 -12851 1 60 0
2254 8 609 0 -6 -12851 0 60 0
2255 8 742 0 6 -12851 0 55 0
2256 12 742 1100 24 -6 1 55 55
2257 8 1100 0 6 -12851 1 60 0
2258 8 742 0 24 -12851 1 55 0
2259 12 609 742 -24 6 1 55 55
2260 8 903 0 6 -12851 1 55 0
2261 8 500 0 -24 -12851 1 55 0
2262 8 742 0 24 -12851 0 60 0
2263 12 742 1100 24 -6 1 55 55
2264 8 500 0 6 -12851 0 55 0
2265 8 903 0 6 -12851 0 55 0
2266 8 903 0 -6 -12851 1 60 0
2267 12 742 609 24 -6 1 55 55
2268 12 742 903 -24 6 1 55 51
2269 12 609 742 24 -6 1 51 55
2270 12 500 742 -24 6 1 55 55
2271 12 500 742 -24 6 1 55 55
2272 12 742 903 24 -6 1 51 51
2273 12 742 609 24 -6 0 51 55
2274 8 500 0 -24 -12851 0 55 0
2275 12 1100 742 -24 6 0 55 55
2276 12 903 742 -24 6 0 55 55
2277 8 609 0 -24 -12851 1 55 0
2278 12 742 903 24 -6 1 51 55
2279 8 742 0 -6 -12851 1 60 0
2280 12 742 1100 24 -6 1 55 55
2281 8 1100 0 6 -12851 1 60 0
2282 8 903 0 -6 -12851 1 55 0
