388 8 742 0 -6 -12851 0 60 0
389 12 742 500 -24 6 0 55 51
390 8 500 0 6 -12851 0 55 0
391 12 500 742 24 -6 0 51 55
392 12 1100 742 -24 6 1 55 55
393 12 903 742 24 -6 1 55 55
394 8 742 0 24 -12851 1 60 0
395 8 742 0 24 -12851 1 60 0
396 12 742 500 24 -6 1 51 51
397 12 742 903 -24 6 1 51 51
398 8 742 0 -6 -12851 1 55 0
399 12 742 903 24 -6 1 55 51
400 8 500 0 -6 -12851 1 60 0
401 12 500 742 -24 6 1 51 51
402 12 742 1100 24 -6 1 51 55
403 8 742 0 -24 -12851 0 55 0
404 8 1100 0 6 -12851 0 55 0
405 8 609 0 24 -12851 0 55 0
406 8 609 0 6 -12851 0 55 0
407 12 742 500 -24 6 1 51 51
408 8 1100 0 6 -12851 0 55 0
409 8 742 0 -6 -12851 0 55 0
410 8 903 0 -24 -12851 0 60 0
411 12 742 609 -24 6 1 51 55
412 12 609 742 24 -6 1 55 51
413 12 742 609 24 -6 1 55 51
414 8 500 0 6 -12851 1 60 0
415 12 742 903 -24 6 1 51 51
416 12 1100 742 24 -6 1 55 55
417 8 609 0 -6 -12851 1 55 0
418 12 742 1100 24 -6 0 55 51
419 12 609 742 24 -6 0 55 51
420 12 742 903 24 -6 1 55 55
421 8 903 0 -24 -12851 1 60 0
422 8 1100 0 24 -12851 1 55 0
423 8 903 0 24 -12851 1 60 0
424 8 500 0 24 -12851 1 60 0
425 8 500 0 -24 -12851 1 55 0
426 8 500 0 -6 -12851 1 60 0
427 8 903 0 24 -12851 1 60 0
428 12 500 742 24 -6 1 51 51
429 8 742 0 24 -12851 0 60 0
430 12 742 1100 -24 6 1 51 51
431 8 609 0 -6 -12851 1 60 0
432 12 903 742 -24 6 1 55 55
433 8 903 0 -6 -12851 1 60 0
434 8 742 0 -24 -12851 1 60 0
435 8 742 0 -24 -12851 1 60 0
436 8 1100 0 24 -12851 1 60 0
437 8 1100 0 6 -12851 1 55 0
438 8 500 0 6 -12851 1 60 0
439 12 609 742 -24 6 1 51 51
440 12 742 903 -24 6 1 55 55
441 12 1100 742 24 -6 0 55 55
442 12 742 1100 24 -6 0 51 51
443 12 1100 742 -24 6 1 55 51
444 12 609 742 24 -6 1 51 55
445 8 903 0 -24 -12851 1 55 0
446 12 500 742 -24 6 1 51 51
447 12 903 742 -24 6 1 55 55
448 12 1100 742 -24 6 1 51 55
449 12 742 500 -24 6 1 51 55
450 12 742 903 24 -6 0 51 51
451 12 500 742 24 -6 1 51 55
452 12 903 742 24 -6 0 51 51
453 12 1100 742 -24 6 1 55 51
454 8 500 0 -6 -12851 0 60 0
455 8 609 0 -24 -12851 1 60 0
456 12 742 1100 24 -6 0 51 51
457 8 1100 0 -6 -12851 0 60 0
458 8 609 0 -24 -12851 1 60 0
459 12 742 500 -24 6 1 51 51
460 8 903 0 -6 -12851 1 60 0
461 8 903 0 6 -12851 0 60 0
462 12 903 742 -24 6 1 51 55
463 12 1100 742 24 -6 0 55 55
464 8 1100 0 -24 -12851 1 60 0
465 8 500 0 24 -12851 0 60 0
466 8 609 0 -6 -12851 1 55 0
467 12 742 500 24 -6 1 51 51
468 8 500 0 6 -12851 0 55 0
469 12 742 903 -24 6 1 51 51
470 12 742 609 -24 6 1 55 55
471 8 742 0 -6 -12851 0 55 0
472 12 742 500 -24 6 1 55 51
473 8 1100 0 6 -12851 1 60 0
474 12 742 500 24 -6 1 55 55
475 12 1100 742 24 -6 1 51 51
476 12 1100 742 24 -6 0 55 51
477 8 742 0 -24 -12851 1 55 0
478 12 500 742 24 -6 1 51 55
479 8 500 0 24 -12851 0 55 0
480 8 742 0 -24 -12851 1 60 0
481 8 903 0 6 -12851 0 60 0
482 8 1100 0 -24 -12851 1 55 0
483 12 742 500 24 -6 0 55 55
484 8 609 0 -24 -12851 1 55 0
485 12 500 742 24 -6 0 51 51
486 12 742 903 -24 6 1 51 51
487 12 742 500 24 -6 0 51 55
488 8 609 0 -6 -12851 0 60 0
489 12 609 742 24 -6 0 55 55
490 8 903 0 6 -12851 0 55 0
491 12 742 609 24 -6 0 51 55
492 12 742 1100 24 -6 1 55 51
493 8 609 0 -24 -12851 1 55 0
494 8 609 0 -6 -12851 0 60 0
495 12 1100 742 -24 6 0 51 55
496 12 742 609 24 -6 0 51 51
497 8 742 0 6 -12851 0 60 0
498 12 609 742 24 -6 0 51 51
499 12 903 742 24 -6 1 51 55
500 8 903 0 6 -12851 0 60 0
501 12 903 742 24 -6 0 55 55
502 8 609 0 24 -12851 1 60 0
503 12 609 742 -24 6 1 55 51
504 12 1100 742 24 -6 1 51 55
505 8 500 0 -24 -12851 1 55 0
506 12 500 742 -24 6 1 55 51
507 8 742 0 -6 -12851 1 60 0
508 8 742 0 -6 -12851 0 60 0
509 8 903 0 24 -12851 1 55 0
510 12 742 903 -24 6 1 55 55
511 8 1100 0 -6 -12851 0 55 0
512 12 1100 742 -24 6 1 55 55
513 8 903 0 -24 -12851 0 55 0
514 8 1100 0 6 -12851 1 60 0
515 12 903 742 24 -6 1 55 55
516 8 1100 0 -6 -12851 1 55 0
517 12 742 500 24 -6 1 51 55
518 12 1100 742 -24 6 0 51 51
519 8 609 0 24 -12851 1 55 0
520 12 742 609 -24 6 0 55 55
521 8 500 0 24 -12851 1 60 0
522 8 500 0 24 -12851 1 55 0
523 8 903 0 -6 -12851 1 55 0
524 8 903 0 24 -12851 1 60 0
525 12 609 742 24 -6 1 55 51
526 12 609 742 24 -6 0 55 55
527 12 742 903 -24 6 0 51 55
528 12 609 742 -24 6 1 51 51
529 12 1100 742 24 -6 1 55 55
530 8 742 0 -24 -12851 1 60 0
531 12 903 742 24 -6 1 55 51
532 12 903 742 24 -6 0 51 51
533 12 742 903 -24 6 1 55 55
534 8 500 0 6 -12851 0 60 0
535 8 903 0 -24 -12851 1 55 0
536 8 609 0 -6 -12851 1 60 0
537 8 1100 0 -24 -12851 1 55 0
538 12 500 742 24 -6 1 51 55
539 8 609 0 24 -12851 0 60 0
540 8 903 0 24 -12851 1 60 0
541 12 903 742 24 -6 1 55 51
542 12 1100 742 -24 6 0 51 55
543 8 742 0 -6 -12851 1 55 0
544 8 609 0 -6 -12851 0 60 0
545 12 903 742 -24 6 1 55 55
546 12 742 500 -24 6 1 55 55
547 8 500 0 24 -12851 0 60 0
548 12 742 903 24 -6 1 51 55
549 8 500 0 24 -12851 0 60 0
550 8 1100 0 6 -12851 0 60 0
551 8 742 0 24 -12851 1 60 0
552 12 609 742 -24 6 0 55 51
553 12 742 903 -24 6 1 51 51
554 12 742 609 -24 6 0 51 51
555 12 742 500 24 -6 1 51 55
556 8 1100 0 24 -12851 0 55 0
557 12 742 1100 24 -6 1 51 51
558 8 500 0 -6 -12851 1 60 0
559 8 500 0 -6 -12851 0 55 0
560 12 500 742 -24 6 1 55 51
561 12 742 903 -24 6 1 55 55
562 8 609 0 -24 -12851 1 60 0
563 12 742 609 -24 6 1 55 55
564 12 742 500 24 -6 1 55 55
565 12 903 742 -24 6 1 55 55
566 8 1100 0 -24 -12851 1 55 0
567 12 903 742 24 -6 0 51 51
568 8 500 0 -24 -12851 1 55 0
569 8 1100 0 24 -12851 1 55 0
570 8 742 0 -6 -12851 0 60 0
571 8 609 0 6 -12851 1 60 0
572 8 500 0 6 -12851 1 60 0
573 8 903 0 24 -12851 0 55 0
574 8 609 0 6 -12851 0 55 0
575 8 1100 0 -6 -12851 0 55 0
576 12 500 742 24 -6 1 51 51
577 12 742 500 24 -6 1 51 55
578 8 903 0 -24 -12851 1 55 0
579 12 500 742 -24 6 0 55 55
580 12 742 903 24 -6 0 55 55
581 12 742 1100 -24 6 1 55 55
582 12 609 742 24 -6 1 55 55
583 12 903 742 -24 6 1 51 55
584 8 903 0 6 -12851 1 60 0
585 12 609 742 24 -6 0 51 51
586 12 903 742 24 -6 1 55 55
587 12 742 609 24 -6 1 51 55
588 12 742 1100 -24 6 0 55 55
589 8 742 0 6 -12851 1 55 0
590 12 609 742 24 -6 1 51 51
591 12 742 609 24 -6 0 55 51
592 8 742 0 6 -12851 1 60 0
593 12 742 500 -24 6 0 51 55
594 12 742 609 -24 6 1 55 51
595 8 903 0 24 -12851 0 60 0
596 8 903 0 -6 -12851 0 55 0
597 12 742 903 24 -6 0 51 55
598 8 500 0 -24 -12851 0 55 0
599 12 742 500 -24 6 0 55 51
600 12 742 903 -24 6 0 51 51
601 8 500 0 -6 -12851 1 55 0
602 8 609 0 -24 -12851 1 55 0
603 12 742 1100 24 -6 1 55 55
604 12 609 742 -24 6 1 51 55
605 12 903 742 -24 6 1 55 51
606 8 1100 0 -24 -12851 1 60 0
607 8 903 0 6 -12851 0 60 0
608 12 742 1100 -24 6 1 51 51
609 12 500 742 24 -6 1 51 51
610 12 742 500 24 -6 1 55 51
611 8 742 0 24 -12851 1 55 0
612 12 500 742 24 -6 1 55 51
613 12 500 742 24 -6 1 51 55
614 12 609 742 24 -6 1 51 51
615 12 742 903 24 -6 1 55 51
616 8 609 0 -24 -12851 1 60 0
617 8 500 0 -24 -12851 1 60 0
618 8 609 0 -24 -12851 1 55 0
619 12 1100 742 -24 6 1 51 55
620 8 1100 0 -24 -12851 1 60 0
621 8 903 0 6 -12851 1 60 0
622 8 742 0 -24 -12851 1 60 0
623 12 742 609 24 -6 1 51 51
624 12 903 742 -24 6 1 51 55
625 12 742 903 24 -6 1 51 51
626 8 742 0 -24 -12851 1 55 0
627 8 1100 0 -24 -12851 1 60 0
628 12 1100 742 -24 6 1 51 51
629 8 742 0 24 -12851 1 55 0
630 12 742 609 -24 6 1 51 55
631 8 742 0 24 -12851 1 60 0
632 12 1100 742 24 -6 1 51 55
633 12 742 609 24 -6 1 51 55
634 12 500 742 -24 6 0 55 55
635 8 1100 0 -6 -12851 0 60 0
636 12 742 500 -24 6 1 51 55
637 8 500 0 -24 -12851 1 55 0
638 8 609 0 -24 -12851 1 60 0
639 8 1100 0 6 -12851 1 60 0
640 8 742 0 -24 -12851 0 60 0
641 12 742 609 24 -6 1 51 55
642 8 1100 0 6 -12851 1 55 0
643 12 903 742 24 -6 1 55 51
644 12 742 500 -24 6 1 51 55
645 8 903 0 24 -12851 0 55 0
646 8 609 0 -24 -12851 1 60 0
647 8 742 0 -6 -12851 0 55 0
648 8 609 0 6 -12851 0 60 0
649 8 903 0 -6 -12851 1 55 0
650 8 500 0 -24 -12851 1 60 0
651 8 500 0 6 -12851 0 60 0
652 12 742 1100 24 -6 1 51 51
653 12 742 903 -24 6 0 51 55
654 12 742 1100 24 -6 0 55 55
655 12 742 609 24 -6 1 51 51
656 12 742 903 -24 6 0 55 51
657 8 903 0 24 -12851 1 55 0
658 12 1100 742 -24 6 1 51 51
659 12 903 742 24 -6 0 55 51
660 12 742 903 24 -6 1 55 51
661 8 1100 0 24 -12851 1 55 0
662 12 1100 742 24 -6 0 51 51
663 8 1100 0 6 -12851 1 55 0
664 8 1100 0 6 -12851 0 55 0
665 8 500 0 -24 -12851 1 55 0
666 12 742 1100 -24 6 1 51 51
667 8 742 0 -6 -12851 0 60 0
668 12 903 742 24 -6 0 51 51
669 8 742 0 -24 -12851 1 60 0
670 8 500 0 6 -12851 0 55 0
671 8 1100 0 -24 -12851 1 55 0
672 8 903 0 -24 -12851 1 60 0
673 8 500 0 6 -12851 0 60 0
674 8 903 0 24 -12851 1 55 0
675 12 1100 742 -24 6 0 51 51
676 8 903 0 -24 -12851 0 60 0
677 8 742 0 -24 -12851 0 60 0
678 8 609 0 6 -12851 0 60 0
679 8 609 0 24 -12851 1 60 0
680 8 609 0 -6 -12851 0 60 0
681 12 500 742 24 -6 1 51 55
682 12 903 742 24 -6 1 51 55
683 12 742 1100 24 -6 0 55 55
684 8 1100 0 6 -12851 0 55 0
685 12 742 609 24 -6 0 55 55
686 8 1100 0 6 -12851 0 55 0
687 8 903 0 -6 -12851 1 60 0
688 12 609 742 24 -6 1 55 55
689 8 609 0 -6 -12851 1 60 0
690 8 609 0 -6 -12851 1 55 0
691 12 742 609 -24 6 0 51 51
692 12 742 500 -24 6 0 55 55
693 8 1100 0 -6 -12851 0 60 0
694 8 742 0 24 -12851 0 60 0
695 8 742 0 -24 -12851 0 55 0
696 8 1100 0 -6 -12851 0 55 0
697 12 742 500 -24 6 1 51 55
698 8 742 0 24 -12851 0 55 0
699 12 742 903 -24 6 1 51 51
700 8 609 0 -6 -12851 1 55 0
701 12 903 742 24 -6 1 55 55
702 8 903 0 -6 -12851 1 55 0
703 8 903 0 6 -12851 1 60 0
704 12 1100 742 24 -6 1 51 55
705 12 609 742 -24 6 1 51 51
706 12 742 609 24 -6 0 55 51
707 12 1100 742 24 -6 1 51 55
708 12 742 500 -24 6 1 55 55
709 12 609 742 24 -6 0 55 55
710 12 742 1100 -24 6 0 55 55
711 12 742 500 -24 6 0 51 51
712 8 500 0 24 -12851 0 55 0
713 8 500 0 6 -12851 0 55 0
714 12 500 742 24 -6 1 51 55
715 12 742 500 24 -6 1 55 55
716 8 500 0 -24 -12851 1 55 0
717 8 903 0 24 -12851 1 55 0
718 12 742 1100 -24 6 1 51 51
719 8 903 0 -24 -12851 1 60 0
720 8 1100 0 -6 -12851 1 55 0
721 8 742 0 -6 -12851 1 60 0
722 8 500 0 6 -12851 1 55 0
723 8 903 0 -24 -12851 1 55 0
724 12 903 742 24 -6 1 55 55
725 12 742 903 24 -6 1 55 55
726 12 742 903 24 -6 1 55 55
727 8 1100 0 24 -12851 1 60 0
728 8 903 0 -24 -12851 1 55 0
729 12 903 742 24 -6 1 55 51
730 12 903 742 -24 6 0 51 55
731 8 609 0 -24 -12851 1 55 0
732 12 1100 742 24 -6 1 51 51
733 8 1100 0 -24 -12851 0 60 0
734 12 742 500 -24 6 0 51 51
735 12 742 1100 24 -6 1 55 51
736 8 500 0 -6 -12851 1 60 0
737 12 903 742 24 -6 1 55 51
738 8 500 0 -6 -12851 0 60 0
739 12 1100 742 -24 6 0 55 55
740 12 500 742 24 -6 1 55 55
741 12 903 742 24 -6 0 55 55
742 12 903 742 -24 6 0 51 51
743 12 609 742 24 -6 0 55 55
744 12 609 742 -24 6 0 55 51
745 8 742 0 24 -12851 0 55 0
746 12 742 1100 24 -6 1 55 51
747 12 742 609 -24 6 1 51 55
748 8 609 0 -6 -12851 1 60 0
749 8 742 0 6 -12851 1 60 0
750 8 609 0 24 -12851 1 55 0
751 12 742 1100 -24 6 0 51 51
752 8 903 0 6 -12851 0 55 0
753 8 903 0 24 -12851 0 60 0
754 12 500 742 24 -6 0 55 51
755 8 903 0 24 -12851 0 55 0
756 12 742 609 24 -6 1 55 51
757 8 609 0 -24 -12851 1 55 0
758 8 903 0 -24 -12851 1 55 0
759 8 500 0 -6 -12851 1 55 0
760 8 500 0 -24 -12851 1 60 0
761 12 742 500 24 -6 1 51 55
762 8 609 0 6 -12851 0 55 0
763 12 609 742 -24 6 0 55 55
764 8 609 0 -6 -12851 1 55 0
765 8 742 0 -24 -12851 0 60 0
766 12 500 742 24 -6 0 51 55
767 8 742 0 -24 -12851 0 55 0
768 8 1100 0 -6 -12851 0 60 0
769 12 1100 742 24 -6 0 55 55
770 12 742 500 24 -6 0 55 55
771 12 903 742 24 -6 0 51 51
772 8 1100 0 24 -12851 0 60 0
773 8 1100 0 24 -12851 0 55 0
774 8 500 0 6 -12851 0 55 0
775 12 742 1100 24 -6 0 55 55
776 12 742 1100 24 -6 0 55 55
777 12 609 742 -24 6 0 51 51
778 12 742 609 -24 6 0 51 51
779 12 742 500 24 -6 0 55 55
780 8 742 0 24 -12851 0 60 0
781 8 1100 0 6 -12851 0 55 0
782 8 1100 0 -24 -12851 0 55 0
783 12 500 742 24 -6 0 55 55
784 12 742 1100 24 -6 0 51 51
785 12 609 742 -24 6 0 51 51
786 8 609 0 24 -12851 0 55 0
787 8 500 0 -24 -12851 0 55 0
788 8 500 0 24 -12851 0 60 0
789 12 742 903 -24 6 1 51 55
790 12 742 500 -24 6 1 55 55
791 12 742 1100 -24 6 1 55 51
792 8 1100 0 -24 -12851 1 55 0
793 12 609 742 24 -6 0 55 55
794 12 742 903 24 -6 0 51 51
795 12 1100 742 24 -6 1 55 55
796 8 903 0 -24 -12851 0 60 0
797 8 742 0 -24 -12851 1 60 0
798 8 903 0 -24 -12851 1 60 0
799 8 742 0 6 -12851 1 60 0
800 8 500 0 24 -12851 1 55 0
801 12 500 742 -24 6 1 51 55
802 8 1100 0 -24 -12851 1 55 0
803 8 609 0 -24 -12851 1 60 0
804 12 1100 742 24 -6 1 55 51
805 12 742 500 -24 6 1 55 51
806 8 742 0 -6 -12851 1 55 0
807 12 903 742 -24 6 1 55 55
808 8 609 0 -24 -12851 1 60 0
809 12 500 742 24 -6 0 55 51
810 8 903 0 -6 -12851 0 60 0
811 8 742 0 24 -12851 1 55 0
812 12 609 742 -24 6 1 55 55
813 8 742 0 6 -12851 1 55 0
814 8 742 0 -24 -12851 1 55 0
815 12 609 742 24 -6 1 51 55
816 12 742 1100 24 -6 1 55 51
817 12 1100 742 24 -6 0 55 55
818 12 500 742 -24 6 1 55 55
819 8 609 0 24 -12851 0 55 0
820 12 742 903 24 -6 1 51 51
821 12 609 742 -24 6 1 51 51
822 12 742 903 -24 6 0 55 55
823 8 742 0 6 -12851 0 55 0
824 8 903 0 24 -12851 1 55 0
825 8 903 0 -6 -12851 1 60 0
826 12 903 742 24 -6 1 55 51
827 8 500 0 24 -12851 1 60 0
828 12 742 500 24 -6 1 55 51
829 8 903 0 6 -12851 0 60 0
830 12 742 1100 -24 6 1 51 51
831 8 1100 0 24 -12851 1 60 0
832 8 500 0 -6 -12851 1 55 0
833 8 609 0 -6 -12851 1 60 0
834 8 609 0 6 -12851 1 55 0
835 12 500 742 -24 6 0 55 55
836 8 1100 0 -6 -12851 1 55 0
837 12 742 903 -24 6 1 51 51
838 8 1100 0 24 -12851 1 55 0
839 8 500 0 -24 -12851 1 60 0
840 12 500 742 24 -6 1 51 51
841 12 1100 742 -24 6 1 51 51
842 8 903 0 -24 -12851 1 55 0
843 12 609 742 24 -6 1 55 51
844 12 742 609 24 -6 1 51 51
845 8 903 0 -6 -12851 0 60 0
846 8 742 0 -24 -12851 1 60 0
847 12 742 903 24 -6 0 51 51
848 8 500 0 24 -12851 1 60 0
849 12 742 903 -24 6 0 55 51
850 8 1100 0 -6 -12851 1 55 0
851 8 903 0 -6 -12851 1 55 0
852 8 903 0 -24 -12851 1 60 0
853 8 742 0 24 -12851 1 60 0
854 8 1100 0 24 -12851 0 55 0
855 12 742 500 -24 6 1 51 55
856 12 903 742 -24 6 1 55 55
857 12 742 903 -24 6 1 55 55
858 8 609 0 24 -12851 1 55 0
859 12 742 609 -24 6 1 51 55
860 8 609 0 6 -12851 0 60 0
861 8 742 0 -24 -12851 1 55 0
862 8 609 0 6 -12851 1 55 0
863 8 500 0 -24 -12851 1 55 0
864 8 1100 0 24 -12851 1 55 0
865 12 742 1100 24 -6 1 51 55
866 12 500 742 24 -6 1 51 55
867 8 500 0 -6 -12851 0 55 0
868 8 1100 0 -6 -12851 1 60 0
869 8 1100 0 24 -12851 1 55 0
870 12 903 742 24 -6 1 51 55
871 12 742 903 -24 6 1 55 51
872 8 609 0 6 -12851 0 55 0
873 8 500 0 -6 -12851 1 55 0
874 8 500 0 6 -12851 0 55 0
875 12 500 742 24 -6 1 51 51
876 12 742 609 -24 6 1 55 55
877 12 609 742 -24 6 1 55 55
878 12 742 903 24 -6 0 51 51
879 8 1100 0 24 -12851 1 60 0
880 8 903 0 24 -12851 1 55 0
881 8 742 0 6 -12851 0 60 0
882 8 903 0 -6 -12851 0 55 0
883 12 500 742 24 -6 0 51 55
884 12 742 1100 -24 6 0 55 51
885 8 742 0 -24 -12851 1 60 0
886 12 742 1100 24 -6 1 55 51
887 12 742 609 24 -6 1 51 51
888 8 500 0 -24 -12851 1 55 0
889 12 903 742 -24 6 1 51 51
890 8 1100 0 6 -12851 0 55 0
891 8 609 0 24 -12851 1 55 0
892 8 742 0 6 -12851 1 55 0
893 12 500 742 24 -6 0 55 55
894 12 903 742 -24 6 1 51 51
895 12 609 742 24 -6 1 51 51
896 12 742 500 -24 6 1 55 55
897 8 609 0 6 -12851 0 55 0
898 12 903 742 -24 6 1 51 51
899 12 1100 742 24 -6 1 51 51
900 12 500 742 -24 6 0 55 51
901 12 742 609 24 -6 1 55 51
902 8 903 0 24 -12851 1 60 0
903 8 500 0 -6 -12851 1 60 0
904 8 500 0 -24 -12851 0 60 0
905 12 742 500 -24 6 0 51 51
906 12 1100 742 24 -6 0 51 51
907 12 742 903 -24 6 0 55 51
908 12 1100 742 24 -6 1 55 55
909 12 742 903 24 -6 1 55 55
910 12 903 742 24 -6 0 51 51
911 12 500 742 24 -6 1 51 55
912 8 903 0 6 -12851 1 55 0
913 8 742 0 24 -12851 0 55 0
914 8 609 0 -6 -12851 1 60 0
915 12 742 609 24 -6 1 55 55
916 8 903 0 6 -12851 0 55 0
917 12 742 500 -24 6 0 51 55
918 8 742 0 6 -12851 0 60 0
919 12 500 742 -24 6 1 55 51
920 12 742 500 24 -6 1 55 51
921 12 742 903 -24 6 0 55 55
922 12 903 742 -24 6 0 51 55
923 8 742 0 6 -12851 0 60 0
924 8 1100 0 -24 -12851 1 60 0
925 8 1100 0 24 -12851 0 60 0
926 8 500 0 -24 -12851 1 60 0
927 8 903 0 -24 -12851 1 60 0
928 8 500 0 -24 -12851 1 60 0
929 8 609 0 24 -12851 0 60 0
930 8 1100 0 -6 -12851 0 55 0
931 12 500 742 -24 6 1 55 55
932 12 903 742 -24 6 1 55 55
933 12 609 742 -24 6 1 51 51
934 12 500 742 24 -6 1 55 55
935 8 609 0 6 -12851 0 60 0
936 12 1100 742 -24 6 1 55 51
937 8 500 0 -24 -12851 1 60 0
938 8 500 0 -6 -12851 0 55 0
939 8 903 0 24 -12851 1 60 0
940 8 742 0 -24 -12851 1 60 0
941 12 609 742 -24 6 1 51 51
942 8 609 0 6 -12851 0 55 0
943 12 742 1100 -24 6 0 55 51
944 8 903 0 6 -12851 1 60 0
945 8 742 0 24 -12851 1 60 0
946 12 742 1100 24 -6 1 55 55
947 8 742 0 -24 -12851 1 60 0
948 8 1100 0 6 -12851 1 55 0
949 8 1100 0 -6 -12851 0 55 0
950 12 1100 742 24 -6 1 55 55
951 12 609 742 -24 6 1 55 55
952 8 500 0 24 -12851 1 60 0
953 12 742 903 -24 6 1 55 55
954 8 903 0 6 -12851 1 55 0
955 8 500 0 -6 -12851 0 60 0
956 12 742 500 -24 6 1 55 51
957 12 742 903 -24 6 0 51 55
958 8 609 0 -6 -12851 0 55 0
959 8 1100 0 6 -12851 0 60 0
960 8 609 0 -6 -12851 1 60 0
961 8 609 0 -6 -12851 0 55 0
962 12 609 742 24 -6 0 55 55
963 12 1100 742 24 -6 1 51 51
964 12 742 903 24 -6 1 51 55
965 8 609 0 -6 -12851 1 60 0
966 8 742 0 -24 -12851 1 55 0
967 8 1100 0 6 -12851 0 55 0
968 8 500 0 -6 -12851 1 55 0
969 8 903 0 24 -12851 1 55 0
970 12 742 1100 24 -6 1 55 55
971 12 742 500 -24 6 1 51 51
972 12 742 500 24 -6 1 51 51
973 12 609 742 24 -6 1 55 55
974 12 500 742 24 -6 0 51 51
975 8 1100 0 -24 -12851 1 55 0
976 12 903 742 -24 6 1 51 51
977 8 609 0 6 -12851 1 55 0
978 8 609 0 24 -12851 1 60 0
979 8 742 0 -24 -12851 1 60 0
980 12 1100 742 -24 6 1 55 55
981 12 742 1100 24 -6 1 55 51
982 12 609 742 24 -6 1 55 51
983 12 1100 742 24 -6 1 55 55
984 8 500 0 24 -12851 0 60 0
985 8 742 0 6 -12851 0 60 0
986 8 903 0 6 -12851 1 60 0
987 12 742 1100 24 -6 1 55 55
988 12 742 1100 -24 6 1 55 51
989 12 609 742 -24 6 0 55 55
990 12 500 742 -24 6 1 55 55
991 8 903 0 -24 -12851 0 60 0
992 8 1100 0 24 -12851 0 60 0
993 8 500 0 6 -12851 0 60 0
994 8 609 0 6 -12851 1 60 0
995 8 609 0 24 -12851 1 60 0
996 12 742 1100 -24 6 0 51 51
997 12 742 903 -24 6 1 51 55
998 8 609 0 6 -12851 0 60 0
999 12 742 903 24 -6 1 51 55
1000 8 903 0 6 -12851 1 60 0
1001 8 742 0 6 -12851 1 60 0
1002 8 500 0 24 -12851 1 60 0
1003 12 742 500 24 -6 1 51 51
1004 8 742 0 -24 -12851 1 55 0
1005 8 742 0 24 -12851 1 55 0
1006 8 500 0 -6 -12851 1 60 0
1007 8 1100 0 24 -12851 0 60 0
1008 8 1100 0 -24 -12851 1 60 0
1009 12 742 609 -24 6 1 55 55
1010 8 903 0 -24 -12851 1 55 0
1011 8 1100 0 -24 -12851 1 55 0
1012 8 903 0 -6 -12851 1 60 0
1013 12 742 903 -24 6 1 51 55
1014 12 742 903 -24 6 1 51 51
1015 8 609 0 6 -12851 1 55 0
1016 8 500 0 6 -12851 1 60 0
1017 12 1100 742 -24 6 1 55 55
1018 8 1100 0 -6 -12851 0 55 0
1019 8 1100 0 -6 -12851 0 55 0
1020 12 903 742 24 -6 1 51 51
1021 12 742 609 24 -6 0 55 51
1022 8 903 0 -24 -12851 0 60 0
1023 8 500 0 -24 -12851 1 60 0
1024 8 742 0 24 -12851 1 60 0
1025 12 742 903 -24 6 0 51 51
1026 12 742 1100 -24 6 0 51 55
1027 8 1100 0 -6 -12851 0 55 0
1028 8 903 0 6 -12851 1 55 0
1029 8 742 0 -24 -12851 0 55 0
1030 12 742 500 24 -6 1 51 55
1031 12 609 742 24 -6 1 51 51
1032 8 609 0 -24 -12851 1 55 0
1033 8 500 0 6 -12851 0 60 0
1034 12 609 742 -24 6 1 51 51
1035 8 1100 0 -24 -12851 0 60 0
1036 12 500 742 24 -6 1 51 51
1037 8 742 0 -24 -12851 1 55 0
1038 8 903 0 24 -12851 1 55 0
1039 12 742 903 24 -6 1 51 55
1040 12 742 500 24 -6 1 51 55
1041 8 609 0 24 -12851 1 55 0
1042 8 609 0 6 -12851 1 55 0
1043 8 500 0 6 -12851 0 60 0
1044 12 609 742 -24 6 1 51 55
1045 12 903 742 24 -6 0 55 55
1046 8 1100 0 -6 -12851 0 55 0
1047 8 1100 0 -24 -12851 1 55 0
1048 8 609 0 24 -12851 1 60 0
1049 8 903 0 24 -12851 1 55 0
1050 12 500 742 -24 6 1 51 55
1051 8 1100 0 -6 -12851 1 55 0
1052 8 903 0 6 -12851 1 55 0
1053 12 742 609 -24 6 1 51 51
1054 12 500 742 24 -6 1 55 51
1055 8 500 0 24 -12851 1 60 0
1056 12 742 609 24 -6 1 51 55
1057 8 903 0 -24 -12851 1 55 0
1058 12 742 903 24 -6 1 51 51
1059 8 1100 0 6 -12851 0 60 0
1060 12 742 903 24 -6 1 55 55
1061 8 500 0 -24 -12851 1 60 0
1062 12 609 742 -24 6 0 51 51
1063 12 1100 742 24 -6 0 55 51
1064 8 609 0 -6 -12851 1 55 0
1065 12 742 1100 24 -6 1 51 51
1066 12 1100 742 -24 6 1 51 55
1067 8 742 0 6 -12851 1 55 0
1068 12 1100 742 24 -6 0 55 51
1069 12 742 903 24 -6 1 55 55
1070 12 742 903 24 -6 1 55 51
1071 12 1100 742 24 -6 1 51 55
1072 12 742 609 -24 6 1 51 55
1073 12 742 1100 -24 6 1 55 51
1074 8 609 0 6 -12851 0 60 0
1075 8 742 0 6 -12851 0 55 0
1076 12 1100 742 -24 6 1 51 55
1077 8 500 0 -24 -12851 1 55 0
1078 8 742 0 -6 -12851 0 55 0
1079 8 609 0 6 -12851 0 60 0
1080 12 742 500 -24 6 1 55 51
1081 12 742 903 -24 6 1 51 51
1082 8 609 0 -6 -12851 1 55 0
1083 12 742 500 -24 6 1 55 51
1084 12 500 742 -24 6 0 55 51
1085 8 1100 0 6 -12851 1 60 0
1086 8 1100 0 24 -12851 0 55 0
1087 12 903 742 -24 6 1 51 51
1088 12 742 1100 24 -6 0 55 51
1089 12 742 903 24 -6 0 51 51
1090 12 742 609 24 -6 1 51 51
1091 8 903 0 24 -12851 0 55 0
1092 12 742 500 -24 6 0 51 55
1093 12 500 742 24 -6 1 51 51
1094 8 609 0 -6 -12851 1 60 0
1095 8 1100 0 6 -12851 1 55 0
1096 8 609 0 24 -12851 1 60 0
1097 8 903 0 24 -12851 1 60 0
1098 12 742 500 -24 6 1 55 55
1099 12 609 742 -24 6 1 55 55
1100 8 500 0 -24 -12851 0 60 0
1101 12 609 742 -24 6 1 51 51
1102 8 903 0 -24 -12851 1 60 0
1103 12 500 742 -24 6 1 55 51
1104 12 742 500 -24 6 1 51 51
1105 12 742 903 24 -6 1 51 55
1106 12 742 609 24 -6 1 51 51
1107 12 609 742 24 -6 1 55 51
1108 8 500 0 24 -12851 0 55 0
1109 8 742 0 -24 -12851 1 55 0
1110 8 500 0 -24 -12851 0 55 0
1111 8 742 0 -24 -12851 1 60 0
1112 8 742 0 6 -12851 0 60 0
1113 12 742 903 -24 6 1 51 51
1114 8 1100 0 -24 -12851 0 60 0
1115 12 742 609 -24 6 0 51 55
1116 8 1100 0 -24 -12851 1 60 0
1117 8 609 0 6 -12851 0 55 0
1118 12 500 742 -24 6 1 55 55
1119 8 500 0 24 -12851 1 55 0
1120 12 742 609 24 -6 0 51 51
1121 8 1100 0 24 -12851 1 60 0
1122 12 742 609 24 -6 0 51 51
1123 12 609 742 24 -6 1 51 55
1124 8 742 0 24 -12851 1 60 0
1125 12 609 742 -24 6 1 55 55
1126 8 742 0 -6 -12851 1 55 0
1127 8 500 0 -24 -12851 1 60 0
1128 8 742 0 6 -12851 0 55 0
1129 8 609 0 6 -12851 0 60 0
1130 12 742 1100 24 -6 1 51 51
1131 12 1100 742 -24 6 1 51 51
1132 8 500 0 -24 -12851 1 60 0
1133 12 903 742 -24 6 0 55 55
1134 8 903 0 24 -12851 0 55 0
1135 12 742 609 -24 6 1 51 55
1136 8 1100 0 -24 -12851 1 60 0
1137 8 609 0 24 -12851 1 55 0
1138 12 609 742 24 -6 1 55 55
1139 12 742 609 24 -6 0 51 55
1140 8 903 0 -6 -12851 0 55 0
1141 12 742 903 -24 6 0 51 51
1142 12 742 903 24 -6 1 51 55
1143 12 742 903 24 -6 1 51 51
1144 8 903 0 -6 -12851 1 60 0
1145 12 609 742 -24 6 1 51 51
1146 8 1100 0 24 -12851 1 60 0
1147 8 1100 0 24 -12851 1 55 0
1148 8 609 0 -6 -12851 1 60 0
1149 8 500 0 -6 -12851 1 55 0
1150 12 742 609 -24 6 1 51 55
1151 12 742 609 24 -6 1 55 51
1152 12 609 742 24 -6 1 55 55
1153 12 903 742 24 -6 0 51 55
1154 12 742 500 24 -6 1 51 51
1155 8 500 0 -24 -12851 1 55 0
1156 8 1100 0 -24 -12851 1 60 0
1157 8 903 0 -6 -12851 1 55 0
1158 12 500 742 24 -6 1 51 51
1159 8 742 0 -6 -12851 0 55 0
1160 8 903 0 -6 -12851 1 55 0
1161 12 742 1100 24 -6 1 51 55
1162 12 742 500 24 -6 0 55 51
1163 12 742 1100 24 -6 1 55 55
1164 12 500 742 24 -6 1 55 55
1165 12 1100 742 -24 6 0 55 55
1166 12 742 1100 24 -6 1 51 55
1167 12 500 742 -24 6 0 51 51
1168 12 609 742 -24 6 1 51 51
1169 8 742 0 -6 -12851 1 60 0
1170 12 500 742 -24 6 0 51 55
1171 12 742 500 24 -6 0 51 51
1172 8 500 0 6 -12851 1 60 0
1173 12 500 742 24 -6 0 55 51
1174 8 1100 0 24 -12851 1 60 0
1175 12 742 500 -24 6 1 51 51
1176 8 609 0 -24 -12851 1 60 0
1177 12 1100 742 24 -6 0 51 55
1178 8 742 0 -24 -12851 0 55 0
1179 8 609 0 -24 -12851 0 60 0
1180 12 742 500 24 -6 1 51 51
1181 8 903 0 24 -12851 1 55 0
1182 8 903 0 -6 -12851 0 55 0
1183 8 903 0 -24 -12851 1 55 0
1184 12 903 742 24 -6 0 55 55
1185 8 609 0 -6 -12851 1 55 0
1186 8 742 0 -24 -12851 1 60 0
1187 12 609 742 -24 6 0 51 55
1188 12 742 903 24 -6 1 51 51
1189 8 609 0 24 -12851 0 55 0
1190 8 742 0 -6 -12851 1 60 0
1191 8 500 0 -24 -12851 1 60 0
1192 8 1100 0 -24 -12851 0 55 0
1193 12 742 500 24 -6 0 55 55
1194 8 903 0 -24 -12851 0 55 0
1195 12 1100 742 24 -6 0 55 55
1196 8 1100 0 6 -12851 0 55 0
1197 12 742 500 -24 6 0 55 55
1198 12 609 742 24 -6 0 51 51
1199 8 609 0 -6 -12851 0 60 0
1200 8 903 0 -6 -12851 1 55 0
1201 12 1100 742 -24 6 1 51 55
1202 8 1100 0 -24 -12851 1 55 0
1203 8 500 0 -24 -12851 1 60 0
1204 12 500 742 -24 6 1 51 51
1205 12 742 500 -24 6 0 51 55
1206 8 500 0 -24 -12851 0 60 0
1207 8 742 0 -24 -12851 0 60 0
1208 8 903 0 -24 -12851 1 60 0
1209 12 903 742 24 -6 1 55 51
1210 8 903 0 -24 -12851 1 55 0
1211 12 742 500 -24 6 1 51 51
1212 12 742 500 -24 6 1 51 55
1213 12 742 609 -24 6 1 51 55
1214 8 1100 0 -24 -12851 1 60 0
1215 8 609 0 -24 -12851 1 55 0
1216 12 742 903 -24 6 1 51 51
1217 12 742 609 -24 6 1 51 51
1218 12 1100 742 24 -6 1 51 55
1219 12 742 500 -24 6 0 55 55
1220 12 742 1100 -24 6 0 51 55
1221 12 609 742 -24 6 0 51 51
1222 12 742 1100 24 -6 0 51 51
1223 8 903 0 -6 -12851 0 60 0
1224 8 742 0 6 -12851 0 55 0
1225 12 903 742 24 -6 0 51 55
1226 8 609 0 24 -12851 1 60 0
1227 12 742 500 -24 6 1 55 55
1228 12 742 1100 24 -6 0 55 55
1229 12 742 609 -24 6 1 55 55
1230 12 742 500 -24 6 1 51 51
1231 12 1100 742 -24 6 1 51 55
1232 8 609 0 -6 -12851 1 55 0
1233 8 903 0 -24 -12851 1 55 0
1234 12 742 903 24 -6 0 51 51
1235 12 742 609 -24 6 1 55 51
1236 12 742 500 -24 6 1 51 51
1237 8 1100 0 -24 -12851 1 60 0
1238 8 742 0 -6 -12851 1 55 0
1239 8 1100 0 -6 -12851 0 55 0
1240 12 742 1100 24 -6 1 51 55
1241 12 742 903 -24 6 0 51 55
1242 8 500 0 6 -12851 0 60 0
1243 12 742 1100 24 -6 1 55 55
1244 8 742 0 -24 -12851 1 60 0
1245 8 500 0 -24 -12851 1 55 0
1246 8 500 0 -6 -12851 1 60 0
1247 8 742 0 -24 -12851 1 60 0
1248 12 903 742 24 -6 1 51 51
1249 8 742 0 -24 -12851 1 55 0
1250 12 742 609 24 -6 1 51 55
1251 8 500 0 24 -12851 1 60 0
1252 12 609 742 24 -6 0 55 55
1253 8 500 0 24 -12851 0 55 0
1254 8 500 0 6 -12851 0 60 0
1255 12 609 742 24 -6 0 55 51
1256 12 1100 742 -24 6 0 51 51
1257 8 742 0 -6 -12851 0 55 0
1258 12 500 742 -24 6 0 51 51
1259 8 742 0 24 -12851 0 60 0
1260 12 742 609 24 -6 1 55 51
1261 12 742 500 -24 6 1 55 55
1262 12 903 742 24 -6 0 55 55
1263 8 609 0 -24 -12851 1 60 0
1264 12 609 742 24 -6 1 51 51
1265 8 609 0 24 -12851 1 55 0
1266 12 742 500 -24 6 1 51 51
1267 12 742 1100 -24 6 1 51 51
1268 12 742 500 -24 6 0 51 55
1269 8 609 0 -24 -12851 1 55 0
1270 8 1100 0 -6 -12851 1 55 0
1271 8 1100 0 -24 -12851 1 60 0
1272 8 1100 0 6 -12851 1 55 0
1273 8 903 0 -6 -12851 0 55 0
1274 12 742 609 -24 6 0 55 55
1275 8 903 0 6 -12851 1 55 0
1276 8 903 0 24 -12851 0 55 0
1277 8 500 0 -24 -12851 0 60 0
1278 12 609 742 24 -6 1 55 55
1279 12 1100 742 24 -6 0 55 51
1280 12 1100 742 24 -6 0 51 55
1281 12 903 742 -24 6 0 55 55
1282 12 1100 742 -24 6 1 51 51
1283 12 1100 742 -24 6 0 55 55
1284 8 500 0 -24 -12851 0 60 0
1285 8 500 0 -24 -12851 1 60 0
1286 8 1100 0 6 -12851 0 60 0
1287 12 742 500 24 -6 1 55 51
1288 12 500 742 24 -6 1 55 55
1289 8 903 0 6 -12851 1 55 0
1290 8 903 0 24 -12851 0 55 0
1291 8 742 0 -24 -12851 1 55 0
1292 12 742 609 24 -6 1 51 55
1293 8 609 0 -6 -12851 0 55 0
1294 8 903 0 6 -12851 0 60 0
1295 8 609 0 -24 -12851 0 60 0
1296 8 742 0 -24 -12851 1 60 0
1297 8 609 0 24 -12851 1 60 0
1298 12 742 609 -24 6 0 55 51
1299 12 903 742 -24 6 1 55 51
1300 8 1100 0 -24 -12851 1 60 0
1301 8 500 0 24 -12851 1 60 0
1302 12 742 1100 -24 6 1 51 51
1303 8 1100 0 -6 -12851 0 60 0
1304 12 1100 742 24 -6 0 55 55
1305 12 903 742 -24 6 1 51 51
1306 8 742 0 -24 -12851 0 55 0
1307 8 1100 0 24 -12851 1 55 0
1308 12 903 742 -24 6 1 55 55
1309 12 742 609 24 -6 1 51 55
1310 12 742 609 24 -6 1 55 51
1311 8 1100 0 -24 -12851 1 55 0
1312 8 742 0 6 -12851 1 60 0
1313 12 500 742 -24 6 1 55 55
1314 8 903 0 24 -12851 0 60 0
1315 12 742 500 -24 6 0 55 55
1316 12 742 609 24 -6 0 55 55
1317 8 500 0 -24 -12851 1 55 0
1318 8 609 0 -24 -12851 0 55 0
1319 12 1100 742 -24 6 0 51 55
1320 8 1100 0 -6 -12851 0 55 0
1321 12 903 742 24 -6 0 55 51
1322 8 903 0 24 -12851 1 55 0
1323 12 742 609 24 -6 1 51 51
1324 8 609 0 6 -12851 1 55 0
1325 8 609 0 24 -12851 1 60 0
1326 12 742 609 -24 6 1 51 51
1327 12 742 500 24 -6 1 55 51
1328 12 742 609 24 -6 0 55 55
1329 8 500 0 -24 -12851 0 60 0
1330 8 500 0 6 -12851 0 55 0
1331 8 903 0 -6 -12851 0 60 0
1332 12 742 609 -24 6 1 51 51
1333 12 742 500 -24 6 0 51 51
1334 8 742 0 6 -12851 0 60 0
1335 12 742 903 -24 6 1 55 55
1336 12 742 609 24 -6 1 55 51
1337 12 609 742 -24 6 1 51 55
1338 8 1100 0 6 -12851 0 60 0
1339 12 742 609 -24 6 1 55 51
1340 12 742 903 24 -6 1 55 55
1341 12 742 500 24 -6 0 55 51
1342 8 742 0 6 -12851 0 60 0
1343 12 609 742 24 -6 0 55 55
1344 12 500 742 24 -6 0 51 51
1345 8 500 0 -6 -12851 1 55 0
1346 12 500 742 -24 6 1 55 51
1347 8 500 0 6 -12851 0 60 0
1348 12 609 742 24 -6 0 51 51
1349 12 1100 742 -24 6 0 51 51
1350 8 500 0 24 -12851 0 55 0
1351 12 742 1100 -24 6 1 55 55
1352 12 742 903 -24 6 0 51 51
1353 12 742 1100 24 -6 0 51 51
1354 12 742 903 -24 6 0 55 55
1355 12 500 742 24 -6 1 51 55
1356 8 1100 0 6 -12851 0 55 0
1357 12 609 742 -24 6 1 55 51
1358 8 903 0 -6 -12851 1 60 0
1359 12 742 903 -24 6 1 55 55
1360 12 609 742 24 -6 1 51 51
1361 8 903 0 -6 -12851 1 55 0
1362 12 500 742 24 -6 1 55 55
1363 8 742 0 24 -12851 1 60 0
1364 12 609 742 -24 6 0 55 51
1365 8 609 0 24 -12851 0 55 0
1366 12 903 742 -24 6 0 51 51
1367 12 609 742 24 -6 0 55 55
1368 8 903 0 24 -12851 0 55 0
1369 8 609 0 -6 -12851 0 60 0
1370 8 742 0 6 -12851 0 60 0
1371 12 742 903 -24 6 0 55 55
1372 8 609 0 -24 -12851 1 55 0
1373 8 1100 0 6 -12851 0 60 0
1374 12 1100 742 24 -6 0 55 51
1375 12 609 742 -24 6 1 55 55
1376 12 903 742 24 -6 0 55 55
1377 8 500 0 24 -12851 0 60 0
1378 12 742 903 24 -6 0 55 55
1379 8 1100 0 -6 -12851 0 60 0
1380 12 742 500 -24 6 0 55 55
1381 12 742 903 24 -6 1 51 55
1382 12 609 742 -24 6 0 55 55
1383 12 1100 742 -24 6 0 55 55
1384 8 742 0 -6 -12851 1 55 0
1385 12 742 500 -24 6 1 55 51
1386 8 742 0 -6 -12851 0 60 0
1387 12 500 742 24 -6 0 51 51
1388 8 742 0 6 -12851 1 55 0
1389 8 500 0 24 -12851 0 60 0
1390 8 500 0 6 -12851 0 60 0
1391 12 1100 742 -24 6 0 51 51
1392 8 500 0 -24 -12851 0 55 0
1393 12 500 742 -24 6 0 51 51
1394 12 609 742 -24 6 0 55 51
1395 8 742 0 24 -12851 1 55 0
1396 12 742 500 -24 6 1 51 51
1397 12 500 742 -24 6 1 51 55
1398 8 742 0 6 -12851 0 60 0
1399 12 1100 742 -24 6 0 51 51
1400 8 609 0 -6 -12851 0 55 0
1401 12 742 609 24 -6 0 55 55
1402 8 609 0 6 -12851 0 60 0
1403 12 742 903 -24 6 0 55 55
1404 12 609 742 24 -6 0 51 55
1405 12 742 609 -24 6 0 51 51
1406 8 609 0 -24 -12851 0 60 0
1407 8 1100 0 -6 -12851 1 55 0
1408 12 609 742 24 -6 1 51 51
1409 8 1100 0 -24 -12851 1 55 0
1410 8 1100 0 -6 -12851 0 55 0
1411 8 903 0 -6 -12851 0 55 0
1412 8 903 0 -24 -12851 0 60 0
1413 8 903 0 -24 -12851 1 60 0
1414 12 500 742 24 -6 0 55 55
1415 8 609 0 -6 -12851 0 55 0
1416 8 609 0 6 -12851 1 55 0
1417 8 609 0 24 -12851 1 60 0
1418 12 1100 742 24 -6 1 55 55
1419 8 500 0 -6 -12851 1 60 0
1420 12 1100 742 24 -6 1 55 55
1421 12 1100 742 24 -6 0 51 55
1422 8 609 0 6 -12851 1 60 0
1423 8 903 0 -24 -12851 1 55 0
1424 12 742 609 -24 6 0 55 51
1425 8 500 0 24 -12851 1 55 0
1426 12 500 742 -24 6 1 55 55
1427 8 500 0 -6 -12851 1 60 0
1428 8 1100 0 -6 -12851 1 55 0
1429 12 742 1100 -24 6 0 51 51
1430 12 742 609 -24 6 1 51 51
1431 8 1100 0 24 -12851 0 55 0
1432 12 742 609 -24 6 1 55 51
1433 12 742 903 24 -6 1 51 51
1434 8 903 0 6 -12851 0 55 0
1435 8 1100 0 24 -12851 0 60 0
1436 8 903 0 -6 -12851 1 60 0
1437 8 742 0 -6 -12851 0 55 0
1438 12 742 500 24 -6 1 55 55
1439 8 742 0 -6 -12851 0 60 0
1440 8 742 0 -24 -12851 1 55 0
1441 12 742 500 24 -6 1 55 55
1442 12 742 609 24 -6 1 55 51
1443 12 609 742 -24 6 0 55 55
1444 8 1100 0 24 -12851 0 55 0
