354 8 1100 0 -6 -12851 1 60 0
355 8 1100 0 24 -12851 1 55 0
356 12 742 1100 24 -6 1 55 55
357 12 742 903 -24 6 1 51 51
358 8 609 0 24 -12851 1 55 0
359 8 903 0 -6 -12851 1 55 0
360 8 609 0 -6 -12851 1 60 0
361 8 609 0 24 -12851 1 60 0
362 8 1100 0 24 -12851 1 55 0
363 8 742 0 6 -12851 1 60 0
364 12 1100 742 24 -6 0 55 51
365 8 1100 0 -6 -12851 1 55 0
366 8 742 0 -24 -12851 1 60 0
367 12 500 742 -24 6 1 51 55
368 8 742 0 -6 -12851 0 60 0
369 12 500 742 24 -6 0 55 55
370 12 609 742 -24 6 1 51 51
371 8 903 0 24 -12851 1 60 0
372 8 500 0 -6 -12851 1 60 0
373 8 903 0 -6 -12851 1 55 0
374 8 500 0 -24 -12851 1 55 0
375 12 609 742 24 -6 1 51 51
376 12 500 742 -24 6 1 55 55
377 12 609 742 24 -6 1 55 51
378 8 500 0 6 -12851 0 55 0
379 12 903 742 24 -6 1 55 51
380 8 500 0 -24 -12851 1 55 0
381 8 500 0 24 -12851 1 60 0
382 8 609 0 6 -12851 1 60 0
383 12 609 742 24 -6 0 51 51
384 8 609 0 -24 -12851 0 55 0
385 8 609 0 24 -12851 1 55 0
386 8 500 0 -6 -12851 1 60 0
387 8 903 0 -24 -12851 1 55 0
388 8 742 0 -24 -12851 1 60 0
389 8 500 0 -6 -12851 1 55 0
390 8 742 0 24 -12851 1 60 0
391 12 609 742 24 -6 1 55 51
392 12 500 742 -24 6 1 55 55
393 8 742 0 -24 -12851 1 60 0
394 12 742 609 24 -6 1 55 55
395 8 903 0 -6 -12851 1 60 0
396 8 1100 0 24 -12851 1 60 0
397 12 742 903 24 -6 1 55 55
398 8 1100 0 -24 -12851 1 60 0
399 8 903 0 -24 -12851 1 60 0
400 12 500 742 24 -6 0 55 55
401 8 1100 0 24 -12851 1 60 0
402 8 500 0 -24 -12851 1 55 0
403 12 742 609 -24 6 0 51 55
404 12 742 500 24 -6 0 51 51
405 8 500 0 24 -12851 1 55 0
406 8 1100 0 -6 -12851 1 60 0
407 12 742 609 24 -6 1 55 51
408 12 903 742 24 -6 1 51 51
409 12 1100 742 24 -6 1 55 51
410 8 609 0 -24 -12851 1 60 0
411 8 903 0 -6 -12851 1 60 0
412 12 903 742 24 -6 0 51 55
413 8 1100 0 6 -12851 1 55 0
414 8 1100 0 -6 -12851 1 55 0
415 12 609 742 -24 6 1 51 51
416 8 609 0 24 -12851 1 55 0
417 8 742 0 -6 -12851 1 60 0
418 8 742 0 -6 -12851 1 55 0
419 8 500 0 24 -12851 1 60 0
420 12 742 1100 24 -6 1 55 55
421 12 742 500 24 -6 1 51 55
422 12 742 903 24 -6 0 51 55
423 8 903 0 6 -12851 1 55 0
424 8 500 0 24 -12851 0 55 0
425 12 742 1100 24 -6 1 55 55
426 12 500 742 24 -6 0 55 55
427 12 742 500 24 -6 1 51 51
428 12 903 742 -24 6 1 51 51
429 8 609 0 -24 -12851 1 60 0
430 12 609 742 24 -6 1 51 51
431 12 742 609 -24 6 1 51 55
432 8 903 0 -24 -12851 1 60 0
433 8 742 0 24 -12851 1 55 0
434 12 1100 742 -24 6 1 55 55
435 12 742 903 24 -6 0 51 55
436 12 903 742 24 -6 0 55 55
437 12 742 903 24 -6 1 51 55
438 8 1100 0 -24 -12851 1 55 0
439 12 609 742 24 -6 1 55 51
440 8 1100 0 24 -12851 1 55 0
441 8 609 0 6 -12851 1 60 0
442 8 1100 0 -6 -12851 0 60 0
443 8 903 0 -6 -12851 1 55 0
444 12 500 742 24 -6 0 51 55
445 12 1100 742 -24 6 1 51 51
446 8 1100 0 -24 -12851 1 60 0
447 12 742 1100 24 -6 1 55 51
448 12 1100 742 24 -6 1 55 55
449 12 1100 742 24 -6 1 51 51
450 12 742 903 24 -6 0 55 55
451 12 500 742 -24 6 0 51 51
452 12 742 609 -24 6 0 55 55
453 12 742 500 -24 6 0 51 55
454 12 742 1100 24 -6 0 55 55
455 12 742 903 24 -6 0 55 55
456 8 742 0 -6 -12851 1 60 0
457 12 609 742 -24 6 0 51 55
458 8 742 0 24 -12851 1 60 0
459 8 742 0 -24 -12851 1 55 0
460 8 609 0 6 -12851 0 60 0
461 12 742 903 24 -6 1 55 55
462 12 742 500 -24 6 1 55 55
463 8 903 0 -24 -12851 1 55 0
464 8 903 0 -6 -12851 1 60 0
465 12 609 742 24 -6 0 55 51
466 12 742 500 24 -6 1 55 55
467 12 742 1100 -24 6 0 51 51
468 12 609 742 24 -6 1 55 55
469 8 609 0 6 -12851 1 55 0
470 12 1100 742 24 -6 0 51 55
471 12 742 903 24 -6 0 51 51
472 12 903 742 -24 6 1 51 51
473 8 500 0 -6 -12851 1 60 0
474 8 500 0 -24 -12851 0 55 0
475 12 1100 742 24 -6 0 51 51
476 12 742 609 -24 6 0 51 55
477 8 500 0 -24 -12851 0 55 0
478 8 742 0 24 -12851 0 55 0
479 8 742 0 -24 -12851 0 60 0
480 8 1100 0 6 -12851 0 55 0
481 8 1100 0 -6 -12851 1 60 0
482 8 742 0 24 -12851 0 60 0
483 8 609 0 -24 -12851 1 60 0
484 12 609 742 -24 6 1 55 55
485 12 903 742 -24 6 1 51 55
486 8 903 0 -24 -12851 1 60 0
487 12 742 609 -24 6 1 51 51
488 12 609 742 24 -6 1 55 55
489 12 742 500 24 -6 0 51 51
490 8 1100 0 24 -12851 0 60 0
491 12 903 742 24 -6 0 55 55
492 12 903 742 -24 6 0 51 55
493 8 500 0 6 -12851 0 55 0
494 12 1100 742 24 -6 0 51 51
495 8 609 0 24 -12851 0 60 0
496 8 742 0 -24 -12851 0 55 0
497 8 500 0 -24 -12851 0 60 0
498 12 609 742 24 -6 0 55 55
499 12 609 742 24 -6 1 51 55
500 8 903 0 -24 -12851 1 60 0
501 8 609 0 24 -12851 1 60 0
502 12 1100 742 24 -6 1 51 55
503 12 742 609 -24 6 0 55 51
504 12 1100 742 -24 6 0 51 51
505 12 742 609 24 -6 0 55 55
506 12 742 903 24 -6 1 55 55
507 8 500 0 -6 -12851 1 60 0
508 8 903 0 6 -12851 1 60 0
509 8 903 0 -24 -12851 0 60 0
510 8 903 0 -6 -12851 0 55 0
511 8 903 0 6 -12851 1 55 0
512 12 500 742 24 -6 1 55 55
513 8 609 0 -6 -12851 0 60 0
514 8 1100 0 24 -12851 0 60 0
515 12 742 1100 24 -6 0 55 51
516 8 609 0 -24 -12851 0 60 0
517 12 500 742 -24 6 0 55 55
518 8 500 0 -6 -12851 0 55 0
519 12 742 903 24 -6 0 55 51
520 8 903 0 -6 -12851 1 60 0
521 12 500 742 -24 6 1 51 55
522 8 1100 0 -24 -12851 1 55 0
523 8 1100 0 24 -12851 1 55 0
524 8 609 0 6 -12851 1 60 0
525 8 742 0 -24 -12851 1 55 0
526 8 742 0 -6 -12851 1 55 0
527 8 500 0 6 -12851 0 55 0
528 12 1100 742 -24 6 1 55 55
529 12 742 609 -24 6 0 55 55
530 12 500 742 -24 6 0 55 55
531 12 742 500 -24 6 0 51 55
532 12 609 742 24 -6 0 51 51
533 12 742 903 24 -6 0 51 51
534 8 742 0 6 -12851 0 60 0
535 12 742 500 24 -6 0 55 51
536 8 500 0 -24 -12851 0 55 0
537 12 500 742 -24 6 0 51 55
538 12 903 742 24 -6 0 55 51
539 12 609 742 -24 6 0 51 51
540 8 1100 0 6 -12851 0 55 0
541 8 1100 0 -6 -12851 0 55 0
542 12 903 742 24 -6 0 51 51
543 8 903 0 -6 -12851 0 60 0
544 8 1100 0 6 -12851 0 60 0
545 8 609 0 -24 -12851 0 55 0
546 8 500 0 -24 -12851 0 55 0
547 8 1100 0 24 -12851 0 60 0
548 12 742 500 -24 6 0 55 55
549 8 609 0 6 -12851 0 55 0
550 12 1100 742 24 -6 0 51 55
551 12 903 742 24 -6 0 55 51
552 12 903 742 -24 6 0 55 51
553 8 609 0 6 -12851 0 55 0
554 8 903 0 -6 -12851 0 55 0
555 8 903 0 6 -12851 0 55 0
556 12 500 742 -24 6 0 55 55
557 12 903 742 24 -6 0 55 55
558 12 1100 742 -24 6 0 51 51
559 8 742 0 24 -12851 0 60 0
560 12 742 609 24 -6 0 55 55
561 12 742 1100 -24 6 0 55 51
562 12 609 742 -24 6 0 55 51
563 12 1100 742 24 -6 0 51 51
564 12 742 609 -24 6 0 55 55
565 12 609 742 24 -6 0 51 51
566 12 742 903 24 -6 0 55 55
567 12 500 742 24 -6 0 55 51
568 8 742 0 -6 -12851 0 55 0
569 12 500 742 -24 6 0 55 55
570 8 500 0 24 -12851 0 60 0
571 8 742 0 -6 -12851 0 55 0
572 8 500 0 -6 -12851 0 60 0
573 12 742 609 24 -6 0 55 55
574 12 742 500 -24 6 0 55 55
575 8 1100 0 -6 -12851 0 60 0
576 12 1100 742 -24 6 0 51 51
577 8 1100 0 6 -12851 0 60 0
578 8 903 0 -24 -12851 0 60 0
579 8 609 0 -6 -12851 0 60 0
580 12 742 500 -24 6 0 55 51
581 8 742 0 24 -12851 0 55 0
582 12 903 742 -24 6 0 51 55
583 8 903 0 -24 -12851 0 60 0
584 12 1100 742 -24 6 0 55 55
585 12 742 903 -24 6 0 51 55
586 12 903 742 24 -6 0 55 55
587 8 500 0 -6 -12851 0 55 0
588 12 742 609 -24 6 0 55 55
589 8 609 0 6 -12851 0 60 0
590 8 1100 0 24 -12851 0 55 0
591 12 742 609 24 -6 0 51 51
592 12 500 742 -24 6 0 55 51
593 8 609 0 -6 -12851 0 60 0
594 12 742 609 -24 6 0 55 51
595 12 500 742 24 -6 0 51 51
596 12 742 500 -24 6 0 51 51
597 12 903 742 24 -6 0 55 51
598 12 742 1100 -24 6 0 55 51
599 8 1100 0 6 -12851 0 60 0
600 8 500 0 24 -12851 0 55 0
601 12 742 500 -24 6 0 55 55
602 8 742 0 6 -12851 0 55 0
603 12 609 742 24 -6 0 55 55
604 8 903 0 6 -12851 0 60 0
605 8 742 0 24 -12851 0 60 0
606 12 742 500 24 -6 0 51 51
607 8 500 0 6 -12851 0 60 0
608 8 500 0 6 -12851 0 60 0
609 8 500 0 -24 -12851 0 60 0
610 12 742 1100 24 -6 0 51 51
611 12 742 903 24 -6 0 55 51
612 12 500 742 -24 6 0 55 51
613 12 609 742 24 -6 0 55 55
614 8 1100 0 24 -12851 0 60 0
615 8 500 0 6 -12851 0 60 0
616 8 609 0 6 -12851 0 55 0
617 8 500 0 24 -12851 0 60 0
618 12 903 742 24 -6 0 51 51
619 12 609 742 24 -6 0 51 51
620 8 1100 0 24 -12851 0 60 0
621 12 500 742 24 -6 0 55 55
622 8 903 0 -24 -12851 0 60 0
623 8 903 0 24 -12851 0 55 0
624 12 1100 742 24 -6 0 55 51
625 8 1100 0 6 -12851 0 60 0
626 8 903 0 -6 -12851 0 55 0
627 8 742 0 -6 -12851 0 60 0
628 8 609 0 6 -12851 0 55 0
629 12 742 500 24 -6 0 51 55
630 12 903 742 24 -6 0 55 55
631 12 742 1100 24 -6 0 51 55
632 8 742 0 -24 -12851 0 55 0
633 8 742 0 -6 -12851 0 55 0
634 8 609 0 6 -12851 0 60 0
635 12 903 742 24 -6 0 55 51
636 12 609 742 -24 6 0 55 51
637 12 500 742 24 -6 0 55 51
638 12 903 742 24 -6 0 51 55
639 12 903 742 -24 6 0 55 55
640 8 1100 0 24 -12851 0 55 0
641 8 1100 0 24 -12851 0 55 0
642 8 609 0 -6 -12851 0 55 0
643 12 1100 742 24 -6 0 55 55
644 12 1100 742 -24 6 0 51 55
645 8 1100 0 6 -12851 0 55 0
646 8 903 0 -6 -12851 0 60 0
647 12 1100 742 24 -6 0 51 51
648 12 903 742 -24 6 0 51 51
649 8 1100 0 -6 -12851 0 60 0
650 12 609 742 24 -6 0 55 51
651 12 1100 742 24 -6 0 51 51
652 8 742 0 24 -12851 0 60 0
653 12 903 742 24 -6 0 51 51
654 12 742 609 -24 6 0 55 55
655 8 742 0 6 -12851 0 55 0
656 12 609 742 24 -6 0 55 51
657 12 1100 742 -24 6 0 55 55
658 12 1100 742 -24 6 0 55 51
659 8 742 0 -24 -12851 0 60 0
660 12 742 903 -24 6 0 55 51
661 8 609 0 6 -12851 0 60 0
662 12 742 1100 -24 6 0 55 55
663 12 742 903 -24 6 0 51 55
664 8 903 0 6 -12851 0 60 0
665 8 903 0 -24 -12851 0 55 0
666 12 1100 742 24 -6 0 51 55
667 12 903 742 24 -6 0 55 51
668 8 609 0 -24 -12851 0 60 0
669 8 500 0 -6 -12851 0 55 0
670 12 742 903 24 -6 0 51 55
671 8 500 0 -6 -12851 0 55 0
672 8 500 0 6 -12851 0 55 0
673 8 903 0 -24 -12851 0 60 0
674 8 903 0 6 -12851 0 60 0
675 8 609 0 -6 -12851 0 55 0
676 8 903 0 6 -12851 0 60 0
677 8 742 0 24 -12851 0 55 0
678 8 500 0 24 -12851 0 60 0
679 8 1100 0 -24 -12851 0 55 0
680 8 903 0 24 -12851 0 60 0
681 12 742 1100 24 -6 0 51 55
682 12 500 742 24 -6 0 51 51
683 12 742 609 24 -6 0 51 55
684 12 742 500 24 -6 0 55 51
685 8 609 0 6 -12851 0 60 0
686 12 609 742 -24 6 0 55 55
687 12 903 742 24 -6 0 55 51
688 12 742 609 24 -6 0 51 51
689 8 500 0 6 -12851 0 60 0
690 12 742 609 -24 6 0 55 55
691 12 742 1100 24 -6 0 55 51
692 12 742 500 -24 6 0 55 55
693 12 500 742 24 -6 0 51 55
694 8 500 0 -24 -12851 0 55 0
695 8 609 0 6 -12851 0 55 0
696 8 742 0 -24 -12851 0 60 0
697 8 742 0 -24 -12851 0 55 0
698 12 903 742 -24 6 0 51 55
699 12 500 742 24 -6 0 55 51
700 12 742 500 -24 6 0 55 51
701 12 742 903 -24 6 0 51 55
702 8 1100 0 6 -12851 0 60 0
703 12 742 500 -24 6 0 51 51
704 12 903 742 24 -6 0 55 55
705 8 1100 0 -24 -12851 0 60 0
706 8 742 0 -6 -12851 0 60 0
707 12 742 1100 24 -6 0 51 55
708 8 742 0 6 -12851 0 60 0
709 8 500 0 24 -12851 0 60 0
710 12 742 609 -24 6 0 51 51
711 8 903 0 -6 -12851 0 55 0
712 12 742 903 -24 6 0 55 55
713 8 1100 0 -24 -12851 0 60 0
714 8 742 0 -24 -12851 0 60 0
715 12 500 742 -24 6 0 55 55
716 8 1100 0 24 -12851 0 60 0
717 8 500 0 -24 -12851 0 55 0
718 12 1100 742 -24 6 0 51 55
719 12 742 500 24 -6 0 51 51
720 8 1100 0 24 -12851 0 55 0
721 12 742 903 -24 6 0 55 51
722 12 742 500 -24 6 0 55 55
723 8 609 0 -6 -12851 0 60 0
724 12 742 609 24 -6 0 51 55
725 8 609 0 24 -12851 0 60 0
726 12 500 742 24 -6 0 55 55
727 12 742 1100 -24 6 0 51 51
728 12 742 500 -24 6 0 51 55
729 12 1100 742 24 -6 0 51 51
730 8 609 0 24 -12851 0 55 0
731 8 742 0 -6 -12851 0 60 0
732 12 1100 742 -24 6 0 55 55
733 12 609 742 -24 6 0 55 55
734 8 903 0 -6 -12851 0 60 0
735 12 742 903 24 -6 0 55 55
736 8 903 0 24 -12851 0 60 0
737 12 742 903 24 -6 0 55 51
738 12 742 1100 24 -6 0 55 51
739 8 500 0 24 -12851 0 55 0
740 8 742 0 -6 -12851 0 55 0
741 12 1100 742 24 -6 0 55 55
742 8 742 0 24 -12851 0 60 0
743 8 609 0 -24 -12851 0 60 0
744 8 903 0 -24 -12851 0 55 0
745 8 1100 0 24 -12851 0 55 0
746 8 500 0 6 -12851 0 60 0
747 8 500 0 -24 -12851 0 60 0
748 12 1100 742 -24 6 0 55 55
749 8 742 0 24 -12851 0 60 0
750 12 903 742 24 -6 0 51 51
751 12 742 1100 24 -6 0 51 51
752 12 742 1100 24 -6 0 55 55
753 12 742 1100 24 -6 0 51 55
754 12 742 903 -24 6 0 51 55
755 8 1100 0 -24 -12851 0 60 0
756 12 742 1100 24 -6 0 55 55
757 8 609 0 24 -12851 0 55 0
758 12 903 742 24 -6 0 51 55
759 12 742 500 24 -6 0 51 51
760 8 903 0 -24 -12851 0 60 0
761 12 742 609 -24 6 0 55 55
762 8 742 0 -6 -12851 0 60 0
763 12 500 742 24 -6 0 55 55
764 8 903 0 24 -12851 0 60 0
765 8 500 0 24 -12851 0 60 0
766 12 742 609 -24 6 0 51 51
767 12 742 500 24 -6 0 51 51
768 12 742 1100 -24 6 0 55 51
769 12 742 609 -24 6 0 51 55
770 8 609 0 -6 -12851 0 60 0
771 12 742 500 24 -6 0 51 55
772 12 742 1100 -24 6 0 55 55
773 12 500 742 -24 6 0 55 51
774 12 742 609 24 -6 0 51 51
775 12 742 903 -24 6 0 51 51
776 12 609 742 -24 6 0 55 55
777 12 742 903 24 -6 0 55 51
778 8 1100 0 6 -12851 0 55 0
779 12 742 903 -24 6 0 51 55
780 8 742 0 6 -12851 0 55 0
781 12 742 500 -24 6 0 55 55
782 12 609 742 -24 6 0 55 55
783 12 742 1100 -24 6 0 51 55
784 8 742 0 6 -12851 0 55 0
785 8 1100 0 -6 -12851 0 55 0
786 8 1100 0 -24 -12851 0 55 0
787 8 742 0 24 -12851 0 60 0
788 12 609 742 -24 6 0 51 51
789 12 742 1100 24 -6 0 55 55
790 8 609 0 24 -12851 0 60 0
791 8 903 0 24 -12851 0 55 0
792 12 742 903 24 -6 0 55 55
793 12 742 609 24 -6 0 51 51
794 12 742 500 -24 6 0 51 51
795 12 742 500 -24 6 0 55 51
796 12 742 1100 -24 6 0 55 55
797 8 1100 0 24 -12851 0 60 0
798 8 500 0 -24 -12851 0 55 0
799 8 609 0 -24 -12851 0 60 0
800 8 742 0 -6 -12851 0 55 0
801 8 500 0 24 -12851 0 60 0
802 12 903 742 -24 6 0 55 55
803 12 1100 742 -24 6 0 51 51
804 8 903 0 6 -12851 0 60 0
805 8 609 0 24 -12851 0 55 0
806 8 500 0 24 -12851 0 60 0
807 8 903 0 -6 -12851 0 55 0
808 12 742 609 24 -6 0 51 51
809 8 500 0 6 -12851 0 55 0
810 8 500 0 -6 -12851 0 55 0
811 12 609 742 24 -6 0 51 51
812 8 609 0 6 -12851 0 55 0
813 12 742 500 24 -6 0 51 55
814 12 1100 742 24 -6 0 51 55
815 12 1100 742 24 -6 0 51 55
816 12 742 1100 24 -6 0 55 51
817 8 903 0 -24 -12851 0 60 0
818 8 609 0 -6 -12851 0 55 0
819 12 903 742 -24 6 0 51 55
820 12 1100 742 -24 6 0 51 51
821 8 500 0 6 -12851 0 55 0
822 8 903 0 -6 -12851 0 60 0
823 8 500 0 -6 -12851 0 60 0
824 8 903 0 -24 -12851 0 55 0
825 12 742 1100 -24 6 0 55 55
826 8 1100 0 -6 -12851 0 60 0
827 8 609 0 -6 -12851 0 55 0
828 12 500 742 -24 6 0 51 51
829 12 742 609 -24 6 0 51 55
830 8 742 0 -6 -12851 0 60 0
831 8 1100 0 -24 -12851 0 55 0
832 12 742 903 -24 6 0 55 55
833 8 1100 0 -24 -12851 0 60 0
834 12 500 742 -24 6 0 51 55
835 8 742 0 24 -12851 0 55 0
836 12 609 742 -24 6 0 51 51
837 12 742 1100 -24 6 0 51 51
838 12 742 500 -24 6 0 55 51
839 12 1100 742 -24 6 0 55 55
840 8 742 0 -6 -12851 0 55 0
841 8 903 0 -6 -12851 0 55 0
842 12 742 500 24 -6 0 55 51
843 12 1100 742 -24 6 0 55 55
844 8 903 0 -6 -12851 0 55 0
845 12 742 903 24 -6 0 55 51
846 8 1100 0 6 -12851 0 55 0
847 12 1100 742 -24 6 0 55 55
848 12 1100 742 24 -6 0 55 55
849 8 903 0 -24 -12851 0 55 0
850 12 1100 742 -24 6 0 55 51
851 8 1100 0 -24 -12851 0 55 0
852 8 742 0 6 -12851 0 60 0
853 12 609 742 24 -6 0 55 55
854 12 1100 742 -24 6 0 51 51
855 12 742 500 -24 6 0 51 51
856 12 742 1100 -24 6 0 51 51
857 8 500 0 -24 -12851 0 55 0
858 8 500 0 24 -12851 0 60 0
859 12 500 742 24 -6 0 55 55
860 8 1100 0 6 -12851 0 60 0
861 8 500 0 6 -12851 0 60 0
862 8 609 0 -24 -12851 0 60 0
863 12 903 742 -24 6 0 51 55
864 8 609 0 6 -12851 0 55 0
865 8 609 0 -24 -12851 0 55 0
866 12 742 609 -24 6 0 55 55
867 8 903 0 -24 -12851 0 60 0
868 8 742 0 -6 -12851 0 55 0
869 12 742 609 -24 6 0 55 55
870 8 742 0 6 -12851 0 55 0
871 12 742 903 -24 6 0 51 51
872 12 500 742 -24 6 0 51 55
873 12 742 500 24 -6 0 51 51
874 8 742 0 -24 -12851 0 60 0
875 8 742 0 24 -12851 0 60 0
876 12 1100 742 -24 6 0 55 55
877 12 742 1100 24 -6 0 55 51
878 8 742 0 -6 -12851 0 55 0
879 12 742 500 24 -6 0 55 51
880 12 903 742 -24 6 0 55 55
881 12 609 742 24 -6 0 55 55
882 12 1100 742 24 -6 0 51 51
883 12 1100 742 24 -6 0 55 55
884 12 742 903 24 -6 0 51 55
885 12 742 500 -24 6 0 55 51
886 12 742 903 24 -6 0 51 55
887 8 742 0 -24 -12851 0 60 0
888 12 742 500 24 -6 0 55 55
889 12 609 742 24 -6 0 55 55
890 12 742 1100 -24 6 0 55 55
891 12 500 742 -24 6 0 51 55
892 12 500 742 -24 6 0 55 55
893 12 742 609 24 -6 0 55 55
894 12 903 742 -24 6 0 55 55
895 12 609 742 -24 6 0 55 51
896 8 609 0 -24 -12851 0 55 0
897 12 742 1100 -24 6 0 55 55
898 12 742 609 24 -6 0 51 51
899 8 609 0 24 -12851 0 55 0
900 12 500 742 24 -6 0 51 55
901 12 609 742 -24 6 0 51 51
902 8 609 0 -24 -12851 0 60 0
903 8 500 0 6 -12851 0 55 0
904 8 500 0 6 -12851 0 55 0
905 12 742 609 -24 6 0 55 51
906 8 903 0 6 -12851 0 55 0
907 12 1100 742 -24 6 0 51 55
908 12 742 500 24 -6 0 51 51
909 12 742 500 -24 6 0 55 51
910 12 609 742 -24 6 0 51 55
911 8 903 0 -6 -12851 0 55 0
912 12 1100 742 -24 6 0 55 55
913 8 1100 0 -6 -12851 0 55 0
914 8 1100 0 24 -12851 0 60 0
915 8 1100 0 -6 -12851 0 60 0
916 8 903 0 -24 -12851 0 55 0
917 12 742 1100 24 -6 0 51 55
918 8 500 0 -6 -12851 0 60 0
919 12 742 1100 24 -6 0 51 51
920 12 742 1100 24 -6 0 55 51
921 12 500 742 -24 6 0 51 55
922 8 903 0 -24 -12851 0 60 0
923 12 609 742 24 -6 0 55 51
924 8 903 0 6 -12851 0 60 0
925 8 1100 0 -24 -12851 0 60 0
926 12 742 500 -24 6 0 55 55
927 8 903 0 -6 -12851 0 60 0
928 8 1100 0 24 -12851 0 55 0
929 8 742 0 24 -12851 0 55 0
930 12 742 609 -24 6 0 51 55
931 8 500 0 24 -12851 0 55 0
932 8 500 0 6 -12851 0 55 0
933 12 742 500 24 -6 0 51 55
934 12 500 742 -24 6 0 55 51
935 12 903 742 24 -6 0 55 55
936 12 1100 742 24 -6 0 51 51
937 8 1100 0 -24 -12851 0 60 0
938 8 500 0 24 -12851 0 55 0
939 12 609 742 24 -6 0 55 51
940 8 609 0 24 -12851 0 60 0
941 8 609 0 6 -12851 0 60 0
942 8 609 0 24 -12851 0 60 0
943 8 903 0 -6 -12851 0 60 0
944 8 742 0 -6 -12851 0 55 0
945 12 742 609 -24 6 0 51 55
946 8 742 0 24 -12851 0 55 0
947 8 742 0 -24 -12851 0 60 0
948 12 742 1100 24 -6 0 51 51
949 8 742 0 24 -12851 0 60 0
950 12 742 1100 24 -6 0 55 55
951 12 742 500 24 -6 0 51 51
952 12 903 742 -24 6 0 55 51
953 12 903 742 -24 6 0 55 55
954 12 742 1100 24 -6 0 51 55
955 8 500 0 -24 -12851 0 55 0
956 12 609 742 24 -6 0 55 55
957 8 500 0 24 -12851 0 55 0
958 12 1100 742 -24 6 0 55 51
959 12 742 500 -24 6 0 51 51
960 8 609 0 24 -12851 0 60 0
961 8 903 0 -24 -12851 0 55 0
962 8 500 0 -6 -12851 0 60 0
963 8 742 0 24 -12851 0 60 0
964 8 903 0 -24 -12851 0 60 0
965 8 1100 0 24 -12851 0 55 0
966 8 1100 0 6 -12851 0 60 0
967 12 742 903 -24 6 0 51 51
968 12 500 742 -24 6 0 51 51
969 12 742 500 24 -6 0 55 55
970 12 500 742 -24 6 0 55 55
971 12 742 609 -24 6 0 51 55
972 12 742 1100 24 -6 0 51 51
973 8 609 0 -6 -12851 0 60 0
974 12 903 742 -24 6 0 51 51
975 12 500 742 -24 6 0 55 55
976 12 500 742 -24 6 0 55 55
977 8 903 0 6 -12851 0 55 0
978 12 742 609 24 -6 0 55 55
979 8 609 0 -24 -12851 0 60 0
980 12 500 742 -24 6 0 55 55
981 12 500 742 24 -6 0 51 51
982 8 742 0 24 -12851 0 55 0
983 8 1100 0 24 -12851 0 60 0
984 12 903 742 24 -6 0 51 51
985 12 742 1100 24 -6 0 55 55
986 12 609 742 24 -6 0 55 51
987 12 742 609 24 -6 0 55 51
988 8 500 0 -6 -12851 0 55 0
989 12 742 1100 24 -6 0 51 55
990 12 903 742 24 -6 0 55 51
991 12 742 500 24 -6 0 55 55
992 12 609 742 24 -6 0 51 51
993 12 903 742 -24 6 0 55 51
994 8 500 0 -6 -12851 0 60 0
995 12 500 742 -24 6 0 55 55
996 8 500 0 -24 -12851 0 55 0
997 12 609 742 24 -6 0 55 51
998 12 903 742 24 -6 0 51 55
999 8 1100 0 -24 -12851 0 55 0
1000 12 500 742 -24 6 0 55 55
1001 8 609 0 6 -12851 0 55 0
1002 12 742 500 24 -6 0 55 55
1003 12 742 1100 24 -6 0 51 55
1004 12 500 742 -24 6 0 51 51
1005 12 742 903 24 -6 0 55 55
1006 8 609 0 -24 -12851 0 60 0
1007 8 1100 0 24 -12851 0 55 0
1008 8 1100 0 6 -12851 0 60 0
1009 8 903 0 -6 -12851 0 55 0
1010 12 742 609 24 -6 0 51 51
1011 8 609 0 24 -12851 0 60 0
1012 8 903 0 -6 -12851 0 55 0
1013 12 903 742 24 -6 0 55 51
1014 12 742 609 -24 6 0 55 51
1015 12 500 742 24 -6 0 51 55
1016 12 1100 742 -24 6 0 51 51
1017 8 500 0 24 -12851 0 60 0
1018 12 903 742 24 -6 0 51 55
1019 12 742 609 24 -6 0 55 55
1020 8 742 0 -24 -12851 0 55 0
1021 8 742 0 -6 -12851 0 55 0
1022 12 1100 742 24 -6 0 55 51
1023 12 1100 742 -24 6 0 55 51
1024 12 742 609 -24 6 0 55 51
1025 8 903 0 24 -12851 0 60 0
1026 12 903 742 24 -6 0 55 55
1027 8 742 0 6 -12851 0 60 0
1028 8 903 0 -6 -12851 0 60 0
1029 8 903 0 24 -12851 0 55 0
1030 12 500 742 24 -6 0 55 51
1031 12 903 742 -24 6 0 51 55
1032 12 742 609 -24 6 0 51 51
1033 12 742 609 24 -6 0 55 55
1034 8 742 0 -24 -12851 0 55 0
1035 12 1100 742 -24 6 0 51 55
1036 12 903 742 -24 6 0 55 51
1037 8 742 0 24 -12851 0 55 0
1038 12 500 742 -24 6 0 55 55
1039 12 742 609 24 -6 0 51 55
1040 12 742 1100 24 -6 0 51 55
1041 12 742 903 24 -6 0 55 55
1042 8 1100 0 24 -12851 0 55 0
1043 8 1100 0 -6 -12851 0 60 0
1044 12 742 1100 -24 6 0 51 55
1045 12 609 742 24 -6 0 51 51
1046 8 609 0 24 -12851 0 60 0
1047 12 1100 742 24 -6 0 55 51
1048 12 609 742 -24 6 0 55 55
1049 8 609 0 24 -12851 0 55 0
1050 8 609 0 6 -12851 0 60 0
1051 12 609 742 -24 6 0 55 51
1052 12 742 500 24 -6 0 55 55
1053 8 1100 0 -24 -12851 0 60 0
1054 12 903 742 -24 6 0 51 51
1055 8 903 0 24 -12851 0 55 0
1056 12 742 500 -24 6 0 55 55
1057 8 903 0 -6 -12851 0 60 0
1058 8 742 0 -6 -12851 0 60 0
1059 8 500 0 24 -12851 0 55 0
1060 12 903 742 -24 6 0 55 51
1061 8 500 0 -6 -12851 0 60 0
1062 8 500 0 24 -12851 0 55 0
1063 8 609 0 6 -12851 0 55 0
1064 12 742 609 24 -6 0 51 55
1065 8 609 0 -24 -12851 0 60 0
1066 8 609 0 24 -12851 0 55 0
1067 12 742 903 -24 6 0 55 55
1068 8 609 0 24 -12851 0 55 0
1069 12 742 1100 24 -6 0 51 55
1070 12 1100 742 24 -6 0 55 55
1071 8 742 0 -6 -12851 0 55 0
1072 12 1100 742 -24 6 0 51 51
1073 12 1100 742 -24 6 0 51 55
1074 12 1100 742 -24 6 0 51 51
1075 12 1100 742 24 -6 0 55 51
1076 12 1100 742 24 -6 0 55 51
1077 8 903 0 6 -12851 0 55 0
1078 12 903 742 24 -6 0 55 55
1079 12 742 500 24 -6 0 55 55
1080 8 903 0 6 -12851 0 60 0
1081 12 742 500 -24 6 0 55 51
1082 12 500 742 24 -6 0 51 51
1083 12 609 742 24 -6 0 51 55
1084 8 903 0 -24 -12851 0 55 0
1085 12 609 742 24 -6 0 51 55
1086 12 742 1100 -24 6 0 55 55
1087 8 500 0 24 -12851 0 60 0
1088 12 742 609 -24 6 0 55 51
1089 8 742 0 -6 -12851 0 60 0
1090 8 742 0 -6 -12851 0 55 0
1091 12 742 609 24 -6 0 55 55
1092 12 742 609 -24 6 0 51 51
1093 8 1100 0 -24 -12851 0 60 0
1094 8 500 0 24 -12851 0 55 0
1095 8 500 0 24 -12851 0 55 0
1096 8 1100 0 -24 -12851 0 55 0
1097 12 742 609 24 -6 0 51 55
1098 8 1100 0 -24 -12851 0 55 0
1099 8 1100 0 24 -12851 0 60 0
1100 12 609 742 -24 6 0 51 55
1101 12 742 1100 24 -6 0 55 55
1102 12 742 903 24 -6 0 55 51
1103 12 742 609 -24 6 0 55 55
1104 12 742 609 24 -6 0 55 55
1105 12 903 742 -24 6 0 55 55
1106 12 742 609 24 -6 0 55 55
1107 8 1100 0 -6 -12851 0 55 0
1108 8 903 0 6 -12851 0 60 0
1109 8 1100 0 6 -12851 0 60 0
1110 8 609 0 -24 -12851 0 55 0
1111 8 609 0 24 -12851 0 60 0
1112 12 500 742 -24 6 0 51 55
1113 8 742 0 -6 -12851 0 55 0
1114 8 500 0 -24 -12851 0 60 0
1115 8 609 0 -24 -12851 0 55 0
1116 12 903 742 24 -6 0 55 51
1117 12 1100 742 -24 6 0 55 55
1118 8 500 0 24 -12851 0 60 0
1119 8 742 0 -24 -12851 0 55 0
1120 12 1100 742 -24 6 0 55 51
1121 8 1100 0 -24 -12851 0 60 0
1122 8 500 0 24 -12851 0 60 0
1123 8 903 0 6 -12851 0 60 0
1124 12 903 742 24 -6 0 55 55
1125 8 742 0 -6 -12851 0 55 0
1126 12 609 742 -24 6 0 51 55
1127 8 903 0 -24 -12851 0 60 0
1128 8 742 0 24 -12851 0 55 0
1129 8 742 0 24 -12851 0 55 0
1130 12 742 500 -24 6 0 55 55
1131 8 742 0 24 -12851 0 55 0
1132 12 742 1100 -24 6 0 51 55
1133 12 1100 742 -24 6 0 51 55
1134 12 742 903 -24 6 0 51 55
1135 12 1100 742 -24 6 0 55 51
1136 12 903 742 24 -6 0 55 51
1137 8 742 0 -24 -12851 0 55 0
1138 12 1100 742 -24 6 0 55 51
1139 12 1100 742 -24 6 0 51 55
1140 12 609 742 -24 6 0 51 51
1141 12 500 742 24 -6 0 55 55
1142 12 742 500 -24 6 0 51 55
1143 12 500 742 -24 6 0 51 51
1144 8 609 0 -6 -12851 0 60 0
1145 12 742 903 24 -6 0 51 51
1146 12 742 609 -24 6 0 51 55
1147 12 742 609 -24 6 0 51 51
1148 12 742 500 24 -6 0 51 55
1149 12 609 742 24 -6 0 55 55
1150 12 742 903 24 -6 0 51 51
1151 8 609 0 6 -12851 0 55 0
1152 12 742 609 24 -6 0 51 51
1153 8 609 0 -24 -12851 0 55 0
1154 12 742 609 24 -6 1 55 55
1155 12 609 742 24 -6 0 51 55
1156 8 500 0 6 -12851 1 60 0
1157 12 609 742 24 -6 0 51 51
1158 12 742 609 24 -6 1 55 55
1159 12 742 609 -24 6 1 55 51
1160 12 742 1100 -24 6 0 55 55
1161 12 903 742 -24 6 1 55 55
1162 8 500 0 -24 -12851 1 60 0
1163 8 903 0 -6 -12851 1 60 0
1164 12 903 742 24 -6 0 51 55
1165 12 500 742 -24 6 0 51 51
1166 12 742 1100 24 -6 1 51 51
1167 8 903 0 -6 -12851 0 55 0
1168 12 903 742 -24 6 1 55 55
1169 12 903 742 24 -6 1 51 51
1170 12 500 742 -24 6 1 51 51
1171 8 1100 0 -6 -12851 1 55 0
1172 12 742 500 24 -6 1 51 51
1173 8 1100 0 24 -12851 0 60 0
1174 12 1100 742 24 -6 0 55 51
1175 12 609 742 24 -6 1 51 55
1176 12 742 609 24 -6 0 51 51
1177 8 1100 0 24 -12851 0 55 0
1178 12 1100 742 -24 6 0 51 51
1179 12 742 500 -24 6 1 55 55
1180 8 903 0 6 -12851 0 55 0
1181 12 742 500 -24 6 1 55 55
1182 8 500 0 -24 -12851 1 60 0
1183 8 1100 0 6 -12851 1 60 0
1184 8 1100 0 6 -12851 0 55 0
1185 8 1100 0 -6 -12851 0 55 0
1186 12 742 500 24 -6 0 51 55
1187 8 1100 0 6 -12851 1 60 0
1188 8 903 0 6 -12851 1 60 0
1189 12 742 903 -24 6 0 55 55
1190 12 1100 742 24 -6 0 51 55
1191 12 500 742 24 -6 0 55 51
1192 8 742 0 24 -12851 0 55 0
1193 8 903 0 -24 -12851 1 55 0
1194 12 742 1100 24 -6 1 55 55
1195 12 609 742 -24 6 0 55 55
1196 8 903 0 24 -12851 1 55 0
1197 12 742 500 24 -6 1 51 55
1198 8 742 0 6 -12851 0 55 0
1199 8 500 0 -6 -12851 1 60 0
1200 12 1100 742 24 -6 0 55 51
1201 8 609 0 6 -12851 0 55 0
1202 8 500 0 -24 -12851 0 55 0
1203 8 609 0 6 -12851 0 55 0
1204 12 903 742 -24 6 1 51 51
1205 12 500 742 24 -6 0 55 55
1206 8 742 0 -6 -12851 0 55 0
1207 12 742 903 -24 6 1 51 51
1208 12 903 742 24 -6 1 55 55
1209 12 1100 742 24 -6 1 55 55
1210 8 500 0 -6 -12851 0 60 0
1211 12 903 742 24 -6 1 55 51
1212 8 609 0 24 -12851 1 60 0
1213 8 1100 0 6 -12851 0 55 0
1214 8 1100 0 -24 -12851 1 60 0
1215 12 609 742 24 -6 0 55 55
1216 12 609 742 24 -6 0 55 55
1217 12 742 1100 -24 6 0 55 55
1218 12 742 903 -24 6 0 55 55
1219 12 1100 742 24 -6 1 51 51
1220 8 903 0 24 -12851 1 55 0
1221 8 1100 0 -24 -12851 1 60 0
1222 8 609 0 6 -12851 0 60 0
1223 12 609 742 -24 6 1 55 51
1224 8 609 0 6 -12851 1 55 0
1225 8 742 0 -24 -12851 1 55 0
1226 8 500 0 -24 -12851 1 60 0
1227 12 742 1100 -24 6 1 55 55
1228 12 742 1100 24 -6 1 51 51
1229 12 1100 742 24 -6 0 55 51
1230 8 609 0 -6 -12851 0 60 0
1231 12 609 742 -24 6 1 51 51
1232 12 1100 742 24 -6 0 55 51
1233 8 500 0 24 -12851 0 60 0
1234 12 903 742 24 -6 1 51 51
1235 8 742 0 6 -12851 1 55 0
1236 8 1100 0 -24 -12851 1 60 0
1237 12 609 742 24 -6 1 51 51
1238 8 500 0 -6 -12851 0 55 0
1239 8 903 0 -24 -12851 1 60 0
1240 8 742 0 -6 -12851 0 60 0
1241 8 903 0 24 -12851 0 55 0
1242 8 1100 0 24 -12851 1 55 0
1243 8 1100 0 6 -12851 1 55 0
1244 8 609 0 -24 -12851 1 60 0
1245 12 742 500 -24 6 0 51 55
1246 8 1100 0 -6 -12851 0 55 0
1247 12 1100 742 -24 6 1 55 51
1248 12 609 742 24 -6 1 51 55
1249 12 742 500 -24 6 1 55 55
1250 8 903 0 24 -12851 1 60 0
1251 12 742 903 -24 6 1 51 51
1252 8 1100 0 -24 -12851 1 55 0
1253 12 903 742 -24 6 0 55 55
1254 12 1100 742 24 -6 1 51 55
1255 8 742 0 -24 -12851 1 60 0
1256 12 903 742 24 -6 1 55 55
1257 12 742 500 24 -6 1 51 51
1258 8 742 0 -24 -12851 1 60 0
1259 8 742 0 -6 -12851 0 55 0
1260 12 742 1100 24 -6 1 51 55
1261 12 742 609 24 -6 0 55 55
1262 12 609 742 -24 6 1 55 55
1263 8 609 0 -6 -12851 0 55 0
1264 12 742 500 24 -6 1 51 51
1265 12 742 609 24 -6 1 51 55
1266 8 903 0 24 -12851 0 60 0
1267 8 903 0 -24 -12851 0 55 0
1268 8 609 0 -24 -12851 1 60 0
1269 12 742 500 24 -6 1 51 51
1270 12 742 609 -24 6 1 55 55
1271 12 742 903 -24 6 1 55 55
1272 8 500 0 -6 -12851 1 55 0
1273 12 1100 742 24 -6 1 51 51
1274 12 742 500 -24 6 1 51 51
1275 8 500 0 -24 -12851 1 55 0
1276 8 500 0 6 -12851 0 60 0
1277 8 609 0 24 -12851 1 60 0
1278 12 1100 742 -24 6 0 51 55
1279 12 742 609 24 -6 1 55 51
1280 12 500 742 -24 6 1 51 51
1281 8 609 0 24 -12851 1 60 0
1282 8 609 0 -6 -12851 0 55 0
1283 12 742 903 -24 6 1 55 55
1284 8 742 0 -6 -12851 1 55 0
1285 8 903 0 -24 -12851 1 55 0
1286 8 500 0 -24 -12851 1 55 0
1287 8 903 0 6 -12851 1 60 0
1288 12 742 903 -24 6 1 55 55
1289 8 1100 0 -24 -12851 1 55 0
1290 12 903 742 24 -6 1 51 55
1291 8 1100 0 -6 -12851 0 55 0
1292 8 742 0 6 -12851 0 55 0
1293 8 609 0 -24 -12851 0 60 0
1294 12 742 1100 24 -6 0 55 51
1295 8 903 0 6 -12851 1 60 0
1296 8 500 0 24 -12851 0 55 0
1297 12 742 500 24 -6 0 55 55
1298 12 742 903 24 -6 0 51 55
1299 8 742 0 -24 -12851 0 55 0
1300 12 742 1100 -24 6 0 55 51
1301 12 742 609 -24 6 1 51 51
1302 8 1100 0 24 -12851 0 55 0
1303 8 500 0 6 -12851 0 55 0
1304 8 903 0 -6 -12851 0 60 0
1305 8 903 0 6 -12851 0 55 0
1306 8 1100 0 6 -12851 0 55 0
1307 8 903 0 24 -12851 0 60 0
1308 8 1100 0 -6 -12851 0 55 0
1309 8 742 0 6 -12851 0 60 0
1310 8 500 0 -24 -12851 0 55 0
1311 8 500 0 -24 -12851 0 60 0
1312 8 1100 0 6 -12851 0 55 0
1313 12 742 1100 -24 6 0 55 55
1314 12 742 500 24 -6 1 51 55
1315 8 500 0 6 -12851 0 55 0
1316 8 609 0 -24 -12851 0 55 0
1317 8 609 0 6 -12851 1 60 0
1318 12 1100 742 -24 6 0 51 51
1319 12 742 903 -24 6 0 51 51
1320 8 609 0 -24 -12851 1 60 0
1321 12 742 500 24 -6 1 55 55
1322 12 1100 742 -24 6 1 55 51
1323 12 742 500 24 -6 1 51 55
1324 8 903 0 6 -12851 0 55 0
1325 12 742 609 -24 6 0 51 51
1326 12 609 742 -24 6 1 55 51
1327 12 742 903 24 -6 1 55 51
1328 12 742 609 -24 6 1 51 51
1329 8 742 0 6 -12851 0 60 0
1330 12 742 1100 -24 6 0 55 55
1331 8 742 0 6 -12851 1 55 0
1332 8 903 0 -6 -12851 0 60 0
1333 8 903 0 -24 -12851 0 55 0
1334 12 1100 742 24 -6 1 55 55
1335 12 903 742 24 -6 1 51 51
1336 12 742 1100 24 -6 0 55 51
1337 8 903 0 -24 -12851 1 55 0
1338 8 609 0 24 -12851 1 55 0
1339 12 742 609 -24 6 0 55 51
1340 12 742 609 24 -6 0 55 55
1341 8 500 0 -6 -12851 0 55 0
1342 8 500 0 6 -12851 0 60 0
1343 12 742 500 24 -6 0 55 55
1344 12 742 903 24 -6 0 51 55
1345 12 1100 742 -24 6 1 51 55
1346 12 742 500 24 -6 1 51 51
1347 12 742 500 24 -6 1 55 55
1348 8 609 0 6 -12851 0 55 0
1349 8 1100 0 24 -12851 1 60 0
1350 12 742 500 24 -6 1 55 55
1351 8 742 0 -24 -12851 0 60 0
1352 8 903 0 -6 -12851 0 60 0
1353 12 742 1100 -24 6 0 51 55
1354 8 609 0 6 -12851 0 55 0
1355 8 742 0 24 -12851 1 60 0
1356 12 903 742 -24 6 1 51 55
1357 12 742 903 -24 6 1 55 51
1358 12 1100 742 24 -6 0 51 51
1359 8 1100 0 -6 -12851 0 55 0
1360 8 500 0 -24 -12851 0 60 0
1361 8 742 0 6 -12851 0 55 0
1362 12 742 1100 24 -6 1 55 55
1363 8 1100 0 6 -12851 1 55 0
1364 12 742 500 -24 6 1 55 51
1365 8 903 0 6 -12851 1 55 0
1366 8 903 0 6 -12851 0 55 0
1367 12 500 742 24 -6 1 51 55
1368 8 903 0 -6 -12851 0 55 0
1369 8 609 0 6 -12851 0 55 0
1370 12 742 500 24 -6 0 55 55
1371 12 1100 742 24 -6 0 51 51
1372 12 742 903 -24 6 0 55 55
1373 8 500 0 -6 -12851 0 55 0
1374 8 500 0 6 -12851 0 60 0
1375 12 500 742 24 -6 0 51 51
1376 8 609 0 -6 -12851 0 55 0
1377 12 742 903 24 -6 0 55 55
1378 8 1100 0 6 -12851 0 55 0
1379 8 742 0 24 -12851 0 60 0
1380 8 903 0 24 -12851 0 55 0
1381 12 742 609 24 -6 0 55 55
1382 8 609 0 -6 -12851 1 60 0
1383 12 742 609 24 -6 1 51 55
1384 8 742 0 -24 -12851 0 55 0
1385 12 609 742 -24 6 1 51 51
1386 12 742 903 -24 6 1 55 55
1387 8 1100 0 6 -12851 1 60 0
1388 12 742 903 24 -6 1 55 55
1389 12 742 609 -24 6 1 55 51
1390 12 903 742 24 -6 0 51 51
1391 12 742 609 -24 6 0 55 55
1392 12 903 742 -24 6 0 55 51
1393 12 742 609 24 -6 1 51 55
1394 12 742 1100 24 -6 1 55 51
1395 12 500 742 -24 6 1 51 55
1396 8 500 0 6 -12851 0 60 0
1397 12 742 609 24 -6 1 55 55
1398 8 742 0 24 -12851 1 60 0
1399 8 1100 0 -6 -12851 1 55 0
1400 12 609 742 -24 6 1 55 55
1401 8 903 0 6 -12851 0 60 0
1402 12 742 1100 24 -6 1 51 55
1403 8 903 0 -24 -12851 1 55 0
1404 8 500 0 -6 -12851 0 60 0
1405 12 742 500 24 -6 1 55 51
1406 8 609 0 -6 -12851 0 60 0
1407 12 903 742 -24 6 0 51 55
1408 12 609 742 24 -6 0 51 55
1409 8 1100 0 -24 -12851 0 60 0
1410 8 500 0 -24 -12851 0 55 0
1411 12 742 903 24 -6 1 51 51
1412 12 742 1100 -24 6 0 55 55
1413 12 1100 742 24 -6 1 51 51
1414 12 1100 742 -24 6 0 51 51
1415 12 609 742 -24 6 1 55 51
1416 12 609 742 24 -6 0 55 55
1417 8 903 0 6 -12851 0 60 0
1418 12 742 500 24 -6 0 55 51
1419 12 742 609 -24 6 0 51 55
1420 12 903 742 -24 6 0 51 51
1421 12 742 903 -24 6 0 55 55
1422 12 903 742 -24 6 0 55 51
1423 12 742 903 -24 6 0 51 51
1424 12 609 742 -24 6 0 55 55
1425 12 742 1100 -24 6 0 55 51
1426 12 500 742 -24 6 0 51 55
1427 12 742 1100 -24 6 0 51 55
1428 8 609 0 6 -12851 0 60 0
1429 12 903 742 -24 6 0 51 51
1430 12 742 500 24 -6 1 51 51
1431 8 500 0 -6 -12851 1 60 0
1432 12 609 742 -24 6 1 51 51
1433 8 742 0 -6 -12851 0 60 0
1434 8 609 0 24 -12851 1 60 0
1435 8 903 0 -24 -12851 1 60 0
1436 8 742 0 24 -12851 1 55 0
1437 12 609 742 24 -6 1 51 51
1438 8 1100 0 6 -12851 1 60 0
1439 8 1100 0 -24 -12851 1 55 0
1440 8 742 0 6 -12851 1 55 0
1441 12 500 742 24 -6 0 55 55
1442 8 1100 0 24 -12851 0 55 0
1443 8 1100 0 24 -12851 0 55 0
1444 12 500 742 -24 6 1 55 55
1445 12 742 500 24 -6 1 55 55
1446 12 903 742 -24 6 0 51 51
1447 12 1100 742 -24 6 0 55 51
1448 12 609 742 -24 6 0 55 51
1449 12 742 500 24 -6 1 55 55
1450 8 1100 0 6 -12851 0 60 0
1451 12 742 609 -24 6 0 55 55
1452 8 1100 0 6 -12851 0 60 0
1453 12 742 609 -24 6 0 55 55
1454 12 609 742 -24 6 1 55 51
