373 8 903 0 -6 -12851 0 55 0
374 12 742 609 24 -6 0 51 51
375 8 609 0 -6 -12851 0 60 0
376 8 500 0 6 -12851 0 55 0
377 12 742 903 24 -6 1 51 55
378 12 742 903 24 -6 0 51 51
379 12 742 500 24 -6 0 55 55
380 8 500 0 -24 -12851 0 60 0
381 8 1100 0 -24 -12851 1 55 0
382 12 742 500 24 -6 0 55 51
383 12 742 609 24 -6 0 51 51
384 8 1100 0 6 -12851 0 55 0
385 8 1100 0 6 -12851 0 55 0
386 8 903 0 -6 -12851 1 55 0
387 12 609 742 -24 6 1 55 51
388 8 1100 0 6 -12851 1 55 0
389 12 903 742 24 -6 0 55 51
390 8 742 0 -6 -12851 0 60 0
391 8 742 0 6 -12851 1 60 0
392 12 742 903 24 -6 1 55 55
393 12 742 1100 -24 6 1 51 51
394 12 1100 742 24 -6 0 51 55
395 8 742 0 24 -12851 1 55 0
396 12 500 742 24 -6 1 55 55
397 8 500 0 -6 -12851 0 60 0
398 12 903 742 24 -6 1 51 51
399 12 742 500 -24 6 1 55 55
400 8 500 0 24 -12851 1 60 0
401 8 500 0 6 -12851 1 60 0
402 12 742 609 24 -6 0 51 51
403 12 500 742 -24 6 1 55 55
404 8 609 0 -24 -12851 1 60 0
405 8 609 0 6 -12851 0 55 0
406 8 903 0 -24 -12851 1 60 0
407 8 609 0 -6 -12851 1 60 0
408 8 903 0 24 -12851 1 60 0
409 12 1100 742 -24 6 1 55 51
410 8 903 0 24 -12851 0 55 0
411 8 903 0 -24 -12851 1 60 0
412 8 500 0 -6 -12851 1 55 0
413 8 500 0 -6 -12851 1 55 0
414 8 1100 0 6 -12851 1 60 0
415 8 500 0 -6 -12851 1 60 0
416 12 500 742 -24 6 1 55 51
417 8 742 0 24 -12851 1 60 0
418 12 742 609 24 -6 1 51 55
419 12 742 903 -24 6 1 51 51
420 12 742 500 24 -6 1 55 51
421 8 1100 0 -24 -12851 1 55 0
422 8 742 0 -24 -12851 1 55 0
423 12 742 609 -24 6 0 55 51
424 12 609 742 -24 6 0 51 55
425 12 903 742 -24 6 1 51 51
426 12 742 609 24 -6 1 51 55
427 12 609 742 -24 6 1 51 55
428 12 742 903 24 -6 1 55 51
429 12 500 742 24 -6 0 51 51
430 8 903 0 -6 -12851 0 55 0
431 12 742 1100 24 -6 0 51 55
432 12 742 500 -24 6 0 55 55
433 8 1100 0 24 -12851 0 55 0
434 8 609 0 6 -12851 1 55 0
435 12 500 742 -24 6 1 55 51
436 12 609 742 -24 6 1 55 55
437 8 742 0 24 -12851 1 55 0
438 8 903 0 24 -12851 1 60 0
439 12 609 742 -24 6 1 51 55
440 8 609 0 -24 -12851 1 60 0
441 12 742 1100 24 -6 1 51 55
442 12 742 903 -24 6 1 55 55
443 12 609 742 24 -6 1 55 51
444 8 609 0 24 -12851 1 55 0
445 12 742 1100 -24 6 1 51 55
446 12 742 903 -24 6 1 51 51
447 8 500 0 24 -12851 0 55 0
448 8 500 0 24 -12851 1 55 0
449 12 742 609 24 -6 0 51 51
450 12 1100 742 24 -6 1 55 51
451 12 903 742 24 -6 0 51 51
452 12 609 742 -24 6 0 51 51
453 12 500 742 -24 6 1 51 51
454 12 742 609 24 -6 0 51 51
455 8 500 0 6 -12851 0 55 0
456 12 742 500 -24 6 0 55 51
457 8 500 0 -24 -12851 1 60 0
458 8 742 0 24 -12851 1 55 0
459 8 1100 0 -6 -12851 1 60 0
460 12 903 742 -24 6 1 51 51
461 8 609 0 -6 -12851 0 60 0
462 12 500 742 24 -6 1 51 51
463 8 609 0 24 -12851 1 55 0
464 12 1100 742 24 -6 1 51 55
465 8 609 0 -24 -12851 1 60 0
466 8 903 0 -24 -12851 1 60 0
467 8 903 0 -24 -12851 0 55 0
468 12 742 1100 24 -6 0 55 55
469 12 1100 742 -24 6 0 51 55
470 12 742 1100 24 -6 0 51 55
471 12 742 903 24 -6 0 51 55
472 12 1100 742 24 -6 0 55 51
473 8 742 0 -24 -12851 0 60 0
474 12 742 903 -24 6 1 51 51
475 12 609 742 -24 6 1 55 51
476 8 903 0 6 -12851 1 55 0
477 12 903 742 24 -6 1 55 55
478 8 1100 0 6 -12851 1 60 0
479 8 1100 0 6 -12851 1 55 0
480 8 742 0 6 -12851 1 55 0
481 8 609 0 -24 -12851 1 55 0
482 12 742 500 24 -6 1 55 51
483 12 742 609 -24 6 1 55 51
484 12 1100 742 24 -6 0 51 55
485 12 903 742 24 -6 1 55 55
486 8 609 0 24 -12851 1 55 0
487 8 609 0 -24 -12851 1 60 0
488 12 742 903 24 -6 0 51 51
489 8 1100 0 24 -12851 1 60 0
490 12 609 742 -24 6 1 51 55
491 8 1100 0 -6 -12851 0 55 0
492 8 1100 0 -6 -12851 0 55 0
493 8 500 0 6 -12851 1 60 0
494 12 742 903 24 -6 0 51 55
495 12 1100 742 24 -6 1 51 51
496 8 609 0 -24 -12851 1 60 0
497 12 742 903 24 -6 1 55 51
498 12 742 609 24 -6 0 51 51
499 12 500 742 -24 6 1 51 55
500 12 500 742 -24 6 1 55 55
501 12 742 1100 -24 6 0 55 51
502 8 742 0 24 -12851 0 55 0
503 8 903 0 -6 -12851 0 60 0
504 8 500 0 -6 -12851 0 60 0
505 8 742 0 6 -12851 0 60 0
506 12 1100 742 24 -6 1 55 51
507 8 742 0 -6 -12851 0 55 0
508 12 742 1100 -24 6 1 55 51
509 8 500 0 -24 -12851 1 60 0
510 8 903 0 -24 -12851 1 60 0
511 8 903 0 -24 -12851 1 55 0
512 8 1100 0 -6 -12851 1 60 0
513 8 1100 0 24 -12851 0 60 0
514 12 742 1100 24 -6 1 55 55
515 12 742 903 -24 6 1 51 55
516 8 742 0 24 -12851 0 60 0
517 8 609 0 24 -12851 1 60 0
518 8 500 0 -24 -12851 0 60 0
519 8 903 0 6 -12851 0 55 0
520 8 742 0 -6 -12851 0 60 0
521 12 742 1100 -24 6 0 51 51
522 8 742 0 -24 -12851 1 55 0
523 8 609 0 -24 -12851 0 55 0
524 8 903 0 24 -12851 0 55 0
525 8 609 0 24 -12851 0 55 0
526 8 903 0 6 -12851 0 60 0
527 8 1100 0 -6 -12851 0 55 0
528 12 1100 742 24 -6 1 55 51
529 8 1100 0 -6 -12851 1 60 0
530 8 500 0 -6 -12851 1 55 0
531 12 742 903 -24 6 1 55 55
532 8 500 0 -24 -12851 1 60 0
533 8 1100 0 -6 -12851 1 55 0
534 8 1100 0 6 -12851 1 60 0
535 8 1100 0 -24 -12851 1 60 0
536 12 742 903 24 -6 1 55 55
537 8 903 0 6 -12851 0 55 0
538 8 1100 0 6 -12851 0 60 0
539 8 742 0 24 -12851 1 60 0
540 12 500 742 24 -6 1 51 55
541 8 742 0 -24 -12851 0 55 0
542 12 609 742 24 -6 1 51 55
543 8 742 0 -6 -12851 0 60 0
544 8 500 0 6 -12851 1 55 0
545 12 500 742 -24 6 1 55 55
546 12 903 742 24 -6 1 55 55
547 12 742 500 -24 6 1 55 55
548 8 500 0 24 -12851 1 60 0
549 8 500 0 6 -12851 0 55 0
550 12 1100 742 -24 6 1 55 55
551 8 609 0 6 -12851 1 60 0
552 12 609 742 24 -6 0 55 51
553 8 609 0 24 -12851 1 60 0
554 12 903 742 24 -6 1 51 51
555 8 903 0 -6 -12851 1 60 0
556 12 500 742 -24 6 1 55 51
557 8 609 0 24 -12851 1 60 0
558 8 903 0 24 -12851 1 55 0
559 12 742 609 -24 6 1 51 51
560 8 500 0 24 -12851 0 60 0
561 12 903 742 -24 6 0 55 51
562 12 742 903 24 -6 1 55 55
563 12 742 903 24 -6 1 55 55
564 8 500 0 -24 -12851 1 55 0
565 12 742 903 -24 6 1 55 55
566 12 742 903 24 -6 1 55 51
567 12 609 742 -24 6 1 51 51
568 8 1100 0 -24 -12851 1 60 0
569 8 903 0 24 -12851 1 55 0
570 12 1100 742 -24 6 1 51 55
571 8 742 0 -24 -12851 1 60 0
572 8 1100 0 -6 -12851 0 55 0
573 12 742 500 -24 6 0 55 55
574 8 609 0 -24 -12851 0 60 0
575 12 903 742 24 -6 0 55 51
576 8 500 0 -6 -12851 0 60 0
577 12 742 1100 -24 6 1 55 51
578 8 500 0 -6 -12851 0 60 0
579 8 903 0 -24 -12851 1 60 0
580 12 742 903 -24 6 1 55 51
581 12 609 742 24 -6 1 51 55
582 8 903 0 24 -12851 1 55 0
583 8 609 0 -24 -12851 1 55 0
584 12 609 742 24 -6 1 51 51
585 12 742 1100 -24 6 1 51 55
586 8 609 0 -24 -12851 1 60 0
587 8 742 0 24 -12851 1 55 0
588 8 742 0 -6 -12851 1 55 0
589 8 1100 0 6 -12851 0 60 0
590 8 903 0 -24 -12851 1 55 0
591 8 903 0 -24 -12851 1 55 0
592 8 742 0 6 -12851 0 60 0
593 12 903 742 24 -6 0 55 51
594 8 742 0 6 -12851 0 60 0
595 12 742 500 -24 6 1 55 55
596 8 500 0 -24 -12851 1 55 0
597 8 1100 0 -24 -12851 1 60 0
598 8 1100 0 6 -12851 0 55 0
599 8 742 0 -6 -12851 0 55 0
600 8 903 0 24 -12851 1 60 0
601 12 742 500 24 -6 1 51 51
602 8 903 0 -24 -12851 0 55 0
603 8 1100 0 -6 -12851 1 60 0
604 12 1100 742 -24 6 0 51 51
605 12 742 609 -24 6 0 51 55
606 12 742 903 -24 6 0 55 51
607 8 609 0 24 -12851 1 60 0
608 8 500 0 6 -12851 0 55 0
609 8 500 0 24 -12851 1 60 0
610 12 742 1100 -24 6 1 51 55
611 12 742 500 -24 6 1 55 51
612 12 742 609 24 -6 0 51 55
613 8 609 0 -24 -12851 1 60 0
614 8 609 0 24 -12851 1 60 0
615 8 903 0 -24 -12851 0 55 0
616 8 903 0 24 -12851 1 55 0
617 8 1100 0 24 -12851 0 55 0
618 12 500 742 -24 6 0 55 55
619 12 903 742 24 -6 1 55 51
620 8 500 0 -6 -12851 0 55 0
621 8 500 0 6 -12851 1 60 0
622 8 609 0 -24 -12851 1 55 0
623 12 742 1100 24 -6 0 51 51
624 12 500 742 -24 6 1 55 51
625 12 609 742 -24 6 1 51 55
626 12 742 500 24 -6 1 55 55
627 8 903 0 24 -12851 0 55 0
628 8 609 0 24 -12851 0 60 0
629 8 500 0 -24 -12851 1 60 0
630 12 1100 742 24 -6 0 51 55
631 12 903 742 24 -6 1 51 51
632 12 1100 742 -24 6 1 55 55
633 12 500 742 24 -6 0 55 55
634 12 742 500 -24 6 0 51 55
635 12 742 609 24 -6 0 55 55
636 12 500 742 24 -6 1 55 55
637 12 742 500 -24 6 1 55 55
638 12 742 1100 -24 6 1 51 51
639 8 1100 0 -24 -12851 1 60 0
640 8 609 0 6 -12851 0 55 0
641 8 903 0 24 -12851 1 55 0
642 12 500 742 -24 6 1 51 55
643 12 903 742 24 -6 1 55 51
644 12 742 1100 24 -6 1 51 51
645 8 742 0 -24 -12851 1 60 0
646 8 1100 0 24 -12851 0 55 0
647 12 742 903 -24 6 1 51 55
648 12 609 742 24 -6 0 51 51
649 8 742 0 24 -12851 1 55 0
650 8 742 0 -6 -12851 0 55 0
651 8 903 0 -6 -12851 1 60 0
652 12 500 742 24 -6 0 51 51
653 12 500 742 -24 6 1 55 55
654 8 903 0 -24 -12851 1 60 0
655 8 742 0 -6 -12851 0 55 0
656 12 742 903 24 -6 1 51 55
657 8 609 0 -6 -12851 0 55 0
658 8 609 0 -6 -12851 0 60 0
659 12 1100 742 -24 6 1 51 51
660 8 1100 0 -24 -12851 1 55 0
661 12 500 742 -24 6 1 55 55
662 8 742 0 -6 -12851 1 60 0
663 12 742 500 24 -6 1 55 55
664 8 903 0 6 -12851 0 60 0
665 12 742 609 -24 6 0 51 51
666 8 1100 0 -24 -12851 1 55 0
667 12 500 742 24 -6 1 55 55
668 8 609 0 -6 -12851 1 60 0
669 8 500 0 -6 -12851 0 55 0
670 8 500 0 -6 -12851 0 55 0
671 12 609 742 24 -6 0 51 55
672 8 500 0 -24 -12851 1 55 0
673 12 1100 742 24 -6 1 55 51
674 12 609 742 -24 6 1 51 55
675 8 1100 0 24 -12851 1 60 0
676 8 742 0 6 -12851 0 60 0
677 8 903 0 24 -12851 0 60 0
678 8 609 0 -6 -12851 0 60 0
679 8 609 0 -6 -12851 0 60 0
680 8 609 0 24 -12851 0 60 0
681 8 742 0 6 -12851 0 55 0
682 12 609 742 -24 6 0 51 55
683 12 742 1100 -24 6 0 51 51
684 12 742 903 -24 6 1 55 51
685 8 742 0 24 -12851 0 60 0
686 12 903 742 -24 6 1 55 51
687 8 1100 0 -6 -12851 1 55 0
688 8 742 0 24 -12851 1 60 0
689 8 609 0 -6 -12851 0 60 0
690 12 742 903 24 -6 1 51 55
691 8 903 0 6 -12851 0 55 0
692 12 500 742 -24 6 1 55 55
693 12 742 609 -24 6 1 55 55
694 8 903 0 -6 -12851 1 55 0
695 8 1100 0 -24 -12851 1 60 0
696 12 903 742 24 -6 0 51 55
697 12 500 742 -24 6 1 55 55
698 12 742 500 24 -6 1 55 55
699 8 1100 0 -6 -12851 1 60 0
700 8 500 0 -6 -12851 1 60 0
701 12 742 1100 24 -6 1 55 55
702 12 500 742 24 -6 0 55 51
703 8 903 0 -6 -12851 0 55 0
704 12 742 500 -24 6 0 51 55
705 12 742 1100 -24 6 0 55 55
706 12 742 903 -24 6 0 55 51
707 8 500 0 -6 -12851 1 55 0
708 8 500 0 24 -12851 0 60 0
709 8 1100 0 6 -12851 1 55 0
710 12 609 742 24 -6 1 55 55
711 12 500 742 24 -6 1 55 55
712 8 1100 0 -6 -12851 0 60 0
713 12 742 609 -24 6 0 55 55
714 8 1100 0 -6 -12851 0 55 0
715 12 903 742 -24 6 0 51 51
716 12 742 903 -24 6 0 51 55
717 8 500 0 -6 -12851 0 55 0
718 12 609 742 -24 6 0 55 55
719 12 903 742 -24 6 0 55 55
720 8 742 0 24 -12851 1 60 0
721 12 742 903 -24 6 1 51 55
722 8 903 0 24 -12851 1 55 0
723 8 609 0 6 -12851 1 60 0
724 8 500 0 6 -12851 0 55 0
725 8 742 0 -6 -12851 0 60 0
726 8 1100 0 -24 -12851 0 60 0
727 8 742 0 24 -12851 0 60 0
728 12 742 609 -24 6 0 51 51
729 12 1100 742 -24 6 0 51 51
730 12 500 742 24 -6 0 51 55
731 8 903 0 24 -12851 0 55 0
732 12 742 1100 24 -6 0 51 55
733 12 500 742 -24 6 0 51 55
734 12 742 609 24 -6 0 55 51
735 12 609 742 24 -6 0 55 55
736 12 500 742 24 -6 0 51 55
737 12 903 742 -24 6 0 55 55
738 12 742 903 24 -6 0 55 55
739 8 903 0 24 -12851 0 55 0
740 12 742 609 -24 6 0 55 55
741 12 742 1100 -24 6 0 51 51
742 12 742 903 24 -6 1 55 51
743 8 500 0 -24 -12851 1 55 0
744 12 742 609 24 -6 1 51 55
745 12 742 1100 -24 6 1 51 55
746 8 609 0 6 -12851 1 55 0
747 12 742 500 24 -6 0 51 55
748 8 609 0 6 -12851 0 55 0
749 12 1100 742 -24 6 0 51 55
750 12 903 742 24 -6 0 55 55
751 12 742 609 24 -6 0 55 51
752 12 742 500 24 -6 0 55 51
753 8 903 0 -6 -12851 0 55 0
754 8 903 0 6 -12851 0 55 0
755 8 609 0 24 -12851 0 60 0
756 12 742 1100 24 -6 1 51 55
757 12 609 742 24 -6 1 51 55
758 8 1100 0 24 -12851 0 60 0
759 12 742 609 24 -6 0 55 55
760 12 742 500 24 -6 0 51 55
761 12 742 609 -24 6 0 51 51
762 8 903 0 6 -12851 0 55 0
763 8 609 0 -6 -12851 0 55 0
764 12 742 609 24 -6 1 55 55
765 8 903 0 -24 -12851 1 60 0
766 12 742 1100 24 -6 1 51 55
767 12 742 903 -24 6 0 55 51
768 8 742 0 -24 -12851 1 60 0
769 12 742 609 24 -6 0 51 51
770 12 609 742 -24 6 0 55 51
771 12 903 742 -24 6 0 51 51
772 8 742 0 24 -12851 0 60 0
773 8 1100 0 -6 -12851 0 60 0
774 12 609 742 24 -6 0 51 51
775 12 903 742 -24 6 0 51 55
776 12 742 500 -24 6 0 55 51
777 12 903 742 -24 6 0 51 55
778 12 609 742 -24 6 0 51 51
779 8 742 0 6 -12851 0 55 0
780 8 1100 0 -24 -12851 0 60 0
781 12 903 742 24 -6 0 51 51
782 8 609 0 6 -12851 0 60 0
783 8 500 0 -6 -12851 0 60 0
784 12 500 742 24 -6 0 55 51
785 12 500 742 24 -6 0 51 51
786 8 500 0 6 -12851 0 55 0
787 12 742 1100 -24 6 0 55 51
788 8 500 0 24 -12851 0 60 0
789 12 903 742 24 -6 0 51 51
790 12 742 500 24 -6 0 51 55
791 12 742 903 -24 6 0 55 55
792 8 1100 0 -24 -12851 0 60 0
793 12 1100 742 -24 6 0 55 51
794 8 1100 0 -24 -12851 0 55 0
795 12 500 742 24 -6 0 51 55
796 8 903 0 6 -12851 0 55 0
797 8 1100 0 -6 -12851 0 55 0
798 8 1100 0 6 -12851 0 55 0
799 12 742 609 24 -6 0 51 51
800 12 742 500 24 -6 0 51 51
801 8 742 0 24 -12851 0 60 0
802 8 500 0 6 -12851 0 55 0
803 8 903 0 24 -12851 0 55 0
804 8 609 0 -24 -12851 0 60 0
805 12 742 609 -24 6 0 51 51
806 12 903 742 -24 6 0 51 51
807 8 903 0 24 -12851 0 60 0
808 8 609 0 24 -12851 0 60 0
809 8 609 0 6 -12851 0 60 0
810 12 1100 742 24 -6 0 55 51
811 8 742 0 -6 -12851 0 55 0
812 12 500 742 24 -6 0 51 55
813 8 742 0 -6 -12851 0 60 0
814 12 742 903 24 -6 0 51 51
815 8 500 0 6 -12851 0 60 0
816 8 500 0 6 -12851 0 60 0
817 12 609 742 24 -6 0 55 55
818 8 1100 0 24 -12851 0 60 0
819 8 1100 0 24 -12851 0 60 0
820 12 609 742 -24 6 0 55 55
821 12 609 742 24 -6 0 51 51
822 12 1100 742 24 -6 0 51 55
823 12 742 903 -24 6 0 55 51
824 8 1100 0 24 -12851 0 55 0
825 12 742 609 -24 6 0 55 55
826 12 742 1100 24 -6 0 55 51
827 8 903 0 -24 -12851 0 60 0
828 12 742 609 24 -6 0 55 55
829 12 742 500 -24 6 0 55 55
830 8 1100 0 6 -12851 0 55 0
831 8 500 0 6 -12851 0 55 0
832 12 609 742 24 -6 0 51 55
833 8 742 0 6 -12851 0 55 0
834 8 500 0 -6 -12851 0 55 0
835 12 500 742 24 -6 0 55 51
836 12 742 500 24 -6 0 55 55
837 12 742 1100 -24 6 0 55 51
838 8 500 0 -6 -12851 0 55 0
839 12 500 742 -24 6 0 51 51
840 8 903 0 -6 -12851 0 60 0
841 8 742 0 -24 -12851 0 60 0
842 12 742 903 24 -6 0 51 51
843 12 903 742 24 -6 0 51 51
844 8 742 0 -6 -12851 0 60 0
845 12 742 903 24 -6 0 55 51
846 8 903 0 6 -12851 0 55 0
847 12 903 742 24 -6 0 55 51
848 12 500 742 24 -6 0 51 51
849 8 609 0 -6 -12851 0 60 0
850 12 742 500 -24 6 0 55 51
851 12 1100 742 -24 6 0 55 51
852 8 609 0 6 -12851 0 60 0
853 12 742 1100 -24 6 0 55 51
854 12 742 500 24 -6 0 51 51
855 8 609 0 6 -12851 0 60 0
856 8 1100 0 -6 -12851 0 55 0
857 8 1100 0 6 -12851 0 55 0
858 12 500 742 24 -6 0 55 55
859 12 742 1100 24 -6 0 51 51
860 12 742 903 -24 6 0 55 55
861 8 609 0 6 -12851 0 60 0
862 12 500 742 -24 6 0 55 55
863 12 742 500 -24 6 0 51 55
864 12 1100 742 24 -6 0 55 51
865 8 742 0 24 -12851 0 55 0
866 12 742 609 24 -6 0 55 55
867 8 903 0 6 -12851 0 60 0
868 8 609 0 6 -12851 0 60 0
869 8 903 0 -24 -12851 0 55 0
870 8 742 0 -6 -12851 0 60 0
871 12 742 609 24 -6 0 51 55
872 8 500 0 -24 -12851 0 60 0
873 12 742 903 -24 6 0 51 51
874 8 1100 0 24 -12851 0 55 0
875 8 903 0 -24 -12851 0 60 0
876 8 609 0 -6 -12851 0 60 0
877 12 742 609 -24 6 0 55 55
878 12 742 1100 24 -6 0 55 55
879 12 903 742 -24 6 0 51 55
880 12 742 609 24 -6 0 51 51
881 8 1100 0 -24 -12851 0 55 0
882 8 500 0 -6 -12851 0 60 0
883 12 500 742 -24 6 0 51 55
884 8 742 0 -24 -12851 0 55 0
885 8 500 0 6 -12851 0 60 0
886 8 1100 0 6 -12851 0 55 0
887 8 1100 0 -6 -12851 0 55 0
888 12 1100 742 24 -6 0 51 55
889 8 1100 0 -6 -12851 0 55 0
890 8 500 0 -6 -12851 0 60 0
891 12 742 1100 24 -6 0 51 51
892 12 609 742 -24 6 0 51 51
893 8 500 0 6 -12851 0 60 0
894 12 609 742 -24 6 0 51 51
895 8 1100 0 6 -12851 0 55 0
896 12 903 742 24 -6 0 55 55
897 12 500 742 -24 6 0 51 51
898 8 609 0 6 -12851 0 60 0
899 12 742 609 -24 6 0 51 55
900 12 500 742 -24 6 0 51 51
901 12 742 609 24 -6 0 51 55
902 8 609 0 -24 -12851 0 55 0
903 8 609 0 24 -12851 0 55 0
904 12 742 609 24 -6 0 51 51
905 8 742 0 6 -12851 0 55 0
906 12 500 742 24 -6 0 51 55
907 12 500 742 -24 6 0 55 51
908 8 903 0 6 -12851 0 55 0
909 12 742 500 -24 6 0 51 55
910 12 742 1100 -24 6 0 51 55
911 12 742 1100 24 -6 0 55 55
912 8 742 0 -24 -12851 0 55 0
913 8 500 0 6 -12851 0 60 0
914 12 742 500 -24 6 0 55 55
915 12 1100 742 24 -6 0 51 51
916 8 903 0 24 -12851 0 55 0
917 8 903 0 -6 -12851 0 55 0
918 8 742 0 6 -12851 0 60 0
919 8 1100 0 -24 -12851 0 55 0
920 8 1100 0 24 -12851 0 55 0
921 12 742 500 24 -6 0 55 55
922 12 1100 742 24 -6 0 51 51
923 12 500 742 -24 6 0 51 51
924 8 1100 0 -6 -12851 0 55 0
925 12 742 609 24 -6 0 51 55
926 12 500 742 -24 6 0 55 55
927 8 903 0 -24 -12851 0 60 0
928 8 1100 0 24 -12851 0 60 0
929 8 500 0 6 -12851 0 55 0
930 12 609 742 -24 6 0 51 51
931 12 903 742 24 -6 0 55 51
932 12 742 500 -24 6 0 55 55
933 12 742 500 -24 6 0 51 55
934 8 742 0 -6 -12851 0 55 0
935 8 500 0 -6 -12851 0 60 0
936 12 742 903 24 -6 0 51 51
937 12 742 903 24 -6 0 55 55
938 8 500 0 -6 -12851 0 60 0
939 12 500 742 24 -6 0 55 55
940 12 742 609 -24 6 0 51 51
941 12 742 609 24 -6 0 51 51
942 12 903 742 -24 6 0 51 51
943 8 903 0 -24 -12851 0 55 0
944 12 742 903 -24 6 0 55 51
945 12 609 742 -24 6 0 51 55
946 8 742 0 24 -12851 0 60 0
947 12 500 742 24 -6 0 51 51
948 8 742 0 -6 -12851 0 55 0
949 8 903 0 24 -12851 0 55 0
950 8 609 0 -6 -12851 0 60 0
951 12 742 903 24 -6 0 51 51
952 8 609 0 24 -12851 0 55 0
953 8 609 0 -24 -12851 0 60 0
954 12 903 742 -24 6 0 55 55
955 12 742 500 24 -6 0 55 51
956 12 742 1100 -24 6 0 51 51
957 12 742 903 -24 6 0 51 55
958 8 609 0 -24 -12851 0 55 0
959 12 903 742 -24 6 0 55 55
960 12 742 500 24 -6 0 55 51
961 8 609 0 -24 -12851 0 60 0
962 8 1100 0 6 -12851 0 60 0
963 12 500 742 -24 6 0 51 51
964 12 500 742 -24 6 0 55 55
965 8 903 0 -6 -12851 0 60 0
966 8 1100 0 -6 -12851 0 55 0
967 12 742 1100 -24 6 0 55 51
968 12 500 742 -24 6 0 55 51
969 8 1100 0 -6 -12851 0 60 0
970 12 903 742 24 -6 0 51 51
971 12 742 1100 -24 6 0 55 51
972 12 500 742 -24 6 0 55 55
973 8 903 0 24 -12851 0 60 0
974 8 609 0 -6 -12851 0 60 0
975 12 1100 742 -24 6 0 51 51
976 8 609 0 -6 -12851 0 60 0
977 12 742 1100 -24 6 0 55 55
978 12 903 742 24 -6 0 51 55
979 12 742 609 24 -6 0 55 55
980 8 742 0 -6 -12851 0 55 0
981 12 609 742 -24 6 0 55 51
982 12 609 742 -24 6 0 51 51
983 8 903 0 24 -12851 0 60 0
984 12 742 500 24 -6 0 51 51
985 12 742 1100 -24 6 0 51 55
986 12 742 609 -24 6 0 51 55
987 12 742 500 -24 6 0 55 51
988 8 500 0 24 -12851 0 55 0
989 8 500 0 -6 -12851 0 55 0
990 8 742 0 -6 -12851 0 55 0
991 12 742 609 -24 6 0 51 55
992 12 742 1100 -24 6 0 51 55
993 12 609 742 24 -6 0 55 51
994 12 500 742 -24 6 0 51 55
995 12 742 609 24 -6 0 55 55
996 12 742 903 -24 6 0 55 51
997 12 742 1100 24 -6 0 51 55
998 12 609 742 24 -6 0 55 51
999 8 742 0 -24 -12851 0 55 0
1000 8 500 0 24 -12851 0 60 0
1001 8 1100 0 6 -12851 0 55 0
1002 8 1100 0 -6 -12851 0 60 0
1003 12 903 742 24 -6 0 55 55
1004 8 903 0 -24 -12851 0 55 0
1005 8 500 0 24 -12851 0 60 0
1006 8 1100 0 -24 -12851 0 60 0
1007 12 500 742 -24 6 0 51 51
1008 8 903 0 -6 -12851 0 55 0
1009 8 903 0 24 -12851 0 60 0
1010 12 609 742 -24 6 0 51 55
1011 8 1100 0 6 -12851 0 60 0
1012 8 742 0 24 -12851 0 55 0
1013 8 500 0 6 -12851 0 60 0
1014 8 500 0 6 -12851 0 60 0
1015 8 742 0 -6 -12851 0 55 0
1016 8 609 0 6 -12851 0 55 0
1017 12 1100 742 -24 6 0 51 55
1018 12 742 609 24 -6 0 55 55
1019 12 903 742 24 -6 0 55 55
1020 12 500 742 24 -6 0 55 55
1021 8 609 0 6 -12851 0 55 0
1022 8 742 0 6 -12851 0 60 0
1023 12 500 742 -24 6 0 51 51
1024 8 609 0 -24 -12851 0 55 0
1025 8 1100 0 -24 -12851 0 55 0
1026 8 1100 0 -24 -12851 0 60 0
1027 12 742 903 -24 6 0 55 51
1028 8 500 0 6 -12851 0 60 0
1029 12 500 742 -24 6 0 51 51
1030 8 609 0 -24 -12851 0 60 0
1031 8 742 0 -6 -12851 0 55 0
1032 12 609 742 -24 6 0 55 55
1033 12 742 500 24 -6 0 51 51
1034 8 903 0 24 -12851 0 60 0
1035 8 903 0 6 -12851 0 60 0
1036 12 903 742 24 -6 0 55 55
1037 12 742 903 24 -6 0 51 51
1038 12 609 742 24 -6 0 51 55
1039 8 500 0 -6 -12851 0 60 0
1040 8 609 0 -24 -12851 0 60 0
1041 12 742 903 24 -6 0 51 51
1042 12 609 742 24 -6 0 55 55
1043 8 1100 0 24 -12851 0 60 0
1044 8 742 0 6 -12851 0 55 0
1045 12 742 1100 -24 6 0 55 55
1046 8 903 0 -6 -12851 0 60 0
1047 8 500 0 -24 -12851 0 60 0
1048 12 742 500 24 -6 0 51 51
1049 8 742 0 24 -12851 0 55 0
1050 8 609 0 24 -12851 0 60 0
1051 12 1100 742 24 -6 0 51 55
1052 8 1100 0 6 -12851 0 60 0
1053 12 742 609 24 -6 0 55 51
1054 12 500 742 -24 6 0 55 55
1055 8 500 0 -6 -12851 0 55 0
1056 12 903 742 -24 6 0 55 51
1057 12 742 500 24 -6 0 55 51
1058 12 742 903 -24 6 0 51 51
1059 12 742 1100 24 -6 0 51 51
1060 12 500 742 24 -6 0 51 55
1061 12 742 609 -24 6 0 55 51
1062 12 903 742 -24 6 0 55 55
1063 8 500 0 24 -12851 0 55 0
1064 8 609 0 -24 -12851 0 55 0
1065 8 903 0 6 -12851 0 60 0
1066 12 903 742 -24 6 0 55 51
1067 12 609 742 24 -6 0 51 51
1068 8 500 0 -24 -12851 0 55 0
1069 12 742 903 -24 6 0 55 51
1070 8 609 0 -24 -12851 0 60 0
1071 12 609 742 24 -6 0 51 51
1072 12 742 500 -24 6 0 55 51
1073 8 500 0 24 -12851 0 60 0
1074 12 500 742 24 -6 0 51 51
1075 8 1100 0 -6 -12851 0 60 0
1076 12 742 609 -24 6 0 51 51
1077 8 1100 0 -24 -12851 0 60 0
1078 12 742 500 -24 6 0 55 51
1079 12 742 903 -24 6 0 55 51
1080 8 609 0 24 -12851 0 60 0
1081 12 1100 742 -24 6 0 51 55
1082 12 742 609 24 -6 0 55 51
1083 8 1100 0 6 -12851 0 55 0
1084 8 742 0 -24 -12851 0 55 0
1085 8 742 0 24 -12851 0 55 0
1086 8 903 0 -6 -12851 0 55 0
1087 8 903 0 24 -12851 0 60 0
1088 12 742 500 24 -6 0 55 51
1089 8 742 0 -24 -12851 0 60 0
1090 8 1100 0 -24 -12851 0 60 0
1091 8 1100 0 -6 -12851 0 55 0
1092 12 1100 742 -24 6 0 51 55
1093 12 742 609 24 -6 0 51 55
1094 12 742 609 24 -6 0 55 51
1095 8 903 0 -24 -12851 0 55 0
1096 12 500 742 24 -6 0 55 55
1097 8 500 0 6 -12851 0 60 0
1098 8 1100 0 -6 -12851 0 60 0
1099 8 903 0 -24 -12851 0 55 0
1100 8 903 0 -24 -12851 0 60 0
1101 12 742 903 24 -6 0 55 51
1102 8 1100 0 6 -12851 0 55 0
1103 8 742 0 -24 -12851 0 55 0
1104 12 609 742 -24 6 0 51 55
1105 12 742 903 -24 6 0 55 51
1106 8 500 0 24 -12851 1 60 0
1107 12 609 742 24 -6 0 55 51
1108 12 500 742 -24 6 0 51 55
1109 8 500 0 -24 -12851 1 60 0
1110 8 742 0 24 -12851 1 60 0
1111 12 742 500 -24 6 1 55 55
1112 12 500 742 24 -6 0 55 51
1113 8 609 0 24 -12851 0 55 0
1114 8 609 0 -6 -12851 0 55 0
1115 8 742 0 6 -12851 0 55 0
1116 8 609 0 6 -12851 0 55 0
1117 12 500 742 24 -6 0 55 51
1118 8 1100 0 -6 -12851 0 60 0
1119 12 500 742 24 -6 1 55 51
1120 8 1100 0 -24 -12851 1 55 0
1121 12 742 903 -24 6 0 51 51
1122 8 500 0 6 -12851 0 55 0
1123 12 742 500 24 -6 0 55 55
1124 12 1100 742 -24 6 0 55 51
1125 12 609 742 -24 6 1 51 51
1126 12 903 742 24 -6 0 55 51
1127 12 742 1100 -24 6 0 51 51
1128 12 742 903 24 -6 0 55 55
1129 12 742 609 -24 6 0 55 55
1130 8 609 0 6 -12851 1 55 0
1131 12 500 742 24 -6 0 55 51
1132 8 742 0 -6 -12851 1 60 0
1133 12 609 742 24 -6 1 51 55
1134 8 1100 0 -24 -12851 1 55 0
1135 12 609 742 24 -6 1 55 55
1136 12 742 609 -24 6 1 55 55
1137 8 609 0 -6 -12851 0 55 0
1138 12 742 609 -24 6 1 55 55
1139 12 742 500 24 -6 0 55 51
1140 12 1100 742 -24 6 0 51 51
1141 12 742 500 -24 6 0 55 55
1142 8 903 0 -24 -12851 1 55 0
1143 12 742 500 -24 6 1 55 55
1144 8 1100 0 6 -12851 1 55 0
1145 8 742 0 -24 -12851 1 55 0
1146 8 742 0 24 -12851 0 60 0
1147 8 500 0 -24 -12851 1 55 0
1148 8 903 0 24 -12851 1 55 0
1149 12 609 742 24 -6 0 55 55
1150 12 742 1100 -24 6 0 51 55
1151 12 903 742 -24 6 0 55 55
1152 12 609 742 -24 6 0 51 55
1153 12 500 742 24 -6 0 51 51
1154 12 609 742 -24 6 0 55 55
1155 12 742 500 24 -6 0 51 51
1156 8 609 0 24 -12851 0 55 0
1157 8 903 0 6 -12851 0 60 0
1158 12 742 903 -24 6 0 51 51
1159 8 500 0 24 -12851 0 55 0
1160 12 903 742 -24 6 1 55 55
1161 8 609 0 24 -12851 0 60 0
1162 12 903 742 -24 6 0 55 51
1163 12 1100 742 -24 6 1 55 51
1164 8 609 0 -24 -12851 0 55 0
1165 12 903 742 -24 6 1 51 55
1166 12 1100 742 24 -6 1 51 55
1167 12 500 742 -24 6 0 55 55
1168 12 903 742 24 -6 0 51 55
1169 12 742 1100 24 -6 0 55 55
1170 8 903 0 6 -12851 0 55 0
1171 12 1100 742 -24 6 0 51 51
1172 8 609 0 -6 -12851 0 55 0
1173 8 1100 0 -6 -12851 1 60 0
1174 8 500 0 -24 -12851 1 60 0
1175 12 742 609 -24 6 1 51 51
1176 12 742 903 24 -6 1 55 51
1177 8 742 0 -24 -12851 1 60 0
1178 8 500 0 -6 -12851 1 55 0
1179 12 742 903 24 -6 0 51 55
1180 8 1100 0 6 -12851 0 60 0
1181 8 742 0 -6 -12851 0 60 0
1182 12 742 609 24 -6 0 51 55
1183 12 742 609 -24 6 0 55 55
1184 8 500 0 6 -12851 1 55 0
1185 8 903 0 -6 -12851 1 60 0
1186 8 742 0 6 -12851 0 55 0
1187 12 742 500 -24 6 0 55 55
1188 12 742 609 -24 6 0 55 55
1189 8 1100 0 24 -12851 1 60 0
1190 8 903 0 24 -12851 1 60 0
1191 8 609 0 24 -12851 1 60 0
1192 12 742 500 -24 6 0 55 51
1193 8 609 0 -24 -12851 0 60 0
1194 8 609 0 -24 -12851 0 60 0
1195 8 609 0 -6 -12851 0 60 0
1196 8 1100 0 6 -12851 0 60 0
1197 8 1100 0 -6 -12851 0 55 0
1198 8 1100 0 24 -12851 1 60 0
1199 8 500 0 24 -12851 0 55 0
1200 12 742 609 -24 6 0 51 55
1201 8 609 0 24 -12851 1 55 0
1202 8 742 0 24 -12851 0 60 0
1203 8 903 0 6 -12851 0 60 0
1204 12 609 742 -24 6 0 55 55
1205 8 500 0 6 -12851 0 55 0
1206 8 742 0 -6 -12851 1 55 0
1207 12 1100 742 24 -6 0 51 55
1208 8 742 0 -6 -12851 0 55 0
1209 8 500 0 6 -12851 1 60 0
1210 8 903 0 -24 -12851 1 55 0
1211 8 903 0 -6 -12851 0 55 0
1212 8 1100 0 24 -12851 0 55 0
1213 8 1100 0 -6 -12851 0 60 0
1214 12 903 742 24 -6 0 55 55
1215 8 1100 0 24 -12851 0 60 0
1216 8 500 0 6 -12851 0 60 0
1217 12 742 500 24 -6 0 51 55
1218 8 500 0 6 -12851 0 60 0
1219 8 1100 0 24 -12851 0 60 0
1220 12 742 609 24 -6 0 51 55
1221 12 742 500 24 -6 0 55 51
1222 12 742 500 -24 6 0 51 55
1223 12 1100 742 -24 6 0 55 51
1224 12 742 1100 -24 6 0 51 55
1225 12 500 742 -24 6 0 55 55
1226 12 742 903 -24 6 0 51 55
1227 8 609 0 -6 -12851 0 60 0
1228 8 609 0 -24 -12851 0 60 0
1229 8 609 0 24 -12851 0 55 0
1230 12 742 903 24 -6 0 55 55
1231 12 1100 742 24 -6 0 51 55
1232 12 742 609 24 -6 0 55 55
1233 8 742 0 -6 -12851 0 55 0
1234 12 742 500 -24 6 0 55 55
1235 12 609 742 24 -6 0 55 55
1236 8 903 0 24 -12851 0 55 0
1237 12 500 742 -24 6 0 55 51
1238 12 1100 742 -24 6 0 55 55
1239 12 609 742 24 -6 0 51 51
1240 8 742 0 6 -12851 0 60 0
1241 8 500 0 -6 -12851 0 60 0
1242 8 903 0 -6 -12851 0 55 0
1243 8 903 0 -6 -12851 0 60 0
1244 12 903 742 -24 6 0 51 51
1245 12 1100 742 -24 6 0 55 55
1246 12 500 742 -24 6 0 55 55
1247 8 742 0 6 -12851 0 60 0
1248 8 1100 0 6 -12851 0 55 0
1249 8 1100 0 24 -12851 0 60 0
1250 12 742 1100 24 -6 0 51 51
1251 12 742 609 -24 6 0 55 55
1252 8 1100 0 6 -12851 0 60 0
1253 8 903 0 -24 -12851 0 60 0
1254 12 903 742 24 -6 0 51 55
1255 8 1100 0 -6 -12851 0 60 0
1256 12 1100 742 -24 6 0 55 55
1257 12 1100 742 24 -6 0 55 55
1258 12 903 742 -24 6 0 51 55
1259 12 742 609 -24 6 0 55 51
1260 8 500 0 -6 -12851 0 55 0
1261 12 742 1100 24 -6 0 55 55
1262 8 742 0 6 -12851 0 60 0
1263 12 742 1100 -24 6 0 51 51
1264 12 1100 742 -24 6 0 51 51
1265 8 500 0 -6 -12851 0 60 0
1266 8 500 0 -6 -12851 0 60 0
1267 8 903 0 -24 -12851 0 60 0
1268 8 742 0 -24 -12851 0 55 0
1269 12 500 742 24 -6 0 55 55
1270 8 742 0 -24 -12851 0 55 0
1271 12 742 609 -24 6 0 51 51
1272 8 903 0 -6 -12851 0 55 0
1273 8 609 0 6 -12851 0 60 0
1274 12 1100 742 24 -6 0 55 55
1275 12 903 742 -24 6 0 51 55
1276 12 1100 742 -24 6 0 55 51
1277 8 609 0 6 -12851 0 55 0
1278 8 609 0 24 -12851 0 55 0
1279 8 1100 0 6 -12851 0 60 0
1280 12 1100 742 -24 6 0 51 55
1281 8 1100 0 24 -12851 0 60 0
1282 12 1100 742 24 -6 0 51 51
1283 12 609 742 -24 6 0 55 51
1284 12 742 609 24 -6 0 51 51
1285 8 500 0 6 -12851 0 60 0
1286 12 742 609 -24 6 0 51 55
1287 12 1100 742 -24 6 0 51 55
1288 12 1100 742 -24 6 0 55 51
1289 12 742 609 24 -6 0 51 51
1290 12 903 742 -24 6 0 51 55
1291 8 500 0 -6 -12851 0 60 0
1292 8 500 0 -24 -12851 0 60 0
1293 12 742 903 24 -6 0 51 51
1294 8 1100 0 -6 -12851 0 60 0
1295 8 609 0 -6 -12851 0 60 0
1296 8 903 0 6 -12851 0 60 0
1297 12 742 500 -24 6 0 55 55
1298 12 500 742 24 -6 0 55 55
1299 12 609 742 24 -6 0 51 55
1300 8 1100 0 -6 -12851 0 60 0
1301 12 742 609 -24 6 0 55 55
1302 8 609 0 -6 -12851 0 60 0
1303 12 500 742 24 -6 0 55 55
1304 8 742 0 24 -12851 0 60 0
1305 8 609 0 24 -12851 0 55 0
1306 8 742 0 6 -12851 0 60 0
1307 8 742 0 -6 -12851 0 60 0
1308 8 903 0 6 -12851 0 60 0
1309 12 1100 742 -24 6 0 55 55
1310 12 903 742 -24 6 0 51 55
1311 12 500 742 24 -6 0 55 55
1312 12 609 742 24 -6 0 51 55
1313 12 903 742 24 -6 0 51 55
1314 12 903 742 24 -6 0 51 51
1315 12 500 742 24 -6 0 55 55
1316 8 903 0 -6 -12851 0 60 0
1317 8 609 0 24 -12851 0 55 0
1318 12 1100 742 -24 6 0 51 51
1319 12 1100 742 24 -6 0 55 55
1320 12 609 742 -24 6 0 51 55
1321 8 609 0 -24 -12851 0 60 0
1322 8 609 0 -24 -12851 0 60 0
1323 12 742 609 24 -6 0 55 55
1324 12 742 500 24 -6 0 51 51
1325 12 1100 742 24 -6 0 51 51
1326 12 500 742 -24 6 0 55 55
1327 8 742 0 24 -12851 0 60 0
1328 12 500 742 -24 6 0 55 55
1329 12 742 500 -24 6 0 51 51
1330 8 742 0 6 -12851 0 55 0
1331 8 1100 0 24 -12851 0 55 0
1332 8 742 0 -24 -12851 0 55 0
1333 12 500 742 24 -6 0 51 55
1334 8 609 0 -24 -12851 0 60 0
1335 8 903 0 6 -12851 0 55 0
1336 8 903 0 -24 -12851 0 55 0
1337 12 742 500 24 -6 0 51 55
1338 12 742 903 24 -6 0 55 51
1339 8 1100 0 6 -12851 0 55 0
1340 8 1100 0 -24 -12851 0 60 0
1341 12 609 742 24 -6 0 51 51
1342 12 1100 742 -24 6 0 55 55
1343 8 500 0 6 -12851 0 55 0
1344 12 500 742 24 -6 0 55 51
1345 12 742 609 24 -6 0 51 51
1346 8 903 0 24 -12851 0 60 0
1347 12 500 742 -24 6 0 51 51
1348 8 500 0 -6 -12851 0 55 0
1349 8 500 0 6 -12851 0 60 0
1350 12 609 742 24 -6 0 51 51
1351 12 1100 742 -24 6 0 55 55
1352 12 903 742 24 -6 0 55 51
1353 8 903 0 -6 -12851 0 60 0
1354 12 903 742 -24 6 0 55 55
1355 12 903 742 -24 6 0 51 51
1356 12 742 609 -24 6 0 51 51
1357 12 742 1100 24 -6 0 51 51
1358 8 903 0 6 -12851 0 60 0
1359 12 1100 742 24 -6 0 55 51
1360 8 1100 0 -6 -12851 0 55 0
1361 8 903 0 -24 -12851 0 55 0
1362 12 742 500 24 -6 0 51 51
1363 12 500 742 -24 6 0 55 51
1364 12 1100 742 -24 6 0 55 51
1365 12 742 609 -24 6 0 51 51
1366 8 609 0 -6 -12851 0 60 0
1367 12 742 500 24 -6 0 55 55
1368 12 742 500 -24 6 0 51 51
1369 8 742 0 6 -12851 0 55 0
1370 12 1100 742 24 -6 0 55 51
1371 12 609 742 -24 6 0 55 55
1372 12 1100 742 24 -6 0 51 55
1373 8 500 0 6 -12851 0 55 0
1374 8 500 0 -6 -12851 0 55 0
1375 8 742 0 -6 -12851 0 60 0
1376 8 903 0 6 -12851 0 55 0
1377 12 1100 742 -24 6 0 55 51
1378 12 742 903 -24 6 0 55 51
1379 8 742 0 -24 -12851 0 60 0
1380 8 1100 0 -6 -12851 0 55 0
1381 8 609 0 24 -12851 0 60 0
1382 8 609 0 6 -12851 0 55 0
1383 12 742 609 24 -6 0 55 55
1384 8 1100 0 -24 -12851 0 60 0
1385 12 742 903 -24 6 0 51 55
1386 12 742 903 24 -6 0 51 55
1387 12 742 1100 24 -6 0 55 51
1388 8 500 0 24 -12851 0 55 0
1389 12 742 1100 24 -6 0 55 55
1390 8 742 0 -6 -12851 0 55 0
1391 8 742 0 -24 -12851 0 60 0
1392 8 742 0 -6 -12851 0 60 0
1393 12 742 903 24 -6 0 55 51
1394 8 500 0 6 -12851 0 55 0
1395 8 742 0 -6 -12851 0 60 0
1396 8 500 0 24 -12851 0 60 0
1397 8 903 0 -24 -12851 0 55 0
1398 8 903 0 -24 -12851 0 55 0
1399 12 742 500 -24 6 0 55 51
1400 12 742 903 24 -6 0 51 51
1401 8 1100 0 6 -12851 0 55 0
1402 8 500 0 24 -12851 0 55 0
1403 12 742 609 -24 6 0 51 55
1404 8 903 0 6 -12851 0 55 0
1405 12 742 903 24 -6 0 55 55
1406 8 1100 0 -24 -12851 0 55 0
1407 8 1100 0 6 -12851 0 55 0
1408 12 500 742 24 -6 0 55 55
1409 12 742 500 24 -6 0 55 55
1410 8 609 0 6 -12851 0 60 0
1411 12 903 742 24 -6 0 55 55
1412 12 742 500 -24 6 0 55 55
1413 12 609 742 -24 6 0 51 51
1414 8 609 0 6 -12851 0 55 0
1415 8 609 0 -24 -12851 0 55 0
1416 12 500 742 24 -6 0 55 51
1417 8 742 0 -6 -12851 0 60 0
1418 12 609 742 24 -6 0 55 55
1419 8 742 0 6 -12851 0 60 0
1420 8 742 0 -6 -12851 0 60 0
1421 12 742 1100 -24 6 0 51 51
1422 8 742 0 6 -12851 0 60 0
1423 8 609 0 -6 -12851 0 55 0
1424 12 742 903 24 -6 0 55 55
1425 12 742 500 24 -6 0 51 55
1426 8 609 0 24 -12851 0 55 0
1427 12 500 742 24 -6 0 55 51
1428 12 500 742 -24 6 0 51 51
1429 8 1100 0 -6 -12851 0 60 0
1430 8 1100 0 24 -12851 0 55 0
1431 12 742 500 -24 6 0 51 55
1432 8 500 0 6 -12851 0 55 0
1433 12 500 742 -24 6 0 51 55
1434 12 1100 742 24 -6 0 55 51
1435 12 500 742 24 -6 0 51 55
1436 8 1100 0 -24 -12851 0 60 0
1437 12 742 500 24 -6 0 55 55
1438 8 903 0 6 -12851 0 55 0
1439 8 903 0 24 -12851 0 60 0
1440 8 903 0 -24 -12851 0 60 0
1441 12 742 1100 24 -6 0 55 51
1442 12 742 500 24 -6 0 51 51
1443 8 609 0 -24 -12851 0 55 0
1444 12 742 903 -24 6 0 51 51
1445 8 500 0 -6 -12851 0 60 0
1446 12 609 742 -24 6 0 51 51
1447 8 500 0 24 -12851 0 60 0
1448 8 1100 0 6 -12851 0 55 0
1449 8 1100 0 -24 -12851 0 55 0
1450 8 742 0 6 -12851 0 55 0
1451 8 1100 0 6 -12851 0 55 0
1452 12 742 500 -24 6 0 55 55
1453 12 742 903 -24 6 0 51 51
1454 12 742 1100 24 -6 0 51 55
1455 12 500 742 -24 6 0 55 55
1456 12 1100 742 -24 6 0 51 51
1457 12 1100 742 -24 6 0 51 55
1458 12 500 742 24 -6 0 51 51
1459 8 903 0 6 -12851 0 55 0
1460 8 1100 0 24 -12851 0 60 0
1461 8 609 0 24 -12851 0 55 0
1462 8 742 0 6 -12851 0 60 0
1463 8 742 0 -24 -12851 0 55 0
1464 8 609 0 -24 -12851 0 55 0
1465 12 742 609 24 -6 0 55 51
1466 12 742 1100 24 -6 0 55 51
1467 12 903 742 -24 6 0 51 55
1468 12 500 742 -24 6 0 51 51
1469 12 609 742 24 -6 0 51 51
1470 8 903 0 -6 -12851 0 60 0
1471 12 742 1100 24 -6 0 51 55
1472 12 742 1100 -24 6 0 55 51
1473 12 742 500 24 -6 0 55 55
1474 12 500 742 -24 6 0 55 55
1475 12 1100 742 24 -6 0 51 51
1476 12 1100 742 -24 6 0 51 55
1477 12 903 742 24 -6 0 55 55
1478 12 742 609 24 -6 0 51 55
1479 8 500 0 -6 -12851 0 60 0
1480 8 609 0 -24 -12851 0 60 0
1481 12 903 742 -24 6 0 51 51
1482 12 609 742 -24 6 0 55 55
1483 12 500 742 -24 6 0 51 55
1484 12 742 500 24 -6 0 51 55
1485 12 742 1100 -24 6 0 51 55
1486 12 742 903 -24 6 0 55 51
1487 8 903 0 -24 -12851 0 60 0
1488 8 500 0 24 -12851 1 55 0
1489 12 609 742 24 -6 0 55 51
1490 12 1100 742 -24 6 0 51 55
1491 12 609 742 -24 6 0 51 55
