494 8 742 0 6 -12851 0 60 0
495 8 742 0 -6 -12851 0 55 0
496 8 609 0 -24 -12851 0 55 0
497 12 742 1100 -24 6 0 55 55
498 12 609 742 -24 6 0 55 55
499 8 903 0 6 -12851 0 60 0
500 8 1100 0 -24 -12851 0 60 0
501 12 609 742 -24 6 1 55 51
502 8 609 0 6 -12851 1 60 0
503 8 500 0 -24 -12851 0 60 0
504 8 903 0 24 -12851 0 55 0
505 8 500 0 -24 -12851 1 55 0
506 12 500 742 24 -6 0 51 55
507 8 609 0 -24 -12851 1 60 0
508 8 742 0 -24 -12851 1 55 0
509 8 500 0 24 -12851 0 55 0
510 12 742 609 24 -6 0 51 51
511 8 500 0 24 -12851 0 55 0
512 12 742 609 24 -6 0 51 51
513 8 500 0 6 -12851 1 60 0
514 12 742 500 -24 6 0 55 55
515 8 609 0 24 -12851 0 60 0
516 12 742 609 24 -6 1 51 51
517 8 609 0 24 -12851 1 55 0
518 12 609 742 24 -6 1 51 51
519 12 742 903 24 -6 0 55 51
520 8 500 0 24 -12851 1 60 0
521 8 1100 0 -24 -12851 0 55 0
522 8 609 0 24 -12851 0 60 0
523 12 1100 742 -24 6 1 51 51
524 8 742 0 6 -12851 1 60 0
525 12 609 742 -24 6 1 55 55
526 12 742 609 -24 6 1 55 51
527 8 903 0 6 -12851 1 60 0
528 8 742 0 -6 -12851 0 55 0
529 8 742 0 -24 -12851 1 55 0
530 8 1100 0 6 -12851 1 55 0
531 12 742 1100 24 -6 0 51 55
532 12 609 742 -24 6 1 51 51
533 12 742 1100 -24 6 1 55 51
534 8 903 0 6 -12851 0 55 0
535 12 609 742 24 -6 0 55 55
536 12 500 742 24 -6 1 55 51
537 12 742 903 24 -6 0 51 51
538 12 903 742 -24 6 0 51 55
539 8 903 0 24 -12851 1 55 0
540 12 609 742 24 -6 0 51 51
541 8 1100 0 24 -12851 1 55 0
542 12 500 742 -24 6 0 55 51
543 12 500 742 -24 6 1 51 51
544 8 742 0 -24 -12851 1 60 0
545 8 742 0 -24 -12851 1 55 0
546 12 500 742 24 -6 1 51 51
547 8 742 0 6 -12851 1 55 0
548 12 500 742 24 -6 1 55 55
549 8 742 0 6 -12851 1 55 0
550 8 1100 0 -6 -12851 1 55 0
551 12 1100 742 24 -6 1 55 51
552 12 742 903 24 -6 0 51 55
553 12 742 500 24 -6 0 55 55
554 12 742 903 -24 6 1 55 55
555 8 609 0 -24 -12851 1 60 0
556 8 609 0 -6 -12851 1 60 0
557 8 903 0 6 -12851 1 55 0
558 8 1100 0 24 -12851 1 55 0
559 8 609 0 24 -12851 1 55 0
560 12 742 500 24 -6 0 51 55
561 8 1100 0 6 -12851 0 60 0
562 8 500 0 -6 -12851 1 60 0
563 12 742 1100 24 -6 0 51 51
564 8 903 0 6 -12851 1 55 0
565 8 903 0 6 -12851 0 60 0
566 12 742 609 24 -6 0 51 51
567 12 742 1100 -24 6 0 51 51
568 8 500 0 -24 -12851 0 55 0
569 12 500 742 -24 6 1 51 51
570 12 742 903 24 -6 0 51 51
571 8 500 0 24 -12851 1 60 0
572 12 742 903 24 -6 0 51 51
573 12 742 903 -24 6 1 55 51
574 8 500 0 6 -12851 0 55 0
575 8 500 0 -24 -12851 0 60 0
576 12 742 1100 24 -6 1 51 51
577 8 609 0 24 -12851 0 55 0
578 8 742 0 6 -12851 0 60 0
579 8 500 0 6 -12851 1 60 0
580 12 742 500 -24 6 1 55 55
581 8 903 0 -24 -12851 1 60 0
582 12 742 609 -24 6 1 55 55
583 12 742 903 24 -6 1 51 51
584 12 742 903 24 -6 1 51 51
585 12 742 500 24 -6 1 55 51
586 12 742 500 -24 6 1 51 51
587 8 500 0 24 -12851 1 55 0
588 8 609 0 -24 -12851 1 55 0
589 12 742 609 24 -6 0 55 55
590 12 742 1100 -24 6 0 51 55
591 12 742 903 -24 6 0 55 51
592 12 742 1100 -24 6 1 55 51
593 8 903 0 24 -12851 0 60 0
594 12 742 1100 24 -6 1 51 51
595 12 742 500 24 -6 1 51 51
596 8 742 0 -24 -12851 0 55 0
597 8 742 0 -24 -12851 1 55 0
598 12 500 742 24 -6 1 55 51
599 12 1100 742 -24 6 1 51 55
600 8 609 0 -6 -12851 0 60 0
601 12 609 742 24 -6 1 55 51
602 8 1100 0 6 -12851 0 55 0
603 12 903 742 -24 6 0 55 55
604 12 742 903 24 -6 1 51 55
605 12 742 903 24 -6 1 55 55
606 8 1100 0 24 -12851 1 60 0
607 8 1100 0 -6 -12851 1 60 0
608 12 742 500 24 -6 0 55 51
609 12 1100 742 -24 6 0 55 55
610 8 903 0 6 -12851 0 60 0
611 8 903 0 6 -12851 0 55 0
612 8 903 0 24 -12851 0 55 0
613 8 742 0 24 -12851 0 60 0
614 8 742 0 6 -12851 0 55 0
615 12 742 1100 24 -6 0 55 55
616 12 742 609 -24 6 0 55 55
617 12 742 500 -24 6 1 55 55
618 8 1100 0 6 -12851 1 55 0
619 8 903 0 -6 -12851 0 55 0
620 12 500 742 24 -6 1 55 51
621 8 742 0 6 -12851 0 55 0
622 12 742 609 -24 6 0 51 51
623 8 609 0 6 -12851 0 55 0
624 8 903 0 -24 -12851 1 55 0
625 12 742 1100 -24 6 1 51 51
626 12 500 742 24 -6 0 55 55
627 8 500 0 6 -12851 0 55 0
628 8 609 0 6 -12851 1 60 0
629 12 742 903 24 -6 1 55 55
630 8 609 0 6 -12851 0 60 0
631 8 1100 0 6 -12851 1 55 0
632 8 500 0 6 -12851 0 55 0
633 12 609 742 -24 6 1 55 55
634 8 500 0 -24 -12851 1 55 0
635 8 1100 0 6 -12851 0 60 0
636 8 609 0 24 -12851 0 60 0
637 12 742 1100 24 -6 1 55 51
638 12 1100 742 24 -6 1 51 51
639 8 609 0 24 -12851 0 55 0
640 12 742 903 24 -6 0 55 55
641 12 742 1100 -24 6 0 55 55
642 12 609 742 -24 6 0 51 55
643 8 1100 0 -24 -12851 1 55 0
644 8 609 0 6 -12851 1 55 0
645 12 903 742 -24 6 0 51 55
646 12 742 500 24 -6 1 51 55
647 12 742 500 -24 6 0 55 51
648 8 609 0 24 -12851 1 55 0
649 12 1100 742 24 -6 1 51 51
650 8 742 0 -6 -12851 0 55 0
651 12 742 1100 -24 6 0 55 51
652 8 742 0 -6 -12851 0 60 0
653 12 742 609 24 -6 1 51 55
654 8 500 0 -6 -12851 0 55 0
655 12 1100 742 24 -6 0 51 55
656 12 742 500 24 -6 1 55 51
657 8 742 0 -24 -12851 0 60 0
658 12 903 742 -24 6 1 51 51
659 8 500 0 6 -12851 1 60 0
660 8 903 0 24 -12851 0 55 0
661 12 1100 742 24 -6 0 55 55
662 8 500 0 -6 -12851 0 60 0
663 8 1100 0 -24 -12851 0 55 0
664 8 903 0 -6 -12851 1 60 0
665 12 742 609 24 -6 0 55 55
666 8 903 0 6 -12851 1 55 0
667 12 742 500 -24 6 0 51 55
668 12 1100 742 -24 6 0 55 55
669 12 742 1100 -24 6 1 51 55
670 8 1100 0 -24 -12851 0 60 0
671 8 500 0 -6 -12851 0 55 0
672 12 500 742 -24 6 1 51 51
673 12 742 1100 -24 6 1 51 51
674 12 742 1100 -24 6 1 51 51
675 12 500 742 -24 6 1 51 51
676 12 742 609 -24 6 1 55 55
677 8 500 0 -6 -12851 1 55 0
678 8 1100 0 24 -12851 0 55 0
679 8 1100 0 24 -12851 0 60 0
680 8 500 0 -6 -12851 0 60 0
681 12 742 500 24 -6 1 51 51
682 8 1100 0 24 -12851 1 55 0
683 8 609 0 6 -12851 1 60 0
684 12 742 500 24 -6 1 55 51
685 12 742 609 -24 6 0 55 55
686 8 609 0 -6 -12851 1 60 0
687 8 609 0 6 -12851 0 55 0
688 12 742 500 24 -6 0 51 55
689 12 742 500 -24 6 0 51 55
690 8 742 0 24 -12851 1 55 0
691 8 500 0 6 -12851 1 55 0
692 8 903 0 -24 -12851 1 60 0
693 8 742 0 6 -12851 1 55 0
694 8 903 0 24 -12851 1 60 0
695 12 742 903 24 -6 0 55 55
696 8 903 0 -24 -12851 0 55 0
697 12 742 1100 -24 6 0 51 51
698 8 742 0 -24 -12851 0 60 0
699 8 903 0 6 -12851 1 55 0
700 12 609 742 24 -6 0 51 51
701 8 903 0 -6 -12851 1 60 0
702 12 500 742 -24 6 0 51 55
703 8 500 0 6 -12851 1 60 0
704 12 742 500 -24 6 0 51 51
705 12 742 1100 24 -6 0 55 51
706 12 742 1100 -24 6 0 55 51
707 12 742 1100 24 -6 0 51 55
708 12 742 903 24 -6 1 55 51
709 8 1100 0 24 -12851 1 60 0
710 12 1100 742 24 -6 1 55 51
711 8 742 0 24 -12851 0 55 0
712 12 742 1100 -24 6 1 51 55
713 8 500 0 6 -12851 1 60 0
714 12 903 742 -24 6 0 51 51
715 8 500 0 -6 -12851 0 55 0
716 12 742 500 24 -6 0 55 51
717 8 609 0 -24 -12851 0 55 0
718 8 742 0 -24 -12851 0 60 0
719 12 742 500 -24 6 0 51 55
720 8 1100 0 6 -12851 0 55 0
721 8 903 0 24 -12851 0 55 0
722 12 903 742 24 -6 0 51 51
723 12 742 500 -24 6 1 55 55
724 8 742 0 6 -12851 1 55 0
725 12 500 742 24 -6 1 51 51
726 8 1100 0 6 -12851 0 55 0
727 8 609 0 -24 -12851 0 55 0
728 8 903 0 6 -12851 1 60 0
729 12 609 742 24 -6 0 55 55
730 8 609 0 6 -12851 1 60 0
731 12 500 742 24 -6 0 55 51
732 12 742 1100 -24 6 0 51 51
733 12 1100 742 -24 6 1 51 51
734 12 500 742 24 -6 0 51 55
735 12 609 742 24 -6 0 55 55
736 12 742 903 -24 6 0 55 55
737 12 1100 742 24 -6 0 51 55
738 8 1100 0 6 -12851 0 55 0
739 8 1100 0 24 -12851 0 55 0
740 12 609 742 -24 6 0 51 55
741 12 742 609 -24 6 0 55 55
742 12 903 742 -24 6 0 51 55
743 8 742 0 6 -12851 1 60 0
744 8 500 0 6 -12851 1 55 0
745 8 500 0 -6 -12851 1 60 0
746 12 1100 742 24 -6 0 51 51
747 12 903 742 -24 6 0 55 51
748 12 500 742 24 -6 0 51 55
749 8 1100 0 -24 -12851 1 55 0
750 12 1100 742 24 -6 0 55 55
751 8 609 0 6 -12851 1 60 0
752 8 609 0 6 -12851 1 55 0
753 8 742 0 -6 -12851 1 60 0
754 8 1100 0 -24 -12851 0 60 0
755 12 1100 742 24 -6 0 51 55
756 8 903 0 6 -12851 0 55 0
757 8 609 0 6 -12851 1 55 0
758 12 903 742 -24 6 0 55 51
759 12 742 500 24 -6 1 55 51
760 8 903 0 -6 -12851 1 55 0
761 12 500 742 -24 6 0 55 55
762 8 903 0 -6 -12851 1 60 0
763 8 742 0 6 -12851 0 60 0
764 8 500 0 -6 -12851 1 60 0
765 12 742 903 24 -6 0 51 51
766 12 742 609 -24 6 0 51 55
767 8 903 0 -6 -12851 0 60 0
768 8 903 0 6 -12851 0 60 0
769 12 742 609 -24 6 0 51 55
770 12 1100 742 -24 6 0 55 55
771 8 903 0 -24 -12851 0 60 0
772 12 903 742 24 -6 0 55 55
773 12 1100 742 -24 6 0 55 55
774 12 742 903 -24 6 0 51 51
775 8 1100 0 24 -12851 0 55 0
776 8 1100 0 6 -12851 1 55 0
777 12 742 903 24 -6 1 51 51
778 12 500 742 24 -6 1 55 55
779 12 742 1100 24 -6 1 55 55
780 12 742 1100 24 -6 0 51 55
781 8 1100 0 -6 -12851 0 60 0
782 8 903 0 -24 -12851 0 60 0
783 8 742 0 6 -12851 0 60 0
784 12 742 1100 -24 6 0 51 51
785 12 609 742 -24 6 1 55 51
786 8 742 0 6 -12851 0 60 0
787 8 742 0 -24 -12851 1 60 0
788 8 500 0 -24 -12851 1 60 0
789 8 500 0 24 -12851 0 55 0
790 12 500 742 -24 6 0 51 51
791 8 500 0 6 -12851 1 60 0
792 8 609 0 24 -12851 0 60 0
793 12 500 742 -24 6 0 55 55
794 8 609 0 -6 -12851 1 55 0
795 12 742 500 24 -6 0 51 55
796 12 742 609 24 -6 0 51 55
797 8 609 0 -24 -12851 0 60 0
798 8 609 0 -6 -12851 1 60 0
799 12 609 742 -24 6 0 55 51
800 8 609 0 6 -12851 0 60 0
801 12 742 500 -24 6 1 55 55
802 8 609 0 -6 -12851 0 55 0
803 8 609 0 -24 -12851 1 60 0
804 12 500 742 -24 6 0 51 51
805 12 903 742 -24 6 0 51 55
806 8 742 0 -24 -12851 1 60 0
807 12 742 500 -24 6 0 55 55
808 8 1100 0 -24 -12851 0 60 0
809 8 903 0 -24 -12851 0 60 0
810 8 742 0 24 -12851 0 55 0
811 12 742 1100 24 -6 1 55 51
812 8 500 0 6 -12851 0 55 0
813 12 742 609 -24 6 1 51 55
814 12 742 609 24 -6 1 51 51
815 12 609 742 24 -6 0 55 55
816 8 1100 0 -24 -12851 0 55 0
817 8 742 0 -24 -12851 1 60 0
818 8 1100 0 6 -12851 1 55 0
819 12 500 742 -24 6 0 51 51
820 12 742 1100 -24 6 1 55 55
821 12 500 742 -24 6 0 55 51
822 8 903 0 -24 -12851 0 55 0
823 8 903 0 -6 -12851 0 55 0
824 12 609 742 -24 6 0 51 55
825 8 500 0 -24 -12851 0 60 0
826 12 903 742 24 -6 0 55 55
827 12 903 742 -24 6 0 55 51
828 8 500 0 24 -12851 0 55 0
829 12 1100 742 -24 6 0 55 55
830 12 1100 742 -24 6 0 51 55
831 12 609 742 -24 6 0 51 55
832 12 903 742 -24 6 0 55 55
833 8 1100 0 24 -12851 0 55 0
834 8 1100 0 24 -12851 0 55 0
835 12 742 903 -24 6 0 55 51
836 8 609 0 -6 -12851 0 60 0
837 8 609 0 -6 -12851 0 55 0
838 12 742 500 -24 6 0 51 51
839 8 742 0 6 -12851 0 55 0
840 8 500 0 -6 -12851 0 60 0
841 8 742 0 -24 -12851 0 55 0
842 12 609 742 -24 6 0 55 55
843 12 903 742 24 -6 0 55 55
844 12 742 1100 24 -6 0 55 55
845 12 903 742 -24 6 0 55 51
846 12 742 903 -24 6 0 55 55
847 8 903 0 6 -12851 0 60 0
848 8 609 0 -6 -12851 0 55 0
849 8 500 0 -6 -12851 0 60 0
850 8 1100 0 -24 -12851 0 55 0
851 12 500 742 -24 6 0 55 51
852 8 500 0 -6 -12851 0 60 0
853 8 1100 0 6 -12851 0 60 0
854 8 903 0 6 -12851 0 55 0
855 8 742 0 -24 -12851 0 55 0
856 12 742 903 24 -6 0 51 55
857 8 903 0 6 -12851 0 55 0
858 12 742 1100 -24 6 0 55 55
859 12 742 903 -24 6 0 55 51
860 8 1100 0 -24 -12851 0 55 0
861 8 1100 0 -6 -12851 0 55 0
862 8 742 0 -24 -12851 0 55 0
863 8 500 0 -6 -12851 0 60 0
864 12 742 1100 24 -6 0 51 55
865 8 500 0 6 -12851 0 60 0
866 8 1100 0 24 -12851 0 60 0
867 12 1100 742 -24 6 0 51 51
868 12 742 609 -24 6 0 51 51
869 12 742 609 24 -6 0 55 55
870 8 609 0 -6 -12851 0 60 0
871 8 609 0 -6 -12851 0 55 0
872 8 742 0 -6 -12851 0 60 0
873 12 742 1100 24 -6 0 55 51
874 8 1100 0 -6 -12851 0 55 0
875 12 742 903 24 -6 0 51 55
876 12 742 609 24 -6 0 51 55
877 8 903 0 6 -12851 0 60 0
878 8 609 0 -24 -12851 0 55 0
879 12 742 1100 24 -6 0 51 55
880 12 742 903 24 -6 0 51 55
881 8 903 0 -6 -12851 0 60 0
882 8 903 0 24 -12851 0 60 0
883 8 742 0 -24 -12851 0 55 0
884 8 500 0 -24 -12851 0 55 0
885 8 903 0 -24 -12851 0 55 0
886 12 500 742 24 -6 0 51 51
887 8 903 0 6 -12851 0 60 0
888 12 500 742 24 -6 0 51 51
889 8 1100 0 24 -12851 0 55 0
890 8 1100 0 24 -12851 0 55 0
891 8 500 0 6 -12851 0 60 0
892 8 1100 0 6 -12851 0 55 0
893 8 742 0 -24 -12851 0 60 0
894 12 742 500 24 -6 0 51 55
895 12 1100 742 -24 6 0 55 55
896 12 609 742 -24 6 0 55 55
897 8 500 0 -24 -12851 0 55 0
898 8 609 0 6 -12851 0 55 0
899 12 742 500 24 -6 0 55 55
900 8 742 0 6 -12851 0 55 0
901 12 742 609 24 -6 0 55 55
902 8 500 0 -6 -12851 0 60 0
903 8 903 0 6 -12851 0 55 0
904 8 903 0 6 -12851 0 60 0
905 8 742 0 6 -12851 0 55 0
906 12 609 742 -24 6 0 55 51
907 12 500 742 24 -6 0 51 51
908 12 609 742 24 -6 0 51 55
909 12 1100 742 -24 6 0 55 51
910 12 500 742 24 -6 0 55 51
911 12 742 609 24 -6 0 51 55
912 12 500 742 -24 6 0 51 55
913 8 609 0 24 -12851 0 60 0
914 8 609 0 -6 -12851 0 55 0
915 12 500 742 -24 6 0 51 51
916 12 742 500 -24 6 0 55 51
917 8 500 0 -6 -12851 0 60 0
918 8 500 0 24 -12851 0 60 0
919 8 609 0 24 -12851 0 55 0
920 8 500 0 -24 -12851 0 55 0
921 8 742 0 24 -12851 0 55 0
922 12 500 742 -24 6 0 51 51
923 8 500 0 6 -12851 0 60 0
924 8 742 0 -6 -12851 0 55 0
925 12 1100 742 -24 6 0 51 55
926 12 742 609 24 -6 0 55 51
927 12 742 903 24 -6 0 55 51
928 12 903 742 24 -6 0 51 55
929 12 742 903 24 -6 0 51 51
930 8 609 0 -6 -12851 0 60 0
931 12 742 609 -24 6 0 51 55
932 8 742 0 -24 -12851 0 55 0
933 12 742 609 24 -6 0 51 51
934 8 903 0 -24 -12851 0 55 0
935 8 1100 0 -6 -12851 0 55 0
936 8 903 0 -6 -12851 0 60 0
937 12 742 500 -24 6 0 51 51
938 12 500 742 -24 6 0 51 55
939 8 609 0 -24 -12851 0 55 0
940 12 742 903 -24 6 0 55 55
941 12 1100 742 -24 6 0 51 51
942 12 903 742 24 -6 0 55 51
943 8 903 0 -6 -12851 0 60 0
944 8 1100 0 6 -12851 0 60 0
945 8 1100 0 6 -12851 0 60 0
946 8 742 0 -24 -12851 0 60 0
947 12 609 742 -24 6 0 55 55
948 8 742 0 6 -12851 0 60 0
949 12 500 742 -24 6 0 55 51
950 8 500 0 -6 -12851 0 55 0
951 8 903 0 24 -12851 0 55 0
952 12 742 903 24 -6 0 51 55
953 8 742 0 -24 -12851 0 55 0
954 12 742 500 -24 6 0 55 55
955 8 609 0 6 -12851 0 60 0
956 8 500 0 24 -12851 0 60 0
957 12 609 742 24 -6 0 51 55
958 8 500 0 6 -12851 0 55 0
959 8 609 0 24 -12851 0 55 0
960 8 742 0 6 -12851 0 60 0
961 12 903 742 24 -6 0 55 51
962 8 609 0 6 -12851 0 55 0
963 8 903 0 24 -12851 0 60 0
964 12 903 742 -24 6 0 55 55
965 12 500 742 -24 6 0 51 55
966 12 742 1100 24 -6 0 51 51
967 12 742 500 -24 6 0 51 51
968 8 903 0 6 -12851 0 55 0
969 12 1100 742 -24 6 0 55 51
970 12 742 609 -24 6 0 51 51
971 8 1100 0 -6 -12851 0 55 0
972 8 1100 0 6 -12851 0 60 0
973 12 742 1100 -24 6 0 55 51
974 8 1100 0 24 -12851 0 60 0
975 8 500 0 -6 -12851 0 60 0
976 12 742 609 24 -6 0 51 51
977 12 500 742 -24 6 0 55 55
978 12 500 742 24 -6 0 55 55
979 8 500 0 24 -12851 0 55 0
980 8 609 0 6 -12851 0 60 0
981 8 500 0 -24 -12851 0 60 0
982 12 742 903 -24 6 0 51 51
983 8 742 0 24 -12851 0 60 0
984 12 742 903 -24 6 0 55 51
985 12 1100 742 -24 6 0 51 51
986 8 903 0 6 -12851 0 55 0
987 8 742 0 24 -12851 0 60 0
988 12 742 609 -24 6 0 55 55
989 8 903 0 24 -12851 0 60 0
990 12 742 903 24 -6 0 55 51
991 8 1100 0 24 -12851 0 55 0
992 8 500 0 -24 -12851 0 55 0
993 8 609 0 -24 -12851 0 55 0
994 8 1100 0 -6 -12851 0 60 0
995 8 742 0 24 -12851 0 60 0
996 8 903 0 6 -12851 0 60 0
997 8 609 0 -24 -12851 0 60 0
998 12 742 500 -24 6 0 55 55
999 12 742 1100 -24 6 0 51 51
1000 12 742 1100 -24 6 0 51 55
1001 8 1100 0 -6 -12851 0 55 0
1002 12 742 1100 -24 6 0 55 51
1003 12 742 609 -24 6 0 51 51
1004 12 742 500 -24 6 0 51 55
1005 12 500 742 -24 6 0 55 55
1006 12 742 1100 24 -6 0 51 55
1007 8 903 0 -6 -12851 0 60 0
1008 8 903 0 -24 -12851 0 55 0
1009 12 742 500 24 -6 0 55 51
1010 8 903 0 -6 -12851 0 60 0
1011 12 742 1100 24 -6 0 51 55
1012 12 609 742 -24 6 0 51 55
1013 12 609 742 -24 6 0 55 51
1014 8 742 0 6 -12851 0 55 0
1015 12 742 500 -24 6 0 51 51
1016 12 742 609 -24 6 0 51 51
1017 8 903 0 6 -12851 0 55 0
1018 8 609 0 -6 -12851 0 60 0
1019 8 609 0 6 -12851 0 55 0
1020 8 609 0 24 -12851 0 55 0
1021 8 1100 0 6 -12851 0 60 0
1022 8 1100 0 -6 -12851 0 55 0
1023 12 1100 742 24 -6 0 55 51
1024 12 742 500 -24 6 0 51 51
1025 12 500 742 24 -6 0 51 55
1026 12 1100 742 -24 6 0 51 51
1027 8 500 0 -24 -12851 0 60 0
1028 12 742 609 -24 6 0 51 51
1029 8 742 0 -6 -12851 0 60 0
1030 8 1100 0 24 -12851 0 55 0
1031 8 742 0 24 -12851 0 55 0
1032 8 500 0 -6 -12851 0 60 0
1033 12 609 742 -24 6 0 55 55
1034 8 500 0 6 -12851 0 55 0
1035 8 742 0 -24 -12851 0 60 0
1036 12 903 742 -24 6 0 51 55
1037 12 742 1100 -24 6 0 51 51
1038 12 742 1100 -24 6 0 55 51
1039 8 742 0 -24 -12851 0 60 0
1040 8 1100 0 -6 -12851 0 60 0
1041 8 1100 0 -24 -12851 0 60 0
1042 8 903 0 -24 -12851 0 55 0
1043 8 903 0 24 -12851 0 55 0
1044 8 742 0 24 -12851 0 55 0
1045 12 1100 742 -24 6 0 51 55
1046 8 1100 0 6 -12851 0 55 0
1047 8 742 0 6 -12851 0 55 0
1048 12 1100 742 24 -6 0 51 51
1049 12 500 742 24 -6 0 55 55
1050 12 742 609 -24 6 0 51 51
1051 12 609 742 24 -6 0 55 55
1052 8 609 0 -24 -12851 0 60 0
1053 12 742 500 -24 6 0 51 51
1054 8 609 0 -6 -12851 0 60 0
1055 8 903 0 -24 -12851 0 60 0
1056 12 903 742 24 -6 0 51 51
1057 8 609 0 -24 -12851 0 60 0
1058 12 1100 742 24 -6 0 51 51
1059 12 500 742 24 -6 0 55 55
1060 12 609 742 -24 6 0 51 51
1061 8 500 0 6 -12851 0 60 0
1062 12 742 609 24 -6 0 51 55
1063 12 742 609 -24 6 0 55 55
1064 12 500 742 24 -6 0 55 55
1065 12 742 609 24 -6 0 55 55
1066 8 500 0 -6 -12851 0 60 0
1067 12 903 742 -24 6 0 51 51
1068 8 500 0 6 -12851 0 60 0
1069 8 609 0 -24 -12851 0 55 0
1070 12 742 609 24 -6 0 55 51
1071 8 609 0 6 -12851 0 55 0
1072 12 742 1100 24 -6 0 55 51
1073 8 742 0 -24 -12851 0 60 0
1074 12 742 1100 24 -6 0 51 51
1075 8 742 0 -24 -12851 0 55 0
1076 8 609 0 24 -12851 0 55 0
1077 12 903 742 24 -6 0 55 51
1078 8 903 0 24 -12851 0 55 0
1079 12 742 903 24 -6 0 51 55
1080 12 742 1100 -24 6 0 55 51
1081 8 500 0 -24 -12851 0 60 0
1082 12 903 742 -24 6 0 55 55
1083 12 742 1100 -24 6 0 55 55
1084 8 1100 0 -24 -12851 0 55 0
1085 8 1100 0 -24 -12851 0 60 0
1086 12 742 1100 24 -6 0 55 55
1087 12 609 742 -24 6 0 55 51
1088 8 903 0 24 -12851 0 60 0
1089 8 609 0 -6 -12851 0 55 0
1090 8 1100 0 24 -12851 0 55 0
1091 12 742 500 -24 6 0 55 55
1092 8 500 0 -24 -12851 0 55 0
1093 8 742 0 -24 -12851 0 55 0
1094 12 609 742 24 -6 0 55 55
1095 12 1100 742 -24 6 0 51 55
1096 8 500 0 -6 -12851 0 60 0
1097 12 742 903 24 -6 0 51 55
1098 8 903 0 -24 -12851 0 60 0
1099 12 609 742 -24 6 0 55 55
1100 12 1100 742 24 -6 0 51 51
1101 8 742 0 6 -12851 0 60 0
1102 8 742 0 6 -12851 0 60 0
1103 8 1100 0 6 -12851 0 60 0
1104 12 500 742 24 -6 0 51 51
1105 12 742 609 24 -6 0 51 51
1106 8 609 0 6 -12851 0 60 0
1107 12 742 903 -24 6 0 55 51
1108 8 500 0 -6 -12851 0 60 0
1109 8 500 0 24 -12851 0 55 0
1110 8 500 0 -6 -12851 0 55 0
1111 8 742 0 -6 -12851 0 60 0
1112 12 903 742 -24 6 0 55 55
1113 8 742 0 -6 -12851 0 55 0
1114 8 903 0 -6 -12851 0 55 0
1115 8 609 0 -24 -12851 0 60 0
1116 12 500 742 -24 6 0 55 55
1117 12 742 1100 24 -6 0 55 51
1118 12 742 903 24 -6 0 55 55
1119 12 742 903 -24 6 0 51 55
1120 12 609 742 24 -6 0 55 55
1121 12 742 903 -24 6 0 51 55
1122 12 500 742 -24 6 0 51 51
1123 12 1100 742 24 -6 0 51 55
1124 8 1100 0 24 -12851 0 55 0
1125 8 609 0 -24 -12851 0 60 0
1126 12 609 742 -24 6 0 51 55
1127 12 1100 742 24 -6 0 55 55
1128 8 1100 0 6 -12851 0 60 0
1129 8 903 0 6 -12851 0 60 0
1130 8 903 0 -24 -12851 0 55 0
1131 8 742 0 -24 -12851 0 55 0
1132 8 742 0 6 -12851 0 55 0
1133 12 742 500 24 -6 0 51 55
1134 8 742 0 6 -12851 0 60 0
1135 12 500 742 24 -6 0 51 55
1136 8 1100 0 24 -12851 0 55 0
1137 12 609 742 24 -6 0 55 55
1138 8 1100 0 6 -12851 0 60 0
1139 8 903 0 -24 -12851 0 55 0
1140 8 903 0 -6 -12851 0 55 0
1141 8 609 0 6 -12851 0 60 0
1142 12 742 1100 -24 6 0 55 55
1143 8 903 0 -6 -12851 0 60 0
1144 12 742 1100 24 -6 0 55 55
1145 12 742 903 24 -6 0 55 55
1146 12 1100 742 -24 6 0 51 51
1147 12 500 742 24 -6 0 55 51
1148 8 500 0 -24 -12851 0 55 0
1149 8 609 0 -24 -12851 0 60 0
1150 8 500 0 -24 -12851 0 60 0
1151 8 609 0 -6 -12851 0 55 0
1152 12 742 609 -24 6 0 51 51
1153 8 742 0 -6 -12851 0 60 0
1154 8 1100 0 24 -12851 0 55 0
1155 12 742 500 -24 6 0 55 55
1156 12 742 1100 24 -6 0 55 51
1157 8 500 0 24 -12851 0 60 0
1158 12 500 742 24 -6 0 55 55
1159 12 903 742 24 -6 0 55 51
1160 8 903 0 -24 -12851 0 55 0
1161 12 500 742 24 -6 0 51 51
1162 12 742 1100 -24 6 0 55 51
1163 12 742 500 -24 6 0 55 55
1164 8 903 0 -24 -12851 0 60 0
1165 8 609 0 6 -12851 0 55 0
1166 12 903 742 -24 6 0 55 51
1167 12 903 742 24 -6 0 51 55
1168 12 500 742 24 -6 0 51 51
1169 12 742 903 -24 6 0 55 55
1170 12 742 903 24 -6 0 51 55
1171 12 742 500 -24 6 0 51 55
1172 12 1100 742 -24 6 0 55 51
1173 12 500 742 -24 6 0 55 51
1174 12 742 903 -24 6 0 51 51
1175 12 609 742 24 -6 0 51 55
1176 12 742 500 -24 6 0 51 51
1177 12 609 742 24 -6 0 55 51
1178 8 1100 0 24 -12851 0 55 0
1179 8 609 0 -6 -12851 0 55 0
1180 12 742 903 -24 6 0 55 55
1181 12 742 1100 24 -6 0 55 55
1182 8 500 0 -6 -12851 0 55 0
1183 8 903 0 6 -12851 0 55 0
1184 12 500 742 -24 6 0 55 55
1185 12 500 742 -24 6 0 51 51
1186 12 903 742 24 -6 0 51 51
1187 8 500 0 -24 -12851 0 55 0
1188 8 742 0 24 -12851 0 60 0
1189 8 742 0 24 -12851 0 60 0
1190 8 903 0 -6 -12851 0 60 0
1191 8 1100 0 -6 -12851 0 55 0
1192 12 500 742 24 -6 0 55 55
1193 12 609 742 -24 6 0 55 51
1194 8 500 0 24 -12851 0 60 0
1195 12 903 742 -24 6 0 51 51
1196 8 609 0 6 -12851 0 60 0
1197 8 742 0 6 -12851 0 60 0
1198 12 742 903 24 -6 0 55 55
1199 8 1100 0 -24 -12851 0 55 0
1200 8 1100 0 24 -12851 0 55 0
1201 12 742 903 24 -6 0 55 55
1202 8 1100 0 -6 -12851 0 60 0
1203 12 742 500 -24 6 0 51 51
1204 12 742 903 24 -6 0 55 55
1205 8 1100 0 -6 -12851 0 60 0
1206 12 742 500 -24 6 0 51 55
1207 8 609 0 24 -12851 0 60 0
1208 12 1100 742 -24 6 0 55 55
1209 8 903 0 24 -12851 0 55 0
1210 12 500 742 -24 6 0 51 51
1211 8 1100 0 6 -12851 0 60 0
1212 12 1100 742 24 -6 0 51 51
1213 8 903 0 6 -12851 0 60 0
1214 8 903 0 24 -12851 0 55 0
1215 12 1100 742 -24 6 0 55 55
1216 12 609 742 24 -6 0 51 51
1217 8 609 0 -24 -12851 0 55 0
1218 12 742 500 24 -6 0 55 55
1219 12 742 500 -24 6 0 55 55
1220 12 742 609 24 -6 0 51 51
1221 8 742 0 -6 -12851 0 60 0
1222 8 500 0 -24 -12851 0 55 0
1223 8 500 0 24 -12851 0 55 0
1224 12 742 903 -24 6 0 51 51
1225 12 742 609 -24 6 0 55 55
1226 8 500 0 6 -12851 0 55 0
1227 8 742 0 24 -12851 0 60 0
1228 8 609 0 24 -12851 0 55 0
1229 8 742 0 -24 -12851 0 55 0
1230 8 609 0 -6 -12851 0 60 0
1231 8 609 0 6 -12851 0 55 0
1232 8 1100 0 -24 -12851 0 55 0
1233 12 903 742 -24 6 0 55 55
1234 12 609 742 24 -6 0 55 51
1235 8 609 0 6 -12851 0 60 0
1236 12 742 1100 24 -6 0 51 55
1237 12 742 1100 24 -6 0 55 51
1238 8 609 0 -6 -12851 0 55 0
1239 8 742 0 -6 -12851 0 55 0
1240 12 1100 742 -24 6 0 55 51
1241 8 742 0 24 -12851 0 60 0
1242 12 500 742 -24 6 0 55 55
1243 12 742 903 24 -6 0 55 55
1244 8 500 0 -6 -12851 0 55 0
1245 8 742 0 24 -12851 0 60 0
1246 8 500 0 -6 -12851 0 55 0
1247 12 1100 742 24 -6 0 55 55
1248 12 742 903 24 -6 0 55 51
1249 8 903 0 6 -12851 0 55 0
1250 8 500 0 -6 -12851 0 55 0
1251 12 1100 742 -24 6 0 55 51
1252 12 742 500 -24 6 0 55 51
1253 8 1100 0 24 -12851 0 55 0
1254 12 742 1100 -24 6 0 55 55
1255 8 903 0 -24 -12851 0 55 0
1256 8 903 0 -6 -12851 0 55 0
1257 12 903 742 24 -6 0 51 55
1258 12 1100 742 -24 6 0 55 55
1259 12 742 500 24 -6 0 55 55
1260 12 742 609 24 -6 0 51 51
1261 8 1100 0 -6 -12851 0 55 0
1262 12 903 742 -24 6 0 55 51
1263 12 500 742 -24 6 0 51 51
1264 8 1100 0 6 -12851 0 60 0
1265 8 1100 0 24 -12851 0 60 0
1266 12 1100 742 -24 6 0 55 51
1267 12 742 500 -24 6 0 51 55
1268 8 903 0 -6 -12851 0 55 0
1269 8 1100 0 24 -12851 0 60 0
1270 8 903 0 6 -12851 0 55 0
1271 8 609 0 -6 -12851 0 55 0
1272 12 609 742 -24 6 0 55 51
1273 8 1100 0 6 -12851 0 55 0
1274 8 903 0 6 -12851 0 60 0
1275 12 903 742 -24 6 0 51 55
1276 12 903 742 24 -6 0 55 51
1277 8 742 0 6 -12851 0 60 0
1278 12 1100 742 24 -6 0 51 51
1279 12 742 903 24 -6 0 51 55
1280 12 609 742 24 -6 0 55 51
1281 8 500 0 -24 -12851 0 55 0
1282 8 609 0 6 -12851 0 55 0
1283 8 500 0 6 -12851 0 55 0
1284 8 609 0 -24 -12851 0 55 0
1285 12 742 609 24 -6 0 51 51
1286 8 500 0 -24 -12851 0 60 0
1287 8 742 0 -6 -12851 0 55 0
1288 12 609 742 -24 6 0 51 55
1289 12 742 1100 -24 6 0 51 55
1290 12 742 500 24 -6 0 51 51
1291 8 742 0 -24 -12851 0 60 0
1292 8 609 0 6 -12851 0 60 0
1293 8 609 0 -24 -12851 0 55 0
1294 8 500 0 6 -12851 0 60 0
1295 12 1100 742 -24 6 0 51 51
1296 12 903 742 -24 6 0 55 55
1297 8 903 0 24 -12851 0 60 0
1298 12 742 903 24 -6 0 51 55
1299 12 742 500 24 -6 0 55 55
1300 12 903 742 -24 6 0 51 51
1301 8 609 0 -6 -12851 0 60 0
1302 8 742 0 24 -12851 0 60 0
1303 12 903 742 -24 6 0 51 51
1304 8 609 0 6 -12851 0 60 0
1305 12 500 742 24 -6 0 51 51
1306 8 1100 0 -6 -12851 0 60 0
1307 8 1100 0 -6 -12851 0 60 0
1308 8 1100 0 24 -12851 0 55 0
1309 12 903 742 -24 6 0 55 51
1310 8 903 0 -24 -12851 0 60 0
1311 12 903 742 24 -6 0 51 51
1312 8 742 0 24 -12851 0 55 0
1313 12 609 742 24 -6 0 55 51
1314 8 742 0 6 -12851 0 60 0
1315 12 500 742 -24 6 0 51 51
1316 12 500 742 -24 6 0 55 51
1317 12 742 609 24 -6 0 55 51
1318 12 500 742 24 -6 0 55 55
1319 8 500 0 -6 -12851 0 55 0
1320 8 500 0 6 -12851 0 55 0
1321 12 742 903 24 -6 0 55 51
1322 12 609 742 -24 6 0 51 55
1323 12 742 609 24 -6 0 55 55
1324 8 903 0 -24 -12851 0 60 0
1325 12 500 742 24 -6 0 55 51
1326 8 742 0 6 -12851 0 55 0
1327 8 742 0 24 -12851 0 55 0
1328 12 903 742 24 -6 0 55 55
1329 12 742 903 24 -6 0 51 55
1330 12 1100 742 24 -6 0 55 55
1331 8 1100 0 24 -12851 0 55 0
1332 12 742 609 24 -6 0 55 55
1333 8 609 0 -24 -12851 0 60 0
1334 12 742 1100 24 -6 0 51 55
1335 8 500 0 -24 -12851 0 60 0
1336 12 1100 742 24 -6 0 55 55
1337 12 742 903 24 -6 0 55 51
1338 8 500 0 6 -12851 0 55 0
1339 12 609 742 -24 6 0 55 55
1340 12 500 742 -24 6 0 55 51
1341 12 742 609 24 -6 0 55 51
1342 12 742 609 24 -6 0 55 51
1343 12 903 742 24 -6 0 55 51
1344 8 500 0 24 -12851 0 60 0
1345 8 742 0 24 -12851 0 55 0
1346 8 742 0 24 -12851 0 60 0
1347 8 903 0 6 -12851 0 60 0
1348 8 609 0 24 -12851 0 55 0
1349 8 1100 0 24 -12851 0 55 0
1350 8 609 0 24 -12851 0 60 0
1351 12 1100 742 -24 6 0 55 51
1352 12 742 500 24 -6 0 51 51
1353 8 1100 0 24 -12851 0 55 0
1354 12 500 742 -24 6 0 51 55
1355 8 903 0 -6 -12851 0 60 0
1356 8 903 0 24 -12851 0 55 0
1357 8 1100 0 -6 -12851 0 60 0
1358 8 1100 0 24 -12851 0 55 0
1359 8 1100 0 6 -12851 0 60 0
1360 12 609 742 -24 6 0 55 55
1361 12 742 609 -24 6 0 55 55
1362 8 1100 0 24 -12851 0 60 0
1363 8 903 0 6 -12851 0 55 0
1364 12 742 609 24 -6 0 55 55
1365 12 742 500 24 -6 0 55 51
1366 8 903 0 -6 -12851 0 60 0
1367 12 742 903 -24 6 0 51 55
1368 8 609 0 -24 -12851 0 60 0
1369 8 903 0 6 -12851 0 55 0
1370 12 742 500 24 -6 0 55 55
1371 8 500 0 -24 -12851 0 55 0
1372 12 742 903 24 -6 0 51 51
1373 12 1100 742 -24 6 0 55 55
1374 12 742 903 24 -6 0 55 51
1375 12 609 742 -24 6 0 55 55
1376 8 742 0 -24 -12851 0 55 0
1377 12 500 742 24 -6 0 51 51
1378 12 1100 742 24 -6 0 51 55
1379 8 609 0 -6 -12851 0 55 0
1380 8 742 0 -6 -12851 0 60 0
1381 8 742 0 6 -12851 0 55 0
1382 8 500 0 24 -12851 0 60 0
1383 12 742 609 24 -6 0 55 55
1384 12 742 1100 24 -6 0 51 55
1385 12 742 500 24 -6 0 55 51
1386 8 609 0 6 -12851 0 60 0
1387 8 500 0 -6 -12851 0 60 0
1388 8 609 0 -24 -12851 0 60 0
1389 12 500 742 24 -6 0 55 51
1390 8 609 0 -24 -12851 0 60 0
1391 8 500 0 24 -12851 0 60 0
1392 12 742 1100 -24 6 0 51 55
1393 12 742 609 -24 6 0 55 55
1394 8 1100 0 -24 -12851 0 55 0
1395 8 500 0 6 -12851 0 55 0
1396 12 1100 742 24 -6 0 51 51
1397 12 742 903 24 -6 0 51 55
1398 8 742 0 -6 -12851 0 60 0
1399 8 903 0 -24 -12851 0 60 0
1400 12 1100 742 -24 6 0 51 51
1401 8 742 0 6 -12851 0 55 0
1402 12 500 742 24 -6 0 51 55
1403 12 742 500 24 -6 0 55 51
1404 12 903 742 24 -6 0 51 55
1405 12 742 609 -24 6 0 51 51
1406 8 609 0 6 -12851 0 55 0
1407 12 1100 742 -24 6 0 51 51
1408 8 742 0 6 -12851 0 60 0
1409 12 742 609 24 -6 0 55 55
1410 8 609 0 24 -12851 0 55 0
1411 8 903 0 6 -12851 0 60 0
1412 12 609 742 24 -6 0 55 55
1413 12 500 742 -24 6 0 55 55
1414 12 742 1100 -24 6 0 55 55
1415 12 742 903 24 -6 0 51 51
1416 12 500 742 -24 6 0 55 51
1417 8 1100 0 6 -12851 0 60 0
1418 12 742 1100 -24 6 0 55 55
1419 8 1100 0 24 -12851 0 60 0
1420 12 903 742 -24 6 0 51 55
1421 12 742 903 24 -6 0 55 55
1422 12 609 742 24 -6 0 55 51
1423 12 742 1100 24 -6 0 51 55
1424 8 903 0 -24 -12851 0 60 0
1425 12 742 609 24 -6 0 51 51
1426 8 500 0 24 -12851 0 60 0
1427 8 903 0 -24 -12851 0 60 0
1428 12 742 500 -24 6 0 55 55
1429 12 609 742 -24 6 0 55 51
1430 12 742 500 -24 6 0 51 51
1431 12 500 742 -24 6 0 51 55
1432 12 742 903 -24 6 0 51 51
1433 8 903 0 24 -12851 0 60 0
1434 12 609 742 -24 6 0 55 51
1435 8 500 0 -6 -12851 0 55 0
1436 8 1100 0 -24 -12851 0 55 0
1437 8 742 0 6 -12851 0 60 0
1438 12 742 903 24 -6 0 55 51
1439 12 742 903 24 -6 0 51 55
1440 12 742 500 24 -6 0 51 55
1441 8 500 0 24 -12851 0 55 0
1442 12 609 742 24 -6 0 55 51
1443 12 1100 742 -24 6 0 55 51
1444 12 500 742 24 -6 0 51 55
1445 12 742 609 24 -6 0 51 51
1446 8 500 0 24 -12851 0 60 0
1447 12 742 609 -24 6 0 55 51
1448 8 609 0 -6 -12851 0 60 0
1449 12 500 742 -24 6 0 51 55
1450 8 742 0 24 -12851 0 55 0
1451 12 609 742 -24 6 0 51 51
1452 12 742 500 24 -6 0 51 55
1453 12 609 742 -24 6 0 51 51
1454 12 742 500 -24 6 0 55 55
1455 8 1100 0 24 -12851 0 60 0
1456 12 1100 742 -24 6 0 51 51
1457 12 609 742 -24 6 0 55 55
1458 12 609 742 24 -6 0 55 51
1459 12 903 742 24 -6 0 55 55
1460 12 742 609 -24 6 0 51 55
1461 8 903 0 -6 -12851 0 60 0
1462 8 742 0 -24 -12851 0 55 0
1463 12 742 903 24 -6 0 55 51
1464 8 1100 0 -6 -12851 0 60 0
1465 12 742 903 -24 6 0 51 51
1466 8 609 0 -6 -12851 0 60 0
1467 8 903 0 -6 -12851 0 60 0
1468 12 500 742 24 -6 0 55 55
1469 8 609 0 24 -12851 0 55 0
1470 8 1100 0 6 -12851 0 55 0
1471 8 1100 0 24 -12851 0 55 0
1472 8 903 0 -6 -12851 0 60 0
1473 12 742 1100 24 -6 0 55 51
1474 8 903 0 -24 -12851 1 55 0
1475 8 500 0 -6 -12851 0 55 0
1476 12 742 903 -24 6 0 55 51
1477 8 609 0 24 -12851 0 60 0
1478 8 609 0 -24 -12851 0 60 0
1479 8 903 0 6 -12851 0 60 0
1480 8 500 0 24 -12851 0 55 0
1481 12 609 742 24 -6 0 51 55
1482 12 903 742 24 -6 0 55 55
1483 8 1100 0 6 -12851 0 55 0
1484 12 742 1100 -24 6 0 55 55
1485 8 1100 0 6 -12851 0 60 0
1486 8 500 0 6 -12851 1 55 0
1487 8 742 0 -6 -12851 0 60 0
1488 12 742 609 24 -6 0 51 55
1489 8 742 0 24 -12851 0 55 0
1490 8 609 0 -6 -12851 0 60 0
1491 12 742 609 -24 6 1 51 51
1492 8 742 0 -24 -12851 0 55 0
1493 8 903 0 -6 -12851 0 60 0
1494 12 742 609 -24 6 0 51 51
1495 12 742 1100 24 -6 0 51 51
1496 8 903 0 6 -12851 0 55 0
1497 12 742 903 24 -6 0 55 55
1498 12 500 742 -24 6 0 55 51
1499 12 903 742 -24 6 1 51 51
1500 12 903 742 24 -6 0 55 51
1501 12 1100 742 24 -6 0 51 51
1502 12 742 1100 -24 6 0 55 55
1503 12 742 1100 24 -6 0 51 55
1504 8 903 0 -6 -12851 0 60 0
1505 12 742 609 24 -6 0 51 55
1506 12 742 500 24 -6 0 55 55
1507 12 609 742 24 -6 0 55 55
1508 12 903 742 -24 6 0 51 55
1509 8 1100 0 6 -12851 0 55 0
1510 8 1100 0 -24 -12851 0 55 0
1511 8 1100 0 24 -12851 0 60 0
1512 8 903 0 6 -12851 0 60 0
1513 8 742 0 24 -12851 1 55 0
1514 12 1100 742 -24 6 0 51 51
1515 12 742 609 -24 6 1 51 55
1516 12 903 742 24 -6 1 51 55
1517 12 903 742 24 -6 0 55 55
1518 8 742 0 6 -12851 0 55 0
1519 8 742 0 6 -12851 0 55 0
1520 12 742 609 -24 6 0 51 55
1521 8 500 0 -24 -12851 0 55 0
1522 12 1100 742 24 -6 0 55 55
1523 12 609 742 24 -6 0 55 55
1524 12 742 609 24 -6 0 51 55
1525 12 742 903 24 -6 0 51 51
1526 8 500 0 -24 -12851 0 60 0
1527 8 500 0 -24 -12851 0 55 0
1528 12 742 903 24 -6 0 51 51
1529 12 742 609 24 -6 0 55 51
1530 8 609 0 -24 -12851 0 55 0
1531 8 609 0 6 -12851 1 60 0
1532 8 609 0 6 -12851 1 60 0
1533 12 500 742 -24 6 1 51 55
1534 8 903 0 -24 -12851 0 60 0
1535 12 1100 742 24 -6 1 51 51
1536 8 903 0 24 -12851 1 55 0
1537 8 742 0 24 -12851 1 60 0
1538 12 742 500 24 -6 0 55 55
1539 8 1100 0 6 -12851 0 60 0
1540 8 609 0 -6 -12851 0 60 0
1541 12 903 742 -24 6 0 51 51
1542 8 1100 0 6 -12851 0 60 0
1543 12 742 1100 -24 6 1 55 55
1544 8 903 0 24 -12851 1 55 0
1545 8 903 0 6 -12851 0 55 0
1546 8 609 0 24 -12851 1 55 0
1547 12 742 903 24 -6 0 55 55
1548 8 742 0 -24 -12851 0 60 0
1549 8 1100 0 6 -12851 0 55 0
1550 8 742 0 6 -12851 1 55 0
1551 8 609 0 -24 -12851 0 60 0
1552 8 500 0 -24 -12851 0 55 0
1553 12 903 742 -24 6 1 51 55
1554 8 500 0 6 -12851 0 60 0
1555 8 500 0 -24 -12851 0 55 0
1556 12 609 742 24 -6 0 55 55
1557 12 500 742 -24 6 1 51 55
1558 8 500 0 6 -12851 1 55 0
1559 12 742 903 -24 6 0 51 51
1560 12 742 1100 -24 6 0 51 55
1561 12 1100 742 24 -6 0 55 51
1562 12 742 903 -24 6 1 51 51
1563 8 500 0 24 -12851 0 60 0
1564 12 742 1100 -24 6 0 55 51
1565 8 742 0 -24 -12851 1 55 0
1566 8 1100 0 -6 -12851 0 60 0
1567 12 903 742 -24 6 0 55 51
1568 8 903 0 24 -12851 1 60 0
1569 8 742 0 -24 -12851 0 60 0
1570 8 1100 0 24 -12851 1 55 0
1571 8 742 0 -24 -12851 1 55 0
1572 8 1100 0 24 -12851 0 60 0
1573 12 1100 742 24 -6 1 55 55
1574 12 1100 742 24 -6 1 55 55
1575 8 609 0 6 -12851 1 60 0
1576 12 500 742 -24 6 1 55 55
1577 12 903 742 -24 6 0 55 51
1578 8 500 0 -24 -12851 1 55 0
1579 12 742 609 24 -6 0 55 55
1580 12 609 742 -24 6 0 51 51
1581 8 500 0 24 -12851 0 60 0
1582 8 609 0 -24 -12851 0 55 0
1583 12 903 742 24 -6 0 55 51
1584 12 500 742 -24 6 0 51 51
1585 12 742 1100 -24 6 0 51 51
1586 8 609 0 -6 -12851 0 55 0
1587 8 903 0 -6 -12851 0 60 0
1588 12 742 1100 -24 6 0 51 55
1589 12 742 1100 -24 6 0 51 51
1590 12 903 742 24 -6 0 51 51
1591 8 903 0 -24 -12851 0 60 0
1592 12 903 742 -24 6 1 55 55
1593 8 1100 0 24 -12851 0 55 0
1594 12 742 500 -24 6 0 51 55
1595 8 1100 0 24 -12851 0 60 0
1596 12 609 742 -24 6 0 51 51
1597 8 1100 0 -6 -12851 0 55 0
1598 8 1100 0 24 -12851 0 60 0
1599 8 903 0 24 -12851 1 60 0
1600 8 903 0 24 -12851 0 55 0
1601 8 609 0 -24 -12851 1 60 0
1602 12 742 903 -24 6 0 55 51
1603 12 742 1100 24 -6 0 55 55
1604 8 903 0 -6 -12851 0 60 0
1605 12 742 609 -24 6 0 51 55
1606 8 500 0 -6 -12851 0 55 0
1607 12 742 903 24 -6 0 51 55
1608 8 742 0 24 -12851 0 60 0
1609 12 742 1100 -24 6 1 51 51
1610 12 903 742 24 -6 0 55 55
1611 12 742 500 -24 6 0 55 55
1612 8 609 0 -6 -12851 0 55 0
1613 12 742 500 -24 6 0 51 51
1614 8 742 0 -6 -12851 0 60 0
