733 8 609 0 6 -12851 1 60 0
734 8 609 0 -6 -12851 1 60 0
735 8 742 0 -24 -12851 1 55 0
736 12 609 742 24 -6 1 51 51
737 12 1100 742 -24 6 1 55 55
738 12 742 1100 24 -6 0 55 55
739 12 742 500 24 -6 1 51 55
740 8 742 0 6 -12851 0 60 0
741 8 742 0 -24 -12851 1 60 0
742 8 1100 0 24 -12851 0 60 0
743 12 742 903 24 -6 1 55 51
744 8 903 0 -24 -12851 1 55 0
745 8 1100 0 24 -12851 0 55 0
746 8 903 0 -6 -12851 1 55 0
747 8 1100 0 -24 -12851 0 55 0
748 12 609 742 24 -6 0 55 55
749 8 903 0 -6 -12851 1 60 0
750 8 500 0 6 -12851 1 60 0
751 8 742 0 24 -12851 1 60 0
752 12 1100 742 -24 6 1 51 55
753 12 742 609 24 -6 1 51 51
754 12 742 500 -24 6 1 55 51
755 8 609 0 6 -12851 0 60 0
756 8 500 0 6 -12851 1 60 0
757 12 742 903 24 -6 1 55 51
758 12 609 742 -24 6 1 55 51
759 8 500 0 24 -12851 1 55 0
760 8 609 0 24 -12851 1 60 0
761 12 742 609 24 -6 0 55 51
762 8 609 0 -24 -12851 0 55 0
763 12 1100 742 -24 6 1 55 51
764 12 500 742 24 -6 0 51 55
765 8 609 0 24 -12851 1 55 0
766 8 609 0 -6 -12851 1 55 0
767 8 1100 0 -24 -12851 1 60 0
768 8 1100 0 24 -12851 0 60 0
769 12 742 1100 24 -6 1 51 51
770 12 903 742 24 -6 1 55 51
771 12 742 1100 -24 6 1 55 51
772 8 742 0 -6 -12851 1 55 0
773 12 742 903 -24 6 1 55 55
774 8 500 0 6 -12851 0 55 0
775 8 1100 0 24 -12851 1 55 0
776 8 609 0 -24 -12851 1 55 0
777 12 742 609 -24 6 1 55 55
778 12 500 742 -24 6 1 55 55
779 8 903 0 24 -12851 1 60 0
780 8 742 0 -24 -12851 1 60 0
781 8 742 0 6 -12851 1 55 0
782 12 609 742 24 -6 1 55 55
783 12 500 742 24 -6 0 51 51
784 8 903 0 24 -12851 0 60 0
785 12 742 903 -24 6 1 55 55
786 12 500 742 24 -6 1 55 55
787 12 609 742 -24 6 0 55 55
788 8 609 0 6 -12851 0 60 0
789 8 903 0 24 -12851 1 60 0
790 12 742 500 -24 6 1 51 55
791 12 500 742 -24 6 1 51 51
792 8 500 0 24 -12851 1 60 0
793 12 903 742 -24 6 1 51 51
794 8 500 0 -24 -12851 1 60 0
795 12 903 742 -24 6 1 55 55
796 8 903 0 6 -12851 1 60 0
797 12 742 903 24 -6 1 55 51
798 12 742 609 -24 6 1 51 51
799 8 903 0 24 -12851 0 55 0
800 8 500 0 -24 -12851 1 55 0
801 12 609 742 -24 6 1 55 51
802 12 742 500 -24 6 0 55 51
803 8 1100 0 24 -12851 1 60 0
804 12 742 500 -24 6 1 51 55
805 12 742 500 24 -6 0 51 51
806 8 1100 0 24 -12851 0 60 0
807 12 742 609 24 -6 0 55 55
808 8 609 0 -6 -12851 0 60 0
809 12 500 742 -24 6 1 51 55
810 12 609 742 -24 6 1 55 55
811 12 742 500 -24 6 1 51 55
812 8 609 0 -6 -12851 1 60 0
813 8 500 0 24 -12851 1 60 0
814 8 609 0 -6 -12851 1 55 0
815 12 500 742 -24 6 0 55 51
816 8 903 0 24 -12851 0 60 0
817 8 500 0 24 -12851 0 60 0
818 12 903 742 -24 6 1 55 55
819 8 742 0 6 -12851 0 60 0
820 8 903 0 -6 -12851 1 60 0
821 8 1100 0 -24 -12851 0 60 0
822 8 742 0 24 -12851 1 55 0
823 8 742 0 24 -12851 1 55 0
824 8 609 0 6 -12851 0 55 0
825 8 609 0 -6 -12851 0 55 0
826 8 609 0 -24 -12851 1 55 0
827 8 609 0 6 -12851 1 55 0
828 8 500 0 24 -12851 1 60 0
829 8 500 0 24 -12851 1 60 0
830 12 1100 742 24 -6 0 51 51
831 8 742 0 -6 -12851 0 55 0
832 8 903 0 24 -12851 1 55 0
833 12 742 903 -24 6 1 55 51
834 12 500 742 -24 6 1 55 51
835 8 742 0 -6 -12851 0 55 0
836 12 609 742 24 -6 1 51 55
837 12 609 742 24 -6 1 51 51
838 8 1100 0 24 -12851 1 60 0
839 8 1100 0 6 -12851 1 55 0
840 12 742 500 -24 6 0 55 55
841 12 609 742 -24 6 1 51 55
842 12 742 903 -24 6 1 55 55
843 12 609 742 -24 6 1 55 51
844 8 1100 0 24 -12851 1 60 0
845 8 903 0 -6 -12851 0 55 0
846 8 903 0 6 -12851 0 60 0
847 8 500 0 24 -12851 1 60 0
848 8 742 0 -6 -12851 0 55 0
849 12 903 742 24 -6 1 55 55
850 12 500 742 -24 6 1 55 51
851 8 500 0 -24 -12851 1 55 0
852 8 500 0 -6 -12851 1 60 0
853 8 742 0 -24 -12851 1 55 0
854 12 500 742 -24 6 1 51 51
855 8 1100 0 6 -12851 1 60 0
856 12 1100 742 24 -6 1 55 55
857 12 609 742 24 -6 1 55 51
858 12 903 742 24 -6 1 55 51
859 8 903 0 24 -12851 1 55 0
860 8 903 0 6 -12851 1 55 0
861 12 742 903 24 -6 1 51 55
862 8 609 0 -6 -12851 1 55 0
863 8 500 0 -6 -12851 0 60 0
864 8 903 0 24 -12851 1 60 0
865 12 609 742 24 -6 0 51 51
866 8 609 0 -24 -12851 0 60 0
867 12 742 500 -24 6 1 51 51
868 12 742 903 24 -6 1 51 55
869 8 1100 0 -6 -12851 0 60 0
870 8 742 0 24 -12851 0 55 0
871 8 500 0 6 -12851 0 60 0
872 8 609 0 6 -12851 0 60 0
873 12 742 1100 24 -6 1 55 55
874 8 1100 0 -6 -12851 0 55 0
875 8 742 0 6 -12851 1 60 0
876 8 742 0 6 -12851 0 60 0
877 12 609 742 -24 6 1 55 55
878 12 742 500 -24 6 1 51 51
879 8 742 0 -6 -12851 0 55 0
880 8 500 0 -24 -12851 1 55 0
881 8 609 0 -6 -12851 1 55 0
882 8 609 0 24 -12851 0 55 0
883 12 742 500 -24 6 1 55 55
884 12 742 609 -24 6 1 55 55
885 12 742 1100 24 -6 1 51 55
886 8 742 0 -6 -12851 1 60 0
887 12 1100 742 -24 6 1 51 55
888 12 500 742 24 -6 0 51 55
889 8 609 0 6 -12851 1 55 0
890 8 903 0 -24 -12851 1 55 0
891 12 609 742 24 -6 0 55 55
892 8 1100 0 24 -12851 1 60 0
893 12 742 500 -24 6 0 55 51
894 12 609 742 24 -6 0 55 51
895 12 742 1100 24 -6 1 51 51
896 8 1100 0 -24 -12851 1 55 0
897 12 742 903 24 -6 1 51 51
898 12 500 742 24 -6 1 51 51
899 8 500 0 6 -12851 0 60 0
900 8 500 0 -24 -12851 1 55 0
901 12 609 742 -24 6 1 55 55
902 12 742 903 24 -6 0 51 55
903 12 609 742 -24 6 1 55 55
904 12 742 500 24 -6 1 55 51
905 12 609 742 24 -6 1 55 51
906 12 609 742 24 -6 0 55 55
907 8 742 0 -6 -12851 0 60 0
908 8 903 0 24 -12851 0 55 0
909 12 742 500 24 -6 1 55 55
910 12 742 903 24 -6 1 51 51
911 12 742 609 -24 6 1 51 51
912 8 1100 0 -24 -12851 1 60 0
913 8 903 0 24 -12851 1 60 0
914 8 903 0 6 -12851 1 60 0
915 12 903 742 -24 6 1 51 55
916 8 903 0 -6 -12851 0 60 0
917 8 903 0 24 -12851 1 60 0
918 12 903 742 24 -6 1 51 55
919 8 609 0 24 -12851 1 60 0
920 8 500 0 -6 -12851 0 60 0
921 12 1100 742 24 -6 1 55 51
922 8 609 0 -6 -12851 0 55 0
923 8 609 0 -24 -12851 1 55 0
924 8 742 0 -24 -12851 0 60 0
925 12 903 742 -24 6 0 51 55
926 8 903 0 6 -12851 1 60 0
927 12 742 903 -24 6 0 55 55
928 8 500 0 -24 -12851 0 55 0
929 8 1100 0 -6 -12851 0 60 0
930 8 1100 0 6 -12851 1 55 0
931 8 500 0 -24 -12851 1 55 0
932 8 742 0 -24 -12851 0 55 0
933 8 1100 0 24 -12851 0 55 0
934 12 742 903 24 -6 1 55 55
935 8 742 0 24 -12851 1 55 0
936 8 742 0 24 -12851 0 55 0
937 8 742 0 -6 -12851 0 55 0
938 12 742 1100 -24 6 1 55 55
939 12 742 609 24 -6 0 55 55
940 12 742 1100 -24 6 1 55 55
941 12 609 742 -24 6 1 55 55
942 8 500 0 -24 -12851 0 55 0
943 12 903 742 -24 6 1 55 51
944 12 609 742 24 -6 0 55 51
945 8 903 0 -24 -12851 1 55 0
946 8 500 0 24 -12851 0 60 0
947 8 609 0 -24 -12851 1 55 0
948 12 903 742 24 -6 0 51 51
949 8 903 0 -24 -12851 1 60 0
950 12 742 609 -24 6 1 55 55
951 8 609 0 6 -12851 0 60 0
952 8 1100 0 6 -12851 1 60 0
953 12 742 500 24 -6 0 55 55
954 12 742 903 -24 6 1 51 51
955 12 742 903 24 -6 1 51 55
956 12 742 609 -24 6 1 55 51
957 12 742 500 -24 6 0 55 55
958 12 1100 742 -24 6 0 55 51
959 12 609 742 -24 6 1 51 51
960 12 742 500 24 -6 1 55 55
961 12 742 903 -24 6 1 51 51
962 12 742 903 -24 6 1 51 51
963 8 742 0 24 -12851 0 60 0
964 8 1100 0 -24 -12851 0 55 0
965 8 609 0 6 -12851 0 55 0
966 8 742 0 -6 -12851 0 60 0
967 12 742 609 -24 6 0 51 55
968 12 500 742 -24 6 0 51 51
969 12 500 742 -24 6 1 51 55
970 8 500 0 -6 -12851 1 60 0
971 8 1100 0 -24 -12851 1 60 0
972 8 903 0 -6 -12851 1 55 0
973 8 1100 0 6 -12851 0 60 0
974 12 903 742 24 -6 0 51 55
975 12 903 742 24 -6 1 55 55
976 8 1100 0 -6 -12851 1 60 0
977 8 742 0 -6 -12851 1 60 0
978 8 609 0 -6 -12851 1 60 0
979 12 500 742 -24 6 1 51 51
980 12 742 500 -24 6 1 55 51
981 8 742 0 6 -12851 1 60 0
982 12 742 500 24 -6 1 51 51
983 8 609 0 6 -12851 1 60 0
984 8 500 0 -24 -12851 1 60 0
985 8 742 0 -6 -12851 0 60 0
986 8 500 0 -24 -12851 0 55 0
987 8 1100 0 -6 -12851 1 55 0
988 8 1100 0 -24 -12851 1 60 0
989 8 903 0 -24 -12851 1 55 0
990 8 903 0 24 -12851 0 60 0
991 12 742 1100 -24 6 0 51 55
992 12 742 1100 24 -6 1 55 51
993 12 742 903 24 -6 1 55 55
994 8 903 0 -6 -12851 1 55 0
995 8 500 0 24 -12851 1 55 0
996 8 609 0 -24 -12851 1 60 0
997 8 609 0 24 -12851 0 60 0
998 12 742 903 24 -6 0 51 51
999 8 609 0 6 -12851 0 55 0
1000 8 500 0 -24 -12851 1 55 0
1001 8 903 0 6 -12851 0 55 0
1002 12 500 742 24 -6 0 55 55
1003 8 742 0 -24 -12851 1 60 0
1004 12 742 609 -24 6 1 51 55
1005 8 742 0 6 -12851 1 60 0
1006 12 742 609 -24 6 1 51 51
1007 8 1100 0 -24 -12851 1 55 0
1008 12 742 903 24 -6 1 55 51
1009 12 609 742 24 -6 1 55 51
1010 12 1100 742 -24 6 1 55 55
1011 8 500 0 24 -12851 1 60 0
1012 8 742 0 -24 -12851 1 55 0
1013 8 609 0 6 -12851 0 55 0
1014 12 742 903 -24 6 1 55 51
1015 8 1100 0 6 -12851 1 55 0
1016 12 742 500 -24 6 1 51 55
1017 12 609 742 24 -6 0 51 51
1018 8 609 0 24 -12851 0 60 0
1019 8 903 0 24 -12851 0 55 0
1020 12 903 742 -24 6 1 51 55
1021 12 742 1100 24 -6 1 55 55
1022 8 903 0 24 -12851 1 60 0
1023 8 500 0 -6 -12851 0 60 0
1024 8 1100 0 6 -12851 1 60 0
1025 12 742 500 -24 6 1 51 55
1026 8 609 0 -24 -12851 1 60 0
1027 8 609 0 -6 -12851 0 55 0
1028 8 609 0 -6 -12851 0 60 0
1029 12 742 1100 24 -6 0 51 51
1030 8 609 0 24 -12851 1 60 0
1031 12 903 742 -24 6 1 51 55
1032 12 742 500 -24 6 1 51 51
1033 12 742 903 24 -6 0 51 55
1034 12 742 609 24 -6 1 55 51
1035 8 500 0 24 -12851 0 60 0
1036 12 742 500 24 -6 0 51 51
1037 12 742 609 -24 6 1 55 51
1038 8 500 0 -6 -12851 0 60 0
1039 8 742 0 -6 -12851 1 55 0
1040 12 742 1100 24 -6 0 51 51
1041 8 903 0 6 -12851 0 55 0
1042 12 500 742 -24 6 1 55 51
1043 12 742 609 24 -6 1 55 55
1044 8 742 0 -24 -12851 1 60 0
1045 12 903 742 -24 6 1 55 55
1046 12 742 609 24 -6 0 51 51
1047 8 1100 0 -6 -12851 1 55 0
1048 8 1100 0 -24 -12851 0 60 0
1049 12 742 500 -24 6 1 51 55
1050 8 1100 0 24 -12851 1 60 0
1051 12 609 742 24 -6 0 51 55
1052 8 903 0 6 -12851 1 60 0
1053 8 903 0 -24 -12851 0 55 0
1054 8 500 0 24 -12851 1 55 0
1055 12 903 742 24 -6 1 55 55
1056 12 903 742 24 -6 1 51 51
1057 12 609 742 -24 6 1 55 51
1058 12 742 903 -24 6 1 51 55
1059 8 742 0 -6 -12851 1 55 0
1060 12 742 500 24 -6 1 51 51
1061 12 742 500 -24 6 0 51 51
1062 12 903 742 24 -6 1 51 55
1063 12 500 742 -24 6 1 51 55
1064 8 500 0 -6 -12851 1 55 0
1065 12 742 609 -24 6 1 55 55
1066 12 742 500 -24 6 1 55 51
1067 12 742 609 24 -6 0 51 55
1068 12 742 500 24 -6 1 51 55
1069 8 500 0 -6 -12851 0 55 0
1070 12 609 742 24 -6 0 55 55
1071 12 500 742 24 -6 1 55 51
1072 8 742 0 -24 -12851 1 60 0
1073 12 1100 742 24 -6 1 51 55
1074 12 609 742 -24 6 0 55 55
1075 12 609 742 24 -6 0 55 55
1076 12 500 742 -24 6 1 51 55
1077 8 500 0 -6 -12851 1 60 0
1078 12 500 742 -24 6 1 55 55
1079 12 1100 742 -24 6 1 55 55
1080 8 903 0 6 -12851 1 60 0
1081 12 742 500 24 -6 0 55 51
1082 12 742 903 24 -6 1 51 51
1083 8 500 0 6 -12851 0 55 0
1084 8 742 0 -24 -12851 1 60 0
1085 8 742 0 6 -12851 1 55 0
1086 12 903 742 -24 6 1 55 51
1087 12 903 742 -24 6 1 55 55
1088 8 903 0 6 -12851 0 60 0
1089 12 609 742 24 -6 0 55 55
1090 12 903 742 -24 6 1 55 51
1091 8 1100 0 24 -12851 1 60 0
1092 12 609 742 24 -6 1 55 55
1093 8 609 0 6 -12851 0 60 0
1094 8 1100 0 -6 -12851 1 60 0
1095 8 903 0 -6 -12851 0 60 0
1096 12 500 742 24 -6 1 51 55
1097 12 742 500 24 -6 1 55 51
1098 12 1100 742 -24 6 0 51 51
1099 8 609 0 -6 -12851 1 55 0
1100 8 1100 0 6 -12851 1 55 0
1101 8 609 0 -6 -12851 1 55 0
1102 12 1100 742 -24 6 1 55 51
1103 8 903 0 6 -12851 1 60 0
1104 8 903 0 6 -12851 1 55 0
1105 12 903 742 -24 6 1 51 51
1106 12 903 742 -24 6 1 51 51
1107 12 742 903 -24 6 1 51 55
1108 8 1100 0 -6 -12851 1 55 0
1109 8 500 0 -24 -12851 1 60 0
1110 12 742 1100 24 -6 0 51 55
1111 12 903 742 24 -6 1 51 51
1112 12 903 742 24 -6 1 55 55
1113 8 609 0 24 -12851 1 60 0
1114 12 903 742 -24 6 0 51 55
1115 8 742 0 -6 -12851 0 60 0
1116 12 500 742 -24 6 1 55 51
1117 12 742 1100 -24 6 1 55 51
1118 8 500 0 6 -12851 1 60 0
1119 12 742 609 -24 6 1 55 51
1120 12 609 742 -24 6 1 55 51
1121 8 609 0 -6 -12851 1 55 0
1122 8 1100 0 24 -12851 1 55 0
1123 8 742 0 24 -12851 1 60 0
1124 12 742 609 24 -6 0 51 55
1125 12 742 1100 24 -6 0 55 51
1126 8 609 0 -24 -12851 1 60 0
1127 12 742 903 -24 6 1 51 51
1128 12 742 609 24 -6 0 51 55
1129 8 1100 0 -24 -12851 1 60 0
1130 12 742 1100 -24 6 1 51 55
1131 12 609 742 -24 6 1 51 55
1132 8 500 0 -6 -12851 0 60 0
1133 8 903 0 6 -12851 1 55 0
1134 12 500 742 -24 6 1 51 55
1135 8 742 0 6 -12851 1 55 0
1136 12 903 742 24 -6 1 51 55
1137 8 903 0 -24 -12851 1 60 0
1138 8 1100 0 -24 -12851 1 55 0
1139 12 1100 742 24 -6 0 55 55
1140 8 1100 0 24 -12851 1 55 0
1141 8 903 0 24 -12851 1 55 0
1142 8 1100 0 24 -12851 1 60 0
1143 8 742 0 6 -12851 1 60 0
1144 8 903 0 -6 -12851 0 55 0
1145 8 742 0 -6 -12851 0 55 0
1146 12 500 742 -24 6 1 55 51
1147 12 1100 742 24 -6 0 51 55
1148 12 903 742 24 -6 0 55 55
1149 12 742 1100 -24 6 1 51 55
1150 8 903 0 6 -12851 1 55 0
1151 8 742 0 6 -12851 0 55 0
1152 8 500 0 -6 -12851 1 55 0
1153 12 742 609 -24 6 0 55 55
1154 8 1100 0 -6 -12851 0 60 0
1155 8 609 0 -6 -12851 0 55 0
1156 12 742 1100 24 -6 0 55 55
1157 12 742 609 -24 6 1 51 51
1158 12 742 609 24 -6 1 55 51
1159 12 1100 742 24 -6 1 51 51
1160 8 609 0 6 -12851 0 55 0
1161 8 500 0 6 -12851 0 55 0
1162 8 609 0 6 -12851 0 55 0
1163 8 500 0 -6 -12851 0 60 0
1164 12 742 609 -24 6 1 51 51
1165 12 1100 742 24 -6 1 51 55
1166 8 1100 0 6 -12851 0 60 0
1167 8 1100 0 -24 -12851 1 55 0
1168 8 609 0 -24 -12851 0 55 0
1169 8 1100 0 -24 -12851 1 60 0
1170 12 742 609 24 -6 1 51 51
1171 12 500 742 24 -6 1 51 55
1172 12 742 500 24 -6 1 55 55
1173 8 500 0 -24 -12851 1 55 0
1174 8 500 0 -6 -12851 1 60 0
1175 12 742 1100 24 -6 0 51 51
1176 12 609 742 -24 6 1 55 55
1177 12 609 742 -24 6 1 55 55
1178 12 742 1100 -24 6 1 51 51
1179 8 609 0 -6 -12851 1 60 0
1180 12 500 742 -24 6 1 55 55
1181 8 500 0 -6 -12851 1 55 0
1182 8 903 0 6 -12851 1 55 0
1183 12 742 1100 -24 6 1 55 55
1184 8 742 0 6 -12851 1 55 0
1185 8 903 0 24 -12851 1 60 0
1186 8 903 0 6 -12851 0 55 0
1187 8 742 0 6 -12851 1 55 0
1188 12 1100 742 -24 6 1 55 55
1189 8 1100 0 -24 -12851 1 60 0
1190 8 609 0 6 -12851 0 55 0
1191 8 742 0 6 -12851 0 60 0
1192 12 1100 742 24 -6 0 55 51
1193 12 742 1100 -24 6 1 51 55
1194 8 903 0 -24 -12851 1 55 0
1195 8 903 0 -24 -12851 1 60 0
1196 8 903 0 6 -12851 0 55 0
1197 12 742 903 -24 6 1 55 51
1198 12 609 742 -24 6 1 55 51
1199 8 609 0 6 -12851 1 55 0
1200 8 500 0 24 -12851 1 55 0
1201 12 742 903 24 -6 1 51 51
1202 8 609 0 24 -12851 1 60 0
1203 12 742 500 24 -6 0 51 51
1204 8 903 0 6 -12851 0 60 0
1205 12 742 609 24 -6 1 51 51
1206 12 500 742 24 -6 0 51 55
1207 12 500 742 -24 6 0 51 55
1208 8 742 0 24 -12851 0 60 0
1209 12 500 742 24 -6 0 51 51
1210 8 742 0 -24 -12851 0 55 0
1211 8 1100 0 -6 -12851 0 60 0
1212 8 742 0 24 -12851 0 55 0
1213 12 742 500 -24 6 1 55 55
1214 12 1100 742 24 -6 1 55 51
1215 12 742 1100 -24 6 1 55 55
1216 12 609 742 24 -6 0 51 51
1217 12 1100 742 24 -6 1 55 51
1218 8 500 0 -6 -12851 1 60 0
1219 8 1100 0 24 -12851 1 60 0
1220 8 500 0 -24 -12851 1 60 0
1221 12 1100 742 24 -6 1 51 55
1222 12 903 742 -24 6 1 51 55
1223 12 609 742 24 -6 0 51 51
1224 8 609 0 -24 -12851 1 60 0
1225 12 742 609 24 -6 1 51 51
1226 12 742 609 24 -6 1 51 51
1227 12 742 500 24 -6 1 55 51
1228 12 500 742 24 -6 0 55 55
1229 12 609 742 -24 6 1 55 51
1230 12 742 903 24 -6 1 55 51
1231 8 1100 0 24 -12851 0 55 0
1232 8 903 0 6 -12851 1 55 0
1233 12 742 903 -24 6 1 55 55
1234 8 903 0 6 -12851 1 60 0
1235 8 1100 0 -6 -12851 0 60 0
1236 8 500 0 -6 -12851 0 60 0
1237 12 903 742 -24 6 0 51 55
1238 8 609 0 -24 -12851 1 60 0
1239 8 742 0 6 -12851 1 60 0
1240 8 500 0 -24 -12851 1 60 0
1241 12 742 1100 -24 6 1 51 51
1242 8 609 0 24 -12851 0 55 0
1243 8 1100 0 -6 -12851 0 55 0
1244 12 742 1100 -24 6 1 51 55
1245 12 609 742 -24 6 1 55 55
1246 12 742 903 24 -6 1 51 51
1247 8 742 0 -6 -12851 0 60 0
1248 8 609 0 -6 -12851 1 55 0
1249 12 742 903 24 -6 0 51 51
1250 8 1100 0 24 -12851 1 60 0
1251 12 903 742 -24 6 0 51 51
1252 12 500 742 -24 6 1 51 51
1253 12 500 742 24 -6 1 55 55
1254 12 1100 742 24 -6 0 51 51
1255 8 500 0 -24 -12851 0 55 0
1256 12 609 742 -24 6 0 55 55
1257 8 903 0 -6 -12851 1 55 0
1258 8 742 0 -24 -12851 0 55 0
1259 8 903 0 -6 -12851 0 55 0
1260 8 500 0 6 -12851 1 55 0
1261 12 609 742 24 -6 0 51 51
1262 12 500 742 24 -6 0 51 55
1263 8 500 0 24 -12851 1 60 0
1264 12 742 1100 24 -6 0 55 51
1265 12 742 1100 24 -6 0 51 51
1266 12 742 1100 -24 6 0 55 51
1267 8 742 0 -6 -12851 0 55 0
1268 8 1100 0 6 -12851 0 60 0
1269 8 903 0 6 -12851 1 55 0
1270 8 609 0 -6 -12851 1 60 0
1271 12 500 742 -24 6 1 55 51
1272 8 1100 0 24 -12851 1 60 0
1273 8 609 0 24 -12851 1 55 0
1274 8 609 0 6 -12851 1 55 0
1275 8 500 0 -24 -12851 1 60 0
1276 8 903 0 -6 -12851 1 60 0
1277 12 742 500 -24 6 1 51 55
1278 8 742 0 24 -12851 1 60 0
1279 12 609 742 -24 6 1 51 55
1280 12 1100 742 -24 6 1 51 51
1281 8 903 0 -24 -12851 1 60 0
1282 12 742 903 -24 6 1 55 55
1283 12 742 1100 24 -6 1 51 51
1284 12 742 609 24 -6 1 55 51
1285 12 742 1100 24 -6 1 51 51
1286 8 500 0 -24 -12851 1 55 0
1287 12 903 742 -24 6 1 51 55
1288 8 742 0 -24 -12851 1 55 0
1289 12 742 500 -24 6 1 55 55
1290 8 1100 0 -24 -12851 1 60 0
1291 8 742 0 -6 -12851 0 60 0
1292 12 742 609 -24 6 0 55 51
1293 12 903 742 24 -6 1 51 55
1294 8 742 0 -24 -12851 1 60 0
1295 12 742 609 -24 6 1 55 51
1296 12 500 742 24 -6 1 51 55
1297 8 500 0 6 -12851 0 60 0
1298 12 903 742 24 -6 1 55 55
1299 12 742 609 -24 6 1 55 55
1300 12 742 1100 -24 6 1 51 55
1301 8 903 0 -24 -12851 0 55 0
1302 12 742 1100 -24 6 0 51 55
1303 8 1100 0 -24 -12851 0 60 0
1304 12 500 742 -24 6 0 55 55
1305 12 1100 742 24 -6 0 55 55
1306 12 500 742 -24 6 0 51 55
1307 12 742 903 -24 6 0 55 51
1308 8 903 0 -6 -12851 0 60 0
1309 8 609 0 -24 -12851 1 60 0
1310 12 609 742 -24 6 0 51 51
1311 8 609 0 6 -12851 0 60 0
1312 12 742 609 -24 6 0 51 51
1313 8 1100 0 24 -12851 0 55 0
1314 12 1100 742 -24 6 1 51 51
1315 12 742 1100 -24 6 0 55 55
1316 8 903 0 -24 -12851 1 55 0
1317 8 742 0 6 -12851 0 60 0
1318 8 742 0 24 -12851 0 60 0
1319 8 1100 0 -24 -12851 0 60 0
1320 8 609 0 -24 -12851 0 60 0
1321 8 500 0 24 -12851 0 55 0
1322 8 500 0 6 -12851 0 55 0
1323 8 903 0 24 -12851 0 60 0
1324 12 903 742 24 -6 0 51 55
1325 12 609 742 24 -6 0 51 55
1326 12 742 1100 24 -6 0 55 55
1327 8 903 0 -24 -12851 0 55 0
1328 12 903 742 24 -6 0 55 55
1329 12 903 742 24 -6 0 55 55
1330 8 903 0 -6 -12851 0 60 0
1331 8 609 0 -24 -12851 1 55 0
1332 8 500 0 24 -12851 1 55 0
1333 8 609 0 24 -12851 1 60 0
1334 8 609 0 -24 -12851 1 55 0
1335 8 742 0 24 -12851 1 55 0
1336 12 609 742 -24 6 1 51 51
1337 8 903 0 -24 -12851 0 60 0
1338 8 500 0 24 -12851 1 55 0
1339 12 609 742 24 -6 0 51 55
1340 8 1100 0 -6 -12851 0 55 0
1341 8 1100 0 6 -12851 0 60 0
1342 12 500 742 -24 6 0 55 51
1343 8 500 0 24 -12851 1 60 0
1344 8 742 0 -6 -12851 1 55 0
1345 8 1100 0 24 -12851 1 60 0
1346 12 903 742 24 -6 1 55 55
1347 8 742 0 24 -12851 0 60 0
1348 12 1100 742 -24 6 1 55 51
1349 8 500 0 -24 -12851 1 60 0
1350 12 742 903 24 -6 0 55 55
1351 12 742 1100 -24 6 0 55 51
1352 8 500 0 -6 -12851 0 55 0
1353 8 609 0 -24 -12851 0 55 0
1354 8 742 0 -24 -12851 0 55 0
1355 8 742 0 24 -12851 0 55 0
1356 12 742 903 24 -6 0 55 55
1357 8 609 0 24 -12851 0 60 0
1358 8 1100 0 -24 -12851 0 55 0
1359 12 1100 742 -24 6 0 55 51
1360 12 903 742 24 -6 0 55 55
1361 12 903 742 24 -6 0 55 51
1362 12 1100 742 24 -6 0 55 55
1363 8 609 0 24 -12851 0 55 0
1364 8 903 0 6 -12851 0 55 0
1365 8 500 0 6 -12851 0 60 0
1366 12 742 609 24 -6 0 51 55
1367 8 500 0 -24 -12851 0 60 0
1368 12 742 500 -24 6 0 51 55
1369 12 742 609 -24 6 0 55 55
1370 8 1100 0 24 -12851 0 55 0
1371 12 609 742 -24 6 0 55 55
1372 12 742 500 -24 6 0 55 51
1373 12 742 1100 -24 6 0 51 51
1374 8 903 0 6 -12851 0 55 0
1375 8 742 0 -24 -12851 0 60 0
1376 12 1100 742 -24 6 0 51 55
1377 8 1100 0 24 -12851 0 55 0
1378 12 742 609 -24 6 0 51 51
1379 12 742 500 -24 6 0 55 55
1380 8 903 0 6 -12851 0 55 0
1381 8 1100 0 6 -12851 0 60 0
1382 12 742 1100 -24 6 0 55 55
1383 8 1100 0 -24 -12851 0 55 0
1384 8 609 0 -24 -12851 0 60 0
1385 8 903 0 -6 -12851 0 60 0
1386 8 903 0 24 -12851 0 55 0
1387 12 742 609 24 -6 0 55 51
1388 8 500 0 -24 -12851 0 60 0
1389 8 500 0 -24 -12851 0 55 0
1390 12 903 742 -24 6 0 51 55
1391 8 903 0 -6 -12851 0 55 0
1392 8 1100 0 24 -12851 0 55 0
1393 12 742 609 -24 6 0 51 55
1394 8 742 0 6 -12851 0 55 0
1395 12 609 742 24 -6 0 55 51
1396 12 1100 742 24 -6 0 51 55
1397 12 1100 742 24 -6 0 55 55
1398 8 742 0 24 -12851 0 55 0
1399 8 500 0 6 -12851 0 55 0
1400 12 500 742 -24 6 0 51 51
1401 8 1100 0 -6 -12851 0 60 0
1402 8 742 0 -24 -12851 0 55 0
1403 8 609 0 24 -12851 0 55 0
1404 8 609 0 24 -12851 0 55 0
1405 12 742 903 -24 6 0 55 55
1406 8 742 0 -6 -12851 0 55 0
1407 12 742 500 -24 6 0 55 51
1408 12 500 742 24 -6 0 51 55
1409 8 742 0 -24 -12851 0 55 0
1410 8 609 0 -24 -12851 0 60 0
1411 12 903 742 -24 6 0 51 51
1412 12 742 1100 -24 6 0 55 55
1413 8 500 0 -24 -12851 0 55 0
1414 12 609 742 -24 6 0 51 51
1415 8 609 0 24 -12851 0 55 0
1416 8 609 0 24 -12851 0 60 0
1417 12 742 1100 -24 6 0 55 51
1418 8 903 0 -6 -12851 0 60 0
1419 8 742 0 24 -12851 0 55 0
1420 12 903 742 -24 6 0 51 55
1421 12 742 500 24 -6 0 51 55
1422 8 500 0 -6 -12851 0 60 0
1423 8 742 0 6 -12851 0 55 0
1424 8 1100 0 24 -12851 0 55 0
1425 12 1100 742 24 -6 0 51 55
1426 8 903 0 6 -12851 0 60 0
1427 8 1100 0 24 -12851 0 55 0
1428 8 1100 0 6 -12851 0 55 0
1429 12 742 1100 -24 6 0 55 55
1430 12 742 609 24 -6 0 55 55
1431 8 500 0 -6 -12851 0 60 0
1432 12 903 742 -24 6 0 51 51
1433 8 903 0 -6 -12851 0 60 0
1434 8 903 0 6 -12851 0 60 0
1435 12 742 609 -24 6 0 55 51
1436 12 742 1100 -24 6 0 55 55
1437 8 903 0 -24 -12851 0 60 0
1438 12 742 609 -24 6 0 55 55
1439 12 609 742 -24 6 0 55 55
1440 8 609 0 6 -12851 0 55 0
1441 12 609 742 -24 6 0 55 55
1442 8 742 0 6 -12851 0 55 0
1443 12 500 742 -24 6 0 51 51
1444 12 742 1100 24 -6 0 55 55
1445 8 609 0 6 -12851 0 55 0
1446 8 500 0 -6 -12851 0 55 0
1447 8 1100 0 -6 -12851 0 55 0
1448 8 903 0 -24 -12851 0 60 0
1449 8 609 0 -24 -12851 0 55 0
1450 8 500 0 6 -12851 0 60 0
1451 12 609 742 24 -6 0 55 55
1452 8 500 0 24 -12851 0 60 0
1453 8 1100 0 -6 -12851 0 55 0
1454 12 742 1100 -24 6 0 51 51
1455 12 742 500 24 -6 0 55 51
1456 12 742 500 -24 6 0 55 51
1457 8 1100 0 -24 -12851 0 55 0
1458 12 742 903 24 -6 0 55 55
1459 12 742 609 24 -6 0 55 55
1460 12 1100 742 24 -6 0 51 55
1461 8 903 0 -6 -12851 0 55 0
1462 12 500 742 24 -6 0 55 51
1463 12 742 903 24 -6 0 55 55
1464 8 742 0 24 -12851 0 60 0
1465 8 742 0 6 -12851 0 55 0
1466 12 742 609 24 -6 0 51 55
1467 12 742 500 24 -6 0 51 51
1468 12 1100 742 24 -6 0 55 55
1469 12 742 1100 24 -6 0 51 51
1470 8 500 0 -6 -12851 0 55 0
1471 8 500 0 -24 -12851 0 60 0
1472 8 903 0 6 -12851 0 55 0
1473 12 903 742 -24 6 0 51 51
1474 12 1100 742 -24 6 0 55 55
1475 8 1100 0 24 -12851 0 55 0
1476 8 1100 0 -6 -12851 0 55 0
1477 12 903 742 -24 6 0 55 55
1478 8 500 0 -24 -12851 0 60 0
1479 12 742 500 24 -6 0 55 51
1480 12 742 903 24 -6 0 55 55
1481 12 500 742 24 -6 0 55 51
1482 8 500 0 -24 -12851 0 55 0
1483 12 1100 742 24 -6 0 55 55
1484 12 609 742 24 -6 0 51 51
1485 12 903 742 24 -6 0 51 51
1486 12 1100 742 24 -6 0 55 55
1487 8 742 0 -6 -12851 0 60 0
1488 8 1100 0 6 -12851 0 60 0
1489 8 609 0 6 -12851 0 55 0
1490 12 742 609 -24 6 0 55 51
1491 8 903 0 6 -12851 0 55 0
1492 12 1100 742 -24 6 0 55 55
1493 12 903 742 -24 6 0 51 51
1494 8 742 0 -6 -12851 0 60 0
1495 12 742 609 24 -6 0 51 51
1496 8 903 0 24 -12851 0 60 0
1497 12 742 903 -24 6 0 51 51
1498 8 742 0 -6 -12851 0 60 0
1499 12 1100 742 24 -6 0 55 51
1500 12 903 742 -24 6 0 55 51
1501 12 742 500 24 -6 0 51 55
1502 12 742 1100 -24 6 0 55 55
1503 8 609 0 -6 -12851 0 60 0
1504 12 609 742 24 -6 0 51 51
1505 8 609 0 24 -12851 0 60 0
1506 8 1100 0 6 -12851 0 60 0
1507 12 500 742 24 -6 0 51 55
1508 8 1100 0 24 -12851 0 60 0
1509 12 742 1100 -24 6 0 55 51
1510 8 609 0 -6 -12851 0 60 0
1511 12 742 609 -24 6 0 55 55
1512 12 903 742 -24 6 0 55 55
1513 8 742 0 -24 -12851 0 55 0
1514 8 742 0 24 -12851 0 60 0
1515 12 742 1100 -24 6 0 55 51
1516 12 742 500 24 -6 0 51 51
1517 8 500 0 -24 -12851 0 55 0
1518 8 500 0 24 -12851 0 55 0
1519 8 742 0 6 -12851 0 60 0
1520 8 500 0 6 -12851 0 55 0
1521 12 742 500 24 -6 0 55 55
1522 8 903 0 24 -12851 0 55 0
1523 12 903 742 -24 6 0 55 51
1524 8 903 0 -24 -12851 0 55 0
1525 8 609 0 24 -12851 0 60 0
1526 8 1100 0 -24 -12851 0 55 0
1527 12 742 1100 -24 6 0 55 55
1528 12 903 742 24 -6 0 55 51
1529 12 903 742 24 -6 0 51 51
1530 8 1100 0 6 -12851 0 55 0
1531 8 903 0 -6 -12851 0 60 0
1532 12 742 1100 -24 6 0 51 55
1533 12 903 742 -24 6 0 55 51
1534 12 742 500 24 -6 0 51 51
1535 12 742 500 -24 6 0 51 51
1536 12 742 903 24 -6 0 55 55
1537 8 609 0 -6 -12851 0 60 0
1538 12 742 500 -24 6 0 51 51
1539 12 903 742 24 -6 0 55 55
1540 8 903 0 24 -12851 0 55 0
1541 8 903 0 -24 -12851 0 60 0
1542 8 500 0 -6 -12851 0 55 0
1543 8 903 0 6 -12851 0 55 0
1544 8 500 0 -6 -12851 0 55 0
1545 8 742 0 -6 -12851 0 60 0
1546 8 903 0 -24 -12851 0 60 0
1547 8 609 0 6 -12851 0 55 0
1548 12 742 1100 -24 6 0 55 55
1549 12 742 903 24 -6 0 55 51
1550 12 742 609 24 -6 0 55 55
1551 8 500 0 -24 -12851 0 60 0
1552 8 609 0 24 -12851 0 60 0
1553 12 500 742 -24 6 0 51 55
1554 8 609 0 6 -12851 0 55 0
1555 12 500 742 24 -6 0 51 51
1556 12 500 742 -24 6 0 55 51
1557 12 609 742 24 -6 0 51 51
1558 12 742 500 -24 6 0 55 55
1559 12 1100 742 -24 6 0 51 55
1560 12 742 1100 24 -6 0 51 55
1561 12 742 500 -24 6 0 55 55
1562 12 742 903 24 -6 0 51 51
1563 8 742 0 -24 -12851 0 60 0
1564 12 1100 742 24 -6 0 51 51
1565 12 742 500 24 -6 0 55 55
1566 12 1100 742 -24 6 0 55 55
1567 12 742 1100 24 -6 0 51 51
1568 8 1100 0 -6 -12851 0 60 0
1569 12 742 1100 24 -6 0 51 51
1570 8 742 0 6 -12851 0 60 0
1571 8 1100 0 6 -12851 0 60 0
1572 12 742 500 -24 6 0 55 51
1573 8 1100 0 24 -12851 0 55 0
1574 8 1100 0 6 -12851 0 60 0
1575 12 742 500 -24 6 0 55 55
1576 12 500 742 -24 6 0 55 55
1577 12 742 1100 24 -6 0 51 55
1578 8 1100 0 -24 -12851 0 55 0
1579 12 609 742 -24 6 0 55 55
1580 12 742 500 -24 6 0 55 55
1581 12 1100 742 -24 6 0 51 55
1582 8 500 0 24 -12851 0 55 0
1583 12 500 742 24 -6 0 55 55
1584 12 742 500 24 -6 0 51 55
1585 12 742 903 -24 6 0 51 55
1586 8 500 0 6 -12851 0 55 0
1587 8 500 0 -6 -12851 0 60 0
1588 12 1100 742 24 -6 0 51 51
1589 8 742 0 24 -12851 0 55 0
1590 12 742 500 24 -6 0 51 55
1591 12 500 742 -24 6 0 55 51
1592 12 742 500 -24 6 0 51 51
1593 12 742 500 -24 6 0 51 51
1594 12 742 1100 24 -6 0 51 55
1595 12 742 500 -24 6 0 55 51
1596 8 903 0 -6 -12851 0 55 0
1597 8 742 0 6 -12851 0 55 0
1598 12 742 1100 -24 6 0 51 55
1599 12 500 742 24 -6 0 55 55
1600 12 500 742 -24 6 0 55 51
1601 12 742 500 -24 6 0 51 51
1602 12 742 609 24 -6 0 55 55
1603 8 903 0 24 -12851 0 55 0
1604 12 903 742 24 -6 0 55 55
1605 12 1100 742 -24 6 0 55 55
1606 8 903 0 -6 -12851 0 55 0
1607 12 500 742 -24 6 0 55 51
1608 8 609 0 6 -12851 0 60 0
1609 12 742 500 24 -6 0 51 51
1610 8 742 0 -6 -12851 0 60 0
1611 8 1100 0 24 -12851 0 55 0
1612 12 742 609 24 -6 0 51 51
1613 12 609 742 24 -6 0 55 51
1614 8 1100 0 -6 -12851 0 60 0
1615 12 742 500 24 -6 0 51 55
1616 12 742 903 -24 6 0 51 55
1617 12 500 742 -24 6 0 55 55
1618 8 609 0 6 -12851 0 55 0
1619 8 609 0 -24 -12851 0 55 0
1620 8 609 0 -6 -12851 0 60 0
1621 8 609 0 -24 -12851 0 55 0
1622 12 742 500 24 -6 0 55 55
1623 8 609 0 24 -12851 0 60 0
1624 8 903 0 -6 -12851 0 55 0
1625 12 742 500 -24 6 0 55 55
1626 12 742 500 24 -6 0 55 51
1627 12 742 1100 24 -6 0 51 51
1628 8 500 0 24 -12851 0 60 0
1629 8 742 0 -24 -12851 0 55 0
1630 12 742 609 -24 6 0 55 51
1631 8 742 0 -24 -12851 0 55 0
1632 8 500 0 -6 -12851 0 55 0
1633 8 609 0 -6 -12851 0 55 0
1634 12 500 742 -24 6 0 55 51
1635 12 1100 742 24 -6 0 55 51
1636 8 500 0 -24 -12851 0 60 0
1637 12 609 742 -24 6 0 51 55
1638 8 1100 0 24 -12851 0 60 0
1639 8 1100 0 24 -12851 0 55 0
1640 12 609 742 24 -6 0 51 51
1641 12 609 742 -24 6 0 55 51
1642 8 903 0 -24 -12851 0 60 0
1643 12 742 1100 -24 6 0 55 51
1644 8 903 0 -6 -12851 0 55 0
1645 12 609 742 24 -6 0 55 55
1646 8 742 0 -6 -12851 0 60 0
1647 8 1100 0 6 -12851 0 55 0
1648 12 742 609 -24 6 0 51 55
1649 8 742 0 24 -12851 0 60 0
1650 8 742 0 -24 -12851 0 60 0
1651 12 742 500 24 -6 0 51 55
1652 8 742 0 6 -12851 0 60 0
1653 12 500 742 24 -6 0 51 51
1654 8 903 0 -6 -12851 0 55 0
1655 8 609 0 -24 -12851 0 60 0
1656 12 609 742 24 -6 0 51 51
1657 8 500 0 24 -12851 0 55 0
1658 12 903 742 24 -6 0 55 55
1659 8 500 0 -6 -12851 0 55 0
1660 8 903 0 -6 -12851 0 60 0
1661 8 609 0 6 -12851 0 60 0
1662 12 1100 742 -24 6 0 51 55
1663 8 903 0 24 -12851 0 55 0
1664 8 1100 0 -6 -12851 0 60 0
1665 8 609 0 -6 -12851 0 55 0
1666 8 1100 0 -24 -12851 0 55 0
1667 12 742 609 -24 6 0 55 51
1668 12 742 1100 24 -6 0 55 55
1669 12 903 742 -24 6 0 55 55
1670 12 1100 742 24 -6 0 55 51
1671 12 903 742 -24 6 0 51 51
1672 8 742 0 6 -12851 0 60 0
1673 8 1100 0 6 -12851 0 55 0
1674 8 500 0 -24 -12851 0 55 0
1675 8 609 0 -6 -12851 0 55 0
1676 12 742 1100 24 -6 0 55 51
1677 12 609 742 -24 6 0 51 51
1678 8 609 0 24 -12851 0 60 0
1679 12 500 742 24 -6 0 55 55
1680 12 609 742 -24 6 0 51 51
1681 12 500 742 24 -6 0 51 55
1682 8 609 0 6 -12851 0 60 0
1683 12 903 742 24 -6 0 55 51
1684 8 609 0 -24 -12851 0 60 0
1685 12 1100 742 -24 6 0 55 55
1686 8 903 0 -24 -12851 0 55 0
1687 8 903 0 -24 -12851 0 55 0
1688 8 903 0 24 -12851 0 55 0
1689 8 742 0 24 -12851 0 60 0
1690 12 742 609 24 -6 0 55 55
1691 12 742 903 -24 6 0 51 51
1692 12 742 500 24 -6 0 51 55
1693 8 742 0 24 -12851 0 55 0
1694 8 1100 0 6 -12851 0 60 0
1695 8 1100 0 -24 -12851 0 55 0
1696 12 500 742 -24 6 0 51 51
1697 12 742 1100 -24 6 0 55 51
1698 12 1100 742 24 -6 0 51 55
1699 8 500 0 -24 -12851 0 55 0
1700 12 742 609 24 -6 0 51 51
1701 12 1100 742 -24 6 0 55 51
1702 8 742 0 24 -12851 0 55 0
1703 8 1100 0 -6 -12851 0 55 0
1704 8 500 0 6 -12851 0 55 0
1705 12 742 609 24 -6 0 51 51
1706 12 1100 742 24 -6 0 51 51
1707 12 500 742 24 -6 0 51 51
1708 8 500 0 24 -12851 0 60 0
1709 12 500 742 24 -6 0 55 55
1710 12 742 500 -24 6 0 55 55
1711 12 609 742 24 -6 0 51 55
1712 8 500 0 24 -12851 0 60 0
1713 8 500 0 24 -12851 0 55 0
1714 8 903 0 24 -12851 0 60 0
1715 8 500 0 -24 -12851 0 60 0
1716 8 1100 0 6 -12851 0 55 0
1717 12 742 1100 24 -6 0 55 55
1718 12 500 742 -24 6 0 55 51
1719 8 609 0 -24 -12851 0 60 0
1720 12 742 609 -24 6 0 51 51
1721 12 1100 742 -24 6 0 51 55
1722 8 500 0 -24 -12851 0 55 0
1723 8 1100 0 -6 -12851 0 60 0
1724 12 609 742 24 -6 0 55 55
1725 8 609 0 24 -12851 0 60 0
1726 8 903 0 -24 -12851 0 60 0
1727 12 903 742 24 -6 0 55 51
1728 12 1100 742 -24 6 0 51 51
1729 12 742 500 -24 6 0 55 55
1730 8 903 0 -6 -12851 0 55 0
1731 8 1100 0 6 -12851 0 55 0
1732 8 609 0 -24 -12851 0 55 0
1733 12 903 742 -24 6 0 55 55
1734 8 742 0 -6 -12851 0 55 0
1735 8 742 0 24 -12851 0 60 0
1736 12 500 742 -24 6 0 51 55
1737 12 742 1100 -24 6 0 51 51
1738 12 742 500 -24 6 0 55 55
1739 8 742 0 24 -12851 0 60 0
1740 12 500 742 24 -6 0 55 55
1741 8 500 0 -24 -12851 0 60 0
1742 8 500 0 6 -12851 0 55 0
1743 8 903 0 24 -12851 0 60 0
1744 8 1100 0 -6 -12851 0 60 0
1745 12 609 742 -24 6 0 51 51
1746 8 742 0 -6 -12851 0 60 0
1747 12 903 742 -24 6 0 51 55
1748 12 1100 742 24 -6 0 55 51
1749 12 500 742 24 -6 0 55 55
1750 8 903 0 6 -12851 0 55 0
1751 8 500 0 -24 -12851 0 60 0
1752 8 903 0 6 -12851 0 55 0
1753 12 500 742 24 -6 0 51 51
1754 12 500 742 -24 6 0 55 55
1755 8 1100 0 -6 -12851 0 55 0
1756 8 742 0 -6 -12851 0 55 0
1757 8 1100 0 -6 -12851 0 60 0
1758 8 742 0 6 -12851 0 55 0
1759 8 500 0 6 -12851 0 60 0
1760 8 609 0 -6 -12851 0 55 0
1761 8 609 0 -6 -12851 0 55 0
1762 8 609 0 -6 -12851 0 60 0
1763 12 500 742 -24 6 0 55 55
1764 8 609 0 -24 -12851 0 55 0
1765 12 742 1100 24 -6 0 55 51
1766 8 609 0 -24 -12851 0 60 0
1767 12 742 903 -24 6 0 51 51
1768 8 609 0 -6 -12851 0 60 0
1769 8 609 0 -24 -12851 0 60 0
1770 8 1100 0 24 -12851 0 55 0
1771 12 500 742 -24 6 0 55 51
1772 12 609 742 -24 6 0 51 55
1773 8 500 0 -6 -12851 0 60 0
1774 8 500 0 24 -12851 0 55 0
1775 12 742 500 -24 6 0 51 51
1776 8 742 0 -24 -12851 0 55 0
1777 12 500 742 -24 6 0 51 51
1778 8 903 0 -6 -12851 0 55 0
1779 8 742 0 -6 -12851 0 60 0
1780 12 742 500 -24 6 0 55 51
1781 8 1100 0 -24 -12851 0 55 0
1782 12 742 500 -24 6 0 55 55
1783 8 903 0 24 -12851 0 55 0
1784 12 609 742 24 -6 0 51 55
1785 12 903 742 24 -6 0 51 51
1786 12 742 500 -24 6 0 55 55
1787 12 742 500 -24 6 0 55 55
1788 12 742 609 -24 6 0 51 55
1789 12 742 903 24 -6 0 51 55
1790 12 609 742 24 -6 0 51 55
1791 12 742 903 -24 6 0 55 55
1792 8 500 0 -6 -12851 0 60 0
1793 8 1100 0 -6 -12851 0 55 0
1794 8 742 0 -24 -12851 0 55 0
1795 12 742 1100 -24 6 0 55 55
1796 12 609 742 24 -6 0 51 51
1797 12 742 500 24 -6 0 51 51
1798 12 742 500 -24 6 0 55 55
1799 12 609 742 -24 6 0 51 51
1800 12 903 742 -24 6 0 55 55
1801 8 903 0 24 -12851 0 55 0
1802 12 742 903 24 -6 0 55 55
1803 12 742 903 24 -6 0 55 51
1804 8 742 0 -24 -12851 0 55 0
1805 12 742 500 -24 6 0 51 55
