1 8 742 0 6 -12851 0 55 0
2 8 500 0 -6 -12851 0 55 0
3 12 500 742 -24 6 0 55 55
4 12 742 903 -24 6 1 55 51
5 12 903 742 -24 6 1 51 55
6 8 500 0 -24 -12851 0 55 0
7 12 1100 742 24 -6 0 55 55
8 8 1100 0 6 -12851 0 55 0
9 12 903 742 -24 6 0 55 55
10 12 742 903 -24 6 0 51 55
11 12 742 1100 24 -6 0 51 55
12 8 609 0 24 -12851 1 55 0
13 12 500 742 -24 6 1 55 51
14 12 742 903 -24 6 1 51 51
15 8 742 0 -6 -12851 1 55 0
16 12 742 903 24 -6 0 55 55
17 12 500 742 24 -6 1 55 55
18 8 903 0 6 -12851 1 55 0
19 12 1100 742 -24 6 0 51 55
20 8 500 0 -6 -12851 1 55 0
21 8 1100 0 -6 -12851 0 55 0
22 12 742 1100 -24 6 1 51 51
23 8 500 0 24 -12851 1 55 0
24 12 609 742 -24 6 1 51 51
25 12 742 609 24 -6 0 51 51
26 12 903 742 -24 6 1 55 51
27 8 1100 0 -24 -12851 1 55 0
28 8 903 0 -6 -12851 1 55 0
29 12 903 742 24 -6 0 55 55
30 8 903 0 -24 -12851 1 55 0
31 8 742 0 24 -12851 1 55 0
32 12 1100 742 24 -6 1 51 55
33 8 609 0 24 -12851 1 55 0
34 8 609 0 -6 -12851 1 55 0
35 12 742 1100 -24 6 1 55 55
36 12 742 609 -24 6 0 55 51
37 12 742 609 -24 6 0 55 55
38 12 742 500 -24 6 0 51 55
39 8 742 0 6 -12851 1 55 0
40 8 903 0 -6 -12851 0 55 0
41 8 903 0 6 -12851 0 55 0
42 12 903 742 -24 6 0 51 51
43 8 1100 0 6 -12851 0 55 0
44 8 1100 0 24 -12851 0 55 0
45 12 742 609 24 -6 1 51 55
46 12 1100 742 -24 6 0 55 51
47 12 742 1100 24 -6 0 51 55
48 8 903 0 -6 -12851 0 55 0
49 12 903 742 24 -6 0 55 55
50 8 1100 0 -24 -12851 0 55 0
51 12 742 609 24 -6 0 55 55
52 8 609 0 24 -12851 0 55 0
53 8 903 0 -6 -12851 0 55 0
54 8 500 0 -6 -12851 0 55 0
55 8 500 0 24 -12851 1 55 0
56 12 742 609 24 -6 0 51 51
57 8 500 0 -6 -12851 1 55 0
58 12 742 903 -24 6 0 55 55
59 8 609 0 -6 -12851 1 55 0
60 8 742 0 6 -12851 0 55 0
61 12 742 609 -24 6 0 51 51
62 12 742 1100 -24 6 0 55 51
63 8 742 0 -24 -12851 0 55 0
64 12 609 742 24 -6 0 55 51
65 8 742 0 -24 -12851 0 55 0
66 12 609 742 24 -6 0 51 55
67 12 500 742 -24 6 0 55 51
68 12 903 742 24 -6 0 51 55
69 8 609 0 -24 -12851 0 55 0
70 12 609 742 24 -6 0 55 51
71 8 609 0 6 -12851 1 55 0
72 8 609 0 -6 -12851 1 55 0
73 8 609 0 24 -12851 1 55 0
74 8 609 0 24 -12851 1 55 0
75 12 609 742 -24 6 0 55 51
76 8 903 0 6 -12851 1 55 0
77 12 742 903 -24 6 1 51 55
78 12 609 742 -24 6 0 55 51
79 8 1100 0 -24 -12851 0 55 0
80 8 500 0 24 -12851 1 55 0
81 8 1100 0 6 -12851 0 55 0
82 12 500 742 24 -6 0 55 55
83 8 500 0 -6 -12851 0 55 0
84 12 500 742 24 -6 0 51 51
85 8 903 0 24 -12851 0 55 0
86 12 609 742 24 -6 0 55 51
87 12 742 500 -24 6 1 55 51
88 8 903 0 6 -12851 1 55 0
89 12 742 903 -24 6 1 55 55
90 12 1100 742 -24 6 1 51 55
91 8 742 0 -24 -12851 1 55 0
92 12 1100 742 -24 6 1 51 51
93 8 500 0 24 -12851 1 55 0
94 8 1100 0 -24 -12851 1 55 0
95 8 742 0 -6 -12851 0 55 0
96 12 742 903 -24 6 1 51 51
97 12 1100 742 -24 6 1 55 51
98 8 742 0 -6 -12851 1 55 0
99 8 1100 0 -24 -12851 0 55 0
100 8 1100 0 24 -12851 0 55 0
101 12 1100 742 24 -6 1 55 55
102 8 903 0 -6 -12851 1 55 0
103 12 742 903 24 -6 1 55 51
104 8 1100 0 6 -12851 1 55 0
105 12 742 1100 -24 6 0 51 51
106 8 1100 0 -6 -12851 1 55 0
107 12 500 742 -24 6 0 51 51
108 12 609 742 -24 6 0 55 51
109 8 609 0 -6 -12851 1 55 0
110 8 500 0 -24 -12851 1 55 0
111 12 903 742 -24 6 1 55 51
112 8 500 0 -24 -12851 1 55 0
113 8 500 0 6 -12851 1 55 0
114 8 609 0 24 -12851 1 55 0
115 12 742 609 24 -6 1 51 51
116 8 742 0 6 -12851 1 55 0
117 12 903 742 24 -6 1 51 55
118 8 609 0 -24 -12851 1 55 0
119 8 903 0 6 -12851 1 55 0
120 8 903 0 24 -12851 1 55 0
121 8 742 0 -6 -12851 1 55 0
122 12 742 609 24 -6 1 51 55
123 12 742 500 24 -6 1 55 51
124 8 742 0 -24 -12851 0 55 0
125 8 500 0 6 -12851 1 55 0
126 12 742 609 -24 6 1 51 51
127 12 1100 742 -24 6 0 51 51
128 12 742 609 -24 6 1 55 51
129 12 903 742 24 -6 1 55 51
130 12 742 903 24 -6 1 55 51
131 8 500 0 -6 -12851 1 55 0
132 12 1100 742 24 -6 1 51 55
133 8 609 0 -6 -12851 1 55 0
134 12 742 609 -24 6 1 51 51
135 8 500 0 6 -12851 1 55 0
136 12 742 903 24 -6 1 51 55
137 8 1100 0 -6 -12851 0 55 0
138 12 742 500 -24 6 1 55 55
139 8 903 0 6 -12851 1 55 0
140 8 903 0 6 -12851 1 55 0
141 8 1100 0 24 -12851 1 55 0
142 12 742 500 -24 6 1 51 55
143 8 903 0 -24 -12851 0 55 0
144 8 609 0 -24 -12851 0 55 0
145 12 742 609 -24 6 1 55 51
146 12 1100 742 -24 6 0 55 51
147 8 742 0 6 -12851 0 55 0
148 8 609 0 -6 -12851 1 55 0
149 12 742 1100 24 -6 0 51 51
150 8 1100 0 -24 -12851 1 55 0
151 8 742 0 24 -12851 1 55 0
152 12 742 903 24 -6 1 55 51
153 12 1100 742 -24 6 1 51 55
154 12 742 500 24 -6 1 55 51
155 8 742 0 -6 -12851 1 55 0
156 12 742 903 -24 6 1 55 51
157 12 742 903 24 -6 1 51 55
158 8 500 0 24 -12851 1 55 0
159 8 903 0 -6 -12851 1 55 0
160 12 742 609 24 -6 0 51 51
161 12 1100 742 24 -6 0 55 55
162 8 903 0 -24 -12851 0 55 0
163 8 1100 0 6 -12851 0 55 0
164 8 500 0 6 -12851 0 55 0
165 12 500 742 -24 6 0 51 55
166 8 500 0 -24 -12851 0 55 0
167 12 742 609 24 -6 1 55 55
168 12 742 609 24 -6 0 51 55
169 8 1100 0 24 -12851 1 55 0
170 8 500 0 24 -12851 1 55 0
171 8 609 0 6 -12851 1 55 0
172 12 742 1100 24 -6 1 55 55
173 12 742 500 -24 6 1 55 51
174 8 609 0 -6 -12851 1 55 0
175 8 742 0 -6 -12851 1 55 0
176 12 742 609 -24 6 0 51 51
177 12 1100 742 24 -6 1 51 51
178 8 1100 0 6 -12851 0 55 0
179 8 742 0 24 -12851 1 55 0
180 12 742 1100 -24 6 0 51 51
181 12 742 500 -24 6 1 51 51
182 12 903 742 24 -6 0 55 55
183 8 903 0 24 -12851 0 55 0
184 12 1100 742 24 -6 0 55 51
185 8 742 0 24 -12851 0 55 0
186 12 609 742 24 -6 0 55 55
187 12 742 500 -24 6 0 55 51
188 12 903 742 24 -6 0 55 55
189 12 609 742 24 -6 0 55 51
190 12 742 500 24 -6 0 55 55
191 12 742 1100 -24 6 0 51 55
192 12 903 742 24 -6 0 51 51
193 8 903 0 6 -12851 1 55 0
194 12 742 500 24 -6 1 55 55
195 8 609 0 -24 -12851 1 55 0
196 12 742 609 24 -6 0 55 55
197 8 1100 0 24 -12851 0 55 0
198 12 742 1100 24 -6 0 51 55
199 8 1100 0 -24 -12851 0 55 0
200 8 1100 0 -24 -12851 0 55 0
201 8 1100 0 24 -12851 0 55 0
202 12 742 500 -24 6 0 51 51
203 12 1100 742 24 -6 0 51 55
204 12 742 903 24 -6 0 55 51
205 8 742 0 -24 -12851 0 55 0
206 8 903 0 24 -12851 0 55 0
207 8 742 0 6 -12851 0 55 0
208 12 742 1100 -24 6 0 51 55
209 12 742 903 -24 6 0 55 51
210 12 500 742 24 -6 0 55 51
211 12 742 609 24 -6 0 55 55
212 8 742 0 6 -12851 0 55 0
213 8 609 0 6 -12851 0 55 0
214 8 903 0 -6 -12851 0 55 0
215 8 903 0 -6 -12851 0 55 0
216 8 609 0 24 -12851 0 55 0
217 12 742 500 -24 6 0 51 51
218 8 500 0 6 -12851 0 55 0
219 12 742 609 -24 6 0 55 55
220 12 1100 742 -24 6 0 51 51
221 8 609 0 6 -12851 0 55 0
222 12 742 609 -24 6 0 51 55
223 8 500 0 -24 -12851 0 55 0
224 12 742 1100 24 -6 0 55 51
225 8 500 0 6 -12851 0 55 0
226 8 1100 0 6 -12851 0 55 0
227 12 742 609 24 -6 0 51 51
228 12 742 1100 24 -6 0 55 51
229 12 500 742 -24 6 0 51 51
230 8 1100 0 -24 -12851 0 55 0
231 12 609 742 24 -6 0 51 55
232 8 903 0 -6 -12851 0 55 0
233 8 1100 0 6 -12851 0 55 0
234 12 1100 742 24 -6 0 55 51
235 12 903 742 24 -6 0 55 55
236 12 609 742 24 -6 0 51 51
237 8 1100 0 -6 -12851 1 55 0
238 12 742 903 24 -6 0 55 55
239 12 742 1100 -24 6 0 55 51
240 8 609 0 -6 -12851 1 55 0
241 12 903 742 24 -6 0 51 51
242 8 500 0 24 -12851 0 55 0
243 12 742 609 24 -6 0 51 51
244 8 500 0 -6 -12851 1 55 0
245 12 742 903 24 -6 0 55 55
246 12 609 742 24 -6 0 51 55
247 12 742 903 24 -6 0 51 51
248 12 609 742 -24 6 0 55 55
249 12 903 742 -24 6 0 55 51
250 12 1100 742 -24 6 0 51 55
251 8 500 0 -6 -12851 1 55 0
252 8 609 0 6 -12851 1 55 0
253 8 742 0 6 -12851 1 55 0
254 8 609 0 -24 -12851 0 55 0
255 12 500 742 -24 6 0 55 51
256 12 742 609 -24 6 0 55 51
257 12 742 500 24 -6 0 55 55
258 8 903 0 24 -12851 0 55 0
259 8 903 0 6 -12851 1 55 0
260 12 1100 742 -24 6 0 55 51
261 12 742 500 24 -6 0 55 51
262 12 742 500 24 -6 0 51 51
263 12 500 742 24 -6 0 51 51
264 12 742 609 24 -6 0 55 55
265 8 742 0 -24 -12851 0 55 0
266 12 1100 742 -24 6 0 51 55
267 12 742 903 24 -6 0 55 51
268 12 500 742 24 -6 0 51 51
269 12 742 903 -24 6 0 51 51
270 12 903 742 24 -6 0 55 55
271 12 742 1100 -24 6 0 55 55
272 8 742 0 -24 -12851 0 55 0
273 12 1100 742 -24 6 0 55 51
274 8 1100 0 6 -12851 1 55 0
275 8 1100 0 -6 -12851 1 55 0
276 8 500 0 -6 -12851 0 55 0
277 8 903 0 6 -12851 0 55 0
278 8 742 0 6 -12851 0 55 0
279 12 742 500 24 -6 1 55 51
280 8 742 0 24 -12851 0 55 0
281 12 742 609 -24 6 0 51 55
282 8 1100 0 -6 -12851 0 55 0
283 8 500 0 -6 -12851 0 55 0
284 8 1100 0 24 -12851 0 55 0
285 8 742 0 -6 -12851 0 55 0
286 8 609 0 6 -12851 0 55 0
287 12 742 500 -24 6 0 51 51
288 12 742 500 -24 6 0 55 51
289 8 903 0 -6 -12851 0 55 0
290 12 1100 742 -24 6 0 51 51
291 12 742 903 -24 6 0 55 55
292 12 742 903 24 -6 0 55 55
293 8 500 0 24 -12851 0 55 0
294 12 1100 742 24 -6 0 51 55
295 8 903 0 -6 -12851 0 55 0
296 12 742 903 24 -6 0 55 55
297 8 609 0 24 -12851 0 55 0
298 8 609 0 -6 -12851 0 55 0
299 8 609 0 -6 -12851 0 55 0
300 8 609 0 -24 -12851 0 55 0
301 8 1100 0 -6 -12851 0 55 0
302 8 903 0 6 -12851 0 55 0
303 12 500 742 24 -6 0 55 51
304 8 609 0 6 -12851 0 55 0
305 12 742 500 -24 6 0 55 51
306 12 742 1100 24 -6 0 51 55
307 12 742 1100 -24 6 0 55 55
308 12 1100 742 24 -6 0 51 51
309 8 903 0 -24 -12851 0 55 0
310 8 742 0 24 -12851 0 55 0
311 12 742 609 -24 6 0 51 55
312 8 742 0 6 -12851 0 55 0
313 12 500 742 24 -6 0 51 51
314 12 742 903 -24 6 0 55 51
315 8 742 0 6 -12851 0 55 0
316 8 1100 0 -6 -12851 0 55 0
317 8 1100 0 6 -12851 0 55 0
318 8 609 0 24 -12851 0 55 0
319 8 500 0 -6 -12851 0 55 0
320 8 903 0 6 -12851 0 55 0
321 8 500 0 24 -12851 0 55 0
322 8 500 0 -24 -12851 0 55 0
323 8 500 0 24 -12851 0 55 0
324 12 609 742 24 -6 0 51 51
325 12 742 1100 -24 6 0 55 55
326 8 500 0 -24 -12851 0 55 0
327 8 1100 0 24 -12851 0 55 0
328 12 742 903 -24 6 0 51 55
329 8 903 0 -24 -12851 0 55 0
330 12 742 609 24 -6 0 55 55
331 8 742 0 24 -12851 0 55 0
332 12 742 1100 -24 6 0 55 51
333 8 1100 0 -24 -12851 0 55 0
334 12 742 1100 -24 6 0 51 51
335 12 742 609 -24 6 0 55 51
336 12 500 742 24 -6 0 51 51
337 12 609 742 -24 6 0 51 55
338 8 903 0 -6 -12851 0 55 0
339 12 742 903 -24 6 0 55 51
340 12 742 609 24 -6 0 51 51
341 12 903 742 24 -6 0 51 51
342 12 742 500 -24 6 0 51 55
343 12 1100 742 24 -6 0 55 55
344 8 609 0 -6 -12851 0 55 0
345 12 500 742 -24 6 0 55 55
346 8 609 0 6 -12851 0 55 0
347 8 1100 0 -24 -12851 0 55 0
348 8 609 0 6 -12851 0 55 0
349 8 500 0 -24 -12851 0 55 0
350 12 742 1100 -24 6 0 55 55
351 8 500 0 -24 -12851 0 55 0
352 8 742 0 24 -12851 0 55 0
353 12 742 1100 24 -6 0 51 55
354 8 903 0 -24 -12851 0 55 0
355 8 742 0 24 -12851 0 55 0
356 8 742 0 24 -12851 0 55 0
357 8 742 0 -24 -12851 0 55 0
358 12 742 609 24 -6 0 51 55
359 8 1100 0 24 -12851 0 55 0
360 8 903 0 -24 -12851 0 55 0
361 12 500 742 -24 6 0 55 55
362 12 1100 742 -24 6 0 51 55
363 12 500 742 24 -6 0 55 55
364 8 903 0 -6 -12851 0 55 0
365 12 742 1100 -24 6 0 51 51
366 12 609 742 24 -6 0 55 55
367 12 742 609 -24 6 0 51 55
368 12 742 609 -24 6 0 55 51
369 8 1100 0 24 -12851 0 55 0
370 12 1100 742 24 -6 0 55 51
371 12 500 742 24 -6 0 55 51
372 12 742 609 24 -6 0 51 51
373 8 742 0 6 -12851 0 55 0
374 8 1100 0 24 -12851 0 55 0
375 12 500 742 24 -6 0 55 51
376 12 742 903 -24 6 0 51 51
377 8 609 0 -6 -12851 0 55 0
378 12 742 500 -24 6 0 51 51
379 12 500 742 24 -6 0 55 55
380 12 500 742 -24 6 0 51 55
381 12 903 742 24 -6 0 55 55
382 12 1100 742 -24 6 0 55 55
383 12 609 742 -24 6 0 55 51
384 8 742 0 -24 -12851 0 55 0
385 8 903 0 6 -12851 0 55 0
386 8 500 0 -24 -12851 0 55 0
387 8 609 0 -6 -12851 0 55 0
388 12 742 1100 24 -6 0 51 55
389 8 500 0 6 -12851 0 55 0
390 8 500 0 -24 -12851 0 55 0
391 12 500 742 -24 6 0 55 51
392 8 609 0 -6 -12851 0 55 0
393 12 742 903 24 -6 0 55 51
394 12 500 742 -24 6 0 55 55
395 12 1100 742 -24 6 0 55 55
396 12 500 742 -24 6 0 51 51
397 8 609 0 -24 -12851 0 55 0
398 12 500 742 24 -6 0 55 51
399 12 742 1100 -24 6 0 55 51
400 8 609 0 -24 -12851 0 55 0
401 12 609 742 -24 6 0 51 51
402 12 742 500 24 -6 0 55 51
403 8 903 0 24 -12851 0 55 0
404 8 742 0 24 -12851 0 55 0
405 8 609 0 -24 -12851 0 55 0
406 8 500 0 -6 -12851 0 55 0
407 8 742 0 6 -12851 0 55 0
408 12 500 742 -24 6 0 55 51
409 8 903 0 -6 -12851 0 55 0
410 12 742 609 24 -6 0 55 51
411 12 1100 742 -24 6 0 51 51
412 12 742 609 -24 6 0 55 55
413 12 742 500 -24 6 0 51 51
414 12 742 500 24 -6 0 51 51
415 8 742 0 24 -12851 0 55 0
416 12 742 903 24 -6 0 55 51
417 12 742 1100 -24 6 0 51 51
418 8 1100 0 -6 -12851 0 55 0
419 12 742 500 24 -6 0 51 55
420 8 1100 0 -24 -12851 0 55 0
421 12 1100 742 -24 6 0 51 51
422 8 1100 0 -6 -12851 0 55 0
423 12 742 903 -24 6 0 55 51
424 12 742 500 -24 6 0 51 51
425 12 742 609 24 -6 0 55 55
426 12 742 1100 -24 6 0 55 55
427 8 609 0 -6 -12851 0 55 0
428 8 500 0 6 -12851 0 55 0
429 8 500 0 -24 -12851 0 55 0
430 12 742 609 -24 6 0 55 51
431 8 903 0 6 -12851 0 55 0
432 8 742 0 -6 -12851 0 55 0
433 12 1100 742 -24 6 0 55 55
434 12 903 742 -24 6 0 51 51
435 8 742 0 24 -12851 0 55 0
436 8 903 0 24 -12851 0 55 0
437 8 742 0 6 -12851 0 55 0
438 8 609 0 24 -12851 0 55 0
439 12 609 742 24 -6 0 51 55
440 12 609 742 -24 6 0 55 51
441 12 500 742 -24 6 0 55 55
442 8 903 0 24 -12851 0 55 0
443 8 500 0 -6 -12851 0 55 0
444 8 609 0 6 -12851 0 55 0
445 8 903 0 6 -12851 0 55 0
446 12 1100 742 24 -6 0 51 55
447 12 742 1100 24 -6 0 51 51
448 12 609 742 -24 6 0 55 51
449 8 742 0 6 -12851 0 55 0
450 12 742 609 24 -6 0 55 51
451 12 742 903 -24 6 0 55 55
452 8 609 0 6 -12851 0 55 0
453 12 742 1100 24 -6 0 55 51
454 12 742 609 -24 6 0 55 51
455 12 742 1100 24 -6 0 51 55
456 12 903 742 24 -6 0 55 55
457 8 500 0 -24 -12851 0 55 0
458 8 1100 0 6 -12851 0 55 0
459 12 742 609 -24 6 0 51 55
460 12 500 742 24 -6 0 55 55
461 12 742 500 24 -6 0 55 55
462 12 1100 742 -24 6 0 51 51
463 12 742 609 24 -6 0 55 55
464 12 742 1100 24 -6 0 55 51
465 8 500 0 -6 -12851 0 55 0
466 8 1100 0 -6 -12851 0 55 0
467 8 1100 0 6 -12851 0 55 0
468 12 742 500 -24 6 0 51 51
469 8 903 0 -24 -12851 0 55 0
470 12 609 742 24 -6 0 51 51
471 8 903 0 -6 -12851 0 55 0
472 8 609 0 -6 -12851 0 55 0
473 12 609 742 24 -6 0 55 51
474 12 903 742 -24 6 0 51 51
475 8 1100 0 -24 -12851 0 55 0
476 8 742 0 -24 -12851 0 55 0
477 12 609 742 -24 6 0 55 51
478 12 742 903 -24 6 0 51 55
479 8 1100 0 24 -12851 0 55 0
480 12 609 742 24 -6 0 51 51
481 12 742 1100 24 -6 0 55 55
482 12 903 742 24 -6 0 55 51
483 8 742 0 -24 -12851 0 55 0
484 12 500 742 24 -6 0 55 55
485 12 500 742 24 -6 0 51 55
486 8 903 0 6 -12851 0 55 0
487 12 500 742 -24 6 0 55 51
488 12 609 742 24 -6 0 51 55
489 12 742 500 -24 6 0 55 51
490 12 742 903 24 -6 0 55 55
491 12 500 742 -24 6 0 51 51
492 12 742 903 -24 6 0 55 55
493 12 742 1100 -24 6 0 51 55
494 8 742 0 -6 -12851 0 55 0
495 12 742 903 24 -6 0 55 55
496 8 1100 0 -24 -12851 0 55 0
497 8 903 0 -24 -12851 0 55 0
498 8 500 0 6 -12851 0 55 0
499 8 500 0 6 -12851 0 55 0
500 12 742 609 24 -6 0 51 55
501 8 500 0 -24 -12851 0 55 0
502 12 903 742 24 -6 0 51 55
503 12 609 742 24 -6 0 55 55
504 12 742 609 -24 6 0 51 55
505 8 1100 0 -24 -12851 0 55 0
506 8 903 0 -24 -12851 0 55 0
507 12 742 903 24 -6 0 55 55
508 8 903 0 -24 -12851 1 55 0
509 8 1100 0 24 -12851 1 55 0
510 8 500 0 -6 -12851 0 55 0
511 12 609 742 24 -6 0 55 55
512 12 1100 742 -24 6 1 55 55
513 8 742 0 -6 -12851 0 55 0
514 8 609 0 -24 -12851 0 55 0
515 8 742 0 24 -12851 0 55 0
516 12 742 1100 24 -6 0 55 55
517 8 1100 0 -6 -12851 0 55 0
518 8 609 0 6 -12851 1 55 0
519 8 742 0 -24 -12851 0 55 0
520 12 742 609 -24 6 0 51 51
521 12 500 742 -24 6 0 51 55
522 8 609 0 -6 -12851 0 55 0
523 12 742 609 -24 6 1 55 55
524 12 1100 742 24 -6 1 51 55
525 12 742 609 -24 6 0 55 55
526 8 903 0 -6 -12851 0 55 0
527 12 1100 742 24 -6 1 51 55
528 8 903 0 24 -12851 1 55 0
529 12 903 742 -24 6 0 51 55
530 8 1100 0 6 -12851 0 55 0
531 8 500 0 24 -12851 0 55 0
532 8 500 0 24 -12851 0 55 0
533 12 742 903 24 -6 0 55 55
534 8 500 0 -24 -12851 0 55 0
535 8 500 0 6 -12851 0 55 0
536 8 1100 0 -6 -12851 0 55 0
537 12 903 742 -24 6 0 51 51
538 8 742 0 24 -12851 0 55 0
539 8 1100 0 6 -12851 0 55 0
540 8 500 0 -6 -12851 1 55 0
541 12 500 742 24 -6 1 51 55
542 12 500 742 -24 6 0 55 55
543 12 1100 742 24 -6 0 51 55
544 8 903 0 6 -12851 0 55 0
545 8 1100 0 -6 -12851 0 55 0
546 12 1100 742 24 -6 0 51 51
547 8 742 0 6 -12851 0 55 0
548 8 609 0 -6 -12851 0 55 0
549 8 609 0 -6 -12851 0 55 0
550 8 742 0 24 -12851 0 55 0
551 8 903 0 -6 -12851 1 55 0
552 8 500 0 6 -12851 1 55 0
553 12 1100 742 -24 6 1 51 51
554 8 609 0 -6 -12851 1 55 0
555 12 903 742 24 -6 1 51 51
556 8 903 0 24 -12851 0 55 0
557 8 903 0 -24 -12851 1 55 0
558 12 1100 742 24 -6 1 51 55
559 12 1100 742 -24 6 0 55 51
560 8 903 0 6 -12851 1 55 0
561 12 609 742 24 -6 1 51 51
562 12 1100 742 -24 6 0 51 51
563 8 903 0 24 -12851 0 55 0
564 8 500 0 24 -12851 1 55 0
565 12 903 742 -24 6 0 51 51
566 8 742 0 -6 -12851 1 55 0
567 8 1100 0 -6 -12851 1 55 0
568 8 500 0 6 -12851 1 55 0
569 8 742 0 24 -12851 1 55 0
570 8 1100 0 -24 -12851 1 55 0
571 8 500 0 6 -12851 1 55 0
572 8 742 0 -24 -12851 1 55 0
573 8 1100 0 -6 -12851 1 55 0
574 12 1100 742 -24 6 0 55 51
575 8 903 0 6 -12851 0 55 0
576 8 609 0 -6 -12851 0 55 0
577 8 609 0 -24 -12851 0 55 0
578 8 609 0 6 -12851 0 55 0
579 12 500 742 24 -6 0 55 55
580 8 1100 0 6 -12851 0 55 0
581 12 742 903 24 -6 0 55 55
582 12 742 500 -24 6 1 55 55
583 8 1100 0 -6 -12851 0 55 0
584 8 500 0 6 -12851 0 55 0
585 12 742 609 24 -6 0 51 55
586 8 500 0 6 -12851 1 55 0
587 8 609 0 6 -12851 1 55 0
588 12 903 742 -24 6 1 55 51
589 8 500 0 -24 -12851 1 55 0
590 8 903 0 -6 -12851 0 55 0
591 12 742 903 24 -6 0 51 51
592 12 742 609 24 -6 0 51 55
593 12 742 609 24 -6 0 51 55
594 8 1100 0 6 -12851 1 55 0
595 8 1100 0 24 -12851 1 55 0
596 8 609 0 -24 -12851 1 55 0
597 12 742 500 -24 6 1 51 55
598 12 742 1100 -24 6 0 51 51
599 8 903 0 -6 -12851 1 55 0
600 8 609 0 -24 -12851 1 55 0
601 12 903 742 -24 6 0 51 51
602 8 903 0 -24 -12851 0 55 0
603 8 742 0 -24 -12851 0 55 0
604 8 742 0 -6 -12851 0 55 0
605 12 742 903 24 -6 0 51 55
606 8 742 0 6 -12851 0 55 0
607 12 742 1100 24 -6 0 51 51
608 8 1100 0 -6 -12851 1 55 0
609 8 1100 0 6 -12851 0 55 0
610 12 742 903 24 -6 1 51 55
611 12 903 742 -24 6 1 55 55
612 12 500 742 -24 6 0 55 51
613 12 742 1100 -24 6 0 51 51
614 12 1100 742 -24 6 0 51 55
615 12 609 742 24 -6 0 51 55
616 12 500 742 -24 6 0 51 51
617 8 742 0 24 -12851 0 55 0
618 8 742 0 -6 -12851 0 55 0
619 12 500 742 -24 6 1 55 55
620 12 609 742 24 -6 0 51 55
621 12 742 903 -24 6 0 55 51
622 8 903 0 -24 -12851 1 55 0
623 12 742 1100 -24 6 1 55 55
624 8 742 0 6 -12851 1 55 0
625 12 609 742 24 -6 0 51 51
626 12 742 500 -24 6 0 55 51
627 12 742 500 24 -6 1 55 51
628 12 742 609 -24 6 1 55 55
629 8 903 0 -6 -12851 0 55 0
630 12 903 742 -24 6 1 51 51
631 12 500 742 24 -6 1 51 51
632 12 500 742 -24 6 0 51 55
633 12 609 742 -24 6 0 55 55
634 8 609 0 24 -12851 0 55 0
635 12 742 903 24 -6 0 55 55
636 12 742 903 24 -6 0 51 51
637 12 742 500 24 -6 0 55 55
638 12 1100 742 24 -6 0 55 51
639 12 1100 742 -24 6 0 55 51
640 8 500 0 -6 -12851 1 55 0
641 12 609 742 -24 6 1 51 55
642 8 1100 0 6 -12851 1 55 0
643 12 609 742 24 -6 1 55 51
644 12 1100 742 24 -6 1 55 51
645 12 742 903 -24 6 1 55 55
646 12 1100 742 -24 6 1 55 55
647 12 742 903 24 -6 0 55 55
648 8 903 0 -6 -12851 0 55 0
649 12 742 609 24 -6 0 51 51
650 12 1100 742 24 -6 0 55 55
651 8 500 0 6 -12851 0 55 0
652 8 609 0 6 -12851 0 55 0
653 8 500 0 -6 -12851 0 55 0
654 8 1100 0 24 -12851 0 55 0
655 12 742 903 -24 6 0 55 51
656 8 609 0 -6 -12851 0 55 0
657 12 742 609 24 -6 0 51 51
658 8 1100 0 -6 -12851 0 55 0
659 12 609 742 -24 6 0 51 51
660 12 742 1100 -24 6 0 51 55
661 12 903 742 24 -6 0 55 51
662 12 903 742 -24 6 0 55 55
663 8 1100 0 -6 -12851 0 55 0
664 8 500 0 6 -12851 0 55 0
665 12 609 742 -24 6 0 51 55
666 12 1100 742 -24 6 0 51 51
667 12 742 903 24 -6 0 55 55
668 8 500 0 -6 -12851 0 55 0
669 12 500 742 24 -6 0 51 55
670 12 742 609 24 -6 0 51 51
671 12 1100 742 -24 6 0 55 55
672 8 500 0 -6 -12851 0 55 0
673 8 609 0 6 -12851 0 55 0
674 12 742 1100 24 -6 0 55 55
675 8 609 0 6 -12851 0 55 0
676 12 742 903 24 -6 0 55 51
677 12 742 609 -24 6 0 51 55
678 8 609 0 24 -12851 1 55 0
679 8 1100 0 6 -12851 0 55 0
680 8 1100 0 6 -12851 1 55 0
681 8 742 0 -6 -12851 1 55 0
682 8 742 0 6 -12851 1 55 0
683 8 742 0 6 -12851 1 55 0
684 8 903 0 -6 -12851 1 55 0
685 8 903 0 6 -12851 0 55 0
686 12 609 742 24 -6 1 51 51
687 8 903 0 -6 -12851 0 55 0
688 12 742 903 24 -6 0 55 51
689 8 903 0 -6 -12851 0 55 0
690 8 903 0 -24 -12851 0 55 0
691 12 1100 742 -24 6 0 51 55
692 8 609 0 -24 -12851 0 55 0
693 8 609 0 -6 -12851 1 55 0
694 12 742 609 24 -6 0 55 55
695 8 742 0 6 -12851 0 55 0
696 8 609 0 -6 -12851 0 55 0
697 12 742 903 24 -6 0 55 55
698 12 609 742 24 -6 0 55 55
699 8 1100 0 -24 -12851 0 55 0
700 8 742 0 24 -12851 0 55 0
701 8 903 0 -24 -12851 0 55 0
702 12 500 742 -24 6 1 55 55
703 8 742 0 6 -12851 1 55 0
704 12 609 742 24 -6 1 55 51
705 8 1100 0 -24 -12851 1 55 0
706 12 903 742 -24 6 1 55 55
707 12 903 742 -24 6 1 51 51
708 12 500 742 24 -6 0 51 51
709 12 742 1100 -24 6 1 51 55
710 12 742 903 -24 6 0 55 55
711 12 609 742 -24 6 0 55 55
712 12 742 500 24 -6 0 55 55
713 8 1100 0 24 -12851 1 55 0
714 12 742 1100 24 -6 1 51 51
715 12 742 609 -24 6 1 55 51
716 12 742 1100 -24 6 1 51 55
717 12 1100 742 -24 6 0 55 55
718 12 500 742 24 -6 0 55 55
719 8 500 0 24 -12851 0 55 0
720 12 742 500 -24 6 0 51 55
721 8 903 0 -24 -12851 0 55 0
722 8 500 0 -24 -12851 0 55 0
723 8 500 0 6 -12851 1 55 0
724 8 903 0 -6 -12851 1 55 0
725 8 903 0 -6 -12851 1 55 0
726 12 742 1100 24 -6 1 55 55
727 8 903 0 6 -12851 1 55 0
728 12 903 742 -24 6 0 51 55
729 8 903 0 -24 -12851 0 55 0
730 12 742 1100 -24 6 0 51 55
731 8 742 0 -6 -12851 1 55 0
732 8 609 0 -24 -12851 1 55 0
733 12 742 903 24 -6 1 51 51
734 12 742 1100 -24 6 1 55 51
735 8 1100 0 24 -12851 1 55 0
736 8 742 0 -24 -12851 0 55 0
737 8 609 0 -6 -12851 0 55 0
738 8 742 0 -6 -12851 1 55 0
739 8 1100 0 -6 -12851 1 55 0
740 12 742 1100 24 -6 1 55 55
741 8 1100 0 -24 -12851 1 55 0
742 8 609 0 24 -12851 0 55 0
743 8 500 0 -24 -12851 0 55 0
744 12 903 742 24 -6 0 51 51
745 12 742 1100 -24 6 0 55 55
746 8 500 0 -24 -12851 1 55 0
747 12 742 500 24 -6 1 51 51
748 8 500 0 6 -12851 1 55 0
749 8 903 0 24 -12851 1 55 0
750 8 903 0 24 -12851 0 55 0
751 8 742 0 6 -12851 1 55 0
752 12 742 500 24 -6 1 55 55
753 8 609 0 6 -12851 1 55 0
754 12 609 742 -24 6 1 51 51
755 8 742 0 -6 -12851 1 55 0
756 12 742 1100 24 -6 0 51 51
757 8 903 0 6 -12851 1 55 0
758 12 742 903 24 -6 0 51 51
759 8 609 0 24 -12851 0 55 0
760 8 609 0 -6 -12851 0 55 0
761 12 742 903 -24 6 0 51 55
762 12 742 903 -24 6 1 55 51
763 12 500 742 24 -6 1 51 55
764 8 903 0 -6 -12851 0 55 0
765 8 500 0 -6 -12851 1 55 0
766 12 1100 742 -24 6 1 51 51
767 8 1100 0 -6 -12851 1 55 0
768 12 903 742 -24 6 0 55 51
769 12 903 742 24 -6 0 51 55
770 8 500 0 -6 -12851 1 55 0
771 8 1100 0 -24 -12851 0 55 0
772 12 742 903 24 -6 0 55 55
773 12 609 742 24 -6 0 51 51
774 8 742 0 -6 -12851 0 55 0
775 12 742 609 24 -6 0 55 55
776 12 742 1100 -24 6 0 55 55
777 12 742 609 24 -6 0 51 55
778 12 742 903 24 -6 0 51 55
779 8 1100 0 6 -12851 1 55 0
780 12 500 742 -24 6 1 51 55
781 8 500 0 24 -12851 1 55 0
782 8 903 0 -6 -12851 1 55 0
783 12 742 609 24 -6 0 51 55
784 8 903 0 6 -12851 1 55 0
785 8 609 0 -24 -12851 1 55 0
786 12 742 1100 24 -6 0 55 55
787 12 1100 742 24 -6 1 55 55
788 8 500 0 24 -12851 0 55 0
789 12 500 742 24 -6 0 55 55
790 8 742 0 6 -12851 1 55 0
791 12 742 500 24 -6 1 55 51
792 8 500 0 24 -12851 0 55 0
793 8 1100 0 6 -12851 0 55 0
794 8 1100 0 6 -12851 0 55 0
795 12 609 742 24 -6 0 51 51
796 12 742 500 24 -6 1 51 55
797 12 609 742 -24 6 0 51 55
798 8 742 0 6 -12851 0 55 0
799 8 903 0 -24 -12851 0 55 0
800 8 903 0 -24 -12851 0 55 0
801 12 742 609 24 -6 1 55 55
802 8 609 0 24 -12851 1 55 0
803 8 1100 0 6 -12851 1 55 0
804 8 742 0 -6 -12851 1 55 0
805 12 609 742 -24 6 1 51 55
806 8 609 0 6 -12851 0 55 0
807 8 500 0 -24 -12851 0 55 0
808 8 742 0 6 -12851 0 55 0
809 12 742 1100 -24 6 0 51 55
810 12 1100 742 24 -6 0 55 55
811 12 500 742 24 -6 0 51 55
812 8 742 0 -24 -12851 0 55 0
813 8 1100 0 -6 -12851 0 55 0
814 8 500 0 -24 -12851 1 55 0
815 12 1100 742 -24 6 1 51 55
816 8 609 0 6 -12851 0 55 0
817 8 609 0 6 -12851 1 55 0
818 12 742 609 -24 6 0 55 51
819 8 500 0 -24 -12851 1 55 0
820 12 742 500 24 -6 0 51 51
821 8 903 0 24 -12851 0 55 0
822 8 903 0 6 -12851 0 55 0
823 12 742 903 -24 6 0 55 51
824 8 1100 0 -24 -12851 1 55 0
825 12 1100 742 -24 6 0 51 55
826 8 1100 0 -6 -12851 0 55 0
827 8 609 0 6 -12851 1 55 0
828 12 609 742 24 -6 1 55 55
829 8 742 0 6 -12851 0 55 0
830 8 903 0 -24 -12851 1 55 0
831 8 500 0 6 -12851 1 55 0
832 8 742 0 -24 -12851 1 55 0
833 12 742 1100 24 -6 0 55 55
834 8 742 0 24 -12851 0 55 0
835 12 1100 742 -24 6 0 55 51
836 12 903 742 24 -6 1 51 55
837 12 742 609 24 -6 1 51 51
838 12 500 742 24 -6 0 55 51
839 12 500 742 24 -6 0 55 51
840 12 1100 742 24 -6 0 55 51
841 12 500 742 -24 6 0 55 51
842 12 742 609 24 -6 0 55 55
843 12 742 500 -24 6 0 51 51
844 12 903 742 -24 6 0 51 51
845 12 903 742 -24 6 0 51 51
846 8 742 0 24 -12851 0 55 0
847 12 500 742 24 -6 0 55 51
848 8 609 0 24 -12851 0 55 0
849 8 742 0 6 -12851 0 55 0
850 12 742 903 24 -6 0 51 55
851 8 500 0 -24 -12851 0 55 0
852 8 500 0 24 -12851 0 55 0
853 8 500 0 6 -12851 0 55 0
854 12 500 742 24 -6 0 51 51
855 12 903 742 -24 6 0 51 55
856 8 903 0 -24 -12851 0 55 0
857 12 742 1100 -24 6 0 51 51
858 12 742 609 -24 6 0 51 51
859 8 903 0 6 -12851 0 55 0
860 12 1100 742 -24 6 0 55 55
861 8 903 0 -24 -12851 0 55 0
862 12 609 742 24 -6 0 51 51
863 12 903 742 -24 6 0 55 51
864 12 742 903 24 -6 0 55 51
865 12 742 903 24 -6 0 55 51
866 8 1100 0 -24 -12851 0 55 0
867 12 742 903 24 -6 0 51 55
868 12 742 903 24 -6 0 51 51
869 12 742 500 -24 6 0 51 51
870 8 1100 0 24 -12851 0 55 0
871 12 742 903 -24 6 0 55 55
872 12 500 742 -24 6 0 51 51
873 12 742 1100 -24 6 0 55 51
874 12 903 742 24 -6 0 51 51
875 12 742 903 -24 6 0 51 55
876 8 1100 0 -24 -12851 0 55 0
877 12 742 903 24 -6 0 51 51
878 12 500 742 24 -6 0 51 51
879 12 1100 742 24 -6 0 55 51
880 12 1100 742 24 -6 0 51 51
881 8 609 0 -6 -12851 0 55 0
882 12 742 500 24 -6 0 55 51
883 12 609 742 -24 6 0 55 51
884 12 742 1100 24 -6 0 51 55
885 12 609 742 -24 6 0 51 51
886 8 742 0 -24 -12851 0 55 0
887 8 609 0 6 -12851 0 55 0
888 12 609 742 24 -6 0 55 55
889 8 742 0 -24 -12851 0 55 0
890 12 609 742 -24 6 0 51 51
891 8 742 0 -6 -12851 0 55 0
892 12 1100 742 -24 6 0 51 51
893 12 742 500 -24 6 0 55 55
894 8 500 0 24 -12851 0 55 0
895 12 742 903 24 -6 0 55 51
896 8 742 0 -24 -12851 0 55 0
897 12 903 742 24 -6 0 51 51
898 8 500 0 -24 -12851 0 55 0
899 12 742 500 24 -6 0 55 55
900 8 903 0 -6 -12851 0 55 0
901 12 742 903 -24 6 0 55 55
902 12 742 609 -24 6 0 55 51
903 12 903 742 24 -6 0 51 55
904 8 903 0 6 -12851 0 55 0
905 8 903 0 24 -12851 0 55 0
906 8 1100 0 -6 -12851 0 55 0
907 8 1100 0 24 -12851 0 55 0
908 8 742 0 -24 -12851 0 55 0
909 12 609 742 -24 6 0 51 51
910 12 742 500 24 -6 0 55 51
911 12 500 742 24 -6 0 51 51
912 8 609 0 24 -12851 0 55 0
913 12 742 609 24 -6 0 55 51
914 8 1100 0 -24 -12851 0 55 0
915 8 609 0 -6 -12851 0 55 0
916 8 609 0 24 -12851 0 55 0
917 12 903 742 -24 6 0 55 51
918 12 903 742 24 -6 0 51 51
919 8 500 0 -24 -12851 0 55 0
920 8 609 0 24 -12851 0 55 0
921 8 609 0 -6 -12851 0 55 0
922 12 500 742 24 -6 0 55 55
923 8 609 0 6 -12851 0 55 0
924 8 903 0 24 -12851 0 55 0
925 12 742 903 24 -6 0 55 55
926 12 742 1100 -24 6 0 51 55
927 12 903 742 -24 6 0 51 51
928 8 500 0 -6 -12851 0 55 0
929 12 609 742 24 -6 0 55 51
930 12 500 742 24 -6 0 51 51
931 8 500 0 -6 -12851 0 55 0
932 12 500 742 -24 6 0 51 51
933 8 742 0 24 -12851 0 55 0
934 12 1100 742 24 -6 0 55 51
935 8 500 0 -24 -12851 0 55 0
936 12 742 903 24 -6 0 51 55
937 12 742 903 -24 6 0 55 55
938 12 1100 742 -24 6 0 55 51
939 8 609 0 6 -12851 0 55 0
940 8 903 0 -6 -12851 0 55 0
941 12 903 742 -24 6 0 51 55
942 8 903 0 24 -12851 0 55 0
943 8 742 0 -6 -12851 0 55 0
944 8 742 0 -6 -12851 0 55 0
945 8 1100 0 24 -12851 0 55 0
946 8 1100 0 24 -12851 0 55 0
947 8 1100 0 -6 -12851 0 55 0
948 8 609 0 -24 -12851 0 55 0
949 8 609 0 6 -12851 0 55 0
950 8 1100 0 24 -12851 0 55 0
951 12 609 742 -24 6 0 55 51
952 8 742 0 -6 -12851 0 55 0
953 12 1100 742 24 -6 0 51 55
954 12 742 500 -24 6 0 51 51
955 8 500 0 -6 -12851 0 55 0
956 8 903 0 -6 -12851 0 55 0
957 12 1100 742 -24 6 0 55 51
958 12 903 742 24 -6 0 51 51
959 12 500 742 24 -6 0 55 55
960 12 742 1100 -24 6 0 51 55
961 8 609 0 -24 -12851 0 55 0
962 12 742 1100 -24 6 0 55 51
963 8 609 0 24 -12851 0 55 0
964 8 742 0 -24 -12851 0 55 0
965 8 903 0 -24 -12851 0 55 0
966 8 500 0 24 -12851 0 55 0
967 8 742 0 24 -12851 0 55 0
968 8 903 0 6 -12851 0 55 0
969 8 1100 0 -6 -12851 0 55 0
970 12 742 1100 24 -6 0 51 55
971 12 742 609 24 -6 0 51 51
972 8 500 0 24 -12851 0 55 0
973 8 1100 0 -6 -12851 0 55 0
974 12 500 742 24 -6 0 51 51
975 12 1100 742 24 -6 0 51 55
976 8 500 0 -24 -12851 0 55 0
977 12 742 903 -24 6 0 51 51
978 8 500 0 6 -12851 0 55 0
979 8 500 0 -6 -12851 0 55 0
980 8 742 0 6 -12851 0 55 0
981 12 903 742 24 -6 0 51 51
982 8 500 0 -6 -12851 0 55 0
983 12 1100 742 24 -6 0 55 55
984 12 742 500 -24 6 0 51 51
985 8 742 0 6 -12851 0 55 0
986 12 742 500 -24 6 0 51 51
987 8 903 0 -6 -12851 0 55 0
