1 12 742 903 -24 6 0 51 55
2 8 903 0 24 -12851 1 60 0
3 12 742 1100 24 -6 0 55 55
4 12 500 742 -24 6 1 51 55
5 8 609 0 6 -12851 1 60 0
6 8 609 0 6 -12851 0 60 0
7 12 742 903 24 -6 1 51 51
8 8 500 0 24 -12851 1 55 0
9 8 500 0 -6 -12851 0 60 0
10 12 742 903 24 -6 1 51 55
11 8 742 0 6 -12851 1 55 0
12 8 742 0 -6 -12851 1 60 0
13 12 903 742 24 -6 0 51 55
14 12 903 742 -24 6 1 55 55
15 12 742 903 24 -6 1 55 55
16 12 742 609 -24 6 1 51 51
17 8 500 0 -6 -12851 1 55 0
18 8 742 0 -24 -12851 1 60 0
19 12 742 903 -24 6 1 55 51
20 8 1100 0 6 -12851 1 55 0
21 8 1100 0 -6 -12851 1 55 0
22 8 609 0 6 -12851 1 55 0
23 8 1100 0 -6 -12851 1 55 0
24 8 903 0 24 -12851 1 55 0
25 12 742 500 24 -6 1 51 55
26 8 903 0 24 -12851 1 55 0
27 8 609 0 -24 -12851 1 55 0
28 8 609 0 24 -12851 1 60 0
29 12 903 742 24 -6 0 51 51
30 12 1100 742 -24 6 1 51 51
31 12 903 742 24 -6 0 55 55
32 12 1100 742 -24 6 1 55 51
33 12 500 742 24 -6 1 51 55
34 8 500 0 -6 -12851 0 60 0
35 12 742 903 -24 6 1 55 55
36 8 609 0 -24 -12851 0 60 0
37 12 742 1100 -24 6 0 55 55
38 8 500 0 -24 -12851 0 60 0
39 8 1100 0 -24 -12851 1 60 0
40 12 742 903 -24 6 1 55 55
41 8 609 0 -6 -12851 0 55 0
42 8 500 0 24 -12851 0 60 0
43 12 1100 742 24 -6 0 51 51
44 12 742 903 -24 6 1 55 51
45 8 903 0 -24 -12851 0 55 0
46 8 1100 0 6 -12851 0 60 0
47 12 742 500 24 -6 0 51 51
48 12 742 903 24 -6 1 55 55
49 12 903 742 24 -6 0 55 51
50 12 1100 742 -24 6 1 51 51
51 12 609 742 24 -6 0 51 55
52 12 609 742 -24 6 0 55 51
53 12 1100 742 -24 6 1 55 55
54 8 1100 0 24 -12851 1 60 0
55 8 742 0 24 -12851 1 55 0
56 8 903 0 6 -12851 0 55 0
57 12 742 500 -24 6 1 55 55
58 12 500 742 24 -6 0 55 55
59 8 742 0 6 -12851 1 60 0
60 8 903 0 24 -12851 0 60 0
61 8 742 0 -6 -12851 1 60 0
62 12 742 903 24 -6 0 51 55
63 8 500 0 -6 -12851 1 55 0
64 8 500 0 24 -12851 1 55 0
65 8 742 0 24 -12851 1 60 0
66 12 1100 742 -24 6 1 51 51
67 8 609 0 6 -12851 0 55 0
68 12 742 903 -24 6 1 51 55
69 8 1100 0 -6 -12851 1 55 0
70 12 609 742 24 -6 1 55 55
71 12 742 500 -24 6 1 51 55
72 8 609 0 -24 -12851 0 60 0
73 8 742 0 -6 -12851 1 60 0
74 8 742 0 -6 -12851 0 55 0
75 12 903 742 24 -6 0 51 55
76 12 742 500 24 -6 1 51 55
77 12 1100 742 -24 6 1 55 55
78 8 1100 0 24 -12851 1 60 0
79 8 903 0 6 -12851 1 55 0
80 12 742 903 -24 6 0 51 55
81 8 500 0 -6 -12851 1 60 0
82 12 903 742 -24 6 1 55 55
83 8 609 0 6 -12851 1 55 0
84 8 903 0 -24 -12851 0 60 0
85 12 742 1100 24 -6 0 51 55
86 12 742 1100 24 -6 0 55 55
87 8 1100 0 -6 -12851 1 60 0
88 12 742 500 -24 6 1 51 55
89 12 500 742 -24 6 0 55 55
90 12 742 1100 24 -6 1 55 51
91 8 903 0 24 -12851 0 60 0
92 8 500 0 24 -12851 1 60 0
93 12 742 1100 -24 6 1 51 51
94 8 500 0 -6 -12851 0 55 0
95 12 609 742 -24 6 0 51 55
96 8 500 0 24 -12851 1 55 0
97 12 903 742 -24 6 0 51 55
98 8 742 0 6 -12851 0 55 0
99 12 903 742 24 -6 0 51 55
100 8 609 0 6 -12851 0 55 0
101 8 1100 0 6 -12851 0 60 0
102 8 609 0 -6 -12851 0 55 0
103 8 742 0 6 -12851 0 55 0
104 8 742 0 -24 -12851 0 60 0
105 8 1100 0 -24 -12851 0 55 0
106 12 742 1100 24 -6 0 51 51
107 8 903 0 6 -12851 1 55 0
108 12 1100 742 24 -6 1 51 55
109 12 742 609 -24 6 1 51 51
110 8 500 0 -24 -12851 1 60 0
111 12 742 1100 24 -6 1 55 51
112 12 903 742 24 -6 1 51 55
113 8 609 0 -24 -12851 0 55 0
114 12 742 903 24 -6 0 51 51
115 8 903 0 -24 -12851 0 55 0
116 8 1100 0 -24 -12851 1 55 0
117 8 903 0 24 -12851 0 60 0
118 12 742 1100 24 -6 0 55 55
119 12 1100 742 -24 6 1 51 55
120 8 500 0 -24 -12851 0 55 0
121 12 742 500 24 -6 1 55 55
122 12 609 742 24 -6 1 51 55
123 12 742 500 24 -6 0 51 55
124 8 1100 0 -24 -12851 0 60 0
125 12 609 742 24 -6 0 51 55
126 8 1100 0 -24 -12851 1 60 0
127 12 609 742 -24 6 1 51 51
128 12 742 1100 -24 6 0 55 51
129 8 742 0 24 -12851 0 60 0
130 12 742 1100 24 -6 0 55 55
131 8 1100 0 -6 -12851 1 60 0
132 8 903 0 -24 -12851 1 55 0
133 8 500 0 -24 -12851 1 60 0
134 8 903 0 -24 -12851 1 55 0
135 8 742 0 -6 -12851 1 55 0
136 8 742 0 24 -12851 1 55 0
137 12 609 742 24 -6 0 55 51
138 8 609 0 -24 -12851 0 60 0
139 12 1100 742 24 -6 0 55 51
140 12 742 500 -24 6 1 55 55
141 12 903 742 -24 6 1 55 55
142 12 742 609 -24 6 1 51 55
143 12 1100 742 24 -6 0 51 51
144 8 609 0 6 -12851 1 55 0
145 8 500 0 6 -12851 0 55 0
146 12 609 742 -24 6 1 55 55
147 12 742 1100 -24 6 1 55 51
148 8 609 0 24 -12851 1 55 0
149 8 903 0 6 -12851 1 55 0
150 8 1100 0 6 -12851 1 55 0
151 12 742 500 -24 6 1 55 51
152 12 742 609 24 -6 1 55 55
153 12 742 609 24 -6 0 55 51
154 12 742 903 24 -6 0 51 51
155 12 742 903 24 -6 0 51 51
156 8 500 0 -24 -12851 1 55 0
157 12 742 903 24 -6 1 55 55
158 12 742 500 24 -6 1 51 55
159 8 500 0 24 -12851 1 55 0
160 12 742 609 24 -6 1 51 55
161 8 500 0 -6 -12851 0 60 0
162 8 742 0 6 -12851 0 55 0
163 12 903 742 -24 6 1 51 51
164 8 500 0 24 -12851 0 60 0
165 12 500 742 24 -6 1 55 51
166 8 609 0 24 -12851 1 60 0
167 12 742 1100 -24 6 1 55 55
168 8 609 0 6 -12851 1 60 0
169 12 500 742 -24 6 0 51 51
170 12 742 500 24 -6 0 51 51
171 12 742 500 24 -6 0 51 51
172 8 742 0 24 -12851 1 60 0
173 12 500 742 -24 6 1 51 51
174 12 903 742 -24 6 1 51 55
175 8 903 0 6 -12851 0 60 0
176 8 742 0 24 -12851 1 60 0
177 8 903 0 6 -12851 1 55 0
178 8 500 0 24 -12851 0 60 0
179 12 1100 742 24 -6 1 51 55
180 8 609 0 -6 -12851 0 60 0
181 8 1100 0 -6 -12851 1 60 0
182 8 903 0 6 -12851 1 55 0
183 8 1100 0 6 -12851 0 60 0
184 12 903 742 24 -6 1 55 55
185 8 1100 0 -24 -12851 0 60 0
186 12 1100 742 24 -6 0 55 55
187 12 500 742 24 -6 1 51 55
188 12 742 903 -24 6 1 55 51
189 8 742 0 -6 -12851 0 60 0
190 12 903 742 -24 6 0 55 55
191 8 742 0 24 -12851 1 60 0
192 12 500 742 -24 6 1 51 51
193 8 1100 0 -24 -12851 1 55 0
194 8 1100 0 -6 -12851 0 55 0
195 8 903 0 24 -12851 1 60 0
196 12 500 742 24 -6 0 55 55
197 12 903 742 24 -6 0 55 51
198 8 1100 0 24 -12851 0 60 0
199 8 609 0 -6 -12851 0 60 0
200 8 903 0 24 -12851 1 55 0
201 12 500 742 -24 6 0 55 55
202 12 742 500 24 -6 1 55 55
203 12 742 500 -24 6 1 51 55
204 12 1100 742 24 -6 0 55 55
205 12 742 1100 -24 6 1 55 55
206 8 609 0 -6 -12851 0 60 0
207 8 742 0 24 -12851 1 55 0
208 12 903 742 -24 6 0 55 51
209 8 903 0 24 -12851 1 60 0
210 12 742 609 -24 6 0 51 51
211 8 609 0 24 -12851 1 55 0
212 8 500 0 6 -12851 0 55 0
213 12 903 742 -24 6 1 55 55
214 8 742 0 -6 -12851 1 55 0
215 12 903 742 24 -6 0 55 51
216 12 1100 742 -24 6 0 55 55
217 8 500 0 6 -12851 1 55 0
218 8 500 0 -6 -12851 0 60 0
219 8 903 0 -24 -12851 1 55 0
220 12 742 500 -24 6 0 51 55
221 8 903 0 -6 -12851 0 60 0
222 8 903 0 24 -12851 0 60 0
223 12 742 1100 24 -6 0 55 55
224 8 742 0 -6 -12851 0 55 0
225 8 500 0 -6 -12851 1 55 0
226 12 742 609 -24 6 1 55 51
227 12 1100 742 24 -6 1 51 55
228 8 742 0 -24 -12851 1 60 0
229 8 1100 0 -24 -12851 0 55 0
230 8 609 0 24 -12851 1 55 0
231 12 742 1100 24 -6 1 51 55
232 12 500 742 -24 6 1 55 55
233 8 742 0 6 -12851 1 60 0
234 12 903 742 24 -6 1 55 55
235 12 742 500 24 -6 1 51 51
236 8 500 0 6 -12851 0 60 0
237 8 609 0 -6 -12851 1 55 0
238 8 903 0 -6 -12851 0 60 0
239 8 609 0 24 -12851 0 60 0
240 8 500 0 -6 -12851 0 60 0
241 12 742 903 24 -6 0 55 55
242 8 1100 0 24 -12851 1 60 0
243 8 1100 0 24 -12851 0 55 0
244 12 903 742 -24 6 0 51 51
245 12 1100 742 -24 6 1 55 55
246 8 1100 0 -6 -12851 0 60 0
247 8 1100 0 -6 -12851 0 55 0
248 8 609 0 24 -12851 0 60 0
249 12 742 500 24 -6 1 55 51
250 12 742 609 -24 6 0 55 51
251 8 1100 0 -24 -12851 1 60 0
252 12 742 903 24 -6 0 55 51
253 8 500 0 24 -12851 0 60 0
254 12 742 1100 -24 6 1 55 51
255 12 742 1100 24 -6 0 55 51
256 12 742 609 -24 6 1 51 51
257 12 742 903 -24 6 0 55 51
258 8 903 0 24 -12851 0 55 0
259 8 903 0 6 -12851 1 60 0
260 12 609 742 24 -6 0 55 51
261 12 609 742 -24 6 1 55 51
262 8 742 0 6 -12851 0 55 0
263 8 903 0 -24 -12851 1 55 0
264 12 742 500 24 -6 0 55 55
265 8 609 0 24 -12851 1 60 0
266 8 609 0 -6 -12851 0 60 0
267 12 742 500 24 -6 0 55 55
268 12 742 609 24 -6 0 51 51
269 8 742 0 -24 -12851 0 55 0
270 8 742 0 24 -12851 0 55 0
271 8 1100 0 -6 -12851 1 60 0
272 8 500 0 -6 -12851 0 55 0
273 12 742 609 -24 6 1 51 51
274 12 609 742 24 -6 0 55 55
275 12 1100 742 24 -6 1 51 51
276 8 500 0 -24 -12851 1 55 0
277 12 742 903 -24 6 0 51 55
278 8 903 0 6 -12851 1 60 0
279 8 903 0 24 -12851 1 55 0
280 8 903 0 -6 -12851 0 55 0
281 8 500 0 -24 -12851 1 55 0
282 12 903 742 -24 6 1 51 51
283 12 903 742 -24 6 0 55 55
284 12 903 742 -24 6 0 51 51
285 12 742 903 24 -6 0 55 51
286 8 500 0 -6 -12851 1 60 0
287 8 609 0 -24 -12851 1 55 0
288 8 500 0 -24 -12851 1 55 0
289 8 609 0 -6 -12851 0 55 0
290 8 1100 0 -6 -12851 0 55 0
291 8 1100 0 -24 -12851 1 55 0
292 8 903 0 24 -12851 1 60 0
293 12 742 1100 -24 6 1 51 51
294 12 742 1100 24 -6 1 55 51
295 8 1100 0 -24 -12851 0 60 0
296 8 609 0 24 -12851 1 60 0
297 8 742 0 -6 -12851 1 55 0
298 12 1100 742 24 -6 1 51 55
299 8 742 0 24 -12851 1 55 0
300 8 742 0 -6 -12851 1 60 0
301 8 1100 0 -24 -12851 1 60 0
302 12 609 742 -24 6 1 55 55
303 12 903 742 -24 6 0 51 51
304 12 742 1100 -24 6 0 51 55
305 8 1100 0 -24 -12851 1 60 0
306 8 1100 0 -24 -12851 1 60 0
307 12 500 742 24 -6 1 55 55
308 8 500 0 -6 -12851 0 60 0
309 8 903 0 6 -12851 1 60 0
310 12 742 1100 -24 6 0 55 55
311 8 609 0 6 -12851 1 55 0
312 8 609 0 -6 -12851 0 60 0
313 12 742 1100 24 -6 1 51 51
314 8 1100 0 6 -12851 1 55 0
315 12 742 500 -24 6 1 55 51
316 12 609 742 -24 6 0 51 51
317 8 500 0 24 -12851 0 60 0
318 8 903 0 -6 -12851 1 55 0
319 8 500 0 -6 -12851 1 55 0
320 8 609 0 -24 -12851 1 60 0
321 12 1100 742 -24 6 1 55 55
322 8 742 0 -6 -12851 0 55 0
323 12 742 609 -24 6 1 55 51
324 12 1100 742 -24 6 1 55 55
325 8 742 0 -24 -12851 0 60 0
326 12 500 742 -24 6 1 55 51
327 12 742 609 24 -6 0 55 55
328 12 742 609 24 -6 0 51 55
329 8 903 0 6 -12851 0 60 0
330 12 1100 742 24 -6 0 51 51
331 8 742 0 6 -12851 1 55 0
332 12 500 742 -24 6 1 51 51
333 8 609 0 -24 -12851 1 60 0
334 8 609 0 24 -12851 0 55 0
335 8 1100 0 24 -12851 0 60 0
336 12 609 742 -24 6 1 51 55
337 8 742 0 6 -12851 1 55 0
338 8 500 0 24 -12851 1 55 0
339 8 500 0 -6 -12851 1 55 0
340 12 903 742 -24 6 1 55 51
341 12 1100 742 24 -6 1 55 55
342 8 1100 0 24 -12851 1 55 0
343 8 1100 0 -6 -12851 0 55 0
