1 8 1100 0 -6 -12851 0 55 0
2 12 742 609 24 -6 1 55 55
3 8 1100 0 6 -12851 0 55 0
4 8 609 0 6 -12851 1 60 0
5 12 742 1100 -24 6 1 51 51
6 8 609 0 -6 -12851 0 60 0
7 12 742 609 24 -6 1 51 51
8 12 1100 742 -24 6 1 55 51
9 12 742 1100 24 -6 1 55 55
10 8 500 0 6 -12851 0 55 0
11 12 500 742 -24 6 0 55 55
12 8 500 0 6 -12851 1 60 0
13 8 742 0 24 -12851 1 55 0
14 8 1100 0 -6 -12851 0 55 0
15 12 742 500 -24 6 1 51 51
16 8 500 0 24 -12851 1 60 0
17 12 742 903 -24 6 1 55 55
18 8 742 0 -24 -12851 1 60 0
19 8 609 0 6 -12851 1 60 0
20 8 903 0 24 -12851 1 55 0
21 12 742 500 24 -6 0 51 51
22 8 742 0 -24 -12851 1 55 0
23 12 742 609 -24 6 0 51 55
24 12 609 742 24 -6 1 55 55
25 8 903 0 -24 -12851 1 55 0
26 8 903 0 -6 -12851 1 60 0
27 8 742 0 -6 -12851 1 60 0
28 12 742 903 24 -6 1 55 55
29 8 742 0 24 -12851 1 60 0
30 12 742 500 -24 6 1 51 51
31 12 903 742 24 -6 0 55 51
32 8 609 0 6 -12851 0 60 0
33 8 903 0 -6 -12851 1 55 0
34 8 903 0 -6 -12851 0 55 0
35 12 742 1100 24 -6 1 55 55
36 8 500 0 6 -12851 1 55 0
37 12 1100 742 24 -6 0 55 51
38 12 609 742 24 -6 1 55 55
39 12 609 742 24 -6 1 55 55
40 12 1100 742 -24 6 1 51 51
41 8 500 0 24 -12851 1 60 0
42 12 609 742 -24 6 1 51 55
43 8 742 0 6 -12851 1 60 0
44 12 742 500 24 -6 1 51 55
45 12 742 1100 -24 6 1 51 51
46 8 742 0 -6 -12851 1 60 0
47 8 609 0 24 -12851 0 55 0
48 8 500 0 -6 -12851 0 55 0
49 8 903 0 -6 -12851 1 60 0
50 8 609 0 24 -12851 1 60 0
51 8 1100 0 -24 -12851 1 60 0
52 8 1100 0 -24 -12851 1 60 0
53 8 1100 0 6 -12851 0 55 0
54 12 609 742 -24 6 1 55 55
55 8 742 0 6 -12851 0 55 0
56 12 1100 742 -24 6 1 55 55
57 12 742 500 24 -6 1 55 55
58 12 742 609 -24 6 1 55 55
59 8 742 0 6 -12851 0 60 0
60 8 609 0 6 -12851 1 55 0
61 12 609 742 -24 6 1 55 55
62 12 742 609 24 -6 0 51 55
63 8 742 0 24 -12851 1 60 0
64 8 609 0 -24 -12851 1 60 0
65 8 500 0 -6 -12851 1 60 0
66 12 742 1100 -24 6 1 55 51
67 8 609 0 6 -12851 1 60 0
68 8 500 0 6 -12851 0 60 0
69 12 742 609 -24 6 1 55 55
70 8 903 0 -24 -12851 0 55 0
71 12 742 903 -24 6 1 51 55
72 8 1100 0 6 -12851 0 60 0
73 12 742 500 -24 6 1 55 51
74 8 742 0 -6 -12851 1 60 0
75 8 1100 0 -6 -12851 0 55 0
76 8 903 0 24 -12851 1 55 0
77 8 903 0 -24 -12851 1 60 0
78 12 500 742 24 -6 1 55 51
79 12 903 742 -24 6 1 51 55
80 8 500 0 24 -12851 1 55 0
81 12 742 609 24 -6 1 51 51
82 12 903 742 24 -6 1 51 51
83 8 1100 0 24 -12851 1 55 0
84 12 500 742 24 -6 1 55 55
85 8 1100 0 -24 -12851 1 55 0
86 12 903 742 24 -6 1 51 51
87 8 1100 0 -24 -12851 1 55 0
88 8 1100 0 -6 -12851 1 55 0
89 12 903 742 24 -6 1 51 51
90 12 742 903 24 -6 1 51 55
91 12 742 609 24 -6 1 51 51
92 8 742 0 -24 -12851 1 60 0
93 12 500 742 -24 6 1 55 55
94 8 1100 0 -24 -12851 1 55 0
95 8 903 0 -24 -12851 0 60 0
96 8 500 0 24 -12851 1 60 0
97 12 742 500 -24 6 1 51 55
98 8 609 0 6 -12851 1 55 0
99 12 742 1100 24 -6 1 51 51
100 8 742 0 6 -12851 0 55 0
101 12 742 609 24 -6 1 55 55
102 12 500 742 24 -6 1 55 55
103 8 903 0 -6 -12851 0 55 0
104 8 903 0 -24 -12851 1 55 0
105 8 500 0 -6 -12851 1 55 0
106 12 903 742 -24 6 1 55 55
107 12 903 742 24 -6 1 55 55
108 8 609 0 -6 -12851 1 55 0
109 12 742 609 24 -6 1 55 51
110 8 609 0 6 -12851 1 55 0
111 12 500 742 -24 6 1 55 55
112 12 742 609 -24 6 1 55 55
113 8 500 0 24 -12851 0 55 0
114 12 903 742 -24 6 1 51 51
115 8 742 0 24 -12851 1 60 0
116 8 609 0 6 -12851 1 60 0
117 8 609 0 -24 -12851 1 55 0
118 8 500 0 6 -12851 1 60 0
119 12 742 1100 -24 6 1 55 51
120 8 903 0 -24 -12851 1 55 0
121 12 500 742 24 -6 0 51 51
122 8 609 0 -24 -12851 1 60 0
123 8 500 0 -24 -12851 1 55 0
124 12 742 609 24 -6 1 51 55
125 12 1100 742 -24 6 1 51 51
126 12 1100 742 -24 6 1 51 51
127 8 500 0 6 -12851 0 60 0
128 8 1100 0 -24 -12851 1 60 0
129 12 742 1100 24 -6 1 55 55
130 8 903 0 -6 -12851 1 60 0
131 12 742 1100 24 -6 0 51 51
132 12 742 609 24 -6 1 55 51
133 8 903 0 24 -12851 1 55 0
134 8 1100 0 -6 -12851 0 60 0
135 12 500 742 -24 6 1 55 55
136 8 742 0 -6 -12851 1 55 0
137 8 1100 0 6 -12851 1 60 0
138 8 609 0 6 -12851 1 60 0
139 8 742 0 6 -12851 0 55 0
140 12 742 500 -24 6 1 51 55
141 8 742 0 6 -12851 0 55 0
142 8 609 0 -24 -12851 1 55 0
143 8 609 0 6 -12851 1 55 0
144 8 742 0 24 -12851 1 55 0
145 12 742 1100 24 -6 0 55 55
146 12 1100 742 24 -6 1 51 55
147 8 1100 0 -24 -12851 1 60 0
148 8 903 0 6 -12851 1 60 0
149 12 903 742 -24 6 0 55 51
150 8 903 0 -6 -12851 0 60 0
151 8 609 0 24 -12851 0 55 0
152 8 609 0 -24 -12851 1 60 0
153 8 500 0 24 -12851 0 55 0
154 12 500 742 -24 6 1 55 51
155 8 500 0 24 -12851 1 55 0
156 8 742 0 -24 -12851 1 60 0
157 8 1100 0 6 -12851 0 60 0
158 12 903 742 -24 6 1 55 51
159 12 742 903 -24 6 1 51 51
160 8 742 0 -6 -12851 0 55 0
161 8 500 0 -6 -12851 1 60 0
162 12 742 1100 -24 6 0 51 51
163 12 500 742 24 -6 1 51 55
164 8 903 0 -24 -12851 0 55 0
165 12 903 742 24 -6 1 51 51
166 8 1100 0 24 -12851 1 60 0
167 8 500 0 -24 -12851 1 55 0
168 12 1100 742 -24 6 1 55 55
169 12 742 500 -24 6 1 55 51
170 12 742 1100 24 -6 1 55 51
171 12 742 903 24 -6 0 51 55
172 8 500 0 -24 -12851 1 55 0
173 8 903 0 6 -12851 1 55 0
174 8 1100 0 24 -12851 1 55 0
175 12 1100 742 24 -6 1 55 55
176 8 500 0 6 -12851 1 55 0
177 8 500 0 24 -12851 1 60 0
178 12 1100 742 24 -6 1 51 51
179 8 903 0 -6 -12851 1 55 0
180 12 742 500 -24 6 1 51 55
181 8 903 0 -24 -12851 1 55 0
182 8 1100 0 24 -12851 0 55 0
183 8 609 0 -24 -12851 1 60 0
184 8 609 0 -24 -12851 1 60 0
185 12 742 903 -24 6 1 51 51
186 8 1100 0 6 -12851 1 60 0
187 12 742 500 -24 6 1 55 55
188 12 742 1100 -24 6 1 51 51
189 8 609 0 -6 -12851 0 60 0
190 8 742 0 -24 -12851 1 60 0
191 12 500 742 24 -6 1 55 51
192 8 742 0 24 -12851 1 55 0
193 12 742 609 24 -6 1 55 55
194 12 500 742 -24 6 1 51 55
195 12 1100 742 24 -6 1 55 51
196 8 742 0 6 -12851 1 55 0
197 8 500 0 -24 -12851 1 60 0
198 12 742 500 -24 6 0 55 51
199 12 742 500 -24 6 0 51 51
200 8 500 0 24 -12851 1 60 0
201 8 1100 0 -24 -12851 1 60 0
202 8 742 0 -24 -12851 1 60 0
203 8 903 0 6 -12851 0 55 0
204 8 903 0 -6 -12851 0 55 0
205 8 1100 0 -6 -12851 1 60 0
206 12 609 742 24 -6 1 55 55
207 12 742 500 -24 6 1 51 51
208 8 742 0 6 -12851 1 55 0
209 8 903 0 -6 -12851 1 55 0
210 12 500 742 -24 6 0 55 55
211 12 742 609 -24 6 0 55 51
212 12 742 500 -24 6 1 55 55
213 12 1100 742 -24 6 1 51 51
214 8 742 0 -24 -12851 0 55 0
215 8 1100 0 -24 -12851 1 55 0
216 12 903 742 24 -6 1 55 51
217 12 903 742 24 -6 1 51 51
218 8 609 0 6 -12851 0 55 0
219 8 609 0 24 -12851 1 55 0
220 12 500 742 -24 6 1 51 51
221 8 609 0 24 -12851 1 55 0
222 8 500 0 -24 -12851 1 55 0
223 12 742 1100 -24 6 1 51 55
224 8 500 0 6 -12851 1 55 0
225 8 609 0 -24 -12851 0 60 0
226 8 609 0 24 -12851 1 55 0
227 8 609 0 6 -12851 0 60 0
228 8 500 0 -24 -12851 1 60 0
229 8 903 0 -6 -12851 1 55 0
230 8 742 0 -24 -12851 1 60 0
231 8 903 0 6 -12851 1 55 0
232 8 500 0 -6 -12851 1 55 0
233 8 742 0 24 -12851 1 60 0
234 12 609 742 -24 6 1 51 51
235 8 1100 0 24 -12851 1 60 0
236 12 500 742 -24 6 0 51 51
237 12 742 609 24 -6 1 55 55
238 8 903 0 6 -12851 0 55 0
239 8 500 0 6 -12851 0 55 0
240 8 1100 0 24 -12851 1 55 0
241 12 742 903 -24 6 1 51 55
242 8 1100 0 24 -12851 1 55 0
243 8 609 0 24 -12851 1 60 0
244 8 742 0 -24 -12851 0 55 0
245 8 500 0 -6 -12851 0 55 0
246 12 742 500 -24 6 1 55 55
247 12 742 609 24 -6 1 55 51
248 12 609 742 -24 6 1 51 51
249 12 500 742 -24 6 1 55 55
250 12 500 742 24 -6 1 51 51
251 8 500 0 -24 -12851 0 55 0
252 12 1100 742 24 -6 1 55 55
253 8 903 0 6 -12851 1 60 0
254 8 1100 0 6 -12851 1 55 0
255 12 609 742 -24 6 1 51 51
256 8 1100 0 -24 -12851 0 55 0
257 12 500 742 24 -6 1 51 55
258 12 742 609 -24 6 1 55 55
259 8 500 0 -6 -12851 1 60 0
260 8 742 0 -6 -12851 1 60 0
261 12 903 742 -24 6 1 51 51
262 12 742 609 -24 6 0 51 55
263 12 500 742 -24 6 0 55 51
264 8 500 0 24 -12851 1 55 0
265 8 1100 0 -24 -12851 1 60 0
266 12 1100 742 24 -6 0 55 51
267 12 742 903 -24 6 1 55 55
268 8 903 0 -24 -12851 1 60 0
269 8 903 0 6 -12851 0 60 0
270 8 609 0 -6 -12851 0 55 0
271 12 1100 742 -24 6 0 51 51
272 8 742 0 6 -12851 1 60 0
273 12 742 903 24 -6 1 51 55
274 12 903 742 24 -6 0 55 55
275 12 903 742 -24 6 1 51 51
276 12 742 1100 -24 6 1 51 51
277 8 609 0 -24 -12851 1 60 0
278 12 1100 742 -24 6 1 51 55
279 12 742 500 24 -6 1 55 51
280 8 742 0 6 -12851 1 60 0
281 12 742 609 -24 6 0 55 55
282 8 609 0 -6 -12851 1 55 0
283 8 742 0 24 -12851 1 55 0
284 12 742 500 -24 6 1 51 55
285 12 742 1100 -24 6 0 55 51
286 12 609 742 24 -6 0 51 51
287 8 742 0 -24 -12851 1 55 0
288 12 742 903 24 -6 1 51 55
289 12 742 1100 -24 6 0 55 55
290 8 1100 0 24 -12851 1 55 0
291 12 903 742 24 -6 1 55 55
292 12 742 500 24 -6 0 51 55
293 8 742 0 6 -12851 1 60 0
294 12 500 742 -24 6 1 55 55
295 8 500 0 6 -12851 0 55 0
296 12 742 903 -24 6 1 51 51
297 8 1100 0 24 -12851 0 55 0
298 12 500 742 -24 6 0 55 55
299 12 742 1100 -24 6 1 51 51
300 12 1100 742 24 -6 0 55 55
301 8 609 0 24 -12851 1 55 0
302 12 500 742 24 -6 0 51 51
303 8 609 0 -24 -12851 1 60 0
304 8 903 0 -6 -12851 0 55 0
305 12 742 1100 24 -6 1 55 55
306 12 742 1100 -24 6 0 51 51
307 8 609 0 -24 -12851 1 60 0
308 8 742 0 6 -12851 1 55 0
309 12 903 742 -24 6 0 55 51
310 8 903 0 24 -12851 1 55 0
311 12 742 1100 24 -6 1 55 51
312 12 742 1100 -24 6 1 55 51
313 8 903 0 -24 -12851 1 55 0
314 8 500 0 -24 -12851 1 55 0
315 8 500 0 -6 -12851 1 60 0
316 8 1100 0 6 -12851 1 60 0
317 8 742 0 -6 -12851 1 60 0
318 12 609 742 -24 6 1 55 51
319 8 742 0 24 -12851 1 55 0
320 8 1100 0 -24 -12851 1 60 0
321 12 609 742 -24 6 1 51 51
322 12 903 742 -24 6 1 55 51
323 12 1100 742 24 -6 1 55 51
324 8 742 0 24 -12851 1 60 0
325 8 500 0 -6 -12851 1 55 0
326 8 1100 0 -6 -12851 1 60 0
327 8 609 0 24 -12851 1 55 0
328 12 903 742 24 -6 1 51 51
329 12 742 1100 24 -6 1 51 55
330 12 742 500 24 -6 1 55 51
331 8 609 0 -24 -12851 1 60 0
332 8 903 0 6 -12851 1 55 0
333 8 609 0 -6 -12851 0 60 0
334 8 742 0 24 -12851 1 55 0
335 8 903 0 6 -12851 0 60 0
336 12 742 903 24 -6 1 51 55
337 12 742 903 -24 6 0 51 55
338 12 1100 742 -24 6 1 55 55
339 12 903 742 24 -6 1 51 55
340 12 1100 742 24 -6 0 51 51
341 12 742 500 -24 6 1 51 55
342 12 742 1100 24 -6 1 51 51
343 8 903 0 -24 -12851 1 55 0
344 8 500 0 24 -12851 1 60 0
345 8 500 0 24 -12851 1 60 0
346 8 1100 0 6 -12851 1 55 0
347 12 742 609 24 -6 1 51 55
348 8 1100 0 6 -12851 1 55 0
349 8 1100 0 24 -12851 1 55 0
350 8 742 0 -24 -12851 1 60 0
351 12 500 742 24 -6 0 51 55
352 12 742 609 -24 6 1 51 51
353 12 742 500 -24 6 1 51 55
354 12 742 1100 -24 6 0 51 55
355 8 609 0 -24 -12851 0 60 0
356 8 1100 0 6 -12851 1 55 0
357 12 903 742 -24 6 1 55 55
358 12 742 903 24 -6 1 55 55
359 12 742 500 24 -6 1 55 51
360 12 742 1100 24 -6 1 55 55
361 12 742 609 -24 6 1 55 55
362 8 609 0 6 -12851 1 60 0
363 8 500 0 24 -12851 1 55 0
364 12 903 742 24 -6 1 51 51
365 12 1100 742 24 -6 1 51 51
366 8 742 0 24 -12851 1 55 0
367 12 742 609 -24 6 1 51 51
368 8 1100 0 6 -12851 1 55 0
369 8 903 0 6 -12851 1 55 0
370 12 609 742 -24 6 1 51 55
371 8 742 0 -6 -12851 1 60 0
372 12 742 903 -24 6 1 55 51
373 12 1100 742 24 -6 1 51 51
374 8 609 0 -6 -12851 1 60 0
375 8 903 0 -6 -12851 0 55 0
376 12 742 609 24 -6 1 51 51
377 12 903 742 -24 6 1 51 51
378 8 500 0 6 -12851 1 60 0
379 12 500 742 24 -6 1 51 51
380 8 500 0 6 -12851 0 55 0
381 8 903 0 -24 -12851 1 60 0
382 12 742 1100 -24 6 1 51 51
383 12 742 500 -24 6 1 55 51
384 12 742 903 24 -6 1 55 51
385 12 742 609 -24 6 1 51 55
386 12 742 500 -24 6 0 55 55
387 12 500 742 -24 6 0 55 55
388 12 903 742 -24 6 1 55 55
389 12 742 903 24 -6 1 55 55
390 12 1100 742 24 -6 0 51 55
391 12 742 609 -24 6 1 55 55
392 8 742 0 6 -12851 0 60 0
393 8 742 0 24 -12851 0 60 0
394 8 742 0 6 -12851 1 60 0
395 8 500 0 -24 -12851 1 60 0
396 12 742 609 -24 6 1 51 55
397 12 742 1100 24 -6 0 55 55
398 8 1100 0 24 -12851 0 55 0
399 12 500 742 24 -6 1 51 55
400 12 742 609 -24 6 1 55 55
401 12 742 609 -24 6 1 55 55
402 8 1100 0 -24 -12851 1 55 0
403 12 609 742 24 -6 1 55 51
404 12 609 742 24 -6 1 51 55
405 8 500 0 -24 -12851 1 60 0
406 8 1100 0 24 -12851 1 60 0
407 12 742 903 24 -6 0 55 55
408 8 903 0 -24 -12851 1 60 0
409 8 500 0 6 -12851 0 55 0
410 8 609 0 6 -12851 0 60 0
411 8 609 0 -6 -12851 0 60 0
412 8 742 0 -24 -12851 1 60 0
413 12 742 1100 24 -6 1 55 55
414 12 903 742 24 -6 0 51 55
415 12 742 609 -24 6 1 51 55
416 8 609 0 -6 -12851 0 55 0
417 8 903 0 -6 -12851 1 60 0
418 12 609 742 24 -6 1 55 51
419 8 903 0 24 -12851 1 55 0
420 8 500 0 -24 -12851 1 60 0
421 8 500 0 -6 -12851 1 55 0
422 12 742 500 24 -6 1 51 51
423 12 500 742 -24 6 1 55 55
424 8 609 0 -24 -12851 1 60 0
425 8 500 0 -24 -12851 1 55 0
426 12 742 1100 24 -6 1 55 51
427 8 609 0 -24 -12851 1 55 0
428 8 903 0 -6 -12851 0 60 0
429 12 742 500 -24 6 1 55 51
430 12 500 742 -24 6 1 55 51
431 8 500 0 -6 -12851 0 55 0
432 8 742 0 24 -12851 1 55 0
433 12 742 1100 24 -6 1 55 51
434 8 903 0 24 -12851 1 60 0
435 12 903 742 -24 6 1 55 55
436 12 742 500 24 -6 1 55 55
437 12 742 500 -24 6 0 55 55
438 12 609 742 24 -6 1 55 55
439 8 903 0 -6 -12851 0 55 0
440 8 609 0 -24 -12851 1 55 0
441 8 742 0 -24 -12851 1 60 0
442 12 742 903 24 -6 1 51 51
443 12 1100 742 24 -6 0 55 51
444 8 742 0 6 -12851 0 55 0
445 8 1100 0 24 -12851 1 60 0
446 8 1100 0 -6 -12851 0 60 0
447 12 742 903 -24 6 1 51 55
448 8 1100 0 -24 -12851 1 60 0
449 12 742 903 -24 6 0 55 55
450 12 609 742 24 -6 1 55 55
451 8 742 0 6 -12851 1 60 0
452 12 903 742 24 -6 0 51 51
453 12 1100 742 24 -6 1 51 55
454 12 1100 742 -24 6 1 51 55
455 12 500 742 24 -6 1 51 51
456 8 742 0 -6 -12851 0 55 0
457 8 742 0 24 -12851 0 55 0
458 8 609 0 -24 -12851 1 60 0
459 8 742 0 -6 -12851 1 55 0
460 12 742 903 24 -6 1 55 55
461 12 742 609 -24 6 1 51 51
462 12 742 903 24 -6 1 55 55
463 12 609 742 24 -6 0 51 51
464 8 1100 0 -6 -12851 0 60 0
465 12 1100 742 -24 6 0 55 51
466 12 500 742 -24 6 1 55 55
467 12 903 742 24 -6 1 51 55
468 12 742 609 -24 6 0 55 55
469 12 742 1100 24 -6 1 51 55
470 12 742 500 -24 6 0 51 55
471 8 903 0 24 -12851 1 60 0
472 8 500 0 -24 -12851 1 55 0
473 12 1100 742 24 -6 1 55 55
474 8 903 0 -6 -12851 1 60 0
475 12 500 742 -24 6 1 55 51
476 8 500 0 -24 -12851 1 60 0
477 8 1100 0 24 -12851 1 60 0
478 12 903 742 -24 6 1 51 51
479 8 500 0 -24 -12851 1 60 0
480 8 1100 0 6 -12851 0 60 0
481 12 1100 742 24 -6 1 55 51
482 12 1100 742 24 -6 1 55 55
483 12 500 742 -24 6 1 51 51
484 12 742 1100 -24 6 1 55 55
485 12 609 742 -24 6 1 55 55
486 8 903 0 6 -12851 0 60 0
487 12 500 742 24 -6 1 51 55
488 12 742 1100 -24 6 1 55 55
489 8 609 0 24 -12851 1 55 0
490 8 609 0 -24 -12851 0 60 0
491 12 742 500 -24 6 1 51 51
492 12 1100 742 -24 6 0 55 51
493 12 742 500 24 -6 1 51 51
494 8 500 0 -6 -12851 1 55 0
495 8 500 0 -24 -12851 1 55 0
496 12 742 903 24 -6 1 55 55
497 12 500 742 24 -6 1 55 55
498 12 1100 742 24 -6 1 51 55
499 12 903 742 24 -6 1 55 55
500 8 903 0 -24 -12851 1 55 0
501 12 742 500 -24 6 1 51 55
502 12 1100 742 -24 6 0 51 51
503 12 742 609 24 -6 0 51 55
504 12 742 903 -24 6 1 55 55
505 12 903 742 -24 6 1 51 51
506 8 609 0 -24 -12851 0 60 0
507 12 609 742 24 -6 0 55 55
508 12 1100 742 -24 6 1 55 51
509 12 903 742 24 -6 1 51 55
510 12 609 742 24 -6 1 51 51
511 8 903 0 -6 -12851 1 55 0
512 8 1100 0 -6 -12851 0 55 0
513 12 1100 742 -24 6 1 51 51
514 12 742 903 -24 6 1 51 51
515 8 1100 0 -6 -12851 1 60 0
516 8 903 0 6 -12851 0 55 0
517 8 609 0 -24 -12851 1 60 0
518 8 500 0 6 -12851 0 60 0
519 12 742 903 24 -6 0 55 55
520 12 742 1100 -24 6 0 55 51
521 8 1100 0 -24 -12851 1 55 0
522 12 742 609 -24 6 1 51 51
523 8 609 0 -24 -12851 0 60 0
524 8 742 0 -6 -12851 1 60 0
525 12 742 903 24 -6 1 55 51
526 8 742 0 6 -12851 0 60 0
527 8 742 0 6 -12851 0 60 0
528 8 500 0 6 -12851 1 55 0
529 8 609 0 24 -12851 1 55 0
530 8 609 0 6 -12851 1 60 0
531 8 500 0 -6 -12851 0 60 0
532 8 742 0 -24 -12851 1 55 0
533 12 1100 742 24 -6 1 51 51
534 12 742 903 24 -6 1 55 55
535 8 742 0 6 -12851 1 55 0
536 8 609 0 6 -12851 1 60 0
537 12 1100 742 24 -6 1 55 55
538 8 500 0 24 -12851 1 60 0
539 12 903 742 -24 6 1 55 51
540 12 500 742 -24 6 0 55 51
541 12 742 903 24 -6 1 55 55
542 12 742 500 24 -6 1 51 51
543 8 1100 0 6 -12851 1 55 0
544 12 500 742 -24 6 1 51 51
545 12 1100 742 24 -6 1 51 55
546 12 742 903 24 -6 0 51 51
547 8 609 0 24 -12851 1 55 0
548 12 742 609 24 -6 1 51 55
549 12 742 609 24 -6 1 55 55
550 8 903 0 6 -12851 1 60 0
551 8 500 0 6 -12851 1 60 0
552 12 742 1100 -24 6 1 51 55
553 8 1100 0 -24 -12851 1 55 0
554 12 1100 742 -24 6 0 51 55
555 12 742 1100 -24 6 1 55 55
556 12 742 500 24 -6 0 51 51
557 12 742 609 -24 6 1 51 55
558 8 1100 0 6 -12851 1 55 0
559 12 742 1100 -24 6 1 55 55
560 8 742 0 -6 -12851 0 55 0
561 8 903 0 24 -12851 1 55 0
562 8 903 0 -6 -12851 0 60 0
563 12 1100 742 24 -6 1 51 51
564 8 903 0 -6 -12851 0 60 0
565 12 742 609 -24 6 1 51 51
566 12 1100 742 -24 6 1 55 55
567 12 742 1100 -24 6 1 55 55
568 8 903 0 -6 -12851 1 55 0
569 12 1100 742 24 -6 1 51 51
570 8 500 0 24 -12851 1 55 0
571 12 742 500 24 -6 0 55 55
572 8 609 0 24 -12851 1 55 0
573 12 1100 742 -24 6 0 51 51
574 8 1100 0 -24 -12851 0 60 0
575 12 1100 742 24 -6 1 55 55
576 12 500 742 24 -6 1 51 51
577 12 742 609 -24 6 1 55 55
578 12 500 742 -24 6 1 55 51
579 8 1100 0 6 -12851 0 60 0
580 12 609 742 24 -6 1 51 55
581 12 500 742 -24 6 1 51 51
582 12 609 742 -24 6 1 51 51
583 8 500 0 -24 -12851 1 60 0
584 8 903 0 -6 -12851 0 55 0
585 8 903 0 24 -12851 1 60 0
586 12 903 742 -24 6 1 51 55
587 12 903 742 -24 6 1 51 55
588 12 609 742 -24 6 1 55 51
589 8 1100 0 -6 -12851 0 55 0
590 12 500 742 24 -6 1 51 55
591 12 742 609 24 -6 1 51 55
592 8 500 0 6 -12851 1 60 0
593 12 903 742 -24 6 0 51 55
594 8 742 0 -6 -12851 0 60 0
595 8 742 0 24 -12851 0 60 0
596 8 609 0 -24 -12851 0 55 0
597 8 742 0 6 -12851 0 60 0
598 12 1100 742 -24 6 0 55 51
599 8 609 0 6 -12851 0 55 0
600 8 1100 0 -6 -12851 0 55 0
601 12 500 742 -24 6 0 55 55
602 8 1100 0 6 -12851 0 55 0
603 12 903 742 24 -6 0 51 51
604 8 1100 0 -24 -12851 0 55 0
605 8 500 0 6 -12851 0 60 0
606 12 742 903 24 -6 0 55 55
607 12 742 903 -24 6 1 55 55
608 8 500 0 -6 -12851 1 55 0
609 8 903 0 6 -12851 1 60 0
610 8 500 0 -6 -12851 0 60 0
611 12 742 609 -24 6 1 51 55
612 12 742 609 -24 6 1 51 51
613 12 742 1100 -24 6 1 55 51
614 8 609 0 -6 -12851 1 60 0
615 12 742 1100 -24 6 0 51 51
616 12 742 609 24 -6 0 55 51
617 12 742 903 24 -6 0 55 55
618 8 609 0 -24 -12851 1 55 0
619 12 1100 742 24 -6 1 51 55
620 8 742 0 24 -12851 1 60 0
621 8 609 0 24 -12851 1 60 0
622 12 609 742 -24 6 1 55 55
623 8 742 0 6 -12851 0 55 0
624 8 742 0 -6 -12851 1 55 0
625 8 1100 0 6 -12851 0 55 0
626 8 903 0 -6 -12851 1 55 0
627 12 500 742 -24 6 0 55 51
628 12 742 903 -24 6 1 55 55
629 8 903 0 6 -12851 1 60 0
630 12 500 742 24 -6 0 55 55
631 12 1100 742 -24 6 0 55 55
632 12 1100 742 -24 6 0 55 55
633 8 500 0 24 -12851 1 60 0
634 12 1100 742 -24 6 1 51 55
635 8 500 0 24 -12851 1 55 0
636 12 500 742 -24 6 1 51 51
637 12 609 742 -24 6 0 51 51
638 12 742 1100 -24 6 0 51 55
639 12 1100 742 24 -6 0 55 55
640 8 903 0 -6 -12851 0 55 0
641 12 609 742 24 -6 1 51 55
642 12 903 742 -24 6 0 55 55
643 12 500 742 24 -6 1 51 51
644 8 1100 0 24 -12851 0 60 0
645 8 1100 0 -6 -12851 1 55 0
646 12 609 742 24 -6 0 51 51
647 8 500 0 6 -12851 1 55 0
648 12 742 903 -24 6 1 51 51
649 12 1100 742 -24 6 1 51 51
650 8 742 0 24 -12851 1 55 0
651 12 609 742 24 -6 0 55 55
652 8 500 0 6 -12851 1 55 0
653 12 500 742 24 -6 0 51 51
654 8 1100 0 -6 -12851 0 55 0
655 12 742 609 24 -6 0 51 55
656 12 742 500 24 -6 0 55 55
657 8 903 0 -6 -12851 1 60 0
658 12 742 1100 24 -6 1 55 51
659 8 903 0 24 -12851 1 60 0
660 8 609 0 -6 -12851 0 55 0
661 8 742 0 -24 -12851 0 60 0
662 8 609 0 -6 -12851 1 55 0
663 8 742 0 24 -12851 1 55 0
664 12 742 903 24 -6 1 55 51
665 12 742 500 24 -6 0 55 51
666 8 609 0 6 -12851 1 60 0
667 12 500 742 24 -6 1 51 51
668 12 742 1100 24 -6 0 51 51
669 8 1100 0 -24 -12851 0 60 0
670 8 1100 0 6 -12851 0 55 0
671 8 742 0 6 -12851 1 60 0
672 8 609 0 -24 -12851 1 60 0
673 12 1100 742 -24 6 0 51 51
674 8 1100 0 -24 -12851 1 55 0
675 8 609 0 24 -12851 0 60 0
676 8 500 0 6 -12851 0 60 0
677 12 742 1100 24 -6 0 55 51
678 8 742 0 -6 -12851 1 60 0
679 12 742 903 24 -6 1 51 51
680 8 1100 0 6 -12851 1 55 0
681 12 742 609 -24 6 1 55 55
682 12 500 742 24 -6 1 51 51
683 8 903 0 -6 -12851 0 55 0
684 12 742 903 24 -6 1 55 55
685 8 742 0 24 -12851 1 60 0
686 12 742 1100 -24 6 1 51 51
687 8 609 0 -6 -12851 1 60 0
688 8 903 0 -6 -12851 1 55 0
689 8 500 0 24 -12851 0 60 0
690 8 500 0 -6 -12851 1 60 0
691 12 742 1100 -24 6 0 51 51
692 8 903 0 6 -12851 0 55 0
693 8 742 0 6 -12851 1 55 0
694 12 903 742 -24 6 1 51 55
695 12 742 500 24 -6 0 51 51
696 12 903 742 24 -6 1 51 51
697 8 742 0 -6 -12851 0 60 0
698 8 500 0 6 -12851 1 60 0
699 8 903 0 -6 -12851 0 60 0
700 8 903 0 -24 -12851 1 55 0
701 12 742 1100 24 -6 1 55 55
702 8 742 0 24 -12851 1 55 0
703 8 1100 0 -6 -12851 0 55 0
704 8 742 0 6 -12851 1 60 0
705 8 1100 0 -24 -12851 0 55 0
706 12 742 609 24 -6 1 55 55
707 12 742 609 -24 6 1 51 51
708 12 1100 742 -24 6 1 55 51
709 12 742 903 24 -6 0 55 55
710 8 609 0 6 -12851 0 55 0
711 8 609 0 6 -12851 0 55 0
712 12 1100 742 -24 6 1 51 55
713 12 742 609 -24 6 1 55 55
714 12 742 1100 -24 6 0 51 55
715 12 742 500 24 -6 1 55 51
716 8 500 0 24 -12851 0 55 0
717 12 742 1100 24 -6 0 51 51
718 12 742 609 24 -6 0 51 55
719 12 742 609 24 -6 0 51 51
720 8 903 0 -6 -12851 0 60 0
721 12 742 903 24 -6 0 51 51
722 8 500 0 -24 -12851 0 55 0
723 12 742 500 -24 6 0 55 55
724 12 903 742 -24 6 1 51 55
725 8 609 0 24 -12851 1 55 0
726 12 742 1100 -24 6 1 55 51
727 12 500 742 24 -6 0 51 51
728 8 1100 0 6 -12851 1 60 0
729 12 742 903 24 -6 1 51 51
730 12 609 742 -24 6 1 55 51
731 8 903 0 -6 -12851 1 60 0
732 12 500 742 24 -6 0 51 55
733 8 903 0 -24 -12851 0 55 0
734 8 1100 0 -6 -12851 0 60 0
735 12 903 742 24 -6 1 51 55
736 8 500 0 6 -12851 1 60 0
737 8 1100 0 -24 -12851 0 55 0
738 8 609 0 -24 -12851 1 60 0
739 12 903 742 -24 6 1 55 51
740 8 500 0 24 -12851 0 60 0
741 8 1100 0 24 -12851 1 60 0
742 12 903 742 24 -6 1 55 51
743 12 742 500 24 -6 0 55 55
744 12 1100 742 -24 6 0 51 55
745 12 1100 742 -24 6 1 51 55
746 12 1100 742 -24 6 1 55 51
747 8 500 0 24 -12851 0 60 0
748 8 609 0 -24 -12851 1 55 0
749 12 500 742 -24 6 1 51 51
750 12 609 742 24 -6 0 51 55
751 8 742 0 6 -12851 0 60 0
752 12 903 742 -24 6 0 51 55
753 8 742 0 -24 -12851 1 55 0
754 8 609 0 24 -12851 1 55 0
755 8 742 0 6 -12851 0 60 0
756 12 742 609 24 -6 0 51 51
757 8 903 0 24 -12851 0 55 0
758 12 609 742 -24 6 0 55 55
759 8 903 0 6 -12851 0 60 0
760 12 609 742 -24 6 0 55 55
761 8 1100 0 -24 -12851 0 55 0
762 8 1100 0 6 -12851 0 60 0
763 12 609 742 24 -6 1 51 51
764 12 742 500 -24 6 1 51 55
765 12 1100 742 24 -6 1 51 51
766 12 1100 742 -24 6 1 51 51
767 12 742 500 -24 6 0 55 55
768 12 609 742 24 -6 1 55 51
769 12 903 742 24 -6 0 51 55
770 12 742 609 -24 6 1 51 51
771 12 1100 742 24 -6 1 55 55
772 12 742 1100 -24 6 0 55 55
773 12 609 742 -24 6 0 51 55
774 8 903 0 -6 -12851 0 60 0
775 8 742 0 24 -12851 0 60 0
776 8 1100 0 -24 -12851 0 60 0
777 12 609 742 -24 6 0 51 55
778 8 742 0 -6 -12851 0 60 0
779 8 1100 0 24 -12851 1 60 0
780 12 742 609 -24 6 0 51 51
781 12 1100 742 -24 6 1 55 55
782 8 609 0 -6 -12851 0 55 0
783 12 500 742 -24 6 1 51 51
784 8 500 0 24 -12851 1 60 0
785 8 742 0 -24 -12851 1 60 0
786 12 742 1100 -24 6 1 51 51
787 8 500 0 24 -12851 1 60 0
788 12 742 903 -24 6 0 55 51
789 12 609 742 24 -6 1 51 51
790 8 609 0 -6 -12851 1 55 0
791 12 742 903 -24 6 0 51 55
792 8 903 0 -6 -12851 0 55 0
793 12 903 742 -24 6 0 55 55
794 8 903 0 -6 -12851 1 60 0
795 12 1100 742 -24 6 1 55 55
796 8 609 0 6 -12851 1 60 0
797 8 500 0 -24 -12851 0 60 0
798 8 500 0 24 -12851 0 60 0
799 8 500 0 6 -12851 0 60 0
800 8 903 0 24 -12851 0 60 0
801 8 609 0 -6 -12851 1 60 0
802 12 742 500 24 -6 1 51 51
803 12 742 1100 -24 6 1 51 51
804 12 742 1100 -24 6 0 55 51
805 8 903 0 -24 -12851 0 60 0
806 12 1100 742 24 -6 0 51 55
807 12 742 903 -24 6 0 55 55
808 8 1100 0 -24 -12851 0 60 0
809 12 742 1100 -24 6 0 51 55
810 12 742 609 24 -6 0 55 55
811 8 1100 0 -6 -12851 0 55 0
812 12 903 742 -24 6 0 51 55
813 8 903 0 -6 -12851 1 55 0
814 12 742 903 -24 6 1 55 55
815 12 500 742 -24 6 1 51 51
816 12 742 1100 24 -6 1 51 55
817 8 609 0 -6 -12851 1 55 0
818 8 500 0 -24 -12851 1 60 0
819 12 742 500 -24 6 1 51 55
820 8 1100 0 24 -12851 0 60 0
821 8 609 0 24 -12851 1 55 0
822 12 903 742 -24 6 1 51 55
823 12 742 609 -24 6 1 51 51
824 12 742 500 24 -6 0 55 55
825 12 742 903 24 -6 0 55 51
826 12 742 609 24 -6 0 51 51
827 12 903 742 -24 6 0 51 51
828 8 742 0 -24 -12851 0 55 0
829 8 742 0 -24 -12851 1 60 0
830 8 742 0 24 -12851 1 60 0
831 8 500 0 6 -12851 1 55 0
832 12 1100 742 24 -6 1 51 55
833 8 609 0 -24 -12851 1 60 0
834 8 609 0 24 -12851 1 55 0
835 12 742 1100 -24 6 1 55 51
836 8 500 0 -6 -12851 0 55 0
837 12 500 742 24 -6 0 51 51
838 8 742 0 -6 -12851 1 55 0
839 12 742 609 -24 6 1 51 51
840 8 742 0 6 -12851 0 55 0
841 12 500 742 24 -6 1 51 51
842 12 500 742 24 -6 0 51 51
843 12 609 742 24 -6 0 55 51
844 8 609 0 6 -12851 0 55 0
845 12 903 742 24 -6 0 51 55
846 12 742 1100 24 -6 0 51 51
847 8 500 0 -6 -12851 1 60 0
848 12 742 1100 -24 6 1 55 55
849 12 742 903 -24 6 0 55 51
850 8 1100 0 -6 -12851 1 60 0
851 8 609 0 6 -12851 0 60 0
852 12 742 500 24 -6 1 55 55
853 8 903 0 24 -12851 1 60 0
854 12 742 500 24 -6 0 51 55
855 8 500 0 -6 -12851 1 55 0
856 8 1100 0 24 -12851 1 60 0
857 8 1100 0 6 -12851 0 55 0
858 8 742 0 6 -12851 0 60 0
859 8 903 0 -24 -12851 1 60 0
860 8 903 0 6 -12851 0 60 0
861 12 1100 742 -24 6 1 55 55
862 12 742 609 24 -6 1 55 51
863 12 742 903 -24 6 1 51 55
864 8 1100 0 -24 -12851 1 60 0
865 8 1100 0 24 -12851 1 55 0
866 8 1100 0 6 -12851 0 55 0
867 12 742 609 -24 6 0 55 51
868 12 742 1100 -24 6 0 51 55
869 12 742 903 24 -6 0 55 51
870 8 742 0 -24 -12851 1 60 0
871 8 1100 0 -6 -12851 0 55 0
872 8 903 0 24 -12851 0 55 0
873 8 500 0 -6 -12851 0 55 0
874 8 609 0 -24 -12851 1 60 0
875 8 742 0 24 -12851 1 60 0
876 12 742 500 24 -6 0 55 51
877 8 903 0 24 -12851 1 60 0
878 8 903 0 24 -12851 0 60 0
879 8 500 0 6 -12851 0 60 0
880 12 609 742 24 -6 1 51 51
881 8 609 0 -6 -12851 1 60 0
882 12 500 742 -24 6 0 51 55
883 8 609 0 -6 -12851 1 60 0
