248 12 609 742 24 -6 0 55 51
249 12 903 742 24 -6 0 51 55
250 12 742 903 24 -6 0 55 55
251 12 609 742 24 -6 0 51 51
252 12 500 742 24 -6 1 51 55
253 8 903 0 6 -12851 1 60 0
254 12 742 1100 -24 6 0 55 51
255 8 1100 0 -6 -12851 0 60 0
256 8 1100 0 24 -12851 0 55 0
257 8 742 0 24 -12851 0 55 0
258 12 742 903 -24 6 1 51 51
259 12 742 500 -24 6 1 55 51
260 12 609 742 24 -6 0 55 55
261 12 742 500 -24 6 0 51 51
262 12 609 742 24 -6 0 51 51
263 8 742 0 6 -12851 1 55 0
264 8 742 0 24 -12851 0 55 0
265 12 742 500 -24 6 1 55 55
266 12 1100 742 -24 6 1 55 51
267 8 742 0 -24 -12851 1 60 0
268 12 742 903 -24 6 1 51 51
269 12 742 500 24 -6 0 55 55
270 12 742 609 -24 6 0 55 55
271 8 742 0 24 -12851 1 55 0
272 12 903 742 -24 6 1 55 51
273 8 609 0 -6 -12851 0 60 0
274 8 903 0 -24 -12851 0 60 0
275 12 742 609 24 -6 0 51 55
276 12 903 742 24 -6 0 55 55
277 8 500 0 -6 -12851 1 55 0
278 8 500 0 -24 -12851 1 60 0
279 12 500 742 -24 6 1 51 51
280 8 742 0 -6 -12851 1 60 0
281 12 742 500 24 -6 0 51 55
282 12 500 742 -24 6 0 51 55
283 12 609 742 24 -6 1 51 51
284 8 903 0 -24 -12851 1 55 0
285 8 903 0 6 -12851 1 55 0
286 12 500 742 24 -6 0 51 51
287 12 742 500 -24 6 0 51 51
288 12 500 742 24 -6 1 55 51
289 8 609 0 -24 -12851 1 60 0
290 12 903 742 24 -6 1 51 51
291 8 1100 0 -6 -12851 1 55 0
292 8 609 0 6 -12851 1 55 0
293 12 903 742 24 -6 1 51 51
294 8 500 0 -24 -12851 1 55 0
295 12 742 903 24 -6 1 51 51
296 8 1100 0 6 -12851 1 60 0
297 12 742 609 -24 6 1 55 55
298 12 500 742 -24 6 1 55 55
299 8 1100 0 24 -12851 1 60 0
300 8 500 0 6 -12851 1 60 0
301 12 903 742 -24 6 1 55 55
302 8 500 0 -6 -12851 1 55 0
303 12 742 903 -24 6 1 51 51
304 8 609 0 -24 -12851 0 60 0
305 8 500 0 -6 -12851 1 60 0
306 8 903 0 24 -12851 1 55 0
307 8 903 0 24 -12851 0 55 0
308 12 742 1100 24 -6 1 55 55
309 12 609 742 -24 6 1 55 51
310 12 742 609 -24 6 1 51 51
311 12 1100 742 24 -6 0 55 51
312 8 903 0 -6 -12851 1 55 0
313 8 609 0 -24 -12851 0 60 0
314 8 500 0 6 -12851 1 55 0
315 8 609 0 -6 -12851 1 55 0
316 8 742 0 24 -12851 0 55 0
317 12 742 500 24 -6 0 51 51
318 12 742 1100 24 -6 1 55 55
319 12 903 742 24 -6 1 55 55
320 8 742 0 24 -12851 1 60 0
321 8 742 0 24 -12851 1 55 0
322 8 1100 0 -6 -12851 1 60 0
323 8 1100 0 -24 -12851 1 55 0
324 8 1100 0 -6 -12851 0 60 0
325 8 903 0 -24 -12851 1 55 0
326 8 903 0 -24 -12851 1 60 0
327 8 609 0 -24 -12851 1 60 0
328 8 742 0 -6 -12851 1 55 0
329 8 1100 0 24 -12851 1 55 0
330 12 742 500 24 -6 1 51 55
331 8 1100 0 -6 -12851 1 60 0
332 12 742 903 24 -6 1 51 51
333 12 742 500 -24 6 1 51 51
334 12 903 742 24 -6 0 55 55
335 8 500 0 6 -12851 1 55 0
336 12 742 1100 24 -6 1 55 55
337 8 903 0 -24 -12851 1 55 0
338 12 903 742 24 -6 1 51 55
339 8 609 0 24 -12851 0 60 0
340 8 1100 0 24 -12851 1 55 0
341 8 500 0 -6 -12851 1 55 0
342 8 742 0 -24 -12851 1 55 0
343 12 742 500 24 -6 1 51 55
344 12 742 500 -24 6 1 51 51
345 8 500 0 -24 -12851 1 55 0
346 12 903 742 -24 6 0 55 51
347 12 1100 742 24 -6 1 51 55
348 12 609 742 24 -6 0 51 51
349 8 742 0 6 -12851 1 55 0
350 12 1100 742 24 -6 0 51 55
351 8 609 0 6 -12851 1 60 0
352 8 903 0 -24 -12851 1 60 0
353 12 742 1100 24 -6 1 55 51
354 8 742 0 -24 -12851 1 55 0
355 12 742 500 24 -6 0 51 55
356 12 742 1100 -24 6 1 55 51
357 12 742 903 -24 6 0 55 55
358 12 903 742 24 -6 0 51 55
359 12 742 903 24 -6 1 55 51
360 12 609 742 24 -6 1 51 55
361 12 742 1100 -24 6 1 55 55
362 8 742 0 -24 -12851 1 55 0
363 12 742 903 24 -6 1 51 55
364 12 742 500 -24 6 1 51 55
365 8 609 0 -6 -12851 1 55 0
366 12 903 742 -24 6 1 55 55
367 8 500 0 24 -12851 1 55 0
368 12 903 742 24 -6 0 55 51
369 12 609 742 -24 6 1 55 55
370 8 903 0 6 -12851 1 55 0
371 12 742 1100 -24 6 1 51 51
372 12 903 742 24 -6 1 55 51
373 8 903 0 24 -12851 1 60 0
374 8 609 0 24 -12851 1 55 0
375 8 742 0 -24 -12851 0 55 0
376 8 1100 0 6 -12851 0 60 0
377 8 1100 0 24 -12851 1 55 0
378 8 609 0 -6 -12851 1 60 0
379 8 903 0 24 -12851 1 60 0
380 12 742 609 -24 6 0 51 51
381 8 500 0 -24 -12851 1 60 0
382 12 742 903 -24 6 1 51 51
383 8 1100 0 24 -12851 1 60 0
384 12 742 903 -24 6 0 51 51
385 12 609 742 -24 6 1 55 51
386 8 742 0 -24 -12851 1 55 0
387 12 609 742 24 -6 1 51 51
388 12 500 742 24 -6 1 51 51
389 12 903 742 24 -6 0 51 51
390 8 500 0 6 -12851 0 60 0
391 12 903 742 24 -6 0 51 55
392 8 609 0 -24 -12851 1 55 0
393 8 609 0 6 -12851 0 55 0
394 12 609 742 -24 6 1 51 55
395 8 500 0 24 -12851 1 55 0
396 12 742 1100 -24 6 1 51 55
397 8 1100 0 -6 -12851 1 55 0
398 8 500 0 6 -12851 1 55 0
399 12 742 1100 24 -6 0 55 55
400 12 1100 742 24 -6 1 51 51
401 8 742 0 -24 -12851 1 55 0
402 8 742 0 -24 -12851 1 60 0
403 8 742 0 -6 -12851 1 55 0
404 12 903 742 -24 6 0 55 55
405 12 742 609 -24 6 0 55 55
406 8 1100 0 6 -12851 1 55 0
407 12 609 742 24 -6 1 55 55
408 12 1100 742 24 -6 1 51 51
409 12 742 609 -24 6 1 55 55
410 8 1100 0 -24 -12851 1 60 0
411 12 609 742 24 -6 1 55 55
412 12 742 903 24 -6 0 51 51
413 8 500 0 24 -12851 1 55 0
414 12 500 742 24 -6 1 55 55
415 8 609 0 24 -12851 0 60 0
416 8 903 0 6 -12851 1 60 0
417 8 609 0 24 -12851 1 60 0
418 8 903 0 -24 -12851 1 60 0
419 12 742 609 24 -6 1 55 51
420 12 500 742 -24 6 0 51 55
421 12 609 742 -24 6 0 55 51
422 8 903 0 6 -12851 0 60 0
423 12 742 500 24 -6 0 55 55
424 12 500 742 24 -6 0 55 55
425 8 609 0 6 -12851 0 60 0
426 12 1100 742 24 -6 0 51 55
427 12 1100 742 -24 6 1 51 51
428 8 609 0 -24 -12851 1 60 0
429 12 742 609 -24 6 1 51 55
430 12 903 742 -24 6 1 51 55
431 12 1100 742 24 -6 1 51 51
432 8 500 0 -24 -12851 1 60 0
433 12 742 1100 24 -6 1 55 51
434 12 742 1100 -24 6 0 51 51
435 8 609 0 -24 -12851 1 60 0
436 12 742 903 24 -6 1 55 55
437 8 500 0 -24 -12851 1 55 0
438 8 500 0 -24 -12851 1 55 0
439 12 609 742 24 -6 1 51 55
440 8 1100 0 6 -12851 1 60 0
441 8 742 0 -24 -12851 1 55 0
442 12 903 742 -24 6 0 55 55
443 12 500 742 24 -6 1 51 51
444 12 742 609 24 -6 1 51 51
445 8 609 0 6 -12851 1 55 0
446 8 742 0 -6 -12851 0 60 0
447 8 742 0 -24 -12851 1 60 0
448 8 1100 0 -6 -12851 1 60 0
449 12 742 609 24 -6 1 51 51
450 8 1100 0 6 -12851 1 60 0
451 12 609 742 -24 6 1 51 55
452 8 903 0 -6 -12851 1 55 0
453 8 903 0 24 -12851 0 60 0
454 8 903 0 -24 -12851 0 60 0
455 12 1100 742 -24 6 0 55 55
456 8 500 0 -6 -12851 1 60 0
457 8 500 0 -24 -12851 1 60 0
458 12 1100 742 24 -6 1 55 55
459 12 1100 742 24 -6 1 51 51
460 8 609 0 24 -12851 1 60 0
461 12 742 500 24 -6 1 55 55
462 12 500 742 24 -6 1 51 55
463 12 742 609 -24 6 1 55 55
464 8 742 0 -6 -12851 1 55 0
465 12 500 742 -24 6 1 55 51
466 12 742 500 24 -6 0 51 51
467 8 500 0 6 -12851 0 60 0
468 12 742 1100 24 -6 1 51 51
469 12 742 1100 -24 6 1 51 51
470 8 609 0 6 -12851 1 60 0
471 12 500 742 24 -6 0 55 55
472 8 500 0 24 -12851 1 60 0
473 12 742 1100 -24 6 1 51 51
474 8 609 0 -6 -12851 1 55 0
475 8 1100 0 24 -12851 1 60 0
476 12 742 1100 24 -6 1 55 55
477 8 903 0 -6 -12851 1 60 0
478 8 903 0 6 -12851 1 60 0
479 8 903 0 -24 -12851 1 55 0
480 12 1100 742 -24 6 1 55 51
481 12 609 742 24 -6 1 55 51
482 8 1100 0 6 -12851 1 60 0
483 8 1100 0 -6 -12851 1 55 0
484 12 742 500 -24 6 0 51 51
485 12 742 903 -24 6 0 51 55
486 8 742 0 -6 -12851 1 60 0
487 8 742 0 -24 -12851 1 60 0
488 8 903 0 6 -12851 1 60 0
489 12 742 1100 -24 6 1 55 51
490 12 903 742 -24 6 1 51 51
491 12 1100 742 -24 6 1 51 55
492 12 742 609 -24 6 1 55 55
493 12 1100 742 -24 6 1 51 51
494 12 500 742 24 -6 0 51 55
495 8 903 0 -24 -12851 1 55 0
496 8 609 0 24 -12851 1 55 0
497 12 742 500 24 -6 1 51 51
498 12 903 742 24 -6 0 51 55
499 12 742 500 24 -6 0 51 51
500 8 742 0 6 -12851 0 55 0
501 12 742 1100 -24 6 1 51 55
502 8 1100 0 -6 -12851 1 55 0
503 8 609 0 6 -12851 1 60 0
504 8 1100 0 -6 -12851 1 60 0
505 12 742 1100 24 -6 0 55 55
506 12 742 500 24 -6 1 55 55
507 8 609 0 6 -12851 1 60 0
508 12 742 500 24 -6 0 55 51
509 8 1100 0 -6 -12851 1 55 0
510 12 1100 742 -24 6 1 55 51
511 8 500 0 6 -12851 1 60 0
512 12 742 903 -24 6 1 55 51
