229 12 742 903 -24 6 0 55 51
230 12 742 1100 -24 6 0 51 55
231 12 742 500 -24 6 1 51 51
232 8 1100 0 -6 -12851 1 60 0
233 8 742 0 24 -12851 1 55 0
234 12 742 903 24 -6 1 51 51
235 8 500 0 -24 -12851 0 55 0
236 12 500 742 -24 6 0 55 55
237 8 903 0 -24 -12851 0 60 0
238 8 903 0 24 -12851 1 55 0
239 8 609 0 6 -12851 1 60 0
240 12 500 742 -24 6 0 51 51
241 12 500 742 24 -6 0 51 51
242 8 609 0 6 -12851 1 60 0
243 12 1100 742 24 -6 1 51 51
244 12 742 609 24 -6 1 55 55
245 8 500 0 6 -12851 1 55 0
246 8 500 0 -24 -12851 1 55 0
247 8 1100 0 -6 -12851 0 55 0
248 8 500 0 -24 -12851 1 60 0
249 12 609 742 24 -6 1 51 51
250 8 1100 0 -6 -12851 1 60 0
251 8 1100 0 -24 -12851 1 55 0
252 12 903 742 24 -6 0 55 55
253 12 500 742 -24 6 0 55 55
254 12 609 742 24 -6 0 51 55
255 8 609 0 -24 -12851 0 55 0
256 12 742 609 -24 6 0 55 51
257 8 609 0 24 -12851 0 60 0
258 8 742 0 -6 -12851 0 60 0
259 8 742 0 -6 -12851 0 55 0
260 12 742 1100 -24 6 1 55 51
261 12 742 1100 24 -6 0 51 51
262 8 742 0 -24 -12851 1 55 0
263 12 500 742 -24 6 1 55 51
264 12 742 500 -24 6 1 55 55
265 12 1100 742 -24 6 1 55 51
266 12 1100 742 -24 6 1 55 51
267 12 742 609 24 -6 1 55 55
268 12 742 609 24 -6 1 51 55
269 8 903 0 24 -12851 1 60 0
270 12 742 609 -24 6 0 55 51
271 8 903 0 -24 -12851 1 55 0
272 12 1100 742 -24 6 1 55 51
273 12 742 500 24 -6 0 55 51
274 12 609 742 -24 6 1 55 55
275 8 903 0 -6 -12851 1 60 0
276 8 500 0 6 -12851 1 55 0
277 12 500 742 24 -6 1 51 51
278 12 742 609 24 -6 0 55 55
279 12 742 609 -24 6 1 55 55
280 12 903 742 -24 6 1 51 55
281 8 500 0 -6 -12851 1 55 0
282 12 742 1100 -24 6 0 51 55
283 8 742 0 -24 -12851 1 60 0
284 12 609 742 -24 6 1 55 51
285 12 742 609 -24 6 0 51 51
286 8 609 0 24 -12851 1 60 0
287 8 1100 0 24 -12851 0 55 0
288 8 500 0 24 -12851 1 60 0
289 8 742 0 24 -12851 0 55 0
290 8 500 0 -24 -12851 0 60 0
291 12 742 903 24 -6 1 51 55
292 8 609 0 -6 -12851 0 55 0
293 12 500 742 -24 6 1 55 55
294 12 1100 742 24 -6 0 55 55
295 8 903 0 -24 -12851 1 60 0
296 12 903 742 -24 6 1 51 55
297 12 742 903 24 -6 0 51 51
298 12 742 1100 24 -6 0 55 51
299 12 742 903 24 -6 1 55 55
300 12 742 500 24 -6 1 55 51
301 12 609 742 24 -6 0 55 55
302 12 903 742 -24 6 1 51 51
303 8 742 0 6 -12851 0 60 0
304 8 1100 0 -24 -12851 1 60 0
305 8 1100 0 24 -12851 0 55 0
306 12 742 1100 24 -6 0 55 51
307 8 903 0 6 -12851 1 60 0
308 12 742 903 24 -6 0 51 55
309 8 609 0 24 -12851 0 60 0
310 8 903 0 -24 -12851 1 60 0
311 12 903 742 24 -6 0 51 51
312 8 742 0 24 -12851 0 60 0
313 8 742 0 6 -12851 1 55 0
314 12 609 742 -24 6 1 55 51
315 12 742 1100 24 -6 0 55 51
316 8 903 0 -6 -12851 0 55 0
317 12 609 742 24 -6 0 51 55
318 8 500 0 24 -12851 1 60 0
319 8 742 0 6 -12851 0 60 0
320 8 609 0 24 -12851 1 55 0
321 8 1100 0 -24 -12851 0 55 0
322 8 742 0 6 -12851 1 55 0
323 8 903 0 6 -12851 1 60 0
324 8 903 0 -24 -12851 0 55 0
325 12 500 742 -24 6 1 51 55
326 12 742 500 24 -6 1 51 51
327 8 1100 0 6 -12851 0 55 0
328 8 609 0 -24 -12851 1 60 0
329 8 609 0 6 -12851 1 55 0
330 8 500 0 -6 -12851 0 60 0
331 8 1100 0 -6 -12851 0 60 0
332 12 742 1100 -24 6 1 55 55
333 12 742 903 -24 6 1 55 51
334 8 500 0 -6 -12851 0 55 0
335 12 742 500 -24 6 1 51 51
336 12 1100 742 24 -6 0 55 55
337 8 903 0 24 -12851 1 60 0
338 12 742 500 -24 6 1 55 51
339 12 742 609 -24 6 1 51 55
340 8 903 0 -6 -12851 1 55 0
341 12 742 903 24 -6 0 51 55
342 12 903 742 -24 6 1 51 51
343 8 609 0 -6 -12851 0 60 0
344 12 500 742 24 -6 1 51 55
345 8 1100 0 -24 -12851 0 60 0
346 12 742 500 -24 6 1 55 51
347 12 742 903 -24 6 1 55 51
348 8 500 0 -24 -12851 1 55 0
349 8 1100 0 6 -12851 0 60 0
350 12 742 500 24 -6 1 55 55
351 12 742 500 24 -6 1 55 55
352 12 742 500 24 -6 1 55 51
353 8 1100 0 24 -12851 1 55 0
354 8 500 0 6 -12851 0 60 0
355 8 609 0 -6 -12851 1 55 0
356 8 500 0 6 -12851 0 55 0
357 8 742 0 6 -12851 1 55 0
358 8 609 0 -6 -12851 0 60 0
359 8 903 0 -6 -12851 1 55 0
360 12 742 903 24 -6 1 51 51
361 12 903 742 -24 6 1 51 55
362 8 742 0 -6 -12851 0 55 0
363 12 1100 742 24 -6 1 55 55
364 12 742 1100 -24 6 1 51 51
365 12 742 500 -24 6 0 51 51
366 12 742 903 -24 6 1 51 55
367 12 1100 742 -24 6 0 55 51
368 12 903 742 24 -6 1 51 55
369 8 903 0 24 -12851 0 55 0
370 8 742 0 -6 -12851 1 55 0
371 12 903 742 24 -6 0 55 55
372 8 609 0 -6 -12851 0 55 0
373 12 500 742 -24 6 1 51 51
374 12 742 1100 -24 6 1 51 51
375 12 742 609 -24 6 1 51 55
376 12 742 609 -24 6 1 55 51
377 12 500 742 -24 6 1 55 51
378 12 742 500 24 -6 1 51 51
379 8 609 0 6 -12851 0 60 0
380 12 742 609 -24 6 1 51 51
381 8 500 0 -24 -12851 1 60 0
382 12 903 742 -24 6 1 55 51
383 12 903 742 24 -6 1 55 51
384 8 500 0 -6 -12851 1 55 0
385 8 1100 0 24 -12851 1 60 0
386 8 500 0 6 -12851 1 55 0
387 8 1100 0 6 -12851 0 55 0
388 8 1100 0 6 -12851 0 60 0
389 8 609 0 6 -12851 0 60 0
390 12 742 1100 -24 6 1 55 51
391 12 742 500 24 -6 1 51 51
392 12 742 1100 -24 6 1 55 51
393 12 903 742 24 -6 0 51 55
394 12 500 742 -24 6 1 55 51
395 8 609 0 -6 -12851 0 55 0
396 8 742 0 -24 -12851 1 60 0
397 12 742 903 24 -6 1 51 55
398 8 742 0 -6 -12851 1 60 0
399 8 742 0 24 -12851 0 60 0
400 8 903 0 6 -12851 1 60 0
401 12 742 903 24 -6 1 55 55
402 12 742 609 24 -6 1 55 51
403 8 903 0 24 -12851 1 60 0
404 12 609 742 24 -6 0 51 51
405 8 903 0 -24 -12851 1 60 0
406 12 500 742 -24 6 1 51 51
407 8 903 0 6 -12851 0 60 0
408 8 903 0 6 -12851 1 55 0
409 8 742 0 6 -12851 1 60 0
410 12 609 742 -24 6 1 55 55
411 8 742 0 -6 -12851 1 55 0
412 8 742 0 24 -12851 1 55 0
413 8 609 0 24 -12851 0 60 0
414 8 1100 0 24 -12851 1 60 0
415 12 742 500 24 -6 0 55 51
416 8 1100 0 6 -12851 0 55 0
417 12 742 500 24 -6 1 55 51
418 8 500 0 -6 -12851 1 55 0
419 12 1100 742 24 -6 1 51 55
420 8 903 0 -6 -12851 1 55 0
421 12 1100 742 24 -6 1 55 55
422 12 1100 742 -24 6 1 55 51
423 12 500 742 -24 6 1 55 55
424 8 609 0 -6 -12851 1 60 0
425 12 742 500 24 -6 1 55 51
426 12 742 500 24 -6 1 55 55
427 12 742 903 24 -6 0 55 51
428 8 500 0 -6 -12851 1 60 0
429 12 742 609 24 -6 1 51 51
430 8 500 0 24 -12851 1 60 0
431 8 903 0 6 -12851 0 60 0
432 12 1100 742 24 -6 0 55 55
433 12 1100 742 -24 6 1 55 55
434 12 903 742 -24 6 1 51 55
435 12 609 742 24 -6 0 55 55
436 12 742 903 -24 6 1 51 55
437 12 742 609 24 -6 1 51 55
438 12 742 1100 -24 6 1 51 51
439 12 742 609 24 -6 1 55 51
440 8 1100 0 6 -12851 0 60 0
441 8 609 0 24 -12851 0 55 0
442 12 609 742 24 -6 1 51 51
443 8 500 0 -6 -12851 1 60 0
444 12 500 742 24 -6 1 51 51
445 8 500 0 24 -12851 0 60 0
446 8 609 0 -6 -12851 0 55 0
447 8 742 0 -24 -12851 1 60 0
448 12 742 903 24 -6 0 55 51
449 8 903 0 -24 -12851 1 60 0
450 12 742 903 24 -6 0 55 51
451 8 1100 0 -24 -12851 0 60 0
452 12 903 742 24 -6 0 51 55
453 8 609 0 -24 -12851 0 60 0
454 12 500 742 24 -6 0 51 51
455 8 903 0 -24 -12851 0 60 0
456 12 742 903 -24 6 1 55 55
457 8 1100 0 -24 -12851 0 60 0
458 12 500 742 -24 6 1 51 51
459 12 742 500 -24 6 1 51 55
460 12 500 742 -24 6 1 51 51
461 8 500 0 24 -12851 0 60 0
462 12 742 1100 24 -6 1 51 51
463 12 500 742 24 -6 1 55 51
464 8 500 0 -6 -12851 0 55 0
465 8 609 0 -6 -12851 1 55 0
466 8 1100 0 -6 -12851 0 55 0
467 12 1100 742 -24 6 0 51 51
468 8 903 0 -6 -12851 0 55 0
469 8 742 0 -24 -12851 0 60 0
470 8 742 0 -6 -12851 0 60 0
471 12 742 609 -24 6 0 55 55
472 8 903 0 24 -12851 0 55 0
473 12 903 742 -24 6 0 55 51
474 12 742 903 24 -6 1 55 51
475 12 609 742 -24 6 1 51 51
476 12 1100 742 24 -6 1 51 55
477 12 742 500 24 -6 1 51 51
478 12 742 609 24 -6 1 55 55
479 8 903 0 -6 -12851 1 60 0
480 12 609 742 24 -6 1 55 51
481 12 609 742 24 -6 1 55 51
482 12 742 609 24 -6 0 55 55
483 12 1100 742 24 -6 1 51 55
484 12 1100 742 -24 6 1 55 55
485 8 609 0 6 -12851 0 60 0
486 8 609 0 -6 -12851 1 60 0
487 12 742 500 -24 6 1 51 51
488 8 1100 0 -24 -12851 1 55 0
489 12 1100 742 -24 6 1 51 51
490 8 609 0 -6 -12851 0 55 0
491 8 1100 0 6 -12851 0 60 0
492 12 742 500 24 -6 0 51 51
493 8 1100 0 -6 -12851 1 60 0
494 8 742 0 -24 -12851 1 55 0
495 8 903 0 6 -12851 0 60 0
496 12 500 742 24 -6 1 55 51
497 8 903 0 24 -12851 1 60 0
498 12 500 742 -24 6 1 55 55
499 8 500 0 24 -12851 0 55 0
500 8 500 0 -24 -12851 0 55 0
501 12 609 742 24 -6 1 55 51
502 8 742 0 -6 -12851 1 55 0
503 12 500 742 -24 6 0 51 51
504 12 742 903 -24 6 1 51 51
505 8 742 0 6 -12851 0 55 0
506 12 742 500 -24 6 1 51 55
507 8 500 0 -24 -12851 1 60 0
508 12 742 1100 24 -6 1 51 51
509 12 742 609 -24 6 0 51 51
510 8 903 0 24 -12851 1 60 0
511 12 609 742 24 -6 1 55 55
512 12 742 1100 24 -6 1 51 51
513 12 903 742 24 -6 0 55 51
514 12 742 500 -24 6 1 55 55
515 12 903 742 24 -6 1 51 51
516 12 609 742 24 -6 0 51 51
517 8 903 0 6 -12851 1 60 0
518 12 609 742 24 -6 1 55 55
519 8 609 0 -24 -12851 1 55 0
520 12 1100 742 -24 6 1 51 51
521 8 903 0 6 -12851 0 55 0
522 12 742 1100 24 -6 1 51 51
523 8 1100 0 -6 -12851 0 60 0
524 12 742 903 24 -6 1 55 55
525 12 1100 742 -24 6 1 51 55
526 8 742 0 -6 -12851 1 60 0
527 8 609 0 -24 -12851 1 60 0
528 12 742 903 -24 6 1 55 51
529 8 742 0 -6 -12851 1 55 0
530 12 1100 742 -24 6 1 55 51
531 12 742 609 -24 6 1 51 51
532 8 742 0 6 -12851 0 60 0
533 8 1100 0 6 -12851 1 55 0
534 8 609 0 24 -12851 0 60 0
535 8 500 0 -6 -12851 1 55 0
536 12 1100 742 24 -6 1 55 51
537 12 742 1100 -24 6 1 51 55
538 8 500 0 -6 -12851 1 55 0
539 12 609 742 24 -6 1 51 51
540 8 903 0 -24 -12851 0 55 0
541 12 742 609 24 -6 1 55 55
542 8 500 0 -6 -12851 0 60 0
543 8 1100 0 24 -12851 1 60 0
544 8 903 0 24 -12851 1 55 0
545 12 742 609 -24 6 1 55 55
546 12 742 1100 -24 6 1 55 51
547 12 742 903 24 -6 1 51 55
548 8 903 0 24 -12851 1 55 0
549 8 1100 0 -24 -12851 1 55 0
550 12 742 903 24 -6 1 55 55
551 8 1100 0 6 -12851 0 55 0
552 8 500 0 -6 -12851 0 55 0
553 12 903 742 -24 6 1 55 55
554 8 1100 0 -24 -12851 1 60 0
555 8 903 0 -24 -12851 1 60 0
556 12 1100 742 -24 6 1 51 55
557 12 500 742 24 -6 1 51 51
558 12 1100 742 24 -6 0 51 55
559 8 903 0 6 -12851 1 60 0
560 8 500 0 -6 -12851 1 55 0
561 12 609 742 24 -6 1 51 55
562 12 903 742 -24 6 1 51 51
563 8 742 0 -24 -12851 1 55 0
564 8 742 0 -6 -12851 1 60 0
565 12 1100 742 24 -6 1 55 55
566 8 742 0 24 -12851 1 55 0
567 8 500 0 6 -12851 0 60 0
568 12 1100 742 -24 6 1 55 55
569 12 609 742 24 -6 1 55 51
570 8 609 0 24 -12851 1 55 0
571 8 609 0 -24 -12851 1 60 0
572 12 903 742 24 -6 1 51 55
573 8 609 0 24 -12851 0 55 0
574 12 1100 742 24 -6 1 55 55
575 12 742 500 24 -6 1 51 51
576 8 500 0 -24 -12851 1 55 0
577 8 500 0 6 -12851 0 55 0
578 12 1100 742 -24 6 1 51 51
579 8 500 0 -24 -12851 1 55 0
580 12 903 742 -24 6 1 55 55
581 12 742 609 24 -6 1 51 55
582 12 742 500 -24 6 1 55 51
583 8 500 0 6 -12851 0 55 0
584 12 742 903 -24 6 1 51 55
585 8 609 0 -6 -12851 1 60 0
586 12 903 742 -24 6 1 55 51
587 8 609 0 -24 -12851 0 55 0
588 12 903 742 24 -6 0 51 55
589 8 903 0 6 -12851 1 55 0
590 12 742 500 -24 6 1 55 55
591 12 1100 742 -24 6 0 51 51
592 12 742 1100 -24 6 1 55 55
593 12 609 742 -24 6 1 51 55
594 8 1100 0 -24 -12851 1 60 0
595 8 903 0 6 -12851 1 60 0
596 12 500 742 24 -6 1 55 55
597 8 903 0 -24 -12851 1 60 0
598 12 903 742 -24 6 1 51 51
599 12 742 903 24 -6 1 51 51
600 8 742 0 -24 -12851 1 55 0
601 12 742 1100 -24 6 1 51 55
602 8 742 0 -6 -12851 1 55 0
603 12 742 1100 -24 6 1 51 55
604 12 1100 742 24 -6 1 51 55
605 8 609 0 -24 -12851 1 55 0
606 12 742 1100 24 -6 1 55 55
607 8 742 0 -24 -12851 1 55 0
608 12 742 903 24 -6 0 55 55
609 12 500 742 24 -6 0 55 51
610 8 1100 0 -24 -12851 0 60 0
611 12 742 903 24 -6 1 55 51
612 8 1100 0 6 -12851 0 60 0
613 8 903 0 24 -12851 1 55 0
614 12 742 903 24 -6 1 55 55
615 8 903 0 24 -12851 1 55 0
616 12 609 742 24 -6 1 51 55
617 8 1100 0 -24 -12851 0 55 0
618 8 903 0 -6 -12851 1 55 0
619 12 742 609 24 -6 1 51 55
620 12 742 903 -24 6 1 51 55
621 8 609 0 24 -12851 1 55 0
622 8 500 0 -6 -12851 0 55 0
623 12 609 742 -24 6 0 51 51
624 8 742 0 6 -12851 0 60 0
625 8 609 0 24 -12851 1 55 0
626 8 903 0 -24 -12851 1 55 0
627 8 1100 0 6 -12851 0 55 0
628 8 500 0 -24 -12851 0 60 0
629 12 609 742 24 -6 1 55 55
630 8 1100 0 6 -12851 1 55 0
631 8 500 0 -6 -12851 1 55 0
632 12 1100 742 -24 6 1 51 51
633 8 742 0 24 -12851 1 55 0
634 12 742 500 -24 6 1 55 55
635 8 742 0 -6 -12851 1 60 0
636 8 609 0 24 -12851 1 60 0
637 12 609 742 24 -6 0 55 51
638 8 609 0 6 -12851 0 60 0
639 8 609 0 -24 -12851 1 60 0
640 12 742 903 24 -6 1 51 55
641 8 742 0 -6 -12851 0 60 0
642 8 903 0 -6 -12851 1 55 0
643 12 1100 742 24 -6 0 51 51
644 8 903 0 24 -12851 1 55 0
645 8 903 0 -24 -12851 1 60 0
646 8 609 0 -6 -12851 1 60 0
647 8 609 0 24 -12851 1 60 0
648 12 742 609 -24 6 1 55 51
649 12 500 742 24 -6 1 55 55
650 8 742 0 24 -12851 1 60 0
651 12 903 742 24 -6 1 51 55
652 12 742 903 24 -6 1 55 51
653 8 1100 0 -24 -12851 0 55 0
654 8 500 0 -6 -12851 0 55 0
655 12 742 500 -24 6 1 51 55
656 8 500 0 -6 -12851 0 55 0
657 8 500 0 -24 -12851 1 55 0
658 8 742 0 -24 -12851 1 60 0
659 12 609 742 -24 6 1 55 55
660 12 742 500 24 -6 1 51 55
661 12 903 742 24 -6 1 51 55
662 12 903 742 24 -6 1 55 51
663 12 1100 742 24 -6 1 55 55
664 12 1100 742 -24 6 0 55 51
665 12 609 742 24 -6 0 51 51
666 12 1100 742 -24 6 0 51 51
667 8 1100 0 6 -12851 0 55 0
668 8 1100 0 24 -12851 0 60 0
669 12 742 609 24 -6 1 55 55
670 8 609 0 -6 -12851 0 55 0
671 8 609 0 -6 -12851 0 55 0
672 12 742 1100 24 -6 1 51 55
673 8 609 0 6 -12851 0 55 0
674 8 742 0 -6 -12851 1 60 0
675 12 742 903 24 -6 1 51 51
676 12 742 903 24 -6 1 55 51
677 8 903 0 24 -12851 0 55 0
678 12 609 742 -24 6 1 55 55
679 12 500 742 24 -6 0 51 51
680 8 903 0 6 -12851 0 60 0
681 12 742 609 24 -6 0 51 51
682 8 609 0 24 -12851 1 60 0
683 12 1100 742 -24 6 1 55 55
684 12 609 742 24 -6 1 51 51
685 8 903 0 6 -12851 0 55 0
686 8 742 0 -6 -12851 1 55 0
687 12 742 903 24 -6 1 55 51
688 12 609 742 -24 6 1 51 51
689 12 742 609 -24 6 1 55 55
690 12 742 903 -24 6 1 51 51
691 12 742 903 24 -6 1 51 55
692 12 742 1100 -24 6 1 55 51
693 12 500 742 24 -6 1 51 51
694 8 742 0 24 -12851 1 55 0
695 12 1100 742 -24 6 1 51 51
696 12 742 609 24 -6 1 51 55
697 12 500 742 24 -6 1 55 51
698 12 1100 742 -24 6 1 55 55
699 12 500 742 -24 6 1 51 51
700 12 903 742 -24 6 1 51 51
701 8 500 0 -6 -12851 1 60 0
702 12 609 742 24 -6 0 55 51
703 8 500 0 -24 -12851 0 60 0
704 8 1100 0 -6 -12851 1 60 0
705 12 500 742 24 -6 1 51 51
706 12 742 1100 -24 6 0 51 55
707 8 1100 0 -24 -12851 0 55 0
708 12 742 609 -24 6 1 51 55
709 8 500 0 6 -12851 0 60 0
710 12 742 500 -24 6 0 51 55
711 8 1100 0 -6 -12851 0 55 0
712 8 903 0 -6 -12851 0 55 0
713 12 742 903 -24 6 0 51 55
714 12 500 742 24 -6 0 51 51
715 8 903 0 24 -12851 0 60 0
716 12 742 609 -24 6 1 51 51
717 12 609 742 -24 6 1 51 51
718 12 903 742 24 -6 1 55 51
719 12 742 500 -24 6 1 55 55
720 8 609 0 6 -12851 1 60 0
721 8 903 0 -6 -12851 1 60 0
722 12 1100 742 -24 6 1 55 51
723 12 742 1100 24 -6 0 51 55
724 8 742 0 -6 -12851 0 60 0
725 12 1100 742 -24 6 0 51 55
726 8 500 0 24 -12851 0 55 0
727 8 903 0 24 -12851 0 55 0
728 12 742 903 -24 6 0 51 51
729 12 742 500 -24 6 0 51 55
730 12 609 742 -24 6 0 55 51
731 12 742 500 24 -6 0 55 55
732 12 742 903 -24 6 0 55 55
733 8 1100 0 -24 -12851 0 60 0
734 8 500 0 -6 -12851 1 60 0
735 8 500 0 -24 -12851 1 55 0
736 12 609 742 -24 6 1 55 55
737 12 500 742 24 -6 1 51 51
738 12 742 609 -24 6 0 55 55
739 12 903 742 24 -6 1 55 51
740 12 903 742 24 -6 0 51 51
741 8 1100 0 -24 -12851 0 55 0
742 12 903 742 -24 6 0 51 55
743 12 609 742 24 -6 0 51 55
744 12 742 609 -24 6 0 55 51
745 8 742 0 6 -12851 1 60 0
746 12 500 742 24 -6 0 55 51
747 8 609 0 -24 -12851 0 60 0
748 12 742 500 24 -6 0 55 55
749 12 1100 742 -24 6 1 51 55
750 12 1100 742 24 -6 0 51 55
751 12 742 609 -24 6 1 51 51
752 8 1100 0 -24 -12851 0 60 0
753 8 742 0 24 -12851 0 55 0
754 12 742 903 -24 6 0 51 51
755 12 742 903 24 -6 0 51 51
756 12 742 609 24 -6 0 51 55
757 8 609 0 24 -12851 0 60 0
758 8 1100 0 -6 -12851 1 55 0
759 8 1100 0 -6 -12851 0 60 0
760 12 742 609 -24 6 1 51 55
761 12 742 903 24 -6 1 55 55
762 12 903 742 -24 6 1 55 55
763 12 500 742 -24 6 1 55 55
764 8 500 0 6 -12851 1 60 0
765 8 742 0 24 -12851 0 55 0
766 8 500 0 -6 -12851 0 60 0
767 12 742 609 -24 6 0 51 55
768 12 609 742 -24 6 0 51 55
769 12 609 742 -24 6 0 55 55
770 8 1100 0 6 -12851 1 55 0
771 8 903 0 24 -12851 1 60 0
772 12 1100 742 24 -6 1 51 51
773 12 500 742 24 -6 1 51 51
774 12 742 609 -24 6 1 55 51
775 8 742 0 -24 -12851 1 60 0
776 12 500 742 24 -6 1 51 51
777 12 742 1100 24 -6 1 51 51
778 12 742 500 24 -6 1 51 51
779 8 742 0 -6 -12851 1 60 0
780 12 742 903 24 -6 1 51 51
781 12 903 742 24 -6 1 55 55
782 8 609 0 24 -12851 0 55 0
783 8 1100 0 -6 -12851 0 60 0
784 12 500 742 -24 6 0 51 51
785 12 742 609 24 -6 0 51 51
786 8 609 0 -24 -12851 0 55 0
787 12 500 742 24 -6 0 51 51
788 8 609 0 -6 -12851 0 55 0
789 8 500 0 24 -12851 0 60 0
790 12 500 742 24 -6 0 51 51
791 8 903 0 6 -12851 0 60 0
792 8 903 0 24 -12851 0 60 0
793 8 742 0 -24 -12851 1 60 0
794 12 500 742 24 -6 0 51 55
795 8 742 0 6 -12851 0 55 0
796 8 903 0 -24 -12851 1 60 0
797 12 742 903 24 -6 1 55 51
798 12 500 742 -24 6 1 51 51
799 12 742 903 -24 6 1 51 51
800 12 742 903 -24 6 0 51 51
801 12 1100 742 -24 6 0 51 55
802 12 742 500 -24 6 1 55 51
803 8 1100 0 -6 -12851 1 55 0
804 8 609 0 -6 -12851 1 60 0
805 12 903 742 -24 6 0 51 55
806 8 742 0 -6 -12851 1 60 0
807 8 1100 0 24 -12851 0 60 0
808 12 742 500 24 -6 0 51 55
809 12 742 500 -24 6 0 55 55
810 12 1100 742 -24 6 0 51 55
811 8 903 0 6 -12851 0 60 0
812 12 742 609 24 -6 0 55 55
813 12 500 742 -24 6 0 51 51
814 12 742 903 -24 6 1 51 55
815 12 903 742 24 -6 1 55 55
816 8 742 0 -24 -12851 0 55 0
817 8 1100 0 6 -12851 1 60 0
818 12 742 1100 24 -6 1 51 55
819 8 500 0 -6 -12851 1 60 0
820 12 742 903 -24 6 0 55 55
821 8 500 0 -24 -12851 1 55 0
822 8 609 0 -6 -12851 0 55 0
823 12 609 742 -24 6 0 55 55
824 12 609 742 -24 6 0 55 51
825 8 903 0 -6 -12851 1 60 0
826 12 1100 742 -24 6 0 55 55
827 12 742 500 24 -6 0 51 55
828 12 500 742 24 -6 0 55 55
829 8 609 0 24 -12851 0 60 0
830 8 500 0 -6 -12851 0 60 0
831 8 1100 0 24 -12851 0 60 0
832 8 1100 0 -6 -12851 0 60 0
833 12 742 500 24 -6 0 51 55
834 8 742 0 6 -12851 0 60 0
835 12 742 903 24 -6 0 51 51
836 12 500 742 24 -6 1 51 51
837 8 903 0 -24 -12851 0 60 0
838 12 903 742 24 -6 1 55 55
839 8 742 0 -6 -12851 0 55 0
840 12 903 742 -24 6 1 51 55
841 8 609 0 -6 -12851 1 55 0
842 8 742 0 -24 -12851 0 55 0
843 8 1100 0 -24 -12851 0 60 0
844 12 742 1100 -24 6 1 51 55
845 12 903 742 24 -6 1 55 51
846 8 609 0 -24 -12851 0 60 0
847 12 609 742 -24 6 0 51 55
848 8 1100 0 6 -12851 0 55 0
849 8 500 0 -24 -12851 0 55 0
850 8 500 0 6 -12851 1 55 0
851 8 609 0 -6 -12851 0 55 0
852 8 500 0 -24 -12851 0 60 0
853 12 903 742 -24 6 1 55 51
854 12 742 500 24 -6 0 51 51
855 8 903 0 -24 -12851 0 60 0
856 8 903 0 -24 -12851 1 60 0
857 12 609 742 -24 6 0 51 51
858 12 742 1100 -24 6 1 51 55
859 12 1100 742 -24 6 0 51 55
860 8 1100 0 -24 -12851 1 55 0
861 12 1100 742 24 -6 1 55 55
862 8 1100 0 -6 -12851 1 60 0
863 12 742 609 -24 6 1 51 55
864 8 500 0 24 -12851 1 60 0
865 12 742 609 -24 6 1 55 55
866 12 903 742 -24 6 1 55 55
867 12 500 742 24 -6 1 55 55
868 12 742 1100 24 -6 1 51 51
869 12 742 609 -24 6 0 51 55
870 8 609 0 -6 -12851 1 55 0
871 8 500 0 6 -12851 0 55 0
872 8 742 0 6 -12851 1 55 0
873 12 742 609 24 -6 0 55 55
874 12 609 742 24 -6 0 55 51
875 12 742 609 24 -6 0 51 55
876 12 903 742 -24 6 1 55 51
877 12 903 742 -24 6 1 55 51
878 8 742 0 -24 -12851 1 55 0
879 8 1100 0 -24 -12851 1 60 0
880 12 903 742 -24 6 1 55 51
881 12 609 742 24 -6 1 51 51
882 8 609 0 6 -12851 0 60 0
883 12 742 500 -24 6 1 51 55
884 12 903 742 -24 6 1 51 55
885 12 500 742 -24 6 0 55 51
886 12 609 742 24 -6 0 55 55
887 8 742 0 -24 -12851 0 60 0
888 8 609 0 -24 -12851 0 55 0
889 8 500 0 24 -12851 0 60 0
890 12 742 609 24 -6 1 55 55
891 12 742 903 24 -6 0 55 55
892 8 903 0 -6 -12851 1 55 0
893 8 1100 0 24 -12851 0 60 0
894 8 903 0 6 -12851 1 60 0
895 8 903 0 24 -12851 1 60 0
896 8 500 0 24 -12851 1 55 0
897 8 500 0 -24 -12851 0 60 0
898 12 742 903 24 -6 1 55 51
899 8 903 0 6 -12851 1 55 0
900 12 742 1100 24 -6 0 51 51
901 8 903 0 -6 -12851 1 55 0
902 12 742 1100 24 -6 1 51 55
903 12 903 742 -24 6 1 51 51
904 8 1100 0 -6 -12851 0 60 0
905 12 742 500 -24 6 0 55 51
906 12 742 1100 -24 6 0 51 55
907 12 742 1100 -24 6 1 51 51
908 12 1100 742 -24 6 1 51 51
909 8 500 0 6 -12851 0 60 0
910 8 500 0 24 -12851 0 60 0
911 8 609 0 24 -12851 0 55 0
912 12 742 1100 -24 6 0 55 55
913 8 742 0 -6 -12851 1 60 0
914 8 742 0 6 -12851 0 55 0
915 12 903 742 24 -6 1 55 55
916 8 1100 0 6 -12851 1 60 0
917 8 1100 0 -24 -12851 1 55 0
918 12 500 742 -24 6 1 51 51
919 8 903 0 -24 -12851 0 55 0
920 12 742 1100 24 -6 0 51 55
921 8 609 0 24 -12851 0 60 0
922 12 903 742 24 -6 1 51 51
923 12 609 742 24 -6 1 51 55
924 8 742 0 -6 -12851 1 55 0
925 12 742 500 -24 6 1 51 55
926 12 1100 742 24 -6 0 55 55
927 8 609 0 -24 -12851 1 55 0
928 12 609 742 24 -6 1 55 55
929 12 742 609 -24 6 1 55 55
930 8 903 0 24 -12851 1 55 0
931 8 903 0 6 -12851 1 60 0
932 8 609 0 -6 -12851 1 60 0
933 8 903 0 -24 -12851 1 55 0
934 8 1100 0 -24 -12851 1 60 0
935 8 742 0 24 -12851 1 55 0
936 8 609 0 6 -12851 0 55 0
937 8 742 0 24 -12851 1 60 0
938 8 742 0 -24 -12851 0 55 0
939 12 1100 742 -24 6 1 51 55
940 8 1100 0 -24 -12851 1 55 0
941 8 609 0 6 -12851 0 60 0
942 8 500 0 6 -12851 0 60 0
943 12 742 500 24 -6 1 51 51
944 8 500 0 24 -12851 1 60 0
945 8 903 0 -6 -12851 0 60 0
946 12 742 903 -24 6 1 51 55
947 8 500 0 -6 -12851 1 60 0
948 12 742 903 24 -6 0 51 55
949 8 1100 0 -24 -12851 0 60 0
950 12 609 742 24 -6 1 51 55
951 8 609 0 -6 -12851 0 55 0
952 12 903 742 -24 6 0 51 51
953 12 500 742 -24 6 1 55 51
954 8 609 0 6 -12851 0 60 0
955 12 742 609 -24 6 1 55 51
956 8 500 0 -6 -12851 1 55 0
957 12 742 1100 24 -6 0 55 51
958 12 742 609 24 -6 0 51 55
959 12 1100 742 24 -6 0 51 51
960 8 903 0 -6 -12851 1 55 0
961 8 609 0 -6 -12851 0 55 0
962 12 742 1100 24 -6 1 55 55
963 12 742 609 -24 6 1 55 55
964 12 1100 742 -24 6 1 51 55
965 8 500 0 -24 -12851 0 55 0
966 8 742 0 6 -12851 0 60 0
967 12 742 903 24 -6 1 51 51
968 8 903 0 24 -12851 1 60 0
969 12 609 742 -24 6 1 55 55
970 12 742 903 -24 6 1 51 55
971 8 609 0 24 -12851 1 55 0
972 12 609 742 24 -6 1 55 55
973 12 742 903 -24 6 1 55 55
974 12 742 1100 24 -6 0 55 55
975 8 500 0 -24 -12851 0 60 0
976 8 742 0 6 -12851 1 60 0
977 8 903 0 -24 -12851 1 60 0
978 12 742 500 24 -6 1 55 55
979 8 1100 0 24 -12851 0 60 0
980 12 1100 742 24 -6 1 55 51
981 8 742 0 -24 -12851 1 55 0
982 8 1100 0 6 -12851 0 60 0
983 12 1100 742 -24 6 1 51 55
984 8 1100 0 24 -12851 1 55 0
985 12 903 742 -24 6 1 55 55
986 8 1100 0 -6 -12851 1 60 0
987 8 1100 0 -24 -12851 1 55 0
988 12 742 500 -24 6 0 51 55
989 8 609 0 24 -12851 1 55 0
990 12 742 1100 -24 6 1 55 55
991 8 903 0 -6 -12851 0 55 0
992 8 903 0 6 -12851 0 55 0
993 12 1100 742 -24 6 1 55 55
994 8 742 0 -6 -12851 1 55 0
995 8 742 0 -6 -12851 0 60 0
996 12 609 742 -24 6 1 55 55
997 12 742 1100 24 -6 0 51 51
998 12 500 742 24 -6 0 51 51
999 12 742 609 24 -6 1 51 51
1000 12 1100 742 -24 6 1 55 55
1001 8 500 0 24 -12851 0 60 0
1002 12 500 742 24 -6 0 51 51
1003 12 609 742 -24 6 0 51 55
1004 12 742 500 -24 6 0 51 55
1005 8 903 0 6 -12851 0 55 0
1006 12 742 609 -24 6 0 55 55
1007 12 609 742 -24 6 0 51 51
1008 8 500 0 -24 -12851 0 60 0
1009 8 742 0 6 -12851 0 60 0
1010 8 609 0 6 -12851 0 55 0
1011 8 609 0 24 -12851 0 55 0
1012 8 500 0 -6 -12851 0 55 0
1013 12 742 1100 -24 6 0 51 55
1014 12 742 1100 24 -6 0 51 51
1015 8 1100 0 -6 -12851 0 60 0
1016 8 1100 0 6 -12851 0 60 0
1017 8 903 0 -6 -12851 1 55 0
1018 8 903 0 -6 -12851 0 55 0
1019 8 742 0 24 -12851 1 55 0
1020 12 742 1100 -24 6 1 51 51
1021 8 500 0 -6 -12851 0 60 0
1022 8 903 0 6 -12851 1 60 0
1023 12 742 903 -24 6 1 55 51
1024 8 1100 0 24 -12851 1 60 0
1025 12 742 609 -24 6 0 51 51
1026 12 609 742 24 -6 0 51 55
1027 12 500 742 -24 6 0 55 51
1028 8 609 0 24 -12851 0 55 0
1029 8 742 0 -6 -12851 0 55 0
1030 8 1100 0 -24 -12851 0 60 0
1031 8 500 0 -24 -12851 0 55 0
1032 12 1100 742 -24 6 0 51 51
1033 8 1100 0 -6 -12851 0 55 0
1034 8 609 0 -24 -12851 0 60 0
1035 8 609 0 6 -12851 0 60 0
1036 12 742 609 24 -6 0 55 51
1037 12 500 742 -24 6 0 55 51
1038 12 609 742 -24 6 0 51 55
1039 8 742 0 -6 -12851 0 55 0
1040 12 742 500 -24 6 0 55 51
1041 8 903 0 24 -12851 0 60 0
1042 8 500 0 -24 -12851 0 55 0
1043 8 500 0 -6 -12851 0 55 0
1044 8 500 0 -24 -12851 0 60 0
1045 8 1100 0 24 -12851 0 60 0
1046 8 742 0 6 -12851 0 55 0
1047 12 500 742 -24 6 0 51 51
1048 12 742 500 24 -6 0 51 51
1049 12 500 742 -24 6 0 51 51
1050 12 742 609 -24 6 0 55 55
1051 12 500 742 24 -6 0 55 55
1052 8 1100 0 -24 -12851 0 60 0
1053 8 500 0 24 -12851 0 60 0
1054 8 500 0 24 -12851 0 55 0
1055 12 742 1100 -24 6 0 55 55
1056 8 609 0 24 -12851 0 60 0
1057 8 609 0 -24 -12851 0 55 0
1058 8 1100 0 6 -12851 0 55 0
1059 8 742 0 24 -12851 0 60 0
1060 8 742 0 6 -12851 0 55 0
1061 12 742 500 24 -6 0 55 55
1062 8 903 0 -6 -12851 0 55 0
1063 12 742 609 24 -6 0 51 55
1064 12 742 609 24 -6 0 51 51
1065 12 742 1100 24 -6 0 55 55
1066 12 742 500 -24 6 0 55 51
1067 12 742 1100 -24 6 0 51 51
1068 12 1100 742 -24 6 0 51 51
1069 12 742 1100 -24 6 0 55 51
1070 12 903 742 24 -6 0 51 55
1071 12 742 903 24 -6 0 51 51
1072 8 903 0 -6 -12851 0 60 0
1073 12 742 1100 24 -6 0 51 51
1074 8 903 0 -24 -12851 0 55 0
1075 12 742 903 -24 6 0 51 55
1076 12 742 903 -24 6 0 51 55
1077 12 742 609 24 -6 0 51 51
1078 8 609 0 -24 -12851 0 60 0
1079 12 903 742 -24 6 0 51 51
1080 12 903 742 24 -6 0 55 55
1081 12 903 742 -24 6 0 51 55
1082 12 742 903 24 -6 0 55 51
1083 12 1100 742 -24 6 0 51 51
1084 12 742 1100 24 -6 0 51 51
1085 8 609 0 -6 -12851 0 60 0
1086 12 500 742 -24 6 0 55 55
1087 12 742 1100 -24 6 0 55 55
1088 12 742 609 -24 6 0 55 55
1089 12 1100 742 -24 6 0 55 55
1090 12 500 742 24 -6 0 55 51
1091 8 609 0 6 -12851 0 55 0
1092 8 609 0 -6 -12851 0 55 0
1093 12 742 1100 24 -6 0 55 51
1094 12 609 742 -24 6 0 55 55
1095 8 500 0 24 -12851 0 55 0
1096 12 609 742 -24 6 0 51 55
1097 8 742 0 -24 -12851 0 55 0
1098 8 903 0 24 -12851 0 60 0
1099 8 742 0 -24 -12851 0 60 0
1100 8 742 0 24 -12851 0 55 0
1101 8 1100 0 6 -12851 0 55 0
1102 12 742 1100 24 -6 0 51 51
1103 12 609 742 -24 6 0 55 51
1104 12 903 742 -24 6 0 51 51
1105 8 609 0 -6 -12851 0 55 0
1106 8 500 0 -24 -12851 0 55 0
1107 12 742 500 24 -6 0 51 55
1108 8 1100 0 24 -12851 0 55 0
1109 12 742 500 -24 6 0 51 55
1110 12 609 742 -24 6 0 55 51
1111 12 742 500 -24 6 0 51 55
1112 8 1100 0 24 -12851 0 55 0
1113 12 742 609 -24 6 0 51 51
1114 12 742 609 24 -6 0 55 55
1115 8 500 0 -6 -12851 0 55 0
1116 8 903 0 6 -12851 0 55 0
1117 12 742 609 24 -6 0 51 51
1118 8 903 0 -6 -12851 0 60 0
1119 12 742 1100 24 -6 0 51 55
1120 12 1100 742 24 -6 0 55 55
1121 8 1100 0 24 -12851 0 55 0
1122 8 1100 0 -24 -12851 0 55 0
1123 8 1100 0 6 -12851 0 60 0
1124 12 742 1100 -24 6 0 55 55
1125 8 903 0 -24 -12851 0 60 0
1126 8 500 0 24 -12851 0 55 0
1127 12 1100 742 24 -6 0 55 55
1128 12 500 742 24 -6 0 55 51
1129 12 742 609 -24 6 0 55 55
1130 12 609 742 24 -6 0 55 51
1131 12 903 742 -24 6 0 55 51
1132 12 609 742 -24 6 0 55 51
1133 8 609 0 24 -12851 0 55 0
1134 8 609 0 -24 -12851 0 55 0
1135 8 742 0 24 -12851 0 55 0
1136 12 500 742 -24 6 0 55 51
1137 12 742 609 -24 6 0 51 51
1138 8 903 0 24 -12851 0 60 0
1139 12 742 500 -24 6 0 51 51
1140 8 903 0 -6 -12851 0 60 0
1141 12 609 742 24 -6 0 55 51
1142 8 742 0 24 -12851 0 55 0
1143 12 903 742 24 -6 0 51 55
1144 8 500 0 6 -12851 0 55 0
1145 8 609 0 -24 -12851 0 60 0
1146 8 500 0 -6 -12851 0 55 0
1147 8 1100 0 -24 -12851 0 60 0
1148 12 500 742 24 -6 0 51 55
1149 8 742 0 -6 -12851 0 60 0
1150 12 742 903 24 -6 0 51 51
1151 12 609 742 -24 6 0 51 55
1152 8 903 0 6 -12851 0 55 0
1153 12 742 609 -24 6 0 51 51
1154 8 903 0 -6 -12851 0 55 0
1155 8 742 0 24 -12851 0 60 0
1156 8 903 0 -6 -12851 0 60 0
1157 8 1100 0 -6 -12851 0 55 0
1158 12 742 1100 24 -6 0 55 51
1159 12 500 742 24 -6 0 55 51
1160 12 1100 742 -24 6 0 55 51
1161 8 609 0 -6 -12851 0 60 0
1162 8 742 0 6 -12851 0 60 0
1163 12 903 742 -24 6 0 51 55
1164 12 742 903 -24 6 0 51 51
1165 8 742 0 -24 -12851 0 55 0
1166 8 609 0 -6 -12851 0 60 0
1167 8 903 0 -24 -12851 0 55 0
1168 12 500 742 24 -6 0 55 55
1169 12 742 903 24 -6 0 51 51
1170 12 500 742 24 -6 0 51 55
1171 8 500 0 6 -12851 0 55 0
1172 8 1100 0 -6 -12851 0 60 0
1173 12 500 742 -24 6 0 55 51
1174 12 903 742 -24 6 0 51 51
1175 8 609 0 -24 -12851 0 60 0
1176 12 742 903 -24 6 0 55 55
1177 12 500 742 24 -6 0 51 51
1178 12 742 1100 -24 6 0 51 55
1179 8 1100 0 -6 -12851 0 55 0
