199 8 1100 0 -6 -12851 0 55 0
200 8 742 0 6 -12851 1 55 0
201 12 1100 742 24 -6 1 51 55
202 12 500 742 -24 6 1 55 55
203 12 903 742 24 -6 0 51 51
204 12 742 903 24 -6 0 51 55
205 12 500 742 24 -6 1 55 51
206 8 903 0 -6 -12851 0 55 0
207 8 609 0 6 -12851 1 55 0
208 8 903 0 -24 -12851 1 60 0
209 12 742 500 24 -6 1 51 51
210 12 903 742 24 -6 1 51 55
211 12 742 500 -24 6 1 51 55
212 12 609 742 24 -6 1 55 55
213 12 609 742 24 -6 0 51 51
214 12 742 500 24 -6 1 55 51
215 8 500 0 -24 -12851 1 60 0
216 12 1100 742 -24 6 1 55 51
217 8 500 0 24 -12851 1 60 0
218 8 609 0 -6 -12851 1 55 0
219 12 742 609 24 -6 1 51 55
220 12 742 1100 24 -6 1 55 55
221 8 500 0 6 -12851 0 60 0
222 12 500 742 24 -6 1 51 51
223 12 742 500 -24 6 0 55 51
224 12 903 742 -24 6 1 55 55
225 8 903 0 24 -12851 1 60 0
226 12 609 742 24 -6 1 51 51
227 12 742 609 24 -6 1 51 55
228 8 903 0 24 -12851 1 60 0
229 12 500 742 -24 6 1 51 55
230 12 903 742 24 -6 0 55 55
231 8 1100 0 6 -12851 0 55 0
232 8 500 0 24 -12851 1 60 0
233 8 903 0 -24 -12851 1 60 0
234 8 500 0 6 -12851 0 55 0
235 8 742 0 -6 -12851 1 55 0
236 8 1100 0 24 -12851 1 60 0
237 8 609 0 24 -12851 1 55 0
238 8 1100 0 -24 -12851 1 60 0
239 8 609 0 -24 -12851 1 60 0
240 8 903 0 6 -12851 0 55 0
241 8 609 0 24 -12851 1 55 0
242 12 500 742 24 -6 1 55 55
243 8 742 0 24 -12851 1 60 0
244 12 1100 742 24 -6 0 55 55
245 8 742 0 -6 -12851 1 55 0
246 8 500 0 24 -12851 0 55 0
247 8 742 0 -24 -12851 1 60 0
248 12 1100 742 -24 6 1 55 51
249 8 742 0 -6 -12851 1 55 0
250 8 609 0 -6 -12851 1 60 0
251 8 609 0 -6 -12851 1 55 0
252 12 903 742 24 -6 1 55 51
253 8 742 0 -24 -12851 1 55 0
254 8 609 0 24 -12851 0 55 0
255 12 500 742 -24 6 1 55 55
256 12 609 742 -24 6 0 51 51
257 8 903 0 -6 -12851 1 60 0
258 8 903 0 6 -12851 0 55 0
259 8 903 0 6 -12851 1 60 0
260 8 1100 0 6 -12851 0 55 0
261 8 742 0 -24 -12851 1 55 0
262 12 609 742 -24 6 1 55 51
263 12 609 742 -24 6 1 55 51
264 12 903 742 24 -6 1 51 51
265 8 1100 0 6 -12851 1 60 0
266 8 500 0 -24 -12851 1 60 0
267 8 1100 0 6 -12851 1 55 0
268 8 500 0 -6 -12851 1 60 0
269 12 1100 742 -24 6 1 51 51
270 8 500 0 -6 -12851 0 55 0
271 12 742 609 24 -6 1 55 55
272 8 609 0 -6 -12851 1 60 0
273 12 500 742 24 -6 0 55 51
274 12 609 742 -24 6 0 55 55
275 12 1100 742 -24 6 0 55 51
276 8 609 0 24 -12851 1 55 0
277 8 742 0 6 -12851 0 60 0
278 8 742 0 24 -12851 1 60 0
279 8 903 0 6 -12851 0 60 0
280 12 742 500 24 -6 0 51 51
281 12 500 742 -24 6 0 51 51
282 12 742 903 -24 6 1 51 55
283 12 742 500 24 -6 0 55 51
284 8 903 0 -6 -12851 1 55 0
285 8 742 0 24 -12851 0 60 0
286 12 742 903 24 -6 0 55 55
287 8 609 0 -6 -12851 0 55 0
288 12 1100 742 24 -6 1 51 55
289 8 500 0 24 -12851 1 55 0
290 12 903 742 -24 6 1 51 51
291 12 1100 742 -24 6 1 55 51
292 12 500 742 24 -6 1 55 55
293 12 742 609 24 -6 1 55 51
294 12 1100 742 24 -6 1 55 51
295 12 742 500 24 -6 1 55 55
296 12 903 742 -24 6 1 55 55
297 8 500 0 -6 -12851 1 55 0
298 8 903 0 -24 -12851 1 60 0
299 12 742 1100 24 -6 1 55 51
300 12 742 903 24 -6 1 55 55
301 12 742 903 24 -6 1 55 55
302 12 742 609 24 -6 0 55 51
303 8 1100 0 -6 -12851 1 60 0
304 8 609 0 24 -12851 1 55 0
305 12 742 609 24 -6 1 51 51
306 8 1100 0 24 -12851 1 60 0
307 8 500 0 -24 -12851 1 55 0
308 12 742 609 24 -6 0 51 51
309 8 1100 0 24 -12851 1 60 0
310 8 1100 0 6 -12851 0 60 0
311 8 1100 0 24 -12851 0 60 0
312 8 609 0 -6 -12851 1 60 0
313 8 742 0 -24 -12851 0 60 0
314 8 500 0 -24 -12851 0 60 0
315 12 742 903 -24 6 0 55 55
316 8 1100 0 -6 -12851 0 55 0
317 8 500 0 6 -12851 0 60 0
318 12 742 903 -24 6 0 55 55
319 8 903 0 -24 -12851 0 60 0
320 8 1100 0 -6 -12851 0 60 0
321 12 903 742 -24 6 0 51 51
322 8 903 0 24 -12851 0 60 0
323 8 903 0 24 -12851 1 55 0
324 12 742 1100 -24 6 1 55 51
325 12 742 500 24 -6 1 51 51
326 12 742 1100 24 -6 1 51 51
327 12 1100 742 -24 6 1 51 51
328 12 742 500 -24 6 1 51 51
329 8 500 0 -24 -12851 1 60 0
330 12 500 742 24 -6 1 51 55
331 12 742 500 24 -6 1 51 51
332 8 609 0 6 -12851 1 60 0
333 8 742 0 -24 -12851 1 60 0
334 8 609 0 24 -12851 1 60 0
335 8 742 0 6 -12851 1 60 0
336 8 903 0 24 -12851 1 60 0
337 12 1100 742 -24 6 1 51 51
338 8 903 0 -24 -12851 1 60 0
339 12 742 1100 -24 6 1 55 55
340 12 742 1100 -24 6 0 55 51
341 8 1100 0 -24 -12851 0 60 0
342 12 500 742 24 -6 0 51 51
343 12 742 903 -24 6 0 51 51
344 12 500 742 -24 6 0 51 55
345 12 742 609 24 -6 0 51 51
346 8 500 0 6 -12851 1 60 0
347 8 500 0 6 -12851 0 55 0
348 8 1100 0 -24 -12851 1 55 0
349 12 903 742 24 -6 1 51 55
350 12 903 742 24 -6 1 55 51
351 12 1100 742 -24 6 1 55 55
352 8 903 0 6 -12851 0 55 0
353 12 609 742 24 -6 0 51 55
354 12 500 742 24 -6 1 51 51
355 8 500 0 -6 -12851 1 55 0
356 12 742 609 24 -6 1 55 55
357 12 609 742 24 -6 1 55 51
358 12 903 742 -24 6 1 55 55
359 12 742 903 24 -6 1 55 55
360 12 742 500 24 -6 1 51 51
361 8 609 0 24 -12851 1 55 0
362 8 903 0 24 -12851 1 55 0
363 8 1100 0 -6 -12851 1 60 0
364 12 903 742 -24 6 1 51 51
365 12 742 500 24 -6 1 55 55
366 8 742 0 -6 -12851 1 55 0
367 12 500 742 -24 6 1 51 55
368 12 742 903 -24 6 1 55 51
369 12 1100 742 24 -6 1 51 51
370 12 903 742 -24 6 1 51 55
371 8 609 0 6 -12851 1 60 0
372 8 609 0 6 -12851 0 60 0
373 8 742 0 -6 -12851 1 55 0
374 12 742 1100 24 -6 0 51 51
375 8 742 0 24 -12851 0 60 0
376 12 1100 742 -24 6 0 51 55
377 8 609 0 -6 -12851 1 60 0
378 8 609 0 6 -12851 0 60 0
379 8 609 0 24 -12851 1 55 0
380 8 500 0 -6 -12851 1 60 0
381 12 742 609 -24 6 1 55 55
382 12 742 903 24 -6 0 51 51
383 12 742 1100 -24 6 0 55 51
384 12 1100 742 24 -6 0 51 55
385 12 903 742 -24 6 0 55 55
386 12 742 500 -24 6 1 51 55
387 8 903 0 -24 -12851 1 60 0
388 8 609 0 -6 -12851 1 60 0
389 12 1100 742 -24 6 1 55 55
390 8 1100 0 -24 -12851 1 60 0
391 12 742 1100 24 -6 1 51 55
392 12 742 500 -24 6 0 55 55
393 12 903 742 24 -6 0 51 55
394 12 742 1100 24 -6 0 55 51
395 12 742 903 24 -6 0 55 55
396 8 1100 0 -24 -12851 0 60 0
397 12 500 742 24 -6 0 55 55
398 12 742 609 24 -6 1 51 55
399 8 1100 0 -6 -12851 0 55 0
400 12 1100 742 -24 6 1 55 55
401 12 609 742 -24 6 1 55 55
402 12 903 742 -24 6 1 55 55
403 8 903 0 -6 -12851 1 55 0
404 12 742 609 -24 6 1 51 51
405 12 609 742 -24 6 1 55 55
406 8 500 0 -24 -12851 1 55 0
407 12 1100 742 24 -6 1 51 51
408 8 742 0 6 -12851 1 60 0
409 12 742 1100 -24 6 1 55 51
410 12 500 742 -24 6 1 55 51
411 8 903 0 6 -12851 0 55 0
412 12 903 742 -24 6 1 51 55
413 8 500 0 -6 -12851 1 55 0
414 12 500 742 24 -6 0 51 55
415 8 742 0 -6 -12851 1 55 0
416 12 609 742 -24 6 1 51 55
417 12 742 903 24 -6 0 55 55
418 8 742 0 -24 -12851 1 55 0
419 12 903 742 -24 6 0 51 55
420 12 742 500 -24 6 0 55 55
421 12 903 742 -24 6 0 55 51
422 8 1100 0 6 -12851 0 55 0
423 12 903 742 24 -6 0 55 55
424 8 1100 0 24 -12851 0 55 0
425 12 742 903 -24 6 0 51 55
426 8 1100 0 24 -12851 1 55 0
427 12 609 742 -24 6 1 51 55
428 12 1100 742 24 -6 0 55 51
429 8 742 0 -24 -12851 1 60 0
430 8 609 0 -24 -12851 0 55 0
431 12 500 742 24 -6 1 55 51
432 12 903 742 -24 6 1 51 51
433 12 903 742 24 -6 1 55 51
434 8 742 0 6 -12851 1 60 0
435 8 742 0 24 -12851 1 60 0
436 8 1100 0 -6 -12851 1 60 0
437 12 742 500 24 -6 1 55 51
438 8 609 0 6 -12851 1 60 0
439 8 609 0 24 -12851 1 60 0
440 12 742 903 -24 6 1 55 51
441 12 742 500 24 -6 1 55 55
442 12 742 609 24 -6 1 51 55
443 8 500 0 -24 -12851 1 55 0
444 8 500 0 24 -12851 1 55 0
445 8 903 0 -6 -12851 1 55 0
446 8 500 0 -24 -12851 1 55 0
447 8 903 0 24 -12851 1 60 0
448 12 742 500 -24 6 0 51 55
449 8 903 0 -24 -12851 1 60 0
450 8 742 0 24 -12851 0 55 0
451 8 742 0 -6 -12851 0 60 0
452 12 500 742 24 -6 1 55 55
453 12 742 903 24 -6 1 55 51
454 12 903 742 -24 6 0 51 51
455 8 609 0 -6 -12851 1 55 0
456 12 742 609 -24 6 1 51 51
457 12 903 742 24 -6 1 51 51
458 12 609 742 -24 6 0 55 55
459 12 742 903 24 -6 1 55 55
460 12 742 500 -24 6 0 51 55
461 12 903 742 -24 6 0 51 55
462 8 609 0 24 -12851 1 55 0
463 12 742 1100 -24 6 1 51 51
464 12 609 742 24 -6 1 51 55
465 12 742 903 -24 6 1 51 51
466 8 742 0 6 -12851 1 60 0
467 8 609 0 -24 -12851 1 55 0
468 12 742 500 -24 6 1 55 55
469 12 1100 742 -24 6 1 51 51
470 8 903 0 -6 -12851 1 55 0
471 8 903 0 -6 -12851 1 60 0
472 8 903 0 -24 -12851 1 55 0
473 12 742 1100 -24 6 1 51 51
474 12 1100 742 24 -6 1 51 51
475 12 609 742 -24 6 1 55 55
476 12 742 500 24 -6 1 55 55
477 8 1100 0 6 -12851 0 60 0
478 12 742 609 -24 6 0 51 51
479 8 742 0 24 -12851 1 60 0
480 12 500 742 24 -6 1 51 51
481 12 742 1100 -24 6 1 55 55
482 8 1100 0 -6 -12851 0 55 0
