413 8 903 0 -6 -12851 1 60 0
414 12 1100 742 24 -6 1 51 51
415 8 500 0 24 -12851 1 55 0
416 8 500 0 24 -12851 0 55 0
417 12 903 742 -24 6 1 51 51
418 8 742 0 -6 -12851 0 55 0
419 8 609 0 -6 -12851 1 60 0
420 12 742 500 -24 6 1 55 51
421 12 742 1100 -24 6 1 55 51
422 8 609 0 -24 -12851 1 60 0
423 12 742 609 -24 6 1 55 51
424 12 742 1100 24 -6 1 51 51
425 8 903 0 24 -12851 1 60 0
426 12 903 742 24 -6 1 51 51
427 12 609 742 24 -6 1 55 55
428 8 742 0 6 -12851 0 55 0
429 8 903 0 -6 -12851 0 55 0
430 12 903 742 24 -6 1 51 51
431 8 500 0 24 -12851 1 55 0
432 8 609 0 6 -12851 0 60 0
433 12 742 500 -24 6 1 55 55
434 12 742 1100 24 -6 0 51 51
435 12 609 742 -24 6 0 55 51
436 12 742 609 24 -6 1 51 51
437 8 500 0 6 -12851 0 55 0
438 12 742 903 -24 6 1 51 51
439 12 1100 742 24 -6 1 51 55
440 12 1100 742 24 -6 1 51 55
441 12 742 609 24 -6 1 51 51
442 8 903 0 24 -12851 1 55 0
443 8 1100 0 24 -12851 0 55 0
444 12 742 903 -24 6 1 55 51
445 8 1100 0 24 -12851 1 55 0
446 12 742 500 24 -6 1 51 51
447 8 742 0 24 -12851 1 60 0
448 8 1100 0 6 -12851 1 60 0
449 8 500 0 -6 -12851 1 55 0
450 8 500 0 24 -12851 0 55 0
451 8 1100 0 6 -12851 1 60 0
452 8 742 0 6 -12851 0 60 0
453 12 742 609 -24 6 1 51 55
454 8 903 0 24 -12851 1 55 0
455 8 609 0 -24 -12851 1 55 0
456 8 609 0 6 -12851 1 55 0
457 12 903 742 -24 6 1 51 51
458 12 742 609 24 -6 1 55 55
459 12 609 742 24 -6 1 51 55
460 12 742 1100 -24 6 1 51 55
461 12 742 1100 24 -6 0 55 55
462 8 1100 0 -6 -12851 1 60 0
463 12 742 609 -24 6 1 51 51
464 12 1100 742 -24 6 1 55 51
465 12 742 1100 24 -6 0 51 51
466 8 903 0 6 -12851 1 55 0
467 12 742 1100 24 -6 0 55 55
468 8 500 0 -24 -12851 0 55 0
469 8 609 0 6 -12851 1 55 0
470 8 1100 0 6 -12851 0 60 0
471 8 742 0 -6 -12851 0 55 0
472 12 1100 742 24 -6 1 51 51
473 8 500 0 -24 -12851 1 60 0
474 12 1100 742 24 -6 1 51 55
475 8 742 0 -6 -12851 0 55 0
476 8 903 0 6 -12851 1 55 0
477 8 609 0 24 -12851 1 55 0
478 8 609 0 6 -12851 1 60 0
479 12 500 742 24 -6 0 51 55
480 8 609 0 -6 -12851 0 60 0
481 8 742 0 -24 -12851 1 60 0
482 12 1100 742 -24 6 1 51 51
483 12 1100 742 -24 6 1 51 51
484 8 500 0 -6 -12851 1 55 0
485 8 742 0 -6 -12851 0 60 0
486 12 500 742 24 -6 0 51 51
487 8 500 0 -24 -12851 1 60 0
488 8 1100 0 -6 -12851 0 60 0
489 12 903 742 -24 6 1 51 51
490 8 1100 0 6 -12851 0 60 0
491 8 500 0 -6 -12851 1 55 0
492 12 742 500 24 -6 1 55 55
493 12 742 1100 -24 6 0 51 55
494 12 742 903 24 -6 1 55 51
495 12 742 609 24 -6 0 51 51
496 8 609 0 -24 -12851 1 60 0
497 12 742 500 24 -6 0 55 55
498 8 742 0 -24 -12851 1 55 0
499 8 1100 0 6 -12851 0 55 0
500 12 742 609 24 -6 1 55 51
501 8 903 0 24 -12851 0 60 0
502 8 903 0 24 -12851 1 55 0
503 12 609 742 -24 6 1 55 55
504 8 903 0 6 -12851 1 55 0
505 8 500 0 24 -12851 1 55 0
506 8 500 0 24 -12851 0 55 0
507 8 1100 0 24 -12851 1 60 0
508 12 742 1100 24 -6 1 55 55
509 12 903 742 24 -6 1 55 55
510 8 500 0 6 -12851 1 60 0
511 12 609 742 24 -6 0 51 55
512 8 903 0 6 -12851 0 60 0
513 12 1100 742 24 -6 0 51 51
514 12 742 1100 -24 6 0 51 51
515 12 742 903 24 -6 1 51 51
516 12 742 500 24 -6 1 55 51
517 8 903 0 24 -12851 0 55 0
518 8 500 0 6 -12851 0 55 0
519 12 742 903 24 -6 1 55 55
520 8 903 0 24 -12851 1 60 0
521 12 500 742 24 -6 1 55 51
522 12 742 609 24 -6 1 51 55
523 12 742 903 -24 6 1 51 51
524 8 609 0 -6 -12851 0 60 0
525 8 609 0 -6 -12851 1 60 0
526 12 500 742 -24 6 1 55 51
527 8 742 0 -24 -12851 1 55 0
528 12 742 609 -24 6 0 51 51
529 8 742 0 6 -12851 0 55 0
530 12 609 742 -24 6 0 51 51
531 12 609 742 24 -6 1 55 51
532 12 500 742 24 -6 0 51 51
533 12 500 742 24 -6 0 51 51
534 12 742 1100 -24 6 1 55 51
535 8 742 0 -24 -12851 1 60 0
536 12 1100 742 24 -6 0 55 51
537 12 609 742 24 -6 1 51 51
538 8 1100 0 -6 -12851 1 55 0
539 12 742 609 24 -6 1 51 55
540 12 742 903 -24 6 0 55 55
541 8 1100 0 24 -12851 1 60 0
542 8 609 0 6 -12851 0 60 0
543 8 1100 0 -24 -12851 1 55 0
544 12 742 1100 24 -6 1 55 55
545 12 742 500 -24 6 1 51 51
546 12 903 742 24 -6 1 51 55
547 12 742 903 -24 6 0 51 51
548 8 1100 0 -6 -12851 1 55 0
549 8 500 0 24 -12851 1 55 0
550 12 742 903 24 -6 1 51 51
551 8 903 0 -6 -12851 0 55 0
552 8 1100 0 -6 -12851 1 60 0
553 12 742 1100 -24 6 1 51 55
554 8 1100 0 -6 -12851 0 55 0
555 12 742 500 24 -6 1 55 51
556 12 903 742 24 -6 1 55 55
557 12 742 609 -24 6 1 55 51
558 8 609 0 -24 -12851 1 55 0
559 8 500 0 24 -12851 1 60 0
560 8 500 0 -24 -12851 1 55 0
561 12 742 903 24 -6 1 51 55
562 8 903 0 -24 -12851 1 55 0
563 12 903 742 24 -6 1 51 51
564 12 742 500 -24 6 1 55 55
565 8 742 0 6 -12851 0 60 0
566 12 903 742 24 -6 1 55 51
567 8 903 0 -24 -12851 1 55 0
568 8 742 0 24 -12851 1 55 0
569 12 742 500 -24 6 1 55 55
570 8 609 0 24 -12851 1 60 0
571 12 742 500 24 -6 1 51 51
572 8 742 0 6 -12851 1 55 0
573 12 742 500 24 -6 0 51 55
574 12 609 742 -24 6 1 51 51
575 12 903 742 24 -6 1 51 55
576 12 1100 742 24 -6 1 51 51
577 12 609 742 -24 6 1 55 55
578 12 742 609 24 -6 1 55 55
579 8 609 0 -24 -12851 1 55 0
580 8 609 0 6 -12851 0 60 0
581 8 609 0 24 -12851 1 60 0
582 12 609 742 -24 6 1 55 55
583 8 903 0 -6 -12851 1 60 0
584 12 903 742 -24 6 1 55 51
585 12 742 1100 -24 6 1 55 55
586 8 609 0 6 -12851 0 55 0
587 12 742 500 -24 6 1 51 51
588 8 609 0 -6 -12851 1 60 0
589 12 742 500 -24 6 1 51 51
590 8 500 0 6 -12851 0 55 0
591 8 1100 0 -24 -12851 1 55 0
592 12 1100 742 24 -6 1 51 51
593 12 1100 742 24 -6 1 51 51
594 12 742 609 -24 6 1 55 55
595 12 609 742 -24 6 1 51 51
596 12 1100 742 -24 6 0 51 55
597 8 742 0 -24 -12851 1 60 0
598 8 1100 0 6 -12851 0 55 0
599 8 742 0 -24 -12851 1 60 0
600 8 1100 0 -24 -12851 1 60 0
601 12 742 903 -24 6 1 55 55
602 8 500 0 24 -12851 0 60 0
603 12 1100 742 24 -6 0 55 51
604 8 742 0 -6 -12851 1 55 0
605 12 742 1100 -24 6 1 55 55
606 8 500 0 24 -12851 1 55 0
607 8 903 0 6 -12851 1 60 0
608 12 1100 742 -24 6 1 55 55
609 8 903 0 -6 -12851 1 55 0
610 12 742 609 24 -6 1 51 51
611 12 742 1100 24 -6 1 51 51
612 8 742 0 24 -12851 1 60 0
613 12 742 609 -24 6 1 51 51
614 8 742 0 -24 -12851 1 60 0
615 12 903 742 24 -6 1 55 51
616 8 742 0 -24 -12851 1 55 0
617 8 903 0 6 -12851 1 60 0
618 12 1100 742 -24 6 1 55 55
619 8 742 0 -6 -12851 0 60 0
620 8 903 0 6 -12851 1 60 0
621 12 742 500 24 -6 1 55 55
622 12 903 742 24 -6 1 51 55
623 12 742 1100 -24 6 1 51 55
624 8 609 0 24 -12851 1 55 0
625 8 500 0 -6 -12851 0 55 0
626 8 1100 0 -6 -12851 1 60 0
627 12 742 500 -24 6 0 51 51
628 8 1100 0 -6 -12851 1 60 0
629 12 609 742 24 -6 1 51 51
630 12 742 903 24 -6 1 51 55
631 12 742 500 -24 6 1 51 55
632 8 609 0 6 -12851 0 60 0
633 12 903 742 -24 6 1 55 55
634 12 500 742 -24 6 1 51 51
635 12 609 742 24 -6 1 51 55
636 8 1100 0 6 -12851 0 55 0
637 12 1100 742 -24 6 0 51 51
638 12 903 742 -24 6 1 55 51
639 8 500 0 24 -12851 0 55 0
640 8 500 0 -6 -12851 1 60 0
641 12 609 742 24 -6 1 55 55
642 8 609 0 -24 -12851 1 55 0
643 8 903 0 -6 -12851 0 55 0
644 8 609 0 -6 -12851 1 60 0
645 8 609 0 -24 -12851 1 60 0
646 8 609 0 -6 -12851 1 55 0
647 12 742 903 -24 6 1 51 55
648 8 609 0 24 -12851 1 55 0
649 8 500 0 24 -12851 1 60 0
650 12 500 742 -24 6 0 55 51
651 8 1100 0 24 -12851 1 60 0
652 8 742 0 -24 -12851 0 55 0
653 12 742 1100 24 -6 0 55 51
654 12 742 500 -24 6 0 51 51
655 8 903 0 -24 -12851 1 55 0
656 12 742 500 -24 6 1 51 55
657 8 1100 0 6 -12851 0 55 0
658 8 1100 0 -24 -12851 1 55 0
659 8 742 0 -6 -12851 0 60 0
660 8 903 0 -6 -12851 1 60 0
661 12 742 1100 -24 6 1 55 51
662 8 903 0 -24 -12851 1 55 0
663 12 742 1100 -24 6 1 51 55
664 12 609 742 -24 6 1 51 55
665 8 500 0 6 -12851 0 60 0
666 12 742 609 -24 6 1 51 55
667 8 500 0 -6 -12851 1 55 0
668 8 742 0 6 -12851 1 55 0
669 12 500 742 24 -6 1 55 51
670 12 903 742 24 -6 1 55 51
671 12 742 903 24 -6 0 51 51
672 12 742 1100 -24 6 1 51 51
673 8 1100 0 6 -12851 0 60 0
674 12 609 742 -24 6 1 55 55
675 12 609 742 -24 6 1 51 55
676 8 1100 0 24 -12851 0 60 0
677 12 1100 742 24 -6 1 51 51
678 8 500 0 6 -12851 0 60 0
679 8 903 0 -24 -12851 1 55 0
680 12 742 609 24 -6 1 51 51
681 8 742 0 24 -12851 1 55 0
682 8 500 0 6 -12851 0 55 0
683 8 742 0 -6 -12851 1 60 0
684 12 609 742 -24 6 0 55 55
685 8 609 0 6 -12851 0 60 0
686 8 1100 0 6 -12851 0 55 0
687 8 500 0 -24 -12851 0 55 0
688 8 903 0 -24 -12851 0 55 0
689 12 609 742 -24 6 1 55 51
690 8 1100 0 6 -12851 1 60 0
691 12 742 500 24 -6 1 51 55
692 8 903 0 -24 -12851 1 60 0
693 8 742 0 24 -12851 1 55 0
694 8 609 0 24 -12851 1 55 0
695 12 742 500 24 -6 1 51 55
696 8 609 0 24 -12851 1 60 0
697 8 903 0 -24 -12851 1 60 0
698 8 903 0 -24 -12851 1 60 0
699 12 742 609 24 -6 0 51 51
700 12 903 742 24 -6 0 55 55
701 12 609 742 24 -6 1 55 55
702 12 742 500 -24 6 1 55 55
703 12 903 742 24 -6 0 51 55
704 8 609 0 -6 -12851 0 60 0
705 12 742 500 24 -6 1 55 51
706 8 903 0 -24 -12851 1 60 0
707 8 609 0 6 -12851 1 60 0
708 12 742 903 -24 6 1 51 55
709 12 903 742 24 -6 1 51 51
710 8 609 0 24 -12851 0 55 0
711 8 500 0 -6 -12851 0 60 0
712 12 742 500 24 -6 1 55 51
713 8 1100 0 -6 -12851 1 60 0
714 8 742 0 24 -12851 1 60 0
715 12 742 1100 -24 6 1 51 55
716 8 742 0 6 -12851 1 60 0
717 12 609 742 24 -6 1 55 51
718 8 742 0 24 -12851 1 55 0
719 8 500 0 -6 -12851 1 55 0
720 8 500 0 -6 -12851 0 55 0
721 8 903 0 24 -12851 0 55 0
722 12 742 609 -24 6 1 55 55
723 8 1100 0 6 -12851 1 60 0
724 8 1100 0 6 -12851 1 55 0
725 12 742 1100 24 -6 0 55 55
726 8 903 0 -6 -12851 0 55 0
727 12 1100 742 24 -6 1 51 51
728 12 1100 742 -24 6 1 55 55
729 12 609 742 -24 6 1 51 51
730 8 903 0 -6 -12851 1 60 0
731 12 903 742 24 -6 1 51 55
732 8 609 0 6 -12851 1 55 0
733 12 742 500 24 -6 1 51 51
734 12 742 609 24 -6 1 51 55
735 8 742 0 6 -12851 0 55 0
736 8 903 0 -6 -12851 1 55 0
737 8 742 0 -24 -12851 1 60 0
738 8 903 0 -24 -12851 1 60 0
739 12 609 742 -24 6 1 55 55
740 12 742 1100 24 -6 0 55 55
741 12 500 742 -24 6 1 51 51
742 12 903 742 -24 6 1 51 55
743 12 742 609 24 -6 1 55 55
744 8 742 0 6 -12851 0 60 0
745 8 500 0 -24 -12851 1 55 0
746 12 500 742 24 -6 0 51 51
747 12 742 609 24 -6 0 51 51
748 8 1100 0 -24 -12851 1 55 0
749 12 742 1100 -24 6 1 51 55
750 8 500 0 24 -12851 1 55 0
751 12 903 742 24 -6 0 55 51
752 12 742 609 24 -6 1 51 51
753 12 742 1100 24 -6 1 55 55
754 8 609 0 6 -12851 0 60 0
755 12 500 742 -24 6 1 51 51
756 8 500 0 -24 -12851 0 55 0
757 8 609 0 24 -12851 1 60 0
758 8 1100 0 6 -12851 0 60 0
759 12 500 742 -24 6 1 51 55
760 8 1100 0 24 -12851 0 55 0
761 8 903 0 -6 -12851 1 55 0
762 8 903 0 6 -12851 1 60 0
763 12 742 1100 -24 6 0 55 51
764 12 500 742 -24 6 1 55 51
765 12 500 742 -24 6 1 51 51
766 12 1100 742 24 -6 1 51 55
767 12 903 742 24 -6 0 51 51
768 8 742 0 6 -12851 0 60 0
769 12 742 500 24 -6 0 55 51
770 12 609 742 24 -6 0 55 55
771 8 1100 0 -6 -12851 0 55 0
772 12 1100 742 -24 6 0 55 55
773 12 903 742 -24 6 1 55 55
774 8 742 0 6 -12851 1 55 0
775 8 903 0 -24 -12851 1 55 0
776 8 500 0 6 -12851 0 60 0
777 8 903 0 6 -12851 0 60 0
778 8 1100 0 24 -12851 0 55 0
779 12 903 742 24 -6 1 55 55
780 12 1100 742 24 -6 1 55 51
781 8 742 0 -24 -12851 1 55 0
782 12 742 609 -24 6 1 51 51
783 12 742 1100 24 -6 1 51 55
784 8 609 0 24 -12851 1 60 0
785 12 742 903 -24 6 1 55 51
786 8 500 0 24 -12851 1 60 0
787 8 1100 0 24 -12851 1 55 0
788 8 609 0 24 -12851 1 55 0
789 8 500 0 24 -12851 1 60 0
790 8 609 0 6 -12851 0 55 0
791 12 1100 742 24 -6 1 51 51
792 12 1100 742 24 -6 1 51 55
793 12 1100 742 -24 6 1 55 51
794 12 742 903 24 -6 1 51 51
795 12 609 742 -24 6 1 55 55
796 12 903 742 -24 6 1 55 55
797 8 903 0 24 -12851 1 55 0
798 12 742 609 24 -6 0 51 51
799 12 1100 742 24 -6 1 51 51
800 8 903 0 24 -12851 0 60 0
801 12 609 742 24 -6 0 55 51
802 8 742 0 -24 -12851 1 55 0
803 12 742 1100 -24 6 1 51 55
804 8 1100 0 24 -12851 1 55 0
805 8 742 0 -24 -12851 1 60 0
806 12 742 1100 24 -6 0 55 55
807 12 742 609 -24 6 1 55 51
808 12 500 742 -24 6 1 55 51
809 8 903 0 6 -12851 0 55 0
810 8 500 0 -24 -12851 1 55 0
811 8 903 0 24 -12851 0 60 0
812 8 1100 0 24 -12851 0 55 0
813 8 742 0 -6 -12851 1 55 0
814 12 742 903 24 -6 1 51 51
815 12 500 742 -24 6 0 51 55
816 12 742 500 24 -6 1 55 51
817 12 742 1100 -24 6 1 55 55
818 8 609 0 -6 -12851 1 60 0
819 12 903 742 -24 6 1 55 51
820 8 500 0 -6 -12851 0 55 0
821 12 742 1100 -24 6 0 51 51
822 8 1100 0 6 -12851 0 55 0
823 8 609 0 24 -12851 0 60 0
824 8 500 0 6 -12851 1 55 0
825 8 609 0 24 -12851 0 60 0
826 8 609 0 -6 -12851 1 55 0
827 8 609 0 24 -12851 1 60 0
828 8 742 0 24 -12851 0 55 0
829 8 609 0 24 -12851 1 60 0
830 12 903 742 24 -6 0 55 51
831 8 609 0 -6 -12851 1 60 0
832 12 742 903 24 -6 0 55 55
833 8 903 0 -6 -12851 0 60 0
834 12 500 742 -24 6 1 51 51
835 12 742 609 24 -6 1 55 55
836 8 1100 0 6 -12851 1 55 0
837 12 742 500 -24 6 0 55 55
838 8 742 0 6 -12851 0 55 0
839 12 903 742 -24 6 0 55 51
840 12 1100 742 24 -6 0 51 51
841 8 500 0 6 -12851 0 60 0
842 8 500 0 24 -12851 0 55 0
843 12 742 1100 -24 6 0 51 51
844 8 500 0 -6 -12851 0 60 0
845 8 1100 0 -24 -12851 0 60 0
846 8 903 0 -6 -12851 0 55 0
847 12 742 903 -24 6 0 51 51
848 12 742 500 24 -6 1 51 55
849 8 742 0 -24 -12851 1 60 0
850 12 903 742 -24 6 1 51 51
851 12 742 903 -24 6 1 51 55
852 8 1100 0 24 -12851 1 60 0
853 8 903 0 -24 -12851 1 60 0
854 12 1100 742 -24 6 0 55 55
855 12 742 609 -24 6 1 51 55
856 12 742 500 -24 6 1 55 55
857 8 742 0 -6 -12851 1 55 0
858 12 609 742 -24 6 0 55 55
859 12 742 500 -24 6 1 55 55
860 8 742 0 6 -12851 1 55 0
861 12 500 742 -24 6 1 55 51
862 12 1100 742 24 -6 1 51 55
863 12 903 742 24 -6 0 55 55
864 12 903 742 -24 6 1 51 55
865 12 903 742 24 -6 1 55 55
866 12 903 742 -24 6 1 55 51
867 8 609 0 24 -12851 0 55 0
868 8 1100 0 6 -12851 1 60 0
869 12 500 742 24 -6 1 55 51
870 8 609 0 -24 -12851 1 55 0
871 12 742 609 -24 6 1 51 51
872 8 742 0 -24 -12851 1 55 0
873 8 742 0 24 -12851 1 55 0
874 8 609 0 24 -12851 0 60 0
875 8 1100 0 -24 -12851 0 55 0
876 12 742 609 24 -6 0 51 51
877 12 1100 742 24 -6 1 55 51
878 12 742 500 -24 6 1 55 51
879 12 742 500 24 -6 1 51 55
880 8 1100 0 -24 -12851 1 60 0
881 8 500 0 -6 -12851 1 55 0
882 12 742 903 24 -6 1 51 51
883 12 742 1100 -24 6 1 51 55
884 12 903 742 -24 6 0 55 51
885 8 903 0 6 -12851 0 60 0
886 12 903 742 -24 6 1 55 51
887 8 903 0 -24 -12851 1 60 0
888 8 500 0 6 -12851 1 60 0
889 8 903 0 -6 -12851 1 55 0
890 12 742 500 24 -6 0 51 55
891 8 500 0 6 -12851 0 60 0
892 12 742 1100 24 -6 1 51 51
893 8 500 0 6 -12851 0 55 0
894 8 500 0 -24 -12851 1 60 0
895 12 903 742 24 -6 0 51 55
896 12 500 742 -24 6 0 51 55
897 8 742 0 -24 -12851 0 55 0
898 8 609 0 -24 -12851 1 60 0
899 8 609 0 -6 -12851 0 55 0
900 12 742 1100 -24 6 0 55 55
901 12 742 903 24 -6 0 55 51
902 12 500 742 24 -6 1 55 55
903 8 903 0 -6 -12851 1 55 0
904 8 742 0 6 -12851 1 55 0
905 8 903 0 -24 -12851 1 60 0
906 12 742 1100 -24 6 1 55 51
907 8 500 0 -6 -12851 0 55 0
908 12 903 742 -24 6 1 51 51
909 8 609 0 24 -12851 1 60 0
910 12 742 609 24 -6 1 51 55
911 8 500 0 6 -12851 0 60 0
912 8 903 0 -6 -12851 1 60 0
913 8 1100 0 -6 -12851 1 55 0
914 12 742 903 -24 6 1 51 51
915 12 742 609 24 -6 1 55 51
916 8 1100 0 -24 -12851 1 60 0
917 8 742 0 -6 -12851 1 60 0
918 8 1100 0 24 -12851 1 60 0
919 8 609 0 -6 -12851 1 55 0
920 8 609 0 -24 -12851 0 60 0
921 12 742 609 -24 6 0 55 51
922 8 903 0 -6 -12851 1 60 0
923 8 500 0 24 -12851 1 55 0
924 12 742 903 -24 6 1 51 55
925 12 742 500 24 -6 1 51 51
926 12 742 609 -24 6 1 51 51
927 12 903 742 24 -6 1 51 55
928 8 500 0 24 -12851 1 60 0
929 12 1100 742 -24 6 1 55 55
930 8 609 0 6 -12851 1 60 0
931 12 500 742 24 -6 1 55 51
932 12 742 609 24 -6 1 51 51
933 12 742 1100 -24 6 1 55 51
934 12 1100 742 -24 6 1 51 51
935 12 609 742 24 -6 1 51 55
936 12 903 742 24 -6 0 51 51
937 8 1100 0 -6 -12851 0 55 0
938 8 1100 0 -6 -12851 0 55 0
939 8 609 0 6 -12851 0 60 0
940 8 500 0 -24 -12851 1 60 0
941 8 903 0 6 -12851 0 55 0
942 12 742 903 -24 6 0 51 55
943 8 903 0 -6 -12851 1 55 0
944 8 1100 0 -24 -12851 1 55 0
945 12 742 500 24 -6 1 51 55
946 8 742 0 -24 -12851 1 60 0
947 8 742 0 6 -12851 1 55 0
948 8 742 0 -6 -12851 1 60 0
949 8 742 0 -6 -12851 0 55 0
950 12 500 742 24 -6 1 55 55
951 8 742 0 6 -12851 0 60 0
952 8 1100 0 24 -12851 1 60 0
953 8 1100 0 -24 -12851 1 60 0
954 12 609 742 -24 6 1 55 51
955 8 742 0 24 -12851 1 55 0
956 8 1100 0 24 -12851 1 55 0
957 8 609 0 6 -12851 0 60 0
958 12 500 742 24 -6 0 51 51
959 12 742 903 24 -6 1 55 51
960 12 903 742 24 -6 1 55 51
961 12 742 1100 -24 6 1 55 51
962 8 903 0 6 -12851 0 60 0
963 12 609 742 -24 6 0 55 51
964 8 742 0 6 -12851 0 55 0
965 8 500 0 -6 -12851 1 60 0
966 8 903 0 6 -12851 1 55 0
967 8 903 0 6 -12851 1 55 0
968 8 500 0 6 -12851 0 60 0
969 8 500 0 24 -12851 0 55 0
970 12 742 500 24 -6 1 51 55
971 8 609 0 -24 -12851 1 60 0
972 12 742 609 24 -6 1 51 51
973 8 609 0 24 -12851 0 55 0
974 12 742 500 -24 6 1 55 51
975 8 500 0 -6 -12851 1 60 0
976 8 500 0 24 -12851 1 55 0
977 8 1100 0 6 -12851 1 55 0
978 12 903 742 24 -6 0 55 55
979 12 500 742 24 -6 0 55 55
980 8 609 0 -24 -12851 1 60 0
981 8 500 0 -6 -12851 1 55 0
982 12 500 742 -24 6 1 51 51
983 12 742 1100 -24 6 0 51 51
984 12 742 500 24 -6 1 51 51
985 8 903 0 24 -12851 1 60 0
986 8 742 0 6 -12851 0 55 0
987 8 903 0 -24 -12851 1 55 0
988 8 609 0 24 -12851 1 60 0
989 12 903 742 -24 6 1 55 51
990 12 609 742 -24 6 1 55 55
991 8 1100 0 -24 -12851 0 55 0
992 12 1100 742 24 -6 1 55 55
993 12 742 903 -24 6 1 51 51
994 8 742 0 -24 -12851 1 60 0
995 8 1100 0 -6 -12851 1 55 0
996 8 903 0 -6 -12851 0 55 0
997 12 742 500 -24 6 1 55 55
998 8 500 0 -24 -12851 1 55 0
999 8 609 0 6 -12851 1 60 0
1000 8 742 0 -6 -12851 0 60 0
1001 8 609 0 -24 -12851 1 55 0
1002 12 742 609 -24 6 0 55 51
1003 8 609 0 -6 -12851 0 60 0
1004 8 903 0 24 -12851 1 55 0
1005 8 1100 0 24 -12851 1 60 0
1006 12 742 1100 24 -6 0 51 55
1007 12 742 609 24 -6 1 55 55
1008 12 742 609 -24 6 1 51 51
1009 12 1100 742 24 -6 1 55 51
1010 8 903 0 24 -12851 1 55 0
1011 8 903 0 -24 -12851 1 60 0
1012 12 903 742 -24 6 1 51 55
1013 12 742 500 -24 6 0 51 51
1014 12 1100 742 -24 6 1 51 51
1015 12 742 609 -24 6 1 51 55
1016 8 609 0 6 -12851 0 55 0
1017 8 1100 0 -24 -12851 1 55 0
1018 12 742 1100 -24 6 0 51 51
1019 8 1100 0 -24 -12851 1 55 0
1020 8 609 0 24 -12851 0 55 0
1021 12 742 1100 -24 6 0 51 51
1022 12 609 742 -24 6 1 51 55
1023 12 1100 742 24 -6 1 51 55
1024 12 742 1100 24 -6 0 51 55
1025 12 609 742 24 -6 1 55 55
1026 8 500 0 6 -12851 0 60 0
1027 8 500 0 6 -12851 1 60 0
1028 12 500 742 24 -6 1 51 55
1029 8 500 0 -6 -12851 1 55 0
1030 12 742 903 -24 6 0 55 55
1031 8 742 0 -6 -12851 0 55 0
1032 12 742 1100 -24 6 1 55 55
1033 8 742 0 24 -12851 0 55 0
1034 8 742 0 -24 -12851 0 60 0
1035 12 742 1100 24 -6 1 55 55
1036 12 500 742 24 -6 0 55 55
1037 8 1100 0 -6 -12851 1 60 0
1038 8 1100 0 6 -12851 1 55 0
1039 12 500 742 -24 6 1 55 55
1040 8 742 0 24 -12851 1 60 0
1041 8 742 0 -6 -12851 0 55 0
1042 12 609 742 -24 6 1 51 51
1043 8 903 0 -6 -12851 1 55 0
1044 8 742 0 6 -12851 1 55 0
1045 12 742 1100 24 -6 1 51 51
1046 12 609 742 24 -6 1 55 51
1047 12 742 500 24 -6 1 55 51
1048 12 742 903 -24 6 0 51 55
1049 8 1100 0 -6 -12851 0 55 0
1050 12 742 609 24 -6 1 51 51
1051 12 500 742 24 -6 0 51 55
1052 8 500 0 24 -12851 1 60 0
1053 8 609 0 -6 -12851 1 55 0
1054 12 500 742 24 -6 1 51 51
1055 12 742 1100 24 -6 1 51 55
1056 12 742 500 24 -6 1 55 51
1057 8 903 0 6 -12851 1 55 0
1058 12 500 742 24 -6 1 51 51
1059 12 903 742 24 -6 0 55 51
1060 12 1100 742 -24 6 1 51 55
1061 12 1100 742 -24 6 1 51 55
1062 12 1100 742 -24 6 1 55 55
1063 8 609 0 -24 -12851 0 60 0
1064 12 500 742 24 -6 0 55 51
1065 12 903 742 -24 6 1 55 55
1066 12 742 1100 24 -6 0 51 55
1067 8 903 0 6 -12851 0 60 0
1068 8 609 0 24 -12851 1 60 0
1069 12 903 742 24 -6 1 55 51
1070 8 1100 0 -6 -12851 1 55 0
1071 12 742 903 -24 6 1 55 51
1072 8 500 0 -24 -12851 1 55 0
1073 8 500 0 6 -12851 1 60 0
1074 12 742 500 24 -6 1 51 51
1075 12 742 500 -24 6 1 55 51
1076 12 742 500 24 -6 0 55 55
1077 12 742 609 24 -6 1 51 51
1078 8 500 0 6 -12851 1 60 0
1079 12 1100 742 24 -6 1 55 55
1080 12 903 742 24 -6 1 55 55
1081 12 1100 742 -24 6 1 51 51
1082 8 500 0 -6 -12851 1 55 0
1083 12 742 500 24 -6 1 51 55
1084 8 1100 0 24 -12851 0 55 0
1085 12 609 742 24 -6 0 55 55
1086 8 609 0 24 -12851 0 55 0
1087 8 1100 0 -6 -12851 1 60 0
1088 8 903 0 -24 -12851 0 55 0
1089 12 500 742 -24 6 1 55 55
1090 8 742 0 24 -12851 1 55 0
1091 8 742 0 -6 -12851 0 55 0
1092 12 1100 742 24 -6 0 51 51
1093 8 609 0 24 -12851 0 60 0
1094 12 500 742 -24 6 0 55 55
1095 8 903 0 6 -12851 0 60 0
1096 12 609 742 -24 6 0 51 51
1097 12 742 500 -24 6 1 51 55
1098 12 500 742 24 -6 1 55 55
1099 8 609 0 6 -12851 0 55 0
1100 8 500 0 24 -12851 0 55 0
1101 12 500 742 24 -6 1 51 51
1102 8 903 0 24 -12851 1 60 0
1103 8 742 0 -24 -12851 1 60 0
1104 8 500 0 -6 -12851 1 55 0
1105 12 742 500 24 -6 1 55 51
1106 12 742 609 -24 6 0 51 51
1107 12 742 609 -24 6 1 55 51
1108 12 500 742 24 -6 1 55 55
1109 12 500 742 -24 6 1 55 55
1110 12 742 903 24 -6 1 55 55
1111 8 1100 0 24 -12851 1 60 0
1112 12 609 742 -24 6 1 51 51
1113 8 742 0 24 -12851 1 55 0
1114 8 742 0 6 -12851 0 60 0
1115 12 742 903 -24 6 1 55 55
1116 8 500 0 6 -12851 0 60 0
1117 8 1100 0 -6 -12851 1 60 0
1118 8 742 0 6 -12851 1 55 0
1119 12 500 742 24 -6 0 51 51
1120 12 609 742 -24 6 1 55 55
1121 8 742 0 -6 -12851 0 60 0
1122 8 903 0 24 -12851 1 60 0
1123 8 609 0 6 -12851 1 55 0
1124 8 1100 0 24 -12851 0 60 0
1125 8 903 0 24 -12851 0 60 0
1126 12 742 609 -24 6 1 51 55
1127 12 903 742 -24 6 0 55 55
1128 12 742 500 -24 6 0 55 55
1129 8 1100 0 -6 -12851 1 60 0
1130 12 742 500 24 -6 1 55 51
1131 12 500 742 -24 6 1 51 51
1132 8 903 0 6 -12851 1 55 0
1133 12 500 742 -24 6 1 55 55
1134 8 609 0 -24 -12851 1 55 0
1135 12 903 742 -24 6 0 55 55
1136 8 500 0 -6 -12851 1 60 0
1137 12 1100 742 24 -6 1 51 51
1138 8 500 0 6 -12851 0 60 0
1139 8 609 0 -24 -12851 1 60 0
1140 8 609 0 6 -12851 0 60 0
1141 12 500 742 24 -6 0 55 51
1142 8 609 0 6 -12851 0 60 0
1143 8 1100 0 -24 -12851 1 55 0
1144 8 742 0 24 -12851 0 60 0
1145 8 500 0 24 -12851 1 55 0
1146 12 903 742 -24 6 1 51 55
1147 8 609 0 6 -12851 1 60 0
1148 8 609 0 6 -12851 0 60 0
1149 8 500 0 -24 -12851 1 55 0
1150 12 742 1100 -24 6 0 51 55
1151 8 742 0 6 -12851 0 60 0
1152 12 742 500 -24 6 1 55 55
1153 8 903 0 -6 -12851 1 60 0
1154 12 1100 742 24 -6 0 55 55
1155 8 742 0 6 -12851 1 55 0
1156 12 742 1100 24 -6 1 51 55
1157 8 903 0 6 -12851 1 60 0
1158 8 500 0 6 -12851 1 60 0
1159 12 500 742 24 -6 0 51 51
1160 8 1100 0 6 -12851 1 60 0
1161 12 742 500 -24 6 0 51 55
1162 12 742 609 -24 6 0 51 51
1163 12 500 742 24 -6 1 55 55
1164 12 742 609 -24 6 1 51 55
1165 12 1100 742 -24 6 1 51 51
1166 12 903 742 24 -6 1 55 51
1167 8 903 0 6 -12851 0 55 0
1168 8 1100 0 -24 -12851 0 55 0
1169 8 609 0 -6 -12851 0 55 0
1170 8 609 0 24 -12851 1 60 0
1171 8 903 0 -6 -12851 0 55 0
1172 12 500 742 24 -6 1 55 51
1173 12 500 742 -24 6 0 55 55
1174 8 609 0 -6 -12851 0 55 0
1175 8 1100 0 -6 -12851 1 60 0
1176 12 742 609 24 -6 1 51 55
1177 8 609 0 24 -12851 1 60 0
1178 8 742 0 6 -12851 1 60 0
1179 12 609 742 24 -6 1 55 55
1180 8 500 0 -24 -12851 1 55 0
1181 8 1100 0 24 -12851 0 60 0
1182 12 742 609 24 -6 1 51 55
1183 8 1100 0 -6 -12851 0 60 0
1184 12 742 903 24 -6 1 55 55
1185 12 742 609 24 -6 1 51 51
1186 8 903 0 -24 -12851 0 55 0
1187 8 500 0 6 -12851 0 55 0
1188 12 742 500 -24 6 1 51 55
1189 12 903 742 24 -6 1 51 51
1190 8 742 0 6 -12851 1 60 0
1191 12 742 1100 24 -6 1 51 51
1192 8 500 0 24 -12851 1 60 0
1193 8 742 0 -24 -12851 0 60 0
1194 8 903 0 -6 -12851 0 60 0
1195 8 609 0 24 -12851 1 55 0
1196 8 609 0 -6 -12851 0 55 0
1197 8 742 0 24 -12851 0 60 0
1198 12 742 903 24 -6 1 55 55
1199 12 903 742 -24 6 1 51 51
1200 8 609 0 -24 -12851 1 55 0
1201 8 500 0 -6 -12851 1 60 0
1202 8 742 0 6 -12851 0 60 0
1203 8 500 0 24 -12851 1 60 0
1204 12 742 1100 -24 6 1 55 55
1205 8 500 0 6 -12851 0 55 0
1206 12 609 742 -24 6 0 51 51
1207 8 1100 0 -24 -12851 1 60 0
1208 12 903 742 24 -6 1 55 55
1209 8 1100 0 -6 -12851 1 60 0
1210 8 609 0 -24 -12851 1 55 0
1211 12 742 609 -24 6 1 55 55
1212 12 609 742 24 -6 1 51 55
1213 8 1100 0 6 -12851 1 55 0
1214 12 742 500 24 -6 1 51 51
1215 12 742 903 24 -6 0 51 51
1216 12 1100 742 24 -6 1 51 51
1217 8 742 0 6 -12851 0 55 0
1218 12 742 500 -24 6 0 55 51
1219 8 903 0 6 -12851 0 60 0
1220 8 903 0 24 -12851 0 60 0
1221 8 903 0 24 -12851 1 55 0
1222 12 742 1100 24 -6 0 51 55
1223 12 903 742 -24 6 0 51 51
1224 12 742 903 24 -6 1 55 51
1225 8 1100 0 -6 -12851 0 60 0
1226 12 609 742 -24 6 0 55 55
1227 8 1100 0 24 -12851 1 55 0
1228 8 1100 0 6 -12851 1 60 0
1229 8 609 0 6 -12851 1 60 0
1230 12 742 609 24 -6 1 51 55
1231 12 742 903 24 -6 1 55 51
1232 12 500 742 24 -6 0 51 51
1233 12 742 609 24 -6 1 51 55
1234 8 742 0 6 -12851 1 55 0
1235 12 903 742 -24 6 1 51 55
1236 12 609 742 -24 6 1 51 51
1237 12 609 742 -24 6 1 51 51
1238 8 903 0 6 -12851 1 60 0
1239 8 609 0 24 -12851 1 60 0
1240 12 1100 742 -24 6 1 55 55
1241 12 742 1100 -24 6 0 51 51
1242 12 500 742 24 -6 0 51 51
1243 12 609 742 -24 6 1 51 51
1244 8 903 0 6 -12851 1 60 0
1245 12 500 742 -24 6 1 51 51
1246 8 1100 0 6 -12851 1 60 0
1247 12 1100 742 -24 6 1 55 51
1248 8 903 0 -6 -12851 0 55 0
1249 8 742 0 -24 -12851 0 55 0
1250 8 500 0 6 -12851 1 55 0
1251 12 609 742 24 -6 1 51 51
1252 12 742 500 24 -6 0 51 55
1253 12 742 609 24 -6 0 55 55
1254 12 742 903 24 -6 1 55 55
1255 8 609 0 -6 -12851 0 60 0
1256 8 742 0 24 -12851 1 55 0
1257 8 500 0 6 -12851 0 55 0
1258 12 903 742 -24 6 1 51 55
1259 12 742 500 -24 6 1 51 55
1260 12 742 500 -24 6 0 51 51
1261 12 742 500 24 -6 1 55 55
1262 8 500 0 -6 -12851 0 55 0
1263 12 500 742 24 -6 0 51 51
1264 8 1100 0 24 -12851 1 60 0
1265 12 903 742 -24 6 1 55 55
1266 12 500 742 24 -6 1 51 55
1267 8 1100 0 24 -12851 0 55 0
1268 8 500 0 6 -12851 1 60 0
1269 8 500 0 6 -12851 1 55 0
1270 12 1100 742 24 -6 1 55 51
1271 12 742 609 24 -6 1 55 51
1272 8 609 0 6 -12851 1 55 0
1273 12 742 500 -24 6 1 55 55
1274 12 742 903 24 -6 1 51 55
1275 12 1100 742 -24 6 1 55 51
1276 8 500 0 6 -12851 0 60 0
1277 12 742 903 -24 6 0 55 55
1278 12 742 500 -24 6 0 55 55
1279 8 903 0 -6 -12851 0 60 0
1280 12 742 1100 24 -6 0 51 55
1281 8 903 0 -6 -12851 1 60 0
1282 12 903 742 -24 6 0 51 51
1283 8 742 0 24 -12851 0 55 0
1284 8 903 0 -6 -12851 0 55 0
1285 12 742 609 -24 6 1 55 55
1286 12 609 742 -24 6 1 51 55
1287 12 742 500 24 -6 1 51 51
1288 12 742 500 -24 6 1 55 55
1289 12 500 742 24 -6 0 51 55
1290 12 500 742 24 -6 1 51 55
1291 12 742 609 24 -6 1 55 55
1292 12 742 500 -24 6 1 51 51
1293 8 609 0 24 -12851 1 60 0
1294 12 903 742 -24 6 1 55 55
1295 8 609 0 -24 -12851 1 60 0
1296 8 1100 0 -24 -12851 1 55 0
1297 8 742 0 -6 -12851 0 60 0
1298 8 742 0 24 -12851 1 55 0
1299 8 1100 0 -24 -12851 1 55 0
1300 8 1100 0 -24 -12851 0 60 0
1301 12 742 903 -24 6 0 51 51
1302 12 903 742 24 -6 1 51 51
1303 8 1100 0 -24 -12851 1 55 0
1304 12 609 742 -24 6 1 51 51
1305 8 500 0 -24 -12851 0 55 0
1306 8 500 0 6 -12851 1 60 0
1307 8 742 0 24 -12851 0 55 0
1308 8 609 0 6 -12851 0 60 0
1309 8 609 0 -6 -12851 1 55 0
1310 8 609 0 6 -12851 0 55 0
1311 12 742 500 24 -6 1 55 55
1312 12 742 903 24 -6 0 51 51
1313 12 609 742 -24 6 1 51 51
1314 12 742 500 -24 6 1 51 55
1315 8 500 0 6 -12851 1 55 0
1316 12 609 742 24 -6 1 51 55
1317 12 742 609 -24 6 0 55 55
1318 8 742 0 -6 -12851 0 55 0
1319 12 742 1100 24 -6 1 55 55
1320 12 903 742 -24 6 0 51 51
1321 8 903 0 24 -12851 0 60 0
1322 12 500 742 -24 6 1 51 55
1323 8 742 0 -6 -12851 0 60 0
1324 12 609 742 24 -6 1 55 55
1325 8 903 0 24 -12851 1 55 0
1326 8 1100 0 6 -12851 1 55 0
1327 12 742 1100 -24 6 1 51 55
1328 8 903 0 6 -12851 1 55 0
1329 12 742 1100 -24 6 1 51 51
1330 8 1100 0 -6 -12851 1 55 0
1331 12 742 1100 -24 6 0 51 55
1332 12 742 609 24 -6 0 55 55
1333 8 609 0 24 -12851 0 55 0
1334 8 609 0 -24 -12851 1 60 0
1335 12 742 903 24 -6 1 55 51
1336 8 903 0 24 -12851 1 60 0
1337 8 609 0 24 -12851 1 60 0
1338 12 609 742 24 -6 0 51 51
1339 12 500 742 24 -6 0 55 55
1340 8 609 0 6 -12851 1 60 0
1341 12 903 742 24 -6 1 51 55
1342 12 609 742 24 -6 0 55 55
1343 8 500 0 24 -12851 1 60 0
1344 8 1100 0 -24 -12851 0 55 0
1345 8 742 0 6 -12851 0 55 0
1346 12 500 742 -24 6 1 51 51
1347 12 1100 742 -24 6 0 55 55
1348 8 1100 0 -6 -12851 1 60 0
1349 8 742 0 24 -12851 1 60 0
1350 12 903 742 -24 6 1 55 51
1351 8 1100 0 -24 -12851 1 60 0
1352 12 742 903 -24 6 1 55 51
1353 8 500 0 -24 -12851 0 55 0
1354 8 742 0 -24 -12851 1 60 0
1355 12 742 609 24 -6 1 51 55
1356 12 742 500 24 -6 1 51 51
1357 8 500 0 -6 -12851 1 55 0
1358 8 903 0 24 -12851 1 60 0
1359 8 903 0 -6 -12851 0 55 0
1360 12 609 742 -24 6 1 55 51
1361 8 903 0 24 -12851 1 60 0
1362 8 903 0 24 -12851 0 60 0
1363 12 742 1100 24 -6 1 51 55
1364 12 903 742 -24 6 1 51 55
1365 12 903 742 24 -6 1 55 55
1366 8 903 0 6 -12851 1 55 0
1367 8 1100 0 6 -12851 0 60 0
1368 8 903 0 6 -12851 0 60 0
1369 12 742 903 24 -6 1 55 51
1370 12 609 742 24 -6 1 55 51
1371 12 742 903 -24 6 1 55 55
1372 12 903 742 24 -6 0 55 55
1373 8 609 0 -6 -12851 1 55 0
1374 12 609 742 24 -6 0 55 55
1375 12 903 742 24 -6 0 51 51
1376 8 742 0 6 -12851 0 60 0
1377 8 500 0 -24 -12851 0 60 0
1378 12 742 609 24 -6 0 51 51
1379 8 1100 0 -6 -12851 0 60 0
1380 12 742 500 24 -6 0 51 51
1381 8 1100 0 24 -12851 1 60 0
1382 12 742 903 -24 6 1 55 55
1383 8 500 0 6 -12851 0 60 0
1384 12 742 903 -24 6 1 51 51
1385 8 609 0 6 -12851 1 55 0
1386 8 742 0 -6 -12851 0 55 0
1387 12 742 903 24 -6 0 51 51
1388 12 742 609 24 -6 1 51 51
1389 12 500 742 24 -6 1 51 51
1390 8 609 0 24 -12851 1 60 0
1391 12 742 500 24 -6 1 55 51
1392 12 742 903 -24 6 0 55 55
1393 8 742 0 -24 -12851 1 60 0
1394 12 742 1100 24 -6 0 51 55
1395 12 742 609 -24 6 1 55 51
1396 8 500 0 24 -12851 1 55 0
1397 8 742 0 -6 -12851 0 60 0
1398 12 742 903 -24 6 1 51 55
1399 8 742 0 24 -12851 0 55 0
1400 8 500 0 -24 -12851 0 60 0
1401 12 500 742 -24 6 0 51 55
1402 12 1100 742 -24 6 1 55 51
1403 8 1100 0 6 -12851 0 60 0
1404 8 742 0 -6 -12851 0 60 0
1405 8 742 0 -6 -12851 0 60 0
1406 8 903 0 -24 -12851 0 55 0
1407 8 609 0 -24 -12851 1 55 0
1408 8 1100 0 -6 -12851 0 55 0
1409 12 742 903 -24 6 0 51 55
1410 12 742 609 -24 6 0 55 51
1411 8 903 0 -6 -12851 0 60 0
1412 12 742 500 24 -6 0 51 55
1413 8 1100 0 -6 -12851 1 60 0
1414 8 903 0 -6 -12851 0 55 0
1415 8 609 0 -24 -12851 1 60 0
1416 8 500 0 24 -12851 1 60 0
1417 12 742 903 -24 6 1 51 51
1418 12 742 500 24 -6 1 55 55
1419 12 742 903 -24 6 1 51 51
1420 8 500 0 24 -12851 1 60 0
1421 8 609 0 24 -12851 1 55 0
1422 8 742 0 6 -12851 1 55 0
1423 12 742 1100 24 -6 1 55 51
1424 12 742 500 -24 6 1 51 51
1425 12 742 1100 -24 6 1 51 55
1426 8 742 0 -6 -12851 0 60 0
1427 12 1100 742 -24 6 1 51 51
1428 12 500 742 24 -6 1 55 55
1429 8 1100 0 -24 -12851 1 60 0
1430 12 1100 742 -24 6 0 55 51
1431 12 1100 742 24 -6 0 51 55
1432 12 742 500 -24 6 1 51 55
1433 8 1100 0 24 -12851 1 55 0
1434 8 742 0 6 -12851 1 55 0
1435 8 1100 0 24 -12851 1 60 0
1436 12 742 903 24 -6 0 51 51
1437 12 903 742 24 -6 1 55 55
1438 8 609 0 -24 -12851 1 60 0
1439 12 609 742 24 -6 1 51 55
1440 8 903 0 24 -12851 1 55 0
1441 8 742 0 24 -12851 1 55 0
1442 8 500 0 6 -12851 1 60 0
1443 12 742 500 -24 6 1 55 51
1444 12 903 742 -24 6 1 51 55
1445 8 903 0 6 -12851 1 55 0
1446 8 903 0 -6 -12851 1 60 0
1447 12 742 500 -24 6 1 55 55
1448 8 500 0 -24 -12851 1 60 0
1449 8 500 0 -24 -12851 0 55 0
1450 8 609 0 6 -12851 1 60 0
1451 12 609 742 -24 6 1 55 55
1452 8 609 0 -6 -12851 0 55 0
1453 8 742 0 -6 -12851 1 60 0
1454 8 742 0 6 -12851 0 60 0
1455 12 903 742 24 -6 1 51 55
1456 12 500 742 24 -6 0 51 51
1457 8 609 0 -6 -12851 0 55 0
1458 12 609 742 24 -6 1 51 51
1459 12 903 742 -24 6 0 55 51
1460 12 742 609 24 -6 1 51 51
1461 8 1100 0 6 -12851 1 60 0
1462 8 609 0 -24 -12851 1 60 0
1463 8 742 0 -6 -12851 0 60 0
1464 12 1100 742 -24 6 1 51 55
1465 8 742 0 24 -12851 1 55 0
1466 8 609 0 -24 -12851 1 60 0
1467 8 1100 0 24 -12851 1 55 0
1468 12 742 903 -24 6 0 51 51
1469 8 1100 0 6 -12851 1 55 0
1470 8 500 0 -24 -12851 0 55 0
1471 8 903 0 -24 -12851 1 55 0
1472 12 903 742 -24 6 0 51 55
1473 12 742 1100 24 -6 1 51 51
1474 8 903 0 6 -12851 0 55 0
1475 8 500 0 -6 -12851 1 55 0
1476 12 742 903 -24 6 1 51 51
1477 12 742 500 -24 6 1 51 55
1478 12 742 903 -24 6 1 55 55
1479 12 742 500 -24 6 1 55 55
1480 12 609 742 24 -6 1 55 55
1481 8 903 0 6 -12851 0 60 0
1482 8 500 0 -24 -12851 0 60 0
1483 12 742 500 24 -6 1 55 55
1484 12 742 609 24 -6 0 51 55
1485 8 500 0 6 -12851 1 55 0
1486 8 500 0 6 -12851 0 55 0
1487 8 500 0 -6 -12851 1 55 0
1488 8 609 0 24 -12851 1 60 0
1489 12 742 1100 -24 6 0 51 55
1490 8 1100 0 -24 -12851 0 60 0
1491 12 742 609 -24 6 0 55 51
1492 12 500 742 24 -6 0 55 51
1493 12 742 903 -24 6 1 51 55
1494 12 742 903 -24 6 1 51 55
1495 12 903 742 -24 6 0 55 55
1496 12 500 742 -24 6 0 51 51
1497 8 742 0 -24 -12851 1 60 0
1498 12 742 1100 -24 6 1 55 51
1499 12 609 742 -24 6 1 51 51
1500 12 500 742 -24 6 1 51 55
1501 12 903 742 -24 6 1 51 51
1502 8 742 0 24 -12851 1 55 0
1503 12 1100 742 -24 6 1 55 55
1504 8 609 0 -6 -12851 1 60 0
1505 8 1100 0 -6 -12851 0 55 0
1506 12 500 742 24 -6 0 51 55
1507 8 500 0 -6 -12851 1 55 0
1508 12 742 903 24 -6 1 55 55
1509 8 903 0 -6 -12851 1 60 0
1510 12 609 742 -24 6 1 55 51
1511 8 609 0 24 -12851 1 55 0
1512 12 903 742 24 -6 1 51 51
1513 12 742 500 -24 6 1 51 55
1514 8 1100 0 -6 -12851 1 60 0
1515 12 1100 742 -24 6 1 55 55
1516 8 903 0 24 -12851 1 60 0
1517 8 742 0 24 -12851 1 60 0
1518 12 742 500 -24 6 1 55 55
1519 8 903 0 6 -12851 1 55 0
1520 12 609 742 24 -6 0 51 55
1521 12 742 1100 -24 6 0 51 51
1522 12 903 742 -24 6 1 51 55
1523 12 609 742 -24 6 1 51 55
1524 12 1100 742 24 -6 0 55 51
1525 12 903 742 -24 6 0 51 55
1526 12 742 500 -24 6 1 55 55
1527 8 500 0 24 -12851 1 55 0
1528 8 500 0 -6 -12851 0 60 0
1529 8 609 0 24 -12851 1 55 0
1530 8 609 0 6 -12851 1 55 0
1531 12 500 742 24 -6 1 51 55
1532 12 1100 742 -24 6 1 51 55
1533 8 903 0 24 -12851 1 60 0
1534 12 742 609 -24 6 1 55 51
1535 12 742 500 24 -6 1 51 51
1536 12 903 742 24 -6 0 51 55
1537 8 1100 0 -6 -12851 0 55 0
1538 8 742 0 -24 -12851 1 55 0
1539 12 742 903 24 -6 1 55 55
1540 8 1100 0 -24 -12851 1 55 0
1541 12 903 742 -24 6 1 51 51
1542 12 742 500 -24 6 1 51 51
1543 8 742 0 24 -12851 1 60 0
1544 8 903 0 24 -12851 1 60 0
1545 12 609 742 24 -6 1 55 51
1546 12 500 742 -24 6 1 51 55
1547 12 742 903 -24 6 1 51 51
1548 8 500 0 24 -12851 1 55 0
1549 8 742 0 6 -12851 1 55 0
1550 8 609 0 -6 -12851 0 60 0
1551 12 742 903 24 -6 1 55 55
1552 8 1100 0 24 -12851 1 55 0
1553 12 1100 742 -24 6 1 51 51
1554 8 500 0 24 -12851 0 55 0
1555 8 903 0 6 -12851 0 55 0
1556 8 500 0 24 -12851 1 55 0
1557 8 500 0 -24 -12851 0 60 0
1558 12 742 903 24 -6 0 51 55
1559 8 1100 0 24 -12851 1 55 0
1560 12 742 500 24 -6 0 55 55
1561 8 609 0 -24 -12851 0 60 0
1562 8 500 0 24 -12851 1 55 0
1563 12 742 1100 24 -6 1 51 55
1564 12 609 742 -24 6 0 55 51
1565 12 903 742 24 -6 0 51 55
1566 12 609 742 -24 6 0 55 55
1567 8 903 0 -24 -12851 1 55 0
1568 12 742 903 24 -6 1 55 55
1569 8 742 0 6 -12851 1 60 0
1570 12 500 742 24 -6 1 55 51
1571 12 742 903 -24 6 1 51 51
1572 8 903 0 -6 -12851 1 60 0
1573 12 742 1100 -24 6 0 55 51
1574 8 609 0 -6 -12851 0 60 0
1575 8 1100 0 -24 -12851 0 55 0
1576 8 742 0 6 -12851 0 60 0
1577 12 500 742 24 -6 1 55 55
1578 8 1100 0 -6 -12851 1 55 0
1579 8 903 0 -24 -12851 1 60 0
1580 12 903 742 24 -6 0 55 55
1581 8 500 0 -6 -12851 1 60 0
1582 12 742 609 24 -6 1 55 55
1583 12 742 500 24 -6 0 51 51
1584 8 609 0 -24 -12851 1 60 0
1585 12 1100 742 24 -6 1 51 51
1586 8 742 0 -24 -12851 1 60 0
1587 12 500 742 24 -6 1 51 51
1588 8 609 0 6 -12851 0 60 0
1589 8 609 0 -6 -12851 1 55 0
1590 8 903 0 -6 -12851 1 55 0
1591 12 1100 742 -24 6 1 55 51
1592 12 1100 742 24 -6 1 55 51
1593 8 742 0 -24 -12851 0 60 0
1594 12 742 1100 -24 6 1 51 51
1595 8 903 0 -24 -12851 1 55 0
1596 8 742 0 6 -12851 0 55 0
1597 12 500 742 -24 6 1 55 51
1598 8 609 0 24 -12851 0 55 0
1599 12 742 1100 24 -6 0 55 55
1600 8 609 0 24 -12851 0 55 0
1601 8 500 0 6 -12851 0 55 0
1602 8 742 0 24 -12851 1 55 0
1603 12 742 1100 24 -6 1 55 51
1604 8 1100 0 -24 -12851 1 55 0
1605 8 1100 0 6 -12851 0 55 0
1606 12 742 903 24 -6 1 51 51
1607 8 500 0 -6 -12851 0 55 0
1608 12 500 742 -24 6 0 55 55
1609 8 500 0 6 -12851 0 55 0
1610 8 903 0 24 -12851 1 60 0
1611 12 742 903 24 -6 1 51 55
1612 8 1100 0 24 -12851 0 55 0
1613 12 742 903 24 -6 0 55 55
1614 8 1100 0 6 -12851 0 55 0
1615 12 609 742 -24 6 1 55 51
1616 8 1100 0 -24 -12851 1 55 0
1617 8 1100 0 -24 -12851 1 60 0
1618 12 609 742 24 -6 1 51 55
1619 8 609 0 6 -12851 1 55 0
1620 12 609 742 24 -6 1 55 51
1621 8 742 0 -24 -12851 1 60 0
1622 12 742 609 24 -6 0 51 51
1623 12 742 1100 24 -6 1 55 55
1624 12 742 903 24 -6 0 55 51
1625 12 742 903 -24 6 1 55 51
1626 8 903 0 24 -12851 1 55 0
1627 8 609 0 -24 -12851 1 60 0
1628 12 742 903 -24 6 1 55 55
1629 12 500 742 24 -6 1 51 55
1630 8 903 0 -24 -12851 1 55 0
1631 8 1100 0 -6 -12851 1 55 0
1632 12 903 742 -24 6 1 51 55
1633 8 903 0 -24 -12851 1 60 0
1634 8 742 0 6 -12851 0 60 0
1635 12 1100 742 -24 6 0 55 51
1636 12 903 742 24 -6 1 51 55
1637 8 500 0 6 -12851 0 60 0
1638 8 609 0 6 -12851 0 55 0
1639 12 742 903 -24 6 0 55 55
1640 8 742 0 -24 -12851 1 60 0
1641 12 742 1100 -24 6 0 55 55
1642 8 500 0 -6 -12851 0 60 0
1643 8 500 0 6 -12851 1 55 0
1644 8 500 0 -24 -12851 1 55 0
1645 8 500 0 -6 -12851 1 60 0
1646 8 609 0 6 -12851 1 60 0
1647 8 742 0 24 -12851 0 60 0
1648 12 609 742 24 -6 1 55 55
1649 8 609 0 -6 -12851 1 60 0
1650 8 609 0 24 -12851 1 55 0
1651 12 742 1100 -24 6 0 51 51
1652 8 742 0 -24 -12851 1 60 0
1653 8 742 0 -24 -12851 1 55 0
1654 12 742 1100 -24 6 1 55 55
1655 8 500 0 -24 -12851 1 55 0
1656 8 500 0 24 -12851 1 60 0
1657 12 742 609 24 -6 1 51 51
