61 12 903 742 24 -6 1 55 55
62 12 609 742 -24 6 1 51 51
63 8 903 0 6 -12851 1 60 0
64 12 609 742 24 -6 1 51 51
65 8 903 0 24 -12851 0 55 0
66 8 742 0 -24 -12851 1 60 0
67 12 500 742 24 -6 1 51 55
68 12 609 742 24 -6 1 51 55
69 12 742 500 24 -6 1 51 55
70 12 742 500 -24 6 1 55 55
71 8 903 0 -6 -12851 0 55 0
72 8 903 0 -6 -12851 0 60 0
73 8 609 0 24 -12851 1 55 0
74 12 609 742 -24 6 1 55 51
75 12 742 1100 -24 6 0 51 51
76 8 742 0 6 -12851 0 55 0
77 12 742 1100 -24 6 1 51 51
78 8 500 0 24 -12851 1 60 0
79 12 742 500 24 -6 1 51 51
80 12 609 742 -24 6 1 51 51
81 12 1100 742 24 -6 1 51 51
82 8 609 0 24 -12851 1 55 0
83 12 742 500 -24 6 1 51 55
84 12 742 500 24 -6 1 55 55
85 12 742 500 -24 6 1 51 51
86 12 742 609 -24 6 1 51 55
87 12 609 742 -24 6 0 51 51
88 8 609 0 -6 -12851 0 55 0
89 8 742 0 24 -12851 1 55 0
90 8 1100 0 24 -12851 1 60 0
91 12 742 903 -24 6 1 51 51
92 12 742 609 -24 6 0 51 51
93 8 903 0 -24 -12851 1 60 0
94 8 1100 0 24 -12851 0 60 0
95 12 1100 742 24 -6 0 55 55
96 8 903 0 -6 -12851 1 55 0
97 12 1100 742 -24 6 1 55 55
98 12 500 742 -24 6 1 51 51
99 8 742 0 -24 -12851 1 60 0
100 8 500 0 -6 -12851 1 55 0
101 12 1100 742 24 -6 1 51 51
102 12 742 609 24 -6 1 51 51
103 8 1100 0 6 -12851 0 60 0
104 8 500 0 -24 -12851 1 55 0
105 12 609 742 24 -6 1 51 51
106 12 742 609 -24 6 1 51 51
107 12 742 500 24 -6 1 51 55
108 12 609 742 24 -6 1 51 51
109 8 609 0 -6 -12851 0 60 0
110 12 500 742 -24 6 1 51 55
111 8 609 0 -24 -12851 1 55 0
112 8 1100 0 -24 -12851 1 55 0
113 12 742 609 -24 6 1 51 55
114 12 903 742 -24 6 1 55 51
115 8 609 0 -24 -12851 1 60 0
116 8 903 0 24 -12851 0 60 0
117 8 742 0 -6 -12851 0 55 0
118 8 500 0 6 -12851 0 60 0
119 8 609 0 6 -12851 1 55 0
120 12 609 742 24 -6 1 51 55
121 12 1100 742 -24 6 1 55 55
122 8 1100 0 6 -12851 1 60 0
123 12 742 500 24 -6 1 55 55
124 12 1100 742 24 -6 0 55 55
125 8 1100 0 24 -12851 1 55 0
126 8 742 0 6 -12851 1 55 0
127 8 742 0 -6 -12851 0 60 0
128 12 742 500 24 -6 1 51 55
129 8 500 0 -6 -12851 0 60 0
130 8 500 0 -6 -12851 0 55 0
131 12 742 1100 -24 6 0 51 55
132 8 903 0 6 -12851 0 55 0
133 8 903 0 -24 -12851 1 60 0
134 12 742 609 24 -6 0 51 55
135 8 903 0 -6 -12851 0 55 0
136 12 742 500 -24 6 0 55 51
137 12 742 609 24 -6 1 51 55
138 8 903 0 24 -12851 0 55 0
139 12 742 609 -24 6 0 51 55
140 12 1100 742 -24 6 1 51 51
141 12 742 903 -24 6 1 51 51
142 8 1100 0 24 -12851 0 55 0
143 12 500 742 24 -6 1 51 51
144 8 742 0 24 -12851 1 60 0
145 12 609 742 24 -6 0 55 55
146 12 609 742 -24 6 1 55 51
147 8 903 0 -24 -12851 1 60 0
148 8 742 0 -24 -12851 0 60 0
149 8 500 0 -6 -12851 0 60 0
150 8 1100 0 -6 -12851 0 55 0
151 8 903 0 -6 -12851 1 60 0
152 8 1100 0 -24 -12851 0 55 0
153 12 903 742 -24 6 1 51 51
154 8 609 0 -6 -12851 0 55 0
155 12 500 742 -24 6 0 51 55
156 12 742 609 24 -6 1 55 51
157 8 609 0 -24 -12851 1 55 0
158 8 500 0 6 -12851 1 55 0
159 8 500 0 6 -12851 0 60 0
160 12 742 500 24 -6 1 51 51
161 8 742 0 6 -12851 1 55 0
162 8 609 0 -6 -12851 1 55 0
163 8 1100 0 6 -12851 0 60 0
164 8 1100 0 24 -12851 0 55 0
165 12 903 742 24 -6 0 51 51
166 12 742 500 24 -6 1 51 51
167 12 500 742 24 -6 0 51 55
168 8 1100 0 24 -12851 0 55 0
169 8 903 0 -24 -12851 1 60 0
170 8 903 0 -24 -12851 1 60 0
171 12 500 742 24 -6 1 55 51
172 12 742 903 -24 6 1 51 51
173 8 609 0 -6 -12851 0 55 0
174 12 742 500 24 -6 1 55 55
175 12 903 742 -24 6 0 51 55
176 12 742 1100 -24 6 1 51 55
177 8 500 0 -6 -12851 0 60 0
178 8 903 0 6 -12851 1 60 0
179 12 1100 742 24 -6 1 51 51
180 12 500 742 -24 6 1 55 55
181 12 500 742 -24 6 1 51 55
182 8 742 0 24 -12851 1 60 0
183 8 500 0 -24 -12851 1 60 0
184 12 742 903 24 -6 0 51 51
185 8 609 0 -6 -12851 0 60 0
186 12 742 1100 24 -6 1 55 55
187 8 500 0 -6 -12851 0 60 0
188 8 609 0 -24 -12851 1 55 0
189 8 742 0 -6 -12851 0 55 0
190 12 742 903 24 -6 1 51 55
191 8 1100 0 -6 -12851 1 60 0
192 8 742 0 -24 -12851 1 60 0
193 8 609 0 24 -12851 0 60 0
194 8 609 0 24 -12851 0 60 0
195 12 903 742 -24 6 0 55 55
196 12 742 500 24 -6 0 51 51
197 12 609 742 24 -6 1 55 51
198 12 903 742 24 -6 0 51 55
199 12 742 500 24 -6 1 55 51
200 12 742 609 24 -6 0 51 51
201 8 609 0 24 -12851 1 60 0
202 12 500 742 -24 6 0 51 55
203 8 903 0 -24 -12851 1 55 0
204 8 903 0 6 -12851 0 60 0
205 8 609 0 -6 -12851 1 55 0
206 8 742 0 24 -12851 1 55 0
207 12 742 1100 -24 6 0 55 55
208 12 742 609 -24 6 1 55 55
209 8 500 0 6 -12851 0 55 0
210 12 742 500 -24 6 1 51 55
211 8 903 0 6 -12851 1 60 0
212 12 609 742 24 -6 1 55 55
213 8 500 0 24 -12851 1 55 0
214 8 1100 0 24 -12851 1 55 0
215 12 742 500 -24 6 1 55 55
216 12 742 609 -24 6 0 55 55
217 12 742 1100 -24 6 1 55 55
218 12 609 742 24 -6 1 51 55
219 8 742 0 24 -12851 0 55 0
220 12 742 500 24 -6 1 55 55
221 12 742 903 -24 6 0 55 51
222 12 609 742 -24 6 1 55 55
223 12 742 609 -24 6 0 55 55
224 12 500 742 -24 6 1 55 51
225 8 1100 0 -24 -12851 1 55 0
226 8 1100 0 6 -12851 0 60 0
227 8 500 0 -6 -12851 0 55 0
228 12 1100 742 -24 6 0 51 55
229 12 1100 742 -24 6 0 51 51
230 8 742 0 -24 -12851 0 55 0
231 8 500 0 -6 -12851 0 55 0
232 12 1100 742 24 -6 0 51 51
233 8 500 0 -24 -12851 1 60 0
234 8 609 0 24 -12851 0 55 0
235 8 1100 0 24 -12851 1 55 0
236 8 903 0 24 -12851 1 55 0
237 8 742 0 6 -12851 1 60 0
238 8 609 0 -6 -12851 0 60 0
239 8 1100 0 6 -12851 1 60 0
240 8 500 0 -24 -12851 0 60 0
241 12 742 1100 24 -6 0 51 51
242 12 903 742 -24 6 1 51 51
243 8 1100 0 24 -12851 1 60 0
244 12 500 742 -24 6 1 55 55
245 8 609 0 6 -12851 0 55 0
246 8 903 0 -6 -12851 0 55 0
247 12 742 903 24 -6 0 51 51
248 8 500 0 24 -12851 0 55 0
249 8 742 0 -6 -12851 1 60 0
250 8 742 0 6 -12851 0 55 0
251 12 742 500 -24 6 0 51 51
252 8 903 0 6 -12851 1 55 0
253 12 609 742 -24 6 1 55 55
254 12 903 742 -24 6 0 51 51
255 8 609 0 -6 -12851 0 55 0
256 12 742 1100 24 -6 0 51 55
257 8 609 0 24 -12851 0 55 0
258 12 609 742 24 -6 0 55 55
259 12 903 742 -24 6 0 55 55
260 8 742 0 -6 -12851 0 55 0
261 12 500 742 24 -6 0 51 51
262 12 742 1100 24 -6 1 55 55
263 12 500 742 -24 6 1 55 51
264 8 903 0 -6 -12851 0 55 0
265 12 742 903 -24 6 0 55 55
266 12 1100 742 -24 6 0 55 55
267 8 903 0 -24 -12851 0 60 0
268 8 500 0 6 -12851 0 55 0
269 12 742 903 -24 6 1 55 51
270 8 903 0 -24 -12851 0 60 0
271 8 500 0 24 -12851 1 55 0
272 8 500 0 -24 -12851 0 55 0
273 12 1100 742 24 -6 1 51 51
274 12 742 500 24 -6 1 51 51
275 12 742 903 -24 6 0 51 55
276 8 742 0 -6 -12851 0 55 0
277 8 609 0 24 -12851 1 60 0
278 8 609 0 -6 -12851 0 55 0
279 8 742 0 6 -12851 0 60 0
280 8 1100 0 -24 -12851 0 55 0
281 12 742 609 24 -6 1 55 51
282 8 1100 0 6 -12851 1 55 0
283 8 1100 0 24 -12851 0 55 0
284 8 742 0 -24 -12851 1 60 0
285 8 742 0 6 -12851 0 55 0
286 8 500 0 -6 -12851 0 60 0
287 8 500 0 6 -12851 0 55 0
288 8 609 0 -6 -12851 0 60 0
289 8 1100 0 -24 -12851 1 55 0
290 12 609 742 24 -6 0 55 51
291 12 742 1100 24 -6 1 55 51
292 8 609 0 6 -12851 0 55 0
293 8 1100 0 -6 -12851 1 55 0
294 12 500 742 -24 6 0 51 51
295 8 903 0 24 -12851 1 60 0
296 8 500 0 6 -12851 0 60 0
297 8 609 0 24 -12851 1 60 0
298 8 903 0 -24 -12851 1 60 0
299 12 903 742 24 -6 1 55 55
300 8 1100 0 6 -12851 1 60 0
301 8 903 0 24 -12851 1 60 0
302 8 742 0 -24 -12851 0 60 0
303 12 742 609 24 -6 1 55 51
304 12 742 500 24 -6 1 55 51
305 8 742 0 24 -12851 0 55 0
306 12 742 903 24 -6 1 55 55
307 12 742 500 -24 6 1 51 51
308 12 742 903 24 -6 1 51 51
309 12 742 609 -24 6 1 55 51
310 8 742 0 -6 -12851 0 55 0
311 12 742 1100 24 -6 1 55 55
312 12 742 1100 -24 6 0 55 51
313 8 742 0 6 -12851 0 55 0
314 8 1100 0 -6 -12851 1 60 0
315 8 609 0 24 -12851 1 60 0
316 8 609 0 6 -12851 0 55 0
317 12 609 742 -24 6 0 51 51
318 8 500 0 -24 -12851 1 55 0
319 8 1100 0 6 -12851 0 55 0
320 12 500 742 24 -6 1 55 51
321 12 742 903 24 -6 1 55 55
322 8 500 0 24 -12851 1 60 0
323 8 609 0 6 -12851 0 60 0
324 12 903 742 -24 6 1 51 55
325 8 742 0 24 -12851 1 55 0
326 12 609 742 24 -6 1 55 51
327 12 500 742 -24 6 1 55 55
328 12 742 903 24 -6 0 51 55
329 8 1100 0 -24 -12851 0 60 0
330 8 903 0 24 -12851 0 60 0
331 8 903 0 -24 -12851 0 55 0
332 12 1100 742 24 -6 0 51 55
333 12 609 742 24 -6 0 55 55
334 12 903 742 -24 6 1 51 51
335 12 742 609 -24 6 1 55 51
336 12 500 742 -24 6 1 55 55
337 12 500 742 24 -6 0 51 51
338 8 742 0 -24 -12851 1 60 0
339 12 903 742 -24 6 1 55 55
340 12 742 609 -24 6 0 51 55
341 12 742 609 24 -6 1 51 55
342 12 742 500 -24 6 0 51 55
343 12 742 609 -24 6 1 51 51
344 8 500 0 -6 -12851 0 55 0
345 8 903 0 6 -12851 1 60 0
346 12 500 742 -24 6 1 55 51
347 12 742 903 24 -6 1 51 51
348 8 742 0 -6 -12851 0 60 0
349 12 903 742 -24 6 1 51 51
350 8 742 0 -6 -12851 0 60 0
351 12 609 742 24 -6 1 55 55
352 8 742 0 24 -12851 0 55 0
353 8 500 0 -24 -12851 0 60 0
354 8 500 0 -6 -12851 0 55 0
355 8 609 0 6 -12851 1 60 0
356 8 742 0 6 -12851 1 55 0
357 12 742 1100 24 -6 0 51 51
358 8 500 0 -6 -12851 0 55 0
359 12 742 1100 24 -6 1 55 55
360 12 742 500 24 -6 0 55 55
361 12 742 609 -24 6 1 51 55
362 12 1100 742 -24 6 1 55 55
363 8 609 0 6 -12851 0 55 0
364 12 742 609 24 -6 1 51 51
365 12 742 500 -24 6 0 55 51
366 8 1100 0 24 -12851 0 60 0
367 8 609 0 -6 -12851 0 55 0
368 8 903 0 -6 -12851 0 55 0
369 12 500 742 -24 6 0 55 55
370 12 500 742 24 -6 0 51 51
371 8 903 0 6 -12851 0 55 0
372 12 742 609 -24 6 0 51 55
373 12 742 500 -24 6 0 55 51
374 8 1100 0 -6 -12851 0 60 0
375 12 1100 742 -24 6 0 55 55
376 8 1100 0 6 -12851 0 60 0
377 12 609 742 24 -6 0 55 51
378 12 903 742 24 -6 0 51 51
379 12 742 1100 -24 6 0 55 51
380 8 903 0 -24 -12851 0 55 0
381 8 609 0 -24 -12851 1 60 0
382 8 609 0 24 -12851 1 60 0
383 12 609 742 24 -6 1 51 51
384 8 609 0 6 -12851 1 60 0
385 8 500 0 -24 -12851 1 60 0
386 12 742 500 -24 6 1 55 55
387 12 742 500 -24 6 0 51 51
388 12 742 1100 24 -6 1 55 55
389 12 742 903 24 -6 0 55 51
390 8 500 0 -6 -12851 1 60 0
391 12 500 742 24 -6 0 51 51
392 12 742 500 24 -6 1 51 55
393 12 742 1100 24 -6 1 55 51
394 8 609 0 -24 -12851 1 55 0
395 12 742 500 24 -6 1 55 55
396 8 500 0 24 -12851 0 60 0
397 12 742 903 -24 6 1 51 55
398 8 1100 0 -6 -12851 0 55 0
399 12 609 742 24 -6 1 51 51
400 8 903 0 -24 -12851 1 55 0
401 12 742 1100 -24 6 1 55 51
402 12 742 903 24 -6 1 55 51
403 8 742 0 -6 -12851 1 55 0
404 12 742 1100 -24 6 1 55 55
405 12 500 742 -24 6 1 55 51
406 12 742 1100 24 -6 0 51 51
407 12 742 903 24 -6 1 51 55
408 8 742 0 -24 -12851 0 55 0
409 8 1100 0 6 -12851 0 60 0
410 8 1100 0 -6 -12851 0 55 0
411 8 742 0 6 -12851 1 55 0
412 12 1100 742 24 -6 0 55 55
413 12 742 609 24 -6 0 51 55
414 12 903 742 24 -6 1 55 51
415 12 742 1100 24 -6 1 55 51
416 8 903 0 -24 -12851 0 55 0
417 12 609 742 24 -6 0 51 55
418 12 742 903 -24 6 0 51 51
419 8 903 0 -24 -12851 1 55 0
420 8 903 0 6 -12851 0 60 0
421 12 742 903 24 -6 1 51 51
422 8 903 0 6 -12851 1 60 0
423 8 1100 0 24 -12851 0 60 0
424 8 742 0 -24 -12851 0 60 0
425 8 1100 0 6 -12851 0 55 0
426 8 609 0 6 -12851 0 55 0
427 8 903 0 6 -12851 1 55 0
428 8 1100 0 -24 -12851 0 55 0
429 12 742 903 24 -6 1 55 55
430 8 609 0 -24 -12851 1 60 0
431 8 609 0 -6 -12851 0 60 0
432 12 903 742 -24 6 1 55 55
433 8 742 0 6 -12851 0 60 0
434 12 742 903 -24 6 1 55 51
435 8 742 0 24 -12851 0 60 0
436 12 1100 742 24 -6 1 55 55
437 8 500 0 -6 -12851 0 55 0
438 8 903 0 -24 -12851 0 55 0
439 12 903 742 -24 6 0 55 55
440 8 500 0 -6 -12851 0 55 0
441 12 742 1100 -24 6 0 51 55
442 12 742 1100 24 -6 0 51 55
443 12 903 742 24 -6 0 51 51
444 12 903 742 -24 6 0 51 51
445 8 500 0 -6 -12851 1 55 0
446 12 609 742 24 -6 0 55 55
447 12 742 609 -24 6 1 55 55
448 8 1100 0 24 -12851 1 60 0
449 12 500 742 -24 6 1 55 55
450 8 1100 0 -6 -12851 0 60 0
451 12 742 1100 -24 6 1 51 51
452 12 500 742 24 -6 0 55 51
453 12 742 903 24 -6 1 55 55
454 8 500 0 -6 -12851 0 55 0
455 8 903 0 6 -12851 1 60 0
456 8 903 0 6 -12851 0 60 0
457 12 609 742 24 -6 1 55 51
458 12 609 742 -24 6 1 51 51
459 8 500 0 -6 -12851 0 60 0
460 8 742 0 24 -12851 1 55 0
461 12 742 903 -24 6 1 51 55
462 8 742 0 -6 -12851 0 55 0
463 8 742 0 6 -12851 1 60 0
464 12 609 742 24 -6 0 51 51
465 12 742 500 24 -6 1 51 55
466 8 500 0 24 -12851 0 60 0
467 12 742 609 -24 6 0 51 55
468 8 1100 0 -6 -12851 1 55 0
469 8 903 0 6 -12851 0 60 0
470 12 903 742 -24 6 1 55 55
471 8 1100 0 -6 -12851 0 60 0
472 8 609 0 24 -12851 0 60 0
473 8 609 0 -6 -12851 0 60 0
474 12 742 903 24 -6 1 51 51
475 12 903 742 -24 6 1 51 51
476 8 609 0 -6 -12851 1 60 0
477 12 742 1100 24 -6 1 55 55
478 12 742 609 -24 6 0 55 51
479 12 903 742 24 -6 1 55 55
480 12 500 742 24 -6 1 51 51
481 12 500 742 -24 6 1 55 51
482 8 742 0 6 -12851 0 55 0
483 8 742 0 24 -12851 1 55 0
484 12 742 609 -24 6 0 55 55
485 8 1100 0 -24 -12851 0 55 0
486 12 1100 742 -24 6 0 55 55
487 8 609 0 24 -12851 0 60 0
488 8 903 0 24 -12851 1 55 0
489 8 903 0 24 -12851 0 60 0
490 8 1100 0 -6 -12851 0 55 0
491 12 742 609 24 -6 1 51 51
492 8 903 0 24 -12851 1 60 0
493 8 1100 0 24 -12851 0 55 0
494 12 609 742 -24 6 1 51 55
495 12 742 609 24 -6 1 51 51
496 12 742 609 24 -6 1 55 55
497 12 609 742 24 -6 1 51 51
498 8 742 0 -24 -12851 0 55 0
499 12 742 609 24 -6 1 51 55
500 8 742 0 -24 -12851 0 55 0
501 8 609 0 24 -12851 0 60 0
502 8 500 0 -24 -12851 0 60 0
503 8 500 0 -6 -12851 0 55 0
504 12 742 1100 24 -6 1 51 55
505 8 500 0 6 -12851 0 55 0
506 8 609 0 -24 -12851 0 60 0
507 8 609 0 -6 -12851 1 55 0
508 12 1100 742 -24 6 0 55 55
509 8 609 0 24 -12851 1 55 0
510 12 903 742 -24 6 1 51 55
511 12 1100 742 -24 6 0 55 55
512 12 742 903 24 -6 1 51 55
513 8 609 0 -6 -12851 1 55 0
514 12 742 500 -24 6 0 55 55
515 8 903 0 6 -12851 0 60 0
516 8 1100 0 -24 -12851 1 55 0
517 12 609 742 -24 6 1 51 55
518 12 742 903 24 -6 1 55 51
519 8 742 0 24 -12851 1 55 0
520 12 742 500 24 -6 1 51 51
521 8 742 0 -6 -12851 1 55 0
522 12 903 742 24 -6 1 51 51
523 12 500 742 -24 6 1 55 55
524 8 609 0 24 -12851 1 55 0
525 8 500 0 -6 -12851 0 60 0
526 12 1100 742 24 -6 1 55 51
527 12 742 903 -24 6 1 51 51
528 12 1100 742 24 -6 1 51 51
529 8 500 0 -24 -12851 1 60 0
530 8 1100 0 -6 -12851 0 55 0
531 8 1100 0 -24 -12851 0 55 0
532 12 742 903 24 -6 1 55 51
533 12 742 500 24 -6 1 55 55
534 8 742 0 24 -12851 1 55 0
535 8 903 0 -6 -12851 0 55 0
536 12 609 742 24 -6 0 51 55
537 8 903 0 6 -12851 1 55 0
538 8 500 0 6 -12851 1 55 0
539 12 500 742 -24 6 1 55 55
540 12 742 500 -24 6 0 51 55
541 12 742 500 -24 6 1 55 55
542 8 1100 0 -6 -12851 1 55 0
543 8 1100 0 24 -12851 1 55 0
544 8 742 0 -6 -12851 1 60 0
545 8 609 0 -24 -12851 0 55 0
546 8 903 0 -6 -12851 0 55 0
547 8 1100 0 24 -12851 1 60 0
548 12 742 1100 -24 6 0 51 51
549 12 742 1100 -24 6 1 55 55
550 12 742 903 -24 6 1 51 51
551 8 609 0 -6 -12851 0 60 0
552 8 500 0 -6 -12851 1 60 0
553 8 1100 0 -24 -12851 1 60 0
554 8 903 0 -6 -12851 0 55 0
555 8 742 0 -6 -12851 0 55 0
556 12 742 609 -24 6 0 55 55
557 8 742 0 6 -12851 0 55 0
558 8 500 0 -6 -12851 0 55 0
559 8 609 0 6 -12851 0 60 0
560 12 742 609 -24 6 0 55 51
561 12 742 1100 24 -6 0 51 51
562 12 1100 742 -24 6 0 55 55
563 8 903 0 24 -12851 1 60 0
564 8 500 0 6 -12851 0 60 0
565 8 1100 0 -6 -12851 1 55 0
566 12 742 500 -24 6 0 51 55
567 8 1100 0 -24 -12851 0 55 0
568 12 742 1100 24 -6 0 55 55
569 8 742 0 -6 -12851 0 60 0
570 12 500 742 24 -6 0 51 55
571 8 903 0 -6 -12851 0 55 0
572 12 1100 742 -24 6 0 51 55
573 12 903 742 24 -6 0 55 55
574 8 609 0 6 -12851 1 55 0
575 12 1100 742 24 -6 0 51 51
576 8 903 0 -6 -12851 1 55 0
577 12 1100 742 24 -6 0 55 51
578 12 500 742 24 -6 0 55 55
579 8 1100 0 6 -12851 0 55 0
580 12 742 500 -24 6 0 51 51
581 12 1100 742 -24 6 0 51 51
582 12 903 742 24 -6 0 55 51
583 12 903 742 24 -6 1 55 51
584 8 1100 0 -24 -12851 0 55 0
585 8 609 0 -6 -12851 1 55 0
586 12 742 500 -24 6 0 55 55
587 8 500 0 6 -12851 1 60 0
588 12 903 742 24 -6 0 51 55
589 8 609 0 -6 -12851 1 60 0
590 12 742 903 -24 6 1 55 55
591 12 609 742 24 -6 0 51 55
592 12 742 903 -24 6 0 55 51
593 8 500 0 6 -12851 0 60 0
594 12 742 1100 24 -6 1 51 51
595 8 903 0 -24 -12851 0 55 0
596 12 903 742 24 -6 1 55 55
597 12 609 742 24 -6 1 51 51
598 12 903 742 24 -6 0 51 51
599 8 742 0 6 -12851 0 55 0
600 8 742 0 6 -12851 1 60 0
601 12 742 609 -24 6 1 51 51
602 8 500 0 24 -12851 1 60 0
603 12 609 742 24 -6 1 51 55
604 8 903 0 6 -12851 0 60 0
605 8 903 0 24 -12851 0 55 0
606 12 742 500 -24 6 1 55 55
607 8 903 0 -6 -12851 0 55 0
608 12 609 742 -24 6 0 55 51
609 8 903 0 24 -12851 0 55 0
610 12 500 742 -24 6 0 55 55
611 8 742 0 -24 -12851 0 55 0
612 12 742 1100 24 -6 0 55 55
613 12 742 903 -24 6 0 51 55
614 12 742 1100 24 -6 0 55 55
615 12 609 742 -24 6 1 55 55
616 12 742 1100 24 -6 1 51 51
617 12 742 1100 24 -6 0 51 51
618 8 1100 0 -24 -12851 1 60 0
619 12 742 609 -24 6 0 51 55
620 12 742 903 -24 6 1 51 55
621 12 500 742 24 -6 0 55 51
622 8 742 0 6 -12851 1 55 0
623 8 1100 0 6 -12851 1 60 0
624 8 1100 0 -24 -12851 0 60 0
625 12 903 742 -24 6 0 55 51
626 8 500 0 24 -12851 1 55 0
627 8 500 0 24 -12851 1 60 0
628 8 609 0 6 -12851 1 55 0
629 12 609 742 24 -6 1 55 55
630 8 742 0 24 -12851 1 55 0
631 12 1100 742 -24 6 1 51 51
632 8 500 0 -6 -12851 0 55 0
633 12 609 742 -24 6 1 51 51
634 8 609 0 24 -12851 0 60 0
635 8 609 0 24 -12851 1 60 0
636 12 609 742 24 -6 1 51 51
637 12 742 903 -24 6 0 55 55
638 12 1100 742 24 -6 1 55 55
639 8 500 0 24 -12851 0 60 0
640 8 500 0 6 -12851 0 55 0
641 12 742 903 24 -6 0 55 55
642 12 500 742 24 -6 1 51 55
643 12 742 500 24 -6 0 55 51
644 8 609 0 -24 -12851 0 55 0
645 12 903 742 -24 6 0 55 51
646 12 609 742 24 -6 1 55 51
647 12 1100 742 24 -6 0 55 55
648 8 500 0 24 -12851 0 55 0
649 12 500 742 24 -6 1 51 51
650 12 742 1100 -24 6 0 55 55
651 8 609 0 -6 -12851 1 55 0
652 8 500 0 -6 -12851 0 55 0
653 12 903 742 24 -6 1 55 51
654 8 903 0 24 -12851 0 55 0
655 12 742 500 -24 6 1 51 51
656 12 903 742 -24 6 1 55 55
657 12 609 742 24 -6 0 51 51
658 8 742 0 -6 -12851 0 55 0
659 12 742 1100 -24 6 1 51 55
660 8 742 0 24 -12851 0 60 0
661 8 742 0 -6 -12851 0 55 0
662 12 500 742 -24 6 0 51 55
663 12 742 500 24 -6 0 55 55
664 12 742 903 24 -6 0 51 55
665 12 742 903 24 -6 0 55 55
666 8 903 0 -24 -12851 0 60 0
667 8 903 0 6 -12851 0 60 0
668 12 742 1100 24 -6 0 51 51
669 8 1100 0 6 -12851 0 60 0
670 12 742 500 -24 6 1 51 55
671 8 1100 0 6 -12851 0 55 0
672 8 609 0 -24 -12851 0 55 0
673 8 1100 0 -6 -12851 1 60 0
674 12 1100 742 -24 6 1 55 51
675 8 1100 0 24 -12851 1 55 0
676 8 1100 0 -6 -12851 0 60 0
677 8 903 0 -24 -12851 0 60 0
678 12 609 742 -24 6 0 51 51
679 12 500 742 24 -6 0 51 55
680 12 609 742 24 -6 0 55 55
681 8 500 0 24 -12851 0 60 0
682 12 500 742 24 -6 0 51 55
683 12 742 609 -24 6 0 51 55
684 12 903 742 -24 6 0 55 55
685 8 742 0 -6 -12851 0 55 0
686 12 903 742 -24 6 0 51 51
687 12 609 742 24 -6 0 51 51
688 8 500 0 24 -12851 0 55 0
689 12 609 742 24 -6 0 55 55
690 8 742 0 6 -12851 0 55 0
691 12 1100 742 24 -6 0 51 51
692 8 903 0 24 -12851 0 55 0
693 8 742 0 -24 -12851 0 55 0
694 8 609 0 24 -12851 0 55 0
695 8 1100 0 6 -12851 0 55 0
696 12 742 609 24 -6 0 55 55
697 12 500 742 24 -6 0 51 51
698 8 500 0 -6 -12851 0 55 0
699 12 903 742 -24 6 0 55 51
700 8 1100 0 -6 -12851 0 60 0
701 8 903 0 -24 -12851 0 60 0
702 12 742 1100 -24 6 0 51 51
703 12 609 742 -24 6 0 55 55
704 8 609 0 24 -12851 0 60 0
705 12 742 500 -24 6 0 55 51
706 12 742 903 24 -6 0 51 55
707 8 609 0 -6 -12851 0 60 0
708 12 742 609 24 -6 0 55 55
709 8 500 0 -24 -12851 0 55 0
710 8 500 0 6 -12851 0 55 0
711 8 742 0 -6 -12851 0 60 0
712 12 742 500 24 -6 0 55 55
713 12 1100 742 -24 6 0 51 51
714 12 742 903 24 -6 0 55 55
715 8 742 0 -24 -12851 0 55 0
716 12 609 742 -24 6 0 55 51
717 12 500 742 24 -6 0 55 55
718 8 500 0 24 -12851 0 55 0
719 12 742 903 24 -6 0 55 55
720 12 500 742 24 -6 0 51 51
721 12 903 742 -24 6 0 51 55
722 12 742 609 24 -6 0 55 55
723 8 1100 0 6 -12851 0 55 0
724 8 742 0 -6 -12851 0 55 0
725 8 609 0 -6 -12851 0 55 0
726 8 500 0 -6 -12851 0 55 0
727 12 500 742 -24 6 0 51 51
728 8 609 0 -6 -12851 0 55 0
729 8 609 0 -24 -12851 0 60 0
730 12 742 500 -24 6 0 51 55
731 8 903 0 -24 -12851 0 55 0
732 12 1100 742 24 -6 0 51 55
733 12 903 742 -24 6 0 55 55
734 8 903 0 -6 -12851 0 55 0
735 12 742 903 24 -6 0 51 51
736 12 742 903 24 -6 0 51 51
737 8 1100 0 24 -12851 0 60 0
738 12 609 742 -24 6 0 51 51
739 12 742 609 24 -6 0 51 55
740 8 903 0 24 -12851 0 60 0
741 8 1100 0 6 -12851 0 55 0
742 12 1100 742 24 -6 0 51 55
743 12 742 609 24 -6 0 55 51
744 12 500 742 24 -6 0 55 55
745 12 1100 742 24 -6 0 51 51
746 12 742 903 24 -6 0 55 51
747 12 1100 742 24 -6 0 51 51
748 8 1100 0 24 -12851 0 55 0
749 8 1100 0 6 -12851 0 60 0
750 8 742 0 6 -12851 0 55 0
751 8 1100 0 -24 -12851 0 55 0
752 8 742 0 6 -12851 0 60 0
753 12 742 500 24 -6 0 55 55
754 12 742 1100 -24 6 0 51 55
755 8 1100 0 6 -12851 0 55 0
756 12 742 609 -24 6 0 55 51
757 12 1100 742 24 -6 0 51 55
758 8 500 0 -6 -12851 0 55 0
759 12 500 742 24 -6 0 51 55
760 8 903 0 6 -12851 0 60 0
761 8 903 0 6 -12851 0 60 0
762 12 500 742 -24 6 0 51 51
763 12 500 742 24 -6 0 51 51
764 12 742 500 -24 6 0 51 55
765 8 500 0 -24 -12851 0 60 0
766 12 742 500 -24 6 0 51 51
767 8 742 0 24 -12851 0 55 0
768 8 500 0 -6 -12851 0 60 0
769 8 903 0 -24 -12851 0 55 0
770 8 609 0 -24 -12851 0 55 0
771 8 609 0 24 -12851 0 60 0
772 8 609 0 -6 -12851 0 55 0
773 12 903 742 24 -6 0 55 55
774 8 742 0 -6 -12851 0 55 0
775 8 742 0 6 -12851 0 60 0
776 12 742 500 24 -6 0 51 55
777 8 500 0 6 -12851 0 55 0
778 12 742 609 -24 6 0 51 55
779 8 500 0 -24 -12851 0 60 0
780 12 903 742 24 -6 0 55 55
781 12 742 1100 -24 6 0 55 51
782 12 1100 742 -24 6 0 51 51
783 12 500 742 24 -6 0 55 55
784 8 903 0 6 -12851 0 55 0
785 12 742 500 24 -6 0 51 51
786 12 742 500 24 -6 0 51 51
787 12 903 742 24 -6 0 55 55
788 8 742 0 24 -12851 0 55 0
789 12 742 500 -24 6 0 51 51
790 8 742 0 6 -12851 0 55 0
791 8 609 0 24 -12851 0 60 0
792 12 742 903 24 -6 0 51 55
793 12 609 742 -24 6 0 55 51
794 12 742 609 24 -6 0 51 51
795 12 742 500 24 -6 0 51 51
796 8 609 0 6 -12851 0 60 0
797 8 903 0 -24 -12851 0 60 0
798 8 903 0 -24 -12851 0 55 0
799 8 609 0 -24 -12851 0 60 0
800 8 500 0 -24 -12851 0 60 0
801 8 1100 0 -6 -12851 0 60 0
802 12 742 500 -24 6 0 51 55
803 8 1100 0 24 -12851 0 55 0
804 12 742 609 -24 6 0 55 51
805 12 609 742 24 -6 0 55 51
806 12 742 609 -24 6 0 51 51
807 12 1100 742 24 -6 0 51 55
808 12 903 742 -24 6 0 55 55
809 8 1100 0 -6 -12851 0 60 0
810 12 1100 742 24 -6 0 55 55
811 8 1100 0 24 -12851 0 55 0
812 8 1100 0 24 -12851 0 60 0
813 8 609 0 24 -12851 0 55 0
814 8 1100 0 -24 -12851 0 55 0
815 12 742 500 24 -6 0 51 51
816 8 1100 0 -6 -12851 0 60 0
817 12 742 609 24 -6 0 55 55
818 8 742 0 -6 -12851 1 55 0
819 12 609 742 -24 6 0 51 51
820 8 500 0 -6 -12851 0 60 0
821 8 500 0 -24 -12851 0 60 0
822 12 1100 742 24 -6 0 51 51
823 8 609 0 6 -12851 0 60 0
824 8 500 0 24 -12851 0 60 0
825 8 903 0 -6 -12851 0 55 0
826 12 742 903 24 -6 0 51 55
827 12 903 742 24 -6 0 51 51
828 8 609 0 -6 -12851 0 60 0
829 12 742 1100 -24 6 0 55 55
830 8 903 0 24 -12851 0 55 0
831 8 903 0 24 -12851 0 55 0
832 12 742 1100 24 -6 0 51 51
833 8 742 0 -6 -12851 0 60 0
834 8 742 0 6 -12851 0 60 0
835 8 742 0 -6 -12851 0 55 0
836 12 609 742 -24 6 0 55 55
837 8 742 0 6 -12851 0 60 0
838 8 742 0 24 -12851 0 55 0
839 8 609 0 24 -12851 0 55 0
840 12 742 609 24 -6 0 55 55
841 8 1100 0 6 -12851 0 55 0
842 8 742 0 24 -12851 0 60 0
843 8 903 0 24 -12851 0 55 0
844 8 609 0 -6 -12851 0 55 0
845 12 1100 742 24 -6 0 51 55
846 12 742 903 -24 6 0 51 51
847 8 500 0 -6 -12851 0 55 0
848 8 903 0 -6 -12851 0 60 0
849 12 1100 742 -24 6 0 51 51
850 8 609 0 -24 -12851 0 55 0
851 8 500 0 24 -12851 0 55 0
852 12 742 903 24 -6 0 51 55
853 8 500 0 -6 -12851 0 55 0
854 12 903 742 -24 6 0 51 51
855 8 1100 0 -6 -12851 0 55 0
856 8 1100 0 -6 -12851 0 60 0
857 8 903 0 24 -12851 0 55 0
858 8 903 0 24 -12851 0 60 0
859 8 903 0 -6 -12851 0 60 0
860 8 903 0 6 -12851 0 60 0
861 8 500 0 24 -12851 0 55 0
862 12 742 609 24 -6 0 51 51
863 8 609 0 6 -12851 0 60 0
864 12 609 742 -24 6 0 55 51
865 12 903 742 24 -6 0 51 55
866 12 742 903 24 -6 0 55 55
867 8 742 0 -6 -12851 0 60 0
868 12 609 742 -24 6 0 55 51
869 8 1100 0 24 -12851 0 55 0
870 12 742 609 -24 6 0 51 51
871 8 609 0 6 -12851 0 60 0
872 12 1100 742 24 -6 0 51 51
873 12 609 742 24 -6 0 55 55
874 12 1100 742 -24 6 0 51 51
875 12 1100 742 24 -6 0 51 51
876 8 1100 0 -6 -12851 0 60 0
877 8 742 0 6 -12851 0 60 0
878 8 742 0 24 -12851 0 60 0
879 12 1100 742 -24 6 0 55 55
880 12 609 742 24 -6 0 51 55
881 8 903 0 -6 -12851 0 60 0
882 12 742 1100 24 -6 0 55 51
883 8 500 0 6 -12851 0 60 0
884 12 742 903 -24 6 0 55 51
885 12 742 1100 24 -6 0 55 51
886 12 742 500 -24 6 0 51 55
887 8 609 0 -24 -12851 0 55 0
888 8 1100 0 -6 -12851 0 55 0
889 12 742 609 24 -6 0 51 55
890 12 500 742 -24 6 0 51 51
891 8 500 0 -6 -12851 0 55 0
892 8 742 0 24 -12851 0 55 0
893 12 742 1100 -24 6 0 55 55
894 12 1100 742 24 -6 0 51 51
895 12 500 742 -24 6 0 55 51
896 8 742 0 -6 -12851 0 60 0
897 12 1100 742 24 -6 0 51 55
898 12 742 1100 -24 6 0 55 55
899 8 609 0 24 -12851 0 55 0
900 12 609 742 -24 6 0 51 51
901 8 609 0 6 -12851 0 60 0
902 12 742 903 24 -6 0 51 51
903 12 609 742 24 -6 0 51 55
904 12 742 903 24 -6 0 51 51
905 8 500 0 -24 -12851 0 60 0
906 8 742 0 -24 -12851 0 55 0
907 8 500 0 6 -12851 0 60 0
908 12 742 1100 24 -6 0 51 51
909 12 742 500 24 -6 0 51 55
910 12 742 500 -24 6 0 51 51
911 12 609 742 -24 6 0 55 55
912 12 742 609 -24 6 0 55 55
913 12 742 500 -24 6 0 55 51
914 8 903 0 -6 -12851 0 60 0
915 12 903 742 24 -6 0 51 51
916 8 1100 0 -24 -12851 0 55 0
917 12 609 742 24 -6 0 55 51
918 12 903 742 24 -6 0 51 51
919 12 742 500 -24 6 0 55 55
920 12 500 742 24 -6 0 55 51
921 12 1100 742 24 -6 0 55 51
922 12 742 500 -24 6 0 51 51
923 8 1100 0 6 -12851 0 60 0
924 12 1100 742 24 -6 0 51 55
925 8 1100 0 -6 -12851 0 60 0
926 8 742 0 -24 -12851 0 60 0
927 12 742 903 24 -6 0 51 55
928 12 1100 742 24 -6 0 55 55
929 8 903 0 6 -12851 0 60 0
930 12 609 742 24 -6 0 51 51
931 12 742 1100 24 -6 0 51 51
932 12 500 742 -24 6 0 55 51
933 12 742 1100 24 -6 0 51 51
934 8 500 0 6 -12851 0 60 0
935 8 609 0 -24 -12851 0 60 0
936 8 903 0 -24 -12851 0 55 0
937 8 1100 0 -6 -12851 0 55 0
938 8 1100 0 24 -12851 0 55 0
939 12 500 742 -24 6 0 51 51
940 12 1100 742 -24 6 0 51 51
941 8 903 0 -24 -12851 0 55 0
942 8 903 0 24 -12851 0 60 0
943 8 742 0 -6 -12851 0 60 0
944 8 742 0 24 -12851 0 60 0
945 8 1100 0 -24 -12851 0 55 0
946 12 609 742 24 -6 0 51 55
947 8 742 0 6 -12851 0 60 0
948 12 742 609 24 -6 0 55 51
949 12 500 742 24 -6 0 51 51
950 12 1100 742 24 -6 0 51 51
951 12 903 742 24 -6 0 55 51
952 12 742 1100 -24 6 0 55 55
953 12 1100 742 24 -6 0 51 55
954 12 609 742 24 -6 0 51 51
955 12 1100 742 -24 6 0 51 55
956 12 742 609 -24 6 0 55 55
957 12 500 742 -24 6 0 51 51
958 12 1100 742 24 -6 0 55 51
959 8 1100 0 -24 -12851 0 55 0
960 8 609 0 -6 -12851 0 60 0
961 12 742 609 24 -6 0 55 55
962 8 903 0 -6 -12851 0 60 0
963 8 609 0 6 -12851 0 60 0
964 12 742 609 24 -6 0 51 51
965 8 609 0 -6 -12851 0 55 0
966 12 742 500 -24 6 0 55 51
967 12 742 1100 -24 6 0 51 51
968 8 500 0 24 -12851 0 55 0
969 12 742 903 24 -6 0 55 51
970 12 609 742 24 -6 0 55 55
971 12 609 742 24 -6 0 55 55
972 8 500 0 -6 -12851 0 60 0
973 12 1100 742 24 -6 0 51 55
974 8 500 0 6 -12851 0 55 0
975 8 500 0 -24 -12851 0 60 0
976 12 742 903 24 -6 0 51 51
977 8 500 0 -6 -12851 0 60 0
978 8 609 0 24 -12851 0 60 0
979 8 903 0 6 -12851 0 55 0
980 8 609 0 -6 -12851 0 55 0
981 8 742 0 -6 -12851 0 60 0
982 8 609 0 24 -12851 0 60 0
983 8 500 0 -24 -12851 0 55 0
984 12 742 609 -24 6 0 51 55
985 12 609 742 -24 6 0 55 51
986 8 742 0 24 -12851 0 60 0
987 8 500 0 6 -12851 0 55 0
988 12 742 903 24 -6 0 55 55
989 8 903 0 6 -12851 0 60 0
990 8 742 0 -6 -12851 0 60 0
991 12 742 1100 24 -6 0 55 51
992 12 742 500 -24 6 0 55 51
993 12 1100 742 24 -6 0 55 51
994 12 742 903 24 -6 0 55 55
995 8 1100 0 -24 -12851 0 60 0
996 8 1100 0 6 -12851 0 55 0
997 12 1100 742 -24 6 0 55 55
998 12 609 742 24 -6 0 55 55
999 8 1100 0 6 -12851 0 55 0
1000 8 903 0 -6 -12851 0 55 0
1001 12 742 609 24 -6 0 55 55
1002 12 742 903 -24 6 0 51 51
1003 8 903 0 6 -12851 0 55 0
1004 12 609 742 -24 6 0 55 51
1005 12 742 903 -24 6 0 55 51
1006 8 903 0 -24 -12851 0 55 0
1007 12 742 903 24 -6 0 51 51
1008 12 742 1100 -24 6 0 51 51
1009 8 903 0 -6 -12851 0 60 0
1010 12 742 500 24 -6 0 55 51
1011 8 500 0 6 -12851 0 60 0
1012 8 609 0 -24 -12851 0 60 0
1013 12 903 742 -24 6 0 51 55
1014 12 500 742 24 -6 0 51 51
1015 12 609 742 -24 6 0 51 51
1016 8 742 0 24 -12851 0 55 0
1017 8 1100 0 -24 -12851 0 60 0
1018 8 609 0 -6 -12851 0 55 0
1019 12 609 742 -24 6 0 55 55
1020 8 1100 0 -6 -12851 0 60 0
1021 8 742 0 24 -12851 0 60 0
1022 8 742 0 -6 -12851 0 55 0
1023 12 609 742 24 -6 0 51 55
1024 8 903 0 -6 -12851 0 60 0
1025 8 500 0 24 -12851 0 60 0
1026 8 609 0 -24 -12851 0 60 0
1027 8 1100 0 6 -12851 0 55 0
1028 8 500 0 6 -12851 0 60 0
1029 12 742 609 24 -6 0 51 55
1030 8 609 0 -6 -12851 0 55 0
1031 8 609 0 24 -12851 0 60 0
1032 8 1100 0 -24 -12851 0 55 0
1033 12 742 500 24 -6 0 55 55
1034 8 500 0 6 -12851 0 60 0
1035 8 742 0 -24 -12851 0 60 0
1036 8 903 0 -6 -12851 0 55 0
1037 12 742 609 -24 6 0 51 51
1038 12 1100 742 -24 6 0 51 55
1039 8 609 0 6 -12851 0 60 0
1040 8 1100 0 -24 -12851 0 60 0
1041 8 742 0 6 -12851 0 55 0
1042 8 500 0 6 -12851 0 55 0
1043 8 609 0 -24 -12851 0 55 0
1044 8 1100 0 6 -12851 0 55 0
1045 8 500 0 -24 -12851 0 55 0
1046 12 1100 742 -24 6 0 51 55
1047 8 903 0 -6 -12851 0 60 0
1048 12 742 500 -24 6 0 51 51
1049 12 609 742 -24 6 0 55 55
1050 8 742 0 24 -12851 0 60 0
1051 12 609 742 24 -6 0 55 55
1052 8 903 0 24 -12851 0 60 0
1053 8 903 0 24 -12851 0 60 0
1054 12 1100 742 -24 6 0 51 55
1055 8 903 0 6 -12851 0 60 0
1056 12 742 609 24 -6 0 55 55
1057 8 609 0 -6 -12851 0 55 0
1058 12 1100 742 24 -6 0 55 55
1059 8 500 0 -6 -12851 0 60 0
1060 8 500 0 24 -12851 0 55 0
