1276 12 742 1100 24 -6 1 51 51
1277 12 742 609 -24 6 0 55 51
1278 8 500 0 6 -12851 1 55 0
1279 12 903 742 -24 6 1 55 55
1280 12 742 1100 -24 6 0 51 51
1281 8 1100 0 24 -12851 1 55 0
1282 12 609 742 -24 6 1 51 55
1283 8 500 0 -24 -12851 0 60 0
1284 12 742 903 -24 6 1 51 55
1285 8 1100 0 -24 -12851 1 60 0
1286 12 903 742 24 -6 1 55 51
1287 12 742 1100 24 -6 1 51 55
1288 8 1100 0 -24 -12851 0 60 0
1289 12 609 742 -24 6 1 55 51
1290 8 903 0 -6 -12851 1 55 0
1291 8 500 0 -24 -12851 1 60 0
1292 8 609 0 6 -12851 1 60 0
1293 8 903 0 -24 -12851 1 55 0
1294 12 500 742 24 -6 1 51 51
1295 12 609 742 24 -6 1 51 51
1296 12 1100 742 24 -6 1 51 55
1297 8 742 0 -24 -12851 1 55 0
1298 8 742 0 -6 -12851 0 60 0
1299 8 742 0 24 -12851 0 60 0
1300 8 742 0 6 -12851 1 55 0
1301 12 742 1100 -24 6 1 51 51
1302 12 742 500 -24 6 0 51 55
1303 12 742 1100 -24 6 0 55 51
1304 12 500 742 -24 6 0 55 55
1305 12 742 903 -24 6 0 51 55
1306 12 500 742 24 -6 1 51 51
1307 8 742 0 -24 -12851 1 55 0
1308 12 1100 742 -24 6 1 55 55
1309 8 903 0 -6 -12851 1 55 0
1310 12 742 1100 -24 6 1 55 55
1311 8 742 0 -24 -12851 1 55 0
1312 8 500 0 -6 -12851 1 60 0
1313 8 903 0 -6 -12851 1 55 0
1314 8 903 0 -24 -12851 1 60 0
1315 12 742 1100 -24 6 0 55 51
1316 8 1100 0 24 -12851 1 60 0
1317 12 500 742 -24 6 1 55 51
1318 12 903 742 24 -6 0 51 55
1319 12 500 742 -24 6 1 55 55
1320 8 500 0 -24 -12851 1 60 0
1321 12 500 742 -24 6 1 51 51
1322 12 500 742 -24 6 1 51 51
1323 12 609 742 24 -6 0 51 51
1324 12 742 609 -24 6 0 51 51
1325 12 1100 742 24 -6 0 55 51
1326 8 609 0 -24 -12851 0 60 0
1327 12 903 742 24 -6 0 55 51
1328 8 500 0 6 -12851 0 55 0
1329 8 609 0 -6 -12851 0 55 0
1330 12 609 742 -24 6 1 51 51
1331 8 1100 0 -24 -12851 1 60 0
1332 12 903 742 -24 6 1 55 55
1333 8 609 0 6 -12851 0 55 0
1334 8 1100 0 -24 -12851 1 60 0
1335 12 742 500 -24 6 1 55 55
1336 8 742 0 -6 -12851 1 60 0
1337 8 742 0 24 -12851 1 55 0
1338 8 903 0 -6 -12851 1 55 0
1339 12 742 903 -24 6 1 51 55
1340 8 1100 0 -6 -12851 1 60 0
1341 12 500 742 24 -6 1 51 55
1342 12 742 903 -24 6 0 51 51
1343 8 1100 0 6 -12851 1 60 0
1344 12 742 1100 -24 6 0 51 51
1345 12 742 1100 24 -6 1 55 55
1346 8 742 0 -24 -12851 1 55 0
1347 8 609 0 -24 -12851 0 55 0
1348 8 1100 0 -6 -12851 1 55 0
1349 12 742 609 -24 6 0 51 55
1350 12 1100 742 24 -6 0 51 55
1351 12 742 1100 24 -6 0 51 55
1352 8 609 0 24 -12851 1 60 0
1353 12 903 742 -24 6 1 51 51
1354 12 1100 742 -24 6 1 55 51
1355 8 742 0 6 -12851 1 60 0
1356 8 609 0 -24 -12851 1 60 0
1357 8 500 0 -24 -12851 1 60 0
1358 12 742 903 -24 6 0 51 55
1359 12 609 742 -24 6 1 55 51
1360 12 742 903 24 -6 1 51 51
1361 12 742 500 -24 6 0 51 55
1362 8 903 0 24 -12851 1 55 0
1363 12 742 1100 -24 6 1 51 51
1364 8 500 0 -24 -12851 1 55 0
1365 8 500 0 24 -12851 1 60 0
1366 8 903 0 6 -12851 1 60 0
1367 8 500 0 -6 -12851 1 60 0
1368 8 500 0 -6 -12851 0 55 0
1369 12 742 500 -24 6 0 55 55
1370 8 742 0 6 -12851 1 60 0
1371 12 1100 742 24 -6 0 55 55
1372 12 742 1100 -24 6 0 51 55
1373 12 500 742 -24 6 0 55 55
1374 12 1100 742 24 -6 0 55 55
1375 8 903 0 -24 -12851 0 60 0
1376 12 903 742 -24 6 1 51 51
1377 12 903 742 -24 6 1 51 55
1378 8 500 0 -6 -12851 1 60 0
1379 12 742 500 24 -6 1 51 51
1380 12 1100 742 24 -6 1 51 51
1381 12 742 903 -24 6 1 51 55
1382 12 903 742 -24 6 0 55 51
1383 8 1100 0 24 -12851 1 55 0
1384 12 500 742 -24 6 1 51 51
1385 12 609 742 24 -6 1 51 55
1386 12 742 903 24 -6 1 55 55
1387 12 742 903 -24 6 0 55 51
1388 8 609 0 -6 -12851 1 60 0
1389 8 500 0 6 -12851 1 60 0
1390 12 609 742 24 -6 1 55 51
1391 8 903 0 6 -12851 1 55 0
1392 12 1100 742 24 -6 1 55 55
1393 12 1100 742 -24 6 0 55 51
1394 8 903 0 -6 -12851 0 60 0
1395 8 742 0 6 -12851 0 60 0
1396 8 609 0 -6 -12851 1 55 0
1397 8 609 0 -6 -12851 1 55 0
1398 12 742 903 -24 6 0 55 51
1399 8 742 0 24 -12851 0 60 0
1400 8 1100 0 -24 -12851 1 60 0
1401 12 500 742 24 -6 1 51 55
1402 8 1100 0 -24 -12851 1 60 0
1403 12 1100 742 24 -6 1 55 51
1404 8 609 0 -6 -12851 1 60 0
1405 12 903 742 -24 6 1 55 51
1406 8 609 0 -6 -12851 1 55 0
1407 8 742 0 6 -12851 1 60 0
1408 12 903 742 -24 6 1 55 55
1409 8 609 0 24 -12851 1 55 0
1410 8 609 0 -6 -12851 0 60 0
1411 8 1100 0 -24 -12851 1 55 0
1412 12 609 742 -24 6 1 51 55
1413 12 742 500 24 -6 1 51 51
1414 12 609 742 24 -6 1 55 55
1415 12 742 1100 24 -6 1 55 55
1416 8 1100 0 -6 -12851 1 60 0
1417 8 500 0 -24 -12851 1 60 0
1418 12 903 742 24 -6 1 51 55
1419 12 1100 742 -24 6 1 51 51
1420 12 609 742 -24 6 0 51 51
1421 12 742 1100 -24 6 1 51 51
1422 12 742 1100 24 -6 0 55 55
1423 8 742 0 -24 -12851 0 55 0
1424 12 742 1100 -24 6 0 51 55
1425 12 903 742 24 -6 0 51 51
1426 12 1100 742 24 -6 1 51 55
1427 8 742 0 6 -12851 0 55 0
1428 8 500 0 6 -12851 0 60 0
1429 12 742 500 24 -6 0 55 55
1430 8 1100 0 -6 -12851 0 60 0
1431 8 500 0 6 -12851 1 55 0
1432 12 742 500 24 -6 1 51 55
1433 8 903 0 24 -12851 1 60 0
1434 12 903 742 24 -6 1 51 55
1435 8 903 0 -6 -12851 1 60 0
1436 12 903 742 24 -6 1 55 55
1437 12 903 742 24 -6 0 55 51
1438 12 500 742 -24 6 0 55 55
1439 12 742 609 -24 6 0 51 51
1440 12 742 609 -24 6 0 51 55
1441 12 742 903 -24 6 0 55 55
1442 12 742 903 24 -6 0 51 51
1443 8 903 0 24 -12851 1 55 0
1444 8 609 0 24 -12851 1 55 0
1445 8 609 0 24 -12851 1 55 0
1446 8 500 0 6 -12851 1 60 0
1447 12 1100 742 -24 6 1 51 51
1448 8 742 0 -24 -12851 1 55 0
1449 12 903 742 -24 6 1 51 55
1450 12 742 500 24 -6 1 55 51
1451 12 903 742 24 -6 1 51 55
1452 12 742 903 24 -6 0 51 55
1453 8 500 0 -24 -12851 1 60 0
1454 12 609 742 -24 6 0 51 55
1455 8 742 0 6 -12851 1 55 0
1456 12 742 903 24 -6 1 51 55
1457 12 500 742 24 -6 1 51 55
1458 12 742 903 24 -6 1 55 55
1459 12 903 742 24 -6 0 55 51
1460 12 903 742 24 -6 0 55 55
1461 8 1100 0 -24 -12851 0 55 0
1462 8 500 0 -6 -12851 1 60 0
1463 8 742 0 6 -12851 1 60 0
1464 12 742 1100 24 -6 1 51 51
1465 12 742 1100 24 -6 1 55 51
1466 8 1100 0 -6 -12851 1 60 0
1467 8 903 0 24 -12851 1 60 0
1468 8 1100 0 24 -12851 1 55 0
1469 8 609 0 6 -12851 1 60 0
1470 12 903 742 -24 6 1 51 51
1471 12 609 742 24 -6 0 51 51
1472 8 609 0 24 -12851 1 55 0
1473 12 500 742 -24 6 0 55 51
1474 12 903 742 -24 6 0 55 55
1475 8 903 0 -6 -12851 0 60 0
1476 12 609 742 24 -6 0 51 51
1477 8 903 0 6 -12851 0 60 0
1478 12 742 500 -24 6 0 55 51
1479 8 903 0 24 -12851 1 55 0
1480 8 903 0 6 -12851 0 55 0
1481 12 1100 742 24 -6 1 51 55
1482 12 500 742 -24 6 1 55 55
1483 8 1100 0 -6 -12851 1 55 0
1484 12 742 903 24 -6 1 51 55
1485 12 609 742 -24 6 1 55 51
1486 12 742 500 -24 6 1 51 51
1487 12 500 742 24 -6 1 55 51
1488 12 903 742 -24 6 1 55 55
1489 12 742 609 -24 6 1 51 55
1490 8 742 0 24 -12851 1 55 0
1491 8 1100 0 -24 -12851 1 55 0
1492 8 500 0 -24 -12851 1 55 0
1493 8 742 0 -6 -12851 1 60 0
1494 8 609 0 -24 -12851 1 60 0
1495 8 1100 0 -24 -12851 1 60 0
1496 8 742 0 24 -12851 1 60 0
1497 12 903 742 -24 6 1 55 51
1498 8 500 0 24 -12851 0 60 0
1499 8 903 0 -24 -12851 1 60 0
1500 8 609 0 -24 -12851 1 60 0
1501 12 903 742 -24 6 1 51 55
1502 8 500 0 -6 -12851 0 60 0
1503 12 1100 742 24 -6 1 55 55
1504 8 903 0 -24 -12851 1 55 0
1505 8 609 0 24 -12851 1 55 0
1506 12 742 500 -24 6 1 55 55
1507 8 500 0 24 -12851 0 60 0
1508 8 500 0 24 -12851 0 60 0
1509 8 742 0 -6 -12851 0 60 0
1510 12 903 742 24 -6 0 51 51
1511 8 903 0 24 -12851 0 60 0
1512 8 500 0 6 -12851 1 55 0
1513 8 742 0 -6 -12851 1 60 0
1514 12 500 742 -24 6 1 55 51
1515 12 1100 742 24 -6 1 55 55
1516 8 609 0 24 -12851 1 60 0
1517 12 500 742 -24 6 1 51 55
1518 12 903 742 -24 6 1 55 55
1519 8 742 0 -6 -12851 1 60 0
1520 12 609 742 -24 6 0 51 51
1521 8 903 0 6 -12851 0 60 0
1522 12 903 742 24 -6 0 55 55
1523 8 609 0 -24 -12851 0 60 0
1524 12 742 1100 24 -6 1 51 55
1525 8 903 0 6 -12851 1 60 0
1526 12 1100 742 -24 6 0 51 55
1527 8 500 0 -24 -12851 1 55 0
1528 12 742 1100 -24 6 0 51 55
1529 12 903 742 -24 6 0 55 55
1530 12 500 742 -24 6 0 55 55
1531 8 609 0 -24 -12851 0 55 0
1532 12 742 500 -24 6 1 51 51
1533 12 500 742 -24 6 1 55 55
1534 8 1100 0 6 -12851 1 55 0
1535 8 1100 0 24 -12851 1 60 0
1536 12 500 742 24 -6 0 55 51
1537 12 1100 742 24 -6 1 51 51
1538 12 1100 742 24 -6 0 55 51
1539 8 1100 0 -24 -12851 0 55 0
1540 8 1100 0 24 -12851 0 60 0
1541 12 903 742 24 -6 0 51 51
1542 8 1100 0 24 -12851 0 55 0
1543 8 742 0 24 -12851 0 60 0
1544 12 742 609 -24 6 0 51 55
1545 8 742 0 -24 -12851 1 55 0
1546 8 500 0 6 -12851 0 55 0
1547 8 609 0 6 -12851 1 55 0
1548 12 1100 742 -24 6 1 55 51
1549 12 742 609 -24 6 1 55 55
1550 8 609 0 6 -12851 0 60 0
1551 12 742 609 -24 6 1 55 55
1552 8 903 0 -6 -12851 1 60 0
1553 12 609 742 24 -6 1 55 55
1554 8 609 0 -24 -12851 1 55 0
1555 8 742 0 24 -12851 1 55 0
1556 8 903 0 -6 -12851 0 60 0
1557 12 742 903 24 -6 0 55 55
1558 8 1100 0 24 -12851 0 60 0
1559 12 500 742 24 -6 0 51 55
1560 8 1100 0 24 -12851 0 55 0
1561 12 742 609 -24 6 0 55 51
1562 12 903 742 -24 6 0 51 51
1563 12 742 903 24 -6 0 51 55
1564 12 742 903 -24 6 0 55 51
1565 8 500 0 -24 -12851 1 60 0
1566 12 609 742 24 -6 0 51 51
1567 8 500 0 -6 -12851 0 60 0
1568 8 903 0 24 -12851 0 55 0
1569 8 1100 0 -24 -12851 0 60 0
1570 8 1100 0 24 -12851 1 60 0
1571 8 903 0 24 -12851 1 55 0
1572 8 500 0 -24 -12851 1 60 0
1573 12 742 500 24 -6 1 55 51
1574 12 742 609 24 -6 1 55 55
1575 8 1100 0 24 -12851 1 55 0
1576 12 1100 742 -24 6 0 51 51
1577 12 500 742 -24 6 0 55 55
1578 8 903 0 -24 -12851 0 60 0
1579 12 742 609 -24 6 0 55 51
1580 8 500 0 6 -12851 1 60 0
1581 8 742 0 -24 -12851 1 60 0
1582 12 609 742 24 -6 1 51 51
1583 12 742 609 24 -6 1 55 55
1584 12 609 742 -24 6 1 55 55
1585 8 1100 0 6 -12851 0 55 0
1586 12 742 1100 24 -6 1 55 55
1587 8 742 0 -6 -12851 1 55 0
1588 8 609 0 -6 -12851 1 60 0
1589 12 609 742 -24 6 1 51 55
1590 8 742 0 -24 -12851 0 55 0
1591 8 609 0 6 -12851 0 55 0
1592 8 609 0 6 -12851 0 55 0
1593 12 742 609 -24 6 0 51 51
1594 8 903 0 24 -12851 1 55 0
1595 8 500 0 6 -12851 1 55 0
1596 12 742 609 -24 6 0 55 51
1597 12 742 1100 -24 6 0 55 55
1598 8 903 0 -24 -12851 0 60 0
1599 8 903 0 24 -12851 1 60 0
1600 8 1100 0 6 -12851 1 55 0
1601 8 742 0 -24 -12851 0 60 0
1602 8 1100 0 -24 -12851 0 55 0
1603 12 742 1100 -24 6 0 55 55
1604 12 500 742 -24 6 0 55 51
1605 8 500 0 24 -12851 0 55 0
1606 12 609 742 -24 6 0 51 55
1607 8 742 0 24 -12851 0 60 0
1608 12 742 609 24 -6 1 55 51
1609 12 742 903 -24 6 0 51 51
1610 8 609 0 -24 -12851 1 55 0
1611 8 1100 0 6 -12851 0 55 0
1612 8 742 0 -6 -12851 1 60 0
1613 12 742 903 -24 6 1 55 55
1614 12 500 742 24 -6 1 51 51
1615 12 742 903 24 -6 1 51 55
1616 12 903 742 24 -6 1 55 51
1617 12 609 742 -24 6 0 55 51
1618 12 609 742 24 -6 0 51 55
1619 8 500 0 24 -12851 1 60 0
1620 12 742 1100 24 -6 0 51 55
1621 8 903 0 24 -12851 0 60 0
1622 8 609 0 6 -12851 1 60 0
1623 8 500 0 -24 -12851 1 60 0
1624 12 742 500 24 -6 0 55 55
1625 12 742 903 -24 6 0 51 51
1626 12 903 742 24 -6 0 51 51
1627 8 903 0 -24 -12851 1 55 0
1628 8 609 0 24 -12851 0 55 0
1629 12 903 742 -24 6 0 55 51
1630 12 1100 742 24 -6 0 55 51
1631 12 742 609 -24 6 0 55 51
1632 8 742 0 -24 -12851 0 60 0
1633 12 903 742 -24 6 1 55 55
1634 12 742 1100 -24 6 1 51 51
1635 12 1100 742 -24 6 1 55 51
1636 12 742 500 24 -6 0 51 55
1637 12 609 742 24 -6 1 51 51
1638 12 742 1100 24 -6 1 55 55
1639 12 500 742 24 -6 1 51 51
1640 8 742 0 6 -12851 0 55 0
1641 12 500 742 24 -6 0 55 55
1642 8 903 0 -24 -12851 0 60 0
1643 8 500 0 -6 -12851 0 55 0
1644 12 500 742 24 -6 1 55 51
1645 12 742 903 -24 6 0 55 51
1646 8 1100 0 24 -12851 0 60 0
1647 12 1100 742 -24 6 0 51 51
1648 8 742 0 6 -12851 1 55 0
1649 8 1100 0 6 -12851 0 60 0
1650 8 742 0 -24 -12851 0 55 0
1651 12 742 500 -24 6 1 55 55
1652 12 609 742 -24 6 1 51 55
1653 12 903 742 -24 6 0 51 51
1654 8 903 0 -24 -12851 0 60 0
1655 8 903 0 -24 -12851 1 60 0
1656 12 742 1100 -24 6 0 51 51
1657 8 609 0 -24 -12851 0 55 0
1658 12 742 1100 24 -6 1 55 55
1659 8 609 0 24 -12851 0 55 0
1660 8 1100 0 -24 -12851 0 55 0
1661 12 742 609 24 -6 1 51 55
1662 8 609 0 -24 -12851 0 55 0
1663 8 500 0 -24 -12851 0 60 0
1664 12 1100 742 24 -6 0 51 51
1665 12 742 609 -24 6 0 51 55
1666 8 500 0 6 -12851 0 55 0
1667 12 500 742 24 -6 0 51 51
1668 8 903 0 -24 -12851 0 55 0
1669 12 609 742 -24 6 0 51 55
1670 12 500 742 -24 6 0 55 51
1671 8 903 0 -6 -12851 0 60 0
1672 12 742 903 24 -6 0 51 51
1673 12 742 903 24 -6 0 51 51
1674 12 1100 742 -24 6 0 55 51
1675 8 903 0 6 -12851 1 55 0
1676 8 903 0 -24 -12851 0 55 0
1677 8 500 0 -6 -12851 0 55 0
1678 8 609 0 -24 -12851 0 60 0
1679 8 1100 0 24 -12851 1 55 0
1680 8 1100 0 -24 -12851 1 60 0
1681 8 609 0 6 -12851 1 55 0
1682 8 1100 0 6 -12851 0 60 0
1683 8 742 0 -6 -12851 1 55 0
1684 12 742 1100 24 -6 1 55 51
1685 8 500 0 6 -12851 1 55 0
1686 12 500 742 -24 6 0 55 51
1687 12 1100 742 24 -6 0 55 51
1688 8 500 0 -6 -12851 0 60 0
1689 12 742 609 -24 6 0 55 55
1690 12 500 742 24 -6 0 55 55
1691 12 500 742 24 -6 0 51 55
1692 8 742 0 -6 -12851 0 60 0
1693 8 609 0 -24 -12851 0 55 0
1694 12 1100 742 24 -6 0 51 51
1695 12 609 742 24 -6 0 55 51
1696 8 742 0 -24 -12851 1 60 0
1697 12 742 903 -24 6 1 51 55
1698 12 742 500 24 -6 0 55 55
1699 8 742 0 6 -12851 0 60 0
1700 12 742 609 24 -6 0 51 55
1701 12 742 609 24 -6 0 51 51
1702 8 742 0 -6 -12851 0 55 0
1703 12 500 742 -24 6 0 51 55
1704 8 500 0 6 -12851 0 55 0
1705 12 500 742 -24 6 0 51 51
1706 8 1100 0 -6 -12851 0 55 0
1707 12 742 609 -24 6 0 51 51
1708 12 742 903 -24 6 0 55 51
1709 12 609 742 24 -6 0 55 55
1710 8 742 0 -24 -12851 0 60 0
1711 12 609 742 -24 6 0 55 51
1712 8 609 0 6 -12851 0 60 0
1713 12 500 742 24 -6 0 55 55
1714 12 609 742 24 -6 0 55 55
1715 8 500 0 -24 -12851 0 60 0
1716 8 500 0 6 -12851 0 60 0
1717 12 742 500 24 -6 0 51 51
1718 8 742 0 -24 -12851 0 60 0
1719 8 609 0 6 -12851 0 60 0
1720 12 609 742 24 -6 0 55 55
1721 8 609 0 6 -12851 0 55 0
1722 8 1100 0 6 -12851 0 60 0
1723 12 1100 742 -24 6 0 51 51
1724 12 742 500 24 -6 0 55 55
1725 8 903 0 -6 -12851 0 60 0
1726 8 903 0 -24 -12851 0 55 0
1727 8 1100 0 -6 -12851 0 55 0
1728 8 903 0 24 -12851 0 55 0
1729 12 742 609 -24 6 0 55 51
1730 8 609 0 -24 -12851 0 55 0
1731 8 609 0 6 -12851 0 55 0
1732 8 609 0 24 -12851 0 60 0
1733 12 903 742 -24 6 0 51 51
1734 8 742 0 -6 -12851 0 55 0
1735 12 742 500 -24 6 0 51 55
1736 8 742 0 24 -12851 0 60 0
1737 8 903 0 -24 -12851 0 60 0
1738 8 1100 0 24 -12851 0 60 0
1739 12 609 742 -24 6 0 51 55
1740 8 1100 0 24 -12851 0 60 0
1741 8 903 0 24 -12851 0 60 0
1742 8 742 0 24 -12851 0 60 0
1743 12 500 742 -24 6 0 55 51
1744 8 903 0 24 -12851 0 60 0
1745 8 500 0 6 -12851 0 60 0
1746 8 609 0 -24 -12851 0 60 0
1747 8 1100 0 24 -12851 0 60 0
1748 12 903 742 24 -6 0 51 51
1749 12 500 742 24 -6 0 55 51
1750 8 500 0 -6 -12851 0 60 0
1751 8 500 0 6 -12851 0 55 0
1752 8 1100 0 -24 -12851 0 55 0
1753 8 1100 0 6 -12851 0 55 0
1754 12 742 1100 -24 6 0 55 51
1755 12 903 742 24 -6 0 55 55
1756 8 903 0 -6 -12851 0 60 0
1757 8 500 0 24 -12851 0 55 0
1758 8 1100 0 -6 -12851 0 55 0
1759 8 903 0 -6 -12851 0 55 0
1760 8 903 0 24 -12851 0 60 0
1761 12 500 742 24 -6 0 51 55
1762 12 500 742 -24 6 0 51 51
1763 8 609 0 -6 -12851 0 60 0
1764 8 742 0 24 -12851 0 60 0
1765 12 1100 742 24 -6 0 51 51
1766 12 742 1100 -24 6 0 51 55
1767 12 1100 742 -24 6 0 51 55
1768 8 742 0 -6 -12851 0 55 0
1769 8 742 0 -24 -12851 0 55 0
1770 8 1100 0 -6 -12851 0 60 0
1771 8 609 0 6 -12851 0 60 0
1772 12 500 742 -24 6 0 51 55
1773 12 903 742 24 -6 0 55 51
1774 12 609 742 -24 6 0 55 55
1775 12 500 742 -24 6 0 55 55
1776 12 1100 742 24 -6 0 51 51
1777 12 742 1100 24 -6 0 51 55
1778 8 500 0 -24 -12851 0 55 0
1779 8 500 0 -24 -12851 0 60 0
1780 12 742 903 -24 6 0 55 51
1781 8 609 0 -6 -12851 0 55 0
1782 8 609 0 -24 -12851 0 55 0
1783 12 742 1100 24 -6 0 51 51
1784 12 609 742 -24 6 0 51 55
1785 8 609 0 -24 -12851 0 55 0
1786 12 742 500 -24 6 0 55 51
1787 12 742 1100 24 -6 0 55 55
1788 12 742 903 -24 6 0 51 55
1789 8 903 0 24 -12851 0 60 0
1790 12 500 742 24 -6 0 51 51
1791 8 903 0 -24 -12851 0 55 0
1792 8 742 0 6 -12851 0 55 0
1793 12 742 609 -24 6 0 55 51
1794 8 609 0 -24 -12851 0 60 0
1795 8 903 0 -6 -12851 0 55 0
1796 8 500 0 24 -12851 0 60 0
1797 8 742 0 24 -12851 0 55 0
1798 12 742 903 -24 6 0 55 51
1799 12 742 609 24 -6 0 55 55
1800 8 742 0 -6 -12851 0 60 0
1801 12 742 1100 -24 6 0 51 55
1802 8 500 0 -24 -12851 0 55 0
1803 8 500 0 -24 -12851 0 60 0
1804 12 1100 742 -24 6 0 51 51
1805 8 609 0 6 -12851 0 60 0
1806 8 1100 0 -24 -12851 0 60 0
1807 12 609 742 -24 6 0 51 55
1808 12 609 742 24 -6 0 51 51
1809 8 1100 0 6 -12851 0 55 0
1810 8 1100 0 6 -12851 1 60 0
1811 8 742 0 24 -12851 1 55 0
1812 8 742 0 6 -12851 0 60 0
1813 12 500 742 -24 6 0 51 51
1814 12 742 903 24 -6 0 55 51
1815 12 609 742 24 -6 0 55 55
1816 12 742 500 24 -6 0 55 51
1817 12 609 742 24 -6 0 55 55
1818 12 742 609 24 -6 0 55 55
1819 8 742 0 -6 -12851 0 55 0
1820 8 609 0 -24 -12851 0 60 0
1821 8 609 0 24 -12851 0 55 0
1822 12 742 500 24 -6 0 51 51
1823 12 500 742 -24 6 0 55 55
1824 8 1100 0 -24 -12851 0 60 0
1825 12 742 609 -24 6 0 55 51
1826 8 1100 0 24 -12851 0 60 0
1827 8 742 0 24 -12851 0 60 0
1828 12 742 500 24 -6 0 55 55
1829 12 742 609 24 -6 0 55 55
1830 12 1100 742 24 -6 0 51 51
1831 8 500 0 -6 -12851 0 55 0
1832 8 903 0 -6 -12851 0 60 0
1833 12 742 500 24 -6 0 55 55
1834 8 1100 0 6 -12851 0 60 0
1835 8 500 0 24 -12851 0 55 0
1836 8 609 0 -24 -12851 0 55 0
1837 12 1100 742 -24 6 0 51 55
1838 8 500 0 24 -12851 0 55 0
1839 8 903 0 -6 -12851 0 60 0
1840 8 903 0 -24 -12851 0 60 0
1841 12 742 1100 -24 6 0 51 55
1842 12 742 500 -24 6 0 55 55
1843 12 742 1100 -24 6 0 55 51
1844 8 903 0 -6 -12851 0 60 0
1845 8 903 0 -6 -12851 0 60 0
1846 12 742 1100 -24 6 0 51 55
1847 8 609 0 6 -12851 0 60 0
1848 12 742 1100 -24 6 0 55 51
1849 8 903 0 -6 -12851 0 55 0
1850 12 742 609 -24 6 0 51 55
1851 8 903 0 24 -12851 0 55 0
1852 12 609 742 24 -6 0 51 55
1853 8 1100 0 6 -12851 0 55 0
1854 12 609 742 -24 6 0 51 55
1855 12 742 609 24 -6 0 51 55
1856 12 742 1100 24 -6 0 55 55
1857 8 742 0 -24 -12851 0 60 0
1858 12 742 500 -24 6 0 51 55
1859 8 1100 0 24 -12851 0 60 0
1860 12 1100 742 -24 6 0 51 55
1861 8 1100 0 6 -12851 0 60 0
1862 8 500 0 -6 -12851 0 60 0
1863 8 500 0 -24 -12851 0 55 0
1864 12 742 609 -24 6 0 51 51
1865 8 742 0 6 -12851 0 60 0
1866 12 742 1100 -24 6 0 51 55
1867 12 742 500 -24 6 0 55 51
1868 12 742 903 -24 6 0 55 55
1869 12 742 903 -24 6 0 51 51
1870 12 742 609 -24 6 0 55 51
1871 8 500 0 24 -12851 0 55 0
1872 8 609 0 -24 -12851 0 55 0
1873 8 609 0 6 -12851 0 55 0
1874 8 742 0 -6 -12851 0 55 0
1875 8 609 0 6 -12851 0 60 0
1876 12 742 500 -24 6 0 51 55
1877 12 609 742 24 -6 0 51 51
1878 12 500 742 -24 6 0 55 55
1879 12 1100 742 24 -6 0 51 51
1880 12 742 903 -24 6 0 51 55
1881 8 609 0 6 -12851 0 55 0
1882 12 903 742 24 -6 0 55 51
1883 8 1100 0 6 -12851 0 55 0
1884 12 1100 742 -24 6 0 55 55
1885 8 742 0 -24 -12851 0 55 0
1886 12 500 742 24 -6 0 51 55
1887 12 742 500 -24 6 0 55 51
1888 8 1100 0 24 -12851 0 60 0
1889 8 609 0 -24 -12851 0 60 0
1890 8 500 0 -6 -12851 0 55 0
1891 12 500 742 -24 6 0 55 51
1892 12 742 609 -24 6 0 55 55
1893 12 500 742 24 -6 0 51 55
1894 8 903 0 -6 -12851 0 55 0
1895 12 742 500 -24 6 0 55 55
1896 8 500 0 6 -12851 0 60 0
1897 8 903 0 -24 -12851 0 55 0
1898 8 903 0 -6 -12851 0 55 0
1899 8 1100 0 -24 -12851 0 55 0
1900 12 742 609 24 -6 0 55 51
1901 12 742 903 -24 6 0 55 51
1902 8 609 0 6 -12851 0 55 0
1903 8 742 0 -6 -12851 0 55 0
1904 12 500 742 -24 6 0 51 51
1905 12 609 742 -24 6 0 55 51
1906 8 500 0 24 -12851 0 55 0
1907 12 742 903 -24 6 0 55 51
1908 8 742 0 -6 -12851 0 60 0
1909 12 742 609 -24 6 0 55 51
1910 8 742 0 6 -12851 0 60 0
1911 8 742 0 -6 -12851 0 55 0
1912 8 1100 0 -24 -12851 0 55 0
1913 12 500 742 -24 6 0 55 51
1914 8 609 0 -24 -12851 0 60 0
1915 8 1100 0 -24 -12851 0 55 0
1916 12 1100 742 24 -6 0 55 55
1917 12 1100 742 -24 6 0 55 51
1918 12 1100 742 24 -6 0 55 51
1919 12 609 742 24 -6 0 55 55
1920 8 609 0 -24 -12851 0 60 0
1921 12 742 1100 -24 6 0 55 55
1922 12 742 609 24 -6 0 51 51
1923 8 609 0 24 -12851 0 60 0
1924 8 742 0 -24 -12851 0 60 0
1925 8 500 0 24 -12851 0 55 0
1926 8 903 0 24 -12851 0 55 0
1927 12 742 609 -24 6 0 51 51
1928 8 903 0 -24 -12851 0 60 0
1929 12 609 742 24 -6 0 51 51
1930 8 1100 0 -6 -12851 0 60 0
1931 12 609 742 -24 6 0 51 55
1932 12 500 742 24 -6 0 51 55
1933 12 903 742 24 -6 0 55 51
1934 12 903 742 24 -6 0 55 51
1935 12 742 1100 24 -6 0 51 55
1936 8 500 0 -6 -12851 0 55 0
1937 12 609 742 -24 6 0 51 51
1938 12 1100 742 24 -6 0 55 55
1939 12 500 742 24 -6 0 55 55
1940 8 742 0 6 -12851 0 55 0
1941 12 500 742 24 -6 0 55 55
1942 12 742 609 -24 6 0 51 55
1943 12 1100 742 24 -6 0 51 51
1944 8 500 0 -24 -12851 0 60 0
1945 12 742 1100 24 -6 0 55 51
1946 8 903 0 -24 -12851 0 55 0
1947 8 903 0 -6 -12851 0 60 0
1948 8 903 0 -24 -12851 0 60 0
1949 8 742 0 6 -12851 0 55 0
1950 12 500 742 24 -6 0 55 51
1951 8 1100 0 -24 -12851 0 55 0
1952 8 500 0 -24 -12851 0 55 0
1953 8 903 0 6 -12851 0 60 0
1954 12 742 500 24 -6 0 55 55
1955 12 742 609 -24 6 0 55 55
1956 12 742 903 -24 6 0 51 51
1957 8 742 0 -24 -12851 0 60 0
1958 12 742 500 24 -6 0 51 51
1959 8 1100 0 -24 -12851 0 55 0
1960 8 1100 0 6 -12851 0 55 0
1961 12 609 742 -24 6 0 55 51
1962 8 500 0 24 -12851 0 60 0
1963 8 500 0 -24 -12851 0 55 0
1964 12 903 742 24 -6 0 55 55
1965 8 742 0 24 -12851 0 60 0
1966 8 609 0 -24 -12851 0 60 0
1967 8 609 0 6 -12851 0 55 0
1968 12 742 500 24 -6 0 55 55
1969 12 742 903 24 -6 0 51 51
1970 8 609 0 -6 -12851 0 60 0
1971 8 903 0 -6 -12851 0 60 0
1972 8 742 0 -6 -12851 0 60 0
1973 8 742 0 24 -12851 0 60 0
1974 12 742 1100 24 -6 0 51 51
1975 12 742 903 -24 6 0 51 51
1976 12 742 500 -24 6 0 51 51
1977 8 1100 0 -24 -12851 0 55 0
1978 8 609 0 -6 -12851 0 55 0
1979 8 1100 0 24 -12851 0 55 0
1980 8 609 0 -6 -12851 0 55 0
1981 8 609 0 6 -12851 0 60 0
1982 8 742 0 6 -12851 0 60 0
1983 8 500 0 -6 -12851 0 60 0
1984 12 742 609 24 -6 0 55 51
1985 12 742 500 -24 6 0 55 51
1986 8 903 0 -6 -12851 0 60 0
1987 8 903 0 24 -12851 0 55 0
1988 8 1100 0 -6 -12851 0 60 0
1989 8 500 0 -6 -12851 0 55 0
1990 8 742 0 6 -12851 0 55 0
1991 12 609 742 -24 6 0 51 51
1992 12 742 1100 -24 6 0 55 55
1993 12 903 742 24 -6 0 55 51
1994 12 903 742 24 -6 0 51 51
1995 12 903 742 -24 6 0 51 51
1996 12 742 903 -24 6 0 55 55
1997 8 500 0 -24 -12851 0 60 0
1998 8 903 0 6 -12851 0 60 0
1999 8 609 0 -6 -12851 0 55 0
2000 12 1100 742 -24 6 0 51 51
2001 12 500 742 24 -6 0 55 55
2002 12 742 903 -24 6 0 55 55
2003 12 903 742 24 -6 0 51 51
2004 8 609 0 -24 -12851 0 60 0
2005 12 742 903 -24 6 0 51 55
2006 12 742 500 24 -6 0 55 55
2007 12 742 903 24 -6 0 51 51
2008 12 742 500 -24 6 0 55 55
2009 12 609 742 -24 6 0 51 55
2010 8 903 0 6 -12851 0 55 0
2011 8 903 0 -24 -12851 0 55 0
2012 12 742 500 24 -6 0 51 55
2013 8 742 0 -6 -12851 0 55 0
2014 12 742 500 24 -6 0 51 55
2015 8 609 0 6 -12851 0 60 0
2016 12 742 903 24 -6 0 51 55
2017 8 903 0 6 -12851 0 55 0
2018 8 500 0 -24 -12851 0 55 0
2019 12 609 742 -24 6 0 51 55
2020 8 742 0 24 -12851 0 55 0
2021 8 742 0 6 -12851 0 60 0
2022 12 742 609 24 -6 0 51 51
2023 12 1100 742 -24 6 0 55 55
2024 8 500 0 6 -12851 0 60 0
2025 8 500 0 -6 -12851 0 60 0
2026 8 609 0 -24 -12851 0 60 0
2027 8 1100 0 24 -12851 0 60 0
2028 12 609 742 24 -6 0 51 55
2029 12 609 742 24 -6 0 51 51
2030 8 1100 0 -6 -12851 0 60 0
2031 12 742 500 -24 6 0 55 55
2032 8 1100 0 -24 -12851 0 60 0
2033 12 903 742 24 -6 0 51 51
2034 12 742 609 24 -6 0 55 55
2035 12 742 500 -24 6 0 51 51
2036 8 609 0 24 -12851 0 55 0
2037 12 500 742 -24 6 0 51 51
2038 8 609 0 -6 -12851 0 55 0
2039 8 1100 0 6 -12851 0 60 0
2040 12 742 609 -24 6 0 55 51
2041 8 903 0 24 -12851 0 55 0
2042 8 1100 0 6 -12851 0 60 0
2043 8 742 0 -6 -12851 0 55 0
2044 12 742 1100 -24 6 0 51 55
2045 12 500 742 -24 6 0 55 55
2046 8 500 0 -6 -12851 0 55 0
2047 12 742 609 -24 6 0 51 55
2048 8 903 0 -6 -12851 0 60 0
2049 8 742 0 6 -12851 0 60 0
2050 12 742 1100 -24 6 0 55 51
2051 12 903 742 24 -6 0 51 55
2052 8 609 0 -24 -12851 0 60 0
2053 12 742 609 -24 6 0 51 51
2054 12 500 742 24 -6 0 55 51
2055 12 609 742 24 -6 0 51 51
2056 12 609 742 -24 6 0 55 51
2057 12 742 1100 24 -6 0 51 55
2058 12 609 742 24 -6 0 55 55
2059 8 742 0 -24 -12851 0 55 0
2060 12 903 742 -24 6 0 51 55
2061 8 609 0 6 -12851 0 60 0
2062 12 742 500 24 -6 0 55 51
2063 8 500 0 6 -12851 0 60 0
2064 12 609 742 24 -6 0 55 51
2065 8 903 0 6 -12851 0 55 0
2066 8 500 0 -6 -12851 0 55 0
2067 8 1100 0 -6 -12851 0 60 0
2068 8 903 0 6 -12851 0 60 0
2069 8 903 0 24 -12851 0 60 0
2070 8 742 0 -6 -12851 0 60 0
2071 12 609 742 -24 6 0 51 55
2072 8 500 0 6 -12851 0 60 0
2073 8 1100 0 24 -12851 0 55 0
2074 8 1100 0 6 -12851 0 60 0
2075 12 500 742 -24 6 0 51 51
2076 8 1100 0 -24 -12851 0 60 0
2077 8 903 0 -6 -12851 0 55 0
2078 12 742 1100 -24 6 0 55 55
2079 12 742 903 24 -6 0 51 51
2080 8 903 0 6 -12851 0 60 0
2081 8 500 0 24 -12851 0 60 0
2082 12 742 609 -24 6 0 55 55
2083 8 742 0 24 -12851 0 60 0
2084 12 742 1100 24 -6 0 55 51
2085 8 742 0 6 -12851 0 60 0
2086 12 742 1100 24 -6 0 55 51
2087 12 609 742 -24 6 0 55 55
2088 12 742 903 -24 6 0 51 55
2089 8 500 0 -6 -12851 0 60 0
2090 8 609 0 -24 -12851 0 55 0
2091 12 1100 742 -24 6 0 55 55
2092 12 903 742 24 -6 0 51 55
2093 8 609 0 24 -12851 0 55 0
2094 12 500 742 -24 6 0 55 51
2095 12 903 742 24 -6 0 51 51
2096 8 609 0 -6 -12851 0 60 0
2097 12 742 500 24 -6 0 51 55
2098 12 903 742 -24 6 0 51 51
2099 12 742 609 -24 6 0 55 55
2100 8 609 0 -24 -12851 0 55 0
2101 8 609 0 24 -12851 0 60 0
2102 8 609 0 -24 -12851 0 55 0
2103 8 742 0 6 -12851 0 55 0
2104 8 742 0 -6 -12851 0 55 0
2105 12 609 742 -24 6 0 51 51
2106 8 903 0 -24 -12851 0 60 0
2107 8 1100 0 24 -12851 0 60 0
2108 8 1100 0 -24 -12851 0 55 0
2109 8 903 0 -6 -12851 0 55 0
2110 8 742 0 -6 -12851 0 60 0
2111 12 609 742 -24 6 0 51 51
2112 12 742 903 -24 6 0 55 55
2113 12 742 500 24 -6 0 51 55
2114 12 609 742 -24 6 0 51 51
2115 8 903 0 -6 -12851 0 60 0
2116 8 500 0 -24 -12851 0 55 0
2117 8 609 0 -24 -12851 0 60 0
2118 12 742 609 24 -6 0 51 55
2119 8 1100 0 -6 -12851 0 60 0
2120 12 742 903 -24 6 0 51 51
2121 8 500 0 24 -12851 0 55 0
2122 8 500 0 6 -12851 0 60 0
2123 12 742 903 24 -6 0 51 55
2124 8 742 0 -6 -12851 0 60 0
2125 8 742 0 -24 -12851 0 60 0
2126 12 742 500 -24 6 0 51 55
2127 12 1100 742 24 -6 0 55 55
2128 12 1100 742 -24 6 0 51 51
2129 8 903 0 -24 -12851 0 60 0
2130 12 742 903 24 -6 0 51 55
2131 8 609 0 6 -12851 0 55 0
2132 12 742 609 -24 6 0 55 51
2133 12 742 500 24 -6 0 51 51
2134 8 500 0 6 -12851 0 55 0
2135 12 742 609 24 -6 0 51 51
2136 12 609 742 24 -6 0 55 51
2137 8 500 0 6 -12851 0 55 0
2138 8 903 0 -6 -12851 0 60 0
2139 12 609 742 -24 6 0 55 55
2140 12 903 742 24 -6 0 55 51
2141 12 742 609 -24 6 0 51 51
2142 8 742 0 -24 -12851 0 60 0
2143 8 500 0 24 -12851 0 60 0
2144 12 1100 742 -24 6 0 55 55
2145 8 903 0 6 -12851 0 55 0
2146 8 1100 0 6 -12851 0 60 0
2147 8 742 0 -6 -12851 0 60 0
2148 12 609 742 24 -6 0 55 55
2149 8 609 0 24 -12851 0 60 0
2150 12 742 903 24 -6 0 51 51
2151 12 609 742 -24 6 0 51 51
2152 8 1100 0 -24 -12851 0 55 0
2153 8 609 0 -6 -12851 0 60 0
2154 8 1100 0 24 -12851 0 55 0
2155 12 742 609 24 -6 0 55 55
2156 12 609 742 -24 6 0 51 55
2157 12 1100 742 -24 6 0 55 51
2158 8 903 0 6 -12851 0 60 0
2159 12 500 742 24 -6 0 55 51
2160 8 903 0 -6 -12851 0 60 0
2161 12 742 903 24 -6 0 55 51
2162 8 903 0 6 -12851 0 55 0
2163 12 609 742 -24 6 0 55 55
2164 12 1100 742 -24 6 0 55 51
2165 12 500 742 24 -6 0 55 55
2166 12 742 1100 24 -6 0 55 55
2167 8 903 0 -24 -12851 0 55 0
2168 12 742 903 -24 6 0 51 55
2169 8 609 0 24 -12851 0 60 0
2170 8 742 0 -24 -12851 0 55 0
2171 8 500 0 -24 -12851 0 60 0
2172 8 609 0 -6 -12851 0 55 0
2173 8 609 0 -24 -12851 0 55 0
2174 12 609 742 -24 6 0 55 55
2175 8 742 0 -6 -12851 0 55 0
2176 8 742 0 24 -12851 0 55 0
2177 8 1100 0 -24 -12851 0 60 0
2178 8 500 0 6 -12851 0 55 0
2179 12 1100 742 24 -6 0 51 51
2180 8 1100 0 -6 -12851 0 55 0
2181 12 500 742 24 -6 0 55 55
2182 8 500 0 -24 -12851 0 60 0
2183 12 742 1100 -24 6 0 51 51
2184 12 742 903 -24 6 0 55 55
2185 12 903 742 -24 6 0 55 51
2186 12 742 903 24 -6 0 51 51
2187 8 1100 0 -24 -12851 0 55 0
2188 8 609 0 6 -12851 0 60 0
2189 8 609 0 24 -12851 0 55 0
2190 8 609 0 6 -12851 0 55 0
2191 12 742 609 -24 6 0 51 51
2192 8 1100 0 -6 -12851 0 55 0
2193 8 742 0 24 -12851 0 60 0
2194 12 500 742 -24 6 0 55 51
2195 12 500 742 24 -6 0 51 51
2196 12 742 1100 -24 6 0 55 51
2197 12 742 903 24 -6 0 55 55
2198 8 903 0 6 -12851 0 55 0
2199 12 742 500 -24 6 0 55 51
2200 8 1100 0 -24 -12851 0 60 0
2201 8 609 0 6 -12851 0 60 0
2202 12 742 1100 -24 6 0 55 55
2203 12 903 742 -24 6 0 55 51
2204 8 742 0 -24 -12851 0 55 0
2205 12 1100 742 24 -6 0 51 51
2206 8 500 0 6 -12851 0 55 0
2207 8 500 0 -6 -12851 0 60 0
2208 8 742 0 -6 -12851 0 55 0
2209 12 609 742 24 -6 0 55 55
2210 12 1100 742 -24 6 0 51 51
2211 8 903 0 -6 -12851 0 60 0
2212 12 609 742 24 -6 0 51 55
2213 8 903 0 24 -12851 0 60 0
2214 8 500 0 6 -12851 0 60 0
2215 8 1100 0 -6 -12851 0 60 0
2216 8 903 0 -6 -12851 0 60 0
2217 8 903 0 -24 -12851 0 60 0
2218 12 1100 742 -24 6 0 55 55
2219 8 742 0 -24 -12851 0 60 0
2220 12 742 903 24 -6 0 55 55
2221 12 609 742 24 -6 0 51 51
2222 8 1100 0 -24 -12851 0 55 0
2223 12 742 903 -24 6 0 55 51
2224 12 742 1100 -24 6 0 55 55
2225 8 1100 0 24 -12851 0 60 0
2226 8 903 0 24 -12851 0 60 0
2227 12 903 742 24 -6 0 55 51
2228 12 742 500 -24 6 0 55 55
2229 12 903 742 24 -6 0 55 55
2230 12 742 609 -24 6 0 55 55
2231 8 500 0 24 -12851 0 55 0
2232 12 500 742 24 -6 0 55 51
2233 8 903 0 -24 -12851 0 60 0
2234 8 742 0 24 -12851 0 55 0
2235 8 609 0 -24 -12851 0 60 0
2236 8 1100 0 24 -12851 0 60 0
2237 12 500 742 24 -6 0 55 51
2238 12 609 742 24 -6 0 55 55
2239 12 742 500 24 -6 0 51 51
2240 8 742 0 6 -12851 0 55 0
2241 8 609 0 24 -12851 0 55 0
2242 12 742 903 -24 6 0 51 55
2243 8 500 0 -24 -12851 0 60 0
2244 8 609 0 -24 -12851 0 60 0
2245 12 742 903 -24 6 0 55 51
2246 12 609 742 24 -6 0 51 51
2247 8 500 0 -24 -12851 0 60 0
2248 8 609 0 -6 -12851 0 60 0
2249 12 742 903 -24 6 0 55 51
2250 12 742 609 -24 6 0 51 55
2251 12 609 742 -24 6 0 55 55
2252 8 609 0 24 -12851 0 60 0
2253 12 742 500 -24 6 0 55 55
2254 12 742 500 -24 6 0 51 55
2255 8 742 0 -6 -12851 0 60 0
2256 12 1100 742 -24 6 0 51 55
