313 12 742 500 -24 6 1 55 51
314 12 742 609 -24 6 1 55 51
315 8 742 0 6 -12851 0 55 0
316 8 742 0 -6 -12851 1 60 0
317 8 903 0 -6 -12851 1 55 0
318 8 1100 0 24 -12851 1 60 0
319 12 609 742 -24 6 1 51 51
320 12 1100 742 -24 6 1 51 51
321 12 500 742 24 -6 1 55 55
322 12 742 609 24 -6 1 51 55
323 12 742 500 24 -6 1 51 51
324 12 1100 742 -24 6 1 55 55
325 8 1100 0 6 -12851 1 55 0
326 12 742 609 24 -6 1 51 55
327 12 742 609 24 -6 1 51 55
328 8 1100 0 -24 -12851 1 60 0
329 8 609 0 -24 -12851 1 60 0
330 8 609 0 24 -12851 1 55 0
331 12 742 903 24 -6 1 55 51
332 12 500 742 24 -6 1 51 55
333 8 609 0 6 -12851 1 60 0
334 8 903 0 -24 -12851 1 60 0
335 12 903 742 -24 6 0 51 51
336 12 742 500 -24 6 0 55 55
337 8 1100 0 -6 -12851 1 55 0
338 8 1100 0 -24 -12851 1 60 0
339 8 609 0 24 -12851 1 55 0
340 12 742 1100 -24 6 1 51 55
341 8 742 0 -6 -12851 1 60 0
342 12 1100 742 24 -6 1 55 55
343 12 903 742 24 -6 1 51 51
344 12 742 500 -24 6 1 55 55
345 8 1100 0 -6 -12851 1 55 0
346 12 742 903 -24 6 0 51 51
347 8 903 0 -6 -12851 1 60 0
348 12 500 742 24 -6 0 51 51
349 8 742 0 6 -12851 1 55 0
350 12 742 1100 24 -6 1 55 55
351 12 742 903 -24 6 1 51 51
352 12 1100 742 24 -6 1 51 51
353 8 903 0 6 -12851 1 60 0
354 8 742 0 24 -12851 1 60 0
355 8 500 0 -24 -12851 1 60 0
356 12 1100 742 -24 6 1 55 55
357 12 742 903 -24 6 1 55 51
358 8 500 0 -24 -12851 1 55 0
359 8 500 0 -6 -12851 1 60 0
360 8 609 0 -6 -12851 0 60 0
361 12 742 903 24 -6 1 51 51
362 8 609 0 24 -12851 0 60 0
363 8 500 0 -6 -12851 0 55 0
364 12 742 500 24 -6 1 55 51
365 8 903 0 -24 -12851 1 60 0
366 8 742 0 24 -12851 1 55 0
367 12 742 609 -24 6 1 51 55
368 8 903 0 -6 -12851 1 55 0
369 12 742 1100 -24 6 1 51 55
370 8 500 0 6 -12851 0 60 0
371 8 500 0 24 -12851 0 60 0
372 12 609 742 -24 6 1 51 51
373 8 1100 0 -6 -12851 1 60 0
374 12 1100 742 24 -6 1 51 51
375 8 1100 0 -6 -12851 1 55 0
376 8 742 0 6 -12851 1 55 0
377 12 500 742 24 -6 1 55 55
378 8 609 0 -24 -12851 1 55 0
379 12 609 742 24 -6 1 51 51
380 8 609 0 24 -12851 1 55 0
381 8 1100 0 -24 -12851 1 55 0
382 8 742 0 24 -12851 1 55 0
383 12 500 742 24 -6 1 55 55
384 8 903 0 24 -12851 1 55 0
385 8 742 0 6 -12851 1 55 0
386 8 742 0 6 -12851 1 60 0
387 8 609 0 -6 -12851 1 55 0
388 12 609 742 24 -6 1 55 51
389 8 903 0 6 -12851 0 60 0
390 8 609 0 24 -12851 1 60 0
391 12 1100 742 -24 6 1 55 51
392 8 903 0 -24 -12851 1 60 0
393 12 903 742 -24 6 1 55 55
394 12 742 903 24 -6 1 55 55
395 12 742 609 24 -6 1 55 51
396 12 742 609 24 -6 0 51 51
397 12 500 742 -24 6 1 51 51
398 12 742 609 -24 6 1 55 55
399 12 609 742 -24 6 1 55 55
400 8 500 0 -24 -12851 0 60 0
401 12 742 500 -24 6 1 51 55
402 8 500 0 24 -12851 1 55 0
403 12 742 500 -24 6 1 55 51
404 12 1100 742 -24 6 1 51 55
405 8 742 0 6 -12851 0 55 0
406 12 500 742 -24 6 1 55 55
407 12 609 742 -24 6 0 51 51
408 12 1100 742 -24 6 1 51 51
409 12 500 742 24 -6 1 55 51
410 8 742 0 24 -12851 1 60 0
411 8 500 0 6 -12851 0 55 0
412 8 903 0 -24 -12851 1 60 0
413 12 742 1100 -24 6 1 55 55
414 12 609 742 -24 6 1 51 51
415 8 609 0 -6 -12851 1 60 0
416 12 500 742 -24 6 1 51 51
417 8 1100 0 24 -12851 1 55 0
418 12 742 1100 -24 6 1 55 51
419 12 1100 742 -24 6 1 51 51
420 12 500 742 24 -6 1 51 55
421 12 1100 742 24 -6 1 55 55
422 8 1100 0 -24 -12851 1 60 0
423 8 1100 0 -24 -12851 1 55 0
424 8 500 0 24 -12851 0 60 0
425 8 500 0 6 -12851 0 55 0
426 8 1100 0 -24 -12851 1 55 0
427 8 609 0 -6 -12851 0 60 0
428 12 903 742 24 -6 1 51 51
429 12 742 500 -24 6 1 55 51
430 12 742 500 24 -6 0 51 51
431 12 500 742 -24 6 1 51 55
432 12 1100 742 24 -6 1 51 51
433 12 500 742 24 -6 1 51 51
434 8 742 0 24 -12851 0 60 0
435 12 742 903 -24 6 1 55 55
436 12 742 1100 -24 6 1 55 55
437 8 903 0 -24 -12851 1 60 0
438 12 1100 742 24 -6 1 51 51
439 12 742 903 24 -6 1 51 51
440 12 742 500 24 -6 0 55 55
441 12 500 742 -24 6 1 55 55
442 12 903 742 -24 6 1 55 55
443 12 742 1100 24 -6 1 51 51
444 8 609 0 6 -12851 1 60 0
445 8 1100 0 -6 -12851 1 60 0
446 12 742 1100 -24 6 1 55 55
447 8 609 0 -24 -12851 1 55 0
448 8 500 0 6 -12851 0 55 0
449 12 609 742 -24 6 1 55 55
450 8 1100 0 6 -12851 0 60 0
451 8 500 0 24 -12851 0 60 0
452 8 903 0 -24 -12851 1 60 0
453 12 500 742 24 -6 0 55 55
454 12 1100 742 24 -6 0 51 51
455 12 609 742 -24 6 1 55 51
456 8 742 0 24 -12851 1 60 0
457 12 742 500 -24 6 1 51 51
458 12 742 500 -24 6 1 55 51
459 8 742 0 -6 -12851 0 60 0
460 12 609 742 -24 6 1 51 51
461 12 742 609 -24 6 1 51 51
462 8 903 0 6 -12851 0 60 0
463 12 742 609 24 -6 1 55 55
464 12 742 1100 24 -6 1 51 51
465 8 742 0 6 -12851 0 55 0
466 8 742 0 24 -12851 0 60 0
467 8 609 0 -6 -12851 1 55 0
468 8 609 0 -6 -12851 1 60 0
469 12 742 1100 24 -6 1 55 55
470 8 1100 0 6 -12851 0 60 0
471 12 742 609 24 -6 1 55 55
472 8 609 0 24 -12851 1 60 0
473 8 1100 0 24 -12851 1 55 0
474 12 903 742 24 -6 1 51 51
475 8 1100 0 24 -12851 1 55 0
476 12 742 903 -24 6 1 55 55
477 12 742 903 -24 6 0 55 51
478 12 500 742 -24 6 1 55 51
479 8 742 0 24 -12851 1 55 0
480 12 742 500 -24 6 1 51 51
481 8 903 0 -6 -12851 1 60 0
482 12 742 1100 24 -6 0 51 51
483 12 1100 742 24 -6 1 55 55
484 8 903 0 -24 -12851 1 55 0
485 8 742 0 -24 -12851 1 60 0
486 8 500 0 -6 -12851 1 60 0
487 12 500 742 -24 6 1 55 55
488 12 742 1100 -24 6 0 51 55
489 12 742 1100 24 -6 0 55 55
490 12 742 500 24 -6 0 51 55
491 8 500 0 -24 -12851 1 55 0
492 12 742 1100 -24 6 0 55 51
493 8 500 0 6 -12851 1 60 0
494 8 903 0 6 -12851 0 55 0
495 8 500 0 -24 -12851 1 55 0
496 8 500 0 24 -12851 1 60 0
497 8 903 0 6 -12851 0 60 0
498 8 500 0 -6 -12851 0 60 0
499 12 742 1100 -24 6 1 51 55
500 12 903 742 -24 6 1 51 51
501 12 500 742 24 -6 1 55 51
502 8 1100 0 24 -12851 1 55 0
503 12 1100 742 24 -6 0 55 55
504 12 1100 742 -24 6 1 55 51
505 8 609 0 24 -12851 1 60 0
506 12 903 742 -24 6 1 51 51
507 8 609 0 -24 -12851 1 55 0
508 12 742 1100 24 -6 0 55 51
509 12 742 903 24 -6 1 51 51
510 8 500 0 -24 -12851 1 60 0
511 8 609 0 -24 -12851 1 60 0
512 8 742 0 -6 -12851 1 60 0
513 8 903 0 6 -12851 0 60 0
514 8 1100 0 -24 -12851 1 55 0
515 8 903 0 -24 -12851 0 60 0
516 12 742 1100 24 -6 1 51 51
517 12 903 742 -24 6 1 51 51
518 8 742 0 24 -12851 1 55 0
519 12 742 1100 -24 6 1 51 51
520 12 500 742 -24 6 1 51 55
521 12 500 742 24 -6 1 51 55
522 8 1100 0 -6 -12851 0 55 0
523 12 1100 742 -24 6 1 55 55
524 12 1100 742 -24 6 1 51 51
525 8 742 0 6 -12851 1 55 0
526 8 609 0 -6 -12851 1 55 0
527 12 903 742 -24 6 1 51 51
528 12 609 742 -24 6 1 51 51
529 12 742 1100 -24 6 0 51 55
530 8 609 0 -6 -12851 1 55 0
531 12 742 903 24 -6 1 55 55
532 8 500 0 -6 -12851 1 60 0
533 12 609 742 24 -6 1 55 55
534 12 742 903 -24 6 1 55 55
535 12 500 742 -24 6 1 55 55
536 8 903 0 24 -12851 1 60 0
537 8 742 0 -24 -12851 1 55 0
538 8 903 0 6 -12851 0 55 0
539 12 742 609 -24 6 1 51 51
540 8 500 0 24 -12851 1 55 0
541 12 500 742 24 -6 1 55 51
542 12 1100 742 24 -6 1 51 55
543 12 742 609 24 -6 0 51 55
544 12 1100 742 24 -6 0 55 55
545 8 500 0 -6 -12851 1 60 0
546 8 1100 0 24 -12851 0 60 0
547 8 1100 0 -24 -12851 1 55 0
548 8 742 0 -24 -12851 1 60 0
549 8 609 0 -24 -12851 1 55 0
550 8 609 0 24 -12851 1 60 0
551 8 1100 0 24 -12851 1 55 0
552 12 742 500 -24 6 1 55 55
553 12 903 742 -24 6 0 51 51
554 12 742 903 -24 6 1 51 51
555 12 1100 742 -24 6 1 55 55
556 8 742 0 24 -12851 0 60 0
557 12 1100 742 -24 6 1 51 55
558 12 903 742 24 -6 1 51 55
559 8 903 0 -6 -12851 1 55 0
560 8 500 0 6 -12851 1 60 0
561 8 500 0 6 -12851 1 55 0
562 12 742 500 24 -6 1 55 51
563 8 500 0 -6 -12851 1 55 0
564 8 500 0 6 -12851 0 55 0
565 12 742 1100 -24 6 0 51 51
566 12 609 742 24 -6 1 51 51
567 12 903 742 -24 6 1 55 51
568 12 609 742 -24 6 0 51 55
569 12 742 500 -24 6 1 51 51
570 12 609 742 24 -6 0 55 55
571 8 742 0 -24 -12851 1 60 0
572 8 903 0 24 -12851 0 60 0
573 8 903 0 -24 -12851 0 55 0
574 12 742 1100 -24 6 1 55 55
575 12 903 742 24 -6 0 55 55
576 8 903 0 -6 -12851 1 60 0
577 8 609 0 -6 -12851 1 60 0
578 8 609 0 -6 -12851 1 60 0
579 12 742 609 -24 6 1 55 55
580 12 609 742 24 -6 1 51 55
581 8 609 0 6 -12851 1 60 0
582 12 609 742 -24 6 1 55 55
583 12 1100 742 24 -6 1 55 51
584 8 742 0 24 -12851 0 55 0
585 8 1100 0 -24 -12851 0 55 0
586 8 1100 0 24 -12851 0 55 0
587 12 742 609 24 -6 0 55 51
588 12 742 903 -24 6 0 55 55
589 8 742 0 6 -12851 1 60 0
590 8 1100 0 -6 -12851 1 55 0
591 8 903 0 -24 -12851 0 60 0
592 8 903 0 -6 -12851 0 55 0
593 8 903 0 -6 -12851 0 55 0
594 12 742 609 -24 6 0 51 51
595 12 742 903 24 -6 0 55 55
596 12 742 903 24 -6 0 55 51
597 8 1100 0 6 -12851 0 55 0
598 8 609 0 -24 -12851 0 55 0
599 12 742 609 -24 6 0 55 55
600 8 903 0 24 -12851 0 55 0
601 8 742 0 -6 -12851 0 60 0
602 8 609 0 24 -12851 0 55 0
603 8 500 0 6 -12851 0 55 0
604 8 1100 0 -6 -12851 0 60 0
605 8 500 0 6 -12851 1 60 0
606 12 742 609 24 -6 1 55 55
607 12 742 903 -24 6 1 51 51
608 12 742 500 -24 6 1 55 55
609 12 742 500 24 -6 1 55 51
610 8 500 0 -6 -12851 1 60 0
611 8 742 0 -6 -12851 1 55 0
612 12 903 742 24 -6 1 55 51
613 12 500 742 24 -6 0 55 55
614 12 742 609 -24 6 1 55 55
615 8 1100 0 -24 -12851 1 55 0
616 12 742 609 -24 6 1 55 55
617 8 742 0 -6 -12851 0 55 0
618 12 1100 742 24 -6 0 51 55
619 12 742 903 -24 6 1 55 55
620 8 609 0 6 -12851 1 60 0
621 12 742 609 24 -6 1 55 55
622 12 500 742 24 -6 0 55 51
623 8 1100 0 -24 -12851 1 60 0
624 12 903 742 -24 6 1 55 55
625 12 742 1100 24 -6 1 51 51
626 12 742 609 -24 6 0 51 55
627 8 1100 0 6 -12851 0 60 0
628 8 742 0 -24 -12851 0 55 0
629 12 742 1100 24 -6 0 51 51
630 12 903 742 -24 6 0 51 51
631 8 609 0 6 -12851 0 60 0
632 8 1100 0 24 -12851 1 60 0
633 12 742 1100 24 -6 1 51 51
634 8 609 0 24 -12851 0 60 0
635 12 742 1100 24 -6 0 51 51
636 8 500 0 -6 -12851 1 60 0
637 12 742 903 24 -6 1 55 55
638 8 742 0 6 -12851 0 60 0
639 8 609 0 -6 -12851 1 60 0
640 12 742 500 -24 6 1 51 51
641 8 500 0 -6 -12851 0 60 0
642 12 742 500 24 -6 0 55 55
643 8 500 0 24 -12851 1 60 0
644 8 742 0 -6 -12851 1 55 0
645 12 1100 742 -24 6 1 51 51
646 12 500 742 24 -6 0 51 51
647 12 903 742 24 -6 1 55 55
648 12 742 609 -24 6 0 55 51
649 12 903 742 24 -6 1 51 51
650 12 609 742 -24 6 1 51 51
651 12 742 500 24 -6 1 55 55
652 8 903 0 6 -12851 1 60 0
653 8 903 0 -24 -12851 1 55 0
654 8 903 0 24 -12851 1 55 0
655 12 742 609 24 -6 1 51 55
656 12 742 1100 24 -6 1 55 51
657 12 742 609 24 -6 0 55 55
658 12 609 742 -24 6 1 51 55
659 8 1100 0 -24 -12851 1 55 0
660 8 1100 0 -24 -12851 1 55 0
661 12 742 609 -24 6 1 55 51
662 12 742 500 -24 6 1 55 55
663 12 742 609 24 -6 0 55 55
664 12 742 903 -24 6 1 51 55
665 12 903 742 24 -6 0 55 55
666 8 1100 0 24 -12851 1 55 0
667 12 903 742 24 -6 0 55 51
668 12 903 742 24 -6 0 55 51
669 12 742 903 24 -6 0 55 55
670 12 500 742 24 -6 0 51 55
671 8 500 0 6 -12851 1 60 0
672 12 609 742 -24 6 0 51 51
673 8 1100 0 24 -12851 1 55 0
674 8 609 0 -24 -12851 1 60 0
675 8 609 0 -6 -12851 0 55 0
676 12 742 609 -24 6 1 55 51
677 12 1100 742 -24 6 1 55 51
678 12 903 742 24 -6 1 55 55
679 8 1100 0 -6 -12851 1 60 0
680 8 742 0 -24 -12851 0 55 0
681 8 609 0 6 -12851 1 55 0
682 12 1100 742 -24 6 1 51 55
683 12 742 609 24 -6 1 51 51
684 8 500 0 6 -12851 1 60 0
685 8 500 0 -6 -12851 1 55 0
686 12 742 903 24 -6 1 55 55
687 8 903 0 -24 -12851 1 55 0
688 12 742 609 24 -6 1 55 55
689 12 742 903 24 -6 0 51 51
690 12 500 742 -24 6 1 51 51
691 8 903 0 -24 -12851 1 60 0
692 8 742 0 -6 -12851 1 55 0
693 12 903 742 -24 6 1 55 55
694 8 742 0 -24 -12851 1 55 0
695 8 903 0 -24 -12851 1 55 0
696 12 742 903 -24 6 0 55 51
697 8 742 0 -6 -12851 1 60 0
698 12 742 1100 24 -6 0 55 55
699 8 742 0 -24 -12851 1 60 0
700 8 903 0 24 -12851 1 55 0
701 12 1100 742 24 -6 1 55 55
702 8 609 0 24 -12851 0 60 0
703 12 903 742 24 -6 1 55 55
704 12 903 742 24 -6 1 51 55
705 12 500 742 24 -6 1 51 51
706 8 609 0 -24 -12851 1 60 0
707 12 742 903 -24 6 0 51 51
708 12 903 742 24 -6 1 51 51
709 12 1100 742 -24 6 0 55 55
710 12 742 609 24 -6 0 51 55
711 8 609 0 6 -12851 0 55 0
712 12 609 742 24 -6 1 55 55
713 8 742 0 -6 -12851 0 55 0
714 12 903 742 24 -6 0 55 51
715 12 1100 742 24 -6 1 51 51
716 12 742 1100 24 -6 1 51 51
717 8 903 0 6 -12851 0 60 0
718 8 903 0 -6 -12851 1 60 0
719 8 1100 0 -6 -12851 1 55 0
720 8 1100 0 6 -12851 1 55 0
721 8 742 0 24 -12851 1 55 0
722 12 742 609 24 -6 1 55 51
723 12 500 742 -24 6 1 55 51
724 8 500 0 -6 -12851 1 60 0
725 12 742 1100 -24 6 0 51 51
726 12 742 609 -24 6 1 55 55
727 8 500 0 24 -12851 0 60 0
728 8 1100 0 6 -12851 0 60 0
729 8 500 0 -24 -12851 1 55 0
730 12 742 609 -24 6 1 55 55
731 8 1100 0 24 -12851 1 60 0
732 12 742 1100 24 -6 1 55 55
733 8 1100 0 24 -12851 1 55 0
734 12 742 903 -24 6 1 51 55
735 12 609 742 24 -6 0 51 51
736 12 742 903 24 -6 1 55 51
737 12 742 903 -24 6 1 55 51
738 8 1100 0 6 -12851 0 60 0
739 8 609 0 6 -12851 1 60 0
740 8 903 0 -6 -12851 1 60 0
741 8 500 0 24 -12851 1 55 0
742 8 500 0 -24 -12851 1 60 0
743 12 742 1100 -24 6 1 51 55
744 12 742 609 -24 6 1 51 51
745 12 742 1100 -24 6 1 51 55
746 8 500 0 -24 -12851 1 55 0
747 8 903 0 -24 -12851 0 60 0
748 12 609 742 24 -6 1 51 51
749 8 609 0 6 -12851 0 60 0
750 12 903 742 24 -6 1 51 51
751 12 742 903 -24 6 1 55 55
752 8 609 0 -6 -12851 1 60 0
753 12 609 742 -24 6 0 55 55
754 8 742 0 6 -12851 1 55 0
755 12 609 742 24 -6 1 51 55
756 8 1100 0 6 -12851 1 55 0
757 12 742 609 24 -6 1 55 51
758 12 1100 742 24 -6 0 55 51
759 12 500 742 24 -6 0 55 51
760 12 742 903 -24 6 1 55 55
761 12 742 903 24 -6 1 51 55
762 8 742 0 -24 -12851 1 60 0
763 8 742 0 6 -12851 0 60 0
764 12 742 903 -24 6 1 55 51
765 12 742 609 24 -6 0 51 55
766 12 1100 742 -24 6 1 51 51
767 8 903 0 6 -12851 1 60 0
768 12 742 500 24 -6 1 51 55
769 12 742 1100 -24 6 1 51 55
770 8 500 0 24 -12851 1 55 0
771 12 903 742 -24 6 1 51 55
772 12 742 609 -24 6 1 51 51
773 12 1100 742 24 -6 0 51 55
774 8 500 0 -24 -12851 1 60 0
775 12 609 742 24 -6 1 55 51
776 12 742 609 -24 6 1 55 55
777 8 609 0 24 -12851 1 55 0
778 8 903 0 24 -12851 1 60 0
779 8 500 0 24 -12851 0 55 0
780 12 903 742 24 -6 1 55 55
781 12 903 742 -24 6 1 55 51
782 8 903 0 6 -12851 1 55 0
783 12 742 1100 24 -6 1 51 51
784 8 500 0 -6 -12851 1 60 0
785 12 742 1100 -24 6 1 51 51
786 12 1100 742 24 -6 1 51 55
787 12 1100 742 24 -6 1 55 51
788 8 903 0 -24 -12851 1 55 0
789 8 609 0 -6 -12851 0 60 0
790 8 742 0 6 -12851 0 55 0
791 12 903 742 24 -6 1 55 51
792 12 742 1100 24 -6 1 51 51
793 12 742 903 -24 6 1 51 55
794 8 742 0 -6 -12851 1 55 0
795 12 742 1100 24 -6 0 51 55
796 8 1100 0 6 -12851 1 55 0
797 12 500 742 24 -6 1 55 51
798 12 742 609 -24 6 1 51 51
799 12 742 500 -24 6 1 51 55
800 12 742 500 -24 6 1 55 55
801 8 609 0 -24 -12851 1 55 0
802 8 1100 0 6 -12851 0 55 0
803 8 742 0 -6 -12851 1 60 0
804 12 500 742 -24 6 1 51 51
805 12 742 1100 -24 6 1 55 55
806 8 1100 0 -6 -12851 0 60 0
807 8 742 0 6 -12851 1 60 0
808 8 742 0 -24 -12851 0 60 0
809 8 609 0 6 -12851 0 55 0
810 12 742 609 24 -6 0 55 51
811 12 742 1100 24 -6 0 55 51
812 12 742 903 -24 6 1 55 55
813 12 609 742 -24 6 0 55 51
814 12 742 609 -24 6 1 55 51
815 8 742 0 -6 -12851 1 55 0
816 8 1100 0 6 -12851 1 55 0
817 12 742 609 -24 6 1 55 55
818 8 903 0 6 -12851 1 55 0
819 8 742 0 24 -12851 1 55 0
820 12 742 609 -24 6 0 51 51
821 12 742 500 -24 6 1 55 55
822 12 500 742 24 -6 1 55 51
823 12 609 742 -24 6 1 51 55
824 8 500 0 -24 -12851 1 55 0
825 8 609 0 -6 -12851 1 55 0
826 8 903 0 6 -12851 1 55 0
827 12 742 1100 24 -6 1 51 51
828 12 903 742 -24 6 0 51 55
829 12 742 609 24 -6 1 51 51
830 12 1100 742 24 -6 1 51 51
831 12 742 1100 24 -6 1 51 51
832 8 609 0 -24 -12851 1 60 0
833 12 742 500 24 -6 0 51 55
834 8 1100 0 24 -12851 0 55 0
835 8 903 0 24 -12851 0 60 0
836 12 742 1100 -24 6 1 55 55
837 12 1100 742 24 -6 1 51 55
838 8 500 0 -24 -12851 1 55 0
839 8 500 0 -6 -12851 1 55 0
840 12 609 742 24 -6 0 51 51
841 12 609 742 -24 6 1 51 51
842 8 1100 0 6 -12851 0 60 0
843 8 500 0 6 -12851 0 55 0
844 8 500 0 -24 -12851 1 60 0
845 8 500 0 6 -12851 1 60 0
846 12 742 903 -24 6 1 55 51
847 8 903 0 6 -12851 0 55 0
848 8 903 0 24 -12851 1 60 0
849 12 500 742 24 -6 1 51 51
850 12 500 742 -24 6 1 55 55
851 8 1100 0 -24 -12851 0 60 0
852 12 609 742 -24 6 0 55 55
853 12 500 742 24 -6 1 55 55
854 8 742 0 -6 -12851 1 60 0
855 12 500 742 24 -6 1 51 51
856 12 742 609 -24 6 1 51 51
857 8 903 0 -6 -12851 1 60 0
858 12 500 742 -24 6 1 51 51
859 12 742 1100 24 -6 0 51 51
860 12 742 500 24 -6 1 55 55
861 8 742 0 -6 -12851 1 55 0
862 12 500 742 -24 6 1 55 51
863 12 500 742 24 -6 1 55 55
864 8 1100 0 6 -12851 0 55 0
865 12 742 1100 -24 6 1 51 55
866 12 742 500 -24 6 1 55 55
867 12 500 742 -24 6 1 55 51
868 8 742 0 6 -12851 1 55 0
869 12 903 742 -24 6 1 51 55
870 12 742 1100 -24 6 1 51 51
871 12 903 742 -24 6 0 55 51
872 8 500 0 6 -12851 0 60 0
873 8 1100 0 -6 -12851 0 60 0
874 12 500 742 24 -6 1 55 51
875 8 609 0 -24 -12851 1 55 0
876 12 742 609 -24 6 0 51 55
877 8 609 0 6 -12851 0 55 0
878 8 609 0 -6 -12851 1 55 0
879 12 742 903 24 -6 1 51 55
880 8 903 0 24 -12851 0 60 0
881 8 903 0 -6 -12851 0 55 0
882 8 500 0 -24 -12851 1 55 0
883 12 903 742 -24 6 0 51 51
884 8 742 0 -6 -12851 1 55 0
885 8 742 0 -6 -12851 0 60 0
886 12 609 742 24 -6 1 51 55
887 8 742 0 -24 -12851 1 55 0
888 8 1100 0 6 -12851 0 60 0
889 8 500 0 24 -12851 1 55 0
890 12 1100 742 24 -6 1 51 51
891 12 1100 742 24 -6 1 55 55
892 8 500 0 -24 -12851 1 60 0
893 12 742 903 -24 6 1 51 51
894 12 500 742 24 -6 0 51 55
895 12 742 1100 24 -6 1 51 51
896 8 903 0 -24 -12851 1 60 0
897 8 609 0 -6 -12851 0 55 0
898 12 742 609 -24 6 0 55 51
899 12 903 742 -24 6 1 55 51
900 8 1100 0 -6 -12851 1 55 0
901 8 1100 0 -24 -12851 1 55 0
902 8 609 0 24 -12851 0 60 0
903 12 500 742 -24 6 1 51 55
904 12 609 742 -24 6 0 55 55
905 12 742 903 24 -6 1 55 55
906 8 609 0 24 -12851 1 55 0
907 12 742 903 24 -6 1 55 51
908 8 903 0 -6 -12851 1 55 0
909 12 500 742 24 -6 1 55 51
910 8 1100 0 24 -12851 1 60 0
911 8 1100 0 -24 -12851 1 60 0
912 12 742 1100 -24 6 0 55 55
913 12 742 1100 -24 6 1 55 55
914 8 500 0 24 -12851 1 55 0
915 8 1100 0 24 -12851 1 55 0
916 8 609 0 6 -12851 0 55 0
917 12 742 500 24 -6 1 51 51
918 12 903 742 24 -6 1 55 51
919 12 609 742 24 -6 1 55 55
920 12 903 742 24 -6 1 51 55
921 8 609 0 24 -12851 1 55 0
922 12 742 609 24 -6 0 51 55
923 8 1100 0 -6 -12851 1 60 0
924 12 500 742 24 -6 1 55 51
925 12 742 500 24 -6 1 55 51
926 8 742 0 -24 -12851 1 60 0
927 12 742 903 -24 6 1 55 55
928 8 609 0 24 -12851 1 55 0
929 8 500 0 -6 -12851 0 55 0
930 12 609 742 -24 6 1 55 55
931 12 742 1100 24 -6 1 51 51
932 12 500 742 -24 6 1 51 55
933 8 500 0 24 -12851 1 60 0
934 8 903 0 6 -12851 0 55 0
935 8 903 0 24 -12851 1 55 0
936 12 1100 742 -24 6 1 55 51
937 8 742 0 -6 -12851 0 60 0
938 8 742 0 24 -12851 1 55 0
939 8 903 0 -24 -12851 1 60 0
940 8 903 0 -24 -12851 1 60 0
941 8 903 0 -24 -12851 1 60 0
942 12 500 742 24 -6 1 51 51
943 8 903 0 -6 -12851 0 60 0
944 12 742 1100 24 -6 1 55 55
945 8 500 0 -24 -12851 1 60 0
946 8 609 0 -24 -12851 0 60 0
947 8 609 0 -6 -12851 0 55 0
948 8 1100 0 6 -12851 0 55 0
949 8 903 0 -6 -12851 0 60 0
950 12 903 742 -24 6 1 55 55
951 8 500 0 24 -12851 1 55 0
952 12 742 903 -24 6 1 51 55
953 12 742 609 -24 6 1 51 55
954 12 609 742 24 -6 1 55 51
955 12 742 500 24 -6 1 55 51
956 8 500 0 -24 -12851 1 60 0
957 8 609 0 6 -12851 1 55 0
958 8 742 0 -6 -12851 0 60 0
959 12 1100 742 -24 6 1 55 55
960 8 1100 0 24 -12851 0 60 0
961 8 742 0 -6 -12851 1 60 0
962 8 742 0 -6 -12851 1 55 0
963 8 1100 0 24 -12851 0 55 0
964 8 903 0 24 -12851 1 60 0
965 12 903 742 -24 6 1 55 55
966 8 903 0 -24 -12851 1 60 0
967 12 742 500 24 -6 0 55 55
968 8 903 0 -24 -12851 1 60 0
969 8 742 0 24 -12851 1 55 0
970 12 742 609 -24 6 1 55 55
971 12 742 1100 -24 6 1 51 55
972 12 742 500 24 -6 1 51 55
973 12 742 500 -24 6 1 55 55
974 12 1100 742 -24 6 1 55 55
975 8 742 0 -24 -12851 1 60 0
976 8 903 0 -6 -12851 1 55 0
977 12 609 742 24 -6 1 55 55
978 8 1100 0 -24 -12851 0 60 0
979 12 742 1100 24 -6 0 51 51
980 8 1100 0 -24 -12851 1 60 0
981 12 500 742 24 -6 0 55 55
982 12 1100 742 24 -6 1 51 55
983 12 903 742 24 -6 0 51 55
984 8 500 0 -24 -12851 1 55 0
985 12 742 1100 24 -6 1 51 55
986 8 609 0 6 -12851 0 55 0
987 8 609 0 24 -12851 0 55 0
988 12 609 742 -24 6 0 51 51
989 8 742 0 24 -12851 0 60 0
990 12 742 609 -24 6 0 51 55
991 12 903 742 -24 6 1 55 55
992 12 742 500 24 -6 0 51 55
993 12 500 742 24 -6 0 51 51
994 8 609 0 -6 -12851 0 60 0
995 12 742 903 24 -6 1 51 51
996 8 1100 0 6 -12851 1 60 0
997 8 500 0 -24 -12851 1 60 0
998 12 1100 742 24 -6 1 51 51
999 12 742 903 -24 6 0 55 55
1000 12 742 903 24 -6 1 55 55
1001 12 903 742 24 -6 1 55 55
1002 8 500 0 24 -12851 1 60 0
1003 12 903 742 24 -6 0 51 51
1004 12 742 903 -24 6 1 55 51
1005 8 903 0 24 -12851 1 55 0
1006 8 903 0 24 -12851 1 55 0
1007 8 903 0 6 -12851 0 60 0
1008 8 500 0 -24 -12851 1 55 0
1009 12 742 1100 -24 6 1 51 55
1010 8 742 0 6 -12851 0 60 0
1011 8 903 0 24 -12851 0 55 0
1012 8 1100 0 24 -12851 0 60 0
1013 8 500 0 -6 -12851 1 55 0
1014 8 609 0 -6 -12851 1 55 0
1015 8 742 0 -24 -12851 0 60 0
1016 8 500 0 24 -12851 1 55 0
1017 12 742 1100 24 -6 0 55 51
1018 12 1100 742 24 -6 1 55 51
1019 12 903 742 -24 6 1 55 51
1020 12 903 742 24 -6 0 55 51
1021 12 1100 742 -24 6 1 55 51
1022 8 742 0 -6 -12851 1 60 0
1023 12 500 742 24 -6 0 51 55
1024 12 742 1100 -24 6 0 55 55
1025 12 903 742 24 -6 1 51 55
1026 8 1100 0 -24 -12851 1 60 0
1027 8 609 0 -6 -12851 1 60 0
1028 8 1100 0 6 -12851 0 55 0
1029 8 609 0 6 -12851 1 55 0
1030 8 903 0 24 -12851 0 55 0
1031 12 500 742 -24 6 0 51 55
1032 12 500 742 -24 6 1 51 51
1033 8 903 0 24 -12851 0 55 0
1034 8 903 0 -24 -12851 1 60 0
1035 12 609 742 24 -6 1 55 51
1036 12 1100 742 24 -6 1 55 51
1037 12 742 500 -24 6 1 51 55
1038 8 742 0 -24 -12851 1 60 0
1039 12 742 903 24 -6 1 51 51
1040 8 742 0 -6 -12851 1 55 0
1041 12 742 609 24 -6 1 55 55
1042 12 903 742 24 -6 1 55 55
1043 8 903 0 -24 -12851 1 60 0
1044 8 1100 0 -24 -12851 1 60 0
1045 8 1100 0 -24 -12851 1 55 0
1046 12 1100 742 24 -6 1 51 51
1047 12 500 742 24 -6 1 55 55
1048 12 1100 742 24 -6 1 51 51
1049 8 500 0 -24 -12851 1 55 0
1050 12 500 742 -24 6 0 55 55
1051 12 742 903 24 -6 1 55 55
1052 12 742 903 24 -6 0 51 51
1053 12 742 903 -24 6 1 51 51
1054 8 609 0 -24 -12851 0 60 0
1055 8 609 0 -6 -12851 0 60 0
1056 8 742 0 -24 -12851 0 60 0
1057 8 609 0 24 -12851 0 55 0
1058 8 1100 0 -6 -12851 1 60 0
1059 12 903 742 24 -6 0 55 55
1060 8 500 0 6 -12851 1 60 0
1061 8 500 0 6 -12851 0 55 0
1062 12 1100 742 -24 6 0 55 55
1063 8 742 0 -24 -12851 1 55 0
1064 8 742 0 6 -12851 0 60 0
1065 12 742 609 -24 6 1 51 55
1066 12 1100 742 24 -6 1 55 55
1067 8 742 0 -24 -12851 1 55 0
1068 12 742 1100 24 -6 0 55 55
1069 8 1100 0 24 -12851 1 60 0
1070 12 742 500 24 -6 0 51 55
1071 12 742 1100 -24 6 0 51 51
1072 12 500 742 -24 6 1 51 51
1073 8 903 0 6 -12851 1 55 0
1074 8 1100 0 -6 -12851 1 60 0
1075 12 742 500 -24 6 0 55 51
1076 12 742 903 24 -6 0 51 55
1077 12 742 609 -24 6 0 51 55
1078 12 742 500 24 -6 1 51 55
1079 8 500 0 6 -12851 0 60 0
1080 8 500 0 24 -12851 0 60 0
1081 12 742 1100 -24 6 0 51 51
1082 8 742 0 6 -12851 0 55 0
1083 8 903 0 -24 -12851 1 60 0
1084 8 500 0 -24 -12851 1 55 0
1085 12 500 742 -24 6 0 51 51
1086 12 742 609 -24 6 1 55 51
1087 8 903 0 24 -12851 1 60 0
1088 12 742 609 24 -6 0 55 51
1089 12 742 1100 -24 6 0 55 55
1090 12 609 742 -24 6 0 51 55
1091 8 1100 0 -24 -12851 0 60 0
1092 12 742 609 24 -6 1 55 51
1093 12 609 742 24 -6 0 55 51
1094 8 609 0 -24 -12851 0 60 0
1095 8 609 0 -24 -12851 1 60 0
1096 12 609 742 24 -6 1 51 55
1097 12 500 742 -24 6 1 51 55
1098 12 1100 742 -24 6 1 51 51
1099 8 609 0 -24 -12851 1 60 0
1100 8 609 0 -6 -12851 0 55 0
1101 8 609 0 6 -12851 1 60 0
1102 8 742 0 -6 -12851 0 60 0
1103 12 500 742 -24 6 0 55 51
1104 12 500 742 -24 6 0 51 55
1105 12 609 742 24 -6 0 55 51
1106 12 742 609 24 -6 1 55 55
1107 12 1100 742 24 -6 0 51 55
1108 12 1100 742 24 -6 1 51 55
1109 12 742 903 24 -6 1 55 51
1110 8 742 0 -24 -12851 1 60 0
1111 8 1100 0 -24 -12851 1 55 0
1112 8 500 0 6 -12851 1 55 0
1113 8 609 0 -6 -12851 0 60 0
1114 12 742 609 -24 6 0 55 51
1115 8 742 0 6 -12851 1 60 0
1116 8 903 0 -24 -12851 1 55 0
1117 12 742 903 -24 6 1 55 51
1118 8 903 0 -24 -12851 1 55 0
1119 12 742 1100 24 -6 0 55 55
1120 8 1100 0 -24 -12851 0 60 0
1121 8 500 0 -6 -12851 1 55 0
1122 8 500 0 24 -12851 1 60 0
1123 8 609 0 24 -12851 0 60 0
1124 8 1100 0 -24 -12851 1 55 0
1125 8 903 0 -6 -12851 1 60 0
1126 12 609 742 24 -6 1 55 55
1127 8 1100 0 6 -12851 0 60 0
1128 12 500 742 -24 6 0 51 55
1129 8 1100 0 24 -12851 0 55 0
1130 8 1100 0 24 -12851 1 55 0
1131 8 1100 0 24 -12851 1 55 0
1132 8 609 0 6 -12851 0 60 0
1133 8 742 0 -6 -12851 1 55 0
1134 8 742 0 -24 -12851 0 55 0
1135 8 609 0 6 -12851 0 60 0
1136 12 742 903 24 -6 1 55 51
1137 12 1100 742 -24 6 0 51 51
1138 8 500 0 -24 -12851 1 55 0
1139 12 742 609 -24 6 0 55 51
1140 8 609 0 6 -12851 1 55 0
1141 12 742 500 -24 6 0 51 55
1142 12 742 1100 24 -6 1 51 55
1143 12 742 609 24 -6 0 55 51
1144 8 903 0 6 -12851 0 55 0
1145 8 903 0 6 -12851 1 55 0
1146 8 903 0 -24 -12851 0 55 0
1147 12 500 742 -24 6 1 55 51
1148 12 742 1100 -24 6 0 51 51
1149 12 742 1100 -24 6 1 55 51
1150 12 742 609 -24 6 1 51 51
1151 8 742 0 -6 -12851 0 55 0
1152 12 903 742 -24 6 0 55 55
1153 12 1100 742 -24 6 1 51 51
1154 12 609 742 24 -6 1 51 55
1155 8 500 0 6 -12851 0 55 0
1156 8 500 0 -6 -12851 0 55 0
1157 12 742 500 -24 6 1 51 51
1158 8 1100 0 24 -12851 0 60 0
1159 12 903 742 24 -6 0 55 55
1160 12 1100 742 24 -6 1 55 51
1161 8 1100 0 24 -12851 0 60 0
1162 8 1100 0 -6 -12851 0 55 0
1163 12 500 742 24 -6 0 55 51
1164 8 1100 0 6 -12851 1 55 0
1165 8 742 0 24 -12851 1 60 0
1166 12 742 1100 24 -6 1 51 51
1167 8 903 0 -24 -12851 1 55 0
1168 12 742 903 24 -6 0 55 51
1169 8 609 0 24 -12851 1 55 0
1170 8 903 0 -24 -12851 1 60 0
1171 8 609 0 -24 -12851 0 55 0
1172 12 1100 742 24 -6 1 55 51
1173 8 609 0 6 -12851 0 55 0
1174 12 742 1100 24 -6 1 51 55
1175 8 903 0 -6 -12851 0 55 0
1176 12 500 742 -24 6 1 55 55
1177 8 742 0 -6 -12851 1 55 0
1178 8 742 0 -24 -12851 1 60 0
1179 8 500 0 24 -12851 1 60 0
1180 12 742 1100 -24 6 1 55 55
1181 12 609 742 -24 6 1 55 55
1182 8 500 0 24 -12851 0 55 0
1183 8 500 0 -6 -12851 0 55 0
1184 8 500 0 -24 -12851 1 60 0
1185 12 742 500 -24 6 1 55 51
1186 12 742 1100 24 -6 1 51 51
1187 12 742 1100 24 -6 1 55 51
1188 8 500 0 24 -12851 0 55 0
1189 12 742 500 -24 6 1 51 51
1190 12 609 742 24 -6 1 51 55
1191 8 500 0 24 -12851 1 55 0
1192 12 742 1100 -24 6 1 51 51
1193 12 903 742 24 -6 1 55 51
1194 8 500 0 6 -12851 0 55 0
1195 8 903 0 24 -12851 1 55 0
1196 12 500 742 24 -6 1 51 51
1197 12 500 742 -24 6 1 51 55
1198 8 903 0 24 -12851 0 55 0
1199 8 609 0 -24 -12851 1 60 0
1200 8 609 0 -6 -12851 0 55 0
1201 8 1100 0 -24 -12851 1 60 0
1202 12 903 742 -24 6 1 51 51
1203 8 1100 0 -6 -12851 0 55 0
1204 12 742 500 -24 6 1 55 51
1205 8 609 0 -6 -12851 0 55 0
1206 12 609 742 -24 6 1 55 55
1207 8 1100 0 6 -12851 1 55 0
1208 8 742 0 6 -12851 0 60 0
1209 8 742 0 -24 -12851 0 55 0
1210 12 609 742 24 -6 0 51 51
1211 8 742 0 -24 -12851 0 55 0
1212 12 742 500 -24 6 0 51 51
1213 12 742 500 -24 6 1 55 51
1214 12 742 903 -24 6 1 55 55
1215 8 903 0 24 -12851 1 55 0
1216 8 500 0 24 -12851 1 55 0
1217 12 1100 742 24 -6 1 55 55
1218 8 500 0 -6 -12851 0 55 0
1219 8 609 0 6 -12851 0 55 0
1220 12 1100 742 24 -6 1 51 51
1221 8 609 0 -6 -12851 1 60 0
1222 12 1100 742 -24 6 1 55 51
1223 8 609 0 -24 -12851 1 60 0
1224 8 903 0 24 -12851 0 55 0
1225 12 742 1100 -24 6 1 51 51
1226 8 500 0 6 -12851 1 55 0
1227 12 609 742 -24 6 0 51 55
1228 12 742 903 -24 6 0 55 55
1229 8 903 0 -24 -12851 0 60 0
1230 12 742 609 -24 6 0 55 51
1231 8 742 0 -24 -12851 0 55 0
1232 8 500 0 24 -12851 1 55 0
1233 12 609 742 -24 6 1 51 55
1234 8 742 0 -6 -12851 1 55 0
1235 12 903 742 -24 6 0 51 55
1236 12 742 500 -24 6 1 51 55
1237 8 742 0 24 -12851 0 60 0
1238 8 903 0 24 -12851 1 55 0
1239 12 500 742 -24 6 1 55 55
1240 12 742 500 24 -6 1 55 55
1241 12 609 742 24 -6 1 55 51
1242 12 742 903 24 -6 1 51 51
1243 12 1100 742 24 -6 1 55 55
1244 8 1100 0 24 -12851 0 55 0
1245 8 1100 0 -6 -12851 0 60 0
1246 12 742 903 24 -6 1 55 51
1247 8 1100 0 24 -12851 1 60 0
1248 12 742 609 24 -6 1 51 55
1249 8 903 0 -6 -12851 1 55 0
1250 12 500 742 -24 6 1 55 51
1251 12 742 1100 24 -6 1 55 51
1252 12 609 742 24 -6 0 55 51
1253 8 903 0 6 -12851 1 55 0
1254 8 742 0 24 -12851 0 60 0
1255 12 742 903 -24 6 0 55 51
1256 12 609 742 -24 6 1 51 51
1257 12 742 500 24 -6 0 55 55
1258 8 500 0 -24 -12851 1 55 0
1259 8 742 0 24 -12851 1 60 0
1260 12 742 903 24 -6 1 55 51
1261 12 742 1100 -24 6 1 55 55
1262 8 1100 0 -6 -12851 1 55 0
1263 8 609 0 6 -12851 0 55 0
1264 8 609 0 6 -12851 1 60 0
1265 8 903 0 6 -12851 0 55 0
1266 8 609 0 -6 -12851 1 60 0
1267 8 742 0 24 -12851 1 55 0
1268 8 1100 0 24 -12851 0 60 0
1269 8 903 0 -6 -12851 1 55 0
1270 8 500 0 -24 -12851 0 55 0
1271 12 500 742 24 -6 1 55 55
1272 8 500 0 6 -12851 0 55 0
1273 8 1100 0 -24 -12851 0 60 0
1274 12 742 903 -24 6 1 55 55
1275 12 742 903 -24 6 1 55 55
1276 12 1100 742 24 -6 1 51 55
1277 12 609 742 -24 6 1 51 55
1278 8 903 0 -24 -12851 1 55 0
1279 12 742 903 24 -6 0 51 55
1280 8 903 0 -24 -12851 1 55 0
1281 12 742 903 24 -6 1 55 51
1282 8 609 0 24 -12851 1 60 0
1283 12 1100 742 24 -6 0 51 51
1284 8 500 0 -24 -12851 1 55 0
1285 12 903 742 -24 6 1 51 51
1286 8 1100 0 24 -12851 1 60 0
1287 8 742 0 6 -12851 0 55 0
1288 12 742 1100 24 -6 1 51 51
1289 12 742 1100 24 -6 1 51 55
1290 8 609 0 -24 -12851 1 55 0
1291 8 500 0 6 -12851 0 55 0
1292 8 742 0 6 -12851 1 60 0
1293 12 903 742 -24 6 1 51 51
1294 8 742 0 24 -12851 1 60 0
1295 8 1100 0 24 -12851 1 55 0
1296 8 1100 0 6 -12851 1 60 0
1297 8 500 0 -6 -12851 1 55 0
1298 8 609 0 -24 -12851 1 55 0
1299 8 903 0 -24 -12851 0 55 0
1300 12 903 742 -24 6 0 55 55
1301 12 1100 742 24 -6 0 55 51
1302 8 903 0 6 -12851 1 60 0
1303 12 742 609 24 -6 1 51 51
1304 8 500 0 -24 -12851 0 55 0
1305 12 742 609 -24 6 1 51 51
1306 12 609 742 -24 6 0 55 55
1307 12 742 1100 24 -6 0 55 51
1308 12 742 903 24 -6 1 55 51
1309 12 500 742 24 -6 0 51 55
1310 12 609 742 24 -6 1 51 55
1311 12 742 1100 24 -6 1 55 55
1312 8 500 0 -6 -12851 0 60 0
1313 12 500 742 -24 6 0 55 55
1314 12 742 903 -24 6 0 55 55
1315 12 742 1100 24 -6 0 55 55
1316 8 609 0 -6 -12851 0 60 0
1317 12 742 903 24 -6 0 55 55
1318 12 609 742 24 -6 0 51 55
1319 12 500 742 -24 6 0 51 55
1320 12 903 742 24 -6 1 51 51
1321 8 500 0 -24 -12851 0 60 0
1322 12 1100 742 -24 6 0 55 51
1323 8 609 0 24 -12851 0 60 0
1324 8 742 0 -6 -12851 0 55 0
1325 8 1100 0 -6 -12851 0 55 0
1326 12 1100 742 -24 6 0 51 51
1327 8 742 0 -24 -12851 0 60 0
1328 12 742 500 24 -6 0 51 51
1329 8 1100 0 -6 -12851 1 55 0
1330 12 500 742 24 -6 1 55 51
1331 12 1100 742 -24 6 1 51 51
1332 12 742 1100 -24 6 1 51 51
1333 8 903 0 -6 -12851 0 55 0
1334 12 500 742 24 -6 1 55 55
1335 12 742 609 24 -6 1 51 51
1336 8 903 0 24 -12851 1 60 0
1337 8 500 0 -24 -12851 1 55 0
1338 12 742 500 24 -6 1 55 51
1339 8 1100 0 24 -12851 0 60 0
1340 12 742 609 24 -6 1 51 55
1341 12 1100 742 24 -6 0 55 55
1342 8 903 0 24 -12851 0 60 0
1343 8 742 0 -6 -12851 0 60 0
1344 8 609 0 24 -12851 1 60 0
1345 8 500 0 -6 -12851 0 55 0
1346 12 742 500 -24 6 0 51 55
1347 8 500 0 -24 -12851 0 55 0
1348 12 903 742 -24 6 1 55 55
1349 12 742 903 -24 6 0 51 55
1350 8 903 0 -24 -12851 0 60 0
1351 8 742 0 24 -12851 0 55 0
1352 8 903 0 24 -12851 0 55 0
1353 8 609 0 24 -12851 0 55 0
1354 12 742 903 -24 6 1 51 55
1355 8 903 0 24 -12851 1 60 0
1356 12 500 742 -24 6 0 55 55
1357 12 903 742 24 -6 0 55 55
1358 8 500 0 -6 -12851 1 60 0
1359 8 500 0 -6 -12851 1 60 0
1360 12 742 903 24 -6 1 51 55
1361 8 1100 0 -6 -12851 1 55 0
1362 12 742 500 24 -6 0 51 51
1363 12 742 903 24 -6 0 55 55
1364 12 742 1100 -24 6 0 51 55
1365 12 1100 742 24 -6 0 51 51
1366 8 609 0 6 -12851 1 60 0
1367 12 609 742 24 -6 0 55 51
1368 12 742 500 24 -6 0 55 55
1369 12 1100 742 24 -6 0 55 51
1370 8 609 0 6 -12851 0 55 0
1371 8 742 0 24 -12851 1 55 0
1372 12 903 742 -24 6 1 51 51
1373 8 1100 0 -6 -12851 0 60 0
1374 12 1100 742 -24 6 1 55 55
1375 8 1100 0 24 -12851 1 60 0
1376 8 742 0 -6 -12851 0 55 0
1377 8 609 0 24 -12851 0 55 0
1378 8 609 0 6 -12851 0 60 0
1379 12 742 609 24 -6 1 51 51
1380 8 609 0 -6 -12851 0 55 0
1381 8 903 0 6 -12851 1 60 0
1382 8 1100 0 24 -12851 1 60 0
1383 12 742 903 -24 6 1 51 55
1384 12 742 500 -24 6 0 55 51
1385 8 1100 0 24 -12851 1 60 0
1386 12 742 1100 -24 6 1 51 51
1387 8 609 0 -6 -12851 0 55 0
1388 8 742 0 24 -12851 1 60 0
1389 8 1100 0 6 -12851 1 60 0
1390 8 903 0 24 -12851 0 55 0
1391 8 742 0 -6 -12851 0 60 0
1392 8 903 0 -6 -12851 0 55 0
1393 12 742 500 24 -6 0 55 51
1394 12 1100 742 -24 6 0 51 55
1395 8 742 0 -24 -12851 0 55 0
1396 12 742 500 -24 6 0 55 55
1397 12 500 742 24 -6 0 55 55
1398 12 742 609 -24 6 0 51 55
1399 12 742 500 -24 6 0 55 51
1400 8 500 0 24 -12851 0 60 0
1401 12 1100 742 -24 6 0 55 55
1402 12 742 500 24 -6 0 55 55
1403 8 500 0 24 -12851 0 55 0
1404 12 903 742 -24 6 0 55 55
