485 12 742 903 -24 6 1 55 51
486 12 742 903 -24 6 1 51 55
487 12 742 500 -24 6 1 55 55
488 8 609 0 24 -12851 0 60 0
489 8 609 0 6 -12851 1 55 0
490 8 1100 0 -24 -12851 1 55 0
491 8 609 0 -6 -12851 1 55 0
492 8 1100 0 6 -12851 1 60 0
493 8 500 0 24 -12851 0 55 0
494 8 903 0 6 -12851 1 55 0
495 12 903 742 24 -6 0 55 55
496 12 742 903 24 -6 0 55 51
497 12 609 742 24 -6 0 51 51
498 8 500 0 -24 -12851 1 55 0
499 8 742 0 24 -12851 0 55 0
500 8 609 0 -24 -12851 1 55 0
501 12 742 609 -24 6 1 55 55
502 12 742 1100 24 -6 1 55 55
503 12 742 500 24 -6 1 51 51
504 8 903 0 -6 -12851 1 55 0
505 8 742 0 -24 -12851 1 55 0
506 12 742 609 24 -6 0 51 55
507 12 903 742 -24 6 1 55 51
508 12 742 1100 -24 6 1 55 55
509 8 1100 0 6 -12851 0 60 0
510 12 742 609 -24 6 1 51 55
511 8 903 0 6 -12851 1 55 0
512 12 742 1100 24 -6 0 51 51
513 12 609 742 24 -6 1 51 51
514 8 500 0 6 -12851 1 60 0
515 8 742 0 -24 -12851 1 60 0
516 12 1100 742 24 -6 0 55 51
517 8 903 0 -6 -12851 1 55 0
518 12 609 742 -24 6 1 55 55
519 8 903 0 6 -12851 0 55 0
520 12 1100 742 24 -6 1 51 51
521 8 500 0 -6 -12851 1 60 0
522 12 903 742 -24 6 1 51 55
523 8 903 0 -24 -12851 1 55 0
524 12 742 609 24 -6 1 51 55
525 12 500 742 24 -6 1 55 51
526 8 500 0 -6 -12851 1 60 0
527 8 609 0 -6 -12851 1 55 0
528 12 1100 742 -24 6 0 51 51
529 8 500 0 6 -12851 1 55 0
530 12 903 742 24 -6 0 55 55
531 8 903 0 -24 -12851 1 55 0
532 8 1100 0 24 -12851 1 55 0
533 12 1100 742 24 -6 1 51 55
534 12 500 742 -24 6 1 51 55
535 12 742 1100 24 -6 1 55 55
536 8 742 0 24 -12851 1 60 0
537 8 609 0 -6 -12851 1 60 0
538 12 742 1100 -24 6 1 51 51
539 8 742 0 24 -12851 1 60 0
540 12 742 500 -24 6 1 55 51
541 8 1100 0 6 -12851 0 60 0
542 8 609 0 6 -12851 1 55 0
543 8 1100 0 -6 -12851 0 55 0
544 12 742 1100 24 -6 0 55 55
545 12 742 500 24 -6 0 55 51
546 12 742 903 24 -6 0 55 51
547 12 1100 742 -24 6 1 51 51
548 8 742 0 -6 -12851 1 55 0
549 8 903 0 6 -12851 1 55 0
550 8 903 0 24 -12851 0 55 0
551 8 1100 0 -6 -12851 0 55 0
552 8 1100 0 -6 -12851 0 55 0
553 12 742 1100 24 -6 0 51 55
554 12 742 609 24 -6 0 55 51
555 12 742 1100 -24 6 0 51 55
556 8 500 0 -24 -12851 1 60 0
557 12 903 742 24 -6 1 51 55
558 8 742 0 24 -12851 1 55 0
559 12 903 742 24 -6 0 55 51
560 12 609 742 24 -6 0 51 51
561 12 742 609 24 -6 0 51 51
562 8 903 0 6 -12851 1 55 0
563 12 609 742 -24 6 0 55 51
564 12 742 500 24 -6 0 51 51
565 12 742 500 -24 6 1 51 55
566 12 742 500 -24 6 0 55 55
567 12 742 609 -24 6 1 51 55
568 12 903 742 -24 6 1 55 51
569 12 742 903 -24 6 1 55 51
570 8 609 0 -24 -12851 1 55 0
571 8 742 0 -6 -12851 1 55 0
572 12 903 742 24 -6 1 51 51
573 12 742 1100 -24 6 1 51 55
574 8 609 0 -6 -12851 1 55 0
575 8 609 0 -6 -12851 0 55 0
576 8 742 0 -24 -12851 1 60 0
577 12 500 742 24 -6 0 51 55
578 8 903 0 -6 -12851 1 60 0
579 12 609 742 -24 6 1 55 55
580 8 500 0 6 -12851 1 60 0
581 12 903 742 -24 6 1 55 55
582 12 742 500 24 -6 1 51 55
583 8 1100 0 -24 -12851 1 55 0
584 8 500 0 24 -12851 0 55 0
585 8 742 0 -6 -12851 0 60 0
586 12 742 500 24 -6 1 51 55
587 12 742 500 24 -6 1 51 55
588 8 742 0 6 -12851 0 60 0
589 8 500 0 -24 -12851 1 60 0
590 12 742 500 -24 6 1 55 51
591 8 609 0 -6 -12851 0 60 0
592 12 742 903 -24 6 1 55 51
593 12 903 742 24 -6 1 55 55
594 8 609 0 -6 -12851 1 55 0
595 12 742 1100 -24 6 1 55 55
596 8 609 0 -24 -12851 1 60 0
597 12 500 742 -24 6 1 51 55
598 12 903 742 24 -6 1 55 55
599 8 903 0 -6 -12851 1 60 0
600 8 742 0 -6 -12851 1 60 0
601 12 1100 742 -24 6 1 55 51
602 8 1100 0 6 -12851 0 60 0
603 8 500 0 24 -12851 1 60 0
604 12 742 609 24 -6 1 55 51
605 12 742 1100 -24 6 1 51 55
606 12 742 903 -24 6 1 55 55
607 8 903 0 6 -12851 0 55 0
608 8 903 0 -6 -12851 1 55 0
609 12 742 1100 24 -6 1 55 55
610 8 742 0 -24 -12851 1 55 0
611 8 1100 0 -6 -12851 0 55 0
612 12 742 903 24 -6 1 55 51
613 12 903 742 -24 6 1 51 55
614 8 1100 0 -24 -12851 1 55 0
615 12 742 500 24 -6 1 51 55
616 8 500 0 24 -12851 1 60 0
617 8 903 0 24 -12851 1 55 0
618 12 500 742 24 -6 1 55 51
619 8 903 0 6 -12851 0 55 0
620 12 1100 742 24 -6 0 55 51
621 8 742 0 6 -12851 1 55 0
622 12 742 1100 24 -6 1 55 55
623 12 742 500 24 -6 0 51 51
624 12 609 742 -24 6 1 51 51
625 8 1100 0 -24 -12851 1 60 0
626 8 903 0 24 -12851 1 60 0
627 12 500 742 -24 6 1 51 51
628 8 500 0 24 -12851 1 60 0
629 12 742 609 -24 6 1 55 55
630 12 742 500 24 -6 0 55 55
631 8 500 0 6 -12851 0 60 0
632 8 609 0 24 -12851 0 55 0
633 12 742 500 24 -6 0 55 51
634 8 1100 0 -24 -12851 0 60 0
635 12 903 742 -24 6 0 51 51
636 8 1100 0 -24 -12851 1 60 0
637 12 742 609 24 -6 0 51 51
638 8 903 0 24 -12851 0 55 0
639 8 609 0 -6 -12851 0 55 0
640 8 609 0 6 -12851 0 60 0
641 12 903 742 24 -6 0 51 51
642 12 903 742 -24 6 1 55 51
643 8 742 0 -24 -12851 1 60 0
644 8 742 0 24 -12851 1 55 0
645 12 903 742 24 -6 0 55 55
646 8 500 0 24 -12851 0 55 0
647 12 742 500 24 -6 0 51 51
648 12 609 742 -24 6 1 55 51
649 12 609 742 -24 6 0 55 55
650 12 903 742 24 -6 0 51 55
651 8 1100 0 24 -12851 1 55 0
652 8 1100 0 24 -12851 1 55 0
653 8 609 0 6 -12851 0 55 0
654 8 742 0 24 -12851 1 60 0
655 12 742 500 24 -6 0 51 51
656 12 500 742 -24 6 1 51 51
657 8 609 0 -24 -12851 1 55 0
658 12 742 1100 -24 6 1 55 51
659 8 500 0 6 -12851 1 55 0
660 12 609 742 -24 6 1 51 51
661 12 1100 742 -24 6 1 55 51
662 12 742 609 24 -6 0 51 51
663 12 1100 742 24 -6 0 55 55
664 12 609 742 -24 6 1 51 55
665 12 742 1100 24 -6 0 51 51
666 8 1100 0 -24 -12851 1 55 0
667 12 609 742 -24 6 1 55 55
668 12 903 742 24 -6 0 55 55
669 12 742 500 24 -6 0 55 51
670 12 742 903 -24 6 0 51 51
671 12 903 742 24 -6 0 55 55
672 12 1100 742 -24 6 0 51 55
673 12 1100 742 24 -6 0 55 55
674 12 609 742 -24 6 1 55 51
675 12 742 500 -24 6 1 51 51
676 8 609 0 24 -12851 0 60 0
677 12 609 742 24 -6 0 51 51
678 12 903 742 -24 6 0 51 55
679 8 742 0 24 -12851 0 60 0
680 12 742 1100 24 -6 0 51 51
681 12 742 1100 -24 6 1 55 55
682 8 500 0 -6 -12851 1 60 0
683 12 903 742 -24 6 1 55 55
684 12 500 742 24 -6 0 51 51
685 12 742 1100 24 -6 0 55 55
686 8 903 0 6 -12851 1 60 0
687 12 742 500 24 -6 0 51 55
688 8 903 0 -6 -12851 1 60 0
689 12 742 500 24 -6 0 55 51
690 12 742 500 24 -6 1 51 55
691 8 742 0 24 -12851 1 60 0
692 8 500 0 -6 -12851 1 55 0
693 12 742 609 -24 6 1 55 55
694 12 742 903 -24 6 1 51 55
695 12 609 742 -24 6 1 51 51
696 12 742 1100 24 -6 1 51 55
697 8 1100 0 -6 -12851 1 60 0
698 12 903 742 24 -6 1 55 55
699 8 903 0 -6 -12851 0 55 0
700 12 742 903 24 -6 0 55 51
701 8 903 0 -6 -12851 1 60 0
702 8 903 0 24 -12851 1 55 0
703 12 742 500 24 -6 0 51 55
704 12 903 742 24 -6 1 51 51
705 12 742 903 -24 6 0 55 51
706 8 609 0 -6 -12851 0 55 0
707 12 1100 742 24 -6 0 55 51
708 8 903 0 6 -12851 1 60 0
709 12 742 1100 24 -6 0 55 55
710 12 903 742 24 -6 1 51 51
711 8 1100 0 -6 -12851 1 60 0
712 12 742 500 -24 6 1 55 51
713 12 742 903 -24 6 1 51 51
714 12 742 1100 -24 6 0 51 55
715 8 903 0 24 -12851 0 60 0
716 12 742 609 -24 6 0 55 55
717 12 742 500 -24 6 0 55 51
718 12 1100 742 24 -6 0 55 51
719 8 742 0 6 -12851 0 60 0
720 12 903 742 24 -6 0 51 55
721 8 500 0 6 -12851 1 60 0
722 12 609 742 24 -6 0 51 51
723 8 742 0 24 -12851 1 60 0
724 12 500 742 -24 6 1 55 51
725 12 903 742 24 -6 1 55 51
726 8 609 0 -6 -12851 1 55 0
727 8 609 0 -6 -12851 1 55 0
728 12 742 1100 -24 6 1 51 51
729 12 742 903 -24 6 0 51 51
730 12 742 500 -24 6 0 51 55
731 8 1100 0 -6 -12851 0 60 0
732 12 742 609 -24 6 0 55 55
733 8 500 0 6 -12851 0 55 0
734 8 500 0 24 -12851 0 55 0
735 12 609 742 -24 6 0 55 55
736 12 1100 742 24 -6 0 51 55
737 12 500 742 24 -6 0 55 51
738 12 1100 742 -24 6 0 51 55
739 8 1100 0 6 -12851 0 60 0
740 8 742 0 -6 -12851 0 60 0
741 12 742 500 -24 6 0 51 51
742 12 742 609 -24 6 0 51 51
743 8 742 0 -6 -12851 0 60 0
744 12 742 1100 24 -6 0 51 55
745 12 742 1100 -24 6 0 51 51
746 12 903 742 24 -6 0 55 55
747 12 609 742 24 -6 0 51 55
748 8 742 0 -24 -12851 0 60 0
749 8 609 0 -6 -12851 0 60 0
750 8 609 0 6 -12851 0 60 0
751 12 742 500 -24 6 0 51 51
752 8 742 0 -24 -12851 0 55 0
753 8 903 0 6 -12851 0 60 0
754 8 500 0 24 -12851 0 60 0
755 12 742 500 24 -6 0 51 51
756 12 742 500 -24 6 0 51 51
757 12 742 1100 -24 6 0 51 51
758 8 1100 0 -6 -12851 0 60 0
759 12 609 742 24 -6 0 55 51
760 8 1100 0 -6 -12851 0 60 0
761 12 742 903 -24 6 0 51 51
762 12 1100 742 -24 6 0 55 55
763 12 1100 742 24 -6 0 55 55
764 12 903 742 -24 6 0 51 51
765 12 903 742 -24 6 0 55 51
766 8 742 0 -24 -12851 0 60 0
767 12 742 609 24 -6 0 51 51
768 12 903 742 -24 6 0 51 51
769 8 903 0 -6 -12851 0 60 0
770 8 500 0 24 -12851 0 60 0
771 8 1100 0 -6 -12851 0 60 0
772 12 500 742 24 -6 0 51 55
773 12 742 500 24 -6 0 51 55
774 8 500 0 -6 -12851 0 60 0
775 8 903 0 -24 -12851 0 60 0
776 12 500 742 -24 6 0 55 55
777 12 1100 742 -24 6 0 55 55
778 12 742 609 -24 6 0 51 51
779 12 742 1100 -24 6 0 51 51
780 12 742 500 24 -6 0 55 51
781 12 500 742 24 -6 0 55 51
782 8 609 0 24 -12851 0 55 0
783 8 500 0 -24 -12851 0 55 0
784 8 500 0 -24 -12851 0 55 0
785 8 742 0 -24 -12851 0 60 0
786 8 609 0 24 -12851 0 55 0
787 12 500 742 -24 6 0 51 51
788 12 903 742 -24 6 0 51 51
789 8 742 0 24 -12851 0 60 0
790 12 742 609 24 -6 0 51 51
791 12 903 742 -24 6 0 55 51
792 12 742 500 24 -6 0 55 51
793 12 609 742 24 -6 0 51 51
794 12 903 742 24 -6 0 51 55
795 12 742 1100 -24 6 0 51 55
796 8 903 0 -24 -12851 0 60 0
797 12 742 500 -24 6 0 55 51
798 12 903 742 -24 6 0 55 51
799 8 1100 0 -6 -12851 0 55 0
800 12 742 500 -24 6 0 51 51
801 8 742 0 6 -12851 0 60 0
802 8 903 0 -6 -12851 0 55 0
803 12 1100 742 24 -6 0 55 55
804 12 742 609 24 -6 0 51 51
805 8 500 0 -24 -12851 0 55 0
806 8 500 0 -6 -12851 0 60 0
807 8 903 0 24 -12851 0 60 0
808 8 609 0 -24 -12851 0 55 0
809 12 742 609 -24 6 0 55 55
810 12 742 1100 24 -6 0 55 55
811 8 1100 0 -24 -12851 0 60 0
812 8 609 0 -24 -12851 0 55 0
813 12 903 742 24 -6 0 55 55
814 12 609 742 -24 6 0 51 55
815 12 903 742 -24 6 0 55 51
816 12 1100 742 -24 6 0 55 51
817 12 903 742 24 -6 0 55 55
818 12 609 742 24 -6 0 51 51
819 8 1100 0 24 -12851 0 55 0
820 12 742 903 -24 6 0 55 55
821 12 742 903 24 -6 0 51 55
822 12 500 742 -24 6 0 55 51
823 8 742 0 6 -12851 0 60 0
824 12 1100 742 -24 6 0 55 51
825 8 742 0 6 -12851 0 55 0
826 12 500 742 24 -6 0 51 55
827 8 903 0 -6 -12851 0 55 0
828 12 500 742 24 -6 0 55 55
829 12 742 500 -24 6 0 55 51
830 12 742 609 24 -6 0 51 55
831 8 500 0 6 -12851 0 55 0
832 12 609 742 24 -6 0 55 55
833 8 500 0 -6 -12851 0 55 0
834 8 742 0 6 -12851 0 60 0
835 12 742 609 -24 6 0 55 55
836 12 742 609 24 -6 0 51 51
837 12 609 742 24 -6 0 51 55
838 8 742 0 6 -12851 0 60 0
839 8 903 0 -24 -12851 0 60 0
840 12 1100 742 24 -6 0 51 55
841 8 903 0 -6 -12851 0 55 0
842 8 1100 0 -6 -12851 0 55 0
843 12 742 903 -24 6 0 55 51
844 12 500 742 -24 6 0 51 51
845 8 1100 0 -24 -12851 0 55 0
846 12 903 742 -24 6 0 55 51
847 8 609 0 -6 -12851 0 55 0
848 8 1100 0 -6 -12851 0 60 0
849 8 609 0 24 -12851 0 60 0
850 8 500 0 6 -12851 0 60 0
851 8 609 0 24 -12851 0 55 0
852 12 742 500 -24 6 0 51 51
853 12 1100 742 24 -6 0 55 55
854 8 742 0 -24 -12851 0 60 0
855 12 609 742 24 -6 0 51 51
856 12 1100 742 24 -6 0 55 55
857 12 1100 742 -24 6 0 51 51
858 8 742 0 -24 -12851 0 60 0
859 12 742 609 24 -6 0 55 55
860 12 903 742 -24 6 0 55 51
861 8 742 0 6 -12851 0 55 0
862 12 1100 742 -24 6 0 51 51
863 8 500 0 -24 -12851 0 60 0
864 8 609 0 24 -12851 0 60 0
865 12 1100 742 24 -6 0 51 51
866 12 500 742 -24 6 0 55 55
867 12 609 742 -24 6 0 51 55
868 12 742 1100 24 -6 0 51 55
869 12 609 742 -24 6 0 55 55
870 8 609 0 -6 -12851 0 60 0
871 8 1100 0 -6 -12851 0 55 0
872 12 500 742 24 -6 0 51 51
873 8 742 0 -6 -12851 0 60 0
874 8 903 0 -24 -12851 0 60 0
875 12 742 609 -24 6 0 51 55
876 12 742 609 -24 6 0 55 51
877 8 1100 0 6 -12851 0 60 0
878 8 1100 0 24 -12851 0 60 0
879 8 609 0 -24 -12851 0 60 0
880 12 742 609 24 -6 0 55 55
881 12 742 903 24 -6 0 55 55
882 12 903 742 -24 6 0 55 51
883 12 1100 742 24 -6 0 51 55
884 12 742 500 24 -6 0 51 51
885 8 500 0 -24 -12851 0 55 0
886 12 1100 742 -24 6 0 51 55
887 8 903 0 6 -12851 0 55 0
888 12 742 1100 -24 6 0 55 51
889 8 903 0 -24 -12851 0 55 0
890 12 609 742 -24 6 0 55 51
891 12 1100 742 -24 6 0 51 51
892 12 742 1100 -24 6 0 55 51
893 12 903 742 24 -6 0 55 55
894 12 742 609 -24 6 0 51 55
895 8 500 0 -24 -12851 0 55 0
896 12 742 500 -24 6 0 55 55
897 8 500 0 -6 -12851 0 60 0
898 8 500 0 24 -12851 0 60 0
899 8 500 0 24 -12851 0 55 0
900 12 500 742 -24 6 0 51 51
901 8 742 0 6 -12851 0 60 0
902 12 742 1100 24 -6 0 55 55
903 8 742 0 -24 -12851 0 60 0
904 12 742 609 -24 6 0 51 55
905 12 903 742 24 -6 0 51 51
906 12 742 903 -24 6 0 55 55
907 8 742 0 24 -12851 0 60 0
908 8 609 0 -24 -12851 0 55 0
909 8 1100 0 24 -12851 0 55 0
910 8 1100 0 -24 -12851 0 55 0
911 8 500 0 -24 -12851 0 60 0
912 12 742 903 -24 6 0 51 51
913 12 903 742 -24 6 0 55 55
914 12 742 609 24 -6 0 55 55
915 12 903 742 -24 6 0 51 55
916 8 1100 0 -6 -12851 0 60 0
917 12 742 1100 24 -6 0 55 55
918 12 1100 742 24 -6 0 51 55
919 12 609 742 24 -6 0 55 51
920 12 742 903 24 -6 0 55 55
921 8 609 0 -6 -12851 0 55 0
922 12 903 742 24 -6 0 55 51
923 8 903 0 -24 -12851 0 55 0
924 8 903 0 -6 -12851 0 55 0
925 12 609 742 24 -6 0 51 55
926 12 903 742 -24 6 0 55 51
927 12 500 742 -24 6 0 55 51
928 8 609 0 24 -12851 0 60 0
929 8 903 0 -6 -12851 0 55 0
930 12 742 903 24 -6 0 55 51
931 12 742 500 24 -6 0 51 51
932 8 500 0 24 -12851 0 55 0
933 8 500 0 24 -12851 0 60 0
934 12 500 742 -24 6 0 51 55
935 8 500 0 24 -12851 0 60 0
936 8 609 0 -24 -12851 0 55 0
937 8 903 0 -6 -12851 0 60 0
938 8 609 0 24 -12851 0 55 0
939 12 500 742 -24 6 0 55 51
940 8 742 0 6 -12851 0 60 0
941 8 742 0 -24 -12851 0 60 0
942 12 500 742 24 -6 0 55 51
943 12 742 609 24 -6 0 55 55
944 8 1100 0 -24 -12851 0 60 0
945 12 742 1100 24 -6 0 51 51
946 12 742 609 -24 6 0 55 51
947 12 609 742 -24 6 0 55 51
948 8 609 0 -6 -12851 0 60 0
949 8 903 0 -6 -12851 0 60 0
950 8 903 0 -6 -12851 0 55 0
951 12 742 1100 24 -6 0 51 55
952 12 742 500 -24 6 0 55 55
953 8 500 0 -6 -12851 0 60 0
954 12 903 742 24 -6 0 55 51
955 8 1100 0 6 -12851 0 60 0
956 12 742 1100 -24 6 0 55 51
957 8 1100 0 24 -12851 0 55 0
958 8 742 0 24 -12851 0 55 0
959 8 1100 0 -6 -12851 0 60 0
960 12 609 742 24 -6 0 51 51
961 8 1100 0 24 -12851 0 60 0
962 8 500 0 -6 -12851 0 60 0
963 12 742 500 24 -6 0 55 51
964 12 742 1100 -24 6 0 51 55
965 8 1100 0 -24 -12851 0 60 0
966 12 742 903 -24 6 0 51 51
967 12 500 742 24 -6 0 51 51
968 8 500 0 -24 -12851 0 60 0
969 12 742 609 24 -6 0 51 51
970 12 742 903 -24 6 0 55 55
971 8 1100 0 -24 -12851 0 55 0
972 12 742 500 -24 6 0 51 55
973 8 742 0 -6 -12851 0 55 0
974 8 500 0 -24 -12851 0 60 0
975 8 742 0 24 -12851 0 55 0
976 8 609 0 -24 -12851 0 60 0
977 12 903 742 -24 6 0 51 51
978 12 742 609 24 -6 0 51 51
979 12 742 609 -24 6 0 55 51
980 8 609 0 24 -12851 0 60 0
981 8 742 0 24 -12851 0 60 0
982 8 609 0 -6 -12851 0 55 0
983 8 903 0 -6 -12851 0 60 0
984 12 903 742 24 -6 0 55 55
985 8 903 0 24 -12851 0 60 0
986 12 742 609 24 -6 0 51 51
987 12 742 1100 -24 6 0 51 51
988 12 742 1100 24 -6 0 51 51
989 8 903 0 24 -12851 0 55 0
990 8 742 0 6 -12851 0 60 0
991 8 742 0 -24 -12851 0 60 0
992 12 1100 742 24 -6 0 55 55
993 12 742 500 -24 6 0 51 55
994 8 500 0 6 -12851 0 55 0
995 12 500 742 -24 6 0 51 55
996 8 742 0 24 -12851 0 55 0
997 8 1100 0 -24 -12851 0 60 0
998 12 742 903 24 -6 0 51 55
999 12 742 1100 -24 6 0 51 51
1000 12 742 609 24 -6 0 51 55
1001 12 500 742 24 -6 0 51 55
1002 8 1100 0 -6 -12851 0 55 0
1003 12 742 903 24 -6 0 55 51
1004 12 1100 742 -24 6 0 55 55
1005 12 742 609 24 -6 0 55 51
1006 8 903 0 6 -12851 0 60 0
1007 12 903 742 24 -6 0 51 51
1008 12 742 500 24 -6 0 55 55
1009 8 742 0 -24 -12851 0 55 0
1010 12 742 500 24 -6 0 51 55
1011 12 742 903 24 -6 0 51 55
1012 12 609 742 -24 6 0 55 51
1013 8 500 0 -24 -12851 0 55 0
1014 8 903 0 6 -12851 0 55 0
1015 8 1100 0 6 -12851 0 55 0
1016 8 903 0 -6 -12851 0 60 0
1017 8 609 0 -6 -12851 0 60 0
1018 8 500 0 6 -12851 0 55 0
1019 8 609 0 6 -12851 0 60 0
1020 8 609 0 -24 -12851 0 60 0
1021 12 903 742 -24 6 0 51 51
1022 8 1100 0 -24 -12851 0 60 0
1023 8 1100 0 -6 -12851 0 55 0
1024 12 1100 742 24 -6 0 55 51
1025 12 609 742 24 -6 0 55 51
1026 8 500 0 24 -12851 0 55 0
1027 12 742 500 24 -6 0 55 55
1028 8 1100 0 6 -12851 0 60 0
1029 12 500 742 -24 6 0 51 55
1030 8 500 0 24 -12851 0 55 0
1031 8 1100 0 -24 -12851 0 60 0
1032 12 742 903 24 -6 0 55 51
1033 8 742 0 -6 -12851 0 60 0
1034 12 742 1100 24 -6 0 51 55
1035 12 500 742 -24 6 0 51 55
1036 8 500 0 -24 -12851 0 60 0
1037 12 742 609 -24 6 0 55 55
1038 8 742 0 6 -12851 0 55 0
1039 12 1100 742 24 -6 0 55 51
1040 12 903 742 24 -6 0 51 51
1041 8 609 0 24 -12851 0 60 0
1042 12 903 742 -24 6 0 55 55
1043 12 1100 742 -24 6 0 51 51
1044 8 609 0 24 -12851 0 60 0
1045 8 742 0 -24 -12851 0 60 0
1046 8 609 0 6 -12851 0 60 0
1047 12 742 1100 24 -6 0 51 51
1048 8 903 0 24 -12851 0 55 0
1049 12 742 903 24 -6 0 51 55
1050 8 903 0 -6 -12851 0 60 0
1051 12 1100 742 24 -6 0 51 55
1052 8 903 0 24 -12851 0 60 0
1053 12 742 903 -24 6 0 55 55
1054 12 609 742 -24 6 0 55 55
1055 8 903 0 -6 -12851 0 60 0
1056 8 903 0 -24 -12851 0 60 0
1057 12 742 609 -24 6 0 55 55
1058 8 903 0 -24 -12851 0 60 0
1059 12 742 903 24 -6 0 51 55
1060 8 500 0 6 -12851 0 55 0
1061 12 742 500 24 -6 0 55 55
1062 8 742 0 24 -12851 0 55 0
1063 8 903 0 6 -12851 0 60 0
1064 12 742 500 -24 6 0 51 51
1065 8 742 0 -24 -12851 0 60 0
1066 8 742 0 6 -12851 0 60 0
1067 8 609 0 24 -12851 0 55 0
1068 8 500 0 24 -12851 0 60 0
1069 8 1100 0 24 -12851 0 55 0
1070 12 742 1100 24 -6 0 51 55
1071 12 1100 742 24 -6 0 51 51
1072 12 609 742 24 -6 0 51 55
1073 8 1100 0 24 -12851 0 55 0
1074 12 1100 742 -24 6 0 55 51
1075 8 609 0 -6 -12851 0 55 0
1076 8 609 0 -24 -12851 0 60 0
1077 8 500 0 -6 -12851 0 55 0
1078 8 1100 0 6 -12851 0 60 0
1079 12 742 500 -24 6 0 51 55
1080 8 903 0 -6 -12851 0 60 0
1081 8 903 0 24 -12851 0 55 0
1082 12 742 903 -24 6 0 55 55
1083 12 500 742 24 -6 0 55 51
1084 12 742 903 -24 6 0 55 55
1085 12 742 500 -24 6 0 51 51
1086 8 903 0 -24 -12851 0 60 0
1087 12 609 742 24 -6 0 51 51
1088 12 742 1100 -24 6 0 55 51
1089 8 903 0 24 -12851 0 60 0
1090 8 742 0 24 -12851 0 55 0
1091 8 1100 0 -6 -12851 0 55 0
1092 8 1100 0 -6 -12851 0 55 0
1093 8 500 0 -6 -12851 0 60 0
1094 8 742 0 24 -12851 0 55 0
1095 8 1100 0 -24 -12851 0 55 0
1096 12 742 1100 24 -6 0 55 51
1097 8 500 0 6 -12851 0 55 0
1098 8 742 0 -6 -12851 0 55 0
1099 12 609 742 -24 6 0 55 55
1100 12 742 1100 -24 6 0 55 51
1101 8 609 0 24 -12851 0 60 0
1102 8 500 0 24 -12851 0 55 0
1103 8 609 0 -24 -12851 0 55 0
1104 8 609 0 -6 -12851 0 55 0
1105 8 742 0 -6 -12851 0 55 0
1106 12 609 742 24 -6 0 51 51
1107 12 500 742 24 -6 0 55 55
1108 12 1100 742 -24 6 0 51 51
1109 12 903 742 -24 6 0 51 51
1110 8 742 0 -24 -12851 0 55 0
1111 12 742 609 24 -6 0 55 55
1112 8 500 0 -6 -12851 0 60 0
1113 8 742 0 -24 -12851 0 55 0
1114 12 742 609 -24 6 0 51 55
1115 8 742 0 6 -12851 0 60 0
1116 12 1100 742 24 -6 0 51 55
1117 12 742 609 -24 6 0 55 51
1118 8 903 0 -6 -12851 0 55 0
1119 8 500 0 -24 -12851 0 55 0
1120 12 742 609 -24 6 0 55 55
1121 12 742 609 24 -6 0 51 51
1122 12 742 609 24 -6 0 51 55
1123 12 609 742 24 -6 0 51 55
1124 12 903 742 24 -6 0 55 51
1125 8 500 0 -6 -12851 0 55 0
1126 12 903 742 24 -6 0 51 51
1127 12 609 742 -24 6 0 55 55
1128 12 742 609 -24 6 0 55 55
1129 8 903 0 24 -12851 0 60 0
1130 12 500 742 24 -6 0 55 51
1131 8 903 0 24 -12851 0 60 0
1132 12 742 500 -24 6 0 55 55
1133 8 1100 0 -24 -12851 0 60 0
1134 8 1100 0 -6 -12851 0 55 0
1135 12 500 742 -24 6 0 51 51
1136 12 903 742 -24 6 0 51 55
1137 8 609 0 -6 -12851 0 55 0
1138 12 903 742 -24 6 0 51 55
1139 8 609 0 24 -12851 0 55 0
1140 8 609 0 -6 -12851 0 55 0
1141 12 609 742 -24 6 0 55 51
1142 12 609 742 24 -6 0 55 51
1143 12 609 742 -24 6 0 51 51
1144 12 609 742 24 -6 0 51 51
1145 12 609 742 24 -6 0 55 55
1146 8 1100 0 -6 -12851 0 60 0
1147 8 500 0 -6 -12851 0 55 0
1148 12 742 609 24 -6 0 51 55
1149 8 500 0 24 -12851 0 60 0
1150 8 609 0 6 -12851 0 60 0
1151 12 742 903 -24 6 0 55 55
1152 8 609 0 -24 -12851 0 55 0
1153 8 609 0 -24 -12851 0 60 0
1154 8 1100 0 24 -12851 0 55 0
1155 12 742 1100 -24 6 0 55 51
1156 8 903 0 24 -12851 0 60 0
1157 12 903 742 -24 6 0 55 51
1158 8 500 0 24 -12851 0 60 0
1159 12 742 903 -24 6 0 51 51
1160 12 742 1100 24 -6 0 51 55
1161 8 903 0 6 -12851 0 60 0
1162 8 1100 0 24 -12851 0 60 0
1163 8 742 0 -24 -12851 0 60 0
1164 12 742 903 -24 6 0 51 51
1165 12 500 742 -24 6 0 55 55
1166 8 500 0 24 -12851 0 60 0
1167 12 742 1100 -24 6 0 55 55
1168 12 609 742 -24 6 0 55 55
1169 12 742 609 24 -6 0 55 51
1170 8 742 0 6 -12851 0 60 0
1171 8 1100 0 -24 -12851 0 55 0
1172 8 903 0 24 -12851 0 55 0
1173 12 1100 742 24 -6 0 55 55
1174 12 609 742 -24 6 0 55 55
1175 8 742 0 -24 -12851 0 55 0
1176 12 609 742 -24 6 0 51 55
1177 8 609 0 -6 -12851 0 60 0
1178 12 609 742 24 -6 0 51 51
1179 8 609 0 24 -12851 0 60 0
1180 12 609 742 24 -6 0 55 51
1181 12 742 500 -24 6 0 51 55
1182 12 742 1100 -24 6 0 51 55
1183 12 903 742 24 -6 0 51 51
1184 12 742 500 -24 6 0 51 51
1185 12 742 500 -24 6 0 55 51
1186 12 609 742 24 -6 0 55 51
1187 8 1100 0 -24 -12851 0 55 0
1188 12 742 609 24 -6 0 55 51
1189 12 609 742 -24 6 0 51 51
1190 8 500 0 -24 -12851 0 55 0
1191 12 1100 742 24 -6 0 55 51
1192 12 742 500 -24 6 0 51 51
1193 12 742 1100 -24 6 0 55 51
1194 12 609 742 -24 6 0 55 51
1195 12 742 500 24 -6 0 55 51
1196 8 903 0 6 -12851 0 55 0
1197 8 903 0 -24 -12851 0 55 0
1198 8 500 0 -24 -12851 0 60 0
1199 8 500 0 -24 -12851 0 55 0
1200 12 609 742 24 -6 0 51 55
1201 12 742 903 -24 6 0 51 51
1202 12 500 742 24 -6 0 51 55
1203 12 742 609 -24 6 0 55 51
1204 12 742 1100 24 -6 0 55 51
1205 12 742 903 -24 6 0 51 51
1206 12 903 742 24 -6 0 55 51
1207 8 609 0 -24 -12851 0 60 0
1208 12 903 742 -24 6 0 51 51
1209 12 1100 742 -24 6 0 51 51
1210 8 903 0 24 -12851 0 55 0
1211 12 903 742 -24 6 0 55 55
1212 12 742 500 24 -6 0 55 51
1213 12 742 903 -24 6 0 51 51
1214 12 500 742 -24 6 0 55 51
1215 8 742 0 -24 -12851 0 55 0
1216 12 742 903 24 -6 0 55 55
1217 12 903 742 24 -6 0 55 55
1218 8 742 0 -6 -12851 0 55 0
1219 8 742 0 -24 -12851 0 55 0
1220 12 609 742 -24 6 0 51 55
1221 8 609 0 6 -12851 0 55 0
1222 8 1100 0 24 -12851 0 60 0
1223 8 1100 0 24 -12851 0 60 0
1224 8 1100 0 -6 -12851 0 60 0
1225 12 903 742 -24 6 0 51 55
1226 8 1100 0 -6 -12851 0 55 0
1227 12 742 500 -24 6 0 51 51
1228 8 609 0 -24 -12851 0 60 0
1229 12 500 742 24 -6 0 51 55
1230 8 500 0 -24 -12851 0 55 0
1231 8 903 0 -24 -12851 0 60 0
1232 8 1100 0 24 -12851 0 55 0
1233 12 742 609 -24 6 0 51 55
1234 12 742 609 24 -6 0 51 51
1235 12 742 903 -24 6 0 51 51
1236 12 1100 742 -24 6 0 55 51
1237 8 742 0 -6 -12851 0 55 0
1238 12 903 742 -24 6 0 51 51
1239 12 903 742 -24 6 0 55 55
1240 12 609 742 24 -6 0 55 51
1241 12 500 742 -24 6 0 55 51
1242 8 1100 0 -6 -12851 0 55 0
1243 8 903 0 6 -12851 0 60 0
1244 8 500 0 24 -12851 0 55 0
1245 12 500 742 24 -6 0 51 55
1246 12 742 500 24 -6 0 55 51
1247 12 742 903 -24 6 0 51 51
1248 12 1100 742 -24 6 0 51 55
1249 8 742 0 -6 -12851 0 55 0
1250 12 742 1100 -24 6 0 55 55
1251 8 609 0 -24 -12851 0 60 0
1252 12 742 500 -24 6 0 51 51
1253 8 903 0 -6 -12851 0 60 0
1254 8 500 0 6 -12851 0 55 0
1255 8 742 0 6 -12851 0 60 0
1256 8 609 0 -6 -12851 0 60 0
1257 8 903 0 6 -12851 0 60 0
1258 8 903 0 -6 -12851 0 55 0
1259 8 903 0 -6 -12851 0 60 0
1260 8 1100 0 -24 -12851 0 60 0
1261 8 500 0 -6 -12851 0 60 0
1262 8 500 0 -6 -12851 0 55 0
1263 8 500 0 -24 -12851 0 60 0
1264 8 742 0 24 -12851 0 60 0
1265 12 742 1100 24 -6 0 55 55
1266 12 609 742 -24 6 0 55 55
1267 8 742 0 6 -12851 0 55 0
1268 8 903 0 24 -12851 0 60 0
1269 12 742 609 -24 6 0 51 55
1270 12 742 500 24 -6 0 51 51
1271 8 742 0 6 -12851 0 60 0
1272 8 1100 0 6 -12851 0 55 0
1273 8 1100 0 6 -12851 0 55 0
1274 8 609 0 -24 -12851 0 60 0
1275 8 609 0 -6 -12851 0 55 0
1276 8 609 0 24 -12851 0 55 0
1277 8 609 0 -6 -12851 0 60 0
1278 12 500 742 24 -6 0 55 55
1279 8 609 0 -6 -12851 0 55 0
1280 12 500 742 -24 6 0 51 55
1281 8 609 0 24 -12851 0 60 0
1282 8 1100 0 6 -12851 0 55 0
1283 12 609 742 24 -6 0 51 55
1284 8 609 0 -24 -12851 0 60 0
1285 8 903 0 24 -12851 0 55 0
1286 8 500 0 24 -12851 0 55 0
1287 8 500 0 -24 -12851 0 55 0
1288 12 742 903 -24 6 0 55 55
1289 8 742 0 24 -12851 0 55 0
1290 8 500 0 -24 -12851 0 55 0
1291 12 1100 742 24 -6 0 55 55
1292 8 1100 0 24 -12851 0 55 0
1293 8 1100 0 24 -12851 0 60 0
1294 8 742 0 -6 -12851 0 60 0
1295 12 903 742 24 -6 0 51 55
1296 8 742 0 6 -12851 0 60 0
1297 8 903 0 24 -12851 0 55 0
1298 8 903 0 -24 -12851 0 55 0
1299 12 903 742 24 -6 0 51 55
1300 12 903 742 -24 6 0 55 55
1301 8 500 0 6 -12851 0 60 0
1302 12 903 742 24 -6 0 55 51
1303 8 500 0 6 -12851 0 60 0
1304 12 742 1100 -24 6 0 55 55
1305 12 1100 742 24 -6 0 51 55
1306 8 500 0 -6 -12851 0 60 0
1307 12 609 742 -24 6 0 51 51
1308 12 742 500 24 -6 0 55 55
1309 8 903 0 -24 -12851 0 55 0
1310 8 500 0 6 -12851 0 55 0
1311 12 742 903 -24 6 0 51 51
1312 8 742 0 -6 -12851 1 60 0
1313 12 742 609 -24 6 1 55 55
1314 8 742 0 24 -12851 1 60 0
1315 8 903 0 6 -12851 0 55 0
1316 8 742 0 6 -12851 0 60 0
1317 8 609 0 24 -12851 1 55 0
1318 8 609 0 6 -12851 1 60 0
1319 8 609 0 6 -12851 0 60 0
1320 12 742 500 -24 6 0 55 51
1321 12 742 1100 -24 6 1 55 51
1322 8 903 0 -24 -12851 1 60 0
1323 12 742 1100 -24 6 1 51 55
1324 12 500 742 -24 6 0 51 51
1325 12 742 609 24 -6 0 55 55
1326 8 1100 0 -24 -12851 0 55 0
1327 12 742 1100 24 -6 0 55 51
1328 12 742 903 -24 6 1 51 55
1329 12 903 742 24 -6 1 51 55
1330 12 1100 742 24 -6 1 55 55
1331 8 1100 0 6 -12851 0 60 0
1332 8 1100 0 -24 -12851 1 55 0
1333 8 742 0 6 -12851 0 55 0
1334 8 742 0 -6 -12851 1 55 0
1335 8 1100 0 -24 -12851 1 60 0
1336 8 609 0 -6 -12851 0 60 0
1337 12 742 609 -24 6 1 51 51
1338 12 609 742 -24 6 1 51 55
1339 8 742 0 -6 -12851 1 55 0
1340 8 903 0 24 -12851 1 55 0
1341 8 1100 0 24 -12851 1 55 0
1342 12 742 500 24 -6 1 51 51
1343 12 742 1100 -24 6 1 51 51
1344 8 903 0 -24 -12851 1 60 0
1345 12 500 742 -24 6 1 55 51
1346 8 609 0 24 -12851 1 60 0
1347 8 903 0 -6 -12851 1 60 0
1348 8 500 0 -24 -12851 1 55 0
1349 12 903 742 24 -6 1 55 55
1350 8 1100 0 6 -12851 1 55 0
1351 12 742 500 -24 6 1 51 51
1352 8 500 0 24 -12851 1 60 0
1353 12 609 742 24 -6 0 55 51
1354 8 742 0 24 -12851 1 60 0
1355 8 500 0 -24 -12851 1 55 0
1356 8 609 0 24 -12851 0 60 0
1357 12 500 742 -24 6 1 55 55
1358 12 609 742 24 -6 1 51 51
1359 8 742 0 24 -12851 1 55 0
1360 12 742 903 24 -6 0 55 51
1361 8 742 0 -24 -12851 1 55 0
1362 12 903 742 24 -6 1 55 55
1363 12 500 742 -24 6 1 51 51
1364 12 903 742 24 -6 1 55 55
1365 8 609 0 24 -12851 1 60 0
1366 12 742 609 24 -6 1 55 55
1367 8 609 0 -24 -12851 1 60 0
1368 8 742 0 24 -12851 1 60 0
1369 8 903 0 24 -12851 1 55 0
1370 8 500 0 24 -12851 0 55 0
1371 8 1100 0 6 -12851 0 60 0
1372 8 1100 0 24 -12851 1 55 0
1373 8 742 0 24 -12851 1 55 0
1374 12 500 742 24 -6 1 55 51
1375 8 903 0 -6 -12851 1 55 0
1376 12 742 903 -24 6 0 51 55
1377 12 742 500 24 -6 0 51 55
1378 8 500 0 -24 -12851 0 55 0
1379 8 1100 0 -6 -12851 1 55 0
1380 8 500 0 6 -12851 1 55 0
1381 12 1100 742 -24 6 1 51 51
1382 12 742 1100 -24 6 1 51 55
1383 12 742 609 24 -6 1 55 51
1384 8 903 0 -6 -12851 0 55 0
1385 12 742 500 24 -6 0 51 51
1386 12 609 742 -24 6 0 55 51
1387 8 609 0 -24 -12851 1 60 0
1388 8 903 0 -24 -12851 0 55 0
1389 8 903 0 24 -12851 1 55 0
1390 8 609 0 -24 -12851 0 55 0
1391 8 742 0 -6 -12851 1 55 0
1392 12 500 742 24 -6 0 55 55
1393 12 1100 742 24 -6 0 55 55
1394 8 500 0 6 -12851 1 55 0
1395 8 903 0 -24 -12851 1 60 0
1396 12 742 1100 -24 6 1 55 55
1397 12 903 742 24 -6 1 51 51
1398 12 500 742 24 -6 1 51 55
1399 12 742 903 -24 6 1 51 55
1400 8 903 0 24 -12851 1 60 0
1401 8 1100 0 6 -12851 1 60 0
1402 8 742 0 -24 -12851 0 60 0
1403 8 609 0 24 -12851 1 55 0
1404 8 1100 0 -6 -12851 0 55 0
1405 12 903 742 -24 6 1 55 51
1406 12 609 742 24 -6 1 51 55
1407 8 1100 0 24 -12851 1 60 0
1408 8 500 0 6 -12851 1 55 0
1409 12 742 1100 24 -6 1 51 51
1410 8 500 0 24 -12851 1 60 0
1411 8 609 0 -24 -12851 1 55 0
1412 8 742 0 6 -12851 1 60 0
1413 8 1100 0 -24 -12851 1 60 0
1414 12 742 903 -24 6 0 51 51
1415 8 1100 0 24 -12851 1 60 0
1416 12 742 1100 24 -6 0 55 51
1417 8 903 0 -6 -12851 0 60 0
1418 12 742 1100 24 -6 0 55 51
1419 12 1100 742 -24 6 1 55 55
1420 8 500 0 -6 -12851 0 55 0
1421 12 742 1100 -24 6 0 55 55
1422 8 1100 0 -24 -12851 0 60 0
1423 12 742 500 -24 6 0 55 51
1424 12 742 609 24 -6 1 55 51
1425 8 1100 0 6 -12851 0 55 0
1426 12 742 500 24 -6 1 55 55
1427 12 742 903 24 -6 1 51 51
1428 12 742 903 -24 6 1 51 55
1429 12 609 742 -24 6 0 55 51
1430 12 500 742 -24 6 1 51 55
1431 12 742 903 -24 6 0 55 55
1432 12 742 903 -24 6 1 55 55
1433 12 742 1100 -24 6 0 51 51
1434 12 742 903 24 -6 0 51 51
1435 8 742 0 6 -12851 0 60 0
1436 8 742 0 -6 -12851 0 55 0
1437 12 742 903 -24 6 0 51 55
1438 12 742 903 24 -6 0 51 51
1439 8 500 0 -24 -12851 0 60 0
1440 8 500 0 -6 -12851 1 60 0
1441 12 742 1100 24 -6 1 51 51
1442 12 742 903 -24 6 1 51 51
1443 12 1100 742 -24 6 0 51 51
1444 8 609 0 -24 -12851 0 55 0
1445 12 742 609 24 -6 0 55 55
1446 12 903 742 24 -6 0 51 51
1447 8 609 0 24 -12851 0 55 0
1448 8 609 0 24 -12851 0 55 0
1449 12 500 742 24 -6 0 55 55
1450 12 742 609 -24 6 1 55 55
1451 12 1100 742 -24 6 1 55 51
1452 8 742 0 24 -12851 0 55 0
1453 12 742 903 24 -6 0 55 55
1454 8 903 0 6 -12851 1 60 0
1455 12 609 742 -24 6 0 55 55
1456 8 903 0 24 -12851 0 60 0
1457 8 609 0 -6 -12851 0 60 0
1458 12 609 742 -24 6 1 55 51
1459 12 903 742 -24 6 0 55 51
1460 12 742 500 -24 6 1 55 55
1461 12 742 500 24 -6 1 55 51
1462 12 903 742 24 -6 0 51 51
1463 8 609 0 -6 -12851 1 60 0
1464 8 1100 0 -24 -12851 1 60 0
1465 12 742 903 24 -6 1 51 51
1466 12 742 1100 -24 6 0 55 51
1467 12 742 609 24 -6 1 55 51
1468 8 609 0 6 -12851 1 60 0
1469 12 903 742 24 -6 1 55 55
1470 12 903 742 24 -6 0 55 51
1471 8 903 0 24 -12851 1 55 0
1472 12 742 500 24 -6 0 55 51
1473 12 742 500 -24 6 0 51 55
1474 12 1100 742 24 -6 0 51 55
1475 12 609 742 24 -6 0 55 55
1476 12 500 742 24 -6 0 51 55
1477 8 500 0 -24 -12851 0 60 0
1478 12 742 500 24 -6 0 55 55
1479 8 742 0 24 -12851 0 55 0
1480 12 742 1100 -24 6 0 51 55
1481 12 609 742 24 -6 0 51 51
1482 12 742 500 24 -6 0 51 55
1483 8 903 0 -6 -12851 1 60 0
1484 12 609 742 -24 6 0 51 55
1485 8 1100 0 -24 -12851 0 60 0
1486 8 742 0 24 -12851 1 55 0
1487 12 903 742 24 -6 1 55 51
1488 8 742 0 24 -12851 1 55 0
1489 8 903 0 -24 -12851 1 60 0
1490 12 609 742 24 -6 1 55 51
1491 8 500 0 -6 -12851 0 55 0
1492 12 1100 742 24 -6 0 51 51
1493 12 609 742 -24 6 0 55 51
1494 12 903 742 24 -6 0 51 51
1495 12 742 609 24 -6 0 51 51
1496 8 1100 0 -6 -12851 1 60 0
1497 12 742 500 -24 6 0 55 55
1498 12 500 742 24 -6 1 55 55
1499 12 903 742 -24 6 1 55 55
1500 12 742 609 24 -6 1 51 55
1501 12 609 742 24 -6 1 51 55
1502 8 500 0 24 -12851 1 60 0
1503 12 500 742 24 -6 1 51 51
1504 8 609 0 6 -12851 1 60 0
1505 12 609 742 24 -6 1 51 55
1506 12 1100 742 -24 6 1 55 55
1507 8 903 0 -24 -12851 1 55 0
1508 8 903 0 -24 -12851 1 60 0
1509 12 742 903 -24 6 0 51 55
1510 8 500 0 -24 -12851 1 55 0
1511 8 903 0 6 -12851 1 60 0
1512 8 500 0 6 -12851 1 55 0
1513 8 609 0 -24 -12851 1 55 0
1514 8 500 0 -6 -12851 1 55 0
1515 8 903 0 24 -12851 1 60 0
1516 12 500 742 -24 6 1 51 55
1517 8 1100 0 24 -12851 1 60 0
1518 12 609 742 24 -6 1 51 51
1519 12 500 742 -24 6 1 55 51
1520 12 742 1100 24 -6 1 55 55
1521 8 742 0 24 -12851 0 60 0
1522 8 609 0 6 -12851 0 60 0
1523 8 742 0 24 -12851 1 60 0
1524 12 742 903 24 -6 1 55 51
1525 8 1100 0 24 -12851 0 55 0
1526 12 1100 742 24 -6 1 51 51
1527 12 609 742 -24 6 1 55 51
1528 8 609 0 24 -12851 1 60 0
1529 8 1100 0 -6 -12851 1 55 0
1530 8 742 0 24 -12851 1 55 0
1531 8 742 0 -24 -12851 0 55 0
1532 8 742 0 24 -12851 0 60 0
1533 12 742 1100 24 -6 0 51 55
1534 8 500 0 -6 -12851 1 60 0
1535 12 742 609 24 -6 0 55 51
1536 8 500 0 6 -12851 1 55 0
1537 12 903 742 -24 6 1 55 51
1538 12 742 500 24 -6 0 55 51
1539 8 500 0 24 -12851 1 55 0
1540 12 742 500 24 -6 1 55 55
1541 12 742 903 -24 6 1 55 55
1542 8 609 0 -24 -12851 1 55 0
1543 12 609 742 24 -6 1 51 55
1544 12 1100 742 24 -6 1 55 51
1545 8 742 0 6 -12851 1 55 0
1546 8 609 0 -6 -12851 1 60 0
1547 8 1100 0 -24 -12851 1 60 0
1548 8 609 0 -24 -12851 1 55 0
1549 8 903 0 -6 -12851 0 60 0
1550 8 903 0 24 -12851 1 55 0
1551 12 609 742 -24 6 1 55 55
1552 12 742 903 24 -6 0 55 55
1553 8 903 0 -6 -12851 0 55 0
1554 8 742 0 -24 -12851 1 60 0
1555 12 903 742 24 -6 1 51 51
1556 8 1100 0 -24 -12851 1 55 0
1557 12 609 742 -24 6 1 51 55
1558 12 500 742 -24 6 1 55 55
1559 8 1100 0 6 -12851 1 60 0
1560 8 742 0 24 -12851 1 55 0
1561 8 742 0 -24 -12851 0 55 0
1562 8 500 0 -6 -12851 0 55 0
1563 8 742 0 6 -12851 0 55 0
1564 12 1100 742 24 -6 0 51 55
1565 12 742 903 24 -6 1 55 55
1566 8 1100 0 6 -12851 0 55 0
1567 8 1100 0 -24 -12851 1 60 0
1568 12 903 742 -24 6 1 55 51
1569 12 742 1100 24 -6 1 51 51
1570 8 903 0 -24 -12851 1 60 0
1571 12 903 742 -24 6 1 51 51
1572 12 742 1100 24 -6 0 55 51
1573 8 742 0 24 -12851 1 55 0
1574 12 609 742 -24 6 0 51 51
1575 8 500 0 -6 -12851 1 55 0
1576 12 500 742 24 -6 0 51 55
1577 8 903 0 6 -12851 1 55 0
1578 8 1100 0 6 -12851 1 60 0
1579 8 903 0 -24 -12851 1 60 0
1580 8 609 0 24 -12851 0 60 0
1581 8 500 0 6 -12851 1 55 0
1582 8 609 0 -24 -12851 0 60 0
1583 12 742 500 -24 6 1 55 55
1584 8 609 0 -6 -12851 0 60 0
1585 8 903 0 24 -12851 0 60 0
1586 12 742 609 -24 6 0 55 51
1587 8 903 0 24 -12851 0 60 0
1588 8 1100 0 -24 -12851 0 55 0
1589 12 742 903 24 -6 0 51 55
1590 8 903 0 -24 -12851 1 60 0
1591 8 500 0 6 -12851 0 55 0
1592 12 742 500 24 -6 1 51 55
1593 8 609 0 24 -12851 1 60 0
1594 12 500 742 -24 6 1 55 55
1595 8 742 0 -6 -12851 1 55 0
1596 8 903 0 6 -12851 1 55 0
1597 12 903 742 -24 6 0 55 55
1598 12 742 500 -24 6 0 55 55
1599 8 500 0 6 -12851 0 55 0
1600 12 742 609 24 -6 1 55 55
1601 12 1100 742 24 -6 0 51 51
1602 12 500 742 24 -6 0 51 55
