1707 12 742 500 24 -6 1 51 51
1708 8 903 0 -6 -12851 0 60 0
1709 12 1100 742 24 -6 0 51 55
1710 8 1100 0 6 -12851 0 55 0
1711 8 1100 0 -6 -12851 1 60 0
1712 8 742 0 -6 -12851 0 55 0
1713 12 742 1100 24 -6 0 51 51
1714 8 1100 0 -24 -12851 0 55 0
1715 8 742 0 6 -12851 1 60 0
1716 8 609 0 24 -12851 0 55 0
1717 12 1100 742 24 -6 0 55 55
1718 8 500 0 -24 -12851 1 55 0
1719 12 1100 742 -24 6 1 51 51
1720 12 742 500 -24 6 0 55 51
1721 12 903 742 24 -6 0 55 55
1722 12 742 1100 -24 6 0 51 51
1723 12 1100 742 -24 6 1 55 55
1724 8 903 0 -6 -12851 1 55 0
1725 8 742 0 -24 -12851 1 55 0
1726 8 609 0 -24 -12851 1 55 0
1727 12 500 742 24 -6 1 55 55
1728 8 500 0 24 -12851 1 55 0
1729 8 903 0 -24 -12851 0 60 0
1730 12 742 1100 -24 6 1 55 51
1731 12 500 742 -24 6 1 51 55
1732 8 609 0 6 -12851 0 55 0
1733 12 742 903 -24 6 1 51 51
1734 8 500 0 -24 -12851 1 55 0
1735 12 742 1100 24 -6 1 51 55
1736 12 1100 742 24 -6 1 55 55
1737 8 1100 0 24 -12851 0 60 0
1738 12 500 742 24 -6 1 51 55
1739 12 903 742 24 -6 1 55 51
1740 12 1100 742 -24 6 0 55 51
1741 8 1100 0 -24 -12851 0 60 0
1742 8 500 0 -24 -12851 1 55 0
1743 8 742 0 -24 -12851 1 60 0
1744 12 903 742 -24 6 0 51 51
1745 8 609 0 6 -12851 0 55 0
1746 12 742 1100 24 -6 1 51 55
1747 8 1100 0 -6 -12851 1 60 0
1748 12 742 903 24 -6 0 51 51
1749 12 742 903 -24 6 0 55 55
1750 8 742 0 6 -12851 0 60 0
1751 8 1100 0 -6 -12851 0 55 0
1752 12 609 742 -24 6 1 51 51
1753 12 500 742 -24 6 0 51 55
1754 8 742 0 24 -12851 1 55 0
1755 8 903 0 6 -12851 0 55 0
1756 8 903 0 6 -12851 1 60 0
1757 8 500 0 -6 -12851 1 55 0
1758 8 500 0 -24 -12851 1 60 0
1759 12 742 609 -24 6 0 51 55
1760 8 903 0 6 -12851 0 55 0
1761 12 742 500 -24 6 1 51 51
1762 8 609 0 24 -12851 1 60 0
1763 8 609 0 -24 -12851 0 60 0
1764 12 742 609 -24 6 1 51 51
1765 8 1100 0 24 -12851 1 55 0
1766 12 609 742 24 -6 1 55 55
1767 12 609 742 -24 6 1 55 51
1768 8 1100 0 -6 -12851 0 55 0
1769 8 500 0 24 -12851 1 60 0
1770 12 742 1100 -24 6 0 55 55
1771 12 500 742 -24 6 0 51 51
1772 8 903 0 -6 -12851 1 60 0
1773 12 742 1100 -24 6 0 55 55
1774 8 1100 0 24 -12851 1 55 0
1775 12 742 1100 -24 6 1 51 51
1776 12 742 903 24 -6 0 55 55
1777 12 742 500 24 -6 1 51 51
1778 12 742 1100 24 -6 0 55 51
1779 12 742 903 24 -6 0 55 51
1780 8 742 0 6 -12851 0 55 0
1781 12 742 500 24 -6 1 55 55
1782 8 609 0 -6 -12851 0 55 0
1783 8 609 0 24 -12851 0 60 0
1784 12 500 742 24 -6 1 51 51
1785 12 903 742 -24 6 0 55 51
1786 12 903 742 -24 6 1 55 51
1787 12 500 742 -24 6 0 51 55
1788 8 609 0 24 -12851 1 55 0
1789 8 1100 0 24 -12851 1 60 0
1790 8 742 0 -6 -12851 0 55 0
1791 8 742 0 24 -12851 0 60 0
1792 12 742 500 24 -6 0 51 51
1793 12 609 742 24 -6 1 51 55
1794 8 903 0 24 -12851 1 60 0
1795 12 609 742 -24 6 1 55 55
1796 8 903 0 6 -12851 1 60 0
1797 8 500 0 6 -12851 1 60 0
1798 12 742 500 -24 6 1 51 55
1799 12 500 742 24 -6 1 51 55
1800 8 500 0 -24 -12851 1 55 0
1801 8 500 0 24 -12851 1 60 0
1802 8 500 0 -6 -12851 0 55 0
1803 12 742 609 -24 6 1 55 51
1804 8 609 0 24 -12851 1 60 0
1805 8 1100 0 -6 -12851 1 60 0
1806 8 500 0 6 -12851 1 60 0
1807 12 742 903 24 -6 0 51 55
1808 12 742 1100 -24 6 0 51 51
1809 8 903 0 6 -12851 1 60 0
1810 12 742 1100 24 -6 0 55 55
1811 12 742 1100 -24 6 1 51 55
1812 8 903 0 -6 -12851 0 55 0
1813 12 500 742 24 -6 1 51 55
1814 12 742 1100 24 -6 1 55 55
1815 12 903 742 24 -6 1 55 51
1816 12 903 742 24 -6 1 55 55
1817 12 742 903 24 -6 1 51 51
1818 12 500 742 -24 6 0 55 55
1819 8 903 0 24 -12851 1 55 0
1820 8 1100 0 6 -12851 0 60 0
1821 12 500 742 -24 6 1 51 51
1822 12 1100 742 -24 6 1 55 51
1823 12 742 1100 24 -6 0 55 51
1824 12 903 742 24 -6 1 51 51
1825 12 903 742 -24 6 1 55 51
1826 12 742 609 -24 6 1 55 55
1827 12 742 903 24 -6 1 51 51
1828 12 742 1100 24 -6 1 55 51
1829 12 1100 742 24 -6 1 55 51
1830 8 1100 0 -24 -12851 1 55 0
1831 8 609 0 24 -12851 1 55 0
1832 12 500 742 24 -6 1 51 51
1833 8 609 0 6 -12851 0 60 0
1834 12 1100 742 24 -6 1 51 51
1835 8 500 0 6 -12851 0 60 0
1836 8 742 0 24 -12851 1 55 0
1837 8 742 0 -6 -12851 0 55 0
1838 8 742 0 -6 -12851 0 60 0
1839 8 903 0 -24 -12851 1 60 0
1840 12 742 903 24 -6 1 51 51
1841 12 609 742 -24 6 1 51 51
1842 8 903 0 24 -12851 1 60 0
1843 8 903 0 -6 -12851 0 60 0
1844 8 609 0 -6 -12851 1 55 0
1845 8 903 0 -24 -12851 1 55 0
1846 8 609 0 -24 -12851 0 60 0
1847 12 609 742 24 -6 0 51 51
1848 12 742 500 -24 6 1 51 51
1849 8 500 0 24 -12851 1 55 0
1850 12 609 742 -24 6 1 51 51
1851 12 742 1100 -24 6 1 55 51
1852 8 609 0 -6 -12851 0 55 0
1853 8 742 0 24 -12851 1 60 0
1854 8 742 0 -6 -12851 1 60 0
1855 12 742 500 24 -6 1 51 55
1856 8 1100 0 24 -12851 1 60 0
1857 8 500 0 -24 -12851 1 60 0
1858 8 742 0 6 -12851 0 60 0
1859 8 500 0 -24 -12851 1 60 0
1860 8 1100 0 -6 -12851 0 60 0
1861 12 742 609 24 -6 1 51 55
1862 12 742 1100 -24 6 0 51 51
1863 8 1100 0 -24 -12851 1 60 0
1864 12 1100 742 -24 6 1 51 55
1865 12 609 742 -24 6 0 51 51
1866 8 500 0 24 -12851 0 55 0
1867 12 742 609 24 -6 0 51 51
1868 12 1100 742 24 -6 1 55 55
1869 12 903 742 -24 6 1 51 55
1870 8 500 0 -6 -12851 0 60 0
1871 8 500 0 -24 -12851 0 55 0
1872 12 742 1100 24 -6 0 55 51
1873 12 742 1100 -24 6 1 55 55
1874 12 742 609 24 -6 1 55 51
1875 8 903 0 -6 -12851 1 60 0
1876 8 500 0 6 -12851 1 55 0
1877 12 1100 742 24 -6 0 55 51
1878 12 500 742 -24 6 1 55 51
1879 8 742 0 24 -12851 0 55 0
1880 8 742 0 24 -12851 1 60 0
1881 12 742 500 -24 6 1 51 51
1882 8 903 0 6 -12851 1 60 0
1883 12 742 609 24 -6 0 55 51
1884 8 742 0 24 -12851 1 55 0
1885 8 609 0 6 -12851 0 60 0
1886 8 609 0 -6 -12851 0 60 0
1887 12 903 742 24 -6 1 51 55
1888 8 609 0 6 -12851 1 55 0
1889 8 903 0 24 -12851 0 60 0
1890 12 903 742 24 -6 0 51 55
1891 12 609 742 -24 6 1 51 51
1892 12 1100 742 -24 6 1 51 51
1893 12 742 903 24 -6 1 55 55
1894 8 1100 0 -24 -12851 1 60 0
1895 12 903 742 24 -6 0 55 51
1896 12 500 742 -24 6 1 55 51
1897 8 1100 0 6 -12851 1 55 0
1898 12 1100 742 24 -6 1 55 55
1899 8 1100 0 24 -12851 0 55 0
1900 8 903 0 6 -12851 1 60 0
1901 8 903 0 -24 -12851 1 60 0
1902 8 609 0 -24 -12851 1 60 0
1903 8 903 0 6 -12851 1 60 0
1904 8 1100 0 -6 -12851 0 55 0
1905 12 742 500 24 -6 1 51 51
1906 8 903 0 24 -12851 1 60 0
1907 8 742 0 6 -12851 1 60 0
1908 8 500 0 6 -12851 1 55 0
1909 8 742 0 -24 -12851 1 60 0
1910 8 609 0 -6 -12851 0 60 0
1911 8 609 0 -6 -12851 1 55 0
1912 12 609 742 -24 6 1 55 55
1913 8 1100 0 6 -12851 1 55 0
1914 12 903 742 -24 6 1 55 51
1915 12 609 742 24 -6 1 55 55
1916 8 500 0 24 -12851 0 60 0
1917 12 742 903 24 -6 0 55 55
1918 8 500 0 24 -12851 1 55 0
1919 12 903 742 -24 6 1 55 51
1920 8 1100 0 -6 -12851 1 55 0
1921 8 742 0 6 -12851 0 55 0
1922 8 903 0 24 -12851 1 55 0
1923 8 903 0 6 -12851 0 55 0
1924 12 903 742 -24 6 0 55 51
1925 8 903 0 24 -12851 0 60 0
1926 8 903 0 -24 -12851 1 60 0
1927 8 742 0 6 -12851 1 60 0
1928 12 742 903 -24 6 1 55 55
1929 8 1100 0 24 -12851 1 60 0
1930 12 903 742 24 -6 1 51 51
1931 12 742 609 24 -6 0 51 55
1932 8 1100 0 6 -12851 1 55 0
1933 12 742 903 24 -6 1 55 51
1934 8 500 0 -24 -12851 1 55 0
1935 8 742 0 6 -12851 1 55 0
1936 12 500 742 24 -6 1 55 55
1937 12 500 742 24 -6 0 55 51
1938 8 1100 0 -24 -12851 1 55 0
1939 12 742 500 -24 6 1 55 55
1940 8 500 0 -6 -12851 0 55 0
1941 8 742 0 24 -12851 1 60 0
1942 8 609 0 -24 -12851 1 60 0
1943 8 500 0 6 -12851 0 60 0
1944 8 609 0 -6 -12851 0 60 0
1945 8 609 0 24 -12851 1 60 0
1946 8 1100 0 -24 -12851 1 55 0
1947 12 742 1100 24 -6 0 51 55
1948 8 1100 0 24 -12851 0 55 0
1949 8 609 0 6 -12851 0 55 0
1950 12 742 1100 -24 6 1 51 51
1951 8 500 0 -24 -12851 1 55 0
1952 12 742 1100 -24 6 0 55 51
1953 8 903 0 24 -12851 0 55 0
1954 12 609 742 -24 6 0 51 55
1955 12 609 742 24 -6 1 51 51
1956 12 742 903 -24 6 1 55 51
1957 12 742 903 24 -6 1 51 55
1958 12 742 500 -24 6 0 51 51
1959 8 1100 0 -6 -12851 0 55 0
1960 12 609 742 -24 6 1 55 51
1961 8 742 0 -6 -12851 0 55 0
1962 8 1100 0 24 -12851 0 60 0
1963 8 903 0 -6 -12851 0 55 0
1964 12 742 903 24 -6 0 51 55
1965 8 500 0 -24 -12851 1 55 0
1966 12 903 742 -24 6 1 55 55
1967 12 742 609 -24 6 0 51 51
1968 12 742 903 24 -6 0 51 51
1969 12 742 609 24 -6 0 51 55
1970 12 500 742 24 -6 1 51 51
1971 12 742 1100 24 -6 1 55 51
1972 12 742 1100 24 -6 0 55 51
1973 8 742 0 -24 -12851 1 55 0
1974 8 609 0 -24 -12851 1 60 0
1975 12 903 742 24 -6 1 55 55
1976 12 742 903 24 -6 0 51 51
1977 12 742 1100 24 -6 1 55 55
1978 12 742 609 24 -6 1 51 55
1979 8 903 0 -6 -12851 0 60 0
1980 8 500 0 6 -12851 1 60 0
1981 12 903 742 24 -6 0 51 55
1982 12 609 742 24 -6 1 51 51
1983 8 742 0 6 -12851 1 55 0
1984 8 609 0 6 -12851 1 55 0
1985 12 903 742 24 -6 0 51 51
1986 8 903 0 -24 -12851 0 55 0
1987 8 903 0 -6 -12851 0 60 0
1988 8 903 0 -6 -12851 1 55 0
1989 8 903 0 6 -12851 0 55 0
1990 12 742 903 -24 6 1 55 55
1991 12 742 903 -24 6 1 55 55
1992 12 500 742 -24 6 1 55 51
1993 8 500 0 -6 -12851 1 55 0
1994 12 1100 742 -24 6 1 51 51
1995 12 1100 742 -24 6 1 51 51
1996 8 742 0 6 -12851 1 60 0
1997 12 500 742 24 -6 0 51 55
1998 8 742 0 -6 -12851 1 55 0
1999 12 742 903 -24 6 0 55 55
2000 12 742 500 -24 6 1 51 51
2001 12 903 742 -24 6 1 51 55
2002 12 742 1100 -24 6 0 55 55
2003 8 742 0 6 -12851 0 55 0
2004 12 500 742 24 -6 1 55 51
2005 8 1100 0 -24 -12851 1 60 0
2006 12 609 742 -24 6 1 55 55
2007 12 1100 742 -24 6 1 51 55
2008 8 500 0 -6 -12851 1 60 0
2009 12 1100 742 24 -6 0 51 51
2010 8 1100 0 6 -12851 0 60 0
2011 8 1100 0 -6 -12851 0 55 0
2012 8 609 0 -24 -12851 1 60 0
2013 8 500 0 24 -12851 1 60 0
2014 8 609 0 -6 -12851 0 60 0
2015 8 609 0 24 -12851 0 60 0
2016 8 609 0 -6 -12851 0 60 0
2017 8 609 0 -24 -12851 0 55 0
2018 12 903 742 -24 6 0 55 55
2019 8 609 0 -6 -12851 0 55 0
2020 8 742 0 6 -12851 0 55 0
2021 8 903 0 6 -12851 0 55 0
2022 8 742 0 6 -12851 1 55 0
2023 12 742 609 -24 6 1 55 51
2024 12 903 742 24 -6 0 51 55
2025 12 1100 742 -24 6 1 55 51
2026 8 1100 0 -24 -12851 1 60 0
2027 8 1100 0 6 -12851 1 55 0
2028 8 500 0 24 -12851 1 55 0
2029 12 742 609 -24 6 1 55 51
2030 8 1100 0 24 -12851 1 60 0
2031 12 742 500 -24 6 1 55 55
2032 8 500 0 24 -12851 0 55 0
2033 8 903 0 -6 -12851 0 60 0
2034 12 500 742 -24 6 1 51 51
2035 8 500 0 -6 -12851 1 55 0
2036 8 742 0 -6 -12851 0 60 0
2037 12 742 500 24 -6 1 51 51
2038 8 609 0 -24 -12851 1 60 0
2039 12 1100 742 24 -6 1 55 55
2040 8 903 0 24 -12851 1 55 0
2041 12 903 742 -24 6 1 55 51
2042 12 903 742 24 -6 1 55 51
2043 12 742 609 24 -6 0 55 55
2044 12 903 742 -24 6 1 51 51
2045 12 742 500 24 -6 0 55 51
2046 8 1100 0 24 -12851 0 60 0
2047 12 903 742 24 -6 1 51 51
2048 8 1100 0 24 -12851 0 55 0
2049 12 742 903 24 -6 1 55 51
2050 12 742 500 -24 6 0 51 51
2051 12 742 1100 24 -6 0 55 55
2052 8 609 0 6 -12851 1 55 0
2053 12 903 742 -24 6 1 55 51
2054 12 742 903 -24 6 1 55 55
2055 8 500 0 6 -12851 1 55 0
2056 8 903 0 -24 -12851 1 55 0
2057 12 500 742 -24 6 1 51 51
2058 12 1100 742 -24 6 1 51 55
2059 8 1100 0 24 -12851 1 60 0
2060 8 742 0 24 -12851 1 55 0
2061 12 500 742 -24 6 1 51 51
2062 8 1100 0 -24 -12851 0 60 0
2063 12 742 500 -24 6 0 55 51
2064 8 903 0 -6 -12851 0 55 0
2065 8 500 0 -6 -12851 1 55 0
2066 12 742 1100 -24 6 1 55 51
2067 8 742 0 -24 -12851 1 60 0
2068 8 609 0 24 -12851 1 60 0
2069 8 903 0 -24 -12851 1 60 0
2070 12 742 1100 -24 6 1 51 55
2071 8 500 0 24 -12851 1 55 0
2072 8 742 0 -6 -12851 1 55 0
2073 8 609 0 -24 -12851 0 55 0
2074 12 742 1100 24 -6 1 51 51
2075 12 742 1100 -24 6 0 55 55
2076 12 742 609 -24 6 1 51 51
2077 12 903 742 24 -6 0 55 55
2078 12 500 742 24 -6 0 55 55
2079 12 903 742 24 -6 1 51 55
2080 8 903 0 -24 -12851 1 55 0
2081 12 500 742 -24 6 0 51 55
2082 8 903 0 -6 -12851 0 60 0
2083 8 903 0 -24 -12851 1 55 0
2084 8 903 0 -6 -12851 1 55 0
2085 8 742 0 6 -12851 1 55 0
2086 12 742 1100 24 -6 0 55 55
2087 8 1100 0 24 -12851 0 60 0
2088 12 609 742 -24 6 0 51 51
2089 12 742 500 24 -6 1 51 55
2090 8 1100 0 -6 -12851 1 60 0
2091 8 500 0 6 -12851 1 60 0
2092 12 742 903 24 -6 0 51 51
2093 8 742 0 -24 -12851 1 60 0
2094 8 1100 0 -6 -12851 0 60 0
2095 12 1100 742 24 -6 1 55 51
2096 8 500 0 24 -12851 1 55 0
2097 12 500 742 -24 6 1 55 51
2098 12 742 500 -24 6 1 51 51
2099 8 742 0 24 -12851 1 60 0
2100 12 742 1100 24 -6 1 51 51
2101 8 609 0 -6 -12851 1 60 0
2102 12 742 1100 24 -6 0 51 55
2103 8 500 0 -24 -12851 1 60 0
2104 8 609 0 24 -12851 0 60 0
2105 12 609 742 24 -6 0 51 51
2106 12 742 609 24 -6 0 51 51
2107 12 742 609 24 -6 1 51 55
2108 12 500 742 -24 6 1 51 55
2109 8 609 0 -6 -12851 0 55 0
2110 12 742 609 24 -6 1 51 55
2111 8 742 0 -24 -12851 1 55 0
2112 8 742 0 -24 -12851 1 60 0
2113 8 609 0 6 -12851 1 60 0
2114 12 742 1100 24 -6 1 51 55
2115 8 742 0 -6 -12851 0 55 0
2116 8 609 0 6 -12851 1 55 0
2117 12 742 1100 -24 6 1 55 55
2118 8 903 0 24 -12851 0 55 0
2119 12 742 609 -24 6 1 55 55
2120 12 903 742 -24 6 1 51 51
2121 8 609 0 -24 -12851 1 55 0
2122 8 500 0 -24 -12851 1 60 0
2123 8 500 0 24 -12851 0 60 0
2124 12 500 742 -24 6 0 55 55
2125 12 742 500 24 -6 0 51 55
2126 12 1100 742 -24 6 0 55 55
2127 8 742 0 -6 -12851 0 55 0
2128 12 742 1100 -24 6 0 51 55
2129 12 742 500 24 -6 1 55 55
2130 12 609 742 24 -6 1 55 51
2131 8 1100 0 24 -12851 0 55 0
2132 8 903 0 -24 -12851 0 55 0
2133 12 1100 742 -24 6 1 55 51
2134 12 742 1100 24 -6 0 55 51
2135 12 742 1100 24 -6 0 55 55
2136 8 1100 0 24 -12851 1 60 0
2137 8 903 0 24 -12851 1 55 0
2138 8 500 0 -6 -12851 0 55 0
2139 12 742 500 24 -6 0 55 51
2140 8 1100 0 6 -12851 1 60 0
2141 8 609 0 24 -12851 0 55 0
2142 8 609 0 6 -12851 0 60 0
2143 8 500 0 -24 -12851 0 60 0
2144 8 609 0 -24 -12851 0 55 0
2145 12 1100 742 24 -6 0 55 55
2146 12 742 1100 -24 6 0 51 55
2147 12 1100 742 24 -6 0 55 51
2148 12 500 742 24 -6 0 51 51
2149 12 742 903 -24 6 0 55 51
2150 12 742 903 24 -6 0 51 55
2151 8 1100 0 24 -12851 0 55 0
2152 8 609 0 24 -12851 0 60 0
2153 8 1100 0 24 -12851 0 60 0
2154 12 742 903 24 -6 0 55 51
2155 12 1100 742 24 -6 0 55 51
2156 8 903 0 -6 -12851 0 55 0
2157 12 742 903 24 -6 0 55 55
2158 12 742 500 -24 6 0 51 55
2159 12 742 903 -24 6 0 55 51
2160 12 742 609 -24 6 0 55 51
2161 12 500 742 -24 6 0 55 55
2162 8 500 0 -24 -12851 0 55 0
2163 8 903 0 -6 -12851 0 60 0
2164 12 742 500 -24 6 0 51 51
2165 8 1100 0 24 -12851 0 55 0
2166 12 742 903 -24 6 0 55 55
2167 12 742 500 24 -6 0 51 55
2168 12 742 609 24 -6 0 51 55
2169 12 742 903 -24 6 0 55 55
2170 12 742 1100 24 -6 0 55 51
2171 12 1100 742 -24 6 0 51 55
2172 8 742 0 6 -12851 0 55 0
2173 8 500 0 6 -12851 0 60 0
2174 8 742 0 6 -12851 0 55 0
2175 12 500 742 -24 6 0 51 51
2176 8 742 0 6 -12851 0 55 0
2177 8 903 0 24 -12851 0 60 0
2178 8 1100 0 24 -12851 0 60 0
2179 12 742 1100 24 -6 0 55 51
2180 12 500 742 24 -6 0 51 51
2181 12 1100 742 -24 6 0 51 55
2182 8 1100 0 6 -12851 0 60 0
2183 12 500 742 24 -6 0 51 51
2184 8 903 0 -6 -12851 0 55 0
2185 8 500 0 6 -12851 0 60 0
2186 12 903 742 -24 6 0 55 51
2187 8 1100 0 -24 -12851 0 55 0
2188 8 742 0 -24 -12851 0 55 0
2189 12 609 742 24 -6 0 55 51
2190 12 742 500 -24 6 0 51 51
2191 8 1100 0 -24 -12851 0 60 0
2192 8 903 0 24 -12851 0 60 0
2193 8 742 0 6 -12851 0 55 0
2194 12 742 1100 -24 6 0 55 51
2195 12 903 742 24 -6 0 51 55
2196 12 903 742 -24 6 0 55 51
2197 8 742 0 -24 -12851 0 55 0
2198 8 500 0 -6 -12851 0 60 0
2199 8 500 0 -6 -12851 0 60 0
2200 8 609 0 -24 -12851 0 60 0
2201 8 609 0 -6 -12851 0 55 0
2202 12 500 742 -24 6 0 51 51
2203 12 500 742 -24 6 0 55 55
2204 8 609 0 -6 -12851 0 55 0
2205 12 742 500 24 -6 0 51 51
2206 12 1100 742 -24 6 0 51 51
2207 8 903 0 -6 -12851 0 60 0
2208 12 742 903 24 -6 0 51 55
2209 12 609 742 24 -6 0 55 55
2210 8 903 0 -24 -12851 0 55 0
2211 8 903 0 -6 -12851 0 55 0
2212 12 742 903 24 -6 0 51 55
2213 8 1100 0 -6 -12851 0 55 0
2214 12 1100 742 24 -6 0 55 51
2215 12 742 500 -24 6 0 55 55
2216 8 1100 0 24 -12851 0 60 0
2217 12 742 1100 -24 6 0 51 51
2218 8 500 0 -6 -12851 0 55 0
2219 12 742 609 -24 6 0 51 51
2220 8 742 0 -24 -12851 0 55 0
2221 12 609 742 -24 6 0 55 51
2222 8 903 0 -24 -12851 0 60 0
2223 12 903 742 24 -6 0 55 51
2224 12 742 500 -24 6 0 55 51
2225 12 500 742 24 -6 0 51 55
2226 12 742 903 24 -6 0 51 51
2227 12 609 742 24 -6 0 51 55
2228 8 609 0 6 -12851 0 60 0
2229 8 742 0 -6 -12851 0 55 0
2230 12 609 742 -24 6 0 55 51
2231 8 609 0 6 -12851 0 55 0
2232 8 609 0 -6 -12851 0 60 0
2233 12 742 903 24 -6 0 51 55
2234 12 742 500 -24 6 0 55 55
2235 12 609 742 -24 6 0 55 51
2236 8 742 0 24 -12851 0 60 0
2237 8 903 0 6 -12851 0 60 0
2238 8 500 0 -6 -12851 0 60 0
2239 8 1100 0 -6 -12851 0 55 0
2240 8 500 0 -6 -12851 0 60 0
2241 12 500 742 -24 6 0 51 55
2242 12 742 1100 24 -6 0 51 51
2243 12 500 742 -24 6 0 55 51
2244 8 903 0 -6 -12851 0 60 0
2245 12 609 742 -24 6 0 51 55
2246 8 903 0 -24 -12851 0 60 0
2247 8 742 0 -24 -12851 0 55 0
2248 8 903 0 -6 -12851 0 60 0
2249 8 1100 0 -24 -12851 0 60 0
2250 8 1100 0 -6 -12851 0 55 0
2251 12 742 500 -24 6 0 55 51
2252 8 903 0 -24 -12851 0 60 0
2253 8 500 0 24 -12851 0 60 0
2254 12 903 742 -24 6 0 51 51
2255 12 903 742 -24 6 0 55 55
2256 8 742 0 -24 -12851 0 55 0
2257 8 742 0 -6 -12851 0 60 0
2258 12 742 1100 -24 6 0 51 51
2259 12 742 1100 -24 6 0 55 55
2260 8 500 0 -6 -12851 0 60 0
2261 8 609 0 -6 -12851 0 60 0
2262 8 609 0 24 -12851 0 60 0
2263 12 742 1100 -24 6 0 51 51
2264 8 1100 0 24 -12851 0 55 0
2265 8 609 0 -6 -12851 0 60 0
2266 8 500 0 -6 -12851 0 60 0
2267 8 1100 0 -24 -12851 0 55 0
2268 12 1100 742 -24 6 0 55 55
2269 12 609 742 24 -6 0 55 51
2270 12 1100 742 24 -6 0 55 55
2271 12 742 903 -24 6 0 51 51
2272 8 1100 0 -6 -12851 0 55 0
2273 12 500 742 24 -6 0 51 55
2274 12 742 500 24 -6 0 51 51
2275 8 500 0 -6 -12851 0 55 0
2276 12 903 742 -24 6 0 55 51
2277 12 500 742 24 -6 0 55 55
2278 12 1100 742 -24 6 0 51 51
2279 12 742 500 -24 6 0 55 55
2280 12 742 500 -24 6 0 51 51
2281 12 742 1100 24 -6 0 55 51
2282 8 500 0 -24 -12851 0 60 0
2283 12 742 500 24 -6 0 55 55
2284 12 609 742 24 -6 0 51 55
2285 12 500 742 24 -6 0 51 51
2286 8 742 0 -24 -12851 0 55 0
2287 12 742 609 -24 6 0 51 51
2288 8 742 0 24 -12851 0 60 0
2289 8 742 0 -6 -12851 0 55 0
2290 8 609 0 -6 -12851 0 60 0
2291 8 903 0 -6 -12851 0 60 0
2292 12 742 500 24 -6 0 55 55
2293 8 1100 0 24 -12851 0 60 0
2294 12 742 609 24 -6 0 51 51
2295 8 500 0 6 -12851 0 60 0
2296 8 609 0 24 -12851 0 60 0
2297 8 1100 0 -24 -12851 0 55 0
2298 8 903 0 -6 -12851 0 60 0
2299 12 903 742 -24 6 0 55 51
2300 8 903 0 -24 -12851 0 55 0
2301 8 609 0 -6 -12851 0 55 0
2302 12 742 609 -24 6 0 51 55
2303 12 742 609 -24 6 0 51 51
2304 12 742 903 24 -6 0 55 51
2305 8 1100 0 -24 -12851 0 60 0
2306 12 1100 742 24 -6 0 55 51
2307 12 1100 742 24 -6 0 55 55
2308 8 1100 0 -6 -12851 0 60 0
2309 12 500 742 24 -6 0 55 51
2310 12 742 1100 -24 6 0 51 51
2311 12 742 903 -24 6 0 51 51
2312 8 742 0 24 -12851 0 55 0
2313 12 609 742 24 -6 0 51 55
2314 8 742 0 -6 -12851 0 60 0
2315 12 609 742 -24 6 0 51 55
2316 12 742 500 24 -6 0 51 51
2317 8 903 0 -24 -12851 0 60 0
2318 8 500 0 6 -12851 0 55 0
2319 12 1100 742 24 -6 0 55 55
2320 8 742 0 -6 -12851 0 55 0
2321 8 609 0 -24 -12851 0 60 0
2322 8 1100 0 -6 -12851 0 55 0
2323 12 742 500 24 -6 0 55 51
2324 12 742 500 24 -6 0 51 55
2325 12 742 609 -24 6 0 51 55
2326 8 1100 0 -6 -12851 0 55 0
2327 12 742 903 24 -6 0 51 51
2328 8 903 0 -24 -12851 0 60 0
2329 8 500 0 6 -12851 0 55 0
2330 8 903 0 24 -12851 0 55 0
2331 12 742 1100 -24 6 0 55 51
2332 12 1100 742 -24 6 0 55 51
2333 8 500 0 6 -12851 0 55 0
2334 8 609 0 -6 -12851 0 60 0
2335 8 609 0 -6 -12851 0 55 0
2336 8 1100 0 6 -12851 0 55 0
2337 12 742 609 24 -6 0 51 51
2338 12 500 742 24 -6 0 55 55
2339 8 1100 0 -24 -12851 0 55 0
2340 8 1100 0 6 -12851 0 55 0
2341 12 903 742 -24 6 0 51 55
2342 8 742 0 24 -12851 0 55 0
2343 12 742 1100 24 -6 0 51 55
2344 8 500 0 24 -12851 0 55 0
2345 12 742 1100 -24 6 0 51 51
2346 12 742 500 24 -6 0 55 55
2347 12 742 903 24 -6 0 51 51
2348 8 609 0 -24 -12851 0 60 0
2349 8 500 0 -6 -12851 0 55 0
2350 12 742 1100 -24 6 0 51 55
2351 8 903 0 6 -12851 0 55 0
2352 8 500 0 -6 -12851 0 60 0
2353 12 1100 742 24 -6 0 55 55
2354 8 742 0 -24 -12851 0 55 0
2355 8 1100 0 -24 -12851 0 60 0
2356 8 609 0 24 -12851 0 60 0
2357 8 742 0 6 -12851 0 55 0
2358 8 903 0 -6 -12851 0 55 0
2359 12 500 742 24 -6 0 51 51
2360 8 609 0 -24 -12851 0 55 0
2361 8 903 0 -6 -12851 0 60 0
2362 12 1100 742 -24 6 0 51 51
2363 8 609 0 24 -12851 0 55 0
2364 8 609 0 -6 -12851 0 55 0
2365 12 1100 742 24 -6 0 51 51
2366 12 609 742 -24 6 0 55 51
2367 12 500 742 24 -6 0 51 55
2368 12 500 742 24 -6 0 51 51
2369 8 1100 0 6 -12851 0 55 0
2370 8 500 0 -24 -12851 0 60 0
2371 8 1100 0 6 -12851 0 60 0
2372 12 742 609 24 -6 0 51 55
2373 8 903 0 24 -12851 0 55 0
2374 8 1100 0 24 -12851 0 60 0
2375 12 500 742 24 -6 0 55 51
2376 8 609 0 24 -12851 0 55 0
2377 8 903 0 6 -12851 0 55 0
2378 8 500 0 24 -12851 0 60 0
2379 8 903 0 24 -12851 0 55 0
2380 8 742 0 -6 -12851 0 60 0
2381 12 903 742 24 -6 0 55 51
2382 8 500 0 6 -12851 0 60 0
2383 8 609 0 24 -12851 0 55 0
2384 12 742 609 -24 6 0 51 55
2385 8 742 0 6 -12851 0 55 0
2386 12 1100 742 -24 6 0 51 55
2387 12 742 903 24 -6 0 55 51
2388 8 742 0 6 -12851 0 60 0
2389 12 500 742 -24 6 0 55 55
2390 12 742 609 24 -6 0 51 51
2391 8 609 0 -6 -12851 0 60 0
2392 12 500 742 -24 6 0 55 55
2393 8 609 0 6 -12851 0 60 0
2394 12 609 742 -24 6 0 55 55
2395 12 742 1100 -24 6 0 51 55
2396 12 742 609 24 -6 0 55 55
2397 8 742 0 -6 -12851 0 55 0
2398 12 609 742 24 -6 0 51 51
2399 8 609 0 -6 -12851 0 55 0
2400 8 903 0 24 -12851 0 55 0
2401 8 500 0 -24 -12851 0 55 0
2402 8 500 0 6 -12851 0 60 0
2403 8 1100 0 24 -12851 0 60 0
2404 12 500 742 24 -6 0 55 55
2405 12 742 609 24 -6 0 55 55
2406 12 742 903 24 -6 0 51 51
2407 12 1100 742 -24 6 0 55 55
2408 8 609 0 -6 -12851 0 55 0
2409 8 742 0 -6 -12851 0 60 0
2410 12 500 742 -24 6 0 51 51
2411 8 742 0 24 -12851 0 55 0
2412 12 742 609 24 -6 0 55 55
2413 12 742 903 24 -6 0 51 55
2414 8 1100 0 24 -12851 0 60 0
2415 12 742 903 -24 6 0 51 55
2416 8 1100 0 6 -12851 0 60 0
2417 12 609 742 -24 6 0 51 55
2418 8 500 0 24 -12851 0 60 0
2419 8 903 0 -24 -12851 0 55 0
2420 12 1100 742 24 -6 0 55 55
2421 8 903 0 -24 -12851 0 55 0
2422 12 500 742 24 -6 0 51 51
2423 12 742 609 -24 6 0 51 55
2424 8 609 0 24 -12851 0 55 0
2425 8 609 0 24 -12851 0 60 0
2426 12 742 903 -24 6 0 55 55
2427 8 1100 0 24 -12851 0 55 0
2428 8 742 0 -6 -12851 0 55 0
2429 12 742 903 -24 6 0 51 51
2430 8 1100 0 6 -12851 0 55 0
2431 8 500 0 24 -12851 0 60 0
2432 12 903 742 24 -6 0 55 51
2433 12 500 742 -24 6 0 55 51
2434 8 903 0 24 -12851 0 60 0
2435 8 742 0 6 -12851 0 60 0
2436 8 500 0 -6 -12851 0 55 0
2437 12 1100 742 -24 6 0 51 51
2438 12 500 742 -24 6 0 55 51
2439 8 742 0 24 -12851 0 55 0
2440 12 903 742 24 -6 0 51 51
2441 12 903 742 -24 6 0 51 55
2442 8 1100 0 -6 -12851 0 55 0
2443 8 903 0 6 -12851 0 55 0
2444 8 609 0 6 -12851 0 55 0
2445 12 1100 742 -24 6 0 51 55
2446 12 742 1100 24 -6 0 51 51
2447 12 609 742 24 -6 0 51 51
2448 8 500 0 24 -12851 0 55 0
2449 8 609 0 6 -12851 0 60 0
2450 12 742 500 24 -6 0 51 51
2451 8 903 0 24 -12851 0 55 0
2452 12 742 903 -24 6 0 55 55
2453 8 500 0 24 -12851 0 55 0
2454 12 1100 742 -24 6 0 51 55
2455 12 742 1100 -24 6 0 55 55
2456 8 500 0 -6 -12851 0 55 0
2457 12 742 903 -24 6 0 55 55
2458 8 500 0 24 -12851 0 55 0
2459 8 903 0 -6 -12851 0 55 0
2460 8 742 0 -6 -12851 0 55 0
2461 12 500 742 -24 6 0 55 55
2462 8 903 0 -6 -12851 0 55 0
2463 8 609 0 24 -12851 0 60 0
2464 8 742 0 6 -12851 0 60 0
2465 12 500 742 24 -6 0 51 55
2466 8 609 0 24 -12851 0 60 0
2467 12 500 742 24 -6 0 55 55
2468 8 742 0 -6 -12851 0 55 0
2469 12 1100 742 -24 6 0 51 51
2470 8 903 0 24 -12851 0 60 0
2471 12 1100 742 24 -6 0 51 55
2472 12 903 742 24 -6 0 51 51
2473 8 500 0 6 -12851 0 60 0
2474 12 742 609 -24 6 0 51 55
2475 8 1100 0 -6 -12851 0 60 0
2476 8 1100 0 -6 -12851 0 55 0
2477 12 500 742 24 -6 0 51 51
2478 8 1100 0 -6 -12851 0 60 0
2479 12 500 742 -24 6 0 51 51
2480 8 609 0 24 -12851 0 55 0
2481 8 903 0 24 -12851 0 55 0
2482 8 903 0 -6 -12851 0 55 0
2483 12 742 1100 24 -6 0 55 55
2484 12 742 500 -24 6 0 51 51
2485 8 742 0 6 -12851 0 55 0
2486 12 742 609 24 -6 0 51 55
2487 12 609 742 -24 6 0 55 51
2488 8 903 0 24 -12851 0 55 0
2489 8 1100 0 -6 -12851 0 55 0
2490 12 742 903 -24 6 0 55 55
2491 8 1100 0 6 -12851 0 60 0
2492 12 1100 742 24 -6 0 51 51
2493 12 742 903 24 -6 0 51 55
2494 12 742 903 24 -6 0 55 55
2495 8 903 0 -24 -12851 0 55 0
2496 8 500 0 -6 -12851 0 55 0
2497 12 742 500 24 -6 0 55 55
2498 8 742 0 -24 -12851 0 55 0
2499 12 500 742 24 -6 0 55 55
2500 8 742 0 -6 -12851 0 60 0
2501 8 500 0 6 -12851 0 55 0
2502 12 742 1100 -24 6 0 51 51
2503 8 609 0 24 -12851 0 55 0
2504 8 609 0 -6 -12851 0 55 0
2505 8 1100 0 -24 -12851 0 55 0
2506 8 609 0 24 -12851 0 60 0
2507 12 742 903 -24 6 0 55 55
2508 12 742 500 24 -6 0 51 55
2509 8 500 0 6 -12851 0 60 0
2510 8 609 0 24 -12851 0 55 0
2511 12 903 742 24 -6 0 55 51
2512 12 500 742 -24 6 0 55 55
2513 12 1100 742 -24 6 0 55 51
2514 8 609 0 -24 -12851 0 55 0
2515 8 609 0 24 -12851 0 60 0
2516 8 500 0 24 -12851 0 55 0
2517 12 500 742 -24 6 0 55 55
2518 8 742 0 -6 -12851 0 55 0
2519 12 742 500 24 -6 0 55 51
2520 8 500 0 6 -12851 0 60 0
2521 12 500 742 24 -6 0 55 51
2522 8 903 0 -6 -12851 0 60 0
2523 8 500 0 -24 -12851 0 55 0
2524 12 742 1100 24 -6 0 51 51
2525 12 609 742 -24 6 0 51 51
2526 8 742 0 -24 -12851 0 55 0
2527 12 1100 742 -24 6 0 55 55
2528 8 903 0 -6 -12851 0 60 0
2529 8 1100 0 6 -12851 0 60 0
2530 12 742 500 -24 6 0 51 51
2531 12 742 1100 -24 6 0 51 51
2532 12 1100 742 -24 6 0 55 55
2533 8 1100 0 24 -12851 0 55 0
2534 12 500 742 24 -6 0 51 55
2535 12 500 742 -24 6 0 51 55
2536 8 742 0 24 -12851 0 60 0
2537 12 609 742 24 -6 0 55 51
2538 8 609 0 24 -12851 0 55 0
2539 8 1100 0 6 -12851 0 55 0
2540 12 742 500 24 -6 0 51 51
2541 8 903 0 24 -12851 0 55 0
2542 8 1100 0 -24 -12851 0 55 0
2543 12 742 1100 -24 6 0 51 55
2544 8 1100 0 -24 -12851 0 60 0
2545 12 609 742 -24 6 0 55 55
2546 12 742 1100 -24 6 0 51 51
2547 12 742 500 24 -6 0 51 55
2548 12 903 742 -24 6 0 51 51
2549 12 742 903 -24 6 0 51 55
2550 12 500 742 -24 6 0 55 55
2551 12 742 903 -24 6 0 55 51
2552 12 903 742 24 -6 0 51 51
2553 8 500 0 -24 -12851 0 55 0
2554 8 742 0 24 -12851 0 55 0
2555 8 1100 0 -6 -12851 0 55 0
2556 12 500 742 -24 6 0 55 55
2557 12 903 742 -24 6 0 55 55
2558 8 500 0 6 -12851 0 55 0
2559 8 903 0 6 -12851 0 55 0
2560 8 903 0 -6 -12851 0 55 0
2561 8 1100 0 -24 -12851 0 60 0
2562 8 903 0 -24 -12851 0 55 0
2563 8 500 0 6 -12851 0 60 0
2564 12 742 1100 24 -6 0 55 55
2565 12 500 742 -24 6 0 55 55
2566 8 609 0 -24 -12851 0 60 0
2567 12 742 903 24 -6 0 55 55
2568 8 609 0 6 -12851 0 60 0
2569 8 742 0 6 -12851 0 55 0
2570 8 742 0 6 -12851 0 60 0
2571 8 609 0 24 -12851 0 60 0
2572 12 609 742 24 -6 0 51 55
2573 8 903 0 -24 -12851 0 55 0
2574 12 1100 742 24 -6 0 55 55
2575 8 903 0 6 -12851 0 60 0
2576 8 903 0 24 -12851 0 60 0
2577 8 500 0 -6 -12851 0 55 0
2578 12 742 500 -24 6 0 55 51
2579 12 742 609 -24 6 0 51 55
2580 8 742 0 -24 -12851 0 60 0
2581 12 742 1100 24 -6 0 51 51
2582 12 903 742 24 -6 0 51 51
2583 8 903 0 -24 -12851 0 60 0
2584 8 742 0 24 -12851 0 60 0
2585 12 609 742 -24 6 0 51 55
2586 8 742 0 6 -12851 0 60 0
2587 12 742 500 24 -6 0 51 55
2588 8 609 0 -6 -12851 0 55 0
2589 8 500 0 6 -12851 0 60 0
2590 12 1100 742 -24 6 0 55 51
2591 12 742 609 24 -6 0 51 51
2592 12 742 609 -24 6 0 51 55
2593 12 500 742 -24 6 0 51 51
2594 8 1100 0 -6 -12851 0 60 0
2595 12 1100 742 -24 6 0 51 51
2596 12 742 903 24 -6 0 55 55
2597 12 1100 742 24 -6 0 55 55
2598 8 1100 0 24 -12851 0 55 0
2599 12 500 742 24 -6 0 55 55
2600 8 609 0 -6 -12851 0 60 0
2601 12 500 742 -24 6 0 51 51
2602 12 903 742 24 -6 0 55 51
2603 8 609 0 -6 -12851 0 60 0
2604 12 742 609 -24 6 0 55 51
2605 8 500 0 -6 -12851 0 55 0
2606 12 742 500 24 -6 0 55 55
2607 8 1100 0 6 -12851 0 60 0
2608 8 1100 0 -24 -12851 0 60 0
2609 12 742 609 -24 6 0 51 55
2610 12 500 742 24 -6 0 51 55
2611 12 903 742 -24 6 0 55 55
2612 8 1100 0 -24 -12851 0 60 0
2613 12 742 500 -24 6 0 55 51
2614 12 742 1100 24 -6 0 51 51
2615 12 742 609 -24 6 0 55 51
2616 12 500 742 24 -6 0 51 51
2617 8 742 0 -24 -12851 0 60 0
2618 8 742 0 6 -12851 0 60 0
2619 12 742 500 24 -6 0 55 51
2620 12 1100 742 -24 6 0 55 51
2621 8 903 0 6 -12851 0 60 0
2622 12 742 500 -24 6 0 51 51
2623 12 742 500 24 -6 0 55 51
2624 8 500 0 24 -12851 0 55 0
2625 8 742 0 6 -12851 0 60 0
2626 8 609 0 24 -12851 0 55 0
2627 12 742 1100 24 -6 0 51 55
2628 12 609 742 -24 6 0 51 51
2629 12 742 500 -24 6 0 55 55
2630 8 1100 0 6 -12851 0 60 0
2631 12 742 903 -24 6 0 51 51
2632 12 742 500 -24 6 0 55 55
2633 8 1100 0 -6 -12851 0 55 0
2634 8 903 0 6 -12851 0 55 0
2635 8 500 0 6 -12851 0 60 0
2636 8 903 0 -6 -12851 0 60 0
2637 12 742 903 -24 6 0 51 55
2638 12 742 609 -24 6 0 51 55
2639 12 500 742 -24 6 0 55 55
2640 8 500 0 24 -12851 0 55 0
2641 12 500 742 24 -6 0 55 51
2642 8 609 0 -6 -12851 0 60 0
2643 8 609 0 6 -12851 0 55 0
2644 12 742 500 -24 6 0 55 55
2645 12 500 742 24 -6 0 55 55
2646 12 742 1100 -24 6 0 51 51
2647 8 500 0 -24 -12851 0 55 0
2648 12 742 500 -24 6 0 55 55
2649 12 742 1100 24 -6 0 55 51
2650 12 742 500 24 -6 0 55 55
2651 8 500 0 -24 -12851 0 60 0
2652 12 742 1100 24 -6 0 55 51
2653 12 742 1100 -24 6 0 55 51
2654 12 742 609 24 -6 0 51 51
2655 8 609 0 24 -12851 0 55 0
2656 8 609 0 -24 -12851 0 60 0
2657 12 903 742 24 -6 0 55 55
2658 12 742 500 -24 6 0 55 55
2659 8 609 0 24 -12851 0 55 0
2660 12 742 609 24 -6 0 55 55
2661 8 1100 0 6 -12851 0 60 0
2662 8 903 0 6 -12851 0 60 0
2663 8 500 0 -24 -12851 0 60 0
2664 12 742 609 -24 6 0 51 51
2665 12 1100 742 -24 6 0 51 51
2666 12 903 742 24 -6 0 55 55
2667 12 1100 742 -24 6 0 55 51
2668 12 903 742 24 -6 0 51 51
2669 8 903 0 -24 -12851 0 60 0
2670 12 742 500 24 -6 0 51 51
2671 12 742 1100 -24 6 0 55 55
2672 8 1100 0 -24 -12851 0 55 0
2673 12 742 609 24 -6 0 55 51
2674 8 742 0 24 -12851 0 60 0
2675 8 500 0 24 -12851 0 55 0
2676 8 742 0 -24 -12851 0 60 0
2677 8 1100 0 6 -12851 0 60 0
2678 8 903 0 -6 -12851 0 60 0
2679 8 742 0 6 -12851 0 55 0
2680 8 742 0 6 -12851 0 60 0
2681 8 742 0 24 -12851 0 60 0
2682 8 500 0 -24 -12851 0 60 0
2683 8 609 0 -6 -12851 0 55 0
2684 8 500 0 24 -12851 0 60 0
2685 8 500 0 -24 -12851 0 60 0
2686 8 1100 0 -24 -12851 0 60 0
2687 8 742 0 -6 -12851 0 55 0
2688 12 742 500 -24 6 0 55 51
2689 12 500 742 -24 6 0 55 55
2690 12 742 903 -24 6 0 51 51
2691 12 903 742 24 -6 0 55 55
2692 8 609 0 -24 -12851 0 55 0
2693 12 609 742 24 -6 0 55 55
2694 12 1100 742 -24 6 0 51 55
2695 12 609 742 24 -6 0 51 55
2696 8 1100 0 -6 -12851 0 55 0
2697 8 609 0 6 -12851 0 60 0
2698 8 1100 0 -24 -12851 0 55 0
2699 8 742 0 6 -12851 0 55 0
2700 8 903 0 6 -12851 0 55 0
2701 12 742 1100 24 -6 0 51 51
2702 12 742 609 24 -6 0 55 55
2703 8 903 0 24 -12851 0 55 0
2704 12 742 1100 -24 6 0 55 55
2705 12 903 742 -24 6 0 51 51
2706 8 903 0 24 -12851 0 60 0
2707 12 609 742 -24 6 0 51 55
2708 8 903 0 -24 -12851 0 55 0
2709 8 903 0 -24 -12851 0 60 0
2710 8 903 0 -6 -12851 0 55 0
2711 8 903 0 24 -12851 0 60 0
2712 12 500 742 -24 6 0 55 51
2713 8 1100 0 -6 -12851 0 55 0
2714 8 742 0 6 -12851 0 55 0
2715 8 609 0 6 -12851 0 60 0
2716 12 742 609 -24 6 0 55 55
2717 8 500 0 6 -12851 0 55 0
2718 12 742 903 24 -6 0 51 51
2719 12 742 609 -24 6 0 55 55
2720 12 742 1100 -24 6 0 51 51
2721 12 500 742 -24 6 0 51 51
2722 8 609 0 6 -12851 0 60 0
2723 12 500 742 24 -6 0 55 51
2724 8 742 0 6 -12851 0 55 0
2725 8 500 0 6 -12851 0 55 0
2726 8 609 0 -6 -12851 0 60 0
2727 8 500 0 -6 -12851 0 60 0
2728 12 742 903 -24 6 0 55 55
2729 12 903 742 24 -6 0 51 55
2730 8 742 0 24 -12851 0 60 0
2731 8 1100 0 -24 -12851 0 60 0
2732 8 1100 0 -6 -12851 0 55 0
2733 8 609 0 6 -12851 0 60 0
2734 8 609 0 24 -12851 0 60 0
2735 8 500 0 24 -12851 0 60 0
2736 8 609 0 24 -12851 0 60 0
2737 12 500 742 24 -6 0 51 55
2738 12 609 742 -24 6 0 55 55
2739 8 1100 0 24 -12851 0 55 0
2740 12 742 609 -24 6 0 51 55
2741 8 609 0 -6 -12851 0 55 0
2742 8 1100 0 -24 -12851 0 60 0
2743 8 903 0 -24 -12851 0 60 0
2744 12 742 609 24 -6 0 51 51
2745 12 1100 742 24 -6 0 51 55
2746 12 742 903 -24 6 0 51 51
2747 12 742 609 -24 6 0 55 51
2748 8 500 0 -24 -12851 0 55 0
2749 8 903 0 -24 -12851 0 60 0
2750 8 1100 0 24 -12851 0 55 0
2751 8 742 0 24 -12851 0 60 0
2752 12 742 903 -24 6 0 55 55
2753 8 500 0 -24 -12851 0 60 0
2754 8 742 0 24 -12851 0 60 0
2755 12 903 742 24 -6 0 51 55
2756 8 742 0 -6 -12851 0 60 0
2757 8 903 0 24 -12851 0 60 0
2758 8 742 0 24 -12851 0 55 0
2759 8 742 0 24 -12851 0 60 0
2760 12 742 609 24 -6 0 51 55
2761 8 609 0 -24 -12851 0 60 0
2762 8 609 0 6 -12851 0 55 0
2763 12 742 1100 -24 6 0 51 55
2764 12 742 903 -24 6 0 55 55
2765 12 609 742 -24 6 0 55 51
2766 12 742 500 24 -6 0 55 55
2767 12 742 1100 24 -6 0 51 55
2768 8 742 0 -24 -12851 0 55 0
2769 8 903 0 -6 -12851 0 60 0
2770 8 500 0 24 -12851 0 60 0
2771 8 1100 0 24 -12851 0 55 0
2772 12 500 742 24 -6 0 51 55
2773 12 742 500 -24 6 0 51 55
2774 12 903 742 24 -6 0 55 55
2775 12 742 609 24 -6 0 51 55
2776 8 1100 0 -6 -12851 0 60 0
2777 8 742 0 -6 -12851 0 60 0
2778 8 903 0 24 -12851 0 60 0
2779 8 500 0 24 -12851 0 60 0
2780 8 1100 0 -6 -12851 0 60 0
2781 12 903 742 24 -6 0 55 51
2782 8 500 0 24 -12851 0 60 0
2783 8 903 0 -24 -12851 0 60 0
2784 8 609 0 6 -12851 1 55 0
2785 12 903 742 24 -6 0 55 55
2786 12 500 742 -24 6 1 55 55
2787 8 609 0 6 -12851 1 55 0
2788 8 609 0 -24 -12851 1 55 0
2789 8 500 0 6 -12851 1 55 0
2790 12 742 609 24 -6 0 51 55
2791 12 742 609 -24 6 0 55 55
2792 8 609 0 -24 -12851 0 55 0
2793 12 903 742 24 -6 1 51 51
2794 12 742 609 24 -6 0 55 55
2795 12 742 903 24 -6 1 51 51
2796 8 1100 0 6 -12851 0 55 0
2797 12 742 500 24 -6 0 55 51
2798 12 609 742 24 -6 0 55 55
2799 8 609 0 6 -12851 0 60 0
2800 12 609 742 -24 6 0 55 55
2801 8 1100 0 24 -12851 0 55 0
2802 12 1100 742 -24 6 0 51 51
2803 8 903 0 24 -12851 0 60 0
2804 8 500 0 -6 -12851 0 60 0
