245 8 903 0 -6 -12851 0 60 0
246 12 500 742 -24 6 0 55 55
247 8 500 0 6 -12851 0 55 0
248 8 1100 0 -6 -12851 0 55 0
249 12 742 500 24 -6 0 55 55
250 8 1100 0 -6 -12851 0 55 0
251 8 742 0 6 -12851 0 60 0
252 12 742 609 24 -6 0 51 51
253 8 500 0 6 -12851 0 60 0
254 12 1100 742 -24 6 1 55 51
255 12 742 500 -24 6 1 55 51
256 12 903 742 -24 6 1 55 55
257 12 742 903 -24 6 0 51 51
258 12 742 609 24 -6 1 55 51
259 8 500 0 -24 -12851 1 55 0
260 12 742 609 24 -6 1 55 51
261 8 903 0 -6 -12851 0 60 0
262 12 742 1100 24 -6 1 55 51
263 8 903 0 6 -12851 1 60 0
264 12 742 1100 24 -6 1 55 51
265 8 903 0 -24 -12851 1 60 0
266 12 609 742 24 -6 1 51 51
267 8 742 0 -24 -12851 1 60 0
268 8 609 0 -24 -12851 1 60 0
269 8 500 0 6 -12851 1 55 0
270 8 609 0 -6 -12851 1 60 0
271 12 500 742 24 -6 1 51 51
272 8 1100 0 24 -12851 1 60 0
273 12 903 742 24 -6 1 51 55
274 12 742 500 -24 6 1 51 55
275 8 500 0 -24 -12851 1 60 0
276 12 742 609 24 -6 1 51 55
277 8 1100 0 24 -12851 1 60 0
278 8 742 0 -6 -12851 0 60 0
279 12 742 903 -24 6 1 51 51
280 8 1100 0 -6 -12851 0 60 0
281 12 742 1100 24 -6 1 55 55
282 12 742 903 24 -6 1 51 55
283 12 742 500 24 -6 1 51 51
284 12 500 742 24 -6 1 51 51
285 8 742 0 24 -12851 0 55 0
286 12 903 742 -24 6 1 55 51
287 8 609 0 -24 -12851 0 55 0
288 8 1100 0 6 -12851 1 60 0
289 12 903 742 24 -6 0 55 55
290 8 1100 0 -6 -12851 0 60 0
291 8 609 0 -6 -12851 1 60 0
292 8 609 0 -24 -12851 1 55 0
293 12 1100 742 24 -6 0 51 51
294 12 609 742 -24 6 1 55 51
295 8 609 0 24 -12851 1 60 0
296 8 742 0 24 -12851 0 55 0
297 12 1100 742 24 -6 1 55 51
298 12 742 500 -24 6 1 51 55
299 12 742 500 24 -6 1 55 51
300 8 500 0 24 -12851 0 55 0
301 12 609 742 -24 6 1 51 55
302 8 903 0 6 -12851 0 60 0
303 12 742 609 -24 6 1 51 51
304 8 742 0 6 -12851 0 55 0
305 12 742 500 24 -6 0 55 55
306 8 500 0 6 -12851 1 55 0
307 12 500 742 -24 6 1 51 55
308 12 742 500 24 -6 1 55 55
309 12 742 1100 24 -6 1 51 55
310 8 903 0 -24 -12851 1 60 0
311 12 742 500 -24 6 0 55 51
312 8 1100 0 6 -12851 1 60 0
313 8 742 0 6 -12851 0 60 0
314 12 903 742 -24 6 1 55 55
315 8 500 0 24 -12851 1 60 0
316 8 1100 0 -6 -12851 1 60 0
317 12 500 742 24 -6 1 51 55
318 12 742 1100 -24 6 0 55 55
319 8 903 0 -24 -12851 0 60 0
320 12 742 903 24 -6 1 51 55
321 8 903 0 -24 -12851 1 55 0
322 8 903 0 -6 -12851 0 60 0
323 8 742 0 -24 -12851 1 55 0
324 8 609 0 6 -12851 0 55 0
325 12 500 742 -24 6 1 51 51
326 8 1100 0 -24 -12851 1 55 0
327 8 742 0 -6 -12851 1 55 0
328 12 742 1100 -24 6 1 55 51
329 12 609 742 24 -6 1 51 51
330 12 742 500 24 -6 1 55 51
331 12 742 609 24 -6 1 51 51
332 12 500 742 24 -6 1 51 51
333 12 1100 742 -24 6 0 55 55
334 12 742 903 24 -6 0 55 51
335 8 500 0 -6 -12851 1 55 0
336 8 609 0 -6 -12851 1 60 0
337 12 742 500 24 -6 1 55 55
338 8 903 0 24 -12851 1 55 0
339 12 742 903 24 -6 1 55 55
340 12 609 742 -24 6 0 55 51
341 12 742 609 24 -6 1 51 51
342 8 903 0 6 -12851 1 55 0
343 8 609 0 -6 -12851 1 60 0
344 12 903 742 24 -6 1 51 51
345 12 1100 742 -24 6 1 55 55
346 8 742 0 24 -12851 0 55 0
347 8 1100 0 6 -12851 0 60 0
348 8 1100 0 -24 -12851 0 60 0
349 8 500 0 -24 -12851 1 55 0
350 12 742 609 24 -6 0 55 55
351 8 500 0 6 -12851 1 55 0
352 12 1100 742 -24 6 1 55 55
353 12 742 1100 -24 6 1 55 55
354 12 742 609 -24 6 1 51 51
355 8 742 0 -24 -12851 1 60 0
356 8 742 0 -24 -12851 1 55 0
357 12 609 742 24 -6 1 51 51
358 8 1100 0 6 -12851 1 55 0
359 8 903 0 6 -12851 1 60 0
360 12 742 1100 -24 6 1 55 51
361 12 742 609 -24 6 1 55 51
362 8 609 0 -24 -12851 1 60 0
363 12 742 903 -24 6 1 55 51
364 12 742 1100 -24 6 0 51 51
365 8 609 0 6 -12851 1 55 0
366 12 1100 742 24 -6 1 51 55
367 8 500 0 6 -12851 1 60 0
368 12 609 742 -24 6 0 51 51
369 12 742 500 -24 6 1 55 55
370 12 742 609 -24 6 0 55 55
371 8 500 0 6 -12851 1 60 0
372 12 742 500 -24 6 0 55 51
373 8 609 0 -6 -12851 1 60 0
374 12 742 500 24 -6 0 55 55
375 8 1100 0 24 -12851 1 60 0
376 12 500 742 24 -6 0 51 55
377 8 1100 0 6 -12851 1 55 0
378 12 609 742 24 -6 0 55 51
379 8 903 0 24 -12851 1 55 0
380 12 742 903 24 -6 1 55 55
381 8 903 0 -24 -12851 1 60 0
382 8 742 0 -24 -12851 1 55 0
383 8 742 0 -6 -12851 1 55 0
384 12 742 1100 24 -6 1 51 55
385 12 903 742 24 -6 0 55 51
386 8 500 0 -6 -12851 0 60 0
387 8 500 0 24 -12851 1 55 0
388 12 742 1100 -24 6 0 51 55
389 8 500 0 6 -12851 0 55 0
390 12 742 903 -24 6 0 55 51
391 12 742 609 24 -6 0 55 51
392 12 742 903 24 -6 0 51 51
393 8 742 0 -24 -12851 0 60 0
394 12 742 609 24 -6 0 51 51
395 12 742 1100 24 -6 0 51 51
396 12 500 742 -24 6 0 55 55
397 8 1100 0 -6 -12851 0 60 0
398 12 742 903 -24 6 0 55 51
399 12 1100 742 -24 6 0 55 51
400 8 1100 0 6 -12851 0 60 0
401 12 609 742 -24 6 0 55 51
402 12 742 903 -24 6 0 55 51
403 8 609 0 6 -12851 0 55 0
404 12 742 903 24 -6 0 55 55
405 8 500 0 24 -12851 0 55 0
406 8 500 0 6 -12851 0 55 0
407 8 609 0 -24 -12851 0 60 0
408 8 609 0 -6 -12851 0 55 0
409 8 1100 0 6 -12851 0 60 0
410 8 903 0 24 -12851 0 55 0
411 8 742 0 6 -12851 0 55 0
412 8 742 0 -6 -12851 0 60 0
413 12 1100 742 24 -6 0 51 55
414 12 609 742 24 -6 0 55 55
415 8 903 0 6 -12851 0 55 0
416 8 903 0 -24 -12851 1 55 0
417 8 1100 0 -6 -12851 1 60 0
418 8 1100 0 -24 -12851 1 60 0
419 12 742 500 -24 6 1 51 55
420 8 903 0 24 -12851 1 60 0
421 12 609 742 24 -6 1 55 55
422 8 742 0 6 -12851 0 60 0
423 12 742 609 24 -6 1 55 55
424 8 500 0 24 -12851 1 55 0
425 8 742 0 -24 -12851 1 55 0
426 12 742 903 -24 6 0 51 55
427 8 742 0 24 -12851 1 60 0
428 8 609 0 -6 -12851 1 60 0
429 8 903 0 6 -12851 0 60 0
430 12 742 903 24 -6 0 55 55
431 8 903 0 6 -12851 1 55 0
432 12 742 903 24 -6 1 55 51
433 12 742 609 24 -6 1 55 51
434 12 1100 742 24 -6 1 55 55
435 8 500 0 -6 -12851 1 60 0
436 12 742 500 24 -6 1 51 51
437 8 1100 0 24 -12851 1 55 0
438 8 1100 0 24 -12851 0 55 0
439 8 609 0 6 -12851 1 55 0
440 8 500 0 -6 -12851 0 55 0
441 8 609 0 24 -12851 1 55 0
442 8 500 0 -24 -12851 1 60 0
443 12 742 1100 24 -6 1 55 51
444 8 500 0 6 -12851 1 55 0
445 8 609 0 -24 -12851 1 60 0
446 12 500 742 24 -6 1 51 51
447 12 742 500 24 -6 1 51 55
448 8 742 0 6 -12851 0 60 0
449 8 903 0 -24 -12851 1 60 0
450 12 1100 742 -24 6 0 51 55
451 12 500 742 -24 6 1 51 51
452 8 903 0 -6 -12851 1 60 0
453 8 500 0 24 -12851 1 60 0
454 12 742 500 24 -6 1 55 55
455 12 742 609 24 -6 1 51 55
456 8 903 0 -6 -12851 1 55 0
457 8 1100 0 -6 -12851 1 55 0
458 8 742 0 -6 -12851 1 55 0
459 8 1100 0 -24 -12851 1 55 0
460 12 742 500 24 -6 1 55 51
461 12 742 609 -24 6 1 55 51
462 8 500 0 -6 -12851 1 55 0
463 8 1100 0 -6 -12851 1 55 0
464 12 1100 742 -24 6 0 51 55
465 8 609 0 24 -12851 0 60 0
466 8 742 0 -6 -12851 0 60 0
467 8 609 0 6 -12851 1 60 0
468 8 609 0 -6 -12851 1 55 0
469 12 742 903 -24 6 1 55 55
470 8 609 0 24 -12851 1 60 0
471 12 500 742 24 -6 1 55 51
472 12 1100 742 24 -6 1 55 51
473 8 903 0 -24 -12851 1 60 0
474 8 1100 0 -6 -12851 0 55 0
475 12 903 742 24 -6 1 51 51
476 12 742 903 -24 6 1 55 51
477 12 500 742 24 -6 1 55 51
478 12 1100 742 -24 6 1 55 51
479 8 500 0 24 -12851 1 55 0
480 12 903 742 24 -6 1 55 51
481 12 1100 742 -24 6 1 51 55
482 12 742 609 24 -6 1 55 55
483 8 609 0 -6 -12851 1 60 0
484 12 903 742 -24 6 1 51 51
485 8 500 0 24 -12851 0 60 0
486 12 742 609 24 -6 1 55 55
487 12 742 609 -24 6 1 51 51
488 8 903 0 6 -12851 1 60 0
489 8 1100 0 24 -12851 1 55 0
490 8 742 0 -24 -12851 1 55 0
491 12 742 609 24 -6 1 55 55
492 8 742 0 6 -12851 1 55 0
493 12 903 742 24 -6 1 51 55
494 8 742 0 24 -12851 1 55 0
495 12 500 742 -24 6 1 55 55
496 12 500 742 -24 6 0 55 55
497 12 500 742 -24 6 1 51 55
498 8 609 0 24 -12851 1 55 0
499 8 903 0 -6 -12851 1 55 0
500 12 903 742 -24 6 1 55 51
501 8 500 0 -24 -12851 1 60 0
502 12 1100 742 24 -6 1 51 51
503 12 903 742 -24 6 1 51 55
504 8 1100 0 24 -12851 0 60 0
505 12 500 742 -24 6 1 51 51
506 8 1100 0 6 -12851 1 60 0
507 8 1100 0 24 -12851 1 60 0
508 8 500 0 -6 -12851 1 55 0
509 12 742 1100 -24 6 1 55 55
510 12 742 609 -24 6 1 51 51
511 8 1100 0 24 -12851 0 60 0
512 8 742 0 -6 -12851 1 55 0
513 12 609 742 24 -6 0 55 51
514 8 742 0 -6 -12851 0 55 0
515 12 742 903 -24 6 0 51 55
516 8 742 0 6 -12851 0 55 0
517 12 742 609 -24 6 0 51 55
518 12 742 903 -24 6 0 55 55
519 8 903 0 24 -12851 1 55 0
520 12 903 742 24 -6 1 55 51
521 12 903 742 -24 6 0 51 51
522 8 1100 0 -6 -12851 1 60 0
523 12 742 1100 -24 6 0 51 51
524 8 609 0 6 -12851 1 55 0
525 12 742 903 -24 6 1 51 55
526 8 903 0 6 -12851 0 60 0
527 8 903 0 24 -12851 1 55 0
528 12 742 609 24 -6 1 55 51
529 12 500 742 -24 6 1 55 51
530 12 903 742 -24 6 1 51 51
531 8 609 0 6 -12851 1 55 0
532 12 1100 742 -24 6 1 55 51
533 12 1100 742 24 -6 1 55 55
534 12 742 903 -24 6 1 51 55
535 8 609 0 -6 -12851 1 60 0
536 8 500 0 6 -12851 1 60 0
537 8 500 0 24 -12851 1 60 0
538 12 742 500 24 -6 1 51 51
539 8 903 0 -24 -12851 1 60 0
540 12 500 742 24 -6 1 55 51
541 12 500 742 -24 6 1 55 55
542 8 903 0 24 -12851 1 60 0
543 8 1100 0 24 -12851 0 55 0
544 12 609 742 24 -6 1 55 55
545 12 1100 742 24 -6 1 55 55
546 8 903 0 6 -12851 1 55 0
547 12 609 742 -24 6 1 55 55
548 8 1100 0 -6 -12851 1 55 0
549 8 1100 0 6 -12851 0 60 0
550 8 903 0 -24 -12851 1 60 0
551 8 609 0 -24 -12851 0 60 0
552 12 1100 742 24 -6 0 55 55
553 8 742 0 6 -12851 1 55 0
554 8 609 0 -6 -12851 1 55 0
555 8 742 0 -24 -12851 1 60 0
556 8 609 0 24 -12851 1 55 0
557 12 903 742 -24 6 1 51 51
558 12 742 1100 24 -6 0 51 55
559 8 742 0 -6 -12851 1 55 0
560 12 500 742 24 -6 0 55 55
561 8 500 0 -24 -12851 0 60 0
562 8 500 0 24 -12851 0 60 0
563 12 742 500 -24 6 0 51 51
564 8 500 0 -6 -12851 0 55 0
565 8 609 0 24 -12851 0 60 0
566 8 609 0 6 -12851 0 55 0
567 8 1100 0 -6 -12851 0 55 0
568 12 742 903 24 -6 0 51 51
569 8 1100 0 -24 -12851 0 60 0
570 12 742 903 24 -6 0 55 55
571 8 500 0 6 -12851 1 60 0
572 8 609 0 6 -12851 1 60 0
573 8 742 0 24 -12851 1 55 0
574 8 742 0 -6 -12851 1 55 0
575 8 1100 0 24 -12851 0 60 0
576 12 903 742 -24 6 0 51 51
577 12 742 1100 -24 6 0 55 55
578 12 609 742 24 -6 0 51 55
579 12 742 609 -24 6 0 51 55
580 12 742 500 24 -6 0 51 51
581 8 609 0 -6 -12851 0 60 0
582 8 903 0 24 -12851 0 60 0
583 12 903 742 24 -6 0 51 55
584 8 742 0 -6 -12851 1 55 0
585 8 500 0 6 -12851 1 55 0
586 12 742 1100 -24 6 1 55 51
587 8 903 0 24 -12851 1 60 0
588 12 609 742 24 -6 1 55 51
589 8 500 0 -6 -12851 0 60 0
590 8 903 0 6 -12851 0 55 0
591 12 609 742 24 -6 0 55 51
592 12 500 742 -24 6 0 55 55
593 8 500 0 24 -12851 0 60 0
594 8 500 0 -24 -12851 0 55 0
595 12 742 500 -24 6 0 51 55
596 8 500 0 24 -12851 0 60 0
597 12 742 1100 -24 6 0 55 55
598 12 500 742 24 -6 0 51 55
599 8 742 0 -24 -12851 0 55 0
600 8 1100 0 24 -12851 0 60 0
601 12 742 903 -24 6 0 51 55
602 12 903 742 -24 6 1 51 51
603 12 742 1100 24 -6 1 55 51
604 8 500 0 -6 -12851 1 60 0
605 8 1100 0 -24 -12851 1 60 0
606 12 609 742 -24 6 1 55 55
607 8 1100 0 -24 -12851 1 55 0
608 8 903 0 6 -12851 1 60 0
609 12 742 609 24 -6 1 51 51
610 8 903 0 -24 -12851 1 60 0
611 8 903 0 -24 -12851 1 55 0
612 8 609 0 24 -12851 1 55 0
613 12 500 742 24 -6 1 55 55
614 8 609 0 24 -12851 1 60 0
615 8 609 0 -6 -12851 1 55 0
616 12 500 742 -24 6 1 51 51
617 12 903 742 -24 6 1 51 51
618 12 742 1100 24 -6 1 55 55
619 12 500 742 -24 6 1 51 51
620 12 500 742 -24 6 0 55 51
621 8 742 0 -24 -12851 1 60 0
622 8 742 0 -6 -12851 1 60 0
623 8 903 0 -6 -12851 1 55 0
624 12 500 742 -24 6 1 55 55
625 8 903 0 24 -12851 1 60 0
626 12 903 742 24 -6 0 51 51
627 12 742 903 -24 6 0 51 55
628 12 742 609 24 -6 1 51 51
629 12 500 742 -24 6 0 55 51
630 12 609 742 24 -6 0 55 51
631 12 742 1100 -24 6 0 55 55
632 12 742 609 24 -6 0 51 51
633 12 500 742 24 -6 0 55 55
634 12 742 1100 24 -6 0 51 51
635 8 742 0 6 -12851 1 60 0
636 12 742 903 24 -6 1 55 55
637 8 903 0 -6 -12851 1 60 0
638 12 742 500 -24 6 1 51 55
639 8 609 0 6 -12851 1 55 0
640 8 500 0 24 -12851 1 55 0
641 12 1100 742 -24 6 0 55 55
642 12 1100 742 24 -6 1 55 51
643 12 500 742 24 -6 1 55 51
644 8 500 0 6 -12851 1 60 0
645 12 1100 742 -24 6 1 55 51
646 12 742 903 -24 6 1 51 55
647 12 1100 742 24 -6 1 51 55
648 8 1100 0 24 -12851 1 55 0
649 12 903 742 -24 6 0 51 51
650 8 742 0 24 -12851 1 60 0
651 8 1100 0 24 -12851 1 60 0
652 8 742 0 -6 -12851 1 55 0
653 12 742 1100 24 -6 1 51 51
654 8 1100 0 -6 -12851 1 55 0
655 12 742 903 -24 6 0 51 51
656 8 500 0 -6 -12851 1 60 0
657 8 609 0 24 -12851 1 60 0
658 12 742 609 24 -6 1 51 55
659 8 903 0 6 -12851 1 60 0
660 12 742 903 -24 6 1 55 55
661 8 609 0 -24 -12851 1 55 0
662 8 500 0 -24 -12851 1 60 0
663 12 742 609 -24 6 0 55 55
664 12 500 742 -24 6 0 51 51
665 12 742 1100 24 -6 1 55 51
666 12 742 1100 -24 6 1 55 55
667 8 500 0 -6 -12851 1 55 0
668 8 500 0 -6 -12851 1 60 0
669 8 742 0 -6 -12851 0 55 0
670 12 609 742 24 -6 0 55 55
671 12 1100 742 24 -6 1 55 55
672 8 903 0 6 -12851 1 60 0
673 12 742 903 -24 6 0 51 51
674 8 500 0 -24 -12851 1 55 0
675 12 742 500 -24 6 0 55 51
676 12 742 609 24 -6 0 55 51
677 8 609 0 -6 -12851 1 60 0
678 12 1100 742 24 -6 0 55 55
679 12 742 903 24 -6 0 55 55
680 12 742 609 -24 6 0 55 51
681 12 742 1100 -24 6 0 55 51
682 8 1100 0 24 -12851 0 60 0
683 12 742 903 -24 6 0 55 51
684 12 742 500 24 -6 1 55 51
685 12 903 742 -24 6 0 55 55
686 8 742 0 6 -12851 1 60 0
687 12 742 1100 -24 6 1 55 55
688 12 742 500 24 -6 1 55 55
689 8 742 0 24 -12851 1 55 0
690 12 903 742 -24 6 1 51 55
691 12 903 742 -24 6 1 51 55
692 12 609 742 24 -6 1 55 51
693 12 742 1100 -24 6 0 55 51
694 8 1100 0 24 -12851 1 55 0
695 12 742 903 24 -6 0 51 55
696 12 1100 742 -24 6 1 51 51
697 8 903 0 -6 -12851 1 55 0
698 12 1100 742 24 -6 1 55 55
699 8 903 0 -24 -12851 1 55 0
700 12 742 609 24 -6 1 51 55
701 12 742 500 -24 6 1 55 51
702 8 1100 0 24 -12851 1 60 0
703 8 609 0 24 -12851 0 60 0
704 12 609 742 24 -6 1 55 51
705 8 609 0 -24 -12851 1 60 0
706 12 742 500 24 -6 1 51 55
707 8 903 0 6 -12851 1 55 0
708 8 903 0 -6 -12851 0 60 0
709 12 742 609 24 -6 0 51 51
710 8 1100 0 -24 -12851 1 60 0
711 12 742 903 24 -6 1 55 55
712 8 609 0 24 -12851 1 55 0
713 8 500 0 -6 -12851 1 60 0
714 8 1100 0 -6 -12851 1 60 0
715 12 742 1100 -24 6 0 51 55
716 8 1100 0 -6 -12851 0 55 0
717 8 500 0 -6 -12851 1 60 0
718 12 500 742 24 -6 1 51 51
719 12 742 1100 24 -6 1 51 51
720 8 903 0 -6 -12851 1 60 0
721 8 903 0 -24 -12851 1 60 0
722 12 609 742 24 -6 1 51 51
723 12 903 742 -24 6 1 51 51
724 12 742 1100 24 -6 0 55 55
725 8 500 0 24 -12851 0 55 0
726 8 742 0 -24 -12851 0 60 0
727 12 742 609 -24 6 0 51 51
728 8 609 0 24 -12851 1 60 0
729 8 609 0 24 -12851 1 60 0
730 12 609 742 24 -6 1 55 55
731 12 742 609 -24 6 1 51 51
732 8 742 0 -24 -12851 1 60 0
733 8 742 0 6 -12851 1 60 0
734 8 1100 0 -6 -12851 1 60 0
735 12 500 742 -24 6 1 55 55
736 8 1100 0 6 -12851 1 55 0
737 12 742 903 24 -6 0 55 55
738 12 1100 742 -24 6 0 55 51
739 8 500 0 24 -12851 0 60 0
740 8 742 0 6 -12851 0 55 0
741 12 742 903 24 -6 0 55 51
742 12 742 609 24 -6 0 51 51
743 8 903 0 -24 -12851 1 60 0
744 8 742 0 24 -12851 1 60 0
745 8 1100 0 -6 -12851 1 60 0
746 8 609 0 -6 -12851 0 55 0
747 12 500 742 24 -6 0 55 55
748 12 609 742 -24 6 0 55 55
749 8 903 0 24 -12851 1 55 0
750 12 500 742 -24 6 0 51 55
751 8 609 0 -6 -12851 0 60 0
752 8 609 0 -24 -12851 1 60 0
753 12 500 742 -24 6 0 51 55
754 12 903 742 -24 6 0 55 55
755 12 742 903 -24 6 0 55 55
756 12 742 609 -24 6 0 51 51
757 8 742 0 -6 -12851 0 60 0
758 8 1100 0 -24 -12851 0 55 0
759 8 903 0 24 -12851 0 55 0
760 8 500 0 24 -12851 1 60 0
761 8 500 0 24 -12851 1 60 0
762 12 742 903 24 -6 1 51 55
763 8 903 0 6 -12851 1 55 0
764 12 742 500 24 -6 1 51 51
765 8 903 0 -6 -12851 0 60 0
766 12 609 742 -24 6 1 55 55
767 8 903 0 6 -12851 0 55 0
768 8 1100 0 6 -12851 0 60 0
769 8 742 0 -24 -12851 1 55 0
770 8 903 0 24 -12851 0 55 0
771 12 609 742 -24 6 0 51 51
772 12 903 742 -24 6 1 51 51
773 12 742 500 -24 6 0 55 55
774 12 609 742 24 -6 0 55 51
775 8 1100 0 -24 -12851 0 55 0
776 8 609 0 -6 -12851 0 55 0
777 8 500 0 -24 -12851 1 55 0
778 8 1100 0 6 -12851 0 55 0
779 8 500 0 -6 -12851 0 55 0
780 12 742 1100 24 -6 0 51 51
781 12 742 1100 -24 6 0 51 55
782 12 742 500 24 -6 1 51 51
783 12 903 742 -24 6 0 51 51
784 12 500 742 24 -6 0 55 55
785 8 500 0 -6 -12851 0 60 0
786 8 742 0 24 -12851 1 55 0
787 12 742 903 24 -6 0 55 55
788 12 903 742 24 -6 0 51 51
789 8 609 0 6 -12851 0 55 0
790 12 609 742 -24 6 0 55 55
791 8 742 0 -24 -12851 0 55 0
792 12 903 742 24 -6 0 55 51
793 12 742 1100 24 -6 0 51 51
794 8 609 0 24 -12851 0 60 0
795 12 742 903 -24 6 0 55 51
796 8 903 0 -6 -12851 0 55 0
797 12 742 903 -24 6 0 55 55
798 12 1100 742 -24 6 0 55 55
799 12 609 742 -24 6 0 51 55
800 12 1100 742 -24 6 0 55 55
801 8 903 0 -24 -12851 0 60 0
802 8 609 0 24 -12851 0 55 0
803 8 500 0 -24 -12851 0 55 0
804 12 609 742 24 -6 0 51 51
805 12 1100 742 -24 6 0 51 55
806 12 609 742 -24 6 0 55 51
807 8 500 0 6 -12851 0 60 0
808 8 609 0 24 -12851 0 60 0
809 12 742 1100 -24 6 0 51 51
810 12 500 742 -24 6 0 51 51
811 12 742 903 -24 6 0 51 55
812 8 903 0 24 -12851 0 55 0
813 12 500 742 24 -6 0 55 51
814 12 742 609 -24 6 0 55 55
815 8 609 0 6 -12851 0 55 0
816 8 903 0 24 -12851 0 60 0
817 8 500 0 -6 -12851 0 55 0
818 12 742 1100 24 -6 0 51 55
819 12 1100 742 -24 6 0 55 51
820 8 1100 0 6 -12851 0 60 0
821 12 1100 742 24 -6 0 55 51
822 8 742 0 -6 -12851 0 55 0
823 8 1100 0 6 -12851 0 55 0
824 12 500 742 -24 6 0 51 55
825 8 1100 0 24 -12851 0 60 0
826 8 742 0 -24 -12851 0 60 0
827 8 742 0 -6 -12851 0 55 0
828 12 500 742 -24 6 0 55 51
829 8 500 0 -6 -12851 0 55 0
830 8 500 0 24 -12851 0 60 0
831 8 1100 0 -24 -12851 0 55 0
832 12 742 1100 24 -6 0 51 51
833 8 742 0 -24 -12851 0 55 0
834 12 609 742 24 -6 0 51 51
835 8 742 0 6 -12851 0 55 0
836 8 742 0 -24 -12851 0 60 0
837 12 609 742 24 -6 0 51 55
838 8 903 0 -6 -12851 0 60 0
839 8 609 0 6 -12851 0 60 0
840 8 903 0 24 -12851 0 60 0
841 12 609 742 -24 6 0 55 55
842 12 609 742 -24 6 0 51 51
843 12 742 500 -24 6 0 51 55
844 12 742 903 24 -6 0 55 51
845 8 500 0 -24 -12851 0 55 0
846 12 1100 742 -24 6 0 51 55
847 8 1100 0 -6 -12851 0 60 0
848 12 742 500 24 -6 0 55 55
849 12 742 1100 24 -6 0 55 51
850 12 742 500 24 -6 0 51 51
851 12 742 609 -24 6 0 51 55
852 8 609 0 -6 -12851 0 55 0
853 8 903 0 -6 -12851 0 60 0
854 8 1100 0 24 -12851 0 55 0
855 12 903 742 -24 6 0 55 51
856 12 742 1100 -24 6 0 51 55
857 8 500 0 -6 -12851 0 60 0
858 8 609 0 24 -12851 0 55 0
859 12 742 609 -24 6 0 51 51
860 8 500 0 6 -12851 0 60 0
861 8 500 0 6 -12851 0 60 0
862 12 609 742 -24 6 0 51 51
863 12 742 609 -24 6 0 51 55
864 12 500 742 -24 6 0 51 51
865 8 609 0 24 -12851 0 55 0
866 12 903 742 24 -6 0 55 55
867 8 609 0 -24 -12851 0 55 0
868 8 500 0 6 -12851 0 60 0
869 12 742 609 -24 6 0 51 51
870 12 742 500 -24 6 0 55 55
871 12 903 742 24 -6 0 55 51
872 8 903 0 6 -12851 0 60 0
873 12 742 903 24 -6 0 51 51
874 8 500 0 6 -12851 0 55 0
875 8 903 0 6 -12851 0 60 0
876 8 742 0 -6 -12851 0 55 0
877 12 903 742 24 -6 0 51 55
878 8 742 0 -24 -12851 0 55 0
879 8 742 0 24 -12851 0 55 0
880 12 609 742 24 -6 0 51 55
881 12 903 742 -24 6 0 55 55
882 12 742 903 24 -6 0 55 51
883 8 903 0 -24 -12851 0 60 0
884 12 500 742 -24 6 0 51 51
885 8 1100 0 -24 -12851 0 55 0
886 12 1100 742 -24 6 0 51 51
887 12 500 742 -24 6 0 55 55
888 12 742 903 24 -6 0 55 51
889 12 609 742 -24 6 0 51 51
890 12 903 742 -24 6 0 51 55
891 8 1100 0 24 -12851 0 55 0
892 8 1100 0 -6 -12851 0 55 0
893 12 903 742 -24 6 0 55 55
894 8 609 0 -6 -12851 0 60 0
895 12 1100 742 24 -6 0 51 51
896 8 903 0 6 -12851 0 60 0
897 8 903 0 -24 -12851 0 60 0
898 8 1100 0 -24 -12851 0 55 0
899 8 903 0 -6 -12851 0 60 0
900 8 500 0 -24 -12851 0 55 0
901 8 742 0 24 -12851 0 55 0
902 8 742 0 -6 -12851 0 55 0
903 12 609 742 24 -6 0 51 51
904 12 742 903 -24 6 0 51 51
905 8 1100 0 6 -12851 0 55 0
906 12 609 742 24 -6 0 51 55
907 8 742 0 -24 -12851 0 55 0
908 8 500 0 -6 -12851 0 60 0
909 12 742 903 24 -6 0 51 51
910 12 742 903 24 -6 0 51 51
911 12 1100 742 -24 6 0 55 55
912 12 742 609 24 -6 0 55 51
913 12 742 609 24 -6 0 51 51
914 12 742 1100 24 -6 0 55 51
915 8 1100 0 -6 -12851 0 60 0
916 12 903 742 -24 6 0 51 51
917 8 903 0 24 -12851 0 60 0
918 12 609 742 24 -6 0 55 51
919 12 500 742 24 -6 0 55 55
920 12 500 742 24 -6 0 51 51
921 8 500 0 -24 -12851 0 60 0
922 8 609 0 24 -12851 0 55 0
923 8 609 0 -6 -12851 0 60 0
924 12 609 742 24 -6 0 51 51
925 12 1100 742 24 -6 0 51 55
926 12 742 609 -24 6 0 55 55
927 8 609 0 -6 -12851 0 60 0
928 12 742 1100 -24 6 0 51 51
929 12 1100 742 24 -6 0 55 51
930 12 1100 742 24 -6 0 51 51
931 12 742 500 -24 6 0 51 55
932 8 609 0 6 -12851 0 55 0
933 8 609 0 -24 -12851 0 55 0
934 12 742 609 24 -6 0 51 55
935 12 1100 742 24 -6 0 51 55
936 12 500 742 -24 6 0 51 55
937 8 1100 0 6 -12851 0 60 0
938 8 742 0 24 -12851 0 60 0
939 12 742 1100 -24 6 0 55 55
940 8 500 0 24 -12851 0 55 0
941 12 742 500 -24 6 0 51 51
942 8 500 0 -6 -12851 0 60 0
943 12 742 609 -24 6 0 51 55
944 8 903 0 -24 -12851 0 55 0
945 12 609 742 24 -6 0 55 55
946 12 742 1100 24 -6 0 55 51
947 8 1100 0 -24 -12851 0 55 0
948 12 742 609 24 -6 0 51 51
949 8 1100 0 -6 -12851 0 55 0
950 12 500 742 -24 6 0 51 51
951 8 500 0 -6 -12851 0 55 0
952 12 742 609 24 -6 0 55 55
953 12 742 903 24 -6 0 55 55
954 8 903 0 -6 -12851 0 60 0
955 8 903 0 24 -12851 0 55 0
956 8 742 0 6 -12851 0 60 0
957 8 609 0 -6 -12851 0 60 0
958 12 609 742 24 -6 0 51 55
959 12 903 742 -24 6 0 55 51
960 8 742 0 -6 -12851 0 60 0
961 12 500 742 24 -6 0 55 55
962 8 609 0 -24 -12851 0 60 0
963 12 742 609 24 -6 0 55 55
964 12 609 742 24 -6 0 51 51
965 12 609 742 -24 6 0 55 51
966 8 742 0 24 -12851 0 60 0
967 8 742 0 6 -12851 0 55 0
968 12 742 609 24 -6 0 55 55
969 12 500 742 -24 6 0 51 55
970 12 742 500 24 -6 0 51 51
971 8 1100 0 6 -12851 0 60 0
972 8 903 0 24 -12851 0 55 0
973 8 903 0 6 -12851 0 55 0
974 12 742 1100 -24 6 0 55 55
975 12 609 742 24 -6 0 51 55
976 12 742 903 -24 6 0 51 51
977 8 500 0 -6 -12851 0 55 0
978 8 500 0 6 -12851 0 60 0
979 12 742 1100 24 -6 0 51 55
980 12 742 609 -24 6 0 51 51
981 8 1100 0 -24 -12851 0 55 0
982 8 1100 0 6 -12851 0 55 0
983 8 742 0 24 -12851 0 55 0
984 12 903 742 24 -6 0 51 55
985 12 742 903 -24 6 0 55 51
986 12 742 903 -24 6 0 55 55
987 12 1100 742 -24 6 0 51 51
988 8 742 0 24 -12851 0 55 0
989 8 903 0 -6 -12851 0 55 0
990 12 1100 742 24 -6 0 55 55
991 8 609 0 24 -12851 0 60 0
992 12 742 903 -24 6 0 51 55
993 12 500 742 24 -6 0 55 55
994 12 742 1100 24 -6 0 55 51
995 8 609 0 24 -12851 0 55 0
996 8 500 0 -6 -12851 0 60 0
997 8 609 0 6 -12851 0 55 0
998 8 742 0 6 -12851 0 60 0
999 8 742 0 6 -12851 0 55 0
1000 8 1100 0 24 -12851 0 60 0
1001 8 609 0 -24 -12851 0 55 0
1002 8 1100 0 6 -12851 0 60 0
1003 12 1100 742 24 -6 0 51 55
1004 8 609 0 24 -12851 0 55 0
1005 12 742 903 -24 6 0 51 51
1006 12 742 903 24 -6 0 51 51
1007 12 742 903 -24 6 0 55 55
1008 12 1100 742 -24 6 0 55 55
1009 8 742 0 24 -12851 0 60 0
1010 12 742 609 24 -6 0 51 51
1011 12 609 742 24 -6 0 55 51
1012 8 1100 0 -24 -12851 0 60 0
1013 8 903 0 -6 -12851 0 60 0
1014 8 903 0 -24 -12851 0 55 0
1015 8 609 0 -6 -12851 0 55 0
1016 12 903 742 -24 6 0 51 51
1017 8 500 0 -6 -12851 0 60 0
1018 12 903 742 24 -6 0 51 51
1019 12 609 742 24 -6 0 51 55
1020 8 500 0 24 -12851 0 55 0
1021 8 500 0 -24 -12851 0 60 0
1022 12 742 903 24 -6 0 51 51
1023 12 609 742 24 -6 0 55 51
1024 12 609 742 -24 6 0 55 51
1025 12 500 742 24 -6 0 55 55
1026 8 903 0 6 -12851 0 55 0
1027 8 742 0 6 -12851 0 60 0
1028 8 500 0 24 -12851 0 60 0
1029 8 500 0 24 -12851 0 60 0
1030 8 500 0 -6 -12851 0 60 0
1031 12 903 742 24 -6 0 55 55
1032 12 903 742 24 -6 0 51 51
1033 8 500 0 -6 -12851 0 55 0
1034 8 609 0 24 -12851 0 60 0
1035 12 903 742 -24 6 0 51 55
1036 12 609 742 -24 6 0 51 51
1037 8 903 0 -24 -12851 0 60 0
1038 12 903 742 -24 6 0 55 55
1039 12 1100 742 -24 6 0 55 51
1040 8 903 0 -24 -12851 0 60 0
1041 12 609 742 24 -6 0 55 55
1042 8 609 0 -6 -12851 0 60 0
1043 8 742 0 24 -12851 0 60 0
1044 12 1100 742 -24 6 0 51 55
1045 8 1100 0 -6 -12851 0 55 0
1046 8 903 0 -24 -12851 0 60 0
1047 12 1100 742 -24 6 0 55 55
1048 12 500 742 -24 6 0 51 51
1049 12 742 500 -24 6 0 55 51
1050 8 609 0 -6 -12851 0 60 0
1051 12 500 742 24 -6 0 51 51
1052 12 742 500 24 -6 0 55 55
1053 8 742 0 24 -12851 0 55 0
1054 12 742 609 -24 6 0 51 55
1055 12 742 1100 -24 6 0 51 55
1056 8 1100 0 -24 -12851 0 55 0
1057 8 1100 0 -6 -12851 0 55 0
1058 12 742 609 -24 6 0 51 55
1059 8 742 0 -24 -12851 0 55 0
1060 8 500 0 -6 -12851 0 60 0
1061 8 500 0 6 -12851 0 55 0
1062 8 742 0 -6 -12851 0 55 0
1063 12 500 742 -24 6 0 51 55
1064 8 1100 0 6 -12851 0 60 0
1065 8 1100 0 -6 -12851 0 60 0
1066 8 609 0 6 -12851 0 55 0
1067 12 609 742 24 -6 0 51 51
1068 12 903 742 -24 6 0 55 51
1069 12 742 903 24 -6 0 55 55
1070 8 500 0 24 -12851 0 55 0
1071 8 500 0 -24 -12851 0 60 0
1072 8 609 0 6 -12851 0 60 0
1073 8 609 0 6 -12851 0 55 0
1074 12 500 742 24 -6 0 51 51
1075 12 742 1100 -24 6 0 55 55
1076 12 742 903 -24 6 0 51 51
1077 8 1100 0 6 -12851 0 55 0
1078 12 742 903 -24 6 0 51 51
1079 8 903 0 6 -12851 0 60 0
1080 12 1100 742 -24 6 0 51 51
1081 12 609 742 -24 6 0 55 55
1082 8 742 0 -24 -12851 0 55 0
1083 8 742 0 6 -12851 0 60 0
1084 12 1100 742 -24 6 0 51 51
1085 8 903 0 -6 -12851 0 55 0
1086 8 903 0 24 -12851 0 55 0
1087 12 742 609 -24 6 0 51 51
1088 8 1100 0 -6 -12851 0 60 0
1089 12 742 1100 -24 6 0 55 55
1090 8 1100 0 6 -12851 0 55 0
1091 8 609 0 -6 -12851 0 60 0
1092 8 609 0 -6 -12851 0 55 0
1093 8 1100 0 24 -12851 0 60 0
1094 12 903 742 24 -6 0 55 51
1095 12 903 742 -24 6 0 51 55
1096 12 742 903 -24 6 0 55 55
1097 8 903 0 -24 -12851 0 55 0
1098 12 742 903 -24 6 0 51 55
1099 12 742 903 24 -6 0 51 51
1100 8 742 0 24 -12851 0 55 0
1101 12 609 742 24 -6 0 51 51
1102 12 500 742 -24 6 0 55 51
1103 8 903 0 6 -12851 0 60 0
1104 12 742 500 -24 6 0 51 55
1105 12 1100 742 -24 6 0 51 55
1106 12 742 609 -24 6 0 55 55
1107 8 609 0 -24 -12851 0 55 0
1108 12 742 1100 24 -6 0 51 51
1109 12 742 903 24 -6 0 55 51
1110 8 742 0 -24 -12851 0 60 0
1111 12 1100 742 -24 6 0 55 51
1112 12 609 742 24 -6 0 51 51
1113 8 1100 0 6 -12851 0 55 0
1114 8 500 0 -6 -12851 0 55 0
1115 12 742 609 -24 6 0 51 55
1116 12 500 742 24 -6 0 51 55
1117 12 903 742 -24 6 0 55 55
1118 12 742 1100 24 -6 0 55 51
1119 8 742 0 6 -12851 0 60 0
1120 8 500 0 24 -12851 0 55 0
1121 12 1100 742 -24 6 0 51 51
1122 12 742 609 24 -6 0 51 51
1123 12 742 1100 -24 6 0 55 55
1124 8 903 0 24 -12851 0 60 0
1125 12 742 903 -24 6 0 55 55
1126 12 1100 742 -24 6 0 55 51
1127 12 742 500 24 -6 0 55 51
1128 12 609 742 -24 6 0 55 51
1129 12 609 742 24 -6 0 51 51
1130 8 500 0 -24 -12851 0 60 0
1131 8 903 0 6 -12851 0 55 0
1132 8 903 0 -6 -12851 0 60 0
1133 12 742 609 -24 6 0 51 51
1134 8 903 0 24 -12851 0 60 0
1135 8 500 0 -24 -12851 0 55 0
1136 12 500 742 24 -6 0 55 51
1137 8 742 0 -6 -12851 0 60 0
1138 12 1100 742 -24 6 0 55 51
1139 8 500 0 -24 -12851 0 60 0
1140 8 903 0 6 -12851 0 55 0
1141 12 742 500 -24 6 0 55 55
1142 12 500 742 24 -6 0 55 55
1143 8 609 0 6 -12851 0 60 0
1144 8 1100 0 -24 -12851 0 60 0
1145 12 742 500 24 -6 0 51 55
1146 8 500 0 -6 -12851 0 60 0
1147 12 742 609 24 -6 0 51 51
1148 8 1100 0 -6 -12851 0 60 0
1149 12 742 903 -24 6 0 55 55
1150 8 742 0 24 -12851 0 60 0
1151 8 609 0 6 -12851 0 55 0
1152 8 609 0 24 -12851 0 55 0
1153 12 742 500 -24 6 0 51 51
1154 12 742 1100 -24 6 0 55 55
1155 8 742 0 -6 -12851 0 60 0
1156 12 903 742 24 -6 0 51 51
1157 12 742 609 -24 6 0 55 51
1158 8 1100 0 -24 -12851 0 60 0
1159 12 1100 742 -24 6 0 51 55
1160 12 903 742 24 -6 0 51 55
1161 8 903 0 24 -12851 0 55 0
1162 8 903 0 6 -12851 0 55 0
1163 8 1100 0 6 -12851 0 55 0
1164 12 1100 742 24 -6 0 51 51
1165 12 742 609 24 -6 0 55 51
1166 8 903 0 6 -12851 0 60 0
1167 8 500 0 6 -12851 0 55 0
1168 12 742 1100 24 -6 0 51 55
1169 8 742 0 -24 -12851 0 60 0
1170 8 742 0 -6 -12851 0 60 0
1171 8 1100 0 24 -12851 0 55 0
1172 8 742 0 -24 -12851 0 60 0
1173 12 742 609 24 -6 0 55 55
1174 12 742 1100 24 -6 0 55 55
1175 12 500 742 24 -6 0 55 55
1176 8 500 0 6 -12851 0 60 0
1177 12 903 742 -24 6 0 51 51
1178 12 500 742 -24 6 0 51 51
1179 12 742 1100 -24 6 0 51 51
1180 8 1100 0 6 -12851 0 55 0
1181 8 903 0 -6 -12851 0 60 0
1182 12 742 903 -24 6 0 51 51
1183 8 500 0 -6 -12851 0 55 0
1184 8 609 0 -24 -12851 0 55 0
1185 12 742 1100 24 -6 0 55 55
1186 12 742 500 -24 6 0 51 51
1187 8 609 0 6 -12851 0 55 0
1188 12 742 1100 -24 6 0 51 51
1189 8 609 0 -24 -12851 0 60 0
1190 12 1100 742 -24 6 0 55 55
1191 8 500 0 -6 -12851 0 60 0
1192 8 500 0 6 -12851 0 55 0
1193 8 742 0 24 -12851 0 55 0
1194 12 903 742 -24 6 0 55 51
1195 12 742 1100 -24 6 0 55 55
1196 12 500 742 24 -6 0 51 55
1197 12 742 903 -24 6 0 55 55
1198 8 903 0 24 -12851 0 60 0
1199 12 500 742 24 -6 0 55 55
1200 8 500 0 24 -12851 0 60 0
1201 12 609 742 24 -6 0 51 55
1202 8 609 0 -6 -12851 0 60 0
1203 8 609 0 6 -12851 0 60 0
1204 12 500 742 24 -6 0 51 51
1205 12 742 1100 24 -6 0 55 51
1206 8 609 0 6 -12851 0 55 0
1207 12 500 742 -24 6 0 55 51
1208 8 500 0 -6 -12851 0 60 0
1209 8 742 0 6 -12851 0 60 0
1210 12 742 903 24 -6 0 51 51
1211 8 903 0 24 -12851 0 60 0
1212 12 742 609 24 -6 0 51 55
1213 8 903 0 -24 -12851 0 60 0
1214 12 742 1100 24 -6 0 55 55
1215 12 742 609 24 -6 0 55 55
1216 12 609 742 -24 6 0 51 55
1217 8 742 0 24 -12851 0 55 0
1218 12 742 609 24 -6 0 55 55
1219 12 500 742 -24 6 0 55 55
1220 8 1100 0 -24 -12851 0 55 0
1221 12 903 742 -24 6 0 51 51
1222 8 1100 0 -6 -12851 0 55 0
1223 8 1100 0 6 -12851 0 60 0
1224 8 500 0 -24 -12851 0 60 0
1225 12 1100 742 -24 6 0 51 51
1226 12 742 903 -24 6 0 51 51
1227 12 742 1100 24 -6 0 51 51
1228 8 500 0 24 -12851 0 55 0
1229 8 742 0 24 -12851 0 60 0
1230 12 742 903 -24 6 0 51 55
1231 12 609 742 24 -6 0 55 51
1232 12 609 742 24 -6 0 51 51
1233 12 500 742 24 -6 0 55 51
1234 8 903 0 -6 -12851 0 60 0
1235 8 500 0 -6 -12851 0 55 0
1236 12 742 500 -24 6 0 55 51
1237 12 742 609 24 -6 0 55 51
1238 8 609 0 -24 -12851 0 60 0
1239 8 609 0 -24 -12851 0 60 0
1240 8 609 0 -6 -12851 0 55 0
1241 12 742 500 24 -6 0 55 55
1242 8 500 0 6 -12851 0 60 0
1243 8 742 0 -24 -12851 0 60 0
1244 12 1100 742 -24 6 0 51 55
1245 12 500 742 24 -6 0 55 55
1246 8 903 0 -6 -12851 0 60 0
1247 8 903 0 6 -12851 0 55 0
1248 8 742 0 24 -12851 0 60 0
1249 12 903 742 -24 6 0 51 51
1250 12 903 742 -24 6 0 51 51
1251 8 1100 0 -6 -12851 0 60 0
1252 8 1100 0 24 -12851 0 55 0
1253 8 1100 0 -24 -12851 0 55 0
1254 12 742 500 -24 6 0 51 55
1255 8 742 0 24 -12851 0 55 0
1256 8 742 0 -6 -12851 0 55 0
1257 8 903 0 24 -12851 0 60 0
1258 8 742 0 6 -12851 0 60 0
1259 12 1100 742 24 -6 0 55 51
1260 8 742 0 -6 -12851 0 60 0
1261 8 1100 0 24 -12851 0 55 0
1262 8 903 0 6 -12851 0 55 0
1263 12 1100 742 24 -6 0 55 51
1264 8 1100 0 -6 -12851 0 60 0
1265 12 742 1100 24 -6 0 55 55
1266 12 742 903 24 -6 0 51 51
1267 8 1100 0 24 -12851 0 55 0
1268 8 903 0 -6 -12851 0 60 0
1269 12 609 742 24 -6 0 51 55
1270 12 742 500 24 -6 0 51 51
1271 12 742 1100 24 -6 0 51 55
1272 8 500 0 -6 -12851 0 55 0
1273 8 609 0 -24 -12851 0 55 0
1274 12 742 1100 24 -6 0 55 51
1275 12 903 742 24 -6 0 55 55
1276 8 500 0 6 -12851 0 55 0
1277 8 609 0 -24 -12851 0 55 0
1278 8 609 0 6 -12851 0 60 0
1279 12 903 742 -24 6 0 51 55
1280 8 500 0 -6 -12851 0 60 0
1281 8 742 0 24 -12851 0 55 0
1282 8 742 0 6 -12851 0 55 0
1283 8 903 0 6 -12851 0 60 0
1284 8 742 0 24 -12851 0 55 0
1285 8 742 0 6 -12851 0 55 0
1286 8 1100 0 6 -12851 0 55 0
1287 8 903 0 24 -12851 0 60 0
1288 12 609 742 -24 6 0 51 51
1289 12 742 903 24 -6 0 51 55
1290 8 1100 0 -6 -12851 0 55 0
1291 12 742 609 -24 6 0 55 55
1292 8 1100 0 6 -12851 0 60 0
1293 8 903 0 6 -12851 0 60 0
1294 12 742 903 -24 6 0 51 51
1295 12 903 742 -24 6 0 51 51
1296 12 609 742 -24 6 0 55 55
1297 12 903 742 24 -6 0 51 51
1298 12 742 1100 24 -6 0 55 55
1299 8 500 0 6 -12851 0 55 0
1300 12 500 742 -24 6 0 55 51
1301 8 609 0 -6 -12851 0 55 0
1302 12 742 609 -24 6 0 55 55
1303 8 500 0 -6 -12851 0 60 0
1304 12 742 1100 24 -6 0 51 55
