264 12 742 609 24 -6 1 51 55
265 8 1100 0 -6 -12851 1 60 0
266 12 742 500 -24 6 0 51 51
267 12 742 500 -24 6 1 55 55
268 12 742 1100 24 -6 1 51 55
269 8 742 0 -6 -12851 0 55 0
270 8 609 0 -24 -12851 1 55 0
271 8 903 0 -6 -12851 1 60 0
272 8 903 0 6 -12851 0 60 0
273 12 500 742 -24 6 1 51 51
274 12 903 742 24 -6 1 51 51
275 8 903 0 -24 -12851 1 60 0
276 8 903 0 24 -12851 1 60 0
277 8 903 0 -24 -12851 1 55 0
278 12 742 500 -24 6 1 51 51
279 8 903 0 24 -12851 1 60 0
280 8 742 0 -6 -12851 1 55 0
281 8 609 0 24 -12851 1 55 0
282 12 742 500 24 -6 1 55 55
283 8 500 0 24 -12851 1 60 0
284 12 742 1100 24 -6 1 51 51
285 12 742 609 -24 6 1 55 51
286 8 500 0 -6 -12851 0 60 0
287 12 742 903 24 -6 0 51 51
288 8 742 0 -6 -12851 1 55 0
289 8 500 0 -6 -12851 1 55 0
290 8 609 0 -6 -12851 1 60 0
291 12 742 1100 -24 6 1 51 51
292 8 742 0 6 -12851 1 55 0
293 12 742 1100 -24 6 1 51 55
294 12 742 609 -24 6 1 51 55
295 8 1100 0 -6 -12851 0 55 0
296 8 1100 0 6 -12851 1 55 0
297 12 500 742 -24 6 0 51 55
298 12 903 742 24 -6 1 55 51
299 8 1100 0 6 -12851 1 55 0
300 12 903 742 24 -6 0 55 55
301 8 609 0 -24 -12851 0 60 0
302 12 742 1100 24 -6 0 55 55
303 12 742 609 24 -6 1 51 51
304 12 609 742 -24 6 0 51 51
305 12 1100 742 -24 6 1 55 55
306 8 742 0 -6 -12851 1 60 0
307 8 742 0 24 -12851 1 55 0
308 12 1100 742 24 -6 0 55 51
309 12 903 742 24 -6 1 55 51
310 8 500 0 -6 -12851 1 60 0
311 12 742 500 24 -6 1 51 55
312 12 609 742 -24 6 1 55 55
313 12 500 742 -24 6 1 55 55
314 8 903 0 -6 -12851 0 60 0
315 12 500 742 24 -6 0 51 55
316 12 903 742 24 -6 1 55 55
317 8 1100 0 24 -12851 1 60 0
318 8 1100 0 6 -12851 1 55 0
319 8 903 0 6 -12851 0 55 0
320 12 742 500 -24 6 1 51 55
321 8 1100 0 -24 -12851 1 60 0
322 12 742 1100 -24 6 1 51 51
323 8 500 0 24 -12851 0 55 0
324 8 903 0 6 -12851 1 55 0
325 8 609 0 -24 -12851 1 55 0
326 8 742 0 6 -12851 0 55 0
327 8 609 0 6 -12851 0 55 0
328 12 500 742 24 -6 0 55 55
329 12 1100 742 -24 6 0 51 51
330 12 742 609 24 -6 1 51 51
331 12 742 903 -24 6 0 55 55
332 12 742 500 -24 6 0 55 51
333 8 500 0 6 -12851 1 60 0
334 8 742 0 6 -12851 0 60 0
335 12 500 742 24 -6 1 51 55
336 12 609 742 24 -6 1 51 55
337 8 609 0 6 -12851 0 55 0
338 12 903 742 -24 6 1 55 55
339 8 903 0 6 -12851 0 55 0
340 12 903 742 24 -6 1 55 55
341 8 903 0 -24 -12851 1 55 0
342 8 903 0 6 -12851 1 60 0
343 12 742 609 -24 6 1 55 51
344 8 903 0 24 -12851 1 60 0
345 8 742 0 24 -12851 0 55 0
346 12 903 742 24 -6 0 55 51
347 8 1100 0 -24 -12851 1 60 0
348 8 1100 0 -24 -12851 1 55 0
349 8 742 0 -6 -12851 0 60 0
350 8 1100 0 -24 -12851 0 60 0
351 8 609 0 6 -12851 0 60 0
352 8 500 0 -6 -12851 0 55 0
353 8 742 0 -6 -12851 1 55 0
354 12 1100 742 -24 6 1 51 55
355 8 609 0 -24 -12851 1 60 0
356 8 609 0 -24 -12851 1 55 0
357 12 903 742 -24 6 0 51 55
358 12 742 903 -24 6 1 51 51
359 8 500 0 24 -12851 0 60 0
360 12 1100 742 24 -6 1 55 55
361 12 903 742 24 -6 1 55 55
362 8 500 0 -24 -12851 1 55 0
363 8 742 0 6 -12851 0 60 0
364 8 742 0 24 -12851 1 55 0
365 8 903 0 -6 -12851 0 55 0
366 12 500 742 -24 6 0 55 51
367 12 609 742 24 -6 0 55 51
368 8 1100 0 -6 -12851 1 60 0
369 8 1100 0 -6 -12851 1 60 0
370 8 500 0 6 -12851 0 55 0
371 8 903 0 -24 -12851 1 60 0
372 12 609 742 24 -6 1 51 55
373 8 742 0 -6 -12851 1 60 0
374 12 742 609 -24 6 1 51 51
375 12 742 500 24 -6 1 55 55
376 8 1100 0 6 -12851 0 55 0
377 8 903 0 24 -12851 1 60 0
378 8 500 0 -24 -12851 1 60 0
379 8 742 0 24 -12851 1 55 0
380 8 500 0 24 -12851 0 55 0
381 8 609 0 -24 -12851 1 55 0
382 8 609 0 -24 -12851 1 60 0
383 8 609 0 24 -12851 1 55 0
384 12 1100 742 24 -6 0 55 55
385 12 742 903 24 -6 1 55 51
386 12 903 742 24 -6 1 55 55
387 12 742 903 24 -6 1 55 51
388 12 609 742 -24 6 1 51 51
389 8 742 0 -6 -12851 0 55 0
390 8 742 0 6 -12851 1 55 0
391 8 903 0 24 -12851 1 55 0
392 8 742 0 6 -12851 0 60 0
393 12 742 903 -24 6 0 51 55
394 12 742 609 24 -6 0 51 55
395 12 500 742 24 -6 1 51 51
396 12 500 742 -24 6 0 55 55
397 8 609 0 6 -12851 0 55 0
398 12 742 609 24 -6 1 55 51
399 12 742 903 24 -6 0 55 55
400 12 742 500 24 -6 0 55 55
401 12 742 609 24 -6 1 55 55
402 12 742 500 24 -6 0 55 51
403 8 903 0 6 -12851 1 55 0
404 12 500 742 -24 6 1 51 51
405 12 903 742 -24 6 1 51 55
406 8 742 0 6 -12851 0 60 0
407 12 609 742 -24 6 0 55 51
408 8 1100 0 -6 -12851 0 55 0
409 8 500 0 6 -12851 0 55 0
410 8 609 0 24 -12851 0 60 0
411 12 742 903 24 -6 0 51 51
412 8 500 0 -24 -12851 0 55 0
413 8 1100 0 24 -12851 0 60 0
414 12 903 742 24 -6 1 51 55
415 12 500 742 -24 6 0 51 55
416 12 1100 742 24 -6 1 51 55
417 8 500 0 6 -12851 0 60 0
418 8 903 0 -6 -12851 1 55 0
419 8 1100 0 6 -12851 0 55 0
420 8 609 0 24 -12851 0 55 0
421 8 1100 0 6 -12851 0 60 0
422 12 742 500 24 -6 0 51 51
423 12 500 742 -24 6 0 55 51
424 12 742 500 -24 6 0 51 51
425 12 500 742 24 -6 0 55 51
426 8 1100 0 6 -12851 0 55 0
427 12 1100 742 -24 6 0 51 55
428 12 742 1100 24 -6 0 55 55
429 12 500 742 -24 6 0 51 51
430 8 903 0 -24 -12851 0 60 0
431 12 742 609 -24 6 0 51 51
432 8 903 0 -24 -12851 0 60 0
433 12 903 742 24 -6 0 51 51
434 12 500 742 24 -6 0 55 55
435 8 742 0 6 -12851 0 60 0
436 12 1100 742 -24 6 0 55 51
437 12 903 742 -24 6 0 55 51
438 12 609 742 -24 6 0 55 55
439 8 903 0 -24 -12851 0 60 0
440 12 903 742 -24 6 0 55 55
441 8 742 0 24 -12851 0 60 0
442 8 609 0 6 -12851 0 60 0
443 8 742 0 -6 -12851 0 55 0
444 12 609 742 24 -6 0 55 51
445 12 742 609 -24 6 0 55 55
446 8 500 0 6 -12851 0 60 0
447 12 742 903 -24 6 0 55 55
448 12 742 609 24 -6 0 51 51
449 8 1100 0 -24 -12851 0 60 0
450 12 742 903 -24 6 0 55 55
451 12 500 742 -24 6 0 51 51
452 8 500 0 6 -12851 0 60 0
453 12 1100 742 -24 6 0 51 51
454 12 742 500 -24 6 0 51 55
455 8 500 0 6 -12851 0 55 0
456 12 742 903 24 -6 0 55 51
457 8 609 0 6 -12851 0 60 0
458 12 742 500 24 -6 0 51 51
459 8 609 0 6 -12851 0 60 0
460 12 903 742 -24 6 0 55 55
461 12 903 742 24 -6 0 55 51
462 8 1100 0 -6 -12851 0 60 0
463 8 500 0 24 -12851 0 60 0
464 8 500 0 -24 -12851 0 55 0
465 12 742 609 24 -6 0 51 51
466 12 742 609 -24 6 0 55 55
467 12 903 742 24 -6 0 51 55
468 12 500 742 -24 6 0 55 51
469 12 903 742 24 -6 0 51 55
470 12 742 903 -24 6 0 51 55
471 12 903 742 -24 6 0 55 51
472 12 742 500 24 -6 0 51 55
473 8 742 0 6 -12851 0 55 0
474 8 1100 0 -24 -12851 0 60 0
475 8 609 0 -24 -12851 0 55 0
476 8 742 0 -6 -12851 0 55 0
477 8 609 0 -24 -12851 0 55 0
478 12 903 742 -24 6 0 55 55
479 8 1100 0 24 -12851 0 60 0
480 12 500 742 24 -6 0 51 51
481 8 609 0 6 -12851 0 55 0
482 8 903 0 -24 -12851 0 55 0
483 12 742 500 -24 6 0 55 55
484 12 742 500 -24 6 0 51 55
485 8 1100 0 24 -12851 0 60 0
486 12 609 742 24 -6 0 51 51
487 12 742 1100 -24 6 0 55 55
488 8 903 0 6 -12851 0 55 0
489 8 500 0 -6 -12851 0 55 0
490 12 742 1100 24 -6 0 55 51
491 8 742 0 24 -12851 0 60 0
492 8 903 0 6 -12851 0 60 0
493 8 500 0 -6 -12851 0 60 0
494 8 903 0 6 -12851 0 55 0
495 12 1100 742 -24 6 0 51 51
496 12 500 742 -24 6 0 55 55
497 8 903 0 24 -12851 0 60 0
498 8 742 0 24 -12851 0 55 0
499 12 742 1100 24 -6 0 51 55
500 8 1100 0 -6 -12851 0 55 0
501 8 742 0 -6 -12851 0 55 0
502 12 1100 742 -24 6 0 51 55
503 12 742 500 -24 6 0 55 51
504 8 903 0 -24 -12851 0 55 0
505 12 742 903 -24 6 0 55 55
506 8 903 0 24 -12851 0 60 0
507 8 1100 0 24 -12851 0 60 0
508 8 742 0 24 -12851 0 55 0
509 12 609 742 24 -6 0 55 55
510 12 742 1100 24 -6 0 55 55
511 8 500 0 -6 -12851 0 60 0
512 12 742 1100 24 -6 0 51 51
513 12 742 609 -24 6 0 51 55
514 8 609 0 6 -12851 0 55 0
515 12 903 742 24 -6 0 51 51
516 8 1100 0 6 -12851 0 60 0
517 8 609 0 -6 -12851 0 55 0
518 12 742 609 24 -6 0 51 51
519 12 500 742 24 -6 0 55 55
520 12 1100 742 -24 6 0 51 55
521 12 609 742 24 -6 0 55 55
522 12 742 903 -24 6 0 51 51
523 12 903 742 24 -6 0 51 51
524 8 609 0 -24 -12851 0 55 0
525 8 500 0 -6 -12851 0 60 0
526 12 742 609 24 -6 0 55 55
527 8 500 0 -24 -12851 0 55 0
528 12 500 742 -24 6 0 55 55
529 8 1100 0 -6 -12851 0 60 0
530 12 903 742 -24 6 0 55 55
531 8 1100 0 6 -12851 0 55 0
532 8 903 0 6 -12851 0 55 0
533 8 609 0 -24 -12851 0 60 0
534 12 500 742 -24 6 0 51 51
535 12 609 742 -24 6 0 51 51
536 8 609 0 -24 -12851 0 60 0
537 8 609 0 -6 -12851 0 60 0
538 12 500 742 24 -6 0 55 51
539 12 609 742 24 -6 0 51 55
540 8 500 0 -24 -12851 0 60 0
541 12 742 903 -24 6 0 51 55
542 12 742 903 -24 6 0 51 51
543 12 742 500 -24 6 0 51 55
544 12 742 609 24 -6 0 51 51
545 12 742 1100 24 -6 0 51 51
546 8 903 0 24 -12851 0 55 0
547 8 742 0 24 -12851 0 60 0
548 8 1100 0 6 -12851 0 55 0
549 12 609 742 -24 6 0 55 51
550 12 742 1100 24 -6 0 55 55
551 12 500 742 -24 6 0 51 51
552 8 500 0 -6 -12851 0 55 0
553 12 903 742 24 -6 0 51 51
554 8 903 0 6 -12851 0 60 0
555 12 742 500 -24 6 0 55 55
556 8 500 0 24 -12851 0 60 0
557 12 609 742 -24 6 0 51 55
558 8 742 0 -24 -12851 0 55 0
559 8 1100 0 24 -12851 0 55 0
560 8 742 0 24 -12851 0 60 0
561 12 742 609 24 -6 0 55 55
562 8 609 0 6 -12851 0 55 0
563 12 742 609 24 -6 0 55 55
564 12 742 1100 -24 6 0 51 51
565 8 609 0 6 -12851 0 55 0
566 12 903 742 -24 6 0 51 55
567 8 609 0 -24 -12851 0 60 0
568 12 742 609 -24 6 0 51 55
569 12 609 742 24 -6 0 55 55
570 12 742 1100 -24 6 0 51 51
571 12 500 742 24 -6 0 51 51
572 8 903 0 24 -12851 0 60 0
573 8 903 0 -24 -12851 0 55 0
574 8 500 0 6 -12851 0 60 0
575 12 742 1100 -24 6 0 51 55
576 8 1100 0 -24 -12851 0 55 0
577 8 500 0 24 -12851 0 60 0
578 8 742 0 -6 -12851 0 55 0
579 8 742 0 24 -12851 0 55 0
580 8 903 0 -24 -12851 0 60 0
581 8 609 0 24 -12851 0 60 0
582 8 742 0 -6 -12851 0 55 0
583 12 1100 742 -24 6 0 55 55
584 12 742 1100 24 -6 0 51 55
585 12 742 500 -24 6 0 51 51
586 8 1100 0 -24 -12851 0 55 0
587 8 1100 0 -6 -12851 0 55 0
588 12 609 742 24 -6 0 51 51
589 8 500 0 6 -12851 0 55 0
590 8 903 0 -6 -12851 0 55 0
591 12 742 500 -24 6 0 51 55
592 12 500 742 -24 6 0 51 51
593 12 742 903 -24 6 0 55 51
594 8 903 0 -6 -12851 0 60 0
595 12 1100 742 24 -6 0 51 55
596 8 742 0 6 -12851 0 60 0
597 12 742 500 -24 6 0 55 55
598 8 500 0 6 -12851 0 60 0
599 8 609 0 24 -12851 0 60 0
600 8 742 0 -24 -12851 0 60 0
601 12 742 500 24 -6 0 51 55
602 12 742 609 -24 6 0 55 51
603 8 1100 0 24 -12851 0 55 0
604 8 1100 0 24 -12851 0 60 0
605 8 742 0 6 -12851 0 55 0
606 8 1100 0 -6 -12851 0 60 0
607 8 500 0 -24 -12851 0 60 0
608 12 742 903 -24 6 0 51 51
609 12 609 742 24 -6 0 55 51
610 12 609 742 24 -6 0 55 55
611 8 903 0 -6 -12851 0 55 0
612 8 609 0 -6 -12851 0 55 0
613 8 609 0 -6 -12851 0 55 0
614 8 500 0 6 -12851 0 55 0
615 12 742 609 24 -6 0 55 51
616 8 903 0 -6 -12851 0 55 0
617 8 742 0 -24 -12851 0 60 0
618 12 742 500 -24 6 0 51 55
619 12 903 742 -24 6 0 55 55
620 8 742 0 -24 -12851 0 55 0
621 12 742 1100 -24 6 0 51 51
622 8 609 0 24 -12851 0 60 0
623 12 742 1100 -24 6 0 51 55
624 8 742 0 -24 -12851 0 60 0
625 12 742 500 -24 6 0 51 51
626 12 742 609 24 -6 0 55 51
627 8 903 0 -6 -12851 0 60 0
628 12 1100 742 24 -6 0 51 51
629 8 1100 0 -6 -12851 0 60 0
630 8 500 0 -24 -12851 0 60 0
631 12 903 742 -24 6 0 51 51
632 8 500 0 6 -12851 0 60 0
633 12 500 742 24 -6 0 55 55
634 8 742 0 -24 -12851 0 60 0
635 8 1100 0 -6 -12851 0 60 0
636 12 742 500 -24 6 0 55 51
637 8 609 0 6 -12851 0 55 0
638 8 609 0 6 -12851 0 55 0
639 8 500 0 24 -12851 0 60 0
640 8 1100 0 -24 -12851 0 55 0
641 8 903 0 -24 -12851 0 60 0
642 12 742 1100 -24 6 0 51 51
643 12 742 609 -24 6 0 55 55
644 12 609 742 -24 6 0 51 51
645 12 609 742 24 -6 0 55 55
646 8 903 0 -24 -12851 0 55 0
647 12 903 742 24 -6 0 51 51
648 12 742 500 24 -6 0 55 51
649 8 500 0 6 -12851 0 55 0
650 12 742 500 -24 6 0 51 55
651 12 1100 742 -24 6 0 51 51
652 12 742 903 -24 6 0 51 51
653 8 500 0 6 -12851 0 60 0
654 8 1100 0 -24 -12851 0 60 0
655 12 742 609 24 -6 0 51 51
656 12 742 500 -24 6 0 55 55
657 12 500 742 -24 6 0 55 55
658 8 742 0 6 -12851 0 55 0
659 8 609 0 6 -12851 0 60 0
660 12 500 742 -24 6 0 51 51
661 12 742 609 -24 6 0 55 55
662 8 903 0 24 -12851 0 60 0
663 8 500 0 24 -12851 0 60 0
664 12 742 903 24 -6 0 55 51
665 12 742 903 24 -6 0 51 51
666 8 609 0 -24 -12851 0 60 0
667 8 903 0 -6 -12851 0 55 0
668 8 1100 0 -6 -12851 0 55 0
669 12 903 742 -24 6 0 51 51
670 8 1100 0 -24 -12851 0 60 0
671 12 609 742 24 -6 0 51 51
672 12 742 903 24 -6 0 51 55
673 12 609 742 -24 6 0 51 51
674 12 742 609 -24 6 0 55 55
675 8 903 0 -6 -12851 0 55 0
676 8 609 0 -6 -12851 0 60 0
677 12 742 609 24 -6 0 51 55
678 12 500 742 -24 6 0 55 55
679 8 742 0 -6 -12851 0 55 0
680 12 742 903 -24 6 0 51 55
681 8 500 0 -6 -12851 0 55 0
682 12 742 609 -24 6 0 55 55
683 8 742 0 -24 -12851 0 60 0
684 8 500 0 24 -12851 0 55 0
685 8 500 0 6 -12851 0 55 0
686 8 1100 0 -24 -12851 0 55 0
687 8 500 0 6 -12851 0 60 0
688 8 500 0 24 -12851 0 60 0
689 12 742 609 24 -6 0 55 55
690 12 609 742 24 -6 0 55 51
691 8 903 0 6 -12851 0 60 0
692 12 1100 742 -24 6 0 51 55
693 12 742 609 24 -6 0 55 51
694 12 609 742 24 -6 0 55 51
695 8 609 0 6 -12851 0 60 0
696 12 742 500 -24 6 0 55 55
697 8 1100 0 -24 -12851 0 60 0
698 12 742 500 -24 6 0 51 55
699 12 903 742 24 -6 0 51 55
700 8 609 0 -6 -12851 0 60 0
701 12 500 742 -24 6 0 51 55
702 8 742 0 24 -12851 0 55 0
703 8 903 0 -24 -12851 0 55 0
704 12 742 903 24 -6 0 55 55
705 12 609 742 24 -6 0 55 55
706 12 742 609 24 -6 0 51 51
707 8 1100 0 -24 -12851 0 60 0
708 8 742 0 -24 -12851 0 60 0
709 8 609 0 -6 -12851 0 60 0
710 8 742 0 6 -12851 0 60 0
711 8 903 0 -24 -12851 0 55 0
712 8 1100 0 24 -12851 0 60 0
713 12 742 1100 -24 6 0 51 55
714 8 1100 0 -6 -12851 0 60 0
715 12 903 742 -24 6 0 55 55
716 8 1100 0 24 -12851 0 60 0
717 8 742 0 6 -12851 0 55 0
718 12 609 742 24 -6 0 55 55
719 12 903 742 24 -6 0 55 55
720 12 742 1100 24 -6 0 55 55
721 8 1100 0 6 -12851 0 55 0
722 12 742 609 -24 6 0 55 55
723 12 903 742 -24 6 0 55 55
724 8 500 0 -6 -12851 0 60 0
725 8 500 0 24 -12851 0 55 0
726 8 742 0 6 -12851 0 60 0
727 12 742 500 -24 6 0 51 51
728 12 1100 742 -24 6 0 55 55
729 8 742 0 -6 -12851 0 60 0
730 8 903 0 -24 -12851 0 60 0
731 12 742 609 24 -6 0 51 51
732 12 742 500 -24 6 0 51 51
733 12 500 742 -24 6 0 51 51
734 12 742 609 24 -6 0 55 55
735 12 903 742 24 -6 0 51 51
736 12 903 742 -24 6 0 55 51
737 8 903 0 -24 -12851 0 60 0
738 8 903 0 -6 -12851 0 60 0
739 8 609 0 -6 -12851 0 60 0
740 12 742 903 24 -6 0 51 55
741 12 1100 742 24 -6 0 51 51
742 8 609 0 -6 -12851 0 60 0
743 8 500 0 6 -12851 0 60 0
744 8 609 0 -6 -12851 0 60 0
745 12 609 742 -24 6 0 55 55
746 8 742 0 6 -12851 0 55 0
747 8 742 0 6 -12851 0 55 0
748 12 609 742 -24 6 0 55 55
749 12 742 1100 -24 6 0 55 55
750 12 742 1100 -24 6 0 51 55
751 12 742 609 24 -6 0 55 55
752 8 903 0 6 -12851 0 60 0
753 12 903 742 24 -6 0 51 55
754 8 742 0 -6 -12851 0 55 0
755 8 609 0 24 -12851 0 60 0
756 12 500 742 24 -6 0 55 51
757 8 903 0 24 -12851 0 60 0
758 8 742 0 -6 -12851 0 55 0
759 8 1100 0 24 -12851 0 55 0
760 12 903 742 24 -6 0 51 51
761 12 742 609 -24 6 0 55 55
762 12 742 500 -24 6 0 55 55
763 12 742 500 24 -6 0 51 51
764 12 742 609 24 -6 0 55 51
765 8 500 0 -6 -12851 0 55 0
766 8 609 0 6 -12851 0 60 0
767 8 500 0 6 -12851 0 60 0
768 12 742 500 -24 6 0 51 51
769 12 1100 742 24 -6 0 51 51
770 12 742 500 -24 6 0 51 51
771 12 742 903 24 -6 0 55 51
772 12 500 742 -24 6 0 55 55
773 12 742 500 24 -6 0 51 55
774 8 1100 0 -6 -12851 0 55 0
775 12 742 903 -24 6 0 51 51
776 12 500 742 -24 6 0 55 55
777 8 500 0 24 -12851 0 55 0
778 12 742 1100 24 -6 0 51 51
779 8 903 0 -24 -12851 0 60 0
780 12 1100 742 -24 6 0 51 51
781 12 500 742 24 -6 0 51 55
782 12 742 903 24 -6 0 55 51
783 8 1100 0 6 -12851 0 60 0
784 8 609 0 -6 -12851 0 60 0
785 8 500 0 24 -12851 0 55 0
786 8 500 0 6 -12851 0 55 0
787 12 742 1100 24 -6 0 51 55
788 12 742 609 24 -6 0 55 55
789 12 903 742 -24 6 0 51 51
790 12 742 500 -24 6 0 55 55
791 12 500 742 -24 6 0 55 51
792 8 609 0 -24 -12851 0 55 0
793 12 609 742 24 -6 0 51 51
794 12 742 500 24 -6 0 51 55
795 8 1100 0 -24 -12851 0 60 0
796 8 903 0 -6 -12851 0 60 0
797 8 500 0 -6 -12851 0 60 0
798 8 500 0 24 -12851 0 55 0
799 8 1100 0 -6 -12851 0 55 0
800 12 742 903 24 -6 0 55 51
801 12 500 742 -24 6 0 51 51
802 8 609 0 24 -12851 0 60 0
803 12 609 742 24 -6 0 55 55
804 8 742 0 6 -12851 0 60 0
805 12 742 609 24 -6 0 51 51
806 8 903 0 -24 -12851 0 55 0
807 8 609 0 24 -12851 0 55 0
808 8 1100 0 24 -12851 0 60 0
809 8 903 0 6 -12851 0 55 0
810 12 742 609 -24 6 0 51 51
811 8 742 0 -24 -12851 0 60 0
812 8 742 0 6 -12851 0 60 0
813 8 1100 0 24 -12851 0 60 0
814 12 742 903 -24 6 0 55 51
815 8 1100 0 6 -12851 0 60 0
816 12 742 609 -24 6 0 51 51
817 8 742 0 -6 -12851 0 60 0
818 8 903 0 24 -12851 0 60 0
819 12 500 742 -24 6 0 51 55
820 12 903 742 24 -6 0 51 51
821 8 742 0 6 -12851 0 60 0
822 8 609 0 6 -12851 0 60 0
823 12 742 1100 -24 6 0 51 55
824 8 500 0 -6 -12851 0 55 0
825 8 742 0 -6 -12851 0 55 0
826 8 903 0 -24 -12851 0 55 0
827 12 742 500 -24 6 0 55 51
828 8 1100 0 24 -12851 0 55 0
829 12 609 742 -24 6 0 55 51
830 8 903 0 6 -12851 0 60 0
831 8 1100 0 -24 -12851 0 60 0
832 12 500 742 24 -6 0 55 51
833 8 500 0 24 -12851 0 60 0
834 12 742 609 -24 6 0 55 55
835 8 609 0 -6 -12851 0 55 0
836 8 500 0 -24 -12851 0 60 0
837 12 1100 742 24 -6 0 51 51
838 8 609 0 24 -12851 0 55 0
839 8 903 0 6 -12851 0 55 0
840 12 609 742 24 -6 0 55 55
841 8 903 0 6 -12851 0 60 0
842 8 742 0 -6 -12851 0 55 0
843 12 609 742 -24 6 0 51 51
844 8 742 0 24 -12851 0 60 0
845 8 742 0 -24 -12851 0 60 0
846 12 742 609 -24 6 0 55 51
847 8 903 0 -6 -12851 0 55 0
848 8 903 0 -24 -12851 0 55 0
849 12 609 742 -24 6 0 51 55
850 12 500 742 24 -6 0 51 55
851 12 903 742 24 -6 0 51 55
852 8 500 0 24 -12851 0 60 0
853 12 742 609 -24 6 0 51 55
854 12 1100 742 -24 6 0 51 51
855 12 742 903 24 -6 0 51 51
856 8 500 0 -24 -12851 0 60 0
857 8 1100 0 6 -12851 0 60 0
858 12 1100 742 -24 6 0 51 55
859 12 742 500 -24 6 0 51 55
860 8 1100 0 24 -12851 0 60 0
861 12 609 742 24 -6 0 55 55
862 12 500 742 24 -6 0 55 51
863 12 903 742 -24 6 0 55 55
864 8 1100 0 24 -12851 0 55 0
865 12 609 742 24 -6 0 51 55
866 12 903 742 24 -6 0 51 51
867 12 500 742 -24 6 0 51 55
868 12 1100 742 -24 6 0 55 51
869 12 742 500 24 -6 0 55 55
870 8 500 0 6 -12851 0 55 0
871 12 742 903 24 -6 0 55 55
872 12 742 500 24 -6 0 55 51
873 12 742 903 24 -6 0 51 55
874 8 609 0 -24 -12851 0 60 0
875 12 742 903 24 -6 0 55 51
876 8 609 0 -24 -12851 0 60 0
877 12 1100 742 24 -6 0 55 55
878 12 609 742 24 -6 0 51 55
879 8 609 0 -24 -12851 0 55 0
880 12 742 609 -24 6 0 55 51
881 12 903 742 24 -6 0 55 55
882 8 500 0 -24 -12851 0 55 0
883 12 742 903 24 -6 0 51 51
884 12 742 609 -24 6 0 55 51
885 12 742 609 24 -6 0 51 51
886 8 500 0 6 -12851 0 55 0
887 8 742 0 6 -12851 0 60 0
888 12 742 500 -24 6 0 55 55
889 12 742 500 -24 6 0 51 55
890 12 1100 742 -24 6 0 51 51
891 12 903 742 24 -6 0 51 51
892 12 742 1100 24 -6 0 55 55
893 12 500 742 -24 6 0 51 51
894 8 1100 0 6 -12851 0 55 0
895 12 742 903 24 -6 0 55 55
896 12 500 742 24 -6 0 55 55
897 8 742 0 -24 -12851 0 55 0
898 12 742 500 24 -6 0 55 51
899 8 609 0 6 -12851 0 60 0
900 8 742 0 24 -12851 0 60 0
901 8 500 0 6 -12851 0 60 0
902 8 903 0 -24 -12851 0 55 0
903 12 742 1100 24 -6 0 55 55
904 12 500 742 24 -6 0 55 55
905 12 742 903 24 -6 0 51 55
906 12 742 903 -24 6 0 51 55
907 8 609 0 -6 -12851 0 55 0
908 12 1100 742 24 -6 0 51 51
909 8 1100 0 6 -12851 0 60 0
910 12 742 500 -24 6 0 51 55
911 12 1100 742 -24 6 0 55 55
912 8 903 0 -6 -12851 0 55 0
913 12 742 903 24 -6 0 51 55
914 12 742 1100 24 -6 0 51 51
915 12 1100 742 -24 6 0 51 51
916 8 1100 0 -24 -12851 0 60 0
917 12 742 1100 -24 6 0 55 51
918 8 903 0 -6 -12851 0 60 0
919 12 742 609 24 -6 0 55 55
920 12 742 609 -24 6 0 51 55
921 12 500 742 -24 6 0 51 51
922 8 500 0 -24 -12851 0 55 0
923 8 609 0 6 -12851 0 55 0
924 12 500 742 24 -6 0 55 51
925 8 1100 0 6 -12851 0 60 0
926 8 1100 0 24 -12851 0 60 0
927 12 742 500 -24 6 0 55 55
928 8 742 0 6 -12851 0 55 0
929 12 742 500 24 -6 0 51 55
930 8 903 0 -6 -12851 0 60 0
931 12 742 500 24 -6 0 55 55
932 8 742 0 6 -12851 0 60 0
933 12 609 742 24 -6 0 55 55
934 8 609 0 24 -12851 0 60 0
935 12 742 500 24 -6 0 51 51
936 12 742 1100 24 -6 0 51 55
937 12 742 500 24 -6 0 51 51
938 12 742 903 24 -6 0 55 51
939 8 500 0 24 -12851 0 60 0
940 12 742 903 -24 6 0 55 55
941 12 500 742 -24 6 0 51 51
942 8 742 0 24 -12851 0 60 0
943 12 742 609 -24 6 0 55 55
944 12 742 500 -24 6 0 55 51
945 8 903 0 6 -12851 0 60 0
946 8 1100 0 -24 -12851 0 55 0
947 8 903 0 -24 -12851 0 55 0
948 8 1100 0 -24 -12851 0 60 0
949 12 742 1100 -24 6 0 51 51
950 8 500 0 6 -12851 0 55 0
951 12 609 742 24 -6 0 55 55
952 8 609 0 24 -12851 0 60 0
953 8 500 0 24 -12851 0 60 0
954 8 609 0 -24 -12851 0 55 0
955 8 742 0 -24 -12851 0 55 0
956 12 742 500 -24 6 0 55 55
957 12 742 1100 24 -6 0 55 55
958 8 742 0 24 -12851 0 60 0
959 8 742 0 24 -12851 0 55 0
960 12 500 742 -24 6 0 55 55
961 8 609 0 -6 -12851 0 55 0
962 12 1100 742 24 -6 0 55 55
963 8 1100 0 24 -12851 0 55 0
964 12 903 742 24 -6 0 51 55
965 12 903 742 -24 6 0 51 51
966 12 1100 742 24 -6 0 55 55
967 12 500 742 -24 6 0 51 51
968 8 500 0 6 -12851 0 55 0
969 8 903 0 6 -12851 0 55 0
970 12 742 609 24 -6 0 55 55
971 12 500 742 24 -6 0 55 55
972 8 903 0 -6 -12851 0 55 0
973 12 1100 742 24 -6 0 55 55
974 12 903 742 24 -6 0 55 51
975 12 903 742 -24 6 0 51 51
976 8 1100 0 -24 -12851 0 60 0
977 8 609 0 -24 -12851 0 55 0
978 8 500 0 24 -12851 0 60 0
979 12 742 903 24 -6 0 55 51
980 8 903 0 6 -12851 0 60 0
981 8 1100 0 6 -12851 0 60 0
982 8 500 0 -6 -12851 0 60 0
983 12 742 500 -24 6 0 51 51
984 8 609 0 24 -12851 0 55 0
985 8 742 0 -6 -12851 0 60 0
986 12 1100 742 -24 6 0 51 55
987 12 742 1100 -24 6 0 55 55
988 8 609 0 24 -12851 0 60 0
989 12 1100 742 -24 6 0 51 55
990 12 903 742 -24 6 0 55 55
991 12 500 742 -24 6 0 55 55
992 8 609 0 24 -12851 0 55 0
993 12 742 500 24 -6 0 51 51
994 8 500 0 24 -12851 0 60 0
995 12 1100 742 24 -6 0 55 55
996 8 500 0 -24 -12851 0 60 0
997 8 609 0 24 -12851 0 55 0
998 12 742 609 24 -6 0 55 55
999 8 742 0 6 -12851 0 60 0
1000 12 742 609 -24 6 0 51 51
1001 8 742 0 24 -12851 0 60 0
1002 8 1100 0 -24 -12851 0 60 0
1003 12 742 903 24 -6 0 55 55
1004 12 742 1100 -24 6 0 51 55
1005 12 500 742 24 -6 0 51 51
1006 12 1100 742 24 -6 0 55 55
1007 8 742 0 -24 -12851 0 60 0
1008 8 903 0 -6 -12851 0 55 0
1009 8 1100 0 6 -12851 0 55 0
1010 8 1100 0 6 -12851 0 60 0
1011 8 500 0 -24 -12851 0 60 0
1012 12 742 903 -24 6 0 55 51
1013 8 609 0 -24 -12851 0 55 0
1014 12 742 903 -24 6 0 55 51
1015 8 903 0 -24 -12851 0 55 0
1016 12 609 742 24 -6 0 55 55
1017 8 903 0 -24 -12851 0 55 0
1018 8 903 0 24 -12851 0 55 0
1019 8 903 0 -6 -12851 0 55 0
1020 12 742 609 24 -6 0 51 51
1021 12 500 742 -24 6 0 55 55
1022 8 1100 0 -6 -12851 0 60 0
1023 12 742 903 24 -6 0 55 51
1024 12 742 903 -24 6 0 51 55
1025 8 500 0 24 -12851 0 60 0
1026 12 742 903 -24 6 0 51 55
1027 12 500 742 24 -6 0 55 55
1028 12 742 1100 24 -6 0 51 51
1029 12 742 500 24 -6 0 55 55
1030 8 742 0 -6 -12851 0 60 0
1031 8 609 0 6 -12851 0 60 0
1032 12 1100 742 24 -6 0 51 51
1033 12 742 609 24 -6 0 51 51
1034 8 1100 0 -6 -12851 0 55 0
1035 8 609 0 6 -12851 0 60 0
1036 8 500 0 6 -12851 0 60 0
1037 12 742 500 -24 6 0 55 55
1038 8 609 0 -6 -12851 0 60 0
1039 8 1100 0 -24 -12851 0 55 0
1040 12 500 742 24 -6 0 55 55
1041 8 500 0 6 -12851 0 55 0
1042 8 903 0 24 -12851 0 55 0
1043 8 903 0 24 -12851 0 55 0
1044 8 742 0 24 -12851 0 55 0
1045 12 742 500 -24 6 0 55 55
1046 12 500 742 24 -6 0 51 51
1047 8 742 0 24 -12851 0 55 0
1048 8 903 0 -24 -12851 0 55 0
1049 8 903 0 -24 -12851 0 60 0
1050 12 742 609 -24 6 0 51 55
1051 8 742 0 24 -12851 0 60 0
1052 8 903 0 -24 -12851 0 55 0
1053 8 742 0 6 -12851 0 60 0
1054 8 609 0 -6 -12851 0 60 0
1055 8 1100 0 24 -12851 0 60 0
1056 12 500 742 -24 6 0 55 51
1057 12 742 500 24 -6 0 55 55
1058 8 1100 0 -24 -12851 0 60 0
1059 12 609 742 24 -6 0 55 55
1060 8 1100 0 24 -12851 0 55 0
1061 8 500 0 -24 -12851 0 60 0
1062 12 742 903 24 -6 0 55 51
1063 12 609 742 -24 6 0 51 55
1064 8 903 0 -6 -12851 0 60 0
1065 12 742 903 -24 6 0 51 51
1066 8 500 0 24 -12851 0 60 0
1067 12 1100 742 -24 6 0 51 55
1068 8 742 0 -6 -12851 0 60 0
1069 8 500 0 24 -12851 0 60 0
1070 8 609 0 -24 -12851 0 55 0
1071 12 903 742 24 -6 0 51 55
1072 12 742 609 -24 6 0 55 55
1073 12 903 742 -24 6 0 51 51
1074 12 742 1100 24 -6 0 51 51
1075 12 742 903 -24 6 0 55 55
1076 8 609 0 -24 -12851 0 55 0
1077 12 903 742 24 -6 0 51 51
1078 8 1100 0 6 -12851 0 55 0
1079 12 609 742 24 -6 0 55 51
1080 8 1100 0 24 -12851 0 55 0
1081 8 742 0 6 -12851 0 60 0
1082 8 609 0 6 -12851 0 60 0
1083 12 742 500 24 -6 0 55 55
1084 12 742 903 -24 6 0 55 55
1085 12 742 609 24 -6 0 55 55
1086 12 742 609 -24 6 0 55 51
1087 12 500 742 24 -6 0 51 55
1088 8 903 0 24 -12851 0 55 0
1089 12 742 1100 -24 6 0 55 51
1090 12 742 903 24 -6 0 55 51
1091 12 742 609 -24 6 0 51 55
1092 8 1100 0 6 -12851 0 60 0
1093 8 903 0 24 -12851 0 55 0
1094 12 742 903 24 -6 0 51 55
1095 8 500 0 -24 -12851 0 60 0
1096 8 609 0 -6 -12851 0 60 0
1097 12 500 742 24 -6 0 55 55
1098 12 742 500 -24 6 0 55 51
1099 12 1100 742 24 -6 0 55 55
1100 12 1100 742 24 -6 0 55 51
1101 8 903 0 6 -12851 0 60 0
1102 12 903 742 -24 6 0 55 55
1103 12 500 742 -24 6 0 55 55
1104 8 742 0 -6 -12851 0 55 0
1105 8 500 0 -6 -12851 0 55 0
1106 8 742 0 -24 -12851 0 55 0
1107 8 609 0 6 -12851 0 60 0
1108 12 500 742 24 -6 0 51 51
1109 12 1100 742 24 -6 0 51 55
1110 8 500 0 6 -12851 0 55 0
1111 8 1100 0 6 -12851 0 60 0
1112 12 609 742 24 -6 0 51 51
1113 8 1100 0 6 -12851 0 60 0
1114 12 742 500 -24 6 0 55 51
1115 12 742 1100 24 -6 0 51 51
1116 8 1100 0 -6 -12851 0 55 0
1117 12 1100 742 24 -6 0 51 51
1118 8 500 0 24 -12851 0 55 0
1119 8 1100 0 -6 -12851 0 55 0
1120 12 903 742 -24 6 0 55 55
1121 8 1100 0 -6 -12851 0 60 0
1122 8 609 0 24 -12851 0 60 0
1123 12 742 609 24 -6 0 55 51
1124 12 742 903 -24 6 0 55 51
1125 8 903 0 -24 -12851 0 60 0
1126 8 609 0 24 -12851 0 55 0
1127 12 609 742 -24 6 0 51 51
1128 8 742 0 -24 -12851 0 55 0
1129 12 1100 742 24 -6 0 55 51
1130 8 609 0 24 -12851 0 60 0
1131 12 903 742 -24 6 0 55 51
1132 8 500 0 -24 -12851 0 55 0
1133 8 742 0 24 -12851 0 55 0
1134 8 742 0 -24 -12851 0 60 0
1135 12 742 903 -24 6 0 55 55
1136 12 742 1100 -24 6 0 51 51
1137 12 609 742 24 -6 0 51 55
1138 12 500 742 24 -6 0 55 51
1139 12 903 742 24 -6 0 51 55
1140 12 742 500 -24 6 0 55 55
1141 12 903 742 -24 6 0 51 55
1142 12 609 742 24 -6 0 51 51
1143 12 903 742 -24 6 0 55 55
1144 12 742 500 24 -6 0 51 51
1145 8 903 0 -24 -12851 0 55 0
1146 12 742 500 -24 6 0 51 51
1147 8 500 0 6 -12851 0 55 0
1148 12 742 500 -24 6 0 51 51
1149 12 903 742 -24 6 0 51 51
1150 8 903 0 -6 -12851 0 55 0
1151 8 500 0 6 -12851 0 55 0
1152 8 500 0 6 -12851 0 55 0
1153 8 742 0 24 -12851 0 55 0
1154 8 1100 0 -6 -12851 0 60 0
1155 8 742 0 6 -12851 0 60 0
1156 8 903 0 -24 -12851 0 60 0
1157 8 903 0 -24 -12851 0 55 0
1158 8 1100 0 24 -12851 0 60 0
1159 12 742 903 24 -6 0 51 55
1160 8 903 0 -6 -12851 0 60 0
1161 12 903 742 -24 6 0 51 51
1162 8 500 0 -24 -12851 0 60 0
1163 8 609 0 -24 -12851 0 60 0
1164 8 500 0 24 -12851 0 55 0
1165 8 609 0 -24 -12851 0 55 0
1166 8 742 0 -24 -12851 0 60 0
1167 8 1100 0 6 -12851 0 55 0
1168 8 609 0 -24 -12851 0 55 0
1169 8 500 0 -6 -12851 0 55 0
1170 12 742 903 -24 6 0 55 51
1171 8 500 0 -24 -12851 0 55 0
1172 8 903 0 -24 -12851 0 60 0
1173 12 903 742 -24 6 0 51 51
1174 12 609 742 -24 6 0 55 55
1175 8 1100 0 -24 -12851 0 60 0
1176 12 500 742 24 -6 0 51 51
1177 8 609 0 6 -12851 0 60 0
1178 12 742 903 -24 6 0 51 51
1179 8 903 0 -24 -12851 0 60 0
1180 12 1100 742 -24 6 0 55 55
1181 12 742 500 -24 6 0 51 51
1182 12 500 742 24 -6 0 51 51
1183 8 609 0 -6 -12851 1 60 0
1184 8 500 0 -24 -12851 1 60 0
1185 8 609 0 -6 -12851 0 55 0
1186 12 1100 742 24 -6 1 51 51
1187 12 742 609 24 -6 1 55 55
1188 8 742 0 6 -12851 0 55 0
1189 12 742 609 -24 6 1 55 55
1190 12 742 500 24 -6 0 51 55
1191 12 742 500 24 -6 1 51 51
1192 8 500 0 -24 -12851 1 55 0
1193 12 609 742 24 -6 0 51 51
1194 8 742 0 6 -12851 1 55 0
1195 12 500 742 24 -6 0 55 55
1196 12 742 609 -24 6 1 55 55
1197 12 742 1100 24 -6 0 51 55
1198 8 742 0 -24 -12851 0 55 0
1199 12 742 1100 -24 6 0 55 51
1200 12 903 742 24 -6 1 55 51
1201 8 903 0 6 -12851 0 60 0
1202 12 742 500 24 -6 0 51 55
1203 12 609 742 -24 6 1 51 51
1204 12 609 742 -24 6 1 55 51
1205 12 742 1100 24 -6 0 55 51
1206 12 1100 742 -24 6 0 55 55
1207 8 1100 0 -24 -12851 0 60 0
1208 12 742 903 24 -6 0 55 55
1209 8 1100 0 6 -12851 0 60 0
1210 12 903 742 -24 6 1 55 55
1211 8 742 0 6 -12851 0 60 0
1212 12 742 500 24 -6 1 51 51
1213 12 742 500 24 -6 0 55 55
1214 8 742 0 -6 -12851 0 60 0
1215 12 903 742 24 -6 1 55 55
1216 8 903 0 -6 -12851 0 55 0
1217 12 500 742 24 -6 0 51 51
1218 8 1100 0 24 -12851 0 60 0
1219 8 1100 0 24 -12851 0 55 0
1220 12 609 742 24 -6 1 55 55
1221 12 742 903 24 -6 0 55 51
1222 8 500 0 6 -12851 0 55 0
1223 8 903 0 -24 -12851 0 55 0
1224 8 742 0 6 -12851 0 60 0
1225 8 1100 0 6 -12851 1 60 0
1226 8 903 0 -6 -12851 0 55 0
1227 8 500 0 -24 -12851 1 55 0
1228 8 742 0 -6 -12851 1 60 0
1229 12 500 742 24 -6 1 51 55
1230 12 500 742 24 -6 1 51 51
1231 8 500 0 24 -12851 1 60 0
1232 8 609 0 -6 -12851 0 60 0
1233 8 609 0 -24 -12851 1 55 0
1234 8 609 0 24 -12851 1 55 0
1235 12 742 1100 -24 6 1 51 51
1236 12 742 609 -24 6 0 51 51
1237 12 742 609 24 -6 1 51 55
1238 12 742 609 24 -6 1 51 51
1239 8 903 0 6 -12851 0 55 0
1240 12 742 1100 24 -6 1 51 51
1241 8 903 0 -6 -12851 1 60 0
1242 8 609 0 24 -12851 1 60 0
1243 8 742 0 6 -12851 0 55 0
1244 12 1100 742 24 -6 0 51 51
1245 12 1100 742 24 -6 1 51 51
1246 8 1100 0 -24 -12851 1 55 0
1247 12 1100 742 24 -6 0 51 51
1248 8 500 0 24 -12851 0 55 0
1249 8 1100 0 -24 -12851 1 55 0
1250 12 1100 742 24 -6 1 55 51
1251 12 609 742 -24 6 1 51 51
1252 8 903 0 6 -12851 0 60 0
1253 12 742 1100 24 -6 1 55 55
1254 8 1100 0 -24 -12851 0 60 0
1255 12 742 500 -24 6 1 55 51
1256 12 742 1100 -24 6 1 51 51
1257 12 742 609 24 -6 0 51 51
1258 8 742 0 -6 -12851 1 55 0
1259 8 500 0 -24 -12851 1 55 0
1260 12 1100 742 -24 6 0 55 55
1261 8 903 0 24 -12851 0 60 0
1262 12 742 1100 -24 6 1 51 51
1263 12 742 903 24 -6 1 51 55
