115 12 500 742 24 -6 1 55 55
116 12 742 609 -24 6 1 51 55
117 8 742 0 6 -12851 1 55 0
118 8 1100 0 24 -12851 1 55 0
119 8 609 0 -24 -12851 1 55 0
120 8 500 0 24 -12851 1 60 0
121 12 609 742 24 -6 1 51 51
122 12 903 742 -24 6 0 55 55
123 12 500 742 24 -6 0 51 51
124 12 742 1100 -24 6 1 51 51
125 8 500 0 -6 -12851 1 60 0
126 8 903 0 6 -12851 0 60 0
127 12 500 742 -24 6 1 55 55
128 8 1100 0 -24 -12851 1 60 0
129 12 742 500 -24 6 1 51 55
130 8 1100 0 24 -12851 1 55 0
131 12 903 742 -24 6 1 55 55
132 8 742 0 -24 -12851 1 60 0
133 8 742 0 -6 -12851 1 55 0
134 8 500 0 -24 -12851 0 60 0
135 12 742 903 24 -6 1 55 51
136 8 609 0 6 -12851 0 55 0
137 8 609 0 -24 -12851 1 60 0
138 12 742 1100 -24 6 1 55 55
139 12 500 742 24 -6 1 55 51
140 12 742 903 24 -6 1 55 55
141 8 903 0 -24 -12851 1 55 0
142 12 903 742 -24 6 0 55 55
143 8 609 0 -6 -12851 1 55 0
144 12 500 742 24 -6 0 51 51
145 8 742 0 -6 -12851 0 55 0
146 12 742 500 -24 6 0 55 55
147 12 903 742 24 -6 0 51 51
148 12 742 500 -24 6 0 55 55
149 8 903 0 -24 -12851 0 55 0
150 8 1100 0 6 -12851 1 55 0
151 8 1100 0 -6 -12851 0 60 0
152 12 500 742 24 -6 1 55 51
153 12 742 500 -24 6 0 51 51
154 8 500 0 -6 -12851 1 55 0
155 8 500 0 -6 -12851 0 60 0
156 8 903 0 24 -12851 1 55 0
157 8 609 0 -6 -12851 1 55 0
158 12 742 1100 24 -6 1 51 51
159 12 742 903 24 -6 0 55 51
160 8 609 0 24 -12851 1 55 0
161 12 609 742 -24 6 1 55 55
162 12 742 903 24 -6 0 51 51
163 8 609 0 -6 -12851 1 60 0
164 12 903 742 24 -6 1 55 51
165 12 903 742 24 -6 1 55 55
166 12 609 742 -24 6 1 55 51
167 12 742 903 24 -6 0 51 51
168 12 903 742 -24 6 1 55 51
169 12 742 1100 24 -6 1 55 51
170 12 742 903 -24 6 1 55 55
171 12 742 903 24 -6 1 55 51
172 8 609 0 6 -12851 1 60 0
173 12 742 1100 -24 6 1 55 55
174 12 742 1100 -24 6 1 55 55
175 12 742 609 24 -6 1 51 51
176 8 1100 0 -6 -12851 1 55 0
177 12 609 742 24 -6 1 55 55
178 12 500 742 24 -6 0 51 51
179 12 742 609 -24 6 1 51 51
180 12 742 500 24 -6 1 55 55
181 8 500 0 24 -12851 0 55 0
182 12 742 1100 -24 6 0 51 55
183 12 742 903 24 -6 1 55 51
184 12 742 609 24 -6 1 55 55
185 8 500 0 -6 -12851 1 60 0
186 12 1100 742 -24 6 1 55 55
187 8 500 0 -24 -12851 1 55 0
188 12 742 903 -24 6 1 55 51
189 8 742 0 24 -12851 1 60 0
190 12 742 903 -24 6 1 51 51
191 8 1100 0 -6 -12851 1 55 0
192 12 500 742 -24 6 1 55 51
193 12 742 1100 -24 6 0 55 55
194 8 903 0 -6 -12851 1 60 0
195 8 1100 0 -24 -12851 1 55 0
196 12 742 609 24 -6 0 55 55
197 8 742 0 -24 -12851 0 55 0
198 8 742 0 24 -12851 0 60 0
199 12 742 903 24 -6 0 51 51
200 8 903 0 -24 -12851 1 60 0
201 8 903 0 -24 -12851 1 60 0
202 12 742 903 24 -6 1 55 55
203 12 1100 742 24 -6 0 55 55
204 8 903 0 -24 -12851 1 60 0
205 8 903 0 24 -12851 1 55 0
206 12 742 903 24 -6 1 55 51
207 8 903 0 -24 -12851 1 60 0
208 12 742 903 -24 6 1 51 51
209 8 609 0 -6 -12851 1 60 0
210 8 903 0 -6 -12851 0 60 0
211 12 500 742 24 -6 0 55 55
212 12 1100 742 -24 6 0 51 51
213 8 742 0 -24 -12851 0 55 0
214 8 500 0 6 -12851 0 60 0
215 12 903 742 24 -6 0 55 55
216 12 500 742 -24 6 0 55 55
217 12 500 742 -24 6 0 55 55
218 12 1100 742 24 -6 0 55 55
219 12 742 1100 -24 6 0 51 55
220 8 742 0 -24 -12851 1 60 0
221 8 1100 0 6 -12851 0 60 0
222 8 500 0 24 -12851 1 60 0
223 12 609 742 -24 6 1 55 55
224 12 1100 742 -24 6 1 51 55
225 8 1100 0 6 -12851 1 55 0
226 12 500 742 -24 6 1 51 55
227 12 500 742 24 -6 1 55 55
228 12 1100 742 -24 6 1 55 55
229 8 500 0 -24 -12851 0 60 0
230 12 742 500 -24 6 1 51 51
231 8 609 0 -24 -12851 1 55 0
232 12 1100 742 -24 6 1 51 55
233 8 1100 0 -24 -12851 1 55 0
234 12 903 742 -24 6 0 51 51
235 12 742 609 24 -6 1 55 55
236 12 742 1100 -24 6 1 55 55
237 12 742 609 -24 6 1 55 51
238 12 500 742 -24 6 0 55 55
239 8 742 0 24 -12851 1 55 0
240 12 609 742 24 -6 1 51 55
241 12 742 609 24 -6 1 55 55
242 8 609 0 -24 -12851 1 55 0
243 8 903 0 24 -12851 0 60 0
244 12 742 609 -24 6 0 51 55
245 8 903 0 -6 -12851 0 55 0
246 12 500 742 24 -6 0 55 55
247 12 1100 742 -24 6 1 51 51
248 8 903 0 -6 -12851 1 60 0
249 8 742 0 -6 -12851 1 55 0
250 12 500 742 -24 6 1 51 55
251 8 742 0 -6 -12851 1 60 0
252 8 1100 0 6 -12851 1 60 0
253 12 609 742 24 -6 1 55 55
254 8 903 0 -24 -12851 1 60 0
255 12 903 742 -24 6 1 51 51
256 8 742 0 -6 -12851 1 60 0
257 8 1100 0 24 -12851 1 60 0
258 8 500 0 6 -12851 0 55 0
259 8 1100 0 -6 -12851 0 60 0
260 8 609 0 -24 -12851 0 60 0
261 8 609 0 6 -12851 0 60 0
262 8 609 0 24 -12851 0 55 0
263 8 500 0 24 -12851 1 60 0
264 12 609 742 -24 6 0 55 51
265 8 500 0 -24 -12851 1 60 0
266 8 500 0 24 -12851 1 60 0
267 12 903 742 24 -6 1 51 55
268 12 742 609 24 -6 1 55 51
269 12 500 742 24 -6 0 55 55
270 12 742 609 -24 6 0 51 51
271 12 742 1100 -24 6 0 55 55
272 12 742 903 -24 6 0 51 51
273 12 742 903 24 -6 1 51 51
274 8 500 0 -6 -12851 1 60 0
275 8 903 0 -24 -12851 1 55 0
276 12 742 903 24 -6 1 51 51
277 8 609 0 -6 -12851 1 60 0
278 8 500 0 6 -12851 1 60 0
279 8 500 0 -6 -12851 1 55 0
280 8 742 0 6 -12851 1 60 0
281 12 742 500 24 -6 1 51 55
282 8 609 0 -24 -12851 0 60 0
283 8 742 0 -6 -12851 1 60 0
284 12 742 903 24 -6 0 51 51
285 8 742 0 -6 -12851 0 60 0
286 12 500 742 24 -6 0 55 55
287 12 742 1100 -24 6 0 55 55
288 8 1100 0 -6 -12851 0 60 0
289 12 903 742 24 -6 0 51 51
290 12 903 742 24 -6 0 55 55
291 8 903 0 24 -12851 0 55 0
292 12 742 1100 24 -6 0 55 51
293 12 1100 742 24 -6 0 55 55
294 8 903 0 -6 -12851 0 60 0
295 12 903 742 -24 6 0 51 51
296 12 609 742 24 -6 0 55 55
297 8 609 0 6 -12851 0 55 0
298 8 1100 0 24 -12851 1 60 0
299 8 1100 0 6 -12851 1 60 0
300 12 609 742 -24 6 0 51 51
301 12 609 742 -24 6 0 55 51
302 8 500 0 6 -12851 1 55 0
303 12 742 500 24 -6 0 55 51
304 8 500 0 -6 -12851 0 60 0
305 12 742 609 -24 6 0 55 55
306 8 500 0 -24 -12851 1 55 0
307 8 903 0 -6 -12851 0 55 0
308 12 742 903 -24 6 0 51 55
309 12 500 742 24 -6 0 51 55
310 12 609 742 -24 6 0 55 51
311 12 1100 742 -24 6 0 55 51
312 12 609 742 -24 6 0 51 51
313 12 609 742 24 -6 0 51 51
314 8 742 0 6 -12851 1 60 0
315 12 742 609 24 -6 0 55 51
316 12 903 742 -24 6 0 55 55
317 8 903 0 -24 -12851 0 55 0
318 8 903 0 -6 -12851 0 55 0
319 8 500 0 6 -12851 0 55 0
320 12 742 500 -24 6 0 55 55
321 8 609 0 -24 -12851 0 60 0
322 12 742 609 -24 6 0 55 51
323 12 742 903 24 -6 0 51 55
324 8 742 0 24 -12851 0 55 0
325 8 609 0 -6 -12851 0 60 0
326 12 500 742 24 -6 0 51 51
327 12 500 742 24 -6 0 55 51
328 12 500 742 -24 6 0 51 51
329 8 1100 0 -6 -12851 0 60 0
330 12 742 903 24 -6 0 51 51
331 12 742 500 24 -6 0 51 51
332 12 742 1100 -24 6 0 55 55
333 12 1100 742 -24 6 0 51 55
334 12 903 742 -24 6 0 55 55
335 12 742 903 24 -6 0 55 55
336 12 1100 742 -24 6 0 55 55
337 12 609 742 24 -6 0 51 51
338 8 609 0 -6 -12851 0 60 0
339 12 742 1100 24 -6 0 51 51
340 8 1100 0 -6 -12851 0 60 0
341 12 742 903 24 -6 0 51 51
342 8 1100 0 24 -12851 0 60 0
343 8 742 0 -6 -12851 0 60 0
344 12 742 903 -24 6 0 51 55
345 8 1100 0 6 -12851 0 60 0
346 12 742 500 24 -6 0 55 55
347 12 742 1100 24 -6 0 55 55
348 8 1100 0 6 -12851 0 55 0
349 12 1100 742 -24 6 0 55 55
350 12 742 1100 -24 6 0 51 55
351 8 1100 0 6 -12851 0 60 0
352 8 742 0 -24 -12851 0 60 0
353 8 609 0 -6 -12851 0 60 0
354 8 903 0 -6 -12851 0 60 0
355 12 609 742 24 -6 0 55 51
356 8 609 0 -6 -12851 0 60 0
357 8 903 0 24 -12851 0 60 0
358 8 1100 0 -6 -12851 0 55 0
359 8 903 0 6 -12851 0 60 0
360 8 500 0 -24 -12851 0 55 0
361 8 500 0 6 -12851 0 60 0
362 12 500 742 -24 6 0 55 51
363 12 609 742 -24 6 0 51 55
364 12 1100 742 -24 6 0 55 55
365 8 500 0 -24 -12851 0 55 0
366 8 742 0 -6 -12851 0 60 0
367 8 609 0 -24 -12851 0 55 0
368 8 742 0 -24 -12851 0 60 0
369 12 742 1100 24 -6 0 55 55
370 8 742 0 -24 -12851 0 55 0
371 12 742 1100 -24 6 0 55 55
372 12 742 609 24 -6 0 51 51
373 12 742 500 -24 6 0 55 55
374 12 903 742 24 -6 0 55 55
375 8 742 0 -24 -12851 0 60 0
376 12 742 1100 -24 6 0 55 55
377 12 742 1100 -24 6 0 55 51
378 12 742 609 -24 6 0 51 51
379 8 903 0 6 -12851 0 55 0
380 12 609 742 24 -6 0 55 51
381 12 500 742 -24 6 0 51 55
382 12 742 500 -24 6 0 55 51
383 8 500 0 24 -12851 0 55 0
384 12 742 903 -24 6 0 55 51
385 12 742 1100 -24 6 0 55 55
386 8 1100 0 -24 -12851 0 55 0
387 8 742 0 -6 -12851 0 60 0
388 8 1100 0 6 -12851 0 60 0
389 8 742 0 -6 -12851 0 60 0
390 12 609 742 -24 6 0 55 55
391 12 742 500 -24 6 0 51 51
392 12 742 1100 -24 6 0 55 55
393 8 903 0 -6 -12851 0 60 0
394 12 500 742 24 -6 0 51 51
395 12 742 609 24 -6 0 51 51
396 12 742 903 24 -6 0 51 51
397 12 742 1100 24 -6 0 55 51
398 12 500 742 -24 6 0 51 55
399 12 903 742 -24 6 0 55 51
400 12 903 742 24 -6 0 51 55
401 8 903 0 -24 -12851 0 55 0
402 8 609 0 -6 -12851 0 55 0
403 12 1100 742 -24 6 0 51 55
404 8 609 0 -24 -12851 0 60 0
405 8 1100 0 -6 -12851 0 60 0
406 8 609 0 6 -12851 0 60 0
407 12 742 1100 -24 6 0 51 55
408 12 903 742 24 -6 0 55 55
409 12 500 742 -24 6 0 51 51
410 8 500 0 -24 -12851 0 55 0
411 8 500 0 24 -12851 0 60 0
412 12 1100 742 -24 6 0 55 51
413 8 903 0 6 -12851 0 55 0
414 12 742 609 24 -6 0 51 55
415 12 742 903 24 -6 0 51 51
416 8 903 0 -24 -12851 0 60 0
417 8 903 0 -24 -12851 0 55 0
418 12 903 742 24 -6 0 51 51
419 8 903 0 -24 -12851 0 60 0
420 8 1100 0 24 -12851 0 60 0
421 8 500 0 -6 -12851 0 55 0
422 8 609 0 24 -12851 0 55 0
423 12 609 742 -24 6 0 55 51
424 12 500 742 24 -6 0 55 55
425 8 1100 0 -24 -12851 0 55 0
426 12 609 742 24 -6 0 51 51
427 8 609 0 -24 -12851 0 55 0
428 8 500 0 6 -12851 0 60 0
429 8 500 0 6 -12851 0 55 0
430 8 1100 0 24 -12851 0 55 0
431 12 742 500 -24 6 0 55 55
432 12 1100 742 -24 6 0 55 55
433 12 742 500 -24 6 0 51 51
434 12 742 903 24 -6 0 51 55
435 8 609 0 -6 -12851 0 60 0
436 8 742 0 24 -12851 0 60 0
437 12 1100 742 24 -6 0 51 51
438 12 500 742 24 -6 0 51 51
439 8 742 0 -24 -12851 0 55 0
440 12 742 1100 24 -6 0 51 51
441 12 903 742 24 -6 0 55 51
442 12 742 903 24 -6 0 55 55
443 8 742 0 -24 -12851 0 60 0
444 12 742 903 -24 6 0 55 55
445 12 1100 742 24 -6 0 55 55
446 12 742 1100 -24 6 0 55 51
447 8 903 0 24 -12851 0 60 0
448 12 742 903 -24 6 0 51 51
449 8 903 0 6 -12851 0 60 0
450 12 609 742 -24 6 0 55 51
451 8 903 0 -24 -12851 0 55 0
452 12 500 742 24 -6 0 55 55
453 12 500 742 24 -6 0 55 51
454 8 903 0 -24 -12851 0 60 0
455 12 903 742 24 -6 0 55 55
456 12 742 1100 24 -6 0 55 51
457 12 609 742 -24 6 0 55 51
458 8 1100 0 -6 -12851 0 60 0
459 12 742 500 -24 6 0 55 51
460 12 903 742 24 -6 0 51 51
461 12 742 1100 -24 6 0 55 55
462 12 500 742 24 -6 0 55 55
463 12 500 742 -24 6 0 55 51
464 8 500 0 6 -12851 0 60 0
465 8 609 0 6 -12851 0 55 0
466 12 903 742 -24 6 0 55 51
467 8 1100 0 -6 -12851 0 60 0
468 12 1100 742 24 -6 0 55 55
469 8 609 0 -24 -12851 0 55 0
470 12 742 609 -24 6 0 51 51
471 12 500 742 24 -6 0 55 51
472 8 500 0 -24 -12851 0 60 0
473 12 609 742 24 -6 0 55 51
474 8 500 0 6 -12851 0 60 0
475 12 609 742 24 -6 0 55 51
476 8 1100 0 -24 -12851 0 60 0
477 12 500 742 -24 6 0 55 51
478 8 609 0 24 -12851 0 60 0
479 8 742 0 -6 -12851 0 60 0
480 12 742 1100 24 -6 0 51 51
481 8 742 0 -24 -12851 0 55 0
482 12 742 500 24 -6 0 55 51
483 12 903 742 -24 6 0 55 51
484 12 742 609 -24 6 0 55 51
485 8 742 0 -6 -12851 0 55 0
486 8 742 0 24 -12851 0 55 0
487 8 742 0 6 -12851 0 55 0
488 8 609 0 6 -12851 0 55 0
489 8 609 0 24 -12851 0 60 0
490 8 609 0 -24 -12851 0 60 0
491 12 500 742 -24 6 0 55 51
492 12 742 500 24 -6 0 51 51
493 12 742 500 24 -6 0 55 51
494 12 609 742 24 -6 0 51 51
495 12 742 609 24 -6 0 55 51
496 12 903 742 -24 6 0 55 55
497 8 742 0 24 -12851 0 55 0
498 12 1100 742 -24 6 0 51 51
499 8 742 0 6 -12851 0 55 0
500 12 742 500 -24 6 0 55 55
501 12 500 742 24 -6 0 51 55
502 12 500 742 -24 6 0 55 51
503 12 1100 742 -24 6 0 51 55
504 12 742 903 -24 6 0 55 55
505 8 903 0 -6 -12851 0 60 0
506 12 1100 742 -24 6 0 51 51
507 12 742 500 24 -6 0 51 55
508 8 500 0 -24 -12851 0 55 0
509 8 500 0 -6 -12851 0 60 0
510 8 903 0 -24 -12851 0 60 0
511 8 1100 0 6 -12851 0 60 0
512 8 500 0 24 -12851 0 60 0
513 8 1100 0 -6 -12851 0 60 0
514 8 903 0 24 -12851 0 55 0
515 12 742 903 -24 6 0 55 55
516 8 1100 0 24 -12851 0 60 0
517 8 903 0 6 -12851 0 60 0
518 12 742 1100 24 -6 0 51 55
519 8 903 0 6 -12851 0 55 0
520 12 903 742 24 -6 0 55 51
521 8 903 0 -24 -12851 0 60 0
522 12 903 742 24 -6 0 55 51
523 12 742 500 -24 6 0 51 55
524 12 742 1100 24 -6 0 55 55
525 8 1100 0 -6 -12851 0 60 0
526 12 742 500 24 -6 0 55 55
527 8 609 0 -6 -12851 0 55 0
528 12 609 742 24 -6 0 55 55
529 8 609 0 6 -12851 0 60 0
530 8 742 0 -6 -12851 0 60 0
531 8 500 0 24 -12851 0 55 0
532 12 609 742 -24 6 0 55 55
533 12 903 742 24 -6 0 51 51
534 12 609 742 24 -6 0 55 55
535 12 1100 742 -24 6 0 51 51
536 12 742 1100 -24 6 0 55 51
537 12 742 903 -24 6 0 55 55
538 8 609 0 -6 -12851 0 55 0
539 8 903 0 6 -12851 0 60 0
540 8 500 0 6 -12851 0 55 0
541 8 1100 0 -24 -12851 0 55 0
542 12 742 1100 -24 6 0 55 55
543 12 742 609 -24 6 0 55 55
544 12 1100 742 -24 6 0 55 55
545 12 1100 742 -24 6 0 55 51
546 8 742 0 6 -12851 0 60 0
547 8 742 0 6 -12851 0 55 0
548 8 500 0 6 -12851 0 55 0
549 8 1100 0 -24 -12851 0 55 0
550 8 903 0 6 -12851 0 55 0
551 8 903 0 24 -12851 0 60 0
552 12 742 500 -24 6 0 55 55
553 8 903 0 6 -12851 0 55 0
554 12 742 500 -24 6 0 51 51
555 8 742 0 -24 -12851 0 55 0
556 12 500 742 24 -6 0 55 51
557 12 609 742 -24 6 0 51 55
558 12 609 742 -24 6 0 55 51
559 12 903 742 -24 6 0 55 51
560 12 742 903 24 -6 0 51 51
561 8 742 0 -6 -12851 0 60 0
562 12 742 609 24 -6 0 51 55
563 12 742 500 -24 6 0 55 51
564 8 1100 0 -24 -12851 0 60 0
565 8 903 0 -6 -12851 0 55 0
566 12 742 609 -24 6 0 51 55
567 8 742 0 -6 -12851 0 60 0
568 8 1100 0 6 -12851 0 55 0
569 12 609 742 -24 6 0 55 55
570 8 500 0 -24 -12851 0 55 0
571 8 1100 0 -6 -12851 0 60 0
572 8 609 0 -24 -12851 0 60 0
573 12 742 1100 -24 6 0 55 51
574 8 609 0 6 -12851 0 55 0
575 8 609 0 -24 -12851 0 60 0
576 12 742 1100 -24 6 0 55 55
577 12 609 742 24 -6 0 55 51
578 12 609 742 24 -6 0 51 55
579 8 500 0 -24 -12851 0 60 0
580 8 500 0 -6 -12851 0 55 0
581 12 742 903 -24 6 0 55 55
582 8 903 0 24 -12851 0 55 0
583 8 903 0 -24 -12851 0 55 0
584 8 903 0 24 -12851 0 55 0
585 12 742 1100 24 -6 0 51 51
586 12 742 903 24 -6 0 51 55
587 12 903 742 -24 6 0 51 55
588 12 1100 742 -24 6 0 51 51
589 8 609 0 -24 -12851 0 55 0
590 8 500 0 -24 -12851 0 60 0
591 8 903 0 6 -12851 0 55 0
592 12 742 609 -24 6 0 55 51
593 8 1100 0 24 -12851 0 60 0
594 8 742 0 -24 -12851 0 60 0
595 12 742 609 24 -6 0 51 55
596 8 1100 0 -24 -12851 0 60 0
597 12 903 742 -24 6 0 51 51
598 12 903 742 24 -6 0 55 51
599 12 742 1100 24 -6 0 55 55
600 8 609 0 -24 -12851 0 55 0
601 8 742 0 24 -12851 0 55 0
602 12 500 742 -24 6 0 55 51
603 8 742 0 -6 -12851 0 60 0
604 8 1100 0 6 -12851 0 60 0
605 8 500 0 6 -12851 0 60 0
606 8 609 0 -24 -12851 0 60 0
607 12 742 903 24 -6 0 55 55
608 8 500 0 6 -12851 0 55 0
609 8 609 0 24 -12851 0 55 0
610 8 609 0 -24 -12851 0 60 0
611 12 500 742 24 -6 0 55 55
612 8 609 0 6 -12851 0 55 0
613 12 1100 742 -24 6 0 55 55
614 12 500 742 24 -6 0 55 51
615 12 742 609 -24 6 0 51 55
616 12 742 1100 24 -6 0 51 51
617 12 742 609 -24 6 0 55 51
618 8 903 0 -24 -12851 0 60 0
619 12 742 500 24 -6 0 51 51
620 8 742 0 -6 -12851 0 55 0
621 12 903 742 24 -6 0 51 55
622 8 903 0 -24 -12851 0 55 0
623 8 1100 0 6 -12851 0 60 0
624 8 903 0 -6 -12851 0 60 0
625 12 742 609 24 -6 0 51 51
626 8 609 0 -24 -12851 0 60 0
627 12 742 609 24 -6 0 51 51
628 12 609 742 -24 6 0 55 55
629 8 500 0 -24 -12851 0 60 0
630 12 742 500 -24 6 0 51 51
631 12 903 742 24 -6 0 55 55
632 8 1100 0 -6 -12851 0 55 0
633 12 1100 742 24 -6 0 55 55
634 12 500 742 24 -6 0 55 55
635 8 1100 0 -6 -12851 0 55 0
636 12 742 609 24 -6 0 55 55
637 12 742 903 24 -6 0 55 55
638 12 742 500 24 -6 0 55 51
639 8 500 0 24 -12851 0 55 0
640 8 742 0 6 -12851 0 55 0
641 12 903 742 -24 6 0 51 51
642 8 500 0 -6 -12851 0 60 0
643 12 1100 742 -24 6 0 55 51
644 8 742 0 -24 -12851 0 55 0
645 8 500 0 -6 -12851 0 55 0
646 12 903 742 -24 6 0 55 51
647 12 742 500 24 -6 0 55 55
648 8 500 0 24 -12851 0 60 0
649 12 500 742 -24 6 0 55 55
650 12 1100 742 24 -6 0 51 55
651 12 903 742 -24 6 0 55 55
652 12 742 1100 -24 6 0 55 51
653 12 500 742 24 -6 0 55 51
654 8 500 0 -6 -12851 0 55 0
655 8 609 0 6 -12851 0 60 0
656 8 500 0 -6 -12851 0 55 0
657 8 1100 0 24 -12851 0 60 0
658 12 742 609 24 -6 0 55 55
659 12 742 500 24 -6 0 51 51
660 8 1100 0 -6 -12851 0 60 0
661 8 903 0 6 -12851 0 55 0
662 12 500 742 24 -6 0 55 55
663 8 609 0 -24 -12851 0 60 0
664 8 903 0 24 -12851 0 60 0
665 12 500 742 24 -6 0 51 51
666 8 903 0 -6 -12851 0 60 0
667 12 903 742 -24 6 0 55 55
668 8 742 0 -6 -12851 0 60 0
669 8 609 0 -6 -12851 0 60 0
670 12 742 500 24 -6 0 51 51
671 8 742 0 24 -12851 0 55 0
672 8 1100 0 -24 -12851 0 55 0
673 8 742 0 -24 -12851 0 60 0
674 12 742 500 -24 6 0 51 55
675 8 903 0 -6 -12851 0 60 0
676 12 1100 742 24 -6 0 55 51
677 12 742 1100 -24 6 0 51 55
678 8 903 0 6 -12851 0 60 0
679 12 609 742 -24 6 0 51 55
680 8 1100 0 -6 -12851 0 60 0
681 12 742 609 24 -6 0 55 55
682 8 742 0 -6 -12851 0 60 0
683 12 609 742 24 -6 0 55 51
684 12 500 742 24 -6 0 55 55
685 8 1100 0 24 -12851 0 55 0
686 12 742 1100 24 -6 0 55 55
687 12 609 742 -24 6 0 51 55
688 12 742 500 24 -6 0 55 51
689 8 500 0 24 -12851 0 55 0
690 8 742 0 6 -12851 0 55 0
691 8 609 0 6 -12851 0 60 0
692 8 1100 0 -6 -12851 0 60 0
693 8 742 0 24 -12851 0 55 0
694 8 500 0 24 -12851 0 60 0
695 12 742 903 24 -6 0 51 51
696 12 742 1100 -24 6 0 55 55
697 8 903 0 6 -12851 0 55 0
698 12 1100 742 -24 6 0 55 55
699 12 742 903 -24 6 0 51 51
700 8 609 0 -24 -12851 0 55 0
701 8 500 0 -6 -12851 0 55 0
702 12 500 742 -24 6 0 55 51
703 8 903 0 -6 -12851 0 55 0
704 8 609 0 6 -12851 0 60 0
705 12 742 609 -24 6 0 55 51
706 12 742 609 24 -6 0 55 55
707 12 1100 742 24 -6 0 55 51
708 8 609 0 6 -12851 0 60 0
709 12 742 609 -24 6 0 51 51
710 12 609 742 -24 6 0 51 55
711 8 609 0 -24 -12851 0 60 0
712 12 742 1100 24 -6 0 51 55
713 12 742 1100 24 -6 0 55 51
714 8 742 0 -24 -12851 0 55 0
715 8 1100 0 24 -12851 0 55 0
716 12 742 1100 -24 6 0 51 51
717 8 903 0 24 -12851 0 60 0
718 12 903 742 24 -6 0 55 51
719 8 742 0 -6 -12851 0 55 0
720 8 500 0 6 -12851 0 60 0
721 12 742 609 -24 6 0 55 55
722 12 742 500 24 -6 0 51 51
723 8 742 0 6 -12851 0 55 0
724 12 609 742 24 -6 0 51 55
725 12 742 1100 -24 6 0 55 55
726 8 903 0 -24 -12851 0 60 0
727 8 903 0 -24 -12851 0 60 0
728 8 1100 0 24 -12851 0 55 0
729 12 500 742 24 -6 0 55 55
730 8 1100 0 -6 -12851 0 60 0
731 12 742 1100 -24 6 0 51 55
732 8 609 0 -6 -12851 0 60 0
733 8 609 0 24 -12851 0 60 0
734 12 742 1100 24 -6 0 55 55
735 8 500 0 6 -12851 0 55 0
736 12 500 742 24 -6 0 51 55
737 8 500 0 -6 -12851 0 55 0
738 8 500 0 -24 -12851 0 55 0
739 8 500 0 24 -12851 0 60 0
740 8 903 0 -6 -12851 0 55 0
741 8 609 0 -24 -12851 0 55 0
742 8 742 0 -24 -12851 0 55 0
743 12 742 609 24 -6 0 51 51
744 12 742 1100 -24 6 0 51 51
745 12 742 609 -24 6 0 55 51
746 8 500 0 -24 -12851 0 55 0
747 8 609 0 -24 -12851 0 60 0
748 8 609 0 24 -12851 0 60 0
749 8 903 0 -6 -12851 0 55 0
750 12 742 609 -24 6 0 55 51
751 12 742 609 24 -6 0 55 55
752 12 742 903 -24 6 0 51 55
753 12 742 1100 24 -6 0 51 55
754 12 742 903 -24 6 0 55 51
755 8 500 0 -6 -12851 0 60 0
756 12 500 742 24 -6 0 55 55
757 12 500 742 -24 6 0 55 51
758 12 903 742 24 -6 0 51 55
759 8 742 0 -6 -12851 0 55 0
760 8 742 0 6 -12851 0 60 0
761 8 1100 0 -24 -12851 0 60 0
762 12 742 1100 24 -6 0 55 51
763 12 742 1100 24 -6 0 51 51
764 12 742 1100 -24 6 0 55 51
765 8 903 0 6 -12851 0 60 0
766 12 1100 742 -24 6 0 51 55
767 8 1100 0 24 -12851 0 55 0
768 12 500 742 24 -6 0 55 55
769 12 500 742 24 -6 0 51 55
770 12 609 742 -24 6 0 51 51
771 12 742 609 -24 6 0 55 51
772 8 1100 0 24 -12851 0 60 0
773 12 742 1100 -24 6 0 51 55
774 8 903 0 -24 -12851 0 55 0
775 12 742 903 -24 6 0 55 51
776 8 903 0 24 -12851 0 60 0
777 12 500 742 24 -6 0 55 51
778 12 742 903 -24 6 0 55 51
779 12 742 1100 -24 6 0 51 55
780 8 1100 0 6 -12851 0 60 0
781 12 500 742 24 -6 0 55 55
782 8 742 0 6 -12851 0 55 0
783 8 1100 0 24 -12851 0 60 0
784 8 500 0 -24 -12851 0 60 0
785 12 500 742 -24 6 0 55 55
786 12 742 1100 -24 6 0 55 55
787 8 742 0 6 -12851 0 55 0
788 8 609 0 24 -12851 0 60 0
789 12 742 500 -24 6 0 55 55
790 12 500 742 -24 6 0 55 51
791 12 903 742 -24 6 0 51 51
792 12 1100 742 24 -6 0 55 55
793 12 609 742 -24 6 0 55 55
794 12 500 742 -24 6 0 55 55
795 12 742 500 -24 6 0 51 51
796 12 1100 742 -24 6 0 55 51
797 12 742 500 24 -6 0 51 55
798 12 742 1100 -24 6 0 51 55
799 12 903 742 -24 6 0 51 55
800 12 500 742 24 -6 0 51 55
801 12 1100 742 24 -6 0 51 51
802 12 500 742 -24 6 0 51 55
803 12 742 500 -24 6 0 55 51
804 12 742 609 24 -6 0 51 55
805 8 1100 0 6 -12851 0 60 0
806 8 742 0 -24 -12851 0 55 0
807 8 500 0 -6 -12851 0 60 0
808 8 903 0 24 -12851 0 55 0
809 12 742 609 24 -6 0 51 55
810 12 742 903 24 -6 0 51 55
811 8 609 0 6 -12851 0 55 0
812 8 500 0 -24 -12851 0 55 0
813 8 903 0 6 -12851 0 55 0
814 12 500 742 -24 6 0 51 55
815 8 609 0 -24 -12851 0 60 0
816 8 500 0 -24 -12851 0 60 0
817 8 500 0 -24 -12851 0 60 0
818 8 903 0 -6 -12851 0 55 0
819 12 742 1100 -24 6 0 51 55
820 12 742 903 24 -6 0 51 51
821 8 609 0 -6 -12851 0 60 0
822 12 500 742 -24 6 0 51 55
823 8 742 0 24 -12851 0 60 0
824 8 500 0 24 -12851 0 60 0
825 12 1100 742 24 -6 0 51 51
826 8 609 0 6 -12851 0 55 0
827 8 609 0 -6 -12851 0 60 0
828 8 903 0 -24 -12851 0 55 0
829 8 500 0 -6 -12851 0 55 0
830 12 1100 742 -24 6 0 55 51
831 12 742 1100 -24 6 0 51 55
832 12 1100 742 -24 6 0 55 55
833 8 742 0 6 -12851 0 60 0
834 12 742 500 -24 6 0 51 55
835 12 742 500 -24 6 0 55 55
836 8 742 0 -6 -12851 0 55 0
837 8 1100 0 -24 -12851 0 55 0
838 8 903 0 6 -12851 0 55 0
839 8 1100 0 -24 -12851 0 55 0
840 12 903 742 -24 6 0 51 51
841 12 742 1100 24 -6 0 51 51
842 12 742 1100 24 -6 0 55 55
843 8 1100 0 24 -12851 0 55 0
844 12 1100 742 24 -6 0 55 55
845 8 903 0 24 -12851 0 60 0
846 12 1100 742 -24 6 0 51 55
847 12 500 742 -24 6 0 51 55
848 12 742 1100 -24 6 0 55 51
849 12 742 609 -24 6 0 51 51
850 8 903 0 -24 -12851 0 60 0
851 8 903 0 24 -12851 0 60 0
852 8 903 0 6 -12851 0 55 0
853 12 1100 742 24 -6 0 55 51
854 12 1100 742 -24 6 0 51 51
855 8 1100 0 6 -12851 0 60 0
856 8 500 0 24 -12851 0 55 0
857 8 609 0 -24 -12851 0 60 0
858 8 1100 0 6 -12851 0 60 0
859 8 609 0 -6 -12851 0 60 0
860 8 500 0 -24 -12851 0 55 0
861 12 742 500 -24 6 0 55 51
862 12 1100 742 -24 6 0 51 51
863 12 742 609 24 -6 0 55 51
864 8 500 0 -6 -12851 0 60 0
865 8 1100 0 24 -12851 0 55 0
866 12 500 742 -24 6 0 51 55
867 8 609 0 -6 -12851 0 60 0
868 8 742 0 6 -12851 0 60 0
869 8 742 0 6 -12851 0 60 0
870 12 500 742 24 -6 0 51 51
871 12 742 1100 -24 6 0 55 55
872 12 742 500 -24 6 0 55 51
873 8 742 0 6 -12851 0 55 0
874 12 742 609 -24 6 0 55 55
875 12 742 903 24 -6 0 51 55
876 8 1100 0 -24 -12851 0 60 0
877 12 903 742 24 -6 0 51 55
878 8 1100 0 24 -12851 0 55 0
879 12 609 742 24 -6 0 55 51
880 8 609 0 -24 -12851 0 60 0
881 12 903 742 -24 6 0 51 51
882 12 742 609 -24 6 0 55 51
883 8 1100 0 -24 -12851 0 55 0
884 12 742 500 -24 6 0 55 51
885 8 609 0 -6 -12851 0 55 0
886 12 500 742 24 -6 0 55 55
887 12 903 742 -24 6 0 51 55
888 8 742 0 -6 -12851 1 60 0
889 12 742 609 -24 6 0 51 55
890 8 609 0 6 -12851 0 60 0
891 12 500 742 24 -6 0 55 55
892 8 500 0 24 -12851 1 60 0
893 8 500 0 24 -12851 0 60 0
894 12 903 742 24 -6 0 51 51
895 12 742 1100 24 -6 0 51 51
896 8 500 0 24 -12851 1 60 0
897 12 742 500 -24 6 1 51 55
898 8 742 0 -24 -12851 0 60 0
899 8 1100 0 -24 -12851 0 55 0
900 8 742 0 -6 -12851 1 60 0
901 8 903 0 6 -12851 1 55 0
902 12 742 903 -24 6 0 51 51
903 12 609 742 -24 6 0 51 51
904 12 742 903 24 -6 1 51 55
905 12 742 903 24 -6 1 51 51
906 12 500 742 -24 6 0 51 51
907 8 903 0 -6 -12851 1 55 0
908 12 742 500 24 -6 1 55 51
909 8 903 0 6 -12851 1 55 0
910 12 500 742 24 -6 1 55 55
911 8 742 0 24 -12851 1 60 0
912 8 742 0 24 -12851 1 55 0
913 12 903 742 -24 6 1 55 51
914 12 742 1100 24 -6 1 55 55
915 8 903 0 -24 -12851 1 55 0
916 12 742 903 -24 6 0 55 55
917 12 742 609 -24 6 1 51 55
918 8 609 0 -24 -12851 1 55 0
919 8 609 0 6 -12851 1 60 0
920 8 1100 0 -6 -12851 1 55 0
921 8 609 0 -6 -12851 0 60 0
922 12 500 742 24 -6 1 55 51
923 8 500 0 -24 -12851 1 60 0
924 12 742 609 -24 6 1 51 55
925 8 742 0 6 -12851 1 60 0
926 12 742 903 24 -6 1 55 55
927 8 903 0 -24 -12851 1 60 0
928 8 500 0 24 -12851 1 60 0
929 12 742 1100 24 -6 1 55 55
930 8 500 0 6 -12851 1 55 0
931 8 903 0 24 -12851 1 60 0
932 12 903 742 24 -6 1 51 55
933 12 742 903 24 -6 1 55 55
934 12 742 903 -24 6 0 55 55
935 8 742 0 24 -12851 1 55 0
936 12 609 742 24 -6 0 55 55
937 8 1100 0 -24 -12851 1 60 0
938 12 609 742 -24 6 1 55 55
939 8 1100 0 -6 -12851 0 60 0
940 8 500 0 24 -12851 1 55 0
941 8 500 0 24 -12851 1 55 0
942 8 1100 0 6 -12851 1 55 0
943 8 500 0 24 -12851 1 60 0
944 12 742 609 24 -6 1 55 55
945 8 1100 0 -6 -12851 1 55 0
946 12 609 742 -24 6 1 55 55
947 12 609 742 24 -6 1 55 51
948 8 609 0 24 -12851 1 60 0
949 12 742 903 24 -6 1 55 51
950 12 500 742 -24 6 1 51 51
951 8 903 0 6 -12851 1 55 0
952 8 609 0 -6 -12851 1 55 0
953 12 903 742 24 -6 1 51 55
954 8 742 0 24 -12851 0 60 0
955 12 742 609 -24 6 0 55 51
956 8 1100 0 -6 -12851 1 60 0
957 8 609 0 24 -12851 0 55 0
958 12 609 742 -24 6 1 51 51
959 12 500 742 -24 6 1 51 51
960 8 500 0 24 -12851 1 55 0
961 12 742 609 -24 6 1 55 55
962 12 742 1100 -24 6 1 55 51
963 12 903 742 24 -6 0 55 51
964 8 903 0 6 -12851 1 60 0
965 8 742 0 -6 -12851 1 60 0
966 12 742 500 -24 6 1 55 51
967 8 742 0 -24 -12851 1 55 0
968 12 903 742 -24 6 0 51 55
969 8 903 0 -6 -12851 1 55 0
970 12 500 742 24 -6 1 55 55
971 12 500 742 -24 6 1 55 51
972 8 609 0 -6 -12851 1 60 0
973 12 742 1100 -24 6 1 51 55
974 12 742 903 -24 6 1 55 51
975 8 609 0 -24 -12851 1 60 0
976 12 742 1100 24 -6 1 55 55
977 8 742 0 -24 -12851 1 60 0
978 12 742 609 24 -6 1 55 51
979 8 1100 0 -24 -12851 1 60 0
980 8 903 0 -24 -12851 1 60 0
981 12 1100 742 -24 6 1 51 51
982 12 742 609 -24 6 1 55 51
983 8 742 0 6 -12851 1 55 0
984 8 500 0 6 -12851 0 60 0
985 8 742 0 24 -12851 0 60 0
986 12 1100 742 -24 6 1 55 55
987 12 742 903 24 -6 0 55 55
988 12 609 742 24 -6 1 55 55
989 12 500 742 24 -6 1 55 55
990 12 742 1100 -24 6 1 55 55
991 12 742 903 -24 6 1 51 51
992 8 903 0 -24 -12851 1 55 0
993 8 903 0 24 -12851 1 60 0
994 8 1100 0 6 -12851 1 55 0
995 12 742 609 -24 6 1 55 55
996 12 609 742 -24 6 0 51 51
997 8 1100 0 6 -12851 1 60 0
998 12 1100 742 24 -6 1 55 55
999 8 609 0 24 -12851 1 55 0
1000 8 609 0 6 -12851 1 60 0
1001 12 1100 742 -24 6 1 51 55
1002 8 500 0 -6 -12851 1 60 0
1003 12 742 500 24 -6 1 51 51
1004 8 500 0 6 -12851 0 60 0
1005 8 500 0 -6 -12851 0 60 0
1006 8 500 0 6 -12851 0 60 0
1007 8 609 0 -24 -12851 1 55 0
1008 12 609 742 -24 6 1 55 51
1009 12 742 500 -24 6 1 51 51
1010 12 903 742 24 -6 1 51 55
1011 8 903 0 6 -12851 1 60 0
1012 8 1100 0 -6 -12851 1 55 0
1013 12 742 609 -24 6 1 51 55
1014 8 609 0 24 -12851 1 55 0
1015 12 742 500 -24 6 1 55 55
1016 12 500 742 24 -6 1 55 55
1017 8 903 0 -24 -12851 1 55 0
1018 12 742 609 24 -6 1 55 51
1019 8 609 0 -6 -12851 0 60 0
1020 8 500 0 24 -12851 1 55 0
1021 8 903 0 -6 -12851 1 55 0
1022 8 500 0 24 -12851 1 60 0
1023 12 500 742 24 -6 1 51 55
1024 12 500 742 -24 6 1 55 55
1025 8 1100 0 -6 -12851 0 55 0
1026 8 742 0 -6 -12851 0 55 0
1027 12 742 609 24 -6 1 51 51
1028 12 500 742 24 -6 1 51 55
1029 8 742 0 6 -12851 0 55 0
1030 8 742 0 -24 -12851 1 55 0
1031 12 742 500 24 -6 1 51 51
1032 8 1100 0 24 -12851 1 60 0
1033 12 1100 742 -24 6 1 51 55
1034 8 1100 0 -24 -12851 1 60 0
1035 8 1100 0 -24 -12851 1 60 0
1036 8 742 0 -24 -12851 1 60 0
1037 8 903 0 6 -12851 1 55 0
1038 8 609 0 24 -12851 1 55 0
1039 12 742 1100 -24 6 0 51 55
1040 8 742 0 -24 -12851 1 60 0
1041 8 903 0 6 -12851 1 60 0
1042 12 500 742 -24 6 1 51 55
1043 12 742 500 24 -6 1 55 51
1044 12 500 742 -24 6 0 51 55
1045 12 742 500 -24 6 1 51 55
1046 8 903 0 -24 -12851 1 60 0
1047 12 500 742 24 -6 1 55 51
1048 12 742 500 -24 6 1 55 55
1049 8 742 0 -6 -12851 1 60 0
1050 12 500 742 24 -6 1 51 55
1051 8 1100 0 6 -12851 1 55 0
1052 8 500 0 6 -12851 1 60 0
1053 12 742 1100 -24 6 1 55 55
1054 8 500 0 -24 -12851 1 60 0
1055 12 742 609 -24 6 1 51 55
1056 8 500 0 -6 -12851 1 55 0
1057 12 609 742 24 -6 1 55 51
1058 12 742 903 -24 6 1 51 51
1059 8 609 0 -24 -12851 1 60 0
1060 8 609 0 24 -12851 0 60 0
1061 8 1100 0 6 -12851 1 55 0
1062 8 1100 0 24 -12851 1 55 0
1063 8 1100 0 -6 -12851 0 55 0
1064 12 500 742 24 -6 0 55 55
1065 8 609 0 6 -12851 0 60 0
