168 12 742 500 24 -6 1 55 51
169 12 742 609 24 -6 1 51 51
170 8 1100 0 24 -12851 1 60 0
171 8 609 0 -24 -12851 0 60 0
172 8 609 0 24 -12851 1 60 0
173 8 1100 0 24 -12851 1 55 0
174 12 609 742 24 -6 1 55 51
175 12 500 742 -24 6 1 55 55
176 12 742 609 -24 6 1 51 51
177 12 903 742 24 -6 0 51 51
178 12 742 1100 24 -6 1 51 51
179 12 742 903 -24 6 1 55 55
180 12 500 742 24 -6 0 51 51
181 8 1100 0 6 -12851 0 55 0
182 8 742 0 6 -12851 1 60 0
183 8 903 0 -6 -12851 1 55 0
184 8 609 0 24 -12851 0 55 0
185 12 742 500 24 -6 0 51 51
186 8 1100 0 24 -12851 0 60 0
187 8 609 0 6 -12851 1 55 0
188 8 742 0 6 -12851 1 60 0
189 12 742 609 -24 6 1 55 51
190 8 903 0 -24 -12851 1 55 0
191 8 500 0 6 -12851 0 55 0
192 8 500 0 -24 -12851 1 55 0
193 12 500 742 -24 6 1 55 55
194 8 742 0 -24 -12851 0 55 0
195 12 742 1100 -24 6 0 51 55
196 8 903 0 -24 -12851 1 60 0
197 8 500 0 24 -12851 1 55 0
198 8 1100 0 -24 -12851 1 60 0
199 12 903 742 24 -6 0 55 51
200 12 742 903 24 -6 1 55 51
201 12 609 742 -24 6 1 55 55
202 12 500 742 -24 6 1 55 55
203 12 609 742 24 -6 0 55 55
204 12 1100 742 24 -6 0 55 55
205 12 609 742 24 -6 1 55 55
206 12 742 1100 -24 6 1 55 55
207 8 1100 0 -6 -12851 0 55 0
208 12 609 742 -24 6 1 51 51
209 8 609 0 6 -12851 0 60 0
210 12 1100 742 -24 6 0 51 55
211 8 500 0 -6 -12851 1 55 0
212 12 500 742 -24 6 0 51 51
213 12 742 1100 -24 6 1 51 55
214 8 1100 0 24 -12851 1 60 0
215 8 903 0 -6 -12851 0 55 0
216 8 1100 0 24 -12851 0 55 0
217 8 609 0 -24 -12851 1 55 0
218 8 609 0 -24 -12851 1 55 0
219 8 500 0 -24 -12851 1 60 0
220 12 742 903 24 -6 1 51 51
221 8 742 0 -24 -12851 0 55 0
222 12 500 742 -24 6 1 51 51
223 8 742 0 24 -12851 1 60 0
224 8 903 0 -24 -12851 1 60 0
225 8 500 0 6 -12851 0 60 0
226 12 500 742 -24 6 1 51 51
227 8 742 0 6 -12851 0 55 0
228 12 500 742 24 -6 0 55 55
229 12 742 903 -24 6 1 51 51
230 8 903 0 6 -12851 0 55 0
231 12 742 1100 -24 6 0 55 51
232 12 742 903 -24 6 1 55 55
233 8 742 0 -6 -12851 1 55 0
234 8 742 0 -6 -12851 0 55 0
235 12 1100 742 -24 6 0 55 55
236 8 500 0 -24 -12851 1 55 0
237 8 500 0 6 -12851 1 55 0
238 12 609 742 24 -6 1 55 55
239 8 609 0 -24 -12851 0 60 0
240 8 903 0 -24 -12851 0 60 0
241 12 903 742 24 -6 1 55 55
242 12 742 1100 24 -6 1 51 51
243 12 742 500 -24 6 1 51 55
244 8 1100 0 -24 -12851 1 60 0
245 8 609 0 6 -12851 0 55 0
246 8 903 0 -24 -12851 0 60 0
247 8 609 0 -6 -12851 0 60 0
248 8 1100 0 24 -12851 0 55 0
249 8 1100 0 -24 -12851 0 60 0
250 8 742 0 24 -12851 0 60 0
251 12 609 742 24 -6 1 55 51
252 8 500 0 24 -12851 1 55 0
253 8 742 0 -24 -12851 0 60 0
254 8 903 0 -24 -12851 0 55 0
255 8 742 0 -6 -12851 0 60 0
256 8 742 0 -6 -12851 1 55 0
257 12 742 1100 24 -6 1 55 51
258 12 1100 742 -24 6 0 51 55
259 12 903 742 24 -6 1 51 51
260 8 500 0 24 -12851 1 60 0
261 8 1100 0 6 -12851 1 55 0
262 12 500 742 -24 6 1 55 55
263 12 1100 742 -24 6 1 55 55
264 12 609 742 24 -6 1 55 55
265 8 742 0 6 -12851 1 55 0
266 8 609 0 -24 -12851 1 55 0
267 8 1100 0 24 -12851 1 60 0
268 8 500 0 -6 -12851 0 60 0
269 12 903 742 24 -6 1 51 55
270 8 1100 0 -6 -12851 0 55 0
271 8 742 0 6 -12851 0 55 0
272 12 500 742 24 -6 0 55 55
273 12 609 742 24 -6 0 51 55
274 8 903 0 -24 -12851 0 60 0
275 12 1100 742 24 -6 1 55 55
276 8 609 0 6 -12851 0 60 0
277 8 609 0 -6 -12851 1 55 0
278 8 903 0 24 -12851 1 55 0
279 8 903 0 -24 -12851 1 55 0
280 12 742 500 -24 6 1 55 55
281 12 742 609 24 -6 1 55 55
282 8 500 0 -6 -12851 0 55 0
283 12 609 742 24 -6 0 55 55
284 8 500 0 24 -12851 1 60 0
285 8 500 0 -6 -12851 0 55 0
286 8 903 0 -24 -12851 1 55 0
287 8 1100 0 -24 -12851 1 55 0
288 8 1100 0 24 -12851 1 55 0
289 8 609 0 -24 -12851 1 60 0
290 8 609 0 -6 -12851 1 55 0
291 8 903 0 24 -12851 1 55 0
292 12 1100 742 24 -6 1 55 55
293 12 500 742 -24 6 0 55 55
294 12 742 609 24 -6 1 55 51
295 12 742 903 24 -6 1 51 55
296 8 609 0 24 -12851 0 60 0
297 12 903 742 -24 6 1 55 55
298 12 609 742 24 -6 1 51 51
299 8 903 0 6 -12851 1 55 0
300 12 742 1100 24 -6 0 51 55
301 12 609 742 24 -6 0 55 55
302 12 1100 742 -24 6 0 51 51
303 12 742 500 24 -6 0 55 55
304 8 1100 0 24 -12851 1 55 0
305 12 742 1100 24 -6 1 51 51
306 12 903 742 24 -6 1 51 51
307 8 500 0 -24 -12851 1 60 0
308 8 500 0 6 -12851 1 60 0
309 12 742 1100 24 -6 1 55 55
310 8 742 0 -24 -12851 0 55 0
311 12 609 742 -24 6 1 51 51
312 12 1100 742 -24 6 1 55 55
313 8 742 0 6 -12851 0 55 0
314 8 742 0 -6 -12851 0 60 0
315 8 1100 0 6 -12851 0 55 0
316 12 742 500 -24 6 0 51 51
317 12 742 1100 24 -6 0 51 55
318 8 1100 0 6 -12851 1 60 0
319 8 609 0 6 -12851 1 60 0
320 8 500 0 24 -12851 1 60 0
321 8 1100 0 -24 -12851 0 55 0
322 12 609 742 -24 6 0 51 51
323 12 609 742 24 -6 0 55 55
324 8 903 0 24 -12851 0 60 0
325 8 1100 0 -24 -12851 1 55 0
326 12 609 742 -24 6 1 51 51
327 8 609 0 24 -12851 1 60 0
328 8 609 0 6 -12851 1 60 0
329 8 500 0 6 -12851 1 55 0
330 12 609 742 24 -6 1 55 55
331 12 742 1100 -24 6 1 55 55
332 12 742 609 24 -6 0 51 51
333 12 500 742 24 -6 1 51 55
334 8 742 0 -24 -12851 0 55 0
335 8 742 0 6 -12851 0 55 0
336 8 903 0 24 -12851 0 55 0
337 12 742 609 -24 6 0 51 51
338 12 742 1100 24 -6 0 51 51
339 12 609 742 -24 6 1 51 51
340 8 500 0 6 -12851 1 60 0
341 12 742 500 24 -6 1 55 55
342 8 742 0 6 -12851 0 55 0
343 12 742 1100 -24 6 0 51 55
344 8 903 0 6 -12851 0 55 0
345 8 609 0 -6 -12851 0 60 0
346 8 609 0 -24 -12851 1 55 0
347 8 609 0 -24 -12851 0 60 0
348 8 742 0 -6 -12851 1 55 0
349 12 742 1100 -24 6 0 51 55
350 8 1100 0 -6 -12851 0 60 0
351 12 609 742 24 -6 1 51 51
352 8 742 0 -6 -12851 0 55 0
353 8 903 0 -6 -12851 0 60 0
354 12 903 742 -24 6 0 51 55
355 12 742 903 24 -6 0 51 51
356 8 903 0 24 -12851 0 55 0
357 8 742 0 -24 -12851 0 60 0
358 12 742 903 24 -6 1 51 55
359 12 903 742 -24 6 1 51 51
360 8 903 0 -24 -12851 0 55 0
361 12 742 1100 -24 6 1 51 55
362 8 500 0 6 -12851 1 55 0
363 8 500 0 -6 -12851 0 55 0
364 12 1100 742 -24 6 0 55 51
365 8 609 0 -24 -12851 0 60 0
366 12 609 742 24 -6 0 55 55
367 8 500 0 6 -12851 0 55 0
368 8 1100 0 -24 -12851 1 55 0
369 12 742 1100 -24 6 1 55 55
370 8 1100 0 6 -12851 1 60 0
371 12 903 742 24 -6 0 55 55
372 12 609 742 -24 6 0 51 55
373 12 742 1100 24 -6 1 51 51
374 8 500 0 6 -12851 1 60 0
375 12 1100 742 -24 6 1 55 55
376 8 500 0 -6 -12851 1 55 0
377 8 500 0 6 -12851 1 60 0
378 12 500 742 -24 6 1 55 51
379 12 1100 742 24 -6 0 55 55
380 12 609 742 -24 6 0 51 51
381 8 500 0 6 -12851 0 60 0
382 8 1100 0 -24 -12851 0 55 0
383 8 1100 0 -24 -12851 1 55 0
384 8 742 0 -6 -12851 0 55 0
385 8 609 0 -24 -12851 0 55 0
386 8 742 0 24 -12851 1 55 0
387 8 903 0 -24 -12851 1 60 0
388 12 742 609 24 -6 0 51 51
389 8 609 0 6 -12851 0 55 0
390 12 609 742 24 -6 0 55 55
391 12 500 742 24 -6 1 55 51
392 8 903 0 6 -12851 0 60 0
393 8 1100 0 6 -12851 0 55 0
394 12 609 742 -24 6 1 51 55
395 8 903 0 -24 -12851 1 55 0
396 12 742 500 24 -6 1 51 55
397 8 742 0 -24 -12851 1 55 0
398 8 609 0 -24 -12851 0 55 0
399 12 1100 742 -24 6 1 55 55
400 12 742 609 -24 6 0 55 51
401 8 903 0 -6 -12851 1 55 0
402 12 742 609 -24 6 1 51 51
403 12 742 1100 -24 6 1 51 51
404 12 500 742 -24 6 1 51 55
405 12 1100 742 -24 6 1 55 55
406 12 903 742 -24 6 1 55 55
407 12 742 609 -24 6 1 51 51
408 12 742 500 -24 6 0 55 55
409 8 903 0 6 -12851 0 55 0
410 8 500 0 6 -12851 1 60 0
411 8 742 0 24 -12851 1 60 0
412 12 742 1100 -24 6 1 55 55
413 8 903 0 6 -12851 1 55 0
414 8 903 0 -24 -12851 0 60 0
415 8 1100 0 -6 -12851 0 55 0
416 12 742 1100 24 -6 0 55 51
417 12 609 742 24 -6 0 51 51
418 12 500 742 24 -6 0 55 55
419 12 742 500 -24 6 0 51 55
420 12 903 742 24 -6 0 55 55
421 12 742 609 24 -6 0 51 55
422 12 742 1100 -24 6 1 51 55
423 12 903 742 -24 6 0 55 55
424 8 1100 0 24 -12851 0 60 0
425 8 500 0 6 -12851 1 55 0
426 8 1100 0 -24 -12851 0 60 0
427 12 742 903 -24 6 1 51 51
428 8 500 0 -6 -12851 0 60 0
429 8 742 0 -24 -12851 0 55 0
430 12 500 742 -24 6 0 55 55
431 8 742 0 6 -12851 0 60 0
432 12 1100 742 24 -6 1 51 51
433 12 742 500 -24 6 1 51 51
434 8 609 0 -6 -12851 1 60 0
435 8 609 0 -6 -12851 0 55 0
436 12 742 903 -24 6 0 55 55
437 8 609 0 24 -12851 0 55 0
438 8 500 0 6 -12851 0 55 0
439 8 500 0 24 -12851 0 55 0
440 12 742 609 24 -6 0 51 55
441 8 742 0 24 -12851 0 55 0
442 8 1100 0 6 -12851 1 60 0
443 8 1100 0 -24 -12851 0 55 0
444 8 1100 0 -6 -12851 0 55 0
445 8 742 0 24 -12851 0 55 0
446 8 903 0 -6 -12851 1 60 0
447 8 742 0 6 -12851 0 55 0
448 8 500 0 24 -12851 1 60 0
449 8 500 0 24 -12851 1 55 0
450 12 903 742 24 -6 1 55 55
451 12 609 742 24 -6 0 55 55
452 12 742 609 -24 6 1 51 51
453 8 609 0 -6 -12851 0 55 0
454 8 903 0 -24 -12851 0 55 0
455 12 1100 742 -24 6 1 55 55
456 12 903 742 -24 6 1 51 51
457 8 903 0 24 -12851 1 55 0
458 8 609 0 24 -12851 0 60 0
459 8 609 0 24 -12851 1 60 0
460 12 609 742 24 -6 0 55 51
461 8 609 0 -6 -12851 0 60 0
462 8 609 0 -6 -12851 0 60 0
463 8 500 0 -6 -12851 0 60 0
464 8 903 0 24 -12851 0 55 0
465 8 1100 0 24 -12851 0 55 0
466 8 1100 0 6 -12851 0 55 0
467 8 903 0 -6 -12851 0 55 0
468 12 500 742 24 -6 0 55 55
469 8 742 0 6 -12851 0 60 0
470 8 742 0 6 -12851 1 55 0
471 8 609 0 -6 -12851 1 55 0
472 12 742 500 24 -6 0 51 55
473 12 742 500 -24 6 0 51 55
474 12 742 1100 24 -6 0 51 51
475 8 1100 0 -6 -12851 0 60 0
476 12 742 609 -24 6 0 55 55
477 12 903 742 -24 6 0 55 55
478 8 500 0 24 -12851 0 60 0
479 12 1100 742 24 -6 0 51 55
480 12 742 500 -24 6 0 55 55
481 8 500 0 -6 -12851 0 60 0
482 12 903 742 24 -6 0 51 51
483 12 742 903 24 -6 0 55 55
484 8 609 0 6 -12851 0 60 0
485 8 742 0 -24 -12851 0 55 0
486 12 1100 742 -24 6 0 55 51
487 8 903 0 24 -12851 0 60 0
488 12 742 1100 24 -6 0 55 55
489 8 1100 0 -6 -12851 0 60 0
490 12 742 500 24 -6 0 51 51
491 8 1100 0 -24 -12851 0 55 0
492 8 742 0 -6 -12851 0 55 0
493 12 742 903 24 -6 0 51 55
494 12 742 1100 -24 6 0 55 55
495 12 742 500 24 -6 0 55 55
496 12 742 500 24 -6 0 51 55
497 8 1100 0 -24 -12851 0 55 0
498 8 903 0 -24 -12851 0 55 0
499 8 609 0 24 -12851 0 60 0
500 8 500 0 -24 -12851 0 60 0
501 8 609 0 6 -12851 0 60 0
502 8 742 0 -6 -12851 0 60 0
503 12 609 742 24 -6 0 51 51
504 12 742 500 -24 6 0 51 51
505 12 742 609 -24 6 0 55 55
506 12 609 742 -24 6 0 55 51
507 12 903 742 24 -6 0 51 51
508 12 500 742 -24 6 0 55 51
509 8 742 0 6 -12851 0 60 0
510 8 609 0 -6 -12851 0 55 0
511 8 1100 0 6 -12851 0 60 0
512 8 500 0 6 -12851 0 55 0
513 12 500 742 -24 6 0 51 51
514 12 609 742 24 -6 0 55 51
515 12 742 903 24 -6 0 55 51
516 12 500 742 24 -6 0 51 51
517 8 500 0 6 -12851 0 60 0
518 12 500 742 -24 6 0 51 55
519 12 742 500 24 -6 0 51 55
520 8 903 0 -24 -12851 0 55 0
521 12 742 903 -24 6 0 55 55
522 12 742 609 -24 6 0 51 51
523 12 742 1100 24 -6 0 51 51
524 8 903 0 -24 -12851 0 55 0
525 12 742 609 24 -6 0 51 51
526 12 500 742 -24 6 0 51 51
527 8 609 0 6 -12851 0 60 0
528 8 609 0 24 -12851 0 55 0
529 8 1100 0 6 -12851 0 60 0
530 8 742 0 -24 -12851 0 60 0
531 8 500 0 24 -12851 0 60 0
532 12 500 742 -24 6 0 55 55
533 12 742 903 -24 6 0 51 51
534 8 500 0 -6 -12851 0 55 0
535 8 609 0 6 -12851 0 55 0
536 8 500 0 24 -12851 0 60 0
537 8 609 0 24 -12851 0 60 0
538 8 742 0 24 -12851 0 55 0
539 8 742 0 -6 -12851 0 60 0
540 8 903 0 6 -12851 0 60 0
541 12 742 903 24 -6 0 51 51
542 8 1100 0 -6 -12851 0 55 0
543 12 609 742 24 -6 0 51 55
544 12 609 742 -24 6 0 55 55
545 12 1100 742 -24 6 0 51 55
546 12 742 1100 24 -6 0 55 51
547 8 1100 0 -24 -12851 0 55 0
548 8 903 0 6 -12851 0 60 0
549 8 903 0 24 -12851 0 55 0
550 12 609 742 -24 6 0 51 55
551 8 903 0 6 -12851 0 55 0
552 12 1100 742 -24 6 0 55 55
553 8 903 0 6 -12851 0 55 0
554 12 500 742 24 -6 0 51 55
555 8 903 0 -24 -12851 0 60 0
556 12 903 742 24 -6 0 55 51
557 12 609 742 -24 6 0 55 55
558 12 609 742 24 -6 0 51 55
559 12 742 500 24 -6 0 51 55
560 12 609 742 24 -6 0 55 55
561 8 742 0 6 -12851 1 60 0
562 8 1100 0 24 -12851 1 55 0
563 8 1100 0 -24 -12851 1 60 0
564 8 500 0 -6 -12851 1 55 0
565 12 742 1100 24 -6 0 51 51
566 8 1100 0 6 -12851 0 55 0
567 12 742 500 -24 6 0 51 51
568 8 500 0 -6 -12851 0 55 0
569 8 500 0 6 -12851 0 55 0
570 12 742 500 -24 6 0 55 51
571 8 903 0 6 -12851 1 55 0
572 8 609 0 -6 -12851 0 60 0
573 8 742 0 -24 -12851 0 55 0
574 12 742 500 -24 6 0 51 51
575 8 609 0 -6 -12851 0 60 0
576 12 742 609 -24 6 0 55 51
577 8 609 0 6 -12851 0 60 0
578 12 742 903 -24 6 0 51 51
579 12 1100 742 -24 6 0 55 55
580 12 1100 742 24 -6 0 55 55
581 8 742 0 -24 -12851 0 55 0
582 8 609 0 -6 -12851 0 55 0
583 8 609 0 -6 -12851 0 60 0
584 8 742 0 24 -12851 0 55 0
585 12 742 903 24 -6 0 51 55
586 12 609 742 -24 6 0 51 51
587 12 609 742 -24 6 0 51 51
588 12 903 742 -24 6 0 55 55
589 8 609 0 6 -12851 0 60 0
590 12 742 903 24 -6 0 51 55
591 8 903 0 -24 -12851 0 55 0
592 12 742 609 24 -6 0 51 55
593 8 500 0 6 -12851 0 60 0
594 8 742 0 -24 -12851 0 60 0
595 12 742 903 -24 6 0 51 51
596 8 1100 0 -6 -12851 0 60 0
597 12 609 742 24 -6 0 55 55
598 12 742 1100 -24 6 0 51 55
599 8 903 0 6 -12851 0 60 0
600 12 500 742 -24 6 0 55 51
601 12 1100 742 -24 6 0 51 55
602 8 742 0 6 -12851 0 60 0
603 8 903 0 6 -12851 0 60 0
604 12 742 1100 24 -6 0 55 55
605 8 500 0 -24 -12851 0 60 0
606 12 742 903 24 -6 0 51 51
607 8 609 0 -24 -12851 0 60 0
608 8 1100 0 24 -12851 0 60 0
609 8 1100 0 6 -12851 0 55 0
610 8 500 0 -6 -12851 0 55 0
611 12 500 742 24 -6 0 51 55
612 12 1100 742 -24 6 0 51 55
613 8 903 0 -6 -12851 0 60 0
614 12 903 742 24 -6 0 55 51
615 8 903 0 -24 -12851 0 60 0
616 8 1100 0 -24 -12851 0 60 0
617 8 903 0 6 -12851 0 60 0
618 8 903 0 -6 -12851 0 55 0
619 8 1100 0 -24 -12851 0 60 0
620 12 903 742 -24 6 0 55 55
621 8 1100 0 -6 -12851 0 55 0
622 8 500 0 6 -12851 0 55 0
623 12 609 742 24 -6 0 51 55
624 8 742 0 24 -12851 0 55 0
625 8 500 0 6 -12851 0 60 0
626 12 742 903 -24 6 0 51 51
627 8 500 0 -24 -12851 0 55 0
628 8 742 0 -24 -12851 0 55 0
629 8 742 0 -6 -12851 0 55 0
630 12 742 500 -24 6 0 51 51
631 12 742 1100 24 -6 0 51 51
632 8 609 0 6 -12851 0 55 0
633 12 609 742 -24 6 0 51 55
634 12 742 903 24 -6 0 55 55
635 12 500 742 24 -6 0 55 55
636 12 1100 742 -24 6 0 55 51
637 8 609 0 -24 -12851 0 60 0
638 12 742 903 24 -6 0 51 55
639 8 609 0 6 -12851 0 60 0
640 8 609 0 -6 -12851 0 60 0
641 8 609 0 -6 -12851 0 55 0
642 8 903 0 24 -12851 0 55 0
643 12 742 1100 24 -6 0 51 55
644 12 903 742 24 -6 0 51 51
645 12 742 609 24 -6 0 55 55
646 8 609 0 -6 -12851 0 60 0
647 8 1100 0 24 -12851 0 55 0
648 8 500 0 -24 -12851 0 55 0
649 8 742 0 24 -12851 0 55 0
650 12 742 903 24 -6 0 55 55
651 12 1100 742 -24 6 0 55 51
652 12 742 500 -24 6 0 55 55
653 12 903 742 24 -6 0 51 55
654 12 742 609 24 -6 0 51 55
655 12 742 609 -24 6 0 51 51
656 8 609 0 24 -12851 0 60 0
657 12 1100 742 24 -6 0 51 51
658 8 1100 0 6 -12851 0 55 0
659 8 500 0 -6 -12851 0 55 0
660 8 903 0 6 -12851 0 60 0
661 8 1100 0 6 -12851 0 60 0
662 8 500 0 -6 -12851 0 60 0
663 8 903 0 -24 -12851 0 60 0
664 12 742 609 24 -6 0 51 51
665 8 742 0 24 -12851 0 55 0
666 8 742 0 -6 -12851 0 60 0
667 12 609 742 -24 6 0 55 51
668 8 742 0 -24 -12851 0 60 0
669 12 500 742 -24 6 0 55 55
670 8 742 0 24 -12851 0 60 0
671 12 903 742 -24 6 0 51 51
672 8 742 0 24 -12851 0 60 0
673 12 609 742 24 -6 0 51 55
674 8 609 0 -6 -12851 0 55 0
675 8 1100 0 -24 -12851 0 55 0
676 8 609 0 -6 -12851 0 60 0
677 8 1100 0 24 -12851 0 55 0
678 12 609 742 -24 6 0 55 55
679 8 609 0 -6 -12851 0 55 0
680 12 609 742 24 -6 0 55 55
681 8 500 0 6 -12851 0 60 0
682 8 903 0 6 -12851 0 55 0
683 8 903 0 -6 -12851 0 60 0
684 12 500 742 -24 6 0 55 51
685 12 742 1100 24 -6 0 55 51
686 8 1100 0 -24 -12851 0 60 0
687 8 500 0 -6 -12851 0 60 0
688 8 742 0 -24 -12851 0 55 0
689 8 903 0 -24 -12851 0 55 0
690 12 500 742 -24 6 0 55 51
691 12 500 742 24 -6 0 55 51
692 8 500 0 24 -12851 0 55 0
693 12 903 742 24 -6 0 51 51
694 12 609 742 -24 6 0 55 55
695 12 742 500 24 -6 0 51 55
696 8 609 0 24 -12851 0 55 0
697 8 609 0 -6 -12851 0 60 0
698 8 1100 0 -24 -12851 0 60 0
699 12 609 742 -24 6 0 51 55
700 8 609 0 24 -12851 0 55 0
701 12 500 742 -24 6 0 55 51
702 12 1100 742 24 -6 0 51 51
703 8 742 0 -6 -12851 0 55 0
704 12 742 609 24 -6 0 51 51
705 8 742 0 6 -12851 0 60 0
706 8 903 0 24 -12851 0 60 0
707 8 609 0 -24 -12851 0 55 0
708 8 903 0 6 -12851 0 55 0
709 12 500 742 24 -6 0 51 55
710 8 742 0 -6 -12851 0 55 0
711 12 500 742 -24 6 0 51 55
712 12 1100 742 -24 6 0 55 55
713 12 500 742 24 -6 0 55 55
714 12 742 1100 24 -6 0 51 51
715 8 903 0 6 -12851 0 60 0
716 12 609 742 24 -6 0 55 55
717 8 500 0 -24 -12851 0 60 0
718 12 500 742 -24 6 0 51 55
719 8 1100 0 -24 -12851 0 55 0
720 8 1100 0 -24 -12851 0 55 0
721 8 500 0 24 -12851 0 60 0
722 8 500 0 6 -12851 0 55 0
723 12 500 742 -24 6 0 55 55
724 8 500 0 -6 -12851 0 60 0
725 12 500 742 -24 6 0 55 55
726 8 500 0 24 -12851 0 55 0
727 8 1100 0 6 -12851 0 55 0
728 12 609 742 -24 6 0 51 51
729 8 500 0 6 -12851 0 60 0
730 12 742 1100 24 -6 0 51 51
731 12 742 1100 -24 6 0 51 55
732 8 1100 0 6 -12851 0 55 0
733 8 609 0 24 -12851 0 60 0
734 12 903 742 -24 6 0 55 55
735 8 903 0 -24 -12851 0 55 0
736 12 742 609 24 -6 0 51 51
737 12 500 742 24 -6 0 51 51
738 8 1100 0 -24 -12851 0 55 0
739 12 742 609 24 -6 0 51 51
740 12 500 742 -24 6 0 51 55
741 12 500 742 24 -6 0 51 51
742 12 1100 742 -24 6 0 55 51
743 8 609 0 -6 -12851 0 60 0
744 8 609 0 24 -12851 0 55 0
745 12 742 609 -24 6 0 51 51
746 8 500 0 -6 -12851 0 55 0
747 12 903 742 24 -6 0 51 51
748 12 500 742 24 -6 0 55 55
749 12 742 609 -24 6 0 55 55
750 12 742 609 24 -6 0 51 51
751 12 903 742 24 -6 0 51 55
752 12 742 903 24 -6 0 51 55
753 8 742 0 -24 -12851 0 60 0
754 12 742 609 24 -6 0 51 51
755 12 1100 742 -24 6 0 55 55
756 8 903 0 24 -12851 0 60 0
757 8 742 0 24 -12851 0 55 0
758 8 742 0 -6 -12851 0 55 0
759 12 609 742 24 -6 0 55 55
760 12 500 742 24 -6 0 51 51
761 8 903 0 -24 -12851 0 55 0
762 8 903 0 6 -12851 0 55 0
763 8 903 0 -6 -12851 0 55 0
764 8 903 0 -6 -12851 0 55 0
765 8 609 0 6 -12851 0 60 0
766 12 742 500 24 -6 0 55 51
767 8 609 0 6 -12851 0 55 0
768 12 742 500 24 -6 0 55 55
769 8 742 0 24 -12851 0 60 0
770 12 742 1100 -24 6 0 51 51
771 8 742 0 24 -12851 0 55 0
772 12 742 609 -24 6 0 55 55
773 12 742 903 -24 6 0 55 55
774 12 609 742 -24 6 0 55 51
775 12 500 742 24 -6 0 55 55
776 12 903 742 24 -6 0 55 55
777 12 903 742 24 -6 0 51 55
778 8 903 0 -6 -12851 0 55 0
779 8 1100 0 -6 -12851 0 60 0
780 8 1100 0 -24 -12851 0 60 0
781 12 903 742 24 -6 0 55 55
782 8 609 0 -24 -12851 0 60 0
783 8 742 0 -6 -12851 0 55 0
784 12 742 1100 24 -6 0 51 55
785 8 500 0 -24 -12851 0 55 0
786 8 500 0 -24 -12851 0 60 0
787 12 1100 742 -24 6 0 51 51
788 12 903 742 -24 6 0 55 55
789 12 1100 742 24 -6 0 51 51
790 8 500 0 24 -12851 0 60 0
791 8 1100 0 24 -12851 0 55 0
792 12 903 742 24 -6 0 55 51
793 8 903 0 -6 -12851 0 60 0
794 8 903 0 -24 -12851 0 60 0
795 8 742 0 6 -12851 0 55 0
796 12 500 742 -24 6 0 51 51
797 8 903 0 24 -12851 0 55 0
798 12 609 742 24 -6 0 51 55
799 12 742 903 24 -6 0 51 55
800 12 903 742 -24 6 0 51 55
801 12 742 903 -24 6 0 51 55
802 8 1100 0 -24 -12851 0 60 0
803 8 1100 0 -6 -12851 0 55 0
804 8 1100 0 -6 -12851 0 60 0
805 12 742 609 -24 6 0 55 55
806 12 742 903 -24 6 0 55 51
807 8 609 0 -24 -12851 0 55 0
808 8 742 0 -6 -12851 0 55 0
809 12 903 742 24 -6 0 51 51
810 12 1100 742 -24 6 0 55 55
811 8 500 0 24 -12851 0 60 0
812 8 609 0 24 -12851 0 60 0
813 8 609 0 24 -12851 0 55 0
814 8 742 0 -6 -12851 0 55 0
815 12 903 742 24 -6 0 55 51
816 12 1100 742 24 -6 0 55 55
817 8 903 0 -6 -12851 0 60 0
818 8 500 0 24 -12851 0 55 0
819 12 742 903 -24 6 0 51 55
820 8 500 0 -24 -12851 0 60 0
821 8 609 0 -24 -12851 0 60 0
822 8 609 0 -24 -12851 0 55 0
823 12 742 609 -24 6 0 55 51
824 12 500 742 24 -6 0 51 51
825 12 742 500 -24 6 0 55 55
826 12 742 1100 24 -6 0 51 51
827 8 1100 0 24 -12851 0 60 0
828 12 903 742 24 -6 0 55 55
829 8 1100 0 -6 -12851 0 55 0
830 12 742 609 -24 6 0 51 51
831 8 903 0 6 -12851 0 60 0
832 8 903 0 -6 -12851 0 55 0
833 12 742 609 -24 6 0 55 51
834 8 500 0 6 -12851 0 60 0
835 12 609 742 24 -6 0 51 51
836 12 742 609 24 -6 0 51 51
837 12 500 742 -24 6 0 51 55
838 12 609 742 24 -6 0 51 51
839 8 742 0 -24 -12851 0 60 0
840 12 742 903 -24 6 0 55 51
841 12 500 742 -24 6 0 51 55
842 8 609 0 24 -12851 0 55 0
843 12 742 609 -24 6 0 51 51
844 8 1100 0 6 -12851 0 60 0
845 12 500 742 24 -6 0 51 51
846 8 500 0 6 -12851 0 60 0
847 12 903 742 24 -6 0 51 51
848 8 500 0 -24 -12851 0 60 0
849 8 609 0 -6 -12851 0 55 0
850 8 903 0 -6 -12851 0 55 0
851 12 742 500 -24 6 0 55 55
852 8 742 0 -6 -12851 0 55 0
853 8 742 0 6 -12851 0 60 0
854 8 609 0 24 -12851 0 55 0
855 8 609 0 24 -12851 0 55 0
856 12 903 742 24 -6 0 51 55
857 12 609 742 -24 6 0 55 51
858 12 742 500 -24 6 0 51 51
859 8 903 0 -6 -12851 0 55 0
860 12 609 742 -24 6 0 51 55
861 8 903 0 6 -12851 0 60 0
862 8 742 0 -6 -12851 0 60 0
863 12 742 903 24 -6 0 55 51
864 12 742 609 -24 6 0 55 55
865 8 742 0 -24 -12851 0 60 0
866 12 609 742 24 -6 0 51 51
867 8 1100 0 24 -12851 0 55 0
868 12 742 1100 -24 6 0 55 55
869 8 1100 0 6 -12851 0 60 0
870 8 742 0 6 -12851 0 60 0
871 12 903 742 -24 6 0 55 55
872 12 742 500 24 -6 0 55 51
873 8 903 0 -6 -12851 0 60 0
874 8 1100 0 24 -12851 0 60 0
875 8 500 0 -6 -12851 0 60 0
876 12 903 742 -24 6 0 51 51
877 12 609 742 -24 6 0 51 51
878 8 609 0 6 -12851 0 55 0
879 8 500 0 -6 -12851 0 60 0
880 12 742 609 -24 6 0 55 51
881 12 903 742 24 -6 0 51 55
882 12 742 609 -24 6 0 55 51
883 12 609 742 24 -6 0 51 55
884 12 609 742 24 -6 0 51 51
885 12 903 742 -24 6 0 51 55
886 8 500 0 24 -12851 0 60 0
887 8 609 0 6 -12851 0 60 0
888 8 500 0 -6 -12851 0 55 0
889 12 1100 742 -24 6 0 51 55
890 12 1100 742 24 -6 0 55 55
891 8 500 0 6 -12851 0 60 0
892 8 609 0 24 -12851 0 60 0
893 12 903 742 -24 6 0 51 51
894 12 500 742 24 -6 0 51 51
895 8 500 0 6 -12851 0 55 0
896 8 500 0 -24 -12851 0 55 0
897 8 903 0 -6 -12851 0 55 0
898 12 742 609 -24 6 0 55 51
899 12 500 742 -24 6 0 51 55
900 8 1100 0 6 -12851 0 55 0
901 12 1100 742 -24 6 0 51 55
902 8 742 0 6 -12851 0 60 0
903 12 742 500 24 -6 0 55 55
904 12 609 742 24 -6 0 51 55
905 12 903 742 -24 6 0 55 55
906 12 1100 742 24 -6 0 51 51
907 8 1100 0 -24 -12851 0 60 0
908 12 609 742 -24 6 0 51 55
909 12 742 500 -24 6 0 51 51
910 12 742 903 -24 6 0 55 51
911 8 609 0 -24 -12851 0 55 0
912 12 500 742 -24 6 0 55 55
913 8 609 0 24 -12851 0 60 0
914 12 742 609 24 -6 0 55 51
915 12 742 500 -24 6 0 51 51
916 12 742 903 24 -6 0 51 55
917 12 500 742 24 -6 0 51 51
918 8 903 0 24 -12851 0 55 0
919 12 609 742 -24 6 0 55 55
920 12 742 1100 -24 6 0 55 55
921 8 742 0 24 -12851 0 55 0
922 8 742 0 -24 -12851 0 60 0
923 12 742 1100 24 -6 0 55 51
924 8 903 0 -6 -12851 0 60 0
925 12 742 1100 -24 6 0 55 55
926 8 1100 0 -24 -12851 0 60 0
927 12 1100 742 24 -6 0 51 55
928 12 742 1100 -24 6 0 51 51
929 12 742 903 -24 6 0 51 51
930 12 742 609 -24 6 0 55 51
931 8 1100 0 -6 -12851 0 60 0
932 8 1100 0 -24 -12851 0 60 0
933 8 500 0 -24 -12851 0 60 0
934 12 742 1100 -24 6 0 55 51
935 12 742 609 -24 6 0 51 51
936 8 742 0 24 -12851 0 60 0
937 12 742 500 -24 6 0 51 51
938 12 903 742 24 -6 0 51 51
939 12 742 1100 -24 6 0 51 55
940 8 500 0 -6 -12851 0 60 0
941 8 742 0 -6 -12851 0 55 0
942 8 500 0 6 -12851 0 55 0
943 12 1100 742 24 -6 0 51 55
944 8 1100 0 6 -12851 0 55 0
945 8 1100 0 24 -12851 0 55 0
946 12 500 742 -24 6 0 55 55
947 8 903 0 24 -12851 0 55 0
948 8 903 0 -24 -12851 0 55 0
949 8 903 0 -6 -12851 0 60 0
950 12 903 742 24 -6 0 51 55
951 8 609 0 6 -12851 0 55 0
952 8 742 0 -6 -12851 0 55 0
953 8 609 0 6 -12851 0 60 0
954 12 742 1100 24 -6 0 51 51
955 12 742 500 -24 6 0 55 51
956 12 742 500 24 -6 0 55 55
957 12 609 742 24 -6 0 51 55
958 8 609 0 -6 -12851 0 60 0
959 8 742 0 6 -12851 0 55 0
960 12 1100 742 24 -6 0 51 51
961 8 742 0 24 -12851 0 60 0
962 12 742 500 -24 6 0 55 51
963 12 1100 742 -24 6 0 51 51
964 12 742 1100 -24 6 0 55 55
965 12 903 742 24 -6 0 55 51
966 12 609 742 -24 6 0 51 51
967 8 1100 0 -6 -12851 0 55 0
968 12 742 903 -24 6 0 55 55
969 8 500 0 24 -12851 0 60 0
970 8 742 0 -6 -12851 0 55 0
971 12 742 609 -24 6 0 51 55
972 12 742 1100 -24 6 0 51 51
973 12 609 742 24 -6 1 55 51
974 8 742 0 24 -12851 0 60 0
975 12 500 742 -24 6 0 55 55
976 12 742 1100 24 -6 0 55 55
977 12 609 742 24 -6 1 51 51
978 8 500 0 24 -12851 1 55 0
979 8 1100 0 6 -12851 1 60 0
980 8 609 0 -6 -12851 0 60 0
981 12 1100 742 -24 6 1 51 51
982 12 742 500 24 -6 0 51 55
983 8 903 0 -6 -12851 0 60 0
984 8 500 0 -6 -12851 0 60 0
985 8 609 0 24 -12851 0 55 0
986 12 500 742 -24 6 0 55 55
987 12 742 500 -24 6 0 51 55
988 12 742 609 -24 6 1 51 55
989 8 609 0 6 -12851 0 60 0
990 8 1100 0 24 -12851 0 55 0
991 8 903 0 24 -12851 0 60 0
992 12 500 742 -24 6 0 55 55
993 8 903 0 6 -12851 1 55 0
994 8 500 0 -6 -12851 0 60 0
995 12 742 903 -24 6 0 55 55
996 8 500 0 -24 -12851 0 60 0
997 12 1100 742 -24 6 0 51 55
998 8 500 0 -6 -12851 0 55 0
999 12 742 903 24 -6 0 51 51
1000 8 500 0 24 -12851 0 55 0
1001 12 500 742 24 -6 1 55 55
1002 8 1100 0 24 -12851 0 55 0
1003 12 742 500 24 -6 0 55 55
1004 12 742 500 -24 6 0 55 51
1005 8 1100 0 -6 -12851 1 55 0
1006 8 742 0 -24 -12851 0 55 0
1007 12 742 903 -24 6 0 55 51
1008 8 609 0 -24 -12851 0 55 0
1009 12 903 742 -24 6 1 51 51
1010 12 1100 742 24 -6 1 55 55
1011 8 742 0 -24 -12851 0 55 0
1012 12 742 1100 24 -6 0 51 51
1013 8 903 0 6 -12851 0 55 0
1014 12 742 609 24 -6 0 55 51
1015 8 609 0 -24 -12851 0 60 0
1016 8 903 0 6 -12851 0 60 0
1017 12 903 742 -24 6 0 51 55
1018 8 1100 0 -24 -12851 0 60 0
1019 8 903 0 -6 -12851 0 60 0
1020 12 500 742 -24 6 0 55 55
1021 12 742 1100 24 -6 1 55 55
1022 12 742 1100 -24 6 0 55 51
1023 8 742 0 -24 -12851 1 60 0
1024 8 609 0 24 -12851 0 60 0
1025 8 742 0 6 -12851 0 60 0
1026 8 742 0 24 -12851 0 60 0
1027 8 742 0 6 -12851 0 55 0
1028 8 609 0 -24 -12851 0 55 0
1029 12 500 742 -24 6 0 51 51
1030 12 742 903 24 -6 0 51 55
1031 12 742 500 -24 6 0 55 55
1032 8 1100 0 6 -12851 1 60 0
1033 8 609 0 -24 -12851 0 60 0
1034 8 1100 0 -6 -12851 0 55 0
1035 12 903 742 24 -6 0 51 55
1036 8 609 0 6 -12851 0 60 0
1037 8 500 0 24 -12851 0 55 0
1038 8 903 0 -24 -12851 0 55 0
1039 12 742 1100 24 -6 0 51 51
1040 12 742 609 -24 6 0 51 51
1041 8 903 0 -6 -12851 0 55 0
1042 12 903 742 24 -6 0 51 51
1043 8 1100 0 -24 -12851 0 55 0
1044 12 742 500 24 -6 0 55 55
1045 12 742 500 -24 6 0 51 51
1046 12 500 742 24 -6 0 55 55
1047 12 742 500 24 -6 0 51 55
1048 12 742 903 -24 6 0 55 51
1049 12 742 609 24 -6 0 51 55
1050 12 500 742 -24 6 0 51 55
1051 8 500 0 6 -12851 0 60 0
1052 8 742 0 6 -12851 0 55 0
1053 8 903 0 -24 -12851 0 55 0
1054 8 500 0 -6 -12851 0 60 0
1055 8 500 0 -24 -12851 0 60 0
1056 12 1100 742 -24 6 0 55 51
1057 12 609 742 -24 6 0 51 51
1058 12 742 903 -24 6 0 51 51
1059 12 742 609 24 -6 0 51 51
1060 8 500 0 24 -12851 0 55 0
1061 12 742 609 24 -6 0 51 51
1062 8 1100 0 -6 -12851 0 60 0
1063 8 609 0 6 -12851 0 60 0
1064 12 903 742 -24 6 0 55 55
1065 8 609 0 -6 -12851 0 55 0
1066 12 609 742 -24 6 0 55 55
1067 12 609 742 24 -6 0 55 55
1068 8 903 0 24 -12851 0 55 0
1069 8 742 0 24 -12851 0 60 0
1070 12 903 742 24 -6 0 51 51
1071 8 500 0 -24 -12851 0 60 0
1072 8 500 0 -6 -12851 0 55 0
1073 12 742 903 24 -6 0 51 51
1074 8 742 0 24 -12851 0 60 0
1075 8 609 0 6 -12851 0 55 0
1076 8 903 0 -6 -12851 0 60 0
1077 8 742 0 -24 -12851 0 55 0
1078 12 903 742 24 -6 0 55 55
1079 12 609 742 24 -6 0 51 51
1080 12 742 903 24 -6 0 51 55
1081 8 903 0 -24 -12851 0 55 0
1082 8 1100 0 6 -12851 0 55 0
1083 8 1100 0 -6 -12851 0 60 0
1084 12 1100 742 -24 6 0 51 55
1085 12 1100 742 24 -6 0 55 51
1086 12 500 742 -24 6 0 51 55
1087 8 742 0 -6 -12851 0 55 0
1088 12 742 1100 -24 6 0 51 51
1089 12 903 742 -24 6 0 55 55
1090 8 742 0 24 -12851 0 60 0
1091 12 1100 742 24 -6 0 55 51
1092 12 742 903 24 -6 0 51 51
1093 12 742 1100 -24 6 0 55 55
1094 12 500 742 24 -6 0 55 55
1095 12 609 742 -24 6 0 55 51
1096 8 1100 0 -24 -12851 0 60 0
1097 12 742 1100 24 -6 0 55 51
1098 8 500 0 6 -12851 0 55 0
1099 8 742 0 -24 -12851 0 55 0
1100 12 742 609 -24 6 0 51 51
1101 8 742 0 -6 -12851 0 60 0
1102 8 500 0 24 -12851 0 55 0
1103 8 1100 0 24 -12851 0 55 0
1104 12 500 742 -24 6 0 55 55
1105 12 742 903 24 -6 0 55 51
1106 8 609 0 -24 -12851 0 60 0
1107 12 500 742 -24 6 0 51 55
1108 8 903 0 24 -12851 0 60 0
1109 8 500 0 -6 -12851 0 55 0
1110 8 609 0 6 -12851 0 60 0
1111 8 609 0 -24 -12851 0 55 0
1112 12 609 742 -24 6 0 51 55
1113 8 1100 0 -24 -12851 0 60 0
1114 12 609 742 -24 6 0 51 51
1115 12 742 609 -24 6 0 55 51
1116 8 903 0 -24 -12851 0 55 0
1117 8 903 0 -6 -12851 0 60 0
1118 8 903 0 -24 -12851 0 55 0
1119 12 1100 742 -24 6 0 51 51
1120 8 903 0 -24 -12851 0 55 0
1121 12 1100 742 -24 6 0 55 51
1122 12 742 609 24 -6 0 51 51
1123 8 500 0 -24 -12851 0 55 0
1124 12 609 742 24 -6 0 55 55
1125 12 742 1100 24 -6 0 51 55
1126 12 742 500 -24 6 0 51 51
1127 12 609 742 24 -6 0 51 51
1128 12 500 742 24 -6 0 55 55
1129 8 742 0 6 -12851 0 55 0
1130 8 903 0 -6 -12851 0 60 0
1131 8 903 0 24 -12851 0 55 0
1132 8 742 0 6 -12851 0 60 0
1133 8 609 0 6 -12851 0 55 0
1134 12 742 609 -24 6 0 51 55
1135 12 1100 742 24 -6 0 51 55
1136 12 609 742 24 -6 0 55 51
1137 12 1100 742 -24 6 0 55 55
1138 12 742 903 -24 6 0 55 55
1139 8 1100 0 24 -12851 0 60 0
1140 12 500 742 -24 6 0 55 55
1141 8 1100 0 -24 -12851 0 60 0
1142 8 500 0 6 -12851 0 55 0
1143 12 742 903 -24 6 0 55 51
1144 8 1100 0 -6 -12851 0 55 0
1145 12 742 500 24 -6 0 55 55
1146 12 500 742 -24 6 0 51 51
1147 12 742 500 24 -6 0 55 51
1148 12 609 742 -24 6 0 51 51
1149 8 609 0 24 -12851 0 60 0
1150 12 1100 742 -24 6 0 51 55
1151 12 742 1100 -24 6 0 55 51
1152 12 903 742 24 -6 0 55 55
1153 12 609 742 -24 6 0 51 51
1154 8 742 0 6 -12851 0 60 0
1155 8 609 0 -6 -12851 0 55 0
1156 12 500 742 24 -6 0 51 51
1157 8 500 0 6 -12851 0 60 0
1158 12 742 500 -24 6 0 55 51
1159 8 742 0 -24 -12851 0 60 0
1160 8 742 0 6 -12851 0 55 0
1161 12 1100 742 -24 6 0 55 51
1162 8 742 0 6 -12851 0 60 0
1163 12 742 500 -24 6 0 51 55
1164 12 742 1100 24 -6 0 51 55
1165 12 742 609 -24 6 0 55 55
1166 8 609 0 -6 -12851 0 55 0
1167 8 1100 0 6 -12851 0 55 0
1168 8 609 0 -6 -12851 0 60 0
