1433 8 903 0 -24 -12851 0 55 0
1434 8 500 0 6 -12851 0 60 0
1435 12 742 609 -24 6 0 55 51
1436 8 1100 0 -6 -12851 0 55 0
1437 8 609 0 -6 -12851 0 60 0
1438 12 903 742 -24 6 0 55 55
1439 8 609 0 6 -12851 0 55 0
1440 12 742 1100 -24 6 0 55 55
1441 12 742 1100 24 -6 0 55 55
1442 8 1100 0 6 -12851 0 55 0
1443 8 609 0 -6 -12851 0 55 0
1444 12 742 903 -24 6 0 55 55
1445 12 903 742 -24 6 0 51 51
1446 12 1100 742 -24 6 0 51 55
1447 12 742 609 -24 6 0 51 51
1448 8 1100 0 6 -12851 0 60 0
1449 8 1100 0 -6 -12851 0 60 0
1450 8 903 0 24 -12851 0 55 0
1451 8 500 0 6 -12851 0 60 0
1452 8 903 0 24 -12851 0 60 0
1453 12 742 1100 -24 6 0 55 55
1454 8 609 0 6 -12851 0 60 0
1455 12 742 903 24 -6 0 55 55
1456 8 742 0 24 -12851 0 60 0
1457 12 742 609 -24 6 0 55 55
1458 8 742 0 6 -12851 0 55 0
1459 8 903 0 6 -12851 0 55 0
1460 12 903 742 24 -6 0 55 55
1461 12 1100 742 24 -6 0 51 55
1462 12 903 742 -24 6 0 51 51
1463 8 742 0 24 -12851 0 55 0
1464 8 500 0 -24 -12851 0 60 0
1465 12 742 609 24 -6 0 55 55
1466 8 500 0 24 -12851 0 60 0
1467 12 1100 742 -24 6 0 55 51
1468 8 742 0 24 -12851 0 60 0
1469 8 742 0 -24 -12851 0 55 0
1470 8 500 0 -6 -12851 0 60 0
1471 12 742 1100 24 -6 0 51 51
1472 8 903 0 -24 -12851 0 55 0
1473 12 609 742 24 -6 0 55 51
1474 12 742 903 -24 6 0 55 51
1475 8 742 0 -24 -12851 0 60 0
1476 8 1100 0 6 -12851 0 55 0
1477 12 742 903 -24 6 0 51 55
1478 12 742 1100 -24 6 0 51 51
1479 12 742 609 -24 6 0 55 51
1480 12 742 500 24 -6 0 55 55
1481 12 1100 742 -24 6 0 51 51
1482 8 609 0 6 -12851 0 55 0
1483 8 500 0 6 -12851 0 60 0
1484 12 742 903 24 -6 0 51 51
1485 8 742 0 -24 -12851 0 55 0
1486 8 1100 0 -6 -12851 0 55 0
1487 12 742 500 24 -6 0 51 55
1488 8 903 0 6 -12851 0 55 0
1489 12 609 742 -24 6 0 51 51
1490 12 609 742 24 -6 0 51 55
1491 8 609 0 -6 -12851 0 60 0
1492 12 742 609 -24 6 0 55 51
1493 8 903 0 24 -12851 0 55 0
1494 12 742 1100 24 -6 0 55 55
1495 8 609 0 6 -12851 0 60 0
1496 8 500 0 -6 -12851 0 55 0
1497 12 500 742 24 -6 0 55 51
1498 8 1100 0 -24 -12851 0 60 0
1499 8 742 0 -6 -12851 0 55 0
1500 8 742 0 -24 -12851 0 60 0
1501 8 500 0 6 -12851 0 60 0
1502 12 742 1100 24 -6 0 55 51
1503 12 903 742 -24 6 0 51 55
1504 12 500 742 -24 6 0 55 55
1505 12 500 742 24 -6 0 51 51
1506 12 742 903 -24 6 0 55 55
1507 8 1100 0 6 -12851 0 55 0
1508 12 500 742 24 -6 0 55 51
1509 8 1100 0 -6 -12851 0 60 0
1510 8 742 0 -24 -12851 0 55 0
1511 12 742 903 -24 6 0 51 55
1512 12 742 903 -24 6 0 55 51
1513 8 742 0 -24 -12851 0 60 0
1514 12 609 742 24 -6 0 55 51
1515 12 742 500 24 -6 0 55 51
1516 12 609 742 24 -6 0 51 51
1517 8 500 0 -24 -12851 0 60 0
1518 12 903 742 -24 6 0 51 55
1519 8 609 0 6 -12851 0 55 0
1520 12 742 500 -24 6 0 55 51
1521 12 742 609 24 -6 0 55 55
1522 12 742 1100 -24 6 0 51 51
1523 8 1100 0 6 -12851 0 55 0
1524 8 609 0 -6 -12851 0 55 0
1525 8 500 0 -6 -12851 0 60 0
1526 8 903 0 -24 -12851 0 60 0
1527 8 903 0 -24 -12851 0 60 0
1528 8 903 0 -6 -12851 0 55 0
1529 8 609 0 24 -12851 0 60 0
1530 12 609 742 -24 6 0 55 51
1531 12 742 500 24 -6 0 55 51
1532 12 903 742 -24 6 0 55 51
1533 12 742 903 -24 6 0 51 51
1534 8 903 0 -24 -12851 0 55 0
1535 12 609 742 24 -6 0 51 51
1536 12 500 742 -24 6 0 55 55
1537 12 609 742 24 -6 0 55 51
1538 8 903 0 6 -12851 0 60 0
1539 8 1100 0 6 -12851 0 55 0
1540 12 1100 742 24 -6 0 55 55
1541 8 903 0 6 -12851 0 60 0
1542 12 742 609 24 -6 0 55 55
1543 12 742 1100 24 -6 0 55 51
1544 8 1100 0 -24 -12851 0 60 0
1545 8 1100 0 -6 -12851 0 55 0
1546 8 903 0 -24 -12851 0 55 0
1547 12 742 903 24 -6 0 51 55
1548 12 1100 742 24 -6 0 51 55
1549 12 742 1100 -24 6 0 55 55
1550 12 742 609 24 -6 0 51 51
1551 8 609 0 -6 -12851 0 55 0
1552 8 742 0 6 -12851 0 55 0
1553 8 609 0 6 -12851 0 55 0
1554 12 742 903 -24 6 0 55 55
1555 8 742 0 -6 -12851 0 60 0
1556 8 609 0 -24 -12851 0 55 0
1557 8 742 0 6 -12851 0 55 0
1558 12 1100 742 -24 6 0 55 55
1559 12 742 903 -24 6 0 51 51
1560 8 500 0 6 -12851 0 55 0
1561 12 500 742 24 -6 0 55 55
1562 8 500 0 24 -12851 0 60 0
1563 8 500 0 -6 -12851 0 60 0
1564 12 742 609 -24 6 0 51 51
1565 8 903 0 6 -12851 0 60 0
1566 12 742 903 -24 6 0 51 51
1567 12 609 742 24 -6 0 55 51
1568 8 903 0 -24 -12851 0 55 0
1569 12 1100 742 -24 6 0 55 55
1570 12 500 742 24 -6 0 51 51
1571 8 1100 0 -24 -12851 0 60 0
1572 12 742 1100 24 -6 0 51 51
1573 12 500 742 -24 6 0 55 55
1574 8 903 0 6 -12851 0 60 0
1575 8 1100 0 -6 -12851 0 55 0
1576 8 1100 0 -6 -12851 0 55 0
1577 8 903 0 24 -12851 0 55 0
1578 8 609 0 6 -12851 0 60 0
1579 12 742 609 24 -6 0 55 55
1580 12 742 500 24 -6 0 51 51
1581 12 742 1100 -24 6 0 51 51
1582 12 742 1100 24 -6 0 55 55
1583 12 609 742 -24 6 0 51 51
1584 8 742 0 6 -12851 0 55 0
1585 12 742 1100 -24 6 0 51 51
1586 8 609 0 6 -12851 0 60 0
1587 8 742 0 -24 -12851 0 55 0
1588 12 742 903 -24 6 0 51 55
1589 12 742 609 24 -6 0 51 55
1590 8 609 0 6 -12851 0 60 0
1591 8 742 0 6 -12851 0 60 0
1592 12 742 1100 -24 6 0 51 51
1593 8 500 0 -6 -12851 0 60 0
1594 8 500 0 6 -12851 0 60 0
1595 12 1100 742 24 -6 0 55 51
1596 8 500 0 6 -12851 0 55 0
1597 12 742 903 -24 6 0 55 51
1598 12 742 609 -24 6 0 55 51
1599 12 742 903 -24 6 0 55 51
1600 12 1100 742 24 -6 0 51 55
1601 12 742 609 24 -6 0 55 55
1602 8 500 0 6 -12851 0 55 0
1603 8 500 0 -24 -12851 0 60 0
1604 8 903 0 -24 -12851 0 60 0
1605 12 500 742 24 -6 0 55 51
1606 12 903 742 24 -6 0 55 51
1607 8 903 0 6 -12851 0 60 0
1608 8 903 0 -6 -12851 0 55 0
1609 8 742 0 6 -12851 0 60 0
1610 8 609 0 24 -12851 0 60 0
1611 12 903 742 -24 6 0 51 51
1612 12 500 742 -24 6 0 55 55
1613 8 500 0 6 -12851 0 55 0
1614 8 609 0 6 -12851 0 60 0
1615 12 742 903 24 -6 0 51 55
1616 12 1100 742 -24 6 0 51 55
1617 12 609 742 24 -6 0 55 55
1618 12 903 742 24 -6 0 55 55
1619 8 1100 0 -24 -12851 0 60 0
1620 12 742 903 -24 6 0 51 51
1621 12 609 742 24 -6 0 51 51
1622 12 1100 742 24 -6 0 51 51
1623 12 742 1100 24 -6 0 55 51
1624 8 500 0 24 -12851 0 55 0
1625 12 742 1100 24 -6 0 55 55
1626 8 1100 0 -6 -12851 0 55 0
1627 12 742 1100 -24 6 0 51 55
1628 12 500 742 24 -6 0 55 55
1629 12 903 742 -24 6 0 51 55
1630 8 742 0 -24 -12851 0 55 0
1631 12 1100 742 -24 6 0 51 51
1632 8 1100 0 24 -12851 0 60 0
1633 8 742 0 -6 -12851 0 60 0
1634 12 609 742 -24 6 0 51 51
1635 12 500 742 -24 6 0 51 51
1636 8 609 0 -24 -12851 0 60 0
1637 12 742 609 -24 6 0 55 55
1638 12 742 903 24 -6 0 51 51
1639 8 609 0 -24 -12851 0 60 0
1640 8 609 0 24 -12851 0 60 0
1641 8 903 0 -24 -12851 0 55 0
1642 12 742 609 24 -6 0 51 55
1643 12 500 742 -24 6 0 51 55
1644 12 903 742 24 -6 0 51 55
1645 12 500 742 -24 6 0 51 55
1646 12 609 742 -24 6 0 55 55
1647 12 903 742 24 -6 0 55 55
1648 8 609 0 -6 -12851 0 60 0
1649 8 609 0 24 -12851 0 60 0
1650 12 742 500 24 -6 0 51 55
1651 8 1100 0 -24 -12851 0 55 0
1652 12 609 742 24 -6 0 55 51
1653 8 500 0 6 -12851 0 60 0
1654 12 609 742 24 -6 0 55 55
1655 12 742 500 -24 6 0 51 55
1656 8 903 0 6 -12851 0 55 0
1657 8 903 0 24 -12851 0 55 0
1658 8 500 0 -6 -12851 0 60 0
1659 8 1100 0 -6 -12851 0 60 0
1660 8 742 0 -24 -12851 0 55 0
1661 12 742 500 24 -6 0 55 51
1662 8 1100 0 -6 -12851 0 60 0
1663 8 500 0 24 -12851 0 60 0
1664 12 1100 742 -24 6 0 55 55
1665 8 742 0 -6 -12851 0 60 0
1666 12 742 1100 -24 6 0 51 55
1667 8 742 0 -6 -12851 0 55 0
1668 12 903 742 24 -6 0 55 51
1669 12 742 609 24 -6 0 51 55
1670 8 500 0 6 -12851 0 60 0
1671 8 500 0 24 -12851 0 55 0
1672 8 742 0 6 -12851 0 60 0
1673 12 742 500 24 -6 0 51 55
1674 8 1100 0 -6 -12851 0 60 0
1675 8 609 0 -6 -12851 0 60 0
1676 8 609 0 -6 -12851 0 60 0
1677 8 1100 0 -6 -12851 0 55 0
1678 8 1100 0 24 -12851 0 60 0
1679 8 903 0 -6 -12851 0 55 0
1680 12 742 609 -24 6 0 51 51
1681 8 500 0 -6 -12851 0 60 0
1682 12 1100 742 -24 6 0 51 51
1683 12 742 903 -24 6 0 55 55
1684 12 742 903 -24 6 0 51 51
1685 12 903 742 24 -6 0 55 51
1686 12 903 742 -24 6 0 51 51
1687 8 903 0 -6 -12851 0 60 0
1688 8 609 0 -6 -12851 0 55 0
1689 12 1100 742 -24 6 0 55 55
1690 12 500 742 24 -6 0 51 55
1691 12 742 1100 -24 6 0 55 51
1692 8 742 0 -6 -12851 0 55 0
1693 12 742 903 24 -6 0 51 55
1694 8 500 0 24 -12851 0 60 0
1695 12 742 903 24 -6 0 51 55
1696 8 903 0 6 -12851 0 55 0
1697 12 742 1100 -24 6 0 55 55
1698 12 742 500 -24 6 0 55 55
1699 8 742 0 24 -12851 0 55 0
1700 12 903 742 24 -6 0 55 55
1701 8 500 0 6 -12851 0 60 0
1702 8 500 0 -6 -12851 0 60 0
1703 12 742 903 -24 6 0 51 51
1704 12 903 742 -24 6 0 55 51
1705 8 500 0 -24 -12851 0 60 0
1706 12 742 903 24 -6 0 51 51
1707 8 742 0 24 -12851 0 55 0
1708 12 742 903 -24 6 0 55 51
1709 8 903 0 6 -12851 0 55 0
1710 8 500 0 6 -12851 0 55 0
1711 8 609 0 -6 -12851 0 60 0
1712 8 1100 0 6 -12851 0 60 0
1713 12 742 500 -24 6 0 55 51
1714 8 742 0 -24 -12851 0 60 0
1715 12 903 742 -24 6 0 51 51
1716 12 742 500 -24 6 0 55 55
1717 8 742 0 24 -12851 0 60 0
1718 12 609 742 24 -6 0 51 51
1719 8 1100 0 -24 -12851 0 60 0
1720 12 742 903 24 -6 0 51 55
1721 12 1100 742 -24 6 0 51 55
1722 12 742 609 -24 6 0 55 51
1723 12 742 903 -24 6 0 51 55
1724 12 500 742 24 -6 0 55 55
1725 12 1100 742 24 -6 0 55 55
1726 8 903 0 -24 -12851 0 60 0
1727 8 903 0 24 -12851 0 60 0
1728 12 903 742 24 -6 0 55 51
1729 8 1100 0 -6 -12851 0 60 0
1730 12 500 742 24 -6 0 51 51
1731 8 609 0 24 -12851 0 55 0
1732 8 609 0 -24 -12851 0 55 0
1733 8 742 0 6 -12851 0 55 0
1734 8 742 0 -6 -12851 0 55 0
1735 12 903 742 24 -6 0 55 55
1736 12 742 1100 24 -6 0 55 55
1737 8 742 0 -24 -12851 0 60 0
1738 12 903 742 -24 6 0 55 55
1739 12 500 742 24 -6 0 51 51
1740 12 1100 742 24 -6 0 55 55
1741 12 742 903 24 -6 0 55 55
1742 8 500 0 24 -12851 0 60 0
1743 12 742 903 24 -6 0 55 55
1744 8 609 0 -6 -12851 0 55 0
1745 8 903 0 -6 -12851 0 55 0
1746 12 903 742 24 -6 0 55 51
1747 8 1100 0 -6 -12851 0 60 0
1748 12 1100 742 24 -6 0 55 55
1749 12 903 742 -24 6 0 51 51
1750 8 1100 0 6 -12851 0 55 0
1751 12 742 903 -24 6 0 51 51
1752 12 500 742 24 -6 0 55 55
1753 8 1100 0 -6 -12851 0 55 0
1754 12 742 500 -24 6 0 55 55
1755 8 500 0 6 -12851 0 60 0
1756 8 742 0 6 -12851 0 55 0
1757 8 500 0 6 -12851 0 60 0
1758 12 903 742 24 -6 0 55 51
1759 12 500 742 24 -6 0 55 55
1760 8 903 0 24 -12851 0 55 0
1761 8 609 0 -24 -12851 0 60 0
1762 12 609 742 24 -6 0 51 51
1763 8 903 0 -24 -12851 0 60 0
1764 12 609 742 -24 6 0 51 55
1765 8 609 0 6 -12851 0 55 0
1766 12 903 742 -24 6 0 51 55
1767 12 742 609 -24 6 0 51 51
1768 8 742 0 24 -12851 0 60 0
1769 8 742 0 6 -12851 0 55 0
1770 12 903 742 -24 6 0 55 55
1771 8 742 0 -6 -12851 0 60 0
1772 8 500 0 -6 -12851 0 55 0
1773 8 1100 0 6 -12851 0 60 0
1774 12 903 742 24 -6 0 51 51
1775 12 500 742 -24 6 0 55 55
1776 8 609 0 -24 -12851 0 55 0
1777 12 742 609 -24 6 0 55 51
1778 12 742 903 -24 6 0 55 51
1779 8 742 0 -6 -12851 0 55 0
1780 12 500 742 -24 6 0 51 51
1781 12 500 742 24 -6 0 55 55
1782 8 903 0 24 -12851 0 55 0
1783 8 609 0 -6 -12851 0 55 0
1784 12 609 742 24 -6 0 51 55
1785 12 1100 742 24 -6 0 51 51
1786 12 742 609 -24 6 0 55 51
1787 12 742 500 -24 6 0 51 55
1788 12 609 742 -24 6 0 55 51
1789 8 500 0 24 -12851 0 60 0
1790 12 742 1100 -24 6 0 51 55
1791 12 742 903 -24 6 0 51 55
1792 8 903 0 6 -12851 0 55 0
1793 12 609 742 24 -6 0 55 55
1794 12 903 742 -24 6 0 55 55
1795 12 742 1100 24 -6 0 55 51
1796 8 903 0 6 -12851 0 55 0
1797 12 500 742 24 -6 0 55 51
1798 8 609 0 -6 -12851 0 60 0
1799 8 500 0 24 -12851 0 60 0
1800 12 742 609 24 -6 0 51 55
1801 12 500 742 -24 6 0 55 51
1802 8 1100 0 -6 -12851 0 55 0
1803 8 1100 0 -24 -12851 0 60 0
1804 8 609 0 6 -12851 0 60 0
1805 8 609 0 -24 -12851 0 55 0
1806 8 609 0 24 -12851 0 55 0
1807 8 903 0 -6 -12851 0 55 0
1808 8 1100 0 -6 -12851 0 55 0
1809 8 903 0 6 -12851 0 55 0
1810 8 742 0 6 -12851 0 60 0
1811 12 500 742 -24 6 0 51 51
1812 8 1100 0 24 -12851 0 55 0
1813 8 903 0 6 -12851 0 60 0
1814 12 609 742 -24 6 0 51 51
1815 8 742 0 24 -12851 0 60 0
1816 8 500 0 -6 -12851 0 55 0
1817 8 1100 0 24 -12851 0 60 0
1818 12 742 1100 24 -6 0 55 55
1819 8 742 0 -24 -12851 0 60 0
1820 12 903 742 24 -6 0 55 51
1821 8 609 0 24 -12851 0 60 0
1822 12 500 742 -24 6 0 51 55
1823 12 742 609 -24 6 0 51 51
1824 8 500 0 24 -12851 0 60 0
1825 8 500 0 -24 -12851 0 55 0
1826 8 1100 0 6 -12851 0 55 0
1827 8 1100 0 24 -12851 0 60 0
1828 12 1100 742 24 -6 0 51 51
1829 8 500 0 6 -12851 0 55 0
1830 12 742 500 24 -6 0 55 51
1831 12 1100 742 24 -6 0 51 55
1832 12 742 1100 24 -6 0 51 55
1833 8 1100 0 -6 -12851 0 60 0
1834 12 903 742 24 -6 0 51 51
1835 8 742 0 -24 -12851 0 60 0
1836 12 500 742 -24 6 0 51 55
1837 8 742 0 -6 -12851 0 60 0
1838 8 742 0 6 -12851 0 60 0
1839 12 742 1100 -24 6 0 51 51
1840 8 903 0 6 -12851 0 60 0
1841 8 1100 0 -24 -12851 0 55 0
1842 8 609 0 -24 -12851 0 55 0
1843 8 903 0 -6 -12851 0 55 0
1844 12 742 609 -24 6 0 51 55
1845 8 903 0 6 -12851 0 60 0
1846 12 903 742 -24 6 0 51 51
1847 8 609 0 24 -12851 0 60 0
1848 8 609 0 -24 -12851 0 60 0
1849 12 1100 742 24 -6 0 55 55
1850 12 742 500 24 -6 0 51 51
1851 8 500 0 -6 -12851 0 55 0
1852 8 500 0 -6 -12851 0 60 0
1853 8 742 0 -24 -12851 0 55 0
1854 12 742 609 -24 6 0 51 51
1855 12 1100 742 -24 6 0 51 55
1856 12 742 609 -24 6 0 55 55
1857 12 903 742 24 -6 0 55 51
1858 8 742 0 24 -12851 0 55 0
1859 8 1100 0 -6 -12851 0 60 0
1860 8 609 0 24 -12851 0 55 0
1861 8 1100 0 6 -12851 0 55 0
1862 12 903 742 24 -6 0 51 51
1863 12 742 609 -24 6 0 51 55
1864 12 1100 742 24 -6 0 55 55
1865 8 609 0 -6 -12851 0 55 0
1866 8 742 0 24 -12851 0 55 0
1867 8 1100 0 6 -12851 0 55 0
1868 12 903 742 24 -6 0 55 51
1869 8 903 0 24 -12851 0 60 0
1870 8 903 0 -24 -12851 0 55 0
1871 8 609 0 -6 -12851 0 60 0
1872 12 742 500 24 -6 0 55 55
1873 12 742 609 24 -6 0 51 55
1874 8 500 0 6 -12851 0 60 0
1875 12 609 742 24 -6 0 55 51
1876 8 500 0 24 -12851 0 55 0
1877 8 500 0 24 -12851 0 60 0
1878 12 742 609 -24 6 0 51 51
1879 12 742 1100 24 -6 0 51 51
1880 12 903 742 24 -6 0 55 51
1881 8 903 0 -6 -12851 0 55 0
1882 8 742 0 -6 -12851 0 60 0
1883 12 742 500 24 -6 0 55 55
1884 12 1100 742 24 -6 0 51 55
1885 12 500 742 24 -6 0 51 51
1886 12 903 742 24 -6 0 55 55
1887 8 609 0 -24 -12851 0 60 0
1888 8 609 0 -24 -12851 0 60 0
1889 12 903 742 -24 6 0 51 55
1890 8 500 0 24 -12851 0 55 0
1891 12 609 742 -24 6 0 55 55
1892 12 742 609 -24 6 0 55 55
1893 12 742 1100 -24 6 0 55 55
1894 8 500 0 -6 -12851 0 60 0
1895 8 500 0 6 -12851 0 55 0
1896 12 742 903 24 -6 0 55 55
1897 12 1100 742 -24 6 0 55 55
1898 12 742 500 24 -6 0 51 51
1899 8 903 0 -6 -12851 0 55 0
1900 12 742 1100 24 -6 0 55 55
1901 12 903 742 24 -6 0 51 55
1902 8 1100 0 -24 -12851 0 55 0
1903 12 1100 742 24 -6 0 51 55
1904 8 742 0 24 -12851 0 55 0
1905 12 609 742 24 -6 0 51 51
1906 8 903 0 24 -12851 0 55 0
1907 8 1100 0 -24 -12851 0 60 0
1908 12 742 1100 24 -6 0 55 55
1909 12 742 903 -24 6 0 55 51
1910 8 742 0 -24 -12851 0 55 0
1911 8 1100 0 -6 -12851 0 55 0
1912 12 742 903 24 -6 0 55 55
1913 12 742 609 24 -6 0 55 51
1914 12 500 742 -24 6 0 51 51
1915 12 609 742 24 -6 0 51 55
1916 8 903 0 -24 -12851 0 55 0
1917 12 500 742 24 -6 0 55 55
1918 8 742 0 -6 -12851 0 55 0
1919 12 742 903 24 -6 0 55 51
1920 12 742 903 -24 6 0 55 55
1921 12 742 903 -24 6 0 55 55
1922 8 609 0 24 -12851 0 60 0
1923 8 609 0 -6 -12851 0 55 0
1924 8 903 0 -24 -12851 0 55 0
1925 8 903 0 -6 -12851 0 55 0
1926 8 742 0 -24 -12851 0 60 0
1927 8 609 0 24 -12851 0 60 0
1928 12 609 742 24 -6 0 55 51
1929 8 742 0 -6 -12851 0 60 0
1930 12 742 1100 -24 6 0 55 51
1931 8 742 0 24 -12851 0 55 0
1932 8 1100 0 -6 -12851 0 55 0
1933 12 609 742 24 -6 0 51 51
1934 8 609 0 24 -12851 0 60 0
1935 8 1100 0 24 -12851 0 55 0
1936 12 500 742 -24 6 0 55 55
1937 12 609 742 24 -6 0 55 55
1938 12 1100 742 -24 6 0 51 55
1939 12 1100 742 -24 6 0 55 55
1940 12 742 1100 -24 6 0 51 55
1941 8 500 0 6 -12851 0 55 0
1942 12 609 742 -24 6 0 55 51
1943 12 742 609 -24 6 0 55 51
1944 8 903 0 -24 -12851 0 60 0
1945 12 742 1100 24 -6 0 55 55
1946 12 903 742 24 -6 0 55 55
1947 8 500 0 24 -12851 0 60 0
1948 8 609 0 24 -12851 0 55 0
1949 12 742 903 -24 6 0 55 51
1950 8 1100 0 24 -12851 0 60 0
1951 12 742 609 -24 6 0 51 55
1952 8 903 0 -6 -12851 0 55 0
1953 12 903 742 -24 6 0 51 55
1954 8 500 0 24 -12851 0 55 0
1955 8 742 0 -24 -12851 0 60 0
1956 8 742 0 -6 -12851 0 55 0
1957 8 903 0 -6 -12851 0 55 0
1958 12 742 903 -24 6 0 55 51
1959 8 742 0 -24 -12851 0 60 0
1960 12 742 500 -24 6 0 51 51
1961 8 742 0 24 -12851 0 55 0
1962 8 1100 0 -6 -12851 0 60 0
1963 8 903 0 6 -12851 0 55 0
1964 8 1100 0 -6 -12851 0 60 0
1965 12 742 500 24 -6 0 51 55
1966 12 742 903 -24 6 0 55 55
1967 12 1100 742 24 -6 0 51 51
1968 12 742 500 -24 6 0 51 55
1969 12 742 1100 -24 6 0 55 55
1970 12 903 742 24 -6 0 55 51
1971 8 1100 0 24 -12851 0 55 0
1972 12 609 742 24 -6 0 51 55
1973 8 903 0 24 -12851 0 60 0
1974 12 742 1100 -24 6 0 51 51
1975 8 500 0 24 -12851 0 55 0
1976 12 742 609 24 -6 0 51 51
1977 12 742 1100 24 -6 0 55 55
1978 12 742 500 -24 6 0 55 55
1979 12 500 742 24 -6 0 51 55
1980 8 609 0 6 -12851 0 55 0
1981 12 609 742 -24 6 0 55 51
1982 12 500 742 -24 6 0 55 55
1983 8 500 0 -6 -12851 0 60 0
1984 8 609 0 -24 -12851 0 55 0
1985 8 609 0 24 -12851 0 55 0
1986 8 500 0 6 -12851 0 55 0
1987 8 1100 0 -6 -12851 0 55 0
1988 8 1100 0 24 -12851 0 60 0
1989 12 500 742 -24 6 0 55 51
1990 12 903 742 -24 6 0 55 51
1991 8 609 0 6 -12851 0 55 0
1992 8 500 0 -6 -12851 0 60 0
1993 12 609 742 -24 6 0 51 51
1994 8 500 0 24 -12851 0 60 0
1995 8 1100 0 -24 -12851 0 60 0
1996 12 500 742 24 -6 0 55 51
1997 8 1100 0 24 -12851 0 60 0
1998 8 609 0 -6 -12851 0 60 0
1999 12 500 742 24 -6 0 55 55
2000 8 500 0 -6 -12851 0 55 0
2001 8 742 0 -6 -12851 0 55 0
2002 8 742 0 -24 -12851 0 60 0
2003 8 609 0 24 -12851 0 60 0
2004 12 742 500 24 -6 0 51 51
2005 12 742 500 24 -6 0 55 55
2006 12 903 742 24 -6 0 55 51
2007 12 1100 742 -24 6 0 55 55
2008 12 1100 742 -24 6 0 55 51
2009 8 903 0 -6 -12851 0 60 0
2010 8 903 0 -24 -12851 0 55 0
2011 12 903 742 24 -6 0 51 51
2012 12 742 500 -24 6 0 55 55
2013 12 609 742 -24 6 0 55 51
2014 8 903 0 -6 -12851 0 60 0
2015 8 742 0 -6 -12851 0 55 0
2016 8 742 0 6 -12851 0 60 0
2017 12 500 742 -24 6 0 51 55
2018 8 742 0 6 -12851 0 60 0
2019 12 1100 742 -24 6 0 55 55
2020 8 1100 0 -6 -12851 0 60 0
2021 12 742 609 24 -6 0 55 55
2022 8 903 0 -6 -12851 0 55 0
2023 8 609 0 24 -12851 0 55 0
2024 8 609 0 -6 -12851 0 55 0
2025 8 500 0 -6 -12851 0 60 0
2026 12 903 742 -24 6 0 51 51
2027 12 609 742 24 -6 0 55 55
2028 12 742 903 -24 6 0 51 51
2029 8 500 0 24 -12851 0 60 0
2030 8 609 0 -6 -12851 0 60 0
2031 12 742 609 -24 6 0 55 55
2032 8 1100 0 24 -12851 0 60 0
2033 8 1100 0 -6 -12851 0 60 0
2034 12 903 742 24 -6 0 55 55
2035 8 903 0 -24 -12851 0 60 0
2036 12 742 609 -24 6 0 51 55
2037 12 903 742 -24 6 0 55 55
2038 8 903 0 6 -12851 0 60 0
2039 12 742 609 -24 6 0 55 55
2040 12 742 903 24 -6 0 51 55
2041 8 742 0 24 -12851 0 55 0
2042 12 742 1100 24 -6 0 55 51
2043 12 742 609 -24 6 0 55 55
2044 8 742 0 -6 -12851 0 60 0
2045 12 742 1100 -24 6 0 51 51
2046 8 500 0 -6 -12851 0 60 0
2047 12 742 500 -24 6 0 51 55
2048 8 1100 0 24 -12851 0 60 0
2049 12 742 609 24 -6 0 55 55
2050 12 742 903 -24 6 0 55 55
2051 8 1100 0 -24 -12851 0 60 0
2052 8 903 0 6 -12851 0 55 0
2053 12 609 742 24 -6 0 55 55
2054 12 742 500 -24 6 0 51 55
2055 12 903 742 24 -6 0 51 55
2056 8 609 0 -6 -12851 0 60 0
2057 12 609 742 -24 6 0 51 55
2058 12 903 742 -24 6 0 51 55
2059 12 742 903 -24 6 0 51 51
2060 12 742 1100 24 -6 0 51 55
2061 12 742 903 24 -6 0 51 55
2062 8 1100 0 24 -12851 0 60 0
2063 12 609 742 -24 6 0 55 55
2064 8 903 0 24 -12851 0 55 0
2065 12 742 500 24 -6 0 51 51
2066 8 742 0 -24 -12851 0 60 0
2067 8 500 0 -6 -12851 0 60 0
2068 12 609 742 -24 6 0 51 51
2069 8 609 0 -6 -12851 0 60 0
2070 8 903 0 -24 -12851 0 55 0
2071 12 742 609 -24 6 0 51 51
2072 12 609 742 -24 6 0 55 55
2073 12 742 1100 24 -6 0 51 55
2074 12 742 903 24 -6 0 55 51
2075 12 609 742 24 -6 0 55 55
2076 8 1100 0 -6 -12851 0 55 0
2077 12 609 742 24 -6 0 55 51
2078 8 500 0 -24 -12851 0 55 0
2079 8 609 0 -6 -12851 0 55 0
2080 8 500 0 24 -12851 0 55 0
2081 12 609 742 -24 6 0 55 51
2082 8 742 0 6 -12851 0 60 0
2083 12 903 742 24 -6 1 55 55
2084 8 742 0 6 -12851 0 55 0
2085 8 500 0 -6 -12851 0 60 0
2086 12 742 500 -24 6 1 55 51
2087 12 903 742 24 -6 0 51 51
2088 8 500 0 6 -12851 0 60 0
2089 12 609 742 -24 6 1 55 55
2090 8 500 0 -6 -12851 1 55 0
2091 12 1100 742 -24 6 1 55 55
2092 8 500 0 6 -12851 1 60 0
2093 8 609 0 24 -12851 0 55 0
2094 12 742 903 24 -6 1 51 51
2095 8 742 0 -6 -12851 1 55 0
2096 8 1100 0 -24 -12851 1 55 0
2097 12 742 903 24 -6 0 51 55
2098 12 609 742 24 -6 1 51 51
2099 8 742 0 24 -12851 1 55 0
2100 8 609 0 -24 -12851 1 55 0
2101 12 742 903 -24 6 1 55 55
2102 8 1100 0 -24 -12851 1 55 0
2103 8 903 0 24 -12851 1 60 0
2104 12 742 903 -24 6 0 51 55
2105 12 609 742 -24 6 0 55 55
2106 8 903 0 24 -12851 0 60 0
2107 12 903 742 24 -6 0 51 51
2108 12 609 742 24 -6 0 55 51
2109 12 742 1100 -24 6 0 55 51
2110 12 742 903 24 -6 0 55 51
2111 8 903 0 -24 -12851 0 60 0
2112 8 609 0 6 -12851 0 60 0
2113 12 742 1100 24 -6 0 55 55
2114 8 742 0 24 -12851 1 55 0
2115 12 742 500 -24 6 1 55 51
2116 12 742 609 -24 6 1 51 51
2117 12 500 742 -24 6 1 51 55
2118 12 1100 742 24 -6 1 55 51
2119 8 1100 0 6 -12851 1 60 0
2120 12 609 742 24 -6 1 55 55
2121 12 903 742 24 -6 1 55 51
2122 12 609 742 24 -6 0 55 55
2123 8 609 0 -24 -12851 0 55 0
2124 8 609 0 24 -12851 1 55 0
2125 12 903 742 24 -6 0 55 51
2126 8 903 0 -24 -12851 1 55 0
2127 12 742 500 -24 6 0 55 51
2128 12 742 903 -24 6 1 55 55
2129 12 609 742 24 -6 1 55 51
2130 8 1100 0 6 -12851 1 60 0
2131 8 500 0 -24 -12851 1 60 0
2132 8 609 0 -6 -12851 1 60 0
2133 8 500 0 -6 -12851 1 55 0
2134 8 903 0 6 -12851 1 60 0
2135 12 742 609 -24 6 1 55 55
2136 8 1100 0 24 -12851 1 60 0
2137 8 742 0 24 -12851 0 55 0
2138 8 742 0 24 -12851 1 55 0
2139 8 742 0 6 -12851 1 60 0
2140 12 500 742 24 -6 1 51 55
2141 8 609 0 6 -12851 1 60 0
2142 8 903 0 6 -12851 1 60 0
2143 12 742 609 24 -6 0 55 51
2144 8 500 0 24 -12851 1 55 0
2145 12 742 500 24 -6 1 51 51
2146 8 1100 0 -6 -12851 0 55 0
2147 8 742 0 -6 -12851 1 60 0
2148 8 742 0 -6 -12851 0 55 0
2149 8 609 0 6 -12851 1 60 0
2150 8 903 0 -24 -12851 1 55 0
2151 8 500 0 6 -12851 1 60 0
2152 12 742 609 24 -6 1 55 55
2153 12 742 500 -24 6 1 55 51
2154 8 500 0 24 -12851 1 55 0
2155 8 742 0 -24 -12851 1 60 0
2156 8 742 0 -6 -12851 1 60 0
2157 8 1100 0 24 -12851 1 60 0
2158 12 742 1100 -24 6 1 51 55
2159 12 742 500 24 -6 1 51 55
2160 8 500 0 24 -12851 0 55 0
2161 8 609 0 24 -12851 1 60 0
2162 12 500 742 -24 6 1 55 51
2163 8 1100 0 6 -12851 1 55 0
2164 8 903 0 24 -12851 1 60 0
2165 8 903 0 -6 -12851 0 60 0
2166 12 609 742 24 -6 1 55 51
2167 8 609 0 -24 -12851 1 60 0
2168 12 1100 742 -24 6 1 55 55
2169 12 742 1100 24 -6 1 55 55
2170 8 1100 0 24 -12851 0 60 0
2171 12 903 742 -24 6 1 51 55
2172 12 500 742 -24 6 1 51 51
2173 12 1100 742 24 -6 1 55 55
2174 8 609 0 24 -12851 1 60 0
2175 8 609 0 -6 -12851 0 60 0
2176 8 500 0 24 -12851 1 55 0
2177 8 903 0 24 -12851 0 55 0
2178 12 742 609 24 -6 0 55 51
2179 8 1100 0 -24 -12851 1 55 0
2180 8 742 0 24 -12851 1 60 0
2181 12 742 500 24 -6 1 51 51
2182 12 742 609 24 -6 1 55 55
2183 12 500 742 24 -6 0 51 55
2184 12 742 500 -24 6 1 51 55
2185 12 742 609 24 -6 1 51 51
2186 12 742 1100 24 -6 1 55 51
2187 12 742 903 -24 6 1 51 51
2188 8 609 0 -6 -12851 0 60 0
2189 12 609 742 -24 6 0 55 55
2190 8 609 0 -24 -12851 1 60 0
2191 8 903 0 -24 -12851 1 55 0
2192 8 500 0 6 -12851 1 60 0
2193 8 903 0 -6 -12851 0 55 0
2194 12 609 742 -24 6 1 51 55
2195 8 500 0 -24 -12851 1 60 0
2196 8 742 0 -24 -12851 0 55 0
2197 8 742 0 24 -12851 1 55 0
2198 12 742 903 -24 6 0 55 55
2199 12 742 903 -24 6 0 55 55
2200 8 1100 0 6 -12851 0 55 0
2201 12 742 500 -24 6 0 55 51
2202 12 903 742 24 -6 0 55 51
2203 12 742 903 -24 6 0 55 55
2204 12 609 742 24 -6 0 51 55
2205 12 609 742 24 -6 0 51 55
2206 8 1100 0 24 -12851 0 55 0
2207 8 903 0 6 -12851 0 55 0
2208 12 1100 742 24 -6 0 55 51
2209 12 742 609 24 -6 1 51 51
2210 12 1100 742 -24 6 1 51 55
2211 8 903 0 24 -12851 1 55 0
2212 12 742 500 -24 6 1 55 51
2213 12 500 742 24 -6 0 55 51
2214 12 742 903 24 -6 1 55 55
2215 12 742 609 -24 6 0 51 51
2216 12 1100 742 24 -6 0 55 55
2217 8 500 0 -24 -12851 1 55 0
2218 12 609 742 -24 6 1 51 51
2219 8 742 0 -6 -12851 1 55 0
2220 8 1100 0 -6 -12851 1 55 0
2221 8 903 0 24 -12851 1 60 0
2222 12 742 609 24 -6 1 51 51
2223 12 742 1100 24 -6 1 55 51
2224 12 742 609 -24 6 0 55 55
2225 12 742 500 -24 6 1 55 51
2226 8 609 0 6 -12851 0 60 0
2227 8 1100 0 24 -12851 1 55 0
2228 8 1100 0 -24 -12851 0 60 0
2229 12 500 742 -24 6 1 55 51
2230 8 500 0 24 -12851 1 55 0
2231 8 903 0 24 -12851 0 55 0
2232 8 500 0 -6 -12851 1 60 0
2233 12 500 742 -24 6 0 51 51
2234 12 903 742 24 -6 0 55 51
2235 12 500 742 -24 6 0 51 51
2236 12 742 609 -24 6 0 55 55
2237 8 742 0 24 -12851 1 55 0
2238 12 742 903 -24 6 1 51 51
2239 12 500 742 24 -6 0 55 55
2240 8 742 0 -6 -12851 0 60 0
2241 12 500 742 24 -6 1 55 55
2242 8 609 0 6 -12851 1 60 0
2243 8 609 0 24 -12851 0 55 0
2244 8 1100 0 6 -12851 0 55 0
2245 8 1100 0 -6 -12851 0 60 0
2246 12 903 742 -24 6 1 51 51
2247 8 500 0 6 -12851 1 55 0
2248 12 742 1100 -24 6 0 55 51
2249 8 742 0 -6 -12851 1 55 0
2250 8 903 0 -24 -12851 1 60 0
2251 12 742 609 24 -6 0 55 51
2252 12 903 742 -24 6 1 55 51
2253 12 742 609 24 -6 0 55 55
2254 12 1100 742 24 -6 1 55 51
2255 12 1100 742 24 -6 1 51 55
2256 8 742 0 6 -12851 1 55 0
2257 8 1100 0 24 -12851 0 60 0
2258 12 500 742 24 -6 1 55 51
2259 12 742 609 24 -6 1 55 51
2260 8 609 0 24 -12851 1 55 0
2261 12 742 903 -24 6 1 55 55
2262 12 742 609 -24 6 1 51 51
2263 8 903 0 24 -12851 0 60 0
2264 8 609 0 6 -12851 1 60 0
2265 8 609 0 -24 -12851 1 60 0
2266 8 742 0 6 -12851 0 55 0
2267 12 609 742 24 -6 0 51 55
2268 12 742 1100 -24 6 1 55 51
2269 12 1100 742 24 -6 1 51 51
2270 12 742 609 -24 6 1 55 51
2271 8 1100 0 24 -12851 1 55 0
2272 8 903 0 -6 -12851 0 55 0
2273 8 500 0 6 -12851 1 60 0
2274 8 500 0 -6 -12851 1 60 0
2275 8 609 0 6 -12851 0 60 0
2276 8 609 0 -24 -12851 0 55 0
2277 12 500 742 24 -6 1 55 55
2278 8 609 0 -6 -12851 0 60 0
2279 12 742 903 24 -6 0 51 55
2280 12 742 1100 -24 6 0 55 55
2281 12 742 903 24 -6 0 55 55
2282 8 609 0 6 -12851 1 60 0
2283 8 500 0 -6 -12851 0 55 0
2284 8 500 0 24 -12851 1 55 0
2285 8 500 0 -24 -12851 1 60 0
2286 12 903 742 24 -6 0 55 51
2287 8 1100 0 -24 -12851 1 60 0
2288 12 609 742 24 -6 1 55 51
2289 8 742 0 -24 -12851 1 55 0
2290 8 903 0 -6 -12851 1 55 0
2291 12 742 903 -24 6 0 55 55
2292 12 500 742 24 -6 0 51 55
2293 8 1100 0 -6 -12851 0 60 0
2294 12 742 500 24 -6 0 51 51
2295 8 903 0 -6 -12851 0 60 0
2296 12 742 500 -24 6 0 51 51
2297 8 1100 0 -24 -12851 0 60 0
2298 12 609 742 -24 6 0 55 55
2299 12 609 742 24 -6 0 51 55
2300 8 742 0 6 -12851 0 60 0
2301 8 742 0 -24 -12851 0 55 0
2302 8 903 0 -6 -12851 0 55 0
2303 8 742 0 -24 -12851 0 60 0
2304 8 742 0 -6 -12851 0 55 0
2305 12 742 500 24 -6 0 51 55
2306 8 742 0 24 -12851 1 55 0
2307 8 500 0 -6 -12851 0 55 0
2308 12 742 1100 24 -6 1 55 55
2309 8 1100 0 -6 -12851 0 60 0
2310 12 1100 742 24 -6 0 51 51
2311 8 609 0 6 -12851 0 60 0
2312 12 1100 742 24 -6 0 55 55
2313 8 742 0 24 -12851 0 55 0
2314 12 742 903 -24 6 0 55 55
2315 8 903 0 24 -12851 1 55 0
2316 8 609 0 24 -12851 1 60 0
2317 8 500 0 24 -12851 0 60 0
2318 8 903 0 6 -12851 1 55 0
2319 8 903 0 24 -12851 0 60 0
2320 12 903 742 -24 6 0 51 51
2321 8 609 0 -24 -12851 0 55 0
2322 12 742 500 24 -6 1 55 55
2323 8 500 0 -6 -12851 0 55 0
2324 12 742 1100 24 -6 1 55 55
2325 12 742 903 -24 6 0 51 55
2326 8 1100 0 -6 -12851 1 60 0
2327 8 1100 0 6 -12851 0 55 0
2328 8 500 0 -24 -12851 1 60 0
2329 8 500 0 -6 -12851 1 55 0
2330 8 742 0 6 -12851 1 60 0
2331 12 500 742 24 -6 0 51 55
2332 8 1100 0 -6 -12851 0 60 0
2333 12 742 609 24 -6 1 55 55
2334 8 1100 0 6 -12851 0 55 0
2335 8 609 0 6 -12851 1 60 0
2336 8 500 0 -24 -12851 1 60 0
2337 8 500 0 24 -12851 1 55 0
2338 8 609 0 6 -12851 1 55 0
2339 8 609 0 24 -12851 1 60 0
2340 8 1100 0 6 -12851 1 55 0
2341 8 903 0 -6 -12851 1 60 0
2342 12 742 1100 24 -6 1 51 55
2343 12 742 500 24 -6 0 55 55
2344 12 742 500 24 -6 1 55 51
2345 12 903 742 -24 6 1 51 51
2346 12 742 1100 -24 6 1 55 55
2347 8 742 0 -6 -12851 0 55 0
2348 12 742 500 24 -6 0 51 51
2349 12 742 609 24 -6 1 55 55
2350 12 742 500 24 -6 1 55 51
2351 12 742 500 24 -6 1 55 55
2352 12 742 609 -24 6 1 55 55
2353 12 609 742 -24 6 0 55 55
2354 12 903 742 24 -6 0 51 51
2355 8 742 0 6 -12851 0 55 0
2356 12 1100 742 24 -6 0 55 51
2357 8 903 0 6 -12851 0 55 0
2358 8 903 0 6 -12851 0 55 0
2359 8 903 0 -6 -12851 0 55 0
2360 12 609 742 24 -6 1 55 51
2361 8 903 0 -24 -12851 1 60 0
2362 8 742 0 -24 -12851 1 55 0
2363 8 609 0 6 -12851 1 55 0
2364 8 742 0 24 -12851 1 55 0
2365 12 500 742 -24 6 1 51 55
2366 8 742 0 -6 -12851 1 55 0
2367 8 1100 0 -24 -12851 0 55 0
2368 8 609 0 -6 -12851 0 60 0
2369 8 1100 0 -6 -12851 1 60 0
2370 12 742 609 24 -6 1 55 55
2371 12 742 1100 24 -6 1 55 55
2372 8 500 0 -6 -12851 0 55 0
2373 12 500 742 -24 6 1 55 55
2374 12 742 609 24 -6 1 55 51
2375 8 903 0 -6 -12851 0 55 0
2376 8 500 0 6 -12851 0 60 0
2377 12 500 742 -24 6 0 51 51
2378 12 1100 742 24 -6 0 55 55
2379 12 742 903 24 -6 0 55 51
2380 8 609 0 -24 -12851 0 60 0
2381 12 742 609 -24 6 0 55 51
2382 12 609 742 -24 6 0 55 51
2383 8 1100 0 -24 -12851 1 60 0
2384 8 903 0 6 -12851 1 55 0
2385 12 1100 742 24 -6 1 51 51
2386 8 500 0 -6 -12851 0 55 0
2387 8 903 0 -6 -12851 0 60 0
2388 8 903 0 6 -12851 1 55 0
2389 12 742 1100 24 -6 0 51 55
2390 8 903 0 6 -12851 1 60 0
2391 8 500 0 24 -12851 1 55 0
2392 12 500 742 24 -6 1 55 55
2393 12 742 609 -24 6 0 55 55
2394 12 742 500 24 -6 1 51 55
2395 8 742 0 -24 -12851 0 55 0
2396 12 500 742 24 -6 0 51 51
2397 12 742 903 -24 6 0 55 51
2398 8 500 0 -6 -12851 1 55 0
2399 8 903 0 -6 -12851 0 55 0
2400 12 742 500 24 -6 1 55 51
2401 8 609 0 -6 -12851 0 55 0
2402 8 1100 0 6 -12851 1 55 0
2403 12 742 500 -24 6 0 51 51
2404 8 500 0 24 -12851 1 55 0
2405 12 500 742 24 -6 0 55 55
2406 8 1100 0 6 -12851 0 60 0
2407 12 1100 742 24 -6 0 55 55
2408 12 500 742 24 -6 0 51 55
2409 12 742 609 -24 6 0 55 55
2410 8 742 0 -6 -12851 0 60 0
2411 8 609 0 6 -12851 0 60 0
2412 12 500 742 -24 6 0 55 55
2413 8 609 0 -6 -12851 0 55 0
2414 12 742 903 24 -6 0 51 55
2415 12 742 1100 24 -6 0 55 51
2416 8 742 0 -6 -12851 0 60 0
2417 8 1100 0 -6 -12851 0 55 0
2418 8 903 0 -24 -12851 0 55 0
2419 12 742 903 -24 6 1 55 55
2420 12 742 500 -24 6 0 51 51
2421 12 903 742 -24 6 0 51 55
2422 12 609 742 24 -6 0 51 51
2423 8 903 0 24 -12851 0 60 0
2424 8 1100 0 24 -12851 0 60 0
2425 12 742 903 -24 6 0 55 51
2426 12 742 500 -24 6 0 55 55
2427 12 1100 742 24 -6 0 55 55
2428 12 742 1100 24 -6 0 51 51
2429 12 742 1100 -24 6 0 51 51
2430 8 903 0 -24 -12851 0 55 0
2431 12 742 500 24 -6 0 51 55
2432 8 609 0 6 -12851 0 60 0
2433 8 903 0 -24 -12851 0 55 0
2434 8 500 0 -24 -12851 0 55 0
2435 8 1100 0 24 -12851 0 60 0
2436 12 1100 742 24 -6 0 51 55
2437 12 903 742 -24 6 0 55 55
2438 8 742 0 -24 -12851 0 55 0
2439 12 500 742 24 -6 0 55 55
2440 12 609 742 24 -6 0 51 55
2441 12 742 903 24 -6 0 55 51
2442 12 742 500 -24 6 0 55 55
2443 12 500 742 -24 6 0 51 51
2444 12 500 742 -24 6 0 51 51
2445 8 609 0 6 -12851 0 55 0
2446 12 742 609 24 -6 0 51 55
2447 8 500 0 24 -12851 0 55 0
2448 12 609 742 -24 6 0 55 55
2449 8 500 0 -24 -12851 0 55 0
2450 8 609 0 24 -12851 0 60 0
2451 8 1100 0 6 -12851 0 60 0
2452 8 742 0 6 -12851 0 55 0
2453 8 742 0 -24 -12851 0 60 0
2454 8 1100 0 6 -12851 0 55 0
2455 12 742 1100 -24 6 0 51 51
2456 12 500 742 24 -6 0 55 51
2457 8 1100 0 6 -12851 0 60 0
2458 8 1100 0 -6 -12851 0 60 0
2459 12 742 1100 24 -6 0 55 55
2460 8 903 0 24 -12851 0 55 0
2461 12 742 903 -24 6 0 55 55
2462 12 500 742 -24 6 0 51 55
2463 8 742 0 -24 -12851 0 55 0
2464 8 609 0 -6 -12851 0 60 0
2465 8 742 0 6 -12851 0 55 0
2466 8 903 0 24 -12851 0 60 0
2467 12 742 609 24 -6 0 55 55
2468 8 500 0 -24 -12851 0 60 0
2469 8 903 0 6 -12851 0 55 0
2470 12 742 609 -24 6 0 51 55
2471 12 903 742 24 -6 0 55 55
2472 12 742 903 24 -6 0 55 55
2473 8 1100 0 6 -12851 0 55 0
2474 12 609 742 -24 6 0 51 55
2475 8 609 0 24 -12851 0 60 0
2476 12 609 742 -24 6 0 51 51
2477 8 609 0 -6 -12851 0 55 0
2478 8 500 0 6 -12851 0 55 0
2479 12 500 742 24 -6 0 51 51
2480 12 742 609 24 -6 0 51 51
2481 12 742 609 -24 6 0 55 51
2482 12 742 609 -24 6 0 55 55
2483 12 609 742 -24 6 0 55 55
2484 8 742 0 24 -12851 0 55 0
2485 12 500 742 24 -6 0 55 55
2486 8 500 0 -24 -12851 0 60 0
2487 8 742 0 -24 -12851 0 60 0
2488 8 742 0 -6 -12851 0 55 0
2489 8 742 0 -6 -12851 0 60 0
2490 8 500 0 -24 -12851 0 60 0
2491 8 1100 0 24 -12851 0 60 0
2492 8 609 0 -24 -12851 0 55 0
2493 12 742 500 24 -6 0 55 55
2494 12 742 903 24 -6 0 51 51
2495 12 1100 742 24 -6 0 55 51
2496 12 1100 742 -24 6 0 55 55
2497 8 742 0 -6 -12851 0 60 0
2498 8 903 0 24 -12851 0 60 0
2499 8 609 0 -24 -12851 0 60 0
2500 12 742 500 -24 6 0 55 55
2501 8 500 0 -6 -12851 0 60 0
2502 12 742 1100 -24 6 0 55 51
2503 12 742 1100 24 -6 0 55 51
2504 12 1100 742 -24 6 0 51 55
2505 12 742 903 24 -6 0 55 55
2506 8 903 0 -6 -12851 0 55 0
2507 8 903 0 -6 -12851 0 60 0
2508 12 742 1100 24 -6 0 51 55
2509 12 742 609 24 -6 0 51 51
2510 12 500 742 -24 6 0 51 51
2511 8 609 0 -6 -12851 0 60 0
2512 8 500 0 24 -12851 0 55 0
2513 12 742 609 24 -6 0 51 51
2514 12 1100 742 -24 6 0 55 51
2515 8 1100 0 6 -12851 0 60 0
2516 8 1100 0 -24 -12851 0 60 0
2517 8 1100 0 6 -12851 0 55 0
2518 12 742 609 24 -6 0 55 55
2519 8 1100 0 -24 -12851 0 60 0
2520 12 742 500 -24 6 0 55 51
2521 12 742 1100 -24 6 0 55 55
2522 8 742 0 6 -12851 0 55 0
2523 12 903 742 -24 6 0 55 55
2524 8 903 0 6 -12851 0 60 0
2525 8 742 0 -6 -12851 0 60 0
2526 8 500 0 -6 -12851 0 55 0
2527 12 742 903 -24 6 0 51 55
2528 12 742 609 24 -6 0 55 55
2529 8 609 0 -24 -12851 0 60 0
2530 8 903 0 6 -12851 0 55 0
2531 12 742 500 -24 6 0 51 55
2532 8 1100 0 -6 -12851 0 60 0
2533 8 500 0 -24 -12851 0 60 0
2534 8 609 0 24 -12851 0 60 0
2535 12 609 742 -24 6 0 55 55
2536 8 609 0 6 -12851 0 55 0
2537 12 1100 742 24 -6 0 51 51
2538 12 742 500 -24 6 0 55 51
2539 8 742 0 -6 -12851 0 55 0
2540 12 609 742 24 -6 0 51 51
2541 12 742 1100 -24 6 0 55 51
2542 12 742 903 24 -6 0 55 51
2543 12 742 609 -24 6 0 51 51
2544 8 1100 0 6 -12851 0 60 0
2545 8 500 0 -6 -12851 0 55 0
2546 12 742 1100 24 -6 0 51 55
2547 8 903 0 24 -12851 0 60 0
2548 8 609 0 -6 -12851 0 60 0
2549 12 742 903 24 -6 0 51 55
2550 12 742 903 -24 6 0 55 55
2551 8 609 0 6 -12851 0 60 0
2552 8 903 0 -6 -12851 0 55 0
