196 8 609 0 -6 -12851 1 60 0
197 8 742 0 24 -12851 0 55 0
198 8 1100 0 -24 -12851 0 60 0
199 12 1100 742 -24 6 1 51 55
200 12 609 742 24 -6 0 55 55
201 8 742 0 24 -12851 0 55 0
202 8 903 0 6 -12851 0 60 0
203 8 500 0 -24 -12851 1 60 0
204 8 609 0 24 -12851 0 55 0
205 8 609 0 -6 -12851 1 60 0
206 8 742 0 -24 -12851 1 55 0
207 8 500 0 -24 -12851 1 55 0
208 12 1100 742 24 -6 1 51 55
209 8 500 0 24 -12851 1 55 0
210 8 500 0 24 -12851 0 55 0
211 8 500 0 -6 -12851 1 55 0
212 12 500 742 -24 6 1 55 55
213 12 609 742 24 -6 1 55 51
214 8 500 0 24 -12851 1 60 0
215 8 742 0 -24 -12851 1 55 0
216 12 742 500 24 -6 0 55 55
217 12 742 609 24 -6 1 55 51
218 8 742 0 24 -12851 0 60 0
219 12 903 742 -24 6 1 55 55
220 12 500 742 24 -6 1 55 55
221 12 742 903 24 -6 1 51 51
222 8 609 0 -24 -12851 0 55 0
223 8 609 0 -6 -12851 1 60 0
224 12 500 742 24 -6 1 55 55
225 12 1100 742 -24 6 1 51 55
226 12 742 1100 -24 6 1 55 55
227 8 742 0 24 -12851 0 60 0
228 8 1100 0 6 -12851 0 55 0
229 12 742 500 -24 6 1 55 51
230 8 1100 0 6 -12851 0 55 0
231 12 1100 742 -24 6 0 55 51
232 8 903 0 -24 -12851 1 60 0
233 8 609 0 -24 -12851 1 55 0
234 12 903 742 -24 6 1 55 51
235 12 1100 742 -24 6 1 55 55
236 8 1100 0 24 -12851 1 60 0
237 12 609 742 24 -6 1 55 55
238 8 500 0 6 -12851 0 60 0
239 8 903 0 24 -12851 1 55 0
240 12 742 609 -24 6 1 51 51
241 12 742 500 24 -6 1 51 51
242 8 903 0 6 -12851 0 60 0
243 12 742 903 24 -6 1 51 51
244 8 742 0 -6 -12851 0 55 0
245 8 742 0 -6 -12851 1 55 0
246 8 609 0 -24 -12851 1 55 0
247 12 742 500 24 -6 1 55 51
248 12 609 742 24 -6 1 55 51
249 8 903 0 -24 -12851 1 55 0
250 8 500 0 6 -12851 1 60 0
251 8 500 0 24 -12851 0 55 0
252 12 609 742 -24 6 0 55 55
253 12 609 742 -24 6 1 55 55
254 8 609 0 -6 -12851 0 60 0
255 8 742 0 -6 -12851 1 60 0
256 12 609 742 24 -6 0 55 55
257 12 903 742 24 -6 0 51 55
258 12 742 1100 -24 6 0 55 55
259 12 742 500 -24 6 0 55 51
260 12 903 742 24 -6 0 55 51
261 12 742 500 24 -6 0 55 55
262 8 742 0 6 -12851 0 60 0
263 8 500 0 24 -12851 0 60 0
264 12 609 742 24 -6 0 51 55
265 8 1100 0 -6 -12851 0 55 0
266 8 609 0 6 -12851 0 60 0
267 12 742 500 24 -6 1 55 55
268 8 1100 0 6 -12851 0 60 0
269 12 903 742 -24 6 1 55 51
270 8 1100 0 24 -12851 1 55 0
271 12 903 742 24 -6 0 51 51
272 12 903 742 24 -6 0 55 55
273 8 903 0 24 -12851 0 55 0
274 12 742 1100 24 -6 1 55 51
275 8 903 0 -6 -12851 1 55 0
276 12 500 742 24 -6 0 55 55
277 8 903 0 6 -12851 0 60 0
278 12 742 609 24 -6 1 51 51
279 8 903 0 -24 -12851 0 55 0
280 12 742 903 24 -6 0 51 55
281 8 1100 0 -6 -12851 0 55 0
282 8 500 0 -24 -12851 1 55 0
283 8 500 0 -6 -12851 1 60 0
284 12 742 500 -24 6 0 51 51
285 8 500 0 6 -12851 1 60 0
286 8 903 0 6 -12851 0 60 0
287 8 742 0 6 -12851 1 60 0
288 8 609 0 -24 -12851 1 55 0
289 12 742 903 24 -6 1 51 55
290 8 609 0 -6 -12851 1 60 0
291 12 500 742 24 -6 1 55 51
292 8 903 0 6 -12851 0 55 0
293 8 1100 0 -6 -12851 1 60 0
294 8 609 0 24 -12851 1 55 0
295 8 742 0 -24 -12851 1 55 0
296 12 742 500 -24 6 0 55 55
297 8 742 0 24 -12851 0 60 0
298 12 1100 742 -24 6 0 51 51
299 12 903 742 24 -6 1 55 55
300 8 1100 0 6 -12851 0 60 0
301 12 1100 742 24 -6 0 55 55
302 8 742 0 -6 -12851 1 55 0
303 12 500 742 24 -6 1 55 51
304 8 742 0 6 -12851 1 55 0
305 8 609 0 24 -12851 0 60 0
306 12 1100 742 -24 6 1 55 51
307 12 742 500 -24 6 1 55 51
308 8 742 0 24 -12851 1 55 0
309 8 500 0 -6 -12851 1 60 0
310 12 742 609 -24 6 0 51 51
311 8 1100 0 -6 -12851 1 55 0
312 8 903 0 6 -12851 0 60 0
313 8 609 0 6 -12851 1 60 0
314 8 903 0 6 -12851 1 60 0
315 8 609 0 -24 -12851 1 55 0
316 8 1100 0 -24 -12851 0 60 0
317 8 903 0 6 -12851 0 55 0
318 12 742 1100 24 -6 0 55 55
319 12 742 1100 24 -6 0 51 55
320 12 609 742 24 -6 0 55 55
321 8 742 0 -24 -12851 0 60 0
322 12 500 742 -24 6 0 55 51
323 8 1100 0 24 -12851 1 55 0
324 8 500 0 -6 -12851 1 55 0
325 8 500 0 24 -12851 1 60 0
326 8 609 0 6 -12851 1 55 0
327 12 609 742 -24 6 1 51 51
328 12 742 1100 24 -6 1 55 51
329 12 903 742 24 -6 1 51 55
330 8 609 0 24 -12851 1 55 0
331 12 742 500 24 -6 1 51 51
332 12 742 609 24 -6 0 51 51
333 12 742 500 24 -6 0 51 51
334 8 609 0 6 -12851 0 60 0
335 8 742 0 24 -12851 0 60 0
336 8 1100 0 6 -12851 1 60 0
337 12 742 1100 24 -6 1 51 51
338 8 903 0 -6 -12851 0 55 0
339 12 1100 742 24 -6 1 55 55
340 8 1100 0 -24 -12851 0 55 0
341 8 1100 0 -24 -12851 1 55 0
342 8 903 0 24 -12851 1 55 0
343 12 742 1100 24 -6 1 55 51
344 8 903 0 -6 -12851 1 60 0
345 12 742 500 -24 6 1 51 51
346 8 742 0 6 -12851 0 60 0
347 8 500 0 -6 -12851 1 60 0
348 8 500 0 -6 -12851 1 60 0
349 8 742 0 6 -12851 0 60 0
350 8 500 0 6 -12851 1 60 0
351 8 609 0 -6 -12851 1 60 0
352 8 742 0 -24 -12851 1 60 0
353 12 742 1100 -24 6 1 55 51
354 8 742 0 24 -12851 1 60 0
355 8 609 0 6 -12851 0 60 0
356 12 742 1100 24 -6 0 51 51
357 8 1100 0 6 -12851 1 55 0
358 12 742 903 24 -6 1 55 55
359 8 742 0 6 -12851 1 55 0
360 12 609 742 24 -6 1 55 55
361 12 1100 742 24 -6 1 55 55
362 8 609 0 6 -12851 0 55 0
363 12 742 1100 24 -6 0 55 55
364 8 1100 0 24 -12851 0 55 0
365 12 500 742 24 -6 0 51 55
366 8 609 0 -6 -12851 0 55 0
367 8 903 0 -24 -12851 0 60 0
368 8 903 0 24 -12851 0 60 0
369 8 903 0 -6 -12851 0 55 0
370 8 1100 0 24 -12851 0 55 0
371 8 500 0 6 -12851 1 55 0
372 8 742 0 6 -12851 1 60 0
373 12 1100 742 24 -6 1 51 55
374 12 742 500 24 -6 1 55 51
375 12 500 742 -24 6 1 55 51
376 12 742 1100 -24 6 1 55 55
377 12 903 742 24 -6 1 51 55
378 12 742 903 -24 6 1 51 51
379 12 609 742 24 -6 1 51 51
380 12 742 609 -24 6 0 51 51
381 12 609 742 24 -6 0 55 55
382 8 500 0 6 -12851 1 60 0
383 12 742 1100 -24 6 0 51 55
384 8 500 0 -6 -12851 1 55 0
385 12 609 742 -24 6 1 51 51
386 8 903 0 6 -12851 0 60 0
387 8 903 0 6 -12851 1 55 0
388 8 903 0 -24 -12851 1 60 0
389 8 903 0 -24 -12851 0 60 0
390 12 1100 742 24 -6 0 55 51
391 12 903 742 24 -6 0 55 55
392 8 1100 0 6 -12851 0 55 0
393 12 742 903 -24 6 0 51 55
394 12 903 742 -24 6 0 51 51
395 8 609 0 6 -12851 0 55 0
396 8 742 0 -24 -12851 0 60 0
397 8 500 0 24 -12851 0 55 0
398 8 609 0 24 -12851 0 55 0
399 8 742 0 -6 -12851 1 60 0
400 12 742 903 24 -6 0 51 51
401 8 609 0 24 -12851 0 60 0
402 8 500 0 24 -12851 0 60 0
403 12 1100 742 -24 6 0 51 55
404 12 609 742 -24 6 0 55 55
405 8 500 0 -24 -12851 1 60 0
406 12 500 742 24 -6 1 55 51
407 12 609 742 -24 6 1 55 55
408 8 1100 0 -24 -12851 0 55 0
409 12 1100 742 -24 6 0 51 51
410 12 742 1100 -24 6 0 55 55
411 8 742 0 6 -12851 0 60 0
412 12 609 742 24 -6 0 51 51
413 12 1100 742 -24 6 0 55 51
414 12 742 609 24 -6 0 51 51
415 12 742 500 24 -6 0 51 55
416 12 1100 742 -24 6 0 51 51
417 12 742 1100 24 -6 1 51 55
418 8 1100 0 -6 -12851 1 60 0
419 8 609 0 24 -12851 1 55 0
420 8 609 0 6 -12851 1 55 0
421 12 903 742 -24 6 1 51 51
422 8 742 0 24 -12851 1 60 0
423 8 500 0 6 -12851 0 55 0
424 8 742 0 24 -12851 1 60 0
425 12 609 742 24 -6 1 55 51
426 12 742 1100 -24 6 0 55 55
427 8 1100 0 -24 -12851 0 60 0
428 12 609 742 -24 6 1 51 51
429 12 609 742 24 -6 1 51 55
430 8 609 0 -24 -12851 1 55 0
431 8 609 0 -24 -12851 1 60 0
432 8 742 0 24 -12851 1 60 0
433 12 903 742 -24 6 1 51 51
434 12 742 609 -24 6 1 51 51
435 12 742 1100 -24 6 1 51 55
436 8 1100 0 -24 -12851 0 55 0
437 12 500 742 24 -6 0 51 51
438 12 742 903 24 -6 1 55 55
439 12 500 742 -24 6 1 55 55
440 12 500 742 -24 6 0 51 51
441 12 903 742 24 -6 1 55 55
442 12 742 609 24 -6 0 55 55
443 12 742 1100 -24 6 0 51 55
444 8 500 0 -6 -12851 0 55 0
445 8 903 0 24 -12851 0 55 0
446 8 500 0 -24 -12851 0 60 0
447 12 742 609 24 -6 0 55 55
448 12 742 500 24 -6 0 51 51
449 12 903 742 -24 6 0 51 55
450 12 1100 742 24 -6 0 51 55
451 12 1100 742 -24 6 0 55 55
452 8 903 0 -24 -12851 0 60 0
453 8 1100 0 -6 -12851 0 55 0
454 12 742 500 -24 6 1 55 51
455 8 903 0 6 -12851 1 55 0
456 12 500 742 24 -6 1 51 51
457 12 742 500 -24 6 1 55 55
458 8 1100 0 24 -12851 1 60 0
459 8 1100 0 -6 -12851 1 60 0
460 12 1100 742 24 -6 1 55 51
461 12 903 742 24 -6 1 55 51
462 12 903 742 -24 6 1 55 51
463 8 1100 0 24 -12851 1 60 0
464 12 500 742 24 -6 1 55 55
465 8 903 0 6 -12851 1 60 0
466 8 742 0 6 -12851 1 55 0
467 12 500 742 24 -6 1 55 55
468 8 1100 0 24 -12851 1 60 0
469 12 742 609 24 -6 1 55 51
470 8 609 0 6 -12851 1 60 0
471 12 500 742 -24 6 1 55 55
472 8 500 0 -6 -12851 1 55 0
473 8 742 0 24 -12851 1 60 0
474 8 500 0 -24 -12851 0 60 0
475 8 609 0 24 -12851 1 60 0
476 12 609 742 -24 6 0 51 51
477 12 500 742 24 -6 1 55 51
478 8 742 0 6 -12851 0 60 0
479 8 903 0 6 -12851 0 60 0
480 8 609 0 -24 -12851 0 60 0
481 12 1100 742 24 -6 1 55 51
482 12 1100 742 -24 6 1 55 55
483 12 500 742 24 -6 0 55 51
484 12 1100 742 24 -6 1 55 55
485 12 903 742 -24 6 0 55 51
486 8 500 0 24 -12851 1 60 0
487 8 903 0 -24 -12851 1 60 0
488 12 742 609 -24 6 0 55 55
489 8 500 0 24 -12851 0 55 0
490 8 500 0 -24 -12851 0 55 0
491 8 903 0 -6 -12851 1 60 0
492 8 742 0 6 -12851 0 60 0
493 8 742 0 -24 -12851 1 55 0
494 12 742 1100 -24 6 0 51 51
495 12 742 1100 24 -6 1 51 51
496 8 1100 0 6 -12851 1 55 0
497 12 903 742 -24 6 1 55 51
498 8 500 0 -24 -12851 1 60 0
499 12 500 742 24 -6 0 51 51
500 12 742 1100 24 -6 1 55 55
501 8 903 0 24 -12851 0 60 0
502 12 1100 742 24 -6 1 55 55
503 12 609 742 -24 6 1 55 51
504 8 1100 0 24 -12851 0 55 0
505 8 500 0 6 -12851 1 60 0
506 8 609 0 -6 -12851 1 60 0
507 8 1100 0 -24 -12851 1 60 0
508 12 742 609 24 -6 1 51 51
509 12 500 742 24 -6 0 51 51
510 8 903 0 -6 -12851 0 55 0
511 8 742 0 24 -12851 0 60 0
512 8 609 0 24 -12851 0 60 0
513 12 500 742 -24 6 1 51 51
514 8 609 0 6 -12851 1 55 0
515 8 742 0 6 -12851 1 60 0
516 8 742 0 6 -12851 0 55 0
517 8 742 0 -6 -12851 1 60 0
518 8 609 0 -24 -12851 1 60 0
519 12 609 742 -24 6 1 51 51
520 12 903 742 -24 6 1 55 55
521 8 1100 0 -6 -12851 1 55 0
522 12 500 742 24 -6 0 51 51
523 12 742 1100 -24 6 0 55 55
524 8 742 0 -24 -12851 0 55 0
525 12 742 609 24 -6 0 51 51
526 8 609 0 6 -12851 1 60 0
527 8 500 0 6 -12851 1 55 0
528 12 609 742 -24 6 1 51 55
529 8 500 0 24 -12851 1 60 0
530 12 742 609 -24 6 1 55 55
531 12 742 500 -24 6 1 55 51
532 12 742 903 24 -6 1 55 55
533 12 1100 742 24 -6 1 55 55
534 8 609 0 -24 -12851 1 55 0
535 12 1100 742 24 -6 0 55 51
536 12 609 742 24 -6 0 51 51
537 12 903 742 24 -6 0 55 51
538 12 903 742 24 -6 0 51 55
539 12 903 742 24 -6 1 55 51
540 12 742 609 24 -6 0 55 51
541 8 903 0 -6 -12851 0 55 0
542 12 1100 742 24 -6 1 55 55
543 8 903 0 -24 -12851 1 60 0
544 8 903 0 24 -12851 1 55 0
545 12 742 1100 24 -6 0 55 55
546 8 500 0 -6 -12851 1 60 0
547 8 1100 0 -24 -12851 1 60 0
548 12 742 609 24 -6 1 55 55
549 8 1100 0 -24 -12851 0 60 0
550 12 609 742 24 -6 0 55 51
551 8 500 0 6 -12851 1 60 0
552 8 500 0 24 -12851 0 60 0
553 12 903 742 24 -6 0 55 51
554 12 742 609 24 -6 1 55 55
555 8 742 0 6 -12851 0 60 0
556 8 1100 0 24 -12851 1 60 0
557 12 742 1100 24 -6 0 51 51
558 12 742 903 -24 6 0 51 51
559 8 903 0 -6 -12851 1 60 0
560 12 609 742 -24 6 1 55 51
561 8 903 0 6 -12851 1 60 0
562 12 903 742 -24 6 1 55 55
563 12 500 742 -24 6 1 51 55
564 8 742 0 -24 -12851 1 60 0
565 12 742 1100 24 -6 1 55 55
566 12 742 500 24 -6 1 55 51
567 8 500 0 -6 -12851 1 55 0
568 8 609 0 -24 -12851 0 60 0
569 8 903 0 6 -12851 1 55 0
570 8 609 0 6 -12851 1 60 0
571 8 609 0 24 -12851 0 60 0
572 12 742 609 -24 6 0 51 51
573 12 742 903 24 -6 0 55 51
574 8 742 0 24 -12851 0 60 0
575 12 609 742 24 -6 0 51 55
576 12 742 903 -24 6 0 51 51
577 12 1100 742 -24 6 0 55 55
578 8 500 0 6 -12851 0 55 0
579 8 1100 0 -24 -12851 0 60 0
580 12 742 609 -24 6 0 51 55
581 8 1100 0 -6 -12851 0 55 0
582 8 1100 0 6 -12851 0 55 0
583 12 903 742 -24 6 0 51 51
584 8 1100 0 6 -12851 0 60 0
585 8 903 0 -24 -12851 0 60 0
586 12 500 742 24 -6 0 55 51
587 12 903 742 24 -6 0 51 55
588 8 500 0 24 -12851 0 55 0
589 12 742 903 -24 6 0 55 55
590 8 1100 0 -6 -12851 1 55 0
591 12 500 742 -24 6 1 51 51
592 8 903 0 6 -12851 0 60 0
593 8 500 0 6 -12851 1 60 0
594 12 742 609 24 -6 1 51 51
595 8 609 0 -24 -12851 1 55 0
596 12 742 500 -24 6 0 55 55
597 12 500 742 -24 6 0 51 55
598 12 742 609 -24 6 0 51 55
599 8 500 0 6 -12851 0 60 0
600 12 742 903 24 -6 0 55 51
601 8 609 0 -6 -12851 0 55 0
602 12 1100 742 24 -6 0 51 51
603 12 1100 742 24 -6 0 55 51
604 8 742 0 -6 -12851 0 60 0
605 8 742 0 24 -12851 0 60 0
606 12 742 1100 24 -6 0 51 51
607 12 500 742 24 -6 0 55 55
608 8 903 0 24 -12851 0 55 0
609 8 609 0 6 -12851 0 55 0
610 8 742 0 -24 -12851 0 60 0
611 12 903 742 24 -6 0 55 55
612 12 742 1100 24 -6 0 55 55
613 8 1100 0 -24 -12851 0 60 0
614 12 609 742 24 -6 0 55 55
615 8 1100 0 -24 -12851 0 60 0
616 8 1100 0 6 -12851 0 55 0
617 12 1100 742 24 -6 0 55 51
618 12 903 742 24 -6 0 55 51
619 8 903 0 -6 -12851 0 55 0
620 12 609 742 -24 6 0 55 55
621 8 500 0 -24 -12851 0 55 0
622 12 903 742 24 -6 0 51 51
623 8 1100 0 24 -12851 0 55 0
624 12 742 609 -24 6 0 51 51
625 8 742 0 24 -12851 0 60 0
626 8 1100 0 6 -12851 0 60 0
627 8 500 0 -6 -12851 0 55 0
628 12 1100 742 -24 6 0 55 55
629 8 500 0 6 -12851 0 55 0
630 12 742 903 24 -6 0 55 55
631 12 742 500 24 -6 0 51 51
632 12 500 742 24 -6 0 51 51
633 8 609 0 24 -12851 0 60 0
634 8 742 0 -6 -12851 0 55 0
635 12 742 903 24 -6 0 51 55
636 12 903 742 -24 6 0 55 55
637 8 903 0 -6 -12851 0 55 0
638 12 609 742 -24 6 0 51 51
639 8 742 0 -6 -12851 0 55 0
640 12 500 742 24 -6 0 51 55
641 8 903 0 24 -12851 0 55 0
642 12 609 742 24 -6 0 51 55
643 8 609 0 24 -12851 0 55 0
644 8 609 0 -6 -12851 0 55 0
645 12 742 903 24 -6 0 55 55
646 8 1100 0 -24 -12851 0 60 0
647 12 609 742 -24 6 0 51 51
648 8 1100 0 24 -12851 0 60 0
649 12 742 1100 24 -6 0 51 55
650 8 1100 0 -6 -12851 0 60 0
651 8 903 0 24 -12851 0 60 0
652 8 903 0 24 -12851 0 60 0
653 8 742 0 6 -12851 0 60 0
654 12 742 903 -24 6 0 51 55
655 8 903 0 -6 -12851 0 55 0
656 12 742 903 24 -6 0 51 51
657 12 742 609 -24 6 0 55 55
658 12 742 1100 24 -6 0 55 55
659 12 742 500 24 -6 0 55 55
660 8 609 0 -6 -12851 0 60 0
661 12 742 609 24 -6 0 51 51
662 12 742 903 -24 6 0 55 55
663 12 742 903 -24 6 0 51 51
664 8 609 0 -6 -12851 0 55 0
665 12 1100 742 24 -6 0 51 51
666 12 742 609 -24 6 0 51 55
667 8 609 0 -24 -12851 0 60 0
668 8 1100 0 6 -12851 0 55 0
669 12 609 742 -24 6 0 55 51
670 12 1100 742 -24 6 0 51 55
671 8 500 0 -24 -12851 0 55 0
672 8 500 0 24 -12851 0 60 0
673 8 500 0 -6 -12851 0 60 0
674 12 742 500 -24 6 0 51 55
675 8 742 0 6 -12851 0 55 0
676 8 742 0 6 -12851 0 60 0
677 8 1100 0 -6 -12851 0 60 0
678 12 609 742 24 -6 0 55 51
679 8 1100 0 -24 -12851 0 55 0
680 8 1100 0 6 -12851 0 55 0
681 8 903 0 -6 -12851 0 55 0
682 12 903 742 -24 6 0 55 55
683 8 742 0 6 -12851 0 55 0
684 8 1100 0 -6 -12851 0 60 0
685 12 500 742 24 -6 0 51 51
686 12 742 609 24 -6 0 51 51
687 8 609 0 24 -12851 0 60 0
688 12 609 742 -24 6 0 51 51
689 12 609 742 -24 6 0 51 51
690 12 742 500 24 -6 0 55 51
691 8 500 0 -6 -12851 0 55 0
692 12 742 609 -24 6 0 51 55
693 12 903 742 24 -6 0 55 55
694 12 742 609 24 -6 0 55 55
695 8 742 0 24 -12851 0 60 0
696 8 500 0 -24 -12851 0 55 0
697 12 742 609 -24 6 0 55 55
698 12 742 903 -24 6 0 51 51
699 12 500 742 -24 6 0 55 51
700 12 903 742 24 -6 0 51 55
701 12 609 742 -24 6 0 51 55
702 8 609 0 -6 -12851 0 55 0
703 12 742 1100 -24 6 0 55 51
704 8 742 0 6 -12851 0 55 0
705 8 903 0 6 -12851 0 55 0
706 12 500 742 24 -6 0 55 51
707 12 742 1100 -24 6 0 55 55
708 12 742 609 24 -6 0 55 55
709 12 1100 742 -24 6 0 55 55
710 12 500 742 -24 6 0 55 55
711 8 609 0 6 -12851 0 55 0
712 8 500 0 -6 -12851 0 55 0
713 12 742 609 24 -6 0 51 55
714 12 609 742 24 -6 0 55 55
715 12 1100 742 -24 6 0 55 51
716 12 742 1100 -24 6 0 55 55
717 8 903 0 -6 -12851 0 55 0
718 12 742 609 24 -6 0 51 51
719 12 1100 742 -24 6 0 55 55
720 8 500 0 24 -12851 0 60 0
721 8 500 0 -6 -12851 0 60 0
722 12 500 742 -24 6 0 51 51
723 12 742 609 24 -6 0 51 51
724 12 903 742 -24 6 0 55 55
725 12 742 1100 24 -6 0 55 51
726 12 1100 742 24 -6 0 55 55
727 8 903 0 24 -12851 0 55 0
728 8 1100 0 24 -12851 0 55 0
729 12 500 742 -24 6 0 55 51
730 8 609 0 6 -12851 0 60 0
731 8 903 0 -6 -12851 0 60 0
732 8 609 0 24 -12851 0 55 0
733 8 500 0 6 -12851 0 55 0
734 8 500 0 6 -12851 0 60 0
735 12 609 742 24 -6 0 51 51
736 8 903 0 24 -12851 0 60 0
737 8 609 0 24 -12851 0 55 0
738 8 1100 0 -6 -12851 0 55 0
739 8 742 0 6 -12851 0 60 0
740 8 1100 0 6 -12851 0 55 0
741 12 500 742 -24 6 0 55 55
742 8 742 0 -6 -12851 0 55 0
743 12 903 742 -24 6 0 51 55
744 12 742 903 -24 6 0 55 55
745 12 742 609 24 -6 0 55 51
746 12 1100 742 24 -6 0 51 51
747 8 742 0 -24 -12851 0 55 0
748 8 500 0 6 -12851 0 55 0
749 8 500 0 -24 -12851 0 55 0
750 12 609 742 24 -6 0 55 55
751 8 742 0 -6 -12851 0 55 0
752 12 742 903 -24 6 0 55 55
753 12 609 742 -24 6 0 51 55
754 12 609 742 24 -6 0 51 55
755 12 742 903 24 -6 0 51 51
756 8 609 0 -24 -12851 0 55 0
757 12 742 1100 24 -6 0 55 55
758 8 742 0 -24 -12851 0 55 0
759 12 742 903 24 -6 0 51 51
760 8 742 0 6 -12851 0 60 0
761 12 742 500 -24 6 0 51 55
762 8 609 0 -24 -12851 0 60 0
763 12 609 742 -24 6 0 51 55
764 12 500 742 -24 6 0 51 55
765 12 1100 742 24 -6 0 51 51
766 12 742 1100 24 -6 0 55 55
767 8 903 0 -6 -12851 0 60 0
768 8 609 0 24 -12851 0 55 0
769 8 903 0 -6 -12851 0 60 0
770 12 1100 742 24 -6 0 55 55
771 12 742 500 -24 6 0 51 51
772 12 609 742 24 -6 0 51 51
773 8 1100 0 6 -12851 0 55 0
774 12 609 742 24 -6 0 55 51
775 12 742 500 -24 6 0 51 51
776 12 500 742 -24 6 0 51 51
777 12 903 742 -24 6 0 51 51
778 12 609 742 -24 6 0 55 55
779 8 903 0 6 -12851 0 55 0
780 12 742 609 24 -6 0 55 55
781 8 1100 0 -24 -12851 0 55 0
782 8 1100 0 24 -12851 0 55 0
783 8 500 0 24 -12851 0 60 0
784 12 500 742 24 -6 0 51 51
785 8 500 0 -6 -12851 0 60 0
786 12 742 903 -24 6 0 55 51
787 8 609 0 -24 -12851 0 60 0
788 8 609 0 6 -12851 0 60 0
789 8 500 0 24 -12851 0 60 0
790 8 903 0 -24 -12851 0 60 0
791 8 742 0 6 -12851 0 55 0
792 8 903 0 24 -12851 0 60 0
793 12 742 903 24 -6 0 51 51
794 12 742 1100 24 -6 0 55 55
795 8 903 0 24 -12851 0 55 0
796 8 609 0 24 -12851 0 55 0
797 8 1100 0 6 -12851 0 60 0
798 8 742 0 -24 -12851 0 55 0
799 12 742 609 -24 6 0 51 51
800 8 500 0 6 -12851 0 60 0
801 8 609 0 24 -12851 0 55 0
802 8 742 0 24 -12851 0 55 0
803 8 500 0 6 -12851 0 55 0
804 12 742 903 24 -6 0 55 51
805 12 742 609 24 -6 0 51 51
806 8 1100 0 -24 -12851 0 55 0
807 12 742 903 -24 6 0 55 55
808 8 1100 0 -6 -12851 0 55 0
809 12 609 742 -24 6 0 51 51
810 8 609 0 24 -12851 0 60 0
811 12 742 609 -24 6 0 51 51
812 8 609 0 -6 -12851 0 55 0
813 8 500 0 -24 -12851 0 55 0
814 12 742 903 -24 6 0 51 51
815 12 742 903 -24 6 0 51 55
816 8 1100 0 6 -12851 0 60 0
817 12 742 903 24 -6 0 55 55
818 12 1100 742 24 -6 0 51 51
819 12 742 500 -24 6 0 55 55
820 8 500 0 -6 -12851 0 60 0
821 12 609 742 -24 6 0 51 55
822 12 742 903 24 -6 0 51 55
823 8 1100 0 24 -12851 0 60 0
824 8 609 0 -24 -12851 0 55 0
825 8 1100 0 -24 -12851 0 55 0
826 12 742 500 24 -6 0 55 55
827 12 742 903 -24 6 0 51 55
828 8 742 0 -24 -12851 0 60 0
829 12 742 609 -24 6 0 55 51
830 8 609 0 -6 -12851 0 60 0
831 8 903 0 24 -12851 0 60 0
832 12 500 742 24 -6 0 51 51
833 8 500 0 -24 -12851 0 60 0
834 8 903 0 -6 -12851 0 60 0
835 12 742 903 -24 6 0 55 55
836 12 500 742 -24 6 0 51 51
837 8 742 0 -24 -12851 0 55 0
838 12 742 1100 -24 6 0 51 51
839 12 742 500 -24 6 0 55 51
840 12 609 742 24 -6 0 55 55
841 8 903 0 24 -12851 0 60 0
842 8 742 0 6 -12851 0 60 0
843 8 500 0 6 -12851 0 60 0
844 12 742 609 24 -6 0 51 55
845 12 742 500 -24 6 0 55 51
846 12 742 500 24 -6 0 51 55
847 12 903 742 24 -6 0 51 55
848 12 742 609 24 -6 0 55 55
849 8 500 0 24 -12851 0 55 0
850 12 742 500 24 -6 0 51 55
851 12 742 609 -24 6 0 55 55
852 8 742 0 24 -12851 0 60 0
853 12 609 742 -24 6 0 55 55
854 8 1100 0 -6 -12851 0 55 0
855 12 609 742 24 -6 0 55 55
856 8 903 0 6 -12851 0 60 0
857 12 500 742 24 -6 0 51 51
858 12 742 609 24 -6 0 55 51
859 12 742 609 24 -6 0 51 51
860 8 903 0 6 -12851 0 55 0
861 8 742 0 -24 -12851 0 55 0
862 8 500 0 24 -12851 0 55 0
863 12 1100 742 -24 6 0 51 51
864 8 609 0 -6 -12851 0 55 0
865 12 500 742 24 -6 0 51 51
866 12 742 903 24 -6 0 55 51
867 12 500 742 24 -6 0 51 51
868 8 903 0 -6 -12851 0 60 0
869 8 609 0 -6 -12851 0 60 0
870 12 609 742 24 -6 0 55 55
871 12 742 500 -24 6 0 51 51
872 8 609 0 24 -12851 0 60 0
873 8 742 0 24 -12851 0 55 0
874 12 742 500 -24 6 0 51 55
875 8 500 0 24 -12851 0 60 0
876 12 742 609 24 -6 0 51 51
877 12 742 500 24 -6 0 55 51
878 8 1100 0 6 -12851 0 55 0
879 12 903 742 -24 6 0 55 55
880 8 1100 0 -24 -12851 0 60 0
881 12 742 500 24 -6 0 51 55
882 8 609 0 24 -12851 0 55 0
883 8 609 0 6 -12851 0 60 0
884 12 742 1100 -24 6 0 51 51
885 12 742 609 24 -6 0 51 51
886 12 742 500 -24 6 0 51 55
887 12 742 609 24 -6 0 55 55
888 12 742 903 24 -6 0 55 55
889 8 500 0 -24 -12851 0 55 0
890 12 742 609 -24 6 0 51 51
891 12 903 742 24 -6 0 55 55
892 8 500 0 24 -12851 0 60 0
893 12 1100 742 24 -6 0 51 55
894 8 742 0 -6 -12851 0 55 0
895 8 500 0 24 -12851 0 60 0
896 12 500 742 24 -6 0 51 51
897 12 500 742 24 -6 0 55 51
898 8 609 0 6 -12851 0 55 0
899 8 903 0 24 -12851 0 55 0
900 8 742 0 -6 -12851 0 60 0
901 8 742 0 -24 -12851 0 55 0
902 12 609 742 -24 6 0 51 55
903 8 903 0 -6 -12851 0 60 0
904 12 1100 742 -24 6 0 51 51
905 8 1100 0 -6 -12851 0 60 0
906 8 609 0 -6 -12851 0 55 0
907 8 903 0 -24 -12851 0 55 0
908 8 1100 0 -6 -12851 0 55 0
909 8 1100 0 6 -12851 0 60 0
910 12 742 1100 24 -6 0 51 55
911 12 500 742 24 -6 0 55 55
912 8 1100 0 -24 -12851 0 60 0
913 8 1100 0 -6 -12851 0 55 0
914 8 1100 0 6 -12851 0 60 0
915 8 1100 0 -24 -12851 0 55 0
916 12 1100 742 24 -6 0 51 51
917 8 742 0 -6 -12851 0 55 0
918 12 742 609 -24 6 0 51 55
919 12 742 1100 -24 6 0 55 51
920 8 742 0 -6 -12851 0 55 0
921 8 903 0 -24 -12851 0 60 0
922 12 609 742 -24 6 0 51 55
923 12 742 903 24 -6 0 55 55
924 12 609 742 24 -6 0 55 55
925 12 742 903 24 -6 0 51 51
926 12 742 903 24 -6 0 55 55
927 8 742 0 -6 -12851 0 60 0
928 12 742 500 24 -6 0 51 55
929 12 1100 742 -24 6 0 55 51
930 8 903 0 6 -12851 0 60 0
931 8 609 0 24 -12851 0 60 0
932 12 742 1100 -24 6 0 55 51
933 12 742 609 24 -6 0 55 51
934 12 903 742 -24 6 0 51 51
935 12 609 742 -24 6 0 55 55
936 8 500 0 6 -12851 0 55 0
937 8 903 0 24 -12851 0 55 0
938 12 609 742 -24 6 0 51 51
939 12 742 903 24 -6 0 55 51
940 8 609 0 24 -12851 0 55 0
941 12 609 742 24 -6 0 51 51
942 12 742 1100 24 -6 0 55 51
943 8 609 0 24 -12851 0 60 0
944 8 500 0 -24 -12851 0 60 0
945 8 500 0 -24 -12851 0 60 0
946 12 742 903 24 -6 0 55 51
947 12 609 742 24 -6 0 55 55
948 8 500 0 -6 -12851 0 60 0
949 12 742 500 -24 6 0 55 51
950 12 742 1100 24 -6 0 55 51
951 12 742 903 24 -6 0 51 51
952 12 1100 742 24 -6 0 55 55
953 8 500 0 -6 -12851 0 55 0
954 12 742 903 24 -6 0 55 51
955 12 742 609 -24 6 0 55 55
956 12 742 500 24 -6 0 51 51
957 12 903 742 24 -6 0 51 51
958 8 903 0 24 -12851 0 60 0
959 12 742 903 -24 6 0 55 51
960 12 903 742 24 -6 0 55 51
961 12 742 609 -24 6 0 55 55
962 12 742 500 -24 6 0 55 55
963 8 903 0 -24 -12851 0 60 0
964 8 1100 0 -6 -12851 0 55 0
965 8 742 0 -24 -12851 0 60 0
966 8 1100 0 6 -12851 0 55 0
967 8 1100 0 24 -12851 0 55 0
968 8 742 0 6 -12851 0 60 0
969 12 742 1100 -24 6 0 55 55
970 8 609 0 -24 -12851 0 55 0
971 8 609 0 6 -12851 0 55 0
972 12 742 903 -24 6 0 55 51
973 12 742 500 24 -6 0 55 55
974 12 742 609 -24 6 0 51 55
975 8 903 0 -24 -12851 0 55 0
976 12 742 609 24 -6 0 55 51
977 12 742 500 24 -6 0 55 55
978 12 1100 742 -24 6 0 55 51
979 12 742 903 24 -6 0 55 51
980 12 742 500 24 -6 0 55 51
981 12 742 903 -24 6 0 51 55
982 12 1100 742 24 -6 0 55 55
983 12 500 742 24 -6 0 51 55
984 12 1100 742 -24 6 0 51 51
985 12 500 742 -24 6 0 51 55
986 8 500 0 24 -12851 0 60 0
987 12 609 742 -24 6 0 55 55
988 12 742 500 -24 6 0 55 51
989 8 742 0 -6 -12851 0 55 0
990 8 609 0 -6 -12851 0 55 0
991 8 500 0 -24 -12851 0 60 0
992 8 609 0 -6 -12851 0 60 0
993 12 903 742 24 -6 0 55 51
994 8 609 0 6 -12851 0 60 0
995 8 500 0 -24 -12851 0 60 0
996 8 1100 0 -24 -12851 0 55 0
997 12 903 742 24 -6 0 55 51
998 12 742 903 24 -6 0 55 55
999 12 742 500 -24 6 0 55 55
1000 12 742 500 24 -6 0 51 55
1001 8 500 0 6 -12851 0 60 0
1002 8 1100 0 6 -12851 0 60 0
1003 12 903 742 -24 6 0 55 55
1004 8 609 0 6 -12851 0 55 0
1005 8 1100 0 6 -12851 0 55 0
1006 12 742 903 24 -6 0 55 55
1007 12 500 742 24 -6 0 55 55
1008 8 742 0 -24 -12851 0 60 0
1009 8 609 0 6 -12851 0 60 0
1010 8 903 0 -6 -12851 0 55 0
1011 8 500 0 -24 -12851 0 60 0
1012 12 609 742 -24 6 0 55 51
1013 12 742 609 -24 6 0 51 55
1014 12 742 500 24 -6 0 51 51
1015 8 903 0 24 -12851 0 55 0
1016 8 742 0 24 -12851 0 55 0
1017 8 903 0 -6 -12851 0 60 0
1018 8 742 0 -24 -12851 0 55 0
1019 12 742 500 24 -6 0 55 55
1020 8 903 0 24 -12851 0 60 0
1021 8 903 0 6 -12851 0 55 0
1022 8 500 0 24 -12851 0 60 0
1023 8 609 0 -6 -12851 0 55 0
1024 12 903 742 -24 6 0 51 51
1025 12 742 903 -24 6 0 55 51
1026 12 1100 742 24 -6 0 51 51
1027 12 500 742 -24 6 0 55 51
1028 8 1100 0 -24 -12851 0 55 0
1029 8 1100 0 24 -12851 0 60 0
1030 8 1100 0 -6 -12851 0 55 0
1031 8 742 0 -6 -12851 0 55 0
1032 12 500 742 24 -6 0 55 51
1033 12 500 742 -24 6 0 55 55
1034 8 609 0 -24 -12851 0 55 0
1035 12 742 903 -24 6 0 55 51
1036 8 903 0 6 -12851 0 55 0
1037 8 742 0 -24 -12851 0 55 0
1038 8 609 0 -24 -12851 0 60 0
1039 12 742 500 24 -6 0 55 55
1040 12 742 903 24 -6 0 51 51
1041 12 742 1100 -24 6 0 55 51
1042 8 500 0 -24 -12851 0 60 0
1043 12 742 1100 -24 6 0 55 51
1044 8 742 0 24 -12851 0 60 0
1045 8 903 0 6 -12851 0 55 0
1046 8 500 0 -24 -12851 0 55 0
1047 12 609 742 24 -6 0 51 51
1048 12 903 742 24 -6 0 55 55
1049 8 903 0 -6 -12851 0 55 0
1050 12 742 903 24 -6 0 55 55
1051 8 903 0 -24 -12851 0 60 0
1052 12 742 609 24 -6 0 55 51
1053 8 500 0 24 -12851 0 55 0
1054 12 500 742 24 -6 0 51 51
1055 8 500 0 -6 -12851 0 55 0
1056 8 609 0 -24 -12851 0 55 0
1057 8 500 0 24 -12851 0 55 0
1058 8 609 0 6 -12851 0 60 0
1059 12 903 742 24 -6 0 51 51
1060 12 742 903 -24 6 0 51 55
1061 8 742 0 -6 -12851 0 55 0
1062 8 742 0 -6 -12851 0 55 0
1063 8 742 0 6 -12851 0 55 0
1064 8 609 0 24 -12851 0 55 0
1065 8 1100 0 -24 -12851 0 55 0
1066 8 903 0 24 -12851 0 60 0
1067 8 903 0 24 -12851 0 55 0
1068 12 742 903 -24 6 0 55 55
1069 8 1100 0 6 -12851 0 55 0
1070 12 1100 742 24 -6 0 55 55
1071 8 1100 0 -24 -12851 0 60 0
1072 8 1100 0 -24 -12851 0 60 0
1073 12 742 903 24 -6 0 51 51
1074 12 1100 742 24 -6 0 51 55
1075 12 903 742 -24 6 0 55 51
1076 12 742 903 24 -6 0 55 51
1077 12 500 742 24 -6 0 51 55
1078 8 1100 0 -6 -12851 0 55 0
1079 8 742 0 -6 -12851 0 55 0
1080 8 742 0 24 -12851 0 55 0
1081 8 903 0 -6 -12851 0 55 0
1082 8 500 0 24 -12851 0 55 0
1083 8 1100 0 24 -12851 0 55 0
1084 8 1100 0 6 -12851 0 55 0
1085 12 903 742 24 -6 0 51 55
1086 8 742 0 -6 -12851 0 55 0
1087 12 742 903 -24 6 0 55 51
1088 8 500 0 -24 -12851 0 55 0
1089 8 903 0 -24 -12851 0 60 0
1090 12 742 500 -24 6 0 55 55
1091 12 742 1100 -24 6 0 51 51
1092 8 903 0 -6 -12851 0 55 0
1093 8 500 0 -24 -12851 0 60 0
1094 12 742 903 24 -6 0 51 51
1095 12 742 1100 24 -6 0 55 51
1096 12 609 742 -24 6 0 55 51
1097 12 742 609 24 -6 0 51 55
1098 8 609 0 24 -12851 0 60 0
1099 12 742 500 24 -6 0 51 51
1100 8 609 0 24 -12851 0 60 0
1101 8 609 0 -6 -12851 0 60 0
1102 12 742 903 24 -6 0 51 55
1103 8 903 0 24 -12851 0 60 0
1104 8 903 0 24 -12851 0 60 0
1105 12 609 742 -24 6 0 55 51
1106 8 500 0 6 -12851 0 60 0
1107 12 742 903 -24 6 0 51 51
1108 12 742 903 -24 6 0 55 55
1109 12 609 742 -24 6 0 51 51
1110 12 742 903 24 -6 0 55 51
1111 8 609 0 -24 -12851 0 55 0
1112 8 609 0 -24 -12851 0 55 0
1113 12 742 609 24 -6 0 55 51
1114 12 903 742 24 -6 0 55 55
1115 8 609 0 24 -12851 0 55 0
1116 8 1100 0 -6 -12851 0 60 0
1117 8 500 0 6 -12851 0 55 0
1118 8 742 0 24 -12851 0 60 0
1119 12 609 742 -24 6 0 51 51
1120 12 742 903 -24 6 0 51 55
1121 12 742 609 24 -6 0 55 55
1122 12 742 903 -24 6 0 51 55
1123 8 1100 0 -6 -12851 0 60 0
1124 12 742 1100 24 -6 0 55 55
1125 12 903 742 -24 6 0 55 55
1126 8 500 0 -6 -12851 0 55 0
1127 12 500 742 -24 6 0 51 51
1128 8 1100 0 -6 -12851 0 60 0
1129 8 903 0 24 -12851 0 60 0
1130 12 742 903 -24 6 0 51 55
1131 12 500 742 24 -6 0 55 51
1132 8 742 0 -24 -12851 0 55 0
1133 8 742 0 24 -12851 0 55 0
1134 12 742 500 24 -6 0 51 51
1135 8 903 0 24 -12851 0 60 0
1136 12 903 742 24 -6 0 55 55
1137 8 903 0 6 -12851 0 55 0
1138 12 742 1100 -24 6 0 55 51
1139 8 903 0 6 -12851 0 55 0
1140 12 609 742 -24 6 0 55 51
1141 8 609 0 -6 -12851 0 60 0
1142 8 903 0 -24 -12851 0 60 0
1143 8 609 0 24 -12851 0 60 0
1144 12 500 742 24 -6 0 55 55
1145 12 609 742 24 -6 0 55 51
1146 12 1100 742 24 -6 0 55 51
1147 12 742 609 24 -6 0 51 51
1148 8 609 0 -24 -12851 0 60 0
1149 8 500 0 -24 -12851 0 55 0
1150 12 609 742 24 -6 0 51 55
1151 8 903 0 24 -12851 0 60 0
1152 12 742 500 24 -6 0 51 51
1153 8 500 0 6 -12851 0 60 0
1154 12 742 903 -24 6 0 55 51
1155 8 742 0 -6 -12851 0 60 0
1156 12 1100 742 24 -6 0 55 55
1157 12 742 500 -24 6 0 55 55
1158 12 500 742 24 -6 0 51 55
1159 12 742 500 24 -6 0 55 55
1160 8 500 0 -24 -12851 0 55 0
1161 12 742 1100 -24 6 0 51 55
1162 8 1100 0 -6 -12851 0 60 0
1163 12 1100 742 24 -6 0 51 55
1164 8 1100 0 24 -12851 0 60 0
1165 12 609 742 24 -6 0 55 51
1166 12 903 742 -24 6 0 51 51
1167 12 500 742 -24 6 0 51 51
1168 8 742 0 -6 -12851 0 60 0
1169 8 742 0 -24 -12851 0 55 0
1170 12 742 1100 24 -6 0 51 55
1171 12 742 903 -24 6 0 51 51
1172 8 1100 0 24 -12851 0 60 0
1173 8 903 0 24 -12851 0 60 0
1174 12 1100 742 -24 6 0 55 51
1175 12 609 742 24 -6 0 55 51
1176 12 609 742 -24 6 0 55 51
1177 8 903 0 -24 -12851 0 60 0
1178 12 742 903 24 -6 0 51 51
1179 8 1100 0 -6 -12851 0 60 0
1180 8 609 0 24 -12851 0 55 0
1181 8 742 0 -6 -12851 0 55 0
1182 8 500 0 -6 -12851 0 60 0
1183 8 903 0 -24 -12851 0 55 0
1184 8 500 0 24 -12851 0 55 0
1185 12 903 742 24 -6 0 55 55
1186 12 742 1100 -24 6 0 55 55
1187 12 500 742 -24 6 0 51 51
1188 12 742 609 24 -6 0 51 51
1189 12 742 500 -24 6 0 55 55
1190 12 742 500 24 -6 0 51 51
1191 12 1100 742 24 -6 0 55 51
1192 12 609 742 -24 6 0 51 51
1193 8 1100 0 24 -12851 0 55 0
1194 12 903 742 24 -6 0 55 51
1195 8 500 0 6 -12851 0 60 0
1196 12 609 742 24 -6 0 51 55
1197 8 903 0 24 -12851 0 60 0
1198 8 609 0 -6 -12851 0 60 0
1199 12 742 500 24 -6 0 55 55
1200 8 742 0 -6 -12851 0 55 0
1201 8 609 0 -6 -12851 0 55 0
1202 12 903 742 24 -6 0 51 51
1203 8 1100 0 24 -12851 0 55 0
1204 12 500 742 24 -6 0 55 51
1205 8 742 0 6 -12851 0 60 0
1206 12 1100 742 24 -6 0 55 55
1207 12 742 500 24 -6 0 55 51
1208 12 742 609 24 -6 0 55 55
1209 8 903 0 -24 -12851 0 55 0
1210 8 903 0 -24 -12851 0 60 0
1211 8 1100 0 6 -12851 0 60 0
1212 8 500 0 -24 -12851 0 60 0
1213 8 903 0 -24 -12851 0 55 0
1214 12 742 609 24 -6 0 55 51
1215 8 903 0 24 -12851 0 55 0
1216 12 742 500 -24 6 0 51 51
1217 8 609 0 -24 -12851 0 60 0
1218 8 500 0 -6 -12851 0 55 0
1219 8 500 0 6 -12851 0 60 0
1220 12 1100 742 24 -6 0 55 55
1221 8 609 0 24 -12851 0 55 0
1222 12 742 1100 24 -6 0 51 55
1223 12 500 742 -24 6 0 51 51
1224 12 742 903 24 -6 0 51 51
1225 8 1100 0 24 -12851 0 60 0
1226 8 609 0 -24 -12851 0 60 0
1227 12 742 1100 24 -6 0 55 51
1228 8 1100 0 6 -12851 0 55 0
1229 8 742 0 24 -12851 0 60 0
1230 8 742 0 -24 -12851 0 55 0
1231 8 742 0 -24 -12851 0 55 0
1232 8 903 0 6 -12851 0 55 0
1233 8 903 0 24 -12851 0 55 0
1234 8 609 0 -24 -12851 0 60 0
1235 12 903 742 24 -6 0 55 51
1236 8 903 0 24 -12851 0 55 0
1237 12 742 1100 24 -6 0 51 55
1238 12 609 742 -24 6 0 51 55
1239 8 609 0 24 -12851 0 55 0
1240 12 1100 742 24 -6 0 51 51
1241 12 609 742 24 -6 0 51 55
1242 8 609 0 24 -12851 0 55 0
1243 12 742 609 -24 6 0 55 55
1244 8 500 0 -24 -12851 0 60 0
1245 8 903 0 24 -12851 0 60 0
1246 12 500 742 -24 6 0 55 51
1247 8 500 0 -24 -12851 0 60 0
1248 8 742 0 24 -12851 0 60 0
1249 8 500 0 -24 -12851 0 60 0
1250 12 742 609 24 -6 0 55 51
1251 12 500 742 -24 6 0 55 55
1252 8 1100 0 6 -12851 0 60 0
1253 12 742 1100 -24 6 0 51 51
1254 8 1100 0 24 -12851 0 60 0
1255 12 609 742 24 -6 0 55 55
1256 12 742 500 -24 6 0 55 55
1257 12 742 903 24 -6 0 55 51
1258 12 1100 742 24 -6 0 55 51
1259 8 742 0 24 -12851 0 55 0
1260 8 742 0 -24 -12851 0 55 0
1261 12 742 1100 -24 6 0 55 55
1262 8 1100 0 24 -12851 0 60 0
1263 8 609 0 -24 -12851 0 60 0
1264 12 903 742 24 -6 0 55 55
1265 8 609 0 24 -12851 0 60 0
1266 12 500 742 -24 6 0 51 51
1267 8 903 0 24 -12851 0 55 0
1268 12 1100 742 24 -6 0 51 51
1269 12 1100 742 -24 6 0 51 51
1270 8 1100 0 24 -12851 0 55 0
1271 8 609 0 6 -12851 0 60 0
1272 12 609 742 24 -6 0 55 55
1273 8 742 0 24 -12851 0 55 0
1274 8 903 0 24 -12851 0 60 0
1275 8 500 0 -24 -12851 0 55 0
1276 8 609 0 6 -12851 0 55 0
1277 8 500 0 24 -12851 0 55 0
1278 12 500 742 -24 6 0 55 51
1279 8 1100 0 -6 -12851 0 55 0
1280 12 500 742 -24 6 0 55 55
1281 8 1100 0 6 -12851 0 60 0
1282 8 903 0 -24 -12851 0 55 0
1283 8 742 0 24 -12851 0 60 0
1284 12 1100 742 24 -6 0 51 51
1285 8 500 0 -6 -12851 0 60 0
1286 8 742 0 24 -12851 0 55 0
1287 12 609 742 -24 6 0 55 55
1288 12 609 742 24 -6 0 51 51
1289 12 500 742 24 -6 0 51 55
1290 12 742 1100 24 -6 0 55 55
1291 12 742 500 -24 6 0 55 55
1292 12 609 742 -24 6 0 51 51
1293 8 609 0 6 -12851 0 55 0
1294 8 609 0 6 -12851 0 55 0
1295 8 903 0 -24 -12851 0 55 0
1296 12 742 500 -24 6 0 51 51
1297 8 1100 0 6 -12851 0 60 0
1298 8 1100 0 -24 -12851 0 55 0
1299 12 903 742 24 -6 0 55 55
1300 12 903 742 24 -6 0 55 51
1301 8 609 0 -6 -12851 0 55 0
1302 8 1100 0 -6 -12851 0 60 0
1303 12 742 500 24 -6 0 51 51
1304 8 742 0 24 -12851 0 55 0
1305 12 903 742 -24 6 0 55 51
1306 12 742 1100 24 -6 0 51 51
1307 8 609 0 -24 -12851 0 60 0
1308 8 903 0 24 -12851 0 55 0
1309 12 742 500 24 -6 0 51 51
1310 12 500 742 -24 6 0 55 55
1311 8 500 0 24 -12851 0 60 0
1312 8 742 0 6 -12851 0 60 0
1313 12 903 742 -24 6 0 51 51
1314 8 903 0 24 -12851 0 60 0
1315 8 500 0 -6 -12851 0 60 0
1316 12 609 742 -24 6 0 51 51
1317 8 742 0 6 -12851 0 55 0
1318 12 742 500 -24 6 0 55 51
1319 12 742 903 -24 6 0 51 55
1320 8 500 0 -24 -12851 0 60 0
1321 12 742 903 -24 6 0 51 51
1322 12 1100 742 -24 6 0 51 55
1323 12 500 742 24 -6 0 55 51
1324 8 742 0 -6 -12851 0 60 0
1325 8 742 0 -24 -12851 0 60 0
1326 12 500 742 -24 6 0 51 51
1327 12 742 500 24 -6 0 55 51
1328 12 742 903 -24 6 0 51 55
1329 8 1100 0 -6 -12851 0 60 0
1330 8 1100 0 6 -12851 0 60 0
1331 12 500 742 -24 6 0 55 55
1332 12 903 742 24 -6 0 55 51
1333 12 1100 742 24 -6 0 55 55
1334 8 500 0 24 -12851 0 60 0
