1211 12 742 500 -24 6 1 51 55
1212 8 609 0 -6 -12851 0 60 0
1213 8 609 0 24 -12851 0 60 0
1214 12 903 742 24 -6 1 55 51
1215 12 500 742 -24 6 1 51 51
1216 12 742 500 24 -6 0 51 55
1217 8 609 0 6 -12851 1 55 0
1218 8 609 0 -24 -12851 0 55 0
1219 8 742 0 -6 -12851 0 60 0
1220 8 500 0 6 -12851 0 60 0
1221 8 1100 0 -24 -12851 1 55 0
1222 8 500 0 -6 -12851 0 55 0
1223 12 1100 742 -24 6 1 51 51
1224 8 1100 0 6 -12851 0 60 0
1225 12 500 742 -24 6 0 55 55
1226 8 903 0 24 -12851 1 55 0
1227 8 903 0 24 -12851 0 60 0
1228 12 609 742 24 -6 0 51 51
1229 8 1100 0 6 -12851 0 55 0
1230 8 742 0 24 -12851 1 55 0
1231 12 742 609 -24 6 1 51 55
1232 8 742 0 24 -12851 1 55 0
1233 8 500 0 -24 -12851 0 55 0
1234 12 742 500 -24 6 0 55 51
1235 8 903 0 6 -12851 0 60 0
1236 12 742 500 24 -6 1 55 55
1237 8 609 0 -6 -12851 1 55 0
1238 8 609 0 -24 -12851 1 60 0
1239 12 742 1100 24 -6 1 51 51
1240 12 500 742 -24 6 1 55 51
1241 12 609 742 24 -6 1 55 55
1242 12 742 1100 24 -6 0 55 51
1243 8 903 0 -24 -12851 1 60 0
1244 12 742 903 24 -6 1 55 51
1245 12 742 500 24 -6 0 55 55
1246 12 742 500 24 -6 1 55 55
1247 12 500 742 24 -6 1 51 55
1248 8 1100 0 6 -12851 0 60 0
1249 12 903 742 24 -6 1 51 55
1250 8 609 0 24 -12851 0 55 0
1251 8 742 0 -6 -12851 0 60 0
1252 8 1100 0 24 -12851 1 55 0
1253 8 609 0 -6 -12851 0 60 0
1254 12 742 1100 -24 6 1 51 55
1255 12 742 903 -24 6 1 55 55
1256 8 1100 0 -6 -12851 0 55 0
1257 12 742 609 -24 6 1 55 55
1258 8 903 0 -24 -12851 1 60 0
1259 8 903 0 24 -12851 1 60 0
1260 12 500 742 24 -6 1 51 51
1261 12 500 742 -24 6 1 51 55
1262 12 742 903 24 -6 1 51 55
1263 12 742 609 -24 6 1 51 51
1264 12 742 1100 24 -6 1 51 55
1265 8 500 0 -24 -12851 1 60 0
1266 12 742 903 24 -6 1 51 51
1267 8 742 0 -6 -12851 1 60 0
1268 12 742 500 -24 6 1 55 51
1269 8 742 0 -6 -12851 0 60 0
1270 8 500 0 6 -12851 1 60 0
1271 12 609 742 -24 6 1 51 55
1272 8 500 0 -24 -12851 0 55 0
1273 8 500 0 24 -12851 1 60 0
1274 12 903 742 24 -6 1 55 51
1275 12 742 609 24 -6 1 51 55
1276 8 500 0 24 -12851 1 55 0
1277 12 609 742 -24 6 1 55 55
1278 8 1100 0 -24 -12851 0 60 0
1279 8 500 0 -24 -12851 1 60 0
1280 8 1100 0 6 -12851 1 55 0
1281 8 1100 0 -24 -12851 1 60 0
1282 12 500 742 -24 6 1 55 51
1283 8 609 0 -6 -12851 1 60 0
1284 8 742 0 6 -12851 1 55 0
1285 12 1100 742 24 -6 1 55 51
1286 12 903 742 -24 6 0 55 55
1287 8 742 0 -6 -12851 0 55 0
1288 8 903 0 6 -12851 0 60 0
1289 12 742 1100 24 -6 1 55 51
1290 8 500 0 -24 -12851 1 60 0
1291 12 500 742 24 -6 1 55 55
1292 12 1100 742 24 -6 0 51 51
1293 12 609 742 -24 6 1 51 51
1294 8 742 0 -24 -12851 0 60 0
1295 12 742 609 -24 6 1 51 51
1296 8 903 0 24 -12851 0 60 0
1297 12 903 742 24 -6 0 51 55
1298 12 742 1100 -24 6 1 51 51
1299 8 903 0 -24 -12851 0 60 0
1300 8 609 0 -6 -12851 0 60 0
1301 12 609 742 24 -6 1 51 51
1302 8 609 0 -24 -12851 1 60 0
1303 12 500 742 24 -6 1 51 51
1304 12 742 609 -24 6 1 51 51
1305 12 903 742 24 -6 1 55 51
1306 8 742 0 -6 -12851 1 55 0
1307 12 742 500 24 -6 1 55 55
1308 12 903 742 24 -6 1 55 55
1309 12 500 742 24 -6 0 51 51
1310 8 742 0 -24 -12851 1 60 0
1311 8 609 0 24 -12851 1 55 0
1312 8 609 0 6 -12851 1 55 0
1313 12 742 500 24 -6 1 55 55
1314 12 742 500 -24 6 1 51 51
1315 12 903 742 24 -6 1 55 51
1316 8 609 0 24 -12851 1 55 0
1317 12 1100 742 -24 6 1 55 51
1318 8 500 0 24 -12851 1 55 0
1319 8 500 0 -6 -12851 0 60 0
1320 12 742 903 -24 6 1 55 55
1321 8 742 0 24 -12851 1 55 0
1322 8 742 0 -24 -12851 1 55 0
1323 8 903 0 -24 -12851 0 55 0
1324 8 500 0 6 -12851 0 60 0
1325 8 1100 0 24 -12851 1 60 0
1326 12 742 609 -24 6 0 55 51
1327 12 1100 742 -24 6 1 51 51
1328 12 1100 742 -24 6 1 51 51
1329 8 903 0 -24 -12851 1 60 0
1330 8 903 0 -24 -12851 1 55 0
1331 12 742 1100 24 -6 1 51 51
1332 12 500 742 24 -6 1 55 55
1333 8 1100 0 24 -12851 1 55 0
1334 12 609 742 -24 6 1 55 55
1335 12 500 742 24 -6 1 51 51
1336 12 1100 742 -24 6 1 51 55
1337 8 1100 0 6 -12851 0 55 0
1338 8 609 0 24 -12851 0 55 0
1339 12 500 742 24 -6 1 55 55
1340 8 609 0 24 -12851 1 60 0
1341 12 903 742 -24 6 1 55 51
1342 12 742 609 24 -6 0 55 51
1343 12 742 609 24 -6 0 51 55
1344 8 500 0 -6 -12851 1 55 0
1345 12 609 742 24 -6 1 55 55
1346 12 903 742 24 -6 1 55 55
1347 8 609 0 -6 -12851 0 55 0
1348 12 500 742 24 -6 1 55 55
1349 12 1100 742 -24 6 1 51 55
1350 12 1100 742 -24 6 1 51 51
1351 8 903 0 -24 -12851 0 55 0
1352 8 609 0 -24 -12851 1 55 0
1353 12 742 903 -24 6 1 55 51
1354 12 609 742 24 -6 1 55 51
1355 8 742 0 -6 -12851 1 55 0
1356 12 742 903 24 -6 1 55 55
1357 12 609 742 24 -6 1 51 51
1358 12 742 500 24 -6 1 51 51
1359 12 742 609 -24 6 1 55 51
1360 12 742 609 -24 6 1 55 51
1361 12 742 500 24 -6 1 55 51
1362 12 903 742 -24 6 1 51 51
1363 12 609 742 24 -6 1 51 55
1364 12 609 742 -24 6 1 51 51
1365 12 742 1100 24 -6 0 55 51
1366 12 500 742 24 -6 1 55 55
1367 12 903 742 24 -6 1 55 55
1368 8 1100 0 -24 -12851 1 60 0
1369 12 742 500 -24 6 1 55 55
1370 8 903 0 24 -12851 1 60 0
1371 8 500 0 -24 -12851 1 60 0
1372 12 500 742 24 -6 1 51 55
1373 8 742 0 -24 -12851 1 55 0
1374 12 742 903 -24 6 1 55 55
1375 12 742 1100 24 -6 0 55 51
1376 12 742 609 -24 6 0 51 51
1377 8 500 0 6 -12851 0 55 0
1378 8 1100 0 -24 -12851 1 60 0
1379 12 742 903 24 -6 1 55 51
1380 12 1100 742 -24 6 1 51 55
1381 12 742 500 -24 6 1 55 51
1382 12 742 609 24 -6 0 51 51
1383 8 742 0 -24 -12851 1 55 0
1384 8 1100 0 -24 -12851 0 60 0
1385 8 903 0 -6 -12851 0 55 0
1386 12 903 742 -24 6 1 55 51
1387 12 742 609 24 -6 1 51 51
1388 12 500 742 24 -6 1 51 51
1389 12 500 742 24 -6 1 51 55
1390 12 903 742 -24 6 1 51 51
1391 8 742 0 24 -12851 0 55 0
1392 12 742 1100 24 -6 0 55 55
1393 8 742 0 -24 -12851 1 60 0
1394 12 742 1100 24 -6 0 51 51
1395 8 742 0 -6 -12851 0 55 0
1396 12 742 903 -24 6 1 51 55
1397 12 742 1100 24 -6 1 51 51
1398 12 609 742 -24 6 1 51 51
1399 8 500 0 -24 -12851 1 60 0
1400 12 500 742 24 -6 1 55 51
1401 8 742 0 24 -12851 1 55 0
1402 8 609 0 -6 -12851 0 55 0
1403 8 609 0 6 -12851 1 55 0
1404 12 1100 742 -24 6 1 51 51
1405 8 500 0 -6 -12851 1 55 0
1406 8 500 0 -24 -12851 1 55 0
1407 12 903 742 -24 6 1 55 55
1408 8 609 0 24 -12851 1 60 0
1409 8 903 0 -6 -12851 0 55 0
1410 12 742 500 -24 6 1 51 51
1411 8 1100 0 24 -12851 0 60 0
1412 12 742 500 24 -6 1 55 55
1413 8 1100 0 -6 -12851 1 55 0
1414 12 903 742 24 -6 0 51 55
1415 12 742 500 24 -6 1 55 51
1416 12 903 742 24 -6 1 51 51
1417 12 742 903 24 -6 1 51 55
1418 8 1100 0 24 -12851 0 60 0
1419 12 903 742 24 -6 0 55 55
1420 8 903 0 6 -12851 1 60 0
1421 12 742 1100 -24 6 1 55 55
1422 8 903 0 -6 -12851 0 60 0
1423 8 609 0 6 -12851 0 60 0
1424 8 609 0 -24 -12851 1 55 0
1425 12 742 500 24 -6 1 51 51
1426 8 742 0 6 -12851 0 60 0
1427 12 742 609 24 -6 1 51 55
1428 8 609 0 -24 -12851 0 55 0
1429 12 742 500 24 -6 1 51 55
1430 8 742 0 24 -12851 1 55 0
1431 8 500 0 6 -12851 1 60 0
1432 12 742 609 24 -6 1 51 51
1433 12 742 903 -24 6 1 51 55
1434 8 903 0 24 -12851 1 55 0
1435 12 903 742 -24 6 0 51 51
1436 8 500 0 -24 -12851 1 55 0
1437 12 742 1100 -24 6 1 51 55
1438 12 742 500 24 -6 1 55 55
1439 12 742 609 24 -6 1 51 51
1440 12 742 1100 24 -6 1 51 51
1441 12 500 742 24 -6 1 51 55
1442 12 609 742 -24 6 0 55 55
1443 12 903 742 24 -6 1 55 51
1444 12 742 500 -24 6 1 51 51
1445 12 1100 742 24 -6 1 51 51
1446 12 742 500 -24 6 0 51 51
1447 8 500 0 6 -12851 0 55 0
1448 8 609 0 -24 -12851 0 60 0
1449 8 742 0 24 -12851 1 55 0
1450 12 500 742 -24 6 1 51 55
1451 12 742 609 24 -6 0 51 55
1452 8 1100 0 -6 -12851 0 55 0
1453 8 903 0 24 -12851 1 60 0
1454 8 903 0 -6 -12851 1 55 0
1455 8 1100 0 6 -12851 0 60 0
1456 8 1100 0 24 -12851 1 55 0
1457 8 609 0 -24 -12851 0 60 0
1458 12 742 903 -24 6 0 51 51
1459 8 609 0 6 -12851 1 60 0
1460 8 742 0 -24 -12851 1 55 0
1461 8 903 0 24 -12851 0 55 0
1462 8 742 0 -6 -12851 0 55 0
1463 8 903 0 6 -12851 0 55 0
1464 8 903 0 -6 -12851 1 60 0
1465 12 742 1100 -24 6 1 51 51
1466 12 903 742 24 -6 0 55 51
1467 12 500 742 24 -6 1 51 51
1468 12 500 742 24 -6 1 51 55
1469 8 742 0 -6 -12851 0 60 0
1470 8 500 0 -6 -12851 0 60 0
1471 8 609 0 -24 -12851 1 55 0
1472 8 1100 0 24 -12851 1 55 0
1473 12 1100 742 24 -6 0 51 51
1474 8 609 0 -24 -12851 0 60 0
1475 8 1100 0 6 -12851 0 55 0
1476 8 500 0 -24 -12851 1 60 0
1477 12 1100 742 -24 6 1 51 51
1478 8 1100 0 -24 -12851 0 60 0
1479 8 500 0 -24 -12851 1 55 0
1480 8 609 0 -24 -12851 1 60 0
1481 8 609 0 24 -12851 1 60 0
1482 12 903 742 24 -6 1 51 51
1483 12 742 500 -24 6 1 51 55
1484 8 609 0 6 -12851 0 60 0
1485 8 609 0 -6 -12851 1 60 0
1486 8 742 0 6 -12851 1 55 0
1487 12 903 742 24 -6 1 51 51
1488 8 742 0 6 -12851 0 60 0
1489 12 742 500 -24 6 1 55 55
1490 8 742 0 -6 -12851 0 60 0
1491 8 903 0 6 -12851 0 55 0
1492 12 609 742 24 -6 1 55 51
1493 12 903 742 24 -6 0 55 51
1494 12 742 609 -24 6 1 51 55
1495 12 500 742 -24 6 1 55 51
1496 12 742 1100 -24 6 1 51 51
1497 12 742 1100 -24 6 1 55 55
1498 8 903 0 -24 -12851 1 55 0
1499 12 609 742 24 -6 1 51 55
1500 8 903 0 24 -12851 1 60 0
1501 12 742 609 -24 6 1 51 51
1502 8 500 0 -6 -12851 0 55 0
1503 12 742 1100 -24 6 0 51 51
1504 8 1100 0 -6 -12851 0 55 0
1505 12 903 742 -24 6 1 55 55
1506 12 1100 742 24 -6 0 51 55
1507 8 1100 0 -24 -12851 1 55 0
1508 12 742 609 -24 6 1 51 51
1509 12 609 742 24 -6 1 51 55
1510 8 1100 0 -24 -12851 1 55 0
1511 8 500 0 6 -12851 1 55 0
1512 12 1100 742 -24 6 1 51 55
1513 8 500 0 24 -12851 0 55 0
1514 8 903 0 -24 -12851 1 60 0
1515 8 903 0 24 -12851 0 55 0
1516 12 500 742 -24 6 1 51 51
1517 12 500 742 24 -6 1 51 51
1518 8 903 0 -6 -12851 0 55 0
1519 8 609 0 -6 -12851 0 55 0
1520 8 1100 0 -6 -12851 1 60 0
1521 8 609 0 -24 -12851 1 60 0
1522 8 500 0 -6 -12851 0 55 0
1523 8 742 0 -6 -12851 0 55 0
1524 12 903 742 24 -6 1 55 51
1525 8 500 0 6 -12851 0 60 0
1526 12 500 742 24 -6 1 51 55
1527 8 1100 0 -6 -12851 0 55 0
1528 8 1100 0 6 -12851 1 60 0
1529 12 742 1100 24 -6 0 55 55
1530 8 609 0 -24 -12851 0 55 0
1531 12 742 903 -24 6 0 55 55
1532 8 742 0 -6 -12851 0 60 0
1533 8 500 0 6 -12851 1 55 0
1534 8 742 0 -6 -12851 0 55 0
1535 8 903 0 6 -12851 1 55 0
1536 12 742 500 24 -6 1 51 51
1537 8 903 0 -6 -12851 0 55 0
1538 8 903 0 -6 -12851 0 55 0
1539 8 903 0 -6 -12851 0 55 0
1540 8 903 0 -24 -12851 0 60 0
1541 8 609 0 6 -12851 0 60 0
1542 8 500 0 24 -12851 0 60 0
1543 12 742 903 -24 6 0 51 55
1544 12 500 742 24 -6 0 55 51
1545 12 903 742 24 -6 1 55 51
1546 12 742 1100 24 -6 0 55 55
1547 8 609 0 -24 -12851 1 55 0
1548 12 500 742 -24 6 1 51 55
1549 8 609 0 24 -12851 1 60 0
1550 12 609 742 24 -6 1 51 55
1551 8 500 0 6 -12851 1 60 0
1552 8 1100 0 -6 -12851 1 60 0
1553 12 742 903 -24 6 1 55 55
1554 8 742 0 24 -12851 1 55 0
1555 8 1100 0 6 -12851 1 55 0
1556 12 742 609 -24 6 1 51 55
1557 8 1100 0 24 -12851 1 60 0
1558 12 609 742 24 -6 0 51 55
1559 12 903 742 24 -6 1 51 55
1560 8 742 0 24 -12851 0 60 0
1561 12 1100 742 -24 6 0 55 55
1562 8 742 0 -6 -12851 1 60 0
1563 8 500 0 24 -12851 0 55 0
1564 12 609 742 -24 6 1 51 51
1565 12 742 609 24 -6 1 51 51
1566 12 742 609 24 -6 1 51 55
1567 8 500 0 -6 -12851 0 55 0
1568 8 500 0 -24 -12851 1 55 0
1569 12 903 742 -24 6 1 51 55
1570 12 742 500 -24 6 1 51 51
1571 12 742 1100 -24 6 0 55 55
1572 8 742 0 24 -12851 1 60 0
1573 8 903 0 24 -12851 0 55 0
1574 12 903 742 -24 6 1 55 51
1575 8 609 0 6 -12851 0 55 0
1576 12 742 609 24 -6 0 55 55
1577 12 903 742 24 -6 0 51 55
1578 12 1100 742 -24 6 1 51 51
1579 8 742 0 -6 -12851 0 60 0
1580 8 903 0 -24 -12851 1 60 0
1581 12 500 742 24 -6 1 51 51
1582 8 1100 0 6 -12851 1 60 0
1583 8 1100 0 24 -12851 1 55 0
1584 8 903 0 6 -12851 1 60 0
1585 12 1100 742 24 -6 0 55 55
1586 8 1100 0 -24 -12851 0 60 0
1587 12 742 500 -24 6 0 55 51
1588 12 742 1100 24 -6 1 51 51
1589 8 609 0 6 -12851 0 55 0
1590 8 609 0 -6 -12851 0 55 0
1591 12 742 500 -24 6 1 55 51
1592 12 742 609 -24 6 0 55 51
1593 8 500 0 -6 -12851 0 60 0
1594 12 742 500 24 -6 0 51 55
1595 12 742 500 24 -6 0 55 51
1596 8 742 0 -24 -12851 1 55 0
1597 8 500 0 -6 -12851 0 60 0
1598 12 742 903 24 -6 1 55 51
1599 8 500 0 24 -12851 0 55 0
1600 12 609 742 24 -6 1 55 55
1601 12 742 903 -24 6 1 55 51
1602 8 500 0 -6 -12851 1 55 0
1603 12 742 903 24 -6 1 55 55
1604 8 1100 0 24 -12851 0 55 0
1605 12 742 1100 -24 6 1 51 51
1606 12 609 742 24 -6 0 51 51
1607 8 500 0 -6 -12851 0 55 0
1608 8 1100 0 6 -12851 1 60 0
1609 8 1100 0 24 -12851 1 60 0
1610 12 500 742 -24 6 0 51 51
1611 8 609 0 -6 -12851 1 55 0
1612 12 742 500 -24 6 1 55 51
1613 8 742 0 -24 -12851 1 55 0
1614 12 903 742 -24 6 1 55 55
1615 12 742 500 24 -6 1 55 51
1616 8 742 0 6 -12851 0 55 0
1617 12 742 1100 24 -6 0 55 51
1618 8 903 0 -24 -12851 0 55 0
1619 8 500 0 6 -12851 0 55 0
1620 12 742 609 -24 6 1 55 51
1621 12 742 609 24 -6 1 51 55
1622 8 742 0 6 -12851 1 55 0
1623 8 903 0 -6 -12851 0 55 0
1624 8 903 0 -24 -12851 1 60 0
1625 12 742 500 -24 6 0 55 51
1626 12 903 742 24 -6 0 51 51
1627 12 742 609 -24 6 1 51 55
1628 12 1100 742 24 -6 0 51 55
1629 12 500 742 24 -6 0 51 51
1630 12 1100 742 24 -6 1 55 55
1631 8 609 0 24 -12851 1 55 0
1632 12 742 609 -24 6 1 51 55
1633 8 609 0 6 -12851 0 55 0
1634 8 609 0 -24 -12851 1 60 0
1635 12 500 742 24 -6 0 51 51
1636 8 609 0 -6 -12851 0 55 0
1637 8 742 0 6 -12851 1 60 0
1638 8 903 0 -6 -12851 0 55 0
1639 12 742 1100 -24 6 1 51 51
1640 12 609 742 24 -6 0 55 51
1641 12 903 742 -24 6 1 55 55
1642 12 742 903 24 -6 0 55 51
1643 8 903 0 -6 -12851 0 55 0
1644 8 742 0 24 -12851 1 60 0
1645 8 742 0 6 -12851 1 60 0
1646 8 903 0 -24 -12851 1 55 0
1647 8 609 0 -24 -12851 1 60 0
1648 12 742 903 24 -6 1 51 51
1649 12 742 903 24 -6 0 55 55
1650 8 609 0 -6 -12851 0 55 0
1651 8 1100 0 24 -12851 1 60 0
1652 12 742 500 24 -6 1 55 55
1653 8 1100 0 6 -12851 1 55 0
1654 12 742 609 -24 6 1 55 55
1655 12 742 609 24 -6 1 55 51
1656 12 742 903 -24 6 1 51 55
1657 12 609 742 -24 6 1 51 51
1658 12 742 1100 -24 6 1 55 55
1659 12 903 742 24 -6 0 55 55
1660 12 742 903 24 -6 1 55 55
1661 8 500 0 24 -12851 1 55 0
1662 12 742 500 -24 6 1 55 51
1663 12 609 742 -24 6 1 55 55
1664 8 1100 0 -24 -12851 1 55 0
1665 12 742 1100 -24 6 1 51 51
1666 12 742 903 24 -6 1 55 51
1667 8 500 0 -6 -12851 0 55 0
1668 8 500 0 24 -12851 0 60 0
1669 12 742 903 24 -6 0 51 55
1670 8 742 0 24 -12851 0 60 0
1671 8 742 0 -6 -12851 1 55 0
1672 12 742 500 24 -6 1 51 51
1673 8 903 0 6 -12851 1 55 0
1674 8 903 0 6 -12851 1 60 0
1675 12 609 742 -24 6 1 51 51
1676 12 742 1100 -24 6 1 55 55
1677 12 1100 742 24 -6 1 51 51
1678 8 500 0 -6 -12851 1 60 0
1679 12 1100 742 24 -6 1 51 55
1680 8 500 0 -6 -12851 0 60 0
1681 12 742 609 24 -6 0 55 55
1682 12 609 742 24 -6 1 55 55
1683 8 500 0 -6 -12851 1 55 0
1684 8 609 0 -24 -12851 1 55 0
1685 8 1100 0 6 -12851 1 60 0
1686 8 1100 0 24 -12851 1 55 0
1687 12 609 742 24 -6 1 55 55
1688 8 903 0 6 -12851 1 60 0
1689 8 609 0 -6 -12851 0 55 0
1690 12 903 742 -24 6 1 51 51
1691 12 742 500 24 -6 1 55 51
1692 12 742 1100 -24 6 1 55 55
1693 8 742 0 -24 -12851 1 60 0
1694 12 742 903 24 -6 1 55 55
1695 8 1100 0 6 -12851 1 55 0
1696 12 500 742 24 -6 1 55 51
1697 8 609 0 -6 -12851 0 55 0
1698 12 609 742 24 -6 1 55 55
1699 12 609 742 -24 6 0 55 51
1700 8 742 0 24 -12851 1 55 0
1701 12 742 609 -24 6 1 55 51
1702 12 903 742 24 -6 0 55 51
1703 8 500 0 24 -12851 1 55 0
1704 12 1100 742 -24 6 0 55 55
1705 12 903 742 24 -6 0 51 51
1706 8 500 0 -6 -12851 1 60 0
1707 12 742 903 -24 6 1 51 51
1708 12 742 903 24 -6 0 55 55
1709 8 742 0 -6 -12851 0 55 0
1710 12 742 500 24 -6 1 55 55
1711 8 903 0 -24 -12851 0 55 0
1712 12 500 742 24 -6 1 51 55
1713 8 742 0 -6 -12851 0 55 0
1714 8 903 0 24 -12851 1 60 0
1715 12 742 903 -24 6 1 51 55
1716 12 742 1100 24 -6 1 51 55
1717 8 903 0 -6 -12851 0 55 0
1718 12 903 742 24 -6 1 55 51
1719 8 1100 0 -6 -12851 0 55 0
1720 12 903 742 24 -6 1 51 51
1721 12 1100 742 24 -6 1 55 51
1722 12 500 742 24 -6 0 51 55
1723 12 500 742 -24 6 0 55 51
1724 12 742 609 -24 6 0 55 55
1725 12 903 742 24 -6 0 51 51
1726 12 500 742 -24 6 0 51 51
1727 12 742 609 24 -6 0 55 55
1728 8 609 0 6 -12851 1 60 0
1729 8 742 0 24 -12851 1 55 0
1730 12 742 609 24 -6 1 55 55
1731 12 1100 742 -24 6 1 55 51
1732 12 609 742 24 -6 1 51 55
1733 12 609 742 24 -6 1 55 51
1734 12 1100 742 -24 6 1 51 51
1735 12 742 609 24 -6 1 51 51
1736 12 742 500 -24 6 1 51 55
1737 8 609 0 24 -12851 1 60 0
1738 8 1100 0 24 -12851 0 55 0
1739 12 500 742 24 -6 1 51 51
1740 8 500 0 -6 -12851 0 60 0
1741 8 609 0 24 -12851 0 55 0
1742 8 500 0 6 -12851 1 55 0
1743 12 609 742 24 -6 0 51 55
1744 12 903 742 -24 6 0 55 55
1745 12 742 500 -24 6 1 51 51
1746 12 500 742 24 -6 0 55 51
1747 8 1100 0 6 -12851 0 55 0
1748 12 903 742 -24 6 1 51 51
1749 12 1100 742 -24 6 0 51 55
1750 12 500 742 -24 6 1 55 51
1751 12 609 742 24 -6 0 55 51
1752 8 1100 0 -24 -12851 1 60 0
1753 12 742 500 -24 6 0 55 51
1754 8 1100 0 24 -12851 0 60 0
1755 12 742 1100 -24 6 1 55 55
1756 8 609 0 6 -12851 1 60 0
1757 8 500 0 -24 -12851 0 55 0
1758 12 742 500 24 -6 0 51 55
1759 12 742 609 24 -6 0 51 51
1760 12 742 903 -24 6 0 51 55
1761 8 742 0 24 -12851 0 60 0
1762 12 1100 742 -24 6 1 51 55
1763 8 500 0 24 -12851 1 55 0
1764 12 742 609 24 -6 0 55 51
1765 8 500 0 -6 -12851 0 60 0
1766 12 742 609 24 -6 1 55 55
1767 8 742 0 -6 -12851 0 55 0
1768 8 1100 0 -6 -12851 0 55 0
1769 8 742 0 -24 -12851 0 60 0
1770 12 742 1100 24 -6 0 51 51
1771 8 609 0 24 -12851 0 55 0
1772 8 609 0 24 -12851 0 55 0
1773 12 500 742 24 -6 1 55 55
1774 8 903 0 -24 -12851 1 60 0
1775 12 903 742 24 -6 0 51 51
1776 12 1100 742 24 -6 0 55 51
1777 12 903 742 24 -6 0 55 55
1778 8 903 0 -6 -12851 0 60 0
1779 12 742 1100 24 -6 0 51 51
1780 8 903 0 -24 -12851 0 55 0
1781 12 742 500 -24 6 1 51 51
1782 8 1100 0 -6 -12851 0 60 0
1783 8 500 0 24 -12851 0 55 0
1784 12 742 609 24 -6 0 55 51
1785 8 500 0 6 -12851 0 55 0
1786 8 742 0 6 -12851 0 55 0
1787 12 903 742 -24 6 0 55 55
1788 8 1100 0 6 -12851 0 60 0
1789 8 903 0 6 -12851 1 60 0
1790 12 1100 742 24 -6 1 51 51
1791 8 1100 0 24 -12851 1 55 0
1792 12 903 742 24 -6 0 55 55
1793 8 609 0 6 -12851 0 55 0
1794 12 742 1100 24 -6 0 51 51
1795 12 742 500 -24 6 1 55 51
1796 12 742 903 24 -6 1 55 51
1797 8 500 0 6 -12851 0 60 0
1798 8 903 0 24 -12851 1 60 0
1799 12 742 1100 -24 6 0 55 51
1800 12 742 609 24 -6 0 55 55
1801 8 903 0 6 -12851 1 60 0
1802 8 1100 0 -6 -12851 0 55 0
1803 12 742 903 24 -6 1 51 55
1804 8 742 0 6 -12851 0 60 0
1805 8 742 0 -24 -12851 1 60 0
1806 12 742 609 24 -6 0 55 51
1807 8 500 0 -24 -12851 0 60 0
1808 8 609 0 6 -12851 0 60 0
1809 8 609 0 -6 -12851 0 60 0
1810 12 1100 742 24 -6 0 51 51
1811 8 500 0 -6 -12851 0 55 0
1812 8 500 0 -6 -12851 0 60 0
1813 12 500 742 -24 6 1 55 51
1814 8 742 0 6 -12851 1 60 0
1815 12 1100 742 -24 6 1 55 51
1816 12 500 742 24 -6 0 51 55
1817 8 1100 0 -24 -12851 1 55 0
1818 8 903 0 6 -12851 1 60 0
1819 12 742 903 24 -6 0 51 51
1820 12 742 609 -24 6 1 51 51
1821 12 1100 742 -24 6 1 51 51
1822 8 1100 0 -24 -12851 1 55 0
1823 8 609 0 6 -12851 1 60 0
1824 12 500 742 24 -6 0 51 51
1825 8 500 0 -6 -12851 1 55 0
1826 8 903 0 24 -12851 1 60 0
1827 12 742 609 -24 6 1 55 51
1828 8 903 0 6 -12851 0 55 0
1829 12 742 903 24 -6 0 51 51
1830 8 1100 0 -24 -12851 1 60 0
1831 8 742 0 -24 -12851 1 60 0
1832 8 742 0 -6 -12851 1 60 0
1833 8 500 0 6 -12851 0 60 0
1834 12 742 609 -24 6 0 51 55
1835 12 609 742 24 -6 1 55 51
1836 8 609 0 -24 -12851 1 55 0
1837 12 500 742 -24 6 1 55 55
1838 8 609 0 -6 -12851 1 60 0
1839 8 1100 0 6 -12851 1 55 0
1840 8 1100 0 6 -12851 0 60 0
1841 8 903 0 -6 -12851 1 60 0
1842 8 742 0 24 -12851 0 55 0
1843 12 903 742 -24 6 0 55 51
1844 8 1100 0 -6 -12851 1 60 0
1845 8 609 0 6 -12851 0 60 0
1846 8 609 0 -24 -12851 0 55 0
1847 8 1100 0 -24 -12851 0 60 0
1848 8 742 0 -6 -12851 0 60 0
1849 12 742 500 -24 6 1 51 51
1850 12 742 903 24 -6 1 55 55
1851 12 500 742 24 -6 0 51 51
1852 8 500 0 6 -12851 0 55 0
1853 12 903 742 -24 6 0 55 55
1854 8 500 0 24 -12851 0 60 0
1855 12 742 903 24 -6 1 55 55
1856 8 903 0 6 -12851 1 60 0
1857 12 742 609 -24 6 0 51 51
1858 8 609 0 24 -12851 0 55 0
1859 8 903 0 6 -12851 0 60 0
1860 8 500 0 -6 -12851 0 55 0
1861 12 1100 742 24 -6 0 55 51
1862 12 742 500 -24 6 0 51 51
1863 12 742 609 24 -6 1 51 55
1864 8 742 0 -24 -12851 1 55 0
1865 8 1100 0 6 -12851 0 60 0
1866 8 1100 0 6 -12851 0 55 0
1867 8 500 0 -6 -12851 0 55 0
1868 8 609 0 24 -12851 0 55 0
1869 12 742 1100 24 -6 0 55 55
1870 8 500 0 6 -12851 1 60 0
1871 8 903 0 -24 -12851 0 60 0
1872 12 609 742 -24 6 0 51 55
1873 12 500 742 -24 6 0 51 51
1874 12 742 1100 24 -6 0 55 51
1875 12 609 742 24 -6 0 55 55
1876 8 1100 0 -24 -12851 0 55 0
1877 12 742 1100 24 -6 0 55 55
1878 12 742 903 24 -6 0 55 55
1879 12 742 1100 -24 6 0 51 51
1880 12 742 500 -24 6 0 55 55
1881 8 609 0 -6 -12851 0 60 0
1882 8 903 0 6 -12851 0 60 0
1883 12 742 609 -24 6 0 55 55
1884 12 742 609 24 -6 0 55 51
1885 12 500 742 24 -6 0 55 55
1886 12 742 903 24 -6 0 51 51
1887 8 609 0 -24 -12851 0 55 0
1888 12 1100 742 -24 6 0 55 55
1889 12 903 742 24 -6 0 55 51
1890 8 500 0 24 -12851 0 55 0
1891 12 609 742 24 -6 0 55 51
1892 8 903 0 -6 -12851 0 55 0
1893 8 1100 0 24 -12851 0 55 0
1894 8 742 0 6 -12851 0 60 0
1895 12 1100 742 24 -6 0 55 55
1896 8 742 0 6 -12851 0 60 0
1897 12 903 742 24 -6 0 55 51
1898 12 903 742 -24 6 0 55 51
1899 12 500 742 -24 6 0 55 51
1900 8 742 0 -6 -12851 0 55 0
1901 12 742 500 24 -6 0 51 51
1902 12 1100 742 -24 6 0 51 55
1903 8 609 0 6 -12851 0 60 0
1904 8 609 0 24 -12851 0 55 0
1905 8 500 0 -24 -12851 0 55 0
1906 12 742 1100 24 -6 0 55 55
1907 12 609 742 24 -6 0 51 51
1908 12 903 742 -24 6 0 51 55
1909 8 609 0 24 -12851 0 60 0
1910 12 742 609 24 -6 0 55 55
1911 8 903 0 6 -12851 0 60 0
1912 12 742 500 24 -6 0 51 55
1913 12 500 742 -24 6 0 51 55
1914 8 609 0 -24 -12851 0 60 0
1915 8 742 0 6 -12851 0 55 0
1916 8 1100 0 6 -12851 0 55 0
1917 8 903 0 24 -12851 0 60 0
1918 12 609 742 -24 6 0 51 51
1919 8 500 0 6 -12851 0 60 0
1920 12 1100 742 -24 6 0 55 55
1921 12 1100 742 -24 6 0 55 51
1922 8 742 0 -24 -12851 0 60 0
1923 8 500 0 -6 -12851 0 55 0
1924 12 1100 742 -24 6 0 51 51
1925 8 1100 0 6 -12851 0 55 0
1926 8 742 0 24 -12851 0 55 0
1927 12 742 1100 -24 6 0 51 51
1928 8 1100 0 -6 -12851 0 55 0
1929 12 742 903 -24 6 0 51 55
1930 8 903 0 24 -12851 0 55 0
1931 8 500 0 6 -12851 0 55 0
1932 12 742 609 -24 6 0 51 55
1933 8 500 0 24 -12851 0 55 0
1934 12 742 500 -24 6 0 55 51
1935 8 903 0 6 -12851 0 60 0
1936 8 903 0 -6 -12851 0 55 0
1937 8 1100 0 6 -12851 0 55 0
1938 12 742 500 24 -6 0 51 55
1939 8 903 0 -6 -12851 0 55 0
1940 12 742 609 -24 6 0 55 51
1941 8 742 0 24 -12851 0 55 0
1942 12 742 1100 -24 6 0 51 55
1943 8 500 0 6 -12851 0 60 0
1944 12 742 1100 -24 6 0 55 51
1945 8 609 0 -24 -12851 0 55 0
1946 8 609 0 -6 -12851 0 55 0
1947 8 609 0 6 -12851 0 60 0
1948 8 1100 0 6 -12851 0 60 0
1949 8 1100 0 -6 -12851 0 60 0
1950 12 1100 742 24 -6 0 51 55
1951 8 742 0 -6 -12851 0 60 0
1952 8 500 0 24 -12851 0 60 0
1953 12 500 742 -24 6 0 55 51
1954 8 742 0 -24 -12851 0 60 0
1955 8 742 0 -6 -12851 0 60 0
1956 8 742 0 -6 -12851 0 55 0
1957 12 500 742 -24 6 0 51 55
1958 8 609 0 24 -12851 0 55 0
1959 12 742 1100 -24 6 0 55 55
1960 8 609 0 -24 -12851 0 55 0
1961 8 609 0 24 -12851 0 55 0
1962 12 500 742 24 -6 0 51 51
1963 8 500 0 -6 -12851 0 55 0
1964 8 500 0 -6 -12851 0 60 0
1965 12 742 1100 24 -6 0 55 51
1966 12 742 903 24 -6 0 51 55
1967 8 742 0 -24 -12851 0 55 0
1968 8 742 0 -6 -12851 0 60 0
1969 12 1100 742 24 -6 0 51 51
1970 8 903 0 6 -12851 0 60 0
1971 12 903 742 24 -6 0 51 51
1972 8 500 0 24 -12851 0 60 0
1973 8 1100 0 6 -12851 0 60 0
1974 12 500 742 24 -6 0 55 55
1975 8 903 0 6 -12851 0 55 0
1976 8 903 0 6 -12851 0 60 0
1977 8 1100 0 24 -12851 0 55 0
1978 8 1100 0 -6 -12851 0 55 0
1979 8 903 0 -24 -12851 0 55 0
1980 8 903 0 6 -12851 0 60 0
1981 12 742 1100 24 -6 0 55 51
1982 8 903 0 -24 -12851 0 60 0
1983 8 903 0 -24 -12851 0 60 0
1984 12 742 903 24 -6 0 51 51
1985 8 1100 0 6 -12851 0 60 0
1986 12 742 1100 24 -6 0 51 55
1987 12 609 742 24 -6 0 51 55
1988 12 609 742 -24 6 0 51 51
1989 8 500 0 24 -12851 0 60 0
1990 8 609 0 -24 -12851 0 60 0
1991 8 1100 0 -6 -12851 0 60 0
1992 12 742 903 24 -6 0 51 55
1993 8 500 0 -6 -12851 0 60 0
1994 12 742 500 -24 6 0 51 51
1995 12 742 500 -24 6 0 55 51
1996 8 1100 0 -6 -12851 0 55 0
1997 8 609 0 24 -12851 0 55 0
1998 12 1100 742 24 -6 0 51 51
1999 12 742 609 24 -6 0 51 55
2000 12 742 903 -24 6 0 55 51
2001 8 609 0 -24 -12851 0 55 0
2002 8 742 0 -6 -12851 0 60 0
2003 8 500 0 6 -12851 0 60 0
2004 8 742 0 -24 -12851 0 60 0
2005 8 742 0 -6 -12851 0 55 0
2006 8 903 0 6 -12851 0 55 0
2007 12 742 500 -24 6 0 55 55
2008 8 903 0 -6 -12851 0 60 0
2009 8 609 0 -6 -12851 0 55 0
2010 12 903 742 24 -6 0 51 51
2011 12 1100 742 24 -6 0 51 55
2012 8 1100 0 24 -12851 0 60 0
2013 8 903 0 24 -12851 0 60 0
2014 12 742 903 -24 6 0 55 55
2015 12 742 903 -24 6 0 55 55
2016 8 609 0 6 -12851 0 55 0
2017 8 742 0 6 -12851 0 55 0
2018 8 609 0 24 -12851 0 55 0
2019 12 742 609 24 -6 0 55 51
2020 12 903 742 24 -6 0 51 51
2021 12 742 1100 24 -6 0 51 55
2022 12 742 500 -24 6 0 55 51
2023 8 1100 0 24 -12851 0 55 0
2024 12 742 500 -24 6 0 51 55
2025 12 742 609 24 -6 0 51 51
2026 8 903 0 -6 -12851 0 60 0
2027 12 1100 742 24 -6 0 55 51
2028 8 742 0 6 -12851 0 60 0
2029 8 500 0 24 -12851 0 60 0
2030 8 742 0 6 -12851 0 60 0
2031 12 903 742 24 -6 0 51 55
2032 8 1100 0 6 -12851 0 60 0
2033 12 609 742 24 -6 0 55 51
2034 8 500 0 -24 -12851 0 60 0
2035 12 609 742 24 -6 0 51 51
2036 12 742 609 24 -6 0 51 55
2037 8 500 0 6 -12851 0 55 0
2038 8 903 0 -24 -12851 0 60 0
2039 8 903 0 6 -12851 0 55 0
2040 8 903 0 24 -12851 0 55 0
2041 12 609 742 24 -6 0 51 51
2042 8 742 0 6 -12851 0 60 0
2043 8 500 0 -24 -12851 0 60 0
2044 8 742 0 -6 -12851 0 55 0
2045 8 500 0 -24 -12851 0 60 0
2046 12 742 903 24 -6 0 55 55
2047 8 742 0 24 -12851 0 55 0
2048 12 903 742 -24 6 0 51 51
2049 8 903 0 -6 -12851 0 60 0
2050 8 1100 0 6 -12851 0 60 0
2051 8 1100 0 6 -12851 0 60 0
2052 12 500 742 -24 6 0 55 55
2053 8 609 0 -6 -12851 0 60 0
2054 12 742 609 -24 6 0 55 51
2055 12 742 609 -24 6 0 51 55
2056 8 500 0 6 -12851 0 55 0
2057 8 1100 0 24 -12851 0 60 0
2058 12 609 742 -24 6 0 51 51
2059 12 609 742 -24 6 0 55 51
2060 8 609 0 -6 -12851 0 55 0
2061 8 609 0 24 -12851 0 60 0
2062 8 1100 0 24 -12851 0 60 0
2063 8 1100 0 6 -12851 0 55 0
2064 8 1100 0 -6 -12851 0 55 0
2065 8 1100 0 -24 -12851 0 55 0
2066 12 742 500 -24 6 0 55 55
2067 8 609 0 24 -12851 0 55 0
2068 12 742 609 24 -6 0 51 51
2069 12 609 742 -24 6 0 55 55
2070 12 742 1100 24 -6 0 55 55
2071 12 1100 742 24 -6 0 55 51
2072 8 742 0 -24 -12851 0 55 0
2073 8 903 0 6 -12851 0 60 0
2074 8 609 0 24 -12851 0 60 0
2075 12 742 609 -24 6 0 55 55
2076 12 742 903 24 -6 0 55 55
2077 8 500 0 6 -12851 0 55 0
2078 12 500 742 -24 6 0 55 55
2079 12 1100 742 -24 6 0 51 51
2080 12 742 500 -24 6 0 51 51
2081 8 500 0 24 -12851 0 60 0
2082 8 609 0 -24 -12851 0 60 0
2083 12 500 742 24 -6 0 51 51
2084 12 1100 742 24 -6 0 51 51
2085 8 742 0 24 -12851 0 55 0
2086 8 500 0 6 -12851 0 55 0
2087 12 1100 742 24 -6 0 55 51
2088 12 742 903 24 -6 0 55 55
2089 12 903 742 24 -6 0 55 51
2090 8 903 0 -24 -12851 0 60 0
2091 12 742 609 24 -6 0 51 55
2092 8 742 0 6 -12851 0 55 0
2093 12 742 903 -24 6 0 51 51
2094 8 903 0 6 -12851 0 60 0
2095 12 609 742 -24 6 0 55 51
2096 12 500 742 -24 6 0 55 55
2097 8 1100 0 -6 -12851 0 60 0
2098 12 742 1100 -24 6 0 51 51
2099 12 742 903 24 -6 0 51 51
2100 12 1100 742 -24 6 0 51 51
2101 12 500 742 24 -6 0 55 51
2102 8 1100 0 -24 -12851 0 55 0
2103 12 609 742 -24 6 0 51 51
2104 8 609 0 -24 -12851 0 60 0
2105 8 500 0 -6 -12851 0 55 0
2106 8 742 0 24 -12851 0 60 0
2107 12 742 903 -24 6 0 51 51
2108 12 1100 742 24 -6 0 51 51
2109 8 500 0 -6 -12851 0 60 0
2110 8 500 0 6 -12851 0 55 0
2111 12 742 903 -24 6 0 55 55
2112 12 742 903 24 -6 0 51 51
2113 12 742 903 24 -6 0 55 51
2114 8 742 0 -6 -12851 0 60 0
2115 12 742 500 -24 6 0 51 51
2116 8 1100 0 24 -12851 0 55 0
2117 8 742 0 -24 -12851 0 55 0
2118 12 742 903 -24 6 0 55 55
2119 8 609 0 -24 -12851 0 60 0
2120 8 609 0 6 -12851 0 60 0
2121 12 609 742 -24 6 0 55 51
2122 8 903 0 24 -12851 0 60 0
2123 8 903 0 -6 -12851 0 55 0
2124 12 742 500 24 -6 0 55 55
2125 8 903 0 6 -12851 0 60 0
2126 12 742 903 -24 6 0 55 55
2127 8 1100 0 -24 -12851 0 60 0
2128 8 903 0 24 -12851 0 55 0
2129 12 903 742 24 -6 0 51 51
2130 8 903 0 -6 -12851 0 60 0
2131 8 1100 0 6 -12851 0 60 0
2132 8 903 0 -6 -12851 0 55 0
2133 12 1100 742 -24 6 0 51 51
2134 8 609 0 6 -12851 0 55 0
2135 8 742 0 -6 -12851 0 60 0
2136 12 742 500 -24 6 0 55 55
2137 8 903 0 -6 -12851 0 55 0
2138 8 609 0 -24 -12851 0 60 0
2139 8 609 0 6 -12851 0 60 0
2140 8 500 0 -24 -12851 0 60 0
2141 8 742 0 -6 -12851 0 60 0
2142 12 742 1100 -24 6 0 51 51
2143 8 742 0 -6 -12851 0 55 0
2144 8 1100 0 24 -12851 0 60 0
2145 12 1100 742 -24 6 0 55 55
2146 12 903 742 -24 6 0 51 51
2147 8 1100 0 24 -12851 0 55 0
2148 8 500 0 -24 -12851 0 60 0
2149 12 1100 742 24 -6 0 55 55
2150 12 609 742 24 -6 0 51 51
2151 8 500 0 -24 -12851 0 60 0
2152 8 903 0 -24 -12851 0 60 0
2153 8 903 0 -6 -12851 0 55 0
2154 8 609 0 24 -12851 0 60 0
2155 12 609 742 -24 6 0 51 55
2156 12 500 742 -24 6 0 55 55
2157 8 903 0 -6 -12851 0 55 0
2158 12 742 1100 -24 6 0 51 51
2159 8 500 0 -6 -12851 0 55 0
2160 8 500 0 -24 -12851 0 60 0
2161 12 1100 742 24 -6 0 55 51
2162 12 742 1100 24 -6 0 51 55
2163 8 1100 0 6 -12851 0 60 0
2164 8 500 0 -6 -12851 0 60 0
2165 8 903 0 24 -12851 0 55 0
2166 8 1100 0 -24 -12851 0 55 0
2167 12 742 500 24 -6 0 51 51
2168 8 1100 0 -24 -12851 0 60 0
2169 8 609 0 24 -12851 0 60 0
2170 12 742 609 -24 6 0 55 51
2171 8 609 0 -6 -12851 0 60 0
2172 8 742 0 -6 -12851 0 55 0
2173 12 903 742 -24 6 0 51 51
2174 8 742 0 -24 -12851 0 60 0
