1283 12 742 609 24 -6 0 51 51
1284 12 1100 742 -24 6 1 51 55
1285 8 500 0 24 -12851 0 55 0
1286 8 1100 0 6 -12851 1 55 0
1287 12 742 609 24 -6 1 55 55
1288 12 742 609 24 -6 1 55 55
1289 8 903 0 -24 -12851 1 60 0
1290 8 903 0 -24 -12851 1 55 0
1291 8 903 0 24 -12851 1 60 0
1292 12 609 742 24 -6 1 51 51
1293 12 903 742 -24 6 1 51 51
1294 8 1100 0 -24 -12851 1 60 0
1295 8 1100 0 24 -12851 0 60 0
1296 8 500 0 -24 -12851 1 55 0
1297 8 500 0 -24 -12851 0 55 0
1298 12 742 1100 24 -6 1 55 55
1299 12 742 609 24 -6 1 51 55
1300 8 903 0 -24 -12851 0 60 0
1301 8 500 0 24 -12851 1 55 0
1302 12 742 500 24 -6 1 55 55
1303 12 742 609 24 -6 1 51 55
1304 12 742 500 24 -6 0 51 51
1305 8 609 0 6 -12851 0 55 0
1306 12 742 1100 24 -6 1 55 51
1307 12 742 500 24 -6 1 51 55
1308 8 609 0 -24 -12851 1 60 0
1309 8 1100 0 -24 -12851 1 60 0
1310 12 742 500 -24 6 1 55 51
1311 8 609 0 -24 -12851 1 60 0
1312 12 1100 742 24 -6 1 55 51
1313 8 903 0 -6 -12851 1 55 0
1314 8 903 0 -6 -12851 0 55 0
1315 12 742 500 24 -6 1 55 55
1316 12 742 1100 24 -6 1 51 55
1317 8 742 0 24 -12851 1 55 0
1318 12 500 742 -24 6 1 55 55
1319 12 742 500 -24 6 1 55 51
1320 8 1100 0 -6 -12851 0 55 0
1321 8 742 0 -6 -12851 1 60 0
1322 8 742 0 -24 -12851 1 60 0
1323 12 609 742 24 -6 1 51 51
1324 8 742 0 6 -12851 1 60 0
1325 12 500 742 -24 6 1 51 55
1326 8 742 0 -6 -12851 1 60 0
1327 8 500 0 -6 -12851 1 55 0
1328 8 903 0 -6 -12851 1 60 0
1329 8 609 0 6 -12851 1 55 0
1330 12 903 742 -24 6 0 51 55
1331 12 742 609 24 -6 1 55 51
1332 12 742 1100 -24 6 0 51 51
1333 8 609 0 -6 -12851 1 60 0
1334 8 609 0 24 -12851 0 60 0
1335 12 742 1100 -24 6 1 51 55
1336 8 500 0 -6 -12851 0 55 0
1337 12 903 742 24 -6 0 55 55
1338 12 742 1100 24 -6 1 55 55
1339 12 500 742 24 -6 1 51 51
1340 8 903 0 6 -12851 1 55 0
1341 8 1100 0 6 -12851 1 60 0
1342 8 742 0 6 -12851 1 55 0
1343 8 742 0 -24 -12851 1 55 0
1344 8 1100 0 -24 -12851 1 60 0
1345 8 903 0 24 -12851 1 60 0
1346 12 500 742 24 -6 0 55 55
1347 12 500 742 24 -6 1 55 55
1348 8 1100 0 -24 -12851 1 55 0
1349 8 500 0 -24 -12851 1 55 0
1350 12 742 903 24 -6 1 55 51
1351 12 742 1100 24 -6 1 51 51
1352 8 903 0 24 -12851 1 55 0
1353 12 742 1100 24 -6 0 55 55
1354 12 742 1100 -24 6 1 55 55
1355 12 742 1100 24 -6 0 51 55
1356 12 742 903 24 -6 0 51 55
1357 12 1100 742 24 -6 1 55 55
1358 12 742 609 -24 6 0 55 51
1359 8 903 0 6 -12851 0 60 0
1360 12 500 742 -24 6 0 51 51
1361 8 1100 0 24 -12851 1 55 0
1362 8 742 0 24 -12851 1 55 0
1363 8 500 0 -24 -12851 0 55 0
1364 12 609 742 24 -6 1 51 55
1365 12 742 1100 -24 6 1 51 51
1366 8 903 0 6 -12851 1 60 0
1367 8 500 0 24 -12851 0 60 0
1368 12 500 742 -24 6 0 55 51
1369 8 742 0 24 -12851 1 60 0
1370 8 500 0 -24 -12851 1 60 0
1371 8 1100 0 24 -12851 1 55 0
1372 8 609 0 24 -12851 1 60 0
1373 8 1100 0 -24 -12851 0 60 0
1374 8 609 0 24 -12851 1 55 0
1375 8 742 0 24 -12851 1 55 0
1376 12 742 500 -24 6 1 51 51
1377 8 903 0 24 -12851 1 55 0
1378 8 609 0 -6 -12851 1 60 0
1379 12 742 609 -24 6 0 55 55
1380 8 1100 0 -24 -12851 1 55 0
1381 8 1100 0 -24 -12851 1 55 0
1382 12 609 742 24 -6 1 51 55
1383 8 609 0 -24 -12851 0 60 0
1384 8 903 0 -24 -12851 1 55 0
1385 8 1100 0 6 -12851 1 60 0
1386 8 903 0 -24 -12851 1 55 0
1387 8 500 0 24 -12851 0 60 0
1388 12 742 1100 24 -6 1 51 55
1389 12 609 742 -24 6 1 55 51
1390 8 500 0 -6 -12851 0 55 0
1391 8 742 0 -6 -12851 0 60 0
1392 8 1100 0 24 -12851 0 60 0
1393 8 500 0 -24 -12851 1 55 0
1394 8 903 0 -24 -12851 1 60 0
1395 12 742 500 24 -6 1 55 51
1396 8 742 0 24 -12851 0 55 0
1397 8 609 0 -24 -12851 1 60 0
1398 8 609 0 -6 -12851 0 55 0
1399 8 742 0 6 -12851 0 60 0
1400 8 742 0 6 -12851 1 60 0
1401 12 742 609 -24 6 0 51 51
1402 8 742 0 6 -12851 0 55 0
1403 12 742 609 -24 6 0 55 55
1404 8 903 0 -6 -12851 0 60 0
1405 8 1100 0 24 -12851 1 60 0
1406 12 742 609 -24 6 1 51 51
1407 12 742 500 -24 6 1 55 51
1408 12 742 500 24 -6 1 51 51
1409 12 1100 742 24 -6 1 55 55
1410 8 742 0 -24 -12851 1 60 0
1411 12 742 609 24 -6 1 55 55
1412 8 903 0 24 -12851 1 60 0
1413 12 742 500 24 -6 0 51 51
1414 12 742 1100 -24 6 0 51 55
1415 12 742 903 -24 6 0 51 51
1416 12 742 609 -24 6 1 55 55
1417 8 742 0 24 -12851 1 60 0
1418 12 1100 742 -24 6 0 55 51
1419 12 609 742 -24 6 0 51 55
1420 8 500 0 -24 -12851 1 55 0
1421 8 1100 0 24 -12851 0 55 0
1422 12 742 609 -24 6 1 51 55
1423 8 609 0 -24 -12851 0 60 0
1424 12 903 742 24 -6 1 51 51
1425 8 500 0 24 -12851 0 60 0
1426 12 609 742 24 -6 1 55 55
1427 12 903 742 24 -6 0 51 51
1428 8 1100 0 6 -12851 1 55 0
1429 12 903 742 -24 6 1 55 55
1430 12 609 742 -24 6 1 55 51
1431 12 500 742 24 -6 1 51 51
1432 8 903 0 -6 -12851 0 55 0
1433 12 742 500 -24 6 1 55 51
1434 8 609 0 -24 -12851 1 60 0
1435 8 609 0 6 -12851 1 55 0
1436 8 500 0 24 -12851 0 55 0
1437 12 609 742 24 -6 0 55 55
1438 12 742 903 -24 6 0 55 51
1439 12 742 1100 24 -6 1 51 55
1440 12 903 742 24 -6 1 55 55
1441 8 609 0 6 -12851 0 60 0
1442 12 609 742 24 -6 1 55 51
1443 12 742 500 24 -6 0 51 55
1444 12 742 903 -24 6 0 55 51
1445 8 609 0 -24 -12851 1 60 0
1446 12 609 742 24 -6 1 55 55
1447 12 742 1100 -24 6 0 55 55
1448 12 742 903 -24 6 0 55 55
1449 12 903 742 -24 6 0 55 55
1450 8 1100 0 6 -12851 1 60 0
1451 8 903 0 24 -12851 1 55 0
1452 8 742 0 -24 -12851 1 55 0
1453 12 742 500 -24 6 1 51 51
1454 12 609 742 24 -6 0 55 51
1455 12 609 742 -24 6 1 51 55
1456 8 500 0 -24 -12851 1 55 0
1457 12 500 742 -24 6 0 51 51
1458 12 500 742 24 -6 0 51 55
1459 8 742 0 6 -12851 0 55 0
1460 12 742 500 24 -6 0 55 55
1461 12 742 1100 24 -6 1 51 51
1462 12 1100 742 24 -6 1 55 51
1463 12 500 742 -24 6 0 51 51
1464 8 609 0 -6 -12851 1 55 0
1465 8 742 0 6 -12851 1 60 0
1466 8 500 0 -6 -12851 0 60 0
1467 12 742 500 -24 6 0 55 55
1468 8 1100 0 6 -12851 1 55 0
1469 8 609 0 -24 -12851 1 55 0
1470 12 1100 742 -24 6 1 55 55
1471 8 903 0 24 -12851 1 55 0
1472 12 742 500 24 -6 0 55 55
1473 12 609 742 -24 6 1 51 55
1474 12 1100 742 -24 6 1 51 51
1475 8 903 0 -24 -12851 1 55 0
1476 8 1100 0 -6 -12851 1 60 0
1477 12 742 903 -24 6 1 55 55
1478 12 742 500 24 -6 1 55 55
1479 8 500 0 -24 -12851 1 55 0
1480 8 500 0 -24 -12851 1 55 0
1481 12 500 742 24 -6 1 55 51
1482 8 500 0 24 -12851 1 55 0
1483 8 609 0 24 -12851 0 60 0
1484 8 1100 0 6 -12851 1 55 0
1485 8 609 0 6 -12851 0 55 0
1486 8 903 0 24 -12851 1 55 0
1487 8 1100 0 -24 -12851 1 55 0
1488 8 1100 0 6 -12851 0 60 0
1489 8 903 0 24 -12851 1 55 0
1490 8 742 0 6 -12851 0 60 0
1491 12 1100 742 24 -6 1 51 51
1492 8 903 0 -6 -12851 1 55 0
1493 8 500 0 24 -12851 1 55 0
1494 12 742 903 24 -6 0 51 51
1495 12 903 742 -24 6 0 51 55
1496 12 609 742 24 -6 0 51 51
1497 12 1100 742 24 -6 1 55 51
1498 12 500 742 -24 6 0 55 55
1499 12 742 1100 -24 6 0 55 55
1500 8 742 0 -6 -12851 1 55 0
1501 8 609 0 -6 -12851 1 60 0
1502 8 742 0 24 -12851 1 60 0
1503 12 1100 742 24 -6 1 55 55
1504 8 500 0 -24 -12851 1 60 0
1505 12 742 609 24 -6 1 55 51
1506 8 500 0 6 -12851 1 55 0
1507 8 500 0 6 -12851 1 60 0
1508 12 742 1100 24 -6 1 51 51
1509 12 742 609 24 -6 1 55 51
1510 8 500 0 -24 -12851 0 55 0
1511 8 609 0 -24 -12851 1 55 0
1512 12 1100 742 -24 6 0 55 51
1513 8 609 0 -24 -12851 1 60 0
1514 8 500 0 -6 -12851 1 55 0
1515 12 1100 742 -24 6 1 51 55
1516 8 609 0 6 -12851 1 55 0
1517 12 742 609 24 -6 1 55 55
1518 12 742 1100 24 -6 1 51 51
1519 8 903 0 -24 -12851 0 55 0
1520 12 742 903 24 -6 0 55 51
1521 8 742 0 24 -12851 1 55 0
1522 8 1100 0 24 -12851 1 55 0
1523 8 1100 0 -6 -12851 1 60 0
1524 12 1100 742 -24 6 0 51 55
1525 8 1100 0 6 -12851 1 55 0
1526 12 609 742 24 -6 0 55 51
1527 8 903 0 -24 -12851 0 55 0
1528 12 1100 742 24 -6 0 51 51
1529 12 742 1100 24 -6 0 51 51
1530 12 742 903 24 -6 0 51 51
1531 12 609 742 -24 6 0 51 55
1532 8 742 0 24 -12851 0 60 0
1533 12 742 500 24 -6 0 55 55
1534 8 903 0 6 -12851 0 60 0
1535 12 742 609 -24 6 0 51 51
1536 8 742 0 -6 -12851 1 60 0
1537 8 500 0 24 -12851 1 55 0
1538 12 609 742 24 -6 1 51 51
1539 12 742 903 -24 6 0 51 55
1540 8 500 0 6 -12851 1 60 0
1541 12 742 609 -24 6 1 55 55
1542 8 500 0 24 -12851 1 55 0
1543 12 903 742 -24 6 0 55 51
1544 8 500 0 -6 -12851 0 55 0
1545 8 903 0 -6 -12851 0 55 0
1546 8 609 0 -6 -12851 1 55 0
1547 8 742 0 -6 -12851 0 60 0
1548 8 903 0 24 -12851 1 60 0
1549 12 742 903 24 -6 1 55 51
1550 8 903 0 -24 -12851 1 60 0
1551 8 609 0 -24 -12851 1 60 0
1552 8 742 0 24 -12851 1 60 0
1553 12 609 742 24 -6 0 55 51
1554 8 609 0 24 -12851 0 60 0
1555 12 742 500 24 -6 0 51 55
1556 12 742 1100 24 -6 0 55 55
1557 8 742 0 6 -12851 0 60 0
1558 12 742 609 24 -6 1 51 55
1559 12 609 742 -24 6 0 51 55
1560 8 1100 0 -24 -12851 1 55 0
1561 8 1100 0 24 -12851 0 60 0
1562 12 742 1100 -24 6 0 51 51
1563 12 742 903 -24 6 1 51 55
1564 12 500 742 24 -6 1 51 55
1565 8 1100 0 6 -12851 0 60 0
1566 8 500 0 -6 -12851 1 60 0
1567 8 500 0 -24 -12851 1 55 0
1568 8 609 0 -6 -12851 1 60 0
1569 8 609 0 24 -12851 1 55 0
1570 12 742 1100 -24 6 0 51 51
1571 8 609 0 -6 -12851 1 60 0
1572 8 903 0 6 -12851 1 60 0
1573 12 742 903 -24 6 1 51 55
1574 12 500 742 24 -6 0 55 55
1575 12 742 609 24 -6 0 51 51
1576 12 742 1100 -24 6 0 51 55
1577 8 742 0 -6 -12851 0 60 0
1578 12 609 742 -24 6 1 51 55
1579 8 1100 0 -6 -12851 1 60 0
1580 8 903 0 24 -12851 0 60 0
1581 12 500 742 -24 6 1 55 55
1582 12 742 609 24 -6 0 55 55
1583 8 903 0 -24 -12851 0 55 0
1584 12 742 500 -24 6 0 55 51
1585 8 500 0 24 -12851 1 55 0
1586 8 1100 0 -6 -12851 0 60 0
1587 8 1100 0 6 -12851 0 60 0
1588 12 609 742 -24 6 0 55 51
1589 12 500 742 -24 6 0 51 55
1590 8 742 0 24 -12851 0 60 0
1591 12 742 903 24 -6 0 51 51
1592 12 742 903 24 -6 0 55 55
1593 12 903 742 -24 6 0 51 55
1594 8 500 0 24 -12851 1 55 0
1595 12 609 742 -24 6 0 55 55
1596 8 742 0 -24 -12851 0 60 0
1597 8 903 0 -24 -12851 0 55 0
1598 8 903 0 24 -12851 0 60 0
1599 8 1100 0 6 -12851 0 60 0
1600 12 903 742 24 -6 0 55 55
1601 8 742 0 24 -12851 0 60 0
1602 12 742 903 24 -6 0 55 51
1603 8 742 0 -24 -12851 0 60 0
1604 12 742 1100 24 -6 0 55 55
1605 12 742 500 24 -6 0 55 51
1606 12 903 742 24 -6 0 55 51
1607 12 742 903 24 -6 0 51 51
1608 8 903 0 24 -12851 0 60 0
1609 12 903 742 24 -6 0 55 51
1610 12 500 742 -24 6 0 55 51
1611 12 500 742 -24 6 0 55 51
1612 8 609 0 24 -12851 0 60 0
1613 8 1100 0 -24 -12851 0 55 0
1614 8 742 0 24 -12851 0 55 0
1615 12 500 742 -24 6 1 55 51
1616 8 609 0 24 -12851 1 55 0
1617 12 742 1100 24 -6 0 55 55
1618 12 742 903 -24 6 0 51 55
1619 12 742 903 24 -6 1 55 51
1620 12 742 609 24 -6 0 55 55
1621 12 500 742 -24 6 0 51 55
1622 8 609 0 -24 -12851 0 55 0
1623 12 742 609 24 -6 0 51 51
1624 8 1100 0 6 -12851 0 60 0
1625 12 742 609 -24 6 0 55 55
1626 12 742 609 24 -6 1 51 55
1627 8 903 0 -6 -12851 1 55 0
1628 8 500 0 6 -12851 0 60 0
1629 8 500 0 -24 -12851 0 60 0
1630 8 500 0 -6 -12851 0 60 0
1631 12 742 1100 24 -6 0 51 51
1632 12 903 742 24 -6 0 51 51
1633 8 903 0 6 -12851 0 55 0
1634 8 903 0 -24 -12851 0 60 0
1635 8 1100 0 -6 -12851 0 60 0
1636 8 742 0 6 -12851 0 60 0
1637 8 742 0 24 -12851 0 55 0
1638 8 903 0 -6 -12851 1 55 0
1639 12 742 500 -24 6 1 55 55
1640 12 903 742 -24 6 1 55 55
1641 12 500 742 24 -6 0 51 51
1642 12 500 742 24 -6 0 51 51
1643 8 609 0 6 -12851 0 55 0
1644 12 609 742 -24 6 0 51 55
1645 12 742 500 -24 6 1 51 55
1646 12 742 903 -24 6 0 55 55
1647 8 1100 0 24 -12851 1 55 0
1648 8 742 0 -6 -12851 1 60 0
1649 12 500 742 -24 6 0 55 55
1650 12 609 742 -24 6 0 55 51
1651 8 609 0 -6 -12851 0 60 0
1652 12 1100 742 24 -6 0 51 51
1653 12 1100 742 -24 6 0 51 51
1654 12 742 903 -24 6 0 51 55
1655 8 609 0 24 -12851 0 55 0
1656 8 1100 0 6 -12851 0 60 0
1657 8 903 0 24 -12851 0 60 0
1658 8 500 0 -24 -12851 0 55 0
1659 12 742 500 -24 6 0 55 55
1660 8 500 0 24 -12851 0 60 0
1661 12 742 1100 -24 6 0 55 55
1662 8 500 0 -24 -12851 0 55 0
1663 8 1100 0 -24 -12851 0 55 0
1664 12 742 609 -24 6 0 55 51
1665 12 609 742 -24 6 0 51 55
1666 8 1100 0 -24 -12851 0 60 0
1667 12 500 742 -24 6 0 55 55
1668 8 1100 0 6 -12851 0 60 0
1669 8 903 0 24 -12851 0 55 0
1670 8 609 0 -24 -12851 0 60 0
1671 8 500 0 -24 -12851 0 55 0
1672 8 742 0 -24 -12851 0 60 0
1673 12 500 742 24 -6 0 55 51
1674 8 742 0 6 -12851 0 55 0
1675 12 742 609 -24 6 0 55 55
1676 8 1100 0 -24 -12851 0 60 0
1677 12 1100 742 -24 6 0 55 51
1678 8 903 0 6 -12851 0 60 0
1679 12 742 903 24 -6 0 51 55
1680 12 500 742 24 -6 0 51 51
1681 12 903 742 -24 6 0 55 55
1682 12 1100 742 24 -6 0 55 51
1683 12 742 500 24 -6 0 55 55
1684 8 500 0 -6 -12851 0 60 0
1685 8 742 0 6 -12851 0 60 0
1686 12 742 609 -24 6 0 55 55
1687 12 742 1100 24 -6 0 55 55
1688 12 742 1100 -24 6 0 51 51
1689 12 609 742 24 -6 0 51 51
1690 8 903 0 -24 -12851 0 60 0
1691 12 500 742 24 -6 0 55 51
1692 8 609 0 -6 -12851 0 60 0
1693 12 742 500 -24 6 0 55 55
1694 12 903 742 24 -6 0 55 51
1695 8 500 0 24 -12851 0 55 0
1696 8 609 0 -24 -12851 0 55 0
1697 12 500 742 -24 6 0 51 51
1698 12 609 742 24 -6 0 51 55
1699 8 1100 0 24 -12851 0 55 0
1700 8 1100 0 -24 -12851 0 55 0
1701 8 742 0 6 -12851 0 60 0
1702 12 609 742 -24 6 0 51 55
1703 12 742 903 24 -6 0 51 55
1704 12 742 609 -24 6 0 51 51
1705 8 609 0 -6 -12851 0 60 0
1706 8 742 0 -6 -12851 0 55 0
1707 12 500 742 24 -6 0 55 51
1708 12 903 742 24 -6 0 51 51
1709 12 500 742 -24 6 0 51 51
1710 12 742 903 24 -6 0 55 51
1711 8 903 0 24 -12851 0 60 0
1712 8 1100 0 6 -12851 0 60 0
1713 8 609 0 -24 -12851 0 60 0
1714 12 742 903 24 -6 0 55 51
1715 12 742 609 24 -6 0 51 55
1716 12 1100 742 24 -6 0 55 51
1717 8 742 0 -24 -12851 0 60 0
1718 12 500 742 24 -6 0 51 55
1719 12 742 903 24 -6 0 55 51
1720 8 500 0 24 -12851 0 55 0
1721 8 1100 0 -6 -12851 0 60 0
1722 12 742 1100 24 -6 0 55 55
1723 12 742 500 24 -6 0 51 51
1724 8 609 0 -6 -12851 0 55 0
1725 12 1100 742 24 -6 0 55 55
1726 12 742 903 -24 6 0 51 51
1727 8 903 0 6 -12851 0 60 0
1728 12 609 742 24 -6 0 51 55
1729 12 609 742 24 -6 0 55 55
1730 12 742 1100 -24 6 1 55 51
1731 12 903 742 24 -6 1 55 55
1732 8 500 0 -24 -12851 0 55 0
1733 8 500 0 24 -12851 0 60 0
1734 12 500 742 24 -6 0 55 51
1735 8 903 0 6 -12851 0 60 0
1736 12 742 609 24 -6 1 51 55
1737 8 609 0 -6 -12851 0 55 0
1738 12 742 500 24 -6 0 55 55
1739 12 500 742 -24 6 1 51 55
1740 8 609 0 24 -12851 1 55 0
1741 12 609 742 24 -6 0 51 51
1742 12 1100 742 -24 6 0 55 55
1743 8 1100 0 6 -12851 1 60 0
1744 12 742 1100 24 -6 0 55 51
1745 8 903 0 -24 -12851 1 60 0
1746 12 742 1100 -24 6 1 51 55
1747 8 742 0 24 -12851 1 55 0
1748 12 742 500 24 -6 0 55 51
1749 12 742 903 -24 6 1 55 55
1750 8 500 0 24 -12851 1 55 0
1751 8 742 0 24 -12851 1 60 0
1752 8 609 0 -24 -12851 0 55 0
1753 12 609 742 24 -6 0 55 55
1754 8 742 0 6 -12851 0 60 0
1755 8 500 0 -24 -12851 1 55 0
1756 12 1100 742 -24 6 0 55 55
1757 12 742 1100 24 -6 0 55 55
1758 8 1100 0 -6 -12851 1 55 0
1759 8 609 0 -24 -12851 0 55 0
1760 8 903 0 -24 -12851 0 60 0
1761 8 903 0 -24 -12851 0 60 0
1762 12 742 500 -24 6 0 55 55
1763 12 742 1100 24 -6 0 55 51
1764 8 1100 0 24 -12851 1 60 0
1765 8 500 0 -6 -12851 0 60 0
1766 12 903 742 24 -6 1 51 51
1767 12 500 742 -24 6 1 51 51
1768 12 609 742 -24 6 0 55 51
1769 8 1100 0 6 -12851 1 60 0
1770 8 1100 0 -24 -12851 0 60 0
1771 8 500 0 -24 -12851 0 60 0
1772 12 500 742 24 -6 0 55 55
1773 8 903 0 -6 -12851 1 60 0
1774 8 903 0 -24 -12851 1 60 0
1775 12 903 742 -24 6 0 55 55
1776 12 609 742 -24 6 0 55 51
1777 8 609 0 -6 -12851 0 60 0
1778 12 742 1100 24 -6 1 51 55
1779 8 609 0 -24 -12851 0 55 0
1780 12 609 742 -24 6 0 51 51
1781 8 500 0 -24 -12851 0 55 0
1782 8 903 0 6 -12851 0 60 0
1783 12 742 500 -24 6 0 51 51
1784 12 1100 742 24 -6 0 51 51
1785 12 903 742 24 -6 0 55 55
1786 8 1100 0 -6 -12851 1 55 0
1787 12 742 609 -24 6 1 51 55
1788 12 1100 742 24 -6 1 51 51
1789 8 609 0 24 -12851 1 60 0
1790 8 500 0 6 -12851 0 55 0
1791 12 609 742 -24 6 0 55 55
1792 12 500 742 24 -6 1 55 55
1793 8 1100 0 -24 -12851 0 55 0
1794 8 742 0 24 -12851 1 60 0
1795 8 742 0 -6 -12851 1 55 0
1796 12 903 742 -24 6 0 55 55
1797 12 742 903 24 -6 1 55 55
1798 12 609 742 -24 6 1 55 51
1799 8 742 0 -24 -12851 0 55 0
1800 12 1100 742 24 -6 1 55 51
1801 8 1100 0 6 -12851 1 55 0
1802 12 609 742 -24 6 1 55 55
1803 12 1100 742 -24 6 0 55 55
1804 12 742 609 -24 6 0 51 55
1805 12 742 500 24 -6 0 51 51
1806 12 742 609 24 -6 0 55 55
1807 12 1100 742 24 -6 0 51 51
1808 8 1100 0 24 -12851 0 60 0
1809 8 500 0 -24 -12851 0 55 0
1810 8 742 0 24 -12851 1 55 0
1811 12 903 742 24 -6 0 55 55
1812 8 500 0 -6 -12851 0 60 0
1813 12 742 500 24 -6 0 51 55
1814 8 903 0 6 -12851 0 55 0
1815 12 903 742 -24 6 0 55 51
1816 8 742 0 -24 -12851 0 60 0
1817 12 742 609 24 -6 0 55 55
1818 8 1100 0 -6 -12851 0 60 0
1819 8 903 0 6 -12851 0 60 0
1820 8 1100 0 24 -12851 0 55 0
1821 12 1100 742 -24 6 0 55 55
1822 12 742 1100 24 -6 0 51 55
1823 8 609 0 6 -12851 0 55 0
1824 8 742 0 -24 -12851 0 55 0
1825 8 609 0 6 -12851 0 55 0
1826 8 903 0 -6 -12851 0 55 0
1827 12 742 903 24 -6 0 51 51
1828 8 500 0 24 -12851 0 60 0
1829 12 500 742 -24 6 0 55 55
1830 12 609 742 24 -6 0 51 51
1831 12 742 1100 24 -6 0 51 51
1832 8 609 0 6 -12851 0 55 0
1833 8 500 0 -24 -12851 0 55 0
1834 12 500 742 24 -6 0 55 55
1835 8 500 0 -6 -12851 0 60 0
1836 12 609 742 24 -6 0 55 55
1837 8 742 0 -24 -12851 0 60 0
1838 8 742 0 6 -12851 0 60 0
1839 8 742 0 -24 -12851 0 60 0
1840 8 500 0 -24 -12851 0 60 0
1841 12 742 903 -24 6 0 51 55
1842 12 742 609 24 -6 0 51 51
1843 8 903 0 24 -12851 1 55 0
1844 8 903 0 -6 -12851 0 60 0
1845 8 500 0 24 -12851 0 60 0
1846 12 500 742 24 -6 0 55 55
1847 8 903 0 24 -12851 0 55 0
1848 8 609 0 6 -12851 1 55 0
1849 12 609 742 24 -6 1 51 55
1850 8 609 0 -24 -12851 1 60 0
1851 12 742 1100 -24 6 0 51 51
1852 12 742 903 -24 6 0 51 55
1853 8 1100 0 24 -12851 0 60 0
1854 12 609 742 -24 6 1 51 55
1855 8 609 0 6 -12851 0 60 0
1856 12 609 742 24 -6 0 51 55
1857 8 1100 0 6 -12851 0 55 0
1858 12 609 742 -24 6 0 51 55
1859 12 742 609 24 -6 0 51 51
1860 12 742 500 24 -6 1 51 55
1861 12 742 903 24 -6 1 55 55
1862 12 500 742 24 -6 1 55 51
1863 8 1100 0 -6 -12851 1 55 0
1864 12 609 742 24 -6 0 55 51
1865 8 742 0 6 -12851 1 55 0
1866 12 903 742 24 -6 0 55 55
1867 12 742 609 -24 6 1 51 51
1868 12 742 500 -24 6 0 55 51
1869 8 742 0 -24 -12851 1 60 0
1870 8 609 0 -6 -12851 1 60 0
1871 8 609 0 -6 -12851 1 55 0
1872 12 742 903 24 -6 1 55 55
1873 12 1100 742 24 -6 1 55 55
1874 8 500 0 6 -12851 0 55 0
1875 12 742 1100 24 -6 0 51 51
1876 12 742 500 -24 6 0 51 51
1877 8 742 0 24 -12851 0 55 0
1878 12 742 903 -24 6 0 55 51
1879 12 1100 742 24 -6 0 51 51
1880 12 500 742 24 -6 1 51 55
1881 8 500 0 -24 -12851 1 60 0
1882 12 903 742 -24 6 0 51 51
1883 8 742 0 24 -12851 0 55 0
1884 8 1100 0 24 -12851 1 60 0
1885 8 903 0 24 -12851 1 55 0
1886 8 609 0 6 -12851 1 55 0
1887 12 903 742 -24 6 0 51 51
1888 12 742 1100 -24 6 1 55 51
1889 8 500 0 -24 -12851 0 60 0
1890 8 903 0 6 -12851 0 55 0
1891 12 903 742 24 -6 0 55 51
1892 8 903 0 -6 -12851 1 55 0
1893 12 1100 742 -24 6 1 51 51
1894 8 1100 0 6 -12851 1 55 0
1895 12 742 1100 24 -6 1 51 51
1896 8 1100 0 24 -12851 0 60 0
1897 12 742 609 -24 6 0 51 51
1898 8 742 0 -24 -12851 1 55 0
1899 12 742 1100 -24 6 1 51 51
1900 8 742 0 24 -12851 1 60 0
1901 12 742 1100 -24 6 1 51 51
1902 8 609 0 24 -12851 1 60 0
1903 12 742 609 -24 6 0 55 55
1904 12 742 903 24 -6 0 51 55
1905 12 742 1100 -24 6 0 55 51
1906 8 903 0 24 -12851 0 55 0
1907 12 742 609 24 -6 1 55 55
1908 12 742 609 24 -6 0 55 55
1909 8 500 0 6 -12851 1 55 0
1910 8 742 0 -24 -12851 1 60 0
1911 8 609 0 -24 -12851 0 60 0
1912 8 903 0 -6 -12851 0 55 0
1913 8 903 0 24 -12851 1 55 0
1914 12 903 742 -24 6 0 51 55
1915 12 742 500 -24 6 1 55 55
1916 12 500 742 -24 6 0 51 51
1917 8 609 0 -24 -12851 0 55 0
1918 8 742 0 -6 -12851 0 60 0
1919 8 1100 0 -6 -12851 0 55 0
1920 12 500 742 -24 6 0 55 55
1921 8 500 0 24 -12851 0 60 0
1922 12 609 742 24 -6 0 51 55
1923 8 500 0 -24 -12851 0 60 0
1924 12 609 742 -24 6 1 51 51
1925 8 1100 0 -24 -12851 1 55 0
1926 12 742 500 -24 6 1 51 55
1927 12 742 1100 -24 6 0 51 55
1928 12 742 903 -24 6 1 51 51
1929 12 742 609 24 -6 1 51 51
1930 8 1100 0 -6 -12851 1 60 0
1931 8 609 0 -24 -12851 1 55 0
1932 8 609 0 24 -12851 1 55 0
1933 8 609 0 -6 -12851 0 55 0
1934 12 903 742 -24 6 0 55 51
1935 12 742 609 24 -6 0 51 51
1936 12 742 500 24 -6 0 51 51
1937 12 742 1100 -24 6 0 51 51
1938 8 1100 0 6 -12851 1 60 0
1939 12 742 609 -24 6 1 51 51
1940 12 609 742 -24 6 1 55 51
1941 12 742 903 24 -6 1 55 51
1942 8 903 0 -6 -12851 0 60 0
1943 8 1100 0 -24 -12851 1 55 0
1944 12 742 903 24 -6 0 55 51
1945 12 742 1100 24 -6 0 55 55
1946 8 500 0 -24 -12851 0 60 0
1947 12 742 903 24 -6 0 55 51
1948 8 500 0 -24 -12851 1 60 0
1949 12 742 903 -24 6 0 51 55
1950 12 1100 742 -24 6 0 55 51
1951 8 500 0 24 -12851 1 60 0
1952 8 903 0 -24 -12851 1 60 0
1953 8 609 0 -6 -12851 1 55 0
1954 12 903 742 -24 6 0 55 55
1955 8 742 0 -24 -12851 1 55 0
1956 12 609 742 -24 6 1 55 51
1957 12 742 500 -24 6 0 51 51
1958 12 609 742 -24 6 1 55 55
1959 12 1100 742 24 -6 0 51 51
1960 8 1100 0 -24 -12851 1 55 0
1961 8 742 0 6 -12851 1 60 0
1962 12 609 742 -24 6 1 51 51
1963 8 742 0 -6 -12851 1 55 0
1964 12 903 742 24 -6 1 51 51
1965 12 742 500 24 -6 0 51 51
1966 12 742 500 -24 6 0 51 55
1967 12 1100 742 -24 6 0 51 51
1968 8 903 0 -6 -12851 0 55 0
1969 8 903 0 6 -12851 0 55 0
1970 12 742 903 24 -6 1 51 51
1971 12 903 742 -24 6 1 55 55
1972 8 903 0 -24 -12851 1 55 0
1973 12 903 742 24 -6 1 55 55
1974 12 742 500 -24 6 1 55 55
1975 8 742 0 24 -12851 1 55 0
1976 8 742 0 24 -12851 0 60 0
1977 12 742 609 24 -6 1 51 51
1978 8 1100 0 24 -12851 0 60 0
1979 8 1100 0 -24 -12851 1 55 0
1980 12 903 742 -24 6 1 55 55
1981 8 500 0 6 -12851 0 60 0
1982 8 609 0 24 -12851 1 60 0
1983 8 742 0 -6 -12851 0 60 0
1984 8 1100 0 6 -12851 1 60 0
1985 12 742 500 24 -6 0 55 51
1986 8 500 0 24 -12851 1 55 0
1987 12 742 609 -24 6 1 55 55
1988 12 500 742 24 -6 1 55 51
1989 12 742 903 24 -6 1 51 51
1990 8 903 0 6 -12851 1 60 0
1991 12 500 742 24 -6 0 55 51
1992 12 742 903 24 -6 0 55 55
1993 8 609 0 24 -12851 1 55 0
1994 8 903 0 6 -12851 1 60 0
1995 8 609 0 -6 -12851 0 55 0
1996 12 609 742 24 -6 1 55 55
1997 12 1100 742 -24 6 0 51 51
1998 12 609 742 24 -6 0 55 55
1999 12 903 742 -24 6 0 51 55
2000 12 742 1100 -24 6 0 51 55
2001 12 742 1100 -24 6 1 51 55
2002 8 500 0 6 -12851 0 55 0
2003 8 742 0 24 -12851 0 55 0
2004 8 742 0 -6 -12851 0 55 0
2005 8 742 0 -6 -12851 1 60 0
2006 12 742 1100 24 -6 0 51 55
2007 12 742 1100 24 -6 0 51 51
2008 8 903 0 6 -12851 1 55 0
2009 8 609 0 24 -12851 1 55 0
2010 12 742 1100 -24 6 0 55 51
2011 8 500 0 -6 -12851 0 55 0
2012 8 1100 0 -24 -12851 0 60 0
2013 8 903 0 -24 -12851 1 60 0
2014 8 500 0 6 -12851 1 60 0
2015 8 500 0 -24 -12851 0 60 0
2016 8 609 0 6 -12851 0 60 0
2017 12 742 609 24 -6 1 51 51
2018 8 1100 0 -6 -12851 1 60 0
2019 8 609 0 24 -12851 0 55 0
2020 12 742 903 -24 6 0 55 55
2021 8 742 0 6 -12851 0 60 0
2022 8 903 0 -24 -12851 0 60 0
2023 8 1100 0 -6 -12851 0 60 0
2024 8 1100 0 6 -12851 0 55 0
2025 12 742 500 24 -6 0 55 51
2026 12 742 609 -24 6 0 51 51
2027 12 903 742 -24 6 0 55 55
2028 8 1100 0 -24 -12851 1 55 0
2029 8 609 0 24 -12851 0 60 0
2030 8 500 0 -6 -12851 0 60 0
2031 8 609 0 24 -12851 1 55 0
2032 12 609 742 -24 6 0 55 51
2033 12 903 742 -24 6 0 55 55
2034 8 500 0 -6 -12851 1 55 0
2035 8 1100 0 -24 -12851 0 60 0
2036 12 903 742 24 -6 0 51 55
2037 8 500 0 24 -12851 1 55 0
2038 8 903 0 6 -12851 1 60 0
2039 8 903 0 6 -12851 1 55 0
2040 12 903 742 24 -6 1 51 51
2041 12 500 742 24 -6 0 51 55
2042 12 742 1100 24 -6 0 55 51
2043 12 609 742 -24 6 0 55 55
2044 12 609 742 24 -6 0 55 51
2045 12 742 500 24 -6 0 51 51
2046 12 903 742 -24 6 0 55 51
2047 12 903 742 -24 6 0 51 51
2048 12 609 742 24 -6 1 55 55
2049 12 500 742 -24 6 0 55 51
2050 12 742 903 -24 6 0 55 55
2051 8 742 0 24 -12851 0 55 0
2052 8 742 0 -24 -12851 0 55 0
2053 12 742 1100 24 -6 0 51 51
2054 8 609 0 -6 -12851 0 60 0
2055 12 742 903 -24 6 1 55 55
2056 12 742 500 -24 6 1 55 51
2057 8 1100 0 6 -12851 0 60 0
2058 12 742 609 24 -6 0 55 51
2059 12 500 742 -24 6 0 51 55
2060 8 742 0 24 -12851 0 55 0
2061 8 903 0 -24 -12851 0 60 0
2062 8 500 0 24 -12851 0 55 0
2063 12 903 742 -24 6 1 55 51
2064 12 903 742 -24 6 0 51 51
2065 8 500 0 6 -12851 0 60 0
2066 12 1100 742 -24 6 0 51 51
2067 12 609 742 -24 6 1 55 51
2068 12 742 903 24 -6 0 51 55
2069 12 500 742 -24 6 1 55 55
2070 8 500 0 6 -12851 1 60 0
2071 12 903 742 24 -6 0 51 51
2072 12 1100 742 24 -6 0 51 51
2073 12 1100 742 24 -6 1 51 55
2074 12 742 500 24 -6 0 51 51
2075 12 609 742 -24 6 0 55 51
2076 12 742 500 -24 6 0 51 51
2077 12 742 500 24 -6 0 51 51
2078 8 500 0 -6 -12851 1 60 0
2079 8 903 0 -24 -12851 1 55 0
2080 8 609 0 -6 -12851 1 55 0
2081 8 742 0 -24 -12851 1 60 0
2082 8 903 0 6 -12851 0 60 0
2083 12 742 500 24 -6 0 51 51
2084 8 903 0 24 -12851 1 55 0
2085 12 609 742 -24 6 0 51 51
2086 12 742 1100 -24 6 0 55 51
2087 12 1100 742 24 -6 0 51 51
2088 12 742 903 -24 6 0 51 55
2089 12 742 903 24 -6 0 51 55
2090 12 742 609 -24 6 1 55 55
2091 8 609 0 -24 -12851 1 55 0
2092 8 742 0 6 -12851 0 60 0
2093 8 609 0 -24 -12851 1 55 0
2094 8 742 0 24 -12851 0 55 0
2095 8 1100 0 6 -12851 1 60 0
2096 12 742 1100 -24 6 0 51 55
2097 12 742 903 -24 6 0 55 51
2098 8 1100 0 -6 -12851 0 55 0
2099 8 1100 0 -24 -12851 0 60 0
2100 8 500 0 6 -12851 0 60 0
2101 12 742 1100 24 -6 1 51 51
2102 12 742 903 24 -6 0 51 55
2103 8 500 0 24 -12851 0 55 0
2104 8 742 0 -24 -12851 0 60 0
2105 8 742 0 -6 -12851 1 60 0
2106 12 903 742 -24 6 1 55 55
2107 8 742 0 6 -12851 0 55 0
2108 12 609 742 24 -6 0 55 55
2109 12 1100 742 -24 6 1 51 55
2110 8 500 0 24 -12851 1 55 0
2111 12 742 500 24 -6 0 51 51
2112 12 742 1100 -24 6 0 51 55
2113 8 903 0 -6 -12851 0 60 0
2114 8 903 0 -24 -12851 0 60 0
2115 8 500 0 24 -12851 0 60 0
2116 12 742 1100 24 -6 0 51 51
2117 12 742 500 24 -6 1 51 55
2118 12 742 1100 24 -6 0 51 55
2119 12 742 609 -24 6 0 51 55
2120 12 742 1100 -24 6 0 55 51
2121 12 609 742 24 -6 0 55 55
2122 8 903 0 -24 -12851 0 55 0
2123 12 742 903 -24 6 0 55 51
2124 8 609 0 -6 -12851 0 55 0
2125 8 609 0 -24 -12851 0 60 0
2126 8 1100 0 -24 -12851 1 60 0
2127 12 609 742 24 -6 0 55 51
2128 8 609 0 -24 -12851 0 55 0
2129 12 500 742 24 -6 0 55 51
2130 12 903 742 24 -6 0 51 55
2131 12 609 742 24 -6 0 51 51
2132 12 742 609 -24 6 0 51 55
2133 12 903 742 -24 6 0 55 51
2134 12 1100 742 -24 6 0 51 51
2135 12 903 742 -24 6 0 55 55
2136 8 1100 0 6 -12851 0 55 0
2137 12 1100 742 24 -6 0 55 55
2138 8 1100 0 -6 -12851 1 60 0
2139 12 1100 742 -24 6 0 51 55
2140 8 609 0 6 -12851 0 60 0
2141 12 500 742 24 -6 0 51 51
2142 8 609 0 24 -12851 0 55 0
2143 12 742 903 -24 6 0 55 55
2144 8 903 0 6 -12851 0 60 0
2145 8 903 0 -6 -12851 0 55 0
2146 8 1100 0 -24 -12851 0 55 0
2147 8 903 0 -6 -12851 0 55 0
2148 8 609 0 24 -12851 0 60 0
2149 8 500 0 24 -12851 0 60 0
2150 12 1100 742 -24 6 0 51 51
2151 12 903 742 24 -6 0 51 51
2152 8 1100 0 24 -12851 0 60 0
2153 8 500 0 -24 -12851 0 60 0
2154 12 742 609 24 -6 0 51 51
2155 8 609 0 6 -12851 0 55 0
2156 8 500 0 -24 -12851 0 60 0
2157 8 1100 0 -24 -12851 0 55 0
2158 12 903 742 24 -6 0 55 55
2159 12 742 1100 24 -6 0 51 51
2160 8 742 0 -24 -12851 0 60 0
2161 12 742 903 -24 6 0 55 55
2162 8 742 0 -6 -12851 0 55 0
2163 8 742 0 24 -12851 0 55 0
2164 12 903 742 24 -6 0 51 51
2165 8 1100 0 6 -12851 0 60 0
2166 12 609 742 24 -6 0 51 51
2167 8 1100 0 -6 -12851 0 60 0
2168 8 1100 0 -24 -12851 0 55 0
2169 8 500 0 24 -12851 0 60 0
2170 12 903 742 24 -6 0 51 55
2171 12 609 742 -24 6 0 51 51
2172 8 1100 0 -6 -12851 0 55 0
2173 12 742 609 -24 6 0 55 51
2174 12 1100 742 24 -6 0 55 51
2175 12 903 742 -24 6 0 55 55
2176 8 742 0 -24 -12851 0 55 0
2177 8 609 0 -6 -12851 0 60 0
2178 12 903 742 -24 6 0 51 51
2179 12 903 742 24 -6 0 51 51
2180 12 500 742 24 -6 0 55 51
2181 12 1100 742 -24 6 0 55 55
2182 8 903 0 -24 -12851 0 55 0
2183 12 742 1100 24 -6 0 55 55
2184 12 609 742 -24 6 0 51 51
2185 8 500 0 6 -12851 0 55 0
2186 12 742 500 24 -6 0 51 51
2187 8 609 0 6 -12851 0 60 0
2188 8 742 0 -6 -12851 0 55 0
2189 8 609 0 24 -12851 0 60 0
2190 12 742 500 -24 6 0 55 55
2191 12 609 742 -24 6 0 51 55
2192 12 1100 742 24 -6 0 55 55
2193 12 742 903 -24 6 0 55 55
2194 8 500 0 -6 -12851 0 55 0
2195 8 742 0 6 -12851 0 60 0
2196 12 609 742 24 -6 0 55 55
2197 12 742 1100 24 -6 0 51 51
2198 8 903 0 6 -12851 0 60 0
2199 8 903 0 -6 -12851 0 55 0
2200 8 500 0 6 -12851 0 55 0
2201 8 500 0 -6 -12851 0 55 0
2202 12 500 742 24 -6 0 55 51
2203 8 500 0 24 -12851 0 55 0
2204 12 1100 742 -24 6 0 51 55
2205 12 1100 742 -24 6 0 51 51
2206 12 742 500 24 -6 0 51 55
2207 8 903 0 -24 -12851 0 60 0
2208 8 903 0 -6 -12851 0 55 0
2209 12 742 1100 -24 6 0 51 55
2210 12 742 500 -24 6 0 51 55
2211 12 609 742 24 -6 0 51 55
2212 8 903 0 24 -12851 0 60 0
2213 8 1100 0 -6 -12851 0 60 0
2214 8 742 0 -24 -12851 0 55 0
2215 8 1100 0 -24 -12851 0 60 0
2216 12 1100 742 24 -6 0 51 55
2217 8 500 0 -6 -12851 0 60 0
2218 8 609 0 24 -12851 0 60 0
2219 12 742 500 24 -6 0 55 55
2220 12 742 609 -24 6 0 51 55
2221 8 742 0 6 -12851 0 55 0
2222 12 742 609 -24 6 0 55 55
2223 12 742 1100 -24 6 0 55 51
2224 8 609 0 6 -12851 0 55 0
2225 12 609 742 -24 6 0 55 51
2226 8 742 0 -24 -12851 0 55 0
2227 8 609 0 -6 -12851 0 60 0
2228 8 1100 0 -6 -12851 0 55 0
2229 8 903 0 6 -12851 0 55 0
2230 12 742 500 -24 6 0 51 51
2231 8 903 0 24 -12851 0 55 0
2232 8 742 0 6 -12851 0 60 0
2233 12 742 500 24 -6 0 51 55
2234 12 500 742 24 -6 0 55 55
2235 8 903 0 6 -12851 0 55 0
2236 12 1100 742 -24 6 0 55 55
2237 8 742 0 24 -12851 0 55 0
2238 12 1100 742 -24 6 0 51 51
2239 8 903 0 -6 -12851 0 60 0
2240 12 609 742 -24 6 0 55 51
2241 12 903 742 -24 6 0 51 51
2242 8 609 0 24 -12851 0 60 0
2243 8 609 0 -24 -12851 0 60 0
2244 8 1100 0 -6 -12851 0 60 0
2245 12 609 742 -24 6 0 51 51
2246 12 742 903 24 -6 0 51 55
2247 8 500 0 -6 -12851 0 55 0
2248 8 742 0 24 -12851 0 60 0
2249 8 500 0 -6 -12851 0 55 0
2250 12 1100 742 24 -6 0 51 51
2251 8 609 0 -6 -12851 0 55 0
2252 12 903 742 24 -6 0 55 55
2253 8 1100 0 6 -12851 0 55 0
2254 8 500 0 -6 -12851 0 60 0
2255 12 609 742 -24 6 0 55 51
2256 12 500 742 24 -6 0 51 51
2257 8 1100 0 24 -12851 0 60 0
2258 8 742 0 24 -12851 0 55 0
2259 12 742 609 -24 6 0 55 51
2260 8 742 0 -24 -12851 0 60 0
2261 8 500 0 24 -12851 0 60 0
2262 12 742 500 -24 6 0 55 51
2263 12 742 500 24 -6 0 51 55
2264 12 742 609 -24 6 0 51 55
2265 8 903 0 -6 -12851 0 60 0
2266 8 609 0 6 -12851 0 60 0
2267 12 1100 742 24 -6 0 55 51
2268 12 742 1100 24 -6 0 55 51
2269 8 609 0 24 -12851 0 60 0
2270 8 609 0 -24 -12851 0 60 0
2271 12 742 609 -24 6 0 55 51
2272 8 500 0 6 -12851 0 60 0
2273 8 903 0 6 -12851 0 55 0
2274 12 742 500 -24 6 0 55 55
2275 8 1100 0 6 -12851 0 55 0
2276 12 903 742 24 -6 0 55 55
2277 8 742 0 -6 -12851 0 55 0
2278 8 742 0 24 -12851 0 55 0
2279 8 1100 0 -6 -12851 0 60 0
2280 12 500 742 24 -6 0 55 51
2281 8 903 0 -24 -12851 0 55 0
2282 12 500 742 -24 6 0 51 51
2283 12 609 742 -24 6 0 55 51
2284 12 1100 742 24 -6 0 51 51
2285 12 742 609 -24 6 0 55 55
