711 8 903 0 6 -12851 0 55 0
712 12 742 1100 -24 6 0 55 51
713 12 742 609 24 -6 0 55 55
714 12 609 742 24 -6 0 51 51
715 8 903 0 -6 -12851 1 60 0
716 12 903 742 24 -6 1 55 55
717 12 1100 742 -24 6 0 55 55
718 8 903 0 6 -12851 0 60 0
719 8 1100 0 6 -12851 0 55 0
720 12 903 742 -24 6 1 51 55
721 8 609 0 24 -12851 1 55 0
722 12 742 903 -24 6 1 55 51
723 8 609 0 -24 -12851 1 60 0
724 12 500 742 -24 6 1 51 55
725 12 903 742 24 -6 0 55 55
726 8 903 0 24 -12851 1 60 0
727 8 742 0 -6 -12851 1 60 0
728 12 500 742 -24 6 0 55 55
729 12 742 609 24 -6 1 51 51
730 12 742 500 -24 6 1 55 55
731 12 742 1100 -24 6 1 51 55
732 12 609 742 24 -6 0 55 51
733 12 742 609 24 -6 1 51 51
734 8 1100 0 -24 -12851 1 55 0
735 12 903 742 -24 6 0 55 51
736 8 609 0 -6 -12851 0 60 0
737 12 742 903 24 -6 0 55 51
738 12 500 742 -24 6 1 51 51
739 12 742 609 -24 6 0 55 55
740 12 742 1100 24 -6 1 51 51
741 12 500 742 -24 6 1 55 51
742 12 500 742 24 -6 1 51 55
743 12 742 903 24 -6 0 51 51
744 8 903 0 6 -12851 1 55 0
745 8 500 0 -24 -12851 1 55 0
746 12 1100 742 -24 6 1 55 55
747 8 1100 0 6 -12851 1 55 0
748 8 903 0 24 -12851 0 55 0
749 8 609 0 6 -12851 0 60 0
750 12 903 742 24 -6 1 55 51
751 8 1100 0 6 -12851 0 55 0
752 12 609 742 -24 6 0 55 51
753 8 742 0 6 -12851 0 60 0
754 8 500 0 -6 -12851 1 60 0
755 12 500 742 24 -6 1 51 51
756 8 500 0 24 -12851 1 55 0
757 8 742 0 24 -12851 0 60 0
758 12 903 742 24 -6 1 51 55
759 8 1100 0 -24 -12851 1 55 0
760 8 1100 0 24 -12851 1 60 0
761 8 609 0 -6 -12851 1 55 0
762 12 742 1100 24 -6 1 55 55
763 12 903 742 24 -6 1 51 55
764 12 742 1100 24 -6 0 51 55
765 8 609 0 -24 -12851 1 60 0
766 8 742 0 6 -12851 1 60 0
767 8 1100 0 -6 -12851 0 55 0
768 12 742 903 24 -6 1 55 51
769 8 742 0 6 -12851 1 55 0
770 12 742 500 24 -6 1 55 51
771 8 500 0 -6 -12851 0 60 0
772 12 1100 742 24 -6 0 51 51
773 12 742 500 24 -6 1 51 55
774 12 742 609 24 -6 1 55 55
775 8 609 0 -24 -12851 1 55 0
776 8 500 0 24 -12851 1 60 0
777 12 609 742 24 -6 0 51 51
778 8 903 0 6 -12851 0 60 0
779 12 500 742 -24 6 1 51 51
780 8 903 0 -6 -12851 0 60 0
781 8 903 0 24 -12851 1 55 0
782 12 609 742 24 -6 1 51 51
783 12 742 609 -24 6 1 51 51
784 8 1100 0 6 -12851 1 60 0
785 8 742 0 -24 -12851 1 60 0
786 8 500 0 -6 -12851 0 55 0
787 8 609 0 6 -12851 0 55 0
788 12 742 500 24 -6 0 55 55
789 12 903 742 24 -6 0 55 51
790 12 742 500 24 -6 0 51 51
791 12 609 742 24 -6 1 55 55
792 8 609 0 -6 -12851 1 55 0
793 8 1100 0 6 -12851 0 60 0
794 8 903 0 6 -12851 1 55 0
795 12 742 609 24 -6 0 55 51
796 12 742 1100 24 -6 0 51 55
797 8 500 0 -6 -12851 1 60 0
798 8 500 0 -24 -12851 1 60 0
799 8 1100 0 24 -12851 1 60 0
800 8 609 0 24 -12851 1 55 0
801 12 1100 742 24 -6 1 55 55
802 8 1100 0 -6 -12851 0 60 0
803 12 742 500 24 -6 1 51 51
804 8 609 0 6 -12851 0 60 0
805 12 742 1100 24 -6 0 55 55
806 8 742 0 -24 -12851 1 60 0
807 12 742 609 24 -6 1 55 51
808 12 1100 742 24 -6 1 55 51
809 8 903 0 6 -12851 1 60 0
810 8 500 0 -24 -12851 1 60 0
811 12 742 903 -24 6 1 51 51
812 8 742 0 -6 -12851 0 60 0
813 12 742 903 -24 6 1 51 55
814 12 1100 742 24 -6 1 51 55
815 12 903 742 -24 6 1 55 51
816 12 742 500 24 -6 0 55 55
817 12 1100 742 24 -6 1 51 51
818 8 742 0 24 -12851 0 60 0
819 12 609 742 24 -6 1 55 51
820 8 903 0 -6 -12851 0 55 0
821 12 1100 742 24 -6 0 55 55
822 12 1100 742 24 -6 1 51 55
823 8 500 0 24 -12851 1 60 0
824 8 500 0 6 -12851 1 60 0
825 12 609 742 -24 6 0 55 55
826 12 903 742 -24 6 1 51 51
827 8 500 0 24 -12851 0 55 0
828 12 742 903 -24 6 1 51 51
829 8 609 0 6 -12851 1 60 0
830 8 1100 0 -6 -12851 1 55 0
831 12 1100 742 -24 6 1 55 55
832 8 742 0 -6 -12851 1 60 0
833 12 742 609 24 -6 1 51 51
834 12 500 742 24 -6 0 51 51
835 12 742 1100 24 -6 0 55 51
836 8 500 0 6 -12851 1 55 0
837 12 742 1100 -24 6 0 51 51
838 8 609 0 -24 -12851 0 60 0
839 8 609 0 6 -12851 1 60 0
840 12 500 742 24 -6 1 55 55
841 12 742 500 -24 6 1 51 51
842 12 1100 742 -24 6 1 55 55
843 8 742 0 -6 -12851 1 60 0
844 12 500 742 24 -6 0 51 51
845 12 903 742 24 -6 0 51 51
846 12 742 500 -24 6 0 51 55
847 12 742 1100 24 -6 0 51 51
848 12 742 609 24 -6 1 51 55
849 12 742 500 -24 6 0 55 51
850 12 500 742 -24 6 0 51 51
851 12 742 609 24 -6 0 55 51
852 12 609 742 24 -6 1 55 51
853 12 742 500 24 -6 1 51 55
854 8 742 0 24 -12851 1 60 0
855 12 742 609 -24 6 0 51 51
856 8 1100 0 24 -12851 1 55 0
857 8 1100 0 -6 -12851 1 55 0
858 8 903 0 -24 -12851 1 60 0
859 8 903 0 6 -12851 1 60 0
860 12 742 609 24 -6 1 51 55
861 8 903 0 24 -12851 1 60 0
862 8 1100 0 6 -12851 1 55 0
863 8 1100 0 6 -12851 1 60 0
864 8 742 0 -24 -12851 0 60 0
865 8 1100 0 -6 -12851 0 55 0
866 8 742 0 24 -12851 1 55 0
867 12 500 742 -24 6 1 55 55
868 8 1100 0 6 -12851 1 60 0
869 12 742 609 -24 6 1 51 51
870 8 742 0 -24 -12851 1 55 0
871 8 609 0 24 -12851 1 60 0
872 8 903 0 6 -12851 1 55 0
873 8 903 0 -6 -12851 1 60 0
874 12 1100 742 -24 6 0 55 55
875 12 609 742 24 -6 0 55 51
876 12 903 742 24 -6 1 51 51
877 8 500 0 24 -12851 0 55 0
878 8 500 0 6 -12851 0 55 0
879 12 609 742 -24 6 0 55 51
880 8 500 0 -6 -12851 0 55 0
881 12 742 903 24 -6 0 55 55
882 8 903 0 -24 -12851 1 55 0
883 12 742 1100 -24 6 0 55 55
884 8 609 0 6 -12851 1 60 0
885 8 609 0 -24 -12851 1 55 0
886 8 609 0 -24 -12851 1 60 0
887 12 1100 742 24 -6 1 51 55
888 12 500 742 -24 6 1 55 51
889 8 609 0 -24 -12851 1 60 0
890 8 500 0 -6 -12851 1 60 0
891 12 742 500 24 -6 0 51 51
892 12 742 609 -24 6 0 55 51
893 8 1100 0 24 -12851 1 60 0
894 12 903 742 -24 6 1 55 51
895 12 609 742 -24 6 1 51 55
896 12 609 742 24 -6 0 55 55
897 12 742 500 -24 6 1 51 51
898 8 742 0 24 -12851 1 55 0
899 8 500 0 -6 -12851 0 55 0
900 12 742 500 -24 6 0 55 51
901 12 742 500 -24 6 0 55 55
902 8 1100 0 -24 -12851 0 55 0
903 12 742 903 24 -6 0 55 55
904 12 742 609 -24 6 0 55 51
905 12 500 742 -24 6 0 55 55
906 8 1100 0 24 -12851 1 55 0
907 12 742 500 -24 6 0 51 55
908 12 742 609 24 -6 0 55 51
909 8 609 0 24 -12851 1 55 0
910 12 742 1100 -24 6 0 51 55
911 12 742 609 -24 6 1 51 55
912 8 609 0 24 -12851 1 55 0
913 12 609 742 24 -6 1 51 55
914 12 500 742 24 -6 1 55 55
915 8 500 0 6 -12851 0 60 0
916 12 742 1100 24 -6 0 55 51
917 8 903 0 -6 -12851 1 60 0
918 12 609 742 24 -6 0 51 51
919 12 903 742 24 -6 1 55 55
920 8 903 0 24 -12851 1 60 0
921 8 903 0 6 -12851 0 55 0
922 8 742 0 24 -12851 0 55 0
923 12 742 903 24 -6 1 51 55
924 8 742 0 -24 -12851 1 60 0
925 12 742 903 -24 6 1 55 51
926 12 742 609 24 -6 0 51 51
927 8 609 0 -24 -12851 0 60 0
928 12 742 609 -24 6 1 55 55
929 8 609 0 6 -12851 1 55 0
930 12 609 742 -24 6 1 51 55
931 12 742 609 24 -6 0 51 51
932 8 609 0 6 -12851 0 55 0
933 8 903 0 -6 -12851 0 60 0
934 12 1100 742 -24 6 0 51 55
935 12 903 742 24 -6 0 55 51
936 8 500 0 -6 -12851 0 55 0
937 8 500 0 24 -12851 1 55 0
938 8 500 0 6 -12851 0 60 0
939 12 500 742 24 -6 1 55 51
940 8 1100 0 -24 -12851 1 55 0
941 12 742 1100 -24 6 0 51 55
942 8 742 0 -24 -12851 0 55 0
943 8 609 0 6 -12851 0 55 0
944 12 742 1100 24 -6 0 51 55
945 8 1100 0 6 -12851 0 55 0
946 12 742 903 24 -6 0 51 51
947 8 1100 0 24 -12851 0 60 0
948 12 742 1100 -24 6 0 55 51
949 8 903 0 -24 -12851 0 55 0
950 8 903 0 -24 -12851 0 55 0
951 8 742 0 6 -12851 0 60 0
952 8 742 0 -6 -12851 0 60 0
953 12 903 742 24 -6 0 55 55
954 8 742 0 -6 -12851 0 60 0
955 8 742 0 6 -12851 0 55 0
956 8 742 0 24 -12851 0 55 0
957 8 609 0 6 -12851 0 60 0
958 8 1100 0 6 -12851 0 55 0
959 12 609 742 -24 6 0 55 51
960 12 903 742 24 -6 0 51 55
961 8 903 0 24 -12851 0 55 0
962 12 609 742 -24 6 0 55 51
963 12 1100 742 -24 6 0 55 51
964 8 903 0 6 -12851 0 55 0
965 8 500 0 -24 -12851 0 60 0
966 8 609 0 24 -12851 0 60 0
967 8 500 0 -24 -12851 0 55 0
968 12 742 500 24 -6 0 55 55
969 8 1100 0 6 -12851 0 60 0
970 8 903 0 24 -12851 0 60 0
971 12 1100 742 -24 6 0 51 55
972 12 742 500 24 -6 0 51 51
973 12 742 1100 -24 6 0 55 55
974 12 742 609 -24 6 0 55 55
975 12 609 742 -24 6 0 51 51
976 12 609 742 -24 6 0 51 51
977 8 500 0 -6 -12851 0 60 0
978 8 1100 0 -6 -12851 0 55 0
979 8 742 0 6 -12851 0 55 0
980 12 609 742 24 -6 0 55 55
981 8 609 0 -24 -12851 0 55 0
982 8 500 0 -6 -12851 0 60 0
983 8 500 0 6 -12851 0 55 0
984 12 500 742 24 -6 0 51 51
985 12 742 1100 -24 6 0 51 55
986 8 609 0 -24 -12851 0 55 0
987 8 609 0 6 -12851 0 60 0
988 12 500 742 -24 6 0 51 51
989 8 1100 0 24 -12851 0 60 0
990 12 742 609 24 -6 0 55 55
991 12 742 609 24 -6 0 55 55
992 8 903 0 6 -12851 0 60 0
993 12 500 742 -24 6 0 51 51
994 8 500 0 -6 -12851 0 60 0
995 12 1100 742 24 -6 0 51 55
996 12 1100 742 -24 6 0 55 51
997 12 500 742 -24 6 0 51 51
998 12 742 1100 24 -6 0 55 55
999 8 500 0 6 -12851 0 55 0
1000 8 1100 0 24 -12851 0 55 0
1001 12 742 903 -24 6 0 55 55
1002 12 903 742 24 -6 0 51 51
1003 8 742 0 -6 -12851 0 60 0
1004 8 903 0 24 -12851 0 60 0
1005 12 742 609 -24 6 0 55 55
1006 8 903 0 -6 -12851 0 55 0
1007 12 1100 742 -24 6 0 55 55
1008 12 742 903 -24 6 0 51 51
1009 8 742 0 -24 -12851 0 60 0
1010 8 1100 0 24 -12851 0 55 0
1011 8 742 0 24 -12851 0 55 0
1012 8 609 0 -6 -12851 0 60 0
1013 8 742 0 24 -12851 0 60 0
1014 8 742 0 -24 -12851 0 60 0
1015 8 1100 0 24 -12851 0 55 0
1016 12 500 742 -24 6 0 55 55
1017 8 500 0 -24 -12851 0 60 0
1018 8 1100 0 6 -12851 0 55 0
1019 8 500 0 6 -12851 0 60 0
1020 12 742 500 24 -6 0 55 51
1021 8 500 0 -24 -12851 0 60 0
1022 8 742 0 -6 -12851 0 60 0
1023 8 903 0 -6 -12851 0 60 0
1024 12 500 742 -24 6 0 51 51
1025 12 609 742 -24 6 0 55 55
1026 8 1100 0 24 -12851 0 55 0
1027 12 1100 742 -24 6 0 51 51
1028 8 609 0 6 -12851 0 60 0
1029 12 742 903 24 -6 0 55 55
1030 12 500 742 24 -6 0 55 55
1031 8 742 0 24 -12851 0 60 0
1032 12 742 609 24 -6 0 51 51
1033 12 609 742 24 -6 0 51 55
1034 8 609 0 -24 -12851 0 60 0
1035 12 609 742 -24 6 0 51 51
1036 8 609 0 -24 -12851 0 55 0
1037 12 609 742 24 -6 0 55 55
1038 12 742 500 -24 6 0 55 51
1039 12 742 1100 -24 6 0 55 51
1040 8 903 0 6 -12851 0 60 0
1041 8 903 0 6 -12851 0 55 0
1042 12 1100 742 24 -6 0 51 51
1043 8 500 0 -6 -12851 0 60 0
1044 8 500 0 6 -12851 0 60 0
1045 12 742 903 24 -6 0 51 55
1046 8 742 0 -6 -12851 0 55 0
1047 12 1100 742 -24 6 0 51 55
1048 8 500 0 24 -12851 0 60 0
1049 8 500 0 24 -12851 0 55 0
1050 12 742 609 -24 6 0 55 55
1051 12 742 903 -24 6 0 51 55
1052 8 742 0 6 -12851 0 60 0
1053 12 742 903 -24 6 0 55 55
1054 12 742 903 -24 6 0 55 55
1055 8 609 0 -24 -12851 0 60 0
1056 12 742 609 -24 6 0 55 51
1057 12 1100 742 24 -6 0 51 51
1058 8 609 0 6 -12851 0 55 0
1059 8 609 0 -24 -12851 0 60 0
1060 8 742 0 -6 -12851 0 55 0
1061 8 1100 0 -6 -12851 0 60 0
1062 12 500 742 -24 6 0 55 55
1063 12 742 500 24 -6 0 51 55
1064 12 903 742 -24 6 0 51 55
1065 8 903 0 -6 -12851 0 60 0
1066 12 1100 742 -24 6 0 51 55
1067 8 1100 0 6 -12851 0 60 0
1068 8 1100 0 -6 -12851 0 55 0
1069 8 903 0 -6 -12851 0 55 0
1070 8 903 0 6 -12851 0 55 0
1071 12 609 742 24 -6 0 51 51
1072 8 609 0 24 -12851 0 60 0
1073 12 742 609 24 -6 0 51 51
1074 12 742 1100 24 -6 0 51 55
1075 8 609 0 24 -12851 0 55 0
1076 12 903 742 24 -6 0 55 55
1077 12 742 1100 -24 6 0 51 55
1078 8 742 0 -6 -12851 0 55 0
1079 8 609 0 -24 -12851 0 55 0
1080 8 1100 0 24 -12851 0 55 0
1081 12 742 609 24 -6 0 55 55
1082 8 1100 0 -6 -12851 0 55 0
1083 12 742 903 24 -6 0 55 51
1084 12 500 742 24 -6 0 51 55
1085 12 500 742 -24 6 0 51 55
1086 12 742 903 -24 6 0 51 51
1087 8 742 0 24 -12851 0 60 0
1088 8 609 0 -24 -12851 0 60 0
1089 12 500 742 -24 6 0 55 55
1090 12 609 742 24 -6 0 55 55
1091 8 903 0 -6 -12851 0 60 0
1092 12 742 903 -24 6 0 51 51
1093 8 903 0 6 -12851 0 60 0
1094 8 903 0 -24 -12851 0 60 0
1095 12 1100 742 -24 6 0 55 55
1096 12 742 609 24 -6 0 51 51
1097 8 742 0 -6 -12851 0 60 0
1098 12 742 1100 -24 6 0 51 55
1099 12 742 1100 24 -6 0 51 51
1100 8 1100 0 -24 -12851 0 55 0
1101 12 742 609 -24 6 0 51 51
1102 8 500 0 24 -12851 0 55 0
1103 8 500 0 24 -12851 0 60 0
1104 8 500 0 -6 -12851 0 55 0
1105 8 903 0 -6 -12851 0 55 0
1106 8 903 0 6 -12851 0 60 0
1107 12 1100 742 -24 6 0 55 51
1108 8 903 0 -6 -12851 0 60 0
1109 8 500 0 6 -12851 0 55 0
1110 8 742 0 -6 -12851 0 55 0
1111 8 1100 0 24 -12851 0 60 0
1112 8 1100 0 24 -12851 0 55 0
1113 8 742 0 6 -12851 0 60 0
1114 8 903 0 6 -12851 0 55 0
1115 8 609 0 6 -12851 0 55 0
1116 8 1100 0 24 -12851 0 60 0
1117 12 1100 742 -24 6 0 51 51
1118 12 903 742 24 -6 0 55 55
1119 12 742 500 24 -6 0 51 55
1120 8 609 0 -24 -12851 0 55 0
1121 12 903 742 -24 6 0 55 55
1122 8 500 0 6 -12851 0 60 0
1123 12 903 742 -24 6 0 51 51
1124 12 609 742 -24 6 0 55 55
1125 12 742 903 24 -6 0 55 55
1126 12 903 742 -24 6 0 51 51
1127 8 742 0 24 -12851 0 55 0
1128 12 500 742 -24 6 0 51 55
1129 12 500 742 -24 6 0 51 55
1130 12 742 500 -24 6 0 55 55
1131 8 500 0 6 -12851 0 55 0
1132 8 609 0 24 -12851 0 60 0
1133 8 609 0 24 -12851 0 60 0
1134 12 500 742 24 -6 0 51 51
1135 8 609 0 -24 -12851 0 55 0
1136 8 903 0 24 -12851 0 60 0
1137 8 742 0 -6 -12851 0 60 0
1138 8 1100 0 24 -12851 0 55 0
1139 8 609 0 24 -12851 0 55 0
1140 12 903 742 24 -6 0 51 51
1141 12 1100 742 24 -6 0 51 55
1142 8 903 0 6 -12851 0 60 0
1143 12 742 1100 24 -6 0 55 55
1144 12 742 1100 24 -6 0 55 51
1145 8 500 0 24 -12851 0 60 0
1146 8 1100 0 -24 -12851 0 60 0
1147 8 903 0 -6 -12851 0 55 0
1148 8 609 0 -6 -12851 0 60 0
1149 12 903 742 -24 6 0 51 55
1150 8 1100 0 6 -12851 0 55 0
1151 12 742 903 -24 6 0 51 55
1152 8 742 0 -24 -12851 0 60 0
1153 12 742 500 -24 6 0 55 51
1154 12 742 1100 24 -6 0 51 51
1155 12 742 1100 -24 6 0 51 51
1156 12 609 742 24 -6 0 55 55
1157 8 500 0 6 -12851 0 60 0
1158 12 1100 742 24 -6 0 55 55
1159 12 903 742 24 -6 0 51 51
1160 12 500 742 -24 6 0 51 51
1161 12 742 903 24 -6 0 51 55
1162 12 903 742 24 -6 0 51 55
1163 8 500 0 -24 -12851 0 60 0
1164 8 742 0 -6 -12851 0 60 0
1165 12 742 1100 24 -6 0 51 51
1166 12 1100 742 -24 6 0 55 51
1167 12 903 742 24 -6 0 55 55
1168 12 742 500 24 -6 0 55 55
1169 8 903 0 -6 -12851 0 60 0
1170 8 903 0 -24 -12851 0 55 0
1171 8 609 0 -6 -12851 0 55 0
1172 8 500 0 6 -12851 0 60 0
1173 12 1100 742 -24 6 0 55 51
1174 8 903 0 24 -12851 0 55 0
1175 8 742 0 -24 -12851 0 55 0
1176 12 609 742 24 -6 0 51 51
1177 12 742 500 -24 6 0 51 55
1178 12 742 609 -24 6 0 55 55
1179 12 742 1100 24 -6 0 51 51
1180 12 500 742 -24 6 0 51 51
1181 8 500 0 -24 -12851 0 55 0
1182 12 903 742 24 -6 0 51 51
1183 8 500 0 -6 -12851 0 55 0
1184 12 742 609 24 -6 0 51 55
1185 12 609 742 24 -6 0 51 51
1186 8 903 0 -6 -12851 0 55 0
1187 12 903 742 24 -6 0 55 55
1188 12 742 1100 -24 6 0 55 51
1189 8 609 0 24 -12851 0 60 0
1190 8 609 0 -6 -12851 0 60 0
1191 12 609 742 -24 6 0 55 51
1192 12 742 1100 -24 6 0 51 51
1193 8 742 0 -24 -12851 0 60 0
1194 8 1100 0 24 -12851 0 60 0
1195 8 1100 0 24 -12851 0 55 0
1196 8 1100 0 -24 -12851 0 55 0
1197 12 742 500 -24 6 0 51 51
1198 8 742 0 -6 -12851 0 55 0
1199 12 500 742 -24 6 0 55 55
1200 12 609 742 24 -6 0 55 55
1201 8 903 0 24 -12851 0 55 0
1202 8 903 0 6 -12851 0 60 0
1203 8 903 0 -24 -12851 0 60 0
1204 8 903 0 6 -12851 0 60 0
1205 8 1100 0 6 -12851 0 55 0
1206 8 1100 0 -6 -12851 0 60 0
1207 12 742 1100 -24 6 0 55 55
1208 8 609 0 -24 -12851 0 60 0
1209 8 742 0 24 -12851 0 60 0
1210 8 1100 0 -6 -12851 0 60 0
1211 12 742 1100 24 -6 0 51 55
1212 8 500 0 6 -12851 0 55 0
1213 12 742 609 -24 6 0 51 55
1214 8 742 0 -6 -12851 0 55 0
1215 12 500 742 24 -6 0 55 51
1216 12 742 1100 -24 6 0 55 51
1217 12 742 500 24 -6 0 51 55
1218 8 609 0 6 -12851 0 60 0
1219 8 500 0 24 -12851 0 60 0
1220 12 742 609 -24 6 0 55 55
1221 12 609 742 -24 6 0 55 55
1222 12 742 500 -24 6 0 55 51
1223 12 903 742 -24 6 0 55 55
1224 8 500 0 6 -12851 0 55 0
1225 8 742 0 24 -12851 0 55 0
1226 8 609 0 6 -12851 0 60 0
1227 12 609 742 -24 6 0 51 55
1228 8 742 0 6 -12851 0 60 0
1229 12 742 609 24 -6 0 51 55
1230 12 742 903 24 -6 0 51 51
1231 8 742 0 24 -12851 0 55 0
1232 8 609 0 6 -12851 0 60 0
1233 8 903 0 24 -12851 0 55 0
1234 12 903 742 24 -6 0 55 51
1235 12 742 609 24 -6 0 55 55
1236 8 742 0 -6 -12851 0 55 0
1237 12 742 1100 -24 6 0 51 51
1238 8 903 0 6 -12851 0 55 0
1239 12 742 903 -24 6 0 51 51
1240 8 1100 0 -6 -12851 0 55 0
1241 8 1100 0 24 -12851 0 60 0
1242 8 500 0 6 -12851 0 55 0
1243 12 903 742 24 -6 0 51 51
1244 12 500 742 -24 6 0 55 55
1245 8 500 0 6 -12851 0 55 0
1246 8 500 0 -6 -12851 0 55 0
1247 12 500 742 -24 6 0 51 51
1248 8 742 0 6 -12851 0 55 0
1249 8 903 0 24 -12851 0 55 0
1250 8 609 0 6 -12851 0 55 0
1251 12 500 742 24 -6 0 55 55
1252 8 609 0 6 -12851 0 60 0
1253 8 1100 0 24 -12851 0 60 0
1254 12 742 609 -24 6 0 55 51
1255 12 903 742 24 -6 0 51 51
1256 8 903 0 24 -12851 0 60 0
1257 12 742 1100 -24 6 0 51 51
1258 12 500 742 24 -6 0 51 51
1259 8 903 0 -6 -12851 0 55 0
1260 8 1100 0 6 -12851 0 55 0
1261 8 742 0 6 -12851 0 55 0
1262 12 609 742 -24 6 0 55 55
1263 12 1100 742 24 -6 0 51 51
1264 8 1100 0 6 -12851 0 60 0
1265 12 742 500 -24 6 0 55 55
1266 12 742 903 24 -6 0 51 51
1267 12 742 500 -24 6 0 51 55
1268 12 742 500 24 -6 0 55 51
1269 8 609 0 6 -12851 0 60 0
1270 8 742 0 -24 -12851 0 55 0
1271 12 742 1100 24 -6 0 55 55
1272 8 609 0 6 -12851 0 60 0
1273 12 903 742 24 -6 0 51 51
1274 8 500 0 -24 -12851 0 55 0
1275 8 1100 0 24 -12851 0 55 0
1276 12 742 500 -24 6 0 51 51
1277 12 742 1100 -24 6 0 55 51
1278 8 903 0 -24 -12851 0 55 0
1279 12 609 742 -24 6 0 51 51
1280 12 903 742 -24 6 0 51 55
1281 8 609 0 6 -12851 0 55 0
1282 8 742 0 6 -12851 0 60 0
1283 12 609 742 -24 6 0 55 51
1284 8 500 0 6 -12851 0 55 0
1285 8 500 0 -6 -12851 0 60 0
1286 12 742 500 24 -6 0 51 51
1287 8 903 0 -6 -12851 0 60 0
1288 12 742 500 24 -6 0 55 51
1289 8 1100 0 -24 -12851 0 60 0
1290 12 903 742 24 -6 0 51 55
1291 8 1100 0 6 -12851 0 60 0
1292 8 903 0 -6 -12851 0 55 0
1293 12 742 903 -24 6 0 55 55
1294 8 742 0 24 -12851 0 55 0
1295 8 1100 0 6 -12851 0 55 0
1296 12 609 742 -24 6 0 51 55
1297 8 500 0 6 -12851 0 60 0
1298 12 742 500 24 -6 0 55 55
1299 8 1100 0 -24 -12851 0 60 0
1300 12 742 609 24 -6 0 51 55
1301 8 609 0 6 -12851 0 60 0
1302 8 903 0 -24 -12851 0 60 0
1303 12 903 742 24 -6 0 51 55
1304 8 500 0 -6 -12851 0 55 0
1305 12 742 1100 24 -6 0 51 55
1306 8 742 0 24 -12851 0 60 0
1307 8 500 0 6 -12851 0 60 0
1308 12 1100 742 24 -6 0 51 55
1309 12 609 742 24 -6 0 51 51
1310 8 742 0 -6 -12851 0 60 0
1311 12 903 742 24 -6 0 55 55
1312 8 609 0 6 -12851 0 60 0
1313 12 742 1100 24 -6 0 55 55
1314 12 500 742 -24 6 0 55 55
1315 8 903 0 -6 -12851 0 55 0
1316 12 742 1100 24 -6 0 51 51
1317 8 609 0 -24 -12851 0 55 0
1318 8 1100 0 24 -12851 0 60 0
1319 12 1100 742 24 -6 0 51 55
1320 12 609 742 24 -6 0 55 55
1321 8 1100 0 -6 -12851 0 55 0
1322 12 742 500 24 -6 0 55 55
1323 8 500 0 -6 -12851 0 60 0
1324 8 609 0 -24 -12851 0 60 0
1325 8 1100 0 -24 -12851 0 55 0
1326 12 903 742 -24 6 0 55 51
1327 12 500 742 -24 6 0 51 55
1328 12 742 1100 24 -6 0 55 55
1329 12 500 742 -24 6 0 55 51
1330 8 500 0 -6 -12851 0 60 0
1331 8 1100 0 -6 -12851 0 60 0
1332 12 500 742 -24 6 0 51 51
1333 8 500 0 -6 -12851 0 60 0
1334 12 742 903 -24 6 0 55 55
1335 12 742 903 24 -6 0 51 51
1336 12 1100 742 -24 6 0 55 55
1337 8 903 0 -24 -12851 0 55 0
1338 12 609 742 -24 6 0 51 51
1339 8 903 0 6 -12851 0 55 0
1340 12 742 500 24 -6 0 51 51
1341 8 609 0 -24 -12851 0 60 0
1342 12 742 500 24 -6 0 55 51
1343 8 903 0 6 -12851 0 60 0
1344 12 742 609 24 -6 0 55 55
1345 8 609 0 6 -12851 0 55 0
1346 12 1100 742 24 -6 0 55 51
1347 8 742 0 6 -12851 0 55 0
1348 8 742 0 6 -12851 0 60 0
1349 8 742 0 6 -12851 0 55 0
1350 12 742 609 -24 6 0 51 51
1351 8 903 0 24 -12851 0 55 0
1352 12 903 742 -24 6 0 55 51
1353 12 742 609 -24 6 0 51 51
1354 8 903 0 6 -12851 0 55 0
1355 12 742 500 24 -6 0 55 55
1356 12 1100 742 -24 6 0 51 51
1357 12 742 500 -24 6 0 51 55
1358 12 1100 742 -24 6 0 51 51
1359 12 742 903 -24 6 0 51 51
1360 12 903 742 -24 6 0 51 51
1361 8 903 0 6 -12851 0 60 0
1362 8 903 0 24 -12851 0 60 0
1363 8 1100 0 -24 -12851 0 55 0
1364 12 500 742 24 -6 0 55 51
1365 8 1100 0 -6 -12851 0 60 0
1366 8 609 0 6 -12851 0 60 0
1367 12 742 609 24 -6 0 51 51
1368 12 903 742 24 -6 0 55 55
1369 12 903 742 24 -6 0 51 51
1370 8 742 0 6 -12851 0 60 0
1371 8 1100 0 6 -12851 0 55 0
1372 12 742 1100 24 -6 0 51 55
1373 8 500 0 6 -12851 0 55 0
1374 8 742 0 -6 -12851 0 60 0
1375 12 742 1100 -24 6 0 51 51
1376 8 609 0 -6 -12851 0 55 0
1377 8 500 0 24 -12851 0 60 0
1378 8 500 0 -6 -12851 0 55 0
1379 12 1100 742 24 -6 0 55 51
1380 12 742 609 -24 6 0 51 51
1381 12 609 742 -24 6 0 55 55
1382 8 742 0 24 -12851 0 60 0
1383 12 500 742 24 -6 0 55 51
1384 8 609 0 -24 -12851 0 55 0
1385 12 903 742 -24 6 0 55 51
1386 12 903 742 -24 6 0 51 55
1387 12 742 1100 -24 6 0 55 55
1388 8 609 0 -24 -12851 0 60 0
1389 12 742 903 24 -6 0 55 51
1390 8 609 0 24 -12851 0 55 0
1391 12 742 500 24 -6 0 55 55
1392 12 903 742 -24 6 0 55 55
1393 8 609 0 -6 -12851 0 60 0
1394 12 609 742 24 -6 0 51 51
1395 12 609 742 24 -6 0 55 51
1396 8 903 0 24 -12851 0 55 0
1397 8 500 0 24 -12851 0 60 0
1398 12 742 903 24 -6 0 55 55
1399 8 500 0 -6 -12851 0 60 0
1400 12 1100 742 -24 6 0 51 55
1401 12 742 609 24 -6 0 55 55
1402 12 903 742 24 -6 0 51 51
1403 8 500 0 -6 -12851 0 55 0
1404 12 609 742 -24 6 0 55 55
1405 12 742 903 -24 6 0 51 55
1406 12 742 609 24 -6 0 51 51
1407 8 1100 0 -24 -12851 0 55 0
1408 12 903 742 -24 6 0 51 51
1409 12 1100 742 -24 6 0 55 51
1410 12 742 1100 -24 6 0 55 55
1411 8 742 0 -24 -12851 0 60 0
1412 8 609 0 6 -12851 0 55 0
1413 12 742 500 -24 6 0 51 55
1414 12 742 609 -24 6 0 55 51
1415 12 1100 742 -24 6 0 55 51
1416 8 1100 0 6 -12851 0 60 0
1417 8 1100 0 -6 -12851 0 60 0
1418 12 742 1100 24 -6 0 55 51
1419 8 903 0 -6 -12851 0 55 0
1420 8 903 0 6 -12851 0 55 0
1421 8 742 0 24 -12851 0 60 0
1422 8 742 0 -6 -12851 0 55 0
1423 8 903 0 24 -12851 0 55 0
1424 12 903 742 -24 6 0 51 51
1425 12 500 742 24 -6 0 51 55
1426 12 1100 742 24 -6 0 55 51
1427 8 903 0 -24 -12851 0 60 0
1428 12 903 742 24 -6 0 51 51
1429 8 903 0 -6 -12851 0 60 0
1430 8 609 0 24 -12851 0 55 0
1431 8 742 0 -24 -12851 0 60 0
1432 12 742 903 24 -6 0 51 51
1433 12 1100 742 -24 6 0 51 55
1434 8 609 0 -24 -12851 0 55 0
1435 8 609 0 6 -12851 0 60 0
1436 12 609 742 24 -6 0 51 51
1437 12 609 742 -24 6 0 55 51
1438 12 500 742 24 -6 0 55 51
1439 12 742 609 24 -6 0 51 55
1440 8 742 0 6 -12851 0 55 0
1441 12 742 1100 24 -6 0 51 51
1442 8 500 0 6 -12851 0 55 0
1443 8 903 0 -24 -12851 0 55 0
1444 12 903 742 -24 6 0 51 51
1445 8 1100 0 6 -12851 0 60 0
1446 8 742 0 -6 -12851 0 60 0
1447 8 500 0 6 -12851 0 60 0
1448 8 500 0 24 -12851 0 55 0
1449 8 1100 0 6 -12851 0 60 0
1450 8 1100 0 24 -12851 0 55 0
1451 12 903 742 -24 6 0 55 55
1452 8 742 0 -24 -12851 0 60 0
1453 12 742 609 -24 6 0 51 55
1454 12 500 742 -24 6 0 55 55
1455 12 742 500 -24 6 0 51 51
1456 8 742 0 -6 -12851 0 55 0
1457 12 609 742 -24 6 0 51 55
1458 12 742 903 -24 6 0 51 51
1459 8 500 0 24 -12851 0 60 0
1460 12 903 742 24 -6 0 55 55
1461 8 1100 0 6 -12851 0 60 0
1462 12 742 609 -24 6 0 55 51
1463 12 742 1100 -24 6 0 51 55
1464 8 742 0 -24 -12851 0 55 0
1465 8 1100 0 -6 -12851 0 55 0
1466 12 500 742 -24 6 0 51 51
1467 8 500 0 6 -12851 0 55 0
1468 8 1100 0 -24 -12851 0 60 0
1469 8 903 0 6 -12851 0 55 0
1470 12 742 500 -24 6 0 55 51
1471 12 903 742 24 -6 0 55 55
1472 12 1100 742 24 -6 0 55 51
1473 12 1100 742 24 -6 0 55 51
1474 12 742 1100 -24 6 0 55 55
1475 8 500 0 -6 -12851 0 60 0
1476 8 609 0 -24 -12851 0 60 0
1477 8 742 0 24 -12851 0 60 0
1478 8 609 0 -6 -12851 0 55 0
1479 8 609 0 -24 -12851 0 55 0
1480 8 903 0 6 -12851 0 55 0
1481 8 903 0 -6 -12851 0 60 0
1482 8 609 0 -6 -12851 0 60 0
1483 12 742 500 -24 6 0 51 51
1484 8 609 0 6 -12851 0 60 0
1485 12 742 903 24 -6 0 51 55
1486 8 742 0 -24 -12851 0 60 0
1487 8 1100 0 -24 -12851 0 55 0
1488 8 903 0 6 -12851 0 60 0
1489 12 1100 742 -24 6 0 51 55
1490 8 1100 0 -24 -12851 0 60 0
1491 12 609 742 24 -6 0 55 55
1492 8 903 0 6 -12851 0 60 0
1493 8 903 0 24 -12851 0 55 0
1494 12 742 903 24 -6 0 51 55
1495 8 500 0 24 -12851 0 55 0
1496 12 500 742 24 -6 0 51 51
1497 12 609 742 24 -6 0 55 55
1498 8 1100 0 6 -12851 0 60 0
1499 8 609 0 24 -12851 0 55 0
1500 8 500 0 -24 -12851 0 60 0
1501 12 742 609 24 -6 0 55 55
1502 8 742 0 -6 -12851 0 60 0
1503 8 609 0 -24 -12851 0 60 0
1504 8 742 0 6 -12851 0 60 0
1505 12 742 609 24 -6 0 51 55
1506 12 742 1100 24 -6 0 51 51
1507 12 742 500 24 -6 0 51 51
1508 8 500 0 -24 -12851 0 60 0
1509 8 1100 0 6 -12851 0 55 0
1510 8 1100 0 -6 -12851 0 55 0
1511 12 742 500 24 -6 0 51 55
1512 8 1100 0 -6 -12851 0 60 0
1513 12 742 500 -24 6 0 51 51
1514 8 500 0 24 -12851 0 60 0
1515 8 500 0 24 -12851 0 60 0
1516 8 1100 0 -24 -12851 0 60 0
1517 12 742 609 24 -6 0 51 51
1518 12 742 1100 24 -6 0 51 55
1519 12 742 500 -24 6 0 51 55
1520 12 1100 742 24 -6 0 51 55
1521 12 1100 742 -24 6 0 51 51
1522 12 500 742 -24 6 0 51 55
1523 8 609 0 6 -12851 0 55 0
1524 8 903 0 -24 -12851 0 60 0
1525 12 742 609 -24 6 0 55 51
1526 8 742 0 -24 -12851 0 60 0
1527 12 903 742 -24 6 0 55 55
1528 12 742 609 -24 6 0 55 55
1529 12 742 1100 -24 6 0 55 51
1530 8 609 0 -24 -12851 0 55 0
1531 12 609 742 24 -6 0 51 55
1532 8 742 0 -6 -12851 0 60 0
1533 12 903 742 24 -6 0 55 51
1534 12 742 609 -24 6 0 55 51
1535 8 609 0 -24 -12851 0 55 0
1536 8 742 0 24 -12851 0 55 0
1537 12 742 1100 -24 6 0 55 55
1538 8 500 0 6 -12851 0 55 0
1539 8 903 0 -24 -12851 0 60 0
1540 8 903 0 -6 -12851 0 55 0
1541 12 742 1100 -24 6 0 51 51
1542 8 742 0 -6 -12851 0 60 0
1543 12 742 903 24 -6 0 51 55
1544 8 742 0 24 -12851 0 55 0
1545 8 500 0 6 -12851 0 60 0
1546 12 500 742 24 -6 0 51 51
1547 12 742 609 24 -6 0 55 55
1548 8 500 0 -24 -12851 0 60 0
1549 8 1100 0 -6 -12851 0 60 0
1550 12 609 742 24 -6 0 55 51
1551 8 1100 0 24 -12851 0 60 0
1552 12 742 609 -24 6 0 51 55
1553 8 609 0 -6 -12851 0 55 0
1554 12 742 609 -24 6 0 51 55
1555 12 742 1100 24 -6 0 55 51
1556 8 903 0 -24 -12851 0 55 0
1557 8 609 0 -6 -12851 0 55 0
1558 12 1100 742 24 -6 0 55 51
1559 8 903 0 -6 -12851 0 60 0
1560 12 742 1100 24 -6 0 51 51
1561 12 609 742 24 -6 0 55 55
1562 8 742 0 -6 -12851 0 60 0
1563 8 500 0 6 -12851 0 60 0
1564 12 1100 742 24 -6 0 55 55
1565 12 742 609 24 -6 0 55 51
1566 8 609 0 24 -12851 0 60 0
1567 12 742 500 -24 6 0 55 55
1568 8 1100 0 24 -12851 0 55 0
1569 8 903 0 24 -12851 0 55 0
1570 8 742 0 6 -12851 0 55 0
1571 12 742 903 -24 6 0 51 51
1572 8 1100 0 -6 -12851 0 55 0
1573 8 1100 0 -24 -12851 0 60 0
1574 12 609 742 -24 6 0 51 51
1575 8 609 0 24 -12851 0 60 0
1576 8 742 0 24 -12851 0 60 0
1577 12 742 500 24 -6 0 51 55
1578 12 1100 742 24 -6 0 51 55
1579 12 903 742 -24 6 0 55 55
1580 8 1100 0 6 -12851 0 60 0
1581 12 742 903 24 -6 0 51 55
1582 12 500 742 24 -6 0 55 55
1583 12 742 609 24 -6 0 55 55
1584 8 500 0 -6 -12851 0 60 0
1585 8 500 0 24 -12851 0 60 0
1586 12 742 609 -24 6 0 51 51
1587 8 609 0 6 -12851 0 55 0
1588 12 742 903 -24 6 0 51 51
1589 8 609 0 24 -12851 0 60 0
1590 12 1100 742 -24 6 0 55 55
1591 12 903 742 -24 6 0 51 51
1592 8 903 0 -24 -12851 0 60 0
1593 8 1100 0 -6 -12851 0 55 0
1594 12 1100 742 -24 6 0 55 55
1595 8 742 0 -24 -12851 0 60 0
1596 12 742 500 -24 6 0 51 55
1597 8 500 0 -6 -12851 0 60 0
1598 12 609 742 24 -6 0 55 51
1599 12 1100 742 -24 6 0 55 51
1600 8 742 0 -24 -12851 0 55 0
1601 8 903 0 -24 -12851 0 60 0
1602 12 742 609 24 -6 0 51 51
1603 8 903 0 -6 -12851 0 60 0
1604 8 903 0 -6 -12851 0 60 0
1605 12 609 742 24 -6 0 51 51
1606 8 903 0 -6 -12851 0 55 0
1607 12 1100 742 24 -6 0 55 55
1608 12 742 609 24 -6 0 51 51
1609 8 1100 0 6 -12851 0 55 0
1610 8 500 0 -24 -12851 0 60 0
1611 8 903 0 -6 -12851 0 60 0
1612 12 742 1100 24 -6 0 51 55
1613 12 742 609 -24 6 0 51 51
1614 12 742 500 24 -6 0 51 55
1615 12 500 742 24 -6 0 55 55
1616 8 1100 0 -6 -12851 0 55 0
1617 8 1100 0 -24 -12851 0 55 0
1618 12 742 500 -24 6 0 55 55
1619 12 903 742 -24 6 0 51 51
1620 12 609 742 24 -6 0 55 55
1621 8 903 0 24 -12851 0 60 0
1622 8 742 0 24 -12851 0 55 0
1623 8 609 0 6 -12851 0 55 0
1624 12 742 500 -24 6 0 55 55
1625 12 742 609 24 -6 0 55 55
1626 8 609 0 -24 -12851 0 55 0
1627 8 609 0 24 -12851 0 60 0
1628 12 742 500 24 -6 0 51 51
1629 12 742 1100 24 -6 0 55 55
1630 8 742 0 6 -12851 0 55 0
1631 8 500 0 -24 -12851 0 60 0
1632 8 742 0 24 -12851 0 60 0
1633 8 500 0 -6 -12851 0 55 0
1634 8 609 0 6 -12851 0 55 0
1635 8 609 0 -6 -12851 0 60 0
1636 8 903 0 -24 -12851 0 60 0
1637 8 500 0 6 -12851 0 55 0
1638 8 609 0 6 -12851 0 60 0
1639 12 742 609 24 -6 0 55 51
1640 8 609 0 -24 -12851 0 60 0
1641 8 1100 0 24 -12851 0 55 0
1642 12 742 609 24 -6 0 51 51
1643 8 1100 0 6 -12851 0 55 0
1644 8 903 0 6 -12851 0 55 0
1645 12 903 742 -24 6 0 55 55
1646 8 500 0 6 -12851 0 55 0
1647 12 1100 742 24 -6 0 51 51
1648 8 1100 0 -6 -12851 0 60 0
1649 8 742 0 24 -12851 0 60 0
1650 12 742 1100 24 -6 0 51 55
1651 8 742 0 -6 -12851 0 60 0
1652 8 742 0 6 -12851 0 60 0
1653 8 903 0 6 -12851 0 60 0
1654 8 500 0 -6 -12851 0 55 0
1655 8 1100 0 6 -12851 0 55 0
1656 12 903 742 24 -6 0 55 51
1657 12 903 742 -24 6 0 55 55
1658 8 1100 0 -6 -12851 0 60 0
1659 12 742 609 -24 6 0 55 55
1660 8 609 0 -24 -12851 0 60 0
1661 12 742 1100 24 -6 0 51 55
1662 8 903 0 -24 -12851 0 55 0
1663 12 742 609 24 -6 0 51 51
1664 12 903 742 24 -6 0 55 55
1665 8 903 0 -24 -12851 0 55 0
1666 8 500 0 24 -12851 0 55 0
1667 8 609 0 6 -12851 0 55 0
1668 8 903 0 -24 -12851 0 60 0
1669 12 500 742 24 -6 0 55 51
1670 8 500 0 -24 -12851 0 60 0
1671 12 742 609 -24 6 0 51 51
1672 12 609 742 24 -6 0 55 55
1673 12 742 903 24 -6 0 51 55
1674 12 903 742 -24 6 0 55 51
1675 8 742 0 -6 -12851 0 60 0
1676 12 1100 742 24 -6 0 51 55
1677 12 1100 742 24 -6 0 55 51
1678 12 1100 742 24 -6 0 55 55
1679 8 500 0 24 -12851 0 55 0
1680 8 609 0 6 -12851 0 60 0
1681 12 742 609 24 -6 0 55 55
1682 8 742 0 -6 -12851 0 55 0
1683 8 1100 0 -24 -12851 0 60 0
1684 8 1100 0 6 -12851 0 55 0
1685 8 742 0 -24 -12851 0 55 0
1686 8 500 0 24 -12851 0 55 0
1687 8 500 0 24 -12851 0 60 0
1688 8 742 0 -6 -12851 0 55 0
1689 8 500 0 -24 -12851 0 60 0
1690 12 903 742 -24 6 0 55 55
1691 12 609 742 24 -6 0 51 51
1692 8 500 0 -24 -12851 0 55 0
1693 12 742 609 24 -6 0 55 55
1694 8 742 0 6 -12851 0 55 0
1695 12 742 1100 24 -6 0 51 51
1696 8 609 0 24 -12851 0 55 0
1697 12 742 500 -24 6 0 55 55
1698 12 742 1100 -24 6 0 51 55
1699 8 609 0 24 -12851 0 60 0
1700 8 609 0 24 -12851 0 55 0
1701 12 609 742 24 -6 0 55 55
1702 8 742 0 -24 -12851 0 55 0
1703 12 903 742 24 -6 0 55 51
1704 12 742 1100 24 -6 0 51 55
1705 8 1100 0 24 -12851 0 60 0
1706 8 903 0 -24 -12851 0 55 0
1707 8 1100 0 -6 -12851 0 60 0
1708 8 1100 0 6 -12851 0 60 0
1709 12 742 609 24 -6 0 55 55
1710 8 903 0 -6 -12851 0 55 0
1711 12 500 742 -24 6 0 51 51
1712 12 903 742 24 -6 0 51 51
1713 8 903 0 6 -12851 0 55 0
1714 8 903 0 24 -12851 0 55 0
1715 12 742 500 24 -6 0 51 55
1716 12 609 742 24 -6 1 51 55
1717 12 742 500 24 -6 1 51 55
1718 8 903 0 24 -12851 0 55 0
1719 12 742 500 -24 6 1 51 51
1720 12 609 742 24 -6 0 55 55
1721 12 742 903 24 -6 0 51 55
1722 8 1100 0 -6 -12851 0 55 0
1723 8 500 0 24 -12851 0 55 0
1724 8 903 0 6 -12851 1 60 0
1725 12 903 742 24 -6 1 51 55
1726 8 1100 0 24 -12851 1 60 0
1727 12 1100 742 24 -6 0 51 51
1728 12 742 1100 24 -6 0 55 55
1729 8 1100 0 6 -12851 0 60 0
1730 8 903 0 -24 -12851 0 60 0
1731 12 742 500 -24 6 0 55 55
1732 12 742 903 -24 6 1 51 55
1733 12 742 1100 -24 6 0 55 51
1734 12 1100 742 24 -6 0 51 55
1735 8 742 0 24 -12851 1 55 0
1736 8 609 0 24 -12851 1 60 0
1737 8 609 0 -24 -12851 0 60 0
1738 8 609 0 24 -12851 1 60 0
1739 8 742 0 24 -12851 1 55 0
1740 12 742 609 24 -6 0 51 51
1741 8 500 0 -24 -12851 1 55 0
1742 8 742 0 6 -12851 1 60 0
1743 12 742 903 24 -6 1 51 55
1744 8 500 0 -6 -12851 0 60 0
1745 12 500 742 -24 6 0 51 51
1746 12 1100 742 24 -6 0 51 51
1747 12 500 742 24 -6 0 51 51
1748 12 742 609 -24 6 0 55 51
1749 8 742 0 24 -12851 0 55 0
1750 12 742 903 24 -6 0 51 55
1751 12 903 742 24 -6 0 55 51
1752 8 742 0 24 -12851 0 55 0
1753 12 903 742 -24 6 1 51 51
1754 8 609 0 -24 -12851 1 55 0
1755 8 903 0 6 -12851 0 55 0
1756 8 742 0 6 -12851 0 55 0
1757 12 609 742 24 -6 1 51 55
1758 8 903 0 24 -12851 1 60 0
1759 12 500 742 24 -6 0 55 55
1760 12 742 903 24 -6 1 51 55
1761 8 1100 0 6 -12851 0 60 0
1762 8 1100 0 -24 -12851 0 60 0
1763 8 500 0 -24 -12851 0 60 0
1764 8 500 0 24 -12851 1 55 0
1765 8 500 0 -24 -12851 0 55 0
1766 8 742 0 -6 -12851 0 55 0
1767 8 903 0 24 -12851 1 55 0
1768 8 609 0 6 -12851 0 60 0
1769 8 609 0 24 -12851 0 55 0
1770 8 1100 0 6 -12851 0 55 0
1771 12 903 742 -24 6 0 51 51
1772 12 742 609 -24 6 0 55 55
1773 8 742 0 -24 -12851 0 60 0
1774 8 742 0 24 -12851 0 55 0
1775 8 742 0 6 -12851 0 60 0
1776 12 500 742 -24 6 0 51 51
1777 8 609 0 -6 -12851 1 60 0
1778 12 903 742 -24 6 0 55 55
1779 12 500 742 24 -6 1 51 51
1780 12 742 609 24 -6 1 51 51
1781 12 903 742 -24 6 1 55 55
1782 12 742 1100 24 -6 1 51 51
1783 12 742 609 -24 6 0 55 51
1784 8 1100 0 -6 -12851 1 55 0
1785 8 903 0 6 -12851 0 60 0
1786 12 500 742 24 -6 0 51 55
1787 12 742 903 24 -6 0 55 55
1788 8 903 0 6 -12851 0 55 0
1789 8 500 0 6 -12851 0 60 0
1790 8 609 0 -6 -12851 1 55 0
1791 12 742 609 24 -6 1 55 55
1792 8 500 0 24 -12851 1 60 0
1793 12 1100 742 -24 6 1 51 51
1794 8 1100 0 -24 -12851 1 55 0
1795 12 609 742 -24 6 0 51 51
1796 12 742 500 24 -6 1 55 51
1797 8 903 0 6 -12851 1 60 0
1798 8 500 0 -24 -12851 0 60 0
1799 8 1100 0 24 -12851 0 55 0
1800 8 742 0 -24 -12851 1 55 0
1801 12 500 742 -24 6 1 55 51
1802 12 742 500 -24 6 0 55 55
1803 8 609 0 -6 -12851 1 55 0
1804 8 742 0 -6 -12851 1 60 0
1805 8 742 0 -6 -12851 1 55 0
1806 8 500 0 -24 -12851 1 55 0
1807 12 742 609 -24 6 1 51 55
1808 8 742 0 24 -12851 1 60 0
1809 12 742 1100 -24 6 0 55 51
1810 12 742 903 -24 6 0 55 55
1811 8 500 0 -24 -12851 0 60 0
1812 8 500 0 -6 -12851 0 55 0
1813 12 742 1100 24 -6 1 55 51
1814 8 903 0 -6 -12851 0 60 0
1815 12 1100 742 24 -6 1 51 55
1816 8 609 0 -6 -12851 0 55 0
1817 8 609 0 24 -12851 1 60 0
1818 12 903 742 -24 6 1 51 51
1819 12 742 500 24 -6 0 55 55
1820 8 903 0 -24 -12851 0 60 0
1821 12 742 609 -24 6 1 51 51
1822 12 1100 742 -24 6 1 51 55
1823 8 903 0 -24 -12851 0 60 0
1824 12 742 1100 -24 6 0 51 55
1825 12 903 742 -24 6 0 51 55
1826 12 1100 742 24 -6 1 55 51
1827 8 1100 0 -24 -12851 0 55 0
1828 8 742 0 -6 -12851 1 55 0
1829 8 609 0 6 -12851 0 55 0
1830 12 742 903 24 -6 1 51 55
1831 12 742 903 -24 6 0 55 55
1832 12 742 609 24 -6 0 51 55
1833 12 742 903 24 -6 1 51 55
1834 8 1100 0 6 -12851 1 55 0
1835 8 1100 0 -6 -12851 0 55 0
1836 12 742 903 24 -6 0 51 55
1837 8 609 0 6 -12851 0 60 0
1838 12 742 609 -24 6 1 51 55
1839 8 609 0 -6 -12851 1 60 0
1840 12 742 1100 -24 6 1 55 51
1841 12 1100 742 -24 6 0 51 51
1842 8 742 0 -6 -12851 1 55 0
1843 8 1100 0 6 -12851 0 55 0
1844 8 903 0 24 -12851 1 60 0
1845 8 1100 0 6 -12851 1 55 0
1846 12 742 1100 -24 6 0 55 55
1847 12 903 742 -24 6 1 55 55
1848 8 500 0 -6 -12851 0 60 0
1849 8 742 0 6 -12851 1 60 0
1850 8 500 0 -24 -12851 0 60 0
1851 12 742 1100 24 -6 1 51 51
1852 12 609 742 -24 6 1 55 51
1853 8 1100 0 -24 -12851 0 60 0
1854 8 609 0 6 -12851 1 55 0
1855 8 500 0 -24 -12851 1 55 0
1856 12 742 1100 24 -6 0 55 55
1857 8 742 0 24 -12851 1 55 0
1858 12 609 742 -24 6 1 51 51
1859 8 903 0 -24 -12851 0 55 0
1860 8 609 0 24 -12851 0 60 0
1861 8 903 0 -24 -12851 0 60 0
1862 12 903 742 24 -6 1 55 51
1863 8 1100 0 -6 -12851 0 55 0
1864 12 742 1100 -24 6 0 51 51
1865 8 1100 0 -24 -12851 0 55 0
1866 8 609 0 -24 -12851 1 55 0
1867 8 609 0 -6 -12851 0 55 0
1868 8 742 0 6 -12851 0 60 0
1869 12 742 1100 -24 6 0 51 51
1870 8 1100 0 6 -12851 0 60 0
1871 12 742 609 24 -6 1 55 51
1872 8 742 0 -6 -12851 1 60 0
1873 12 742 903 24 -6 1 51 51
1874 12 742 1100 24 -6 0 51 55
1875 8 500 0 6 -12851 1 60 0
1876 8 609 0 24 -12851 0 60 0
1877 8 500 0 6 -12851 0 60 0
1878 12 742 609 24 -6 0 55 51
1879 8 903 0 -24 -12851 0 55 0
1880 8 903 0 24 -12851 0 55 0
1881 8 903 0 6 -12851 1 60 0
1882 12 1100 742 -24 6 0 55 51
1883 8 1100 0 -6 -12851 0 55 0
1884 12 742 609 -24 6 0 51 51
1885 8 742 0 24 -12851 0 55 0
1886 12 742 1100 24 -6 0 51 55
1887 12 1100 742 24 -6 0 51 55
1888 12 742 500 24 -6 0 55 55
1889 8 500 0 -24 -12851 0 60 0
1890 8 609 0 -24 -12851 1 55 0
1891 8 609 0 -6 -12851 0 60 0
1892 8 1100 0 6 -12851 1 55 0
1893 8 903 0 -6 -12851 0 55 0
1894 8 500 0 24 -12851 0 55 0
1895 12 742 500 -24 6 0 55 55
1896 12 742 500 -24 6 0 55 51
1897 12 742 609 -24 6 0 55 55
1898 12 609 742 24 -6 0 55 55
1899 8 500 0 -24 -12851 0 60 0
1900 12 1100 742 -24 6 0 55 55
1901 12 609 742 24 -6 0 51 55
1902 8 1100 0 6 -12851 0 60 0
1903 8 609 0 -24 -12851 0 55 0
1904 12 1100 742 24 -6 0 55 55
1905 8 1100 0 -24 -12851 0 55 0
1906 8 609 0 24 -12851 0 60 0
1907 8 742 0 24 -12851 1 55 0
1908 12 742 609 24 -6 0 55 55
1909 12 742 1100 24 -6 1 55 55
1910 12 742 903 24 -6 1 55 55
1911 8 903 0 -6 -12851 0 60 0
1912 8 500 0 -6 -12851 0 55 0
1913 8 742 0 24 -12851 1 60 0
1914 12 742 903 24 -6 0 55 51
1915 12 742 500 24 -6 1 51 51
1916 12 742 500 24 -6 0 51 51
1917 8 742 0 6 -12851 0 60 0
1918 8 903 0 24 -12851 0 55 0
1919 12 742 609 24 -6 0 55 51
1920 8 500 0 24 -12851 0 55 0
1921 12 742 500 24 -6 0 55 55
1922 12 500 742 -24 6 0 51 55
1923 8 500 0 -6 -12851 1 55 0
1924 8 1100 0 6 -12851 0 55 0
1925 12 742 500 24 -6 1 55 55
1926 12 742 609 -24 6 0 55 55
1927 12 742 500 -24 6 0 55 51
1928 8 742 0 -6 -12851 1 60 0
1929 12 742 1100 -24 6 1 51 55
1930 8 500 0 -6 -12851 0 55 0
1931 12 609 742 24 -6 1 51 51
1932 12 500 742 -24 6 0 51 51
1933 8 1100 0 6 -12851 0 55 0
1934 12 742 1100 24 -6 0 51 55
1935 12 742 903 -24 6 0 55 55
1936 8 609 0 6 -12851 1 60 0
1937 12 742 609 -24 6 0 51 51
1938 12 742 1100 24 -6 0 51 51
1939 8 742 0 -24 -12851 0 55 0
1940 8 903 0 6 -12851 0 60 0
1941 12 903 742 24 -6 0 55 55
1942 12 903 742 -24 6 0 55 51
1943 8 742 0 -24 -12851 0 60 0
1944 12 742 1100 -24 6 0 55 55
1945 12 609 742 -24 6 0 51 55
1946 12 1100 742 -24 6 0 55 55
1947 8 609 0 6 -12851 0 60 0
1948 12 742 500 -24 6 0 55 51
1949 8 609 0 24 -12851 0 55 0
1950 12 742 903 24 -6 0 51 55
1951 12 1100 742 -24 6 0 51 51
1952 12 609 742 24 -6 0 55 55
1953 12 609 742 24 -6 0 51 51
1954 12 742 903 24 -6 0 51 55
1955 12 903 742 24 -6 0 51 51
1956 12 1100 742 -24 6 0 51 51
1957 8 903 0 24 -12851 0 60 0
1958 8 903 0 24 -12851 0 60 0
1959 8 1100 0 -6 -12851 0 55 0
1960 8 500 0 6 -12851 0 60 0
1961 8 742 0 -24 -12851 0 60 0
1962 8 742 0 -6 -12851 0 55 0
1963 8 500 0 -24 -12851 0 60 0
1964 8 742 0 24 -12851 0 60 0
1965 12 742 609 24 -6 0 55 55
1966 8 903 0 6 -12851 0 60 0
1967 8 500 0 -6 -12851 0 55 0
1968 8 742 0 -24 -12851 0 60 0
1969 12 903 742 -24 6 0 51 51
1970 12 742 1100 24 -6 0 51 55
1971 8 1100 0 -24 -12851 0 60 0
1972 8 609 0 24 -12851 0 55 0
1973 8 500 0 24 -12851 0 55 0
1974 8 609 0 -24 -12851 0 60 0
1975 8 903 0 6 -12851 0 55 0
1976 12 500 742 24 -6 0 51 55
1977 12 742 903 -24 6 0 51 51
1978 12 742 500 -24 6 0 51 51
1979 8 1100 0 -24 -12851 0 55 0
1980 8 1100 0 24 -12851 0 60 0
1981 8 609 0 -24 -12851 0 55 0
1982 12 742 903 24 -6 0 55 55
1983 8 903 0 -6 -12851 0 60 0
1984 8 1100 0 6 -12851 0 55 0
1985 8 1100 0 -24 -12851 0 55 0
1986 12 742 903 24 -6 0 55 51
1987 12 742 609 -24 6 0 55 55
1988 12 742 903 24 -6 0 51 51
1989 8 1100 0 24 -12851 0 60 0
1990 12 1100 742 -24 6 0 55 51
1991 8 1100 0 -24 -12851 0 55 0
1992 8 609 0 6 -12851 0 60 0
1993 12 1100 742 24 -6 0 51 51
1994 8 742 0 24 -12851 0 60 0
1995 8 742 0 -24 -12851 0 55 0
1996 8 742 0 -24 -12851 0 60 0
1997 12 1100 742 -24 6 0 55 55
1998 8 903 0 -24 -12851 0 55 0
1999 8 903 0 -24 -12851 0 60 0
2000 8 500 0 -24 -12851 0 55 0
2001 12 742 1100 24 -6 0 55 55
2002 8 903 0 -24 -12851 0 55 0
2003 8 609 0 6 -12851 0 60 0
2004 8 500 0 6 -12851 0 60 0
2005 12 500 742 -24 6 0 51 55
2006 8 500 0 24 -12851 0 55 0
2007 12 742 609 -24 6 0 51 51
2008 12 1100 742 -24 6 0 51 55
2009 8 609 0 -24 -12851 0 55 0
2010 12 1100 742 -24 6 0 51 55
2011 12 609 742 24 -6 0 51 55
2012 8 500 0 6 -12851 0 55 0
2013 8 500 0 -24 -12851 0 60 0
2014 12 903 742 -24 6 0 55 55
2015 12 1100 742 -24 6 0 51 51
2016 8 1100 0 24 -12851 0 55 0
2017 8 500 0 24 -12851 0 55 0
2018 12 742 1100 -24 6 0 51 51
2019 8 742 0 -6 -12851 0 60 0
2020 8 500 0 -24 -12851 0 60 0
2021 12 742 903 24 -6 0 55 55
2022 8 903 0 -24 -12851 0 60 0
2023 12 742 903 -24 6 0 55 55
2024 12 742 1100 24 -6 0 51 51
2025 12 903 742 24 -6 0 51 55
2026 12 742 500 -24 6 0 51 51
2027 8 609 0 6 -12851 0 55 0
2028 12 1100 742 -24 6 0 55 51
2029 12 1100 742 -24 6 0 55 51
2030 8 609 0 24 -12851 0 55 0
2031 12 609 742 24 -6 0 55 55
2032 8 903 0 6 -12851 0 55 0
2033 8 903 0 6 -12851 0 60 0
2034 12 903 742 24 -6 0 51 51
2035 12 903 742 -24 6 0 55 51
2036 12 742 609 24 -6 0 51 51
2037 12 1100 742 -24 6 0 55 55
2038 8 742 0 -24 -12851 0 60 0
2039 12 1100 742 -24 6 0 51 55
2040 8 742 0 -6 -12851 0 55 0
2041 8 609 0 6 -12851 0 60 0
2042 8 1100 0 6 -12851 0 55 0
2043 8 1100 0 -6 -12851 0 60 0
2044 12 1100 742 -24 6 0 55 55
2045 8 1100 0 24 -12851 0 60 0
2046 12 742 609 -24 6 0 51 51
2047 12 742 903 -24 6 0 55 51
2048 12 609 742 -24 6 0 55 51
2049 12 500 742 -24 6 0 51 55
2050 8 1100 0 -6 -12851 0 60 0
2051 8 742 0 -6 -12851 0 60 0
2052 12 742 1100 24 -6 0 51 55
2053 12 742 609 24 -6 0 51 55
2054 12 500 742 -24 6 0 51 55
2055 12 742 500 24 -6 0 51 55
2056 8 1100 0 -6 -12851 0 60 0
2057 8 742 0 24 -12851 0 55 0
2058 8 1100 0 -6 -12851 0 55 0
2059 8 742 0 24 -12851 0 60 0
2060 8 609 0 6 -12851 0 55 0
2061 8 903 0 24 -12851 0 55 0
2062 8 903 0 24 -12851 0 60 0
2063 12 742 1100 24 -6 0 51 55
2064 12 1100 742 24 -6 0 51 51
2065 12 1100 742 -24 6 0 55 51
2066 12 500 742 24 -6 0 51 55
2067 12 742 903 24 -6 0 55 55
2068 8 500 0 24 -12851 0 55 0
2069 8 500 0 6 -12851 0 60 0
2070 12 500 742 24 -6 0 51 55
2071 8 500 0 24 -12851 0 55 0
2072 12 903 742 -24 6 0 51 55
